28.07
29.309
30.089
30.386
30.447
30.563
30.819
31.04
30.979
30.567
30.037
29.801
30.142
30.947
31.792
32.285
32.345
32.261
32.459
33.126
33.996
34.537
34.375
33.637
33.038
33.528
35.533
38.491
41.266
42.85
42.788
41.327
39.363
38.122
38.464
40.265
42.606
44.519
45.501
45.608
45.3
45.145
45.508
46.399
47.574
48.755
49.777
50.587
51.161
51.451
51.409
51.071
50.647
50.495
50.97
52.197
53.948
55.74
57.066
57.636
57.494
57.009
56.716
57.04
58.036
59.36
60.483
61.012
60.916
60.567
60.566
61.385
63.024
64.969
66.503
67.095
66.679
65.696
64.885
64.881
65.809
67.238
68.531
69.29
69.593
69.91
70.742
72.193
73.817
74.863
74.723
73.295
71.119
69.198
68.526
69.483
71.621
74.037
75.954
77.061
77.511
77.669
77.807
77.923
77.81
77.303
76.51
75.83
75.737
76.423
77.6
78.633
78.918
78.234
76.906
75.684
75.357
76.267
78.069
79.978
81.252
81.581
81.198
80.706
80.71
81.413
82.484
83.285
83.271
82.306
80.742
79.246
78.428
78.466
79.02
79.494
79.433
78.788
77.906
77.287
77.228
77.622
78.058
78.145
77.807
77.347
77.231
77.707
78.552
79.147
78.863
77.464
75.325
73.328
72.411
72.926
74.333
75.549
75.608
74.182
71.741
69.36
68.137
68.459
69.7
70.697
70.523
69.007
66.851
65.31
65.459
67.388
70.121
72.315
73.022
72.077
70.096
68.151
67.186
67.426
68.289
68.896
68.71
67.881
67.162
67.426
69.011
71.417
73.645
74.838
74.762
73.949
73.456
74.259
76.565
79.631
82.238
83.371
82.64
80.403
77.592
75.306
74.266
74.49
75.46
76.649
77.911
79.495
81.708
84.494
87.281
89.197
89.5
87.97
85.121
82.159
80.558
81.271
84.063
87.658
90.517
91.567
90.552
88.087
85.453
84.072
84.759
87.214
90.247
92.491
93.008
91.571
88.665
85.287
82.549
81.18
81.188
81.963
82.734
83.003
82.72
82.183
81.775
81.675
81.721
81.515
80.675
79.067
76.917
74.745
73.143
72.487
72.752
73.571
74.471
75.112
75.382
75.352
75.148
74.849
74.463
74.011
73.63
73.614
74.301
75.849
78.041
80.295
81.875
82.189
81.037
78.752
76.184
74.446
74.424
76.263
79.28
82.393
84.654
85.582
85.238
84.127
82.961
82.351
82.545
83.364
84.382
85.179
85.549
85.545
85.403
85.384
85.606
85.972
86.207
85.993
85.125
83.607
81.681
79.74
78.18
77.215
76.787
76.607
76.335
75.76
74.898
73.966
73.239
72.866
72.752
72.594
72.057
70.972
69.473
67.975
67.004
66.899
67.586
68.59
69.3
69.305
68.611
67.689
67.285
68.027
70.012
72.708
75.253
76.903
77.347
76.81
75.945
75.509
75.949
77.132
78.451
79.211
79.012
77.936
76.485
75.308
74.832
75.02
75.455
75.688
75.57
75.366
75.583
76.589
78.267
79.991
80.93
80.448
78.402
75.246
71.915
69.464
68.526
68.936
69.878
70.437
70.098
68.961
67.661
67.027
67.578
69.153
70.996
72.195
72.139
70.793
68.753
67.073
66.792
68.307
71.073
73.926
75.696
75.665
73.781
70.693
67.616
65.916
66.426
68.931
72.36
75.469
77.395
77.86
77.147
75.914
74.904
74.6
75.007
75.692
76.054
75.624
74.248
72.136
69.779
67.773
66.574
66.308
66.742
67.445
68.003
68.182
67.966
67.515
67.052
66.748
66.655
66.703
66.776
66.81
66.845
67.021
67.497
68.341
69.455
70.595
71.469
71.885
71.855
71.642
71.675
72.367
73.88
75.998
78.193
79.845
80.478
79.937
78.466
76.66
75.295
75.001
75.944
77.712
79.508
80.494
80.071
78.046
74.694
70.727
67.163
65.009
64.804
66.307
68.646
70.784
71.931
71.746
70.388
68.459
66.817
66.237
67.016
68.794
70.759
72.061
72.164
71.037
69.187
67.529
67.026
68.195
70.791
73.968
76.743
78.397
78.643
77.629
75.806
73.722
71.799
70.201
68.849
67.593
66.401
65.453
65.074
65.53
66.821
68.61
70.352
71.519
71.799
71.2
70.068
68.979
68.522
69.038
70.444
72.3
74.043
75.254
75.809
75.891
75.873
76.11
76.737
77.589
78.296
78.49
77.993
76.913
75.601
74.499
73.925
73.912
74.204
74.413
74.217
73.504
72.406
71.222
70.283
69.791
69.742
69.943
70.135
70.122
69.857
69.459
69.151
69.154
69.579
70.367
71.319
72.183
72.757
72.958
72.842
72.568
72.327
72.265
72.425
72.735
73.043
73.17
72.97
72.373
71.409
70.213
69.001
68.018
67.459
67.388
67.703
68.157
68.44
68.293
67.593
66.424
65.076
63.988
63.584
64.072
65.298
66.781
67.91
68.195
67.471
66.014
64.53
63.936
64.925
67.524
71.032
74.386
76.605
77.076
75.651
72.645
68.722
64.725
61.406
59.174
57.974
57.421
57.084
56.715
56.329
56.137
56.392
57.219
58.524
60.011
61.298
62.065
62.158
61.653
60.846
60.168
60.021
60.6
61.794
63.252
64.552
65.371
65.586
65.285
64.705
64.122
63.74
63.613
63.645
63.646
63.422
62.837
61.85
60.519
58.987
57.455
56.154
55.298
55.036
55.394
56.259
57.389
58.478
59.231
59.448
59.076
58.24
57.221
56.374
55.992
56.171
56.752
57.389
57.7
57.405
56.422
54.879
53.079
51.401
50.164
49.513
49.366
49.484
49.595
49.513
49.215
48.835
48.612
48.771
49.404
50.401
51.481
52.306
52.605
52.272
51.407
50.286
49.282
48.718
48.728
49.202
49.85
50.339
50.416
49.977
49.076
47.889
46.658
45.611
44.9
44.555
44.5
44.594
44.702
44.753
44.766
44.844
45.14
45.781
46.797
48.086
49.431
50.562
51.236
51.296
50.714
49.601
48.184
46.752
45.582
44.847
44.561
44.591
44.721
44.744
44.529
44.062
43.451
42.895
42.622
42.797
43.451
44.444
45.521
46.391
46.818
46.678
45.979
44.848
43.495
42.152
41.013
40.192
39.715
39.546
39.629
39.916
40.372
40.958
41.612
42.244
42.742
43.002
42.953
42.591
41.992
41.299
40.685
40.301
40.208
40.364
40.646
40.911
41.06
41.061
40.95
40.797
40.66
40.558
40.466
40.341
40.153
39.914
39.691
39.583
39.683
40.023
40.535
41.06
41.392
41.356
40.891
40.107
39.29
38.826
39.037
39.994
41.443
42.912
43.901
44.036
43.154
41.33
38.875
36.306
34.251
33.27
33.588
34.968
36.852
38.644
39.895
40.392
40.175
39.512
38.822
38.524
38.837
39.675
40.687
41.444
41.601
41.005
39.711
37.967
36.145
34.658
33.833
33.804
34.477
35.598
36.868
38.042
38.973
39.628
40.063
40.38
40.673
40.978
41.251
41.389
41.279
40.847
40.095
39.102
38.011
36.986
36.171
35.656
35.46
35.543
35.828
36.229
36.663
37.064
37.39
37.625
37.783
37.912
38.078
38.353
38.782
39.362
40.026
40.654
41.106
41.261
41.054
40.499
39.699
38.837
38.143
37.845
38.103
38.945
40.253
41.791
43.27
44.421
45.051
45.08
44.555
43.642
42.578
41.615
40.932
40.587
40.512
40.564
40.599
40.521
40.317
40.049
39.837
39.82
40.116
40.778
41.768
42.958
44.161
45.172
45.822
46.009
45.714
45.008
44.031
42.962
41.979
41.217
40.738
40.527
40.512
40.591
40.662
40.647
40.498
40.21
39.818
39.404
39.077
38.947
39.076
39.446
39.943
40.389
40.596
40.425
39.827
38.861
37.685
36.526
35.629
35.185
35.28
35.866
36.781
37.793
38.666
39.206
39.303
38.965
38.319
37.593
37.044
36.862
37.082
37.571
38.082
38.366
38.247
37.666
36.684
35.458
34.199
33.126
32.413
32.152
32.332
32.859
33.59
34.38
35.113
35.723
36.187
36.518
36.748
36.902
36.995
37.029
37.002
36.917
36.793
36.661
36.552
36.482
36.44
36.382
36.244
35.956
35.474
34.792
33.957
33.061
32.221
31.55
31.12
30.944
30.973
31.117
31.273
31.356
31.319
31.164
30.945
30.753
30.689
30.825
31.166
31.65
32.158
32.562
32.763
32.721
32.46
32.067
31.664
31.38
31.311
31.488
31.865
32.329
32.732
32.933
32.832
32.391
31.647
30.699
29.689
28.762
28.03
27.546
27.3
27.243
27.31
27.447
27.615
27.79
27.954
28.089
28.175
28.19
28.123
27.978
27.78
27.578
27.431
27.393
27.487
27.7
27.974
28.228
28.375
28.347
28.111
27.681
27.121
26.549
26.11
25.946
26.141
26.682
27.458
28.297
29.025
29.506
29.668
29.508
29.085
28.5
27.872
27.322
26.938
26.762
26.775
26.91
27.072
27.173
27.157
27.015
26.781
26.519
26.294
26.152
26.106
26.133
26.191
26.227
26.201
26.09
25.905
25.692
25.527
25.496
25.66
26.026
26.532
27.067
27.506
27.75
27.75
27.51
27.083
26.555
26.022
25.571
25.268
25.141
25.182
25.352
25.592
25.843
26.05
26.18
26.215
26.151
25.992
25.749
25.44
25.085
24.715
24.363
24.07
23.877
23.82
23.92
24.167
24.516
24.881
25.156
25.237
25.053
24.581
23.855
22.967
22.044
21.23
20.663
20.445
20.626
21.185
22.034
23.038
24.039
24.894
25.499
25.803
25.81
25.573
25.174
24.703
24.244
23.863
23.604
23.49
23.53
23.718
24.04
24.478
25.011
25.609
26.223
26.781
27.192
27.367
27.235
26.769
25.998
25.002
23.909
22.864
22.013
21.469
21.295
21.483
21.962
22.604
23.262
23.796
24.1
24.129
23.896
23.474
22.966
22.483
22.106
21.871
21.769
21.757
21.781
21.789
21.741
21.621
21.434
21.215
21.017
20.902
20.918
21.081
21.366
21.723
22.089
22.415
22.671
22.851
22.97
23.055
23.14
23.257
23.433
23.677
23.979
24.31
24.626
24.884
25.051
25.11
25.067
24.942
24.764
24.561
24.354
24.148
23.936
23.701
23.421
23.084
22.693
22.283
21.92
21.689
21.664
21.872
22.272
22.763
23.216
23.516
23.592
23.43
23.07
22.591
22.09
21.664
21.4
21.364
21.598
22.105
22.839
23.71
24.591
25.353
25.887
26.127
26.057
25.714
25.17
24.519
23.858
23.27
22.811
22.505
22.35
22.319
22.378
22.49
22.631
22.786
22.946
23.108
23.266
23.404
23.502
23.542
23.509
23.4
23.227
23.019
22.82
22.685
22.668
22.808
23.121
23.589
24.163
24.775
25.351
25.823
26.137
26.268
26.218
26.021
25.74
25.455
25.248
25.181
25.279
25.521
25.853
26.197
26.476
26.621
26.587
26.355
25.936
25.371
24.73
24.102
23.574
23.211
23.041
23.05
23.19
23.402
23.629
23.83
23.99
24.116
24.238
24.397
24.633
24.967
25.393
25.874
26.355
26.78
27.111
27.333
27.458
27.521
27.576
27.685
27.908
28.295
28.865
29.597
30.428
31.267
32.014
32.579
32.905
32.965
32.768
32.351
31.782
31.147
30.554
30.116
29.925
30.035
30.434
31.053
31.784
32.512
33.134
33.572
33.775
33.718
33.401
32.851
32.125
31.305
30.481
29.738
29.129
28.674
28.362
28.175
28.103
28.149
28.326
28.642
29.087
29.637
30.257
30.91
31.557
32.157
32.667
33.047
33.267
33.318
33.22
33.021
32.784
32.576
32.45
32.433
32.526
32.706
32.934
33.164
33.353
33.472
33.515
33.503
33.482
33.512
33.646
33.917
34.319
34.813
35.332
35.797
36.124
36.242
36.103
35.687
35.019
34.17
33.254
32.414
31.795
31.515
31.636
32.157
33.012
34.095
35.27
36.393
37.324
37.946
38.186
38.031
37.533
36.811
36.025
35.348
34.918
34.807
35.004
35.425
35.945
36.434
36.778
36.897
36.757
36.371
35.797
35.142
34.541
34.143
34.081
34.438
35.217
36.337
37.648
38.963
40.098
40.906
41.301
41.268
40.867
40.222
39.495
38.863
38.481
38.456
38.829
39.566
40.573
41.708
42.813
43.738
44.362
44.614
44.474
43.977
43.201
42.248
41.232
40.254
39.399
38.721
38.249
37.988
37.921
38.021
38.249
38.562
38.915
39.262
39.566
39.794
39.929
39.961
39.894
39.741
39.523
39.272
39.032
38.85
38.77
38.817
38.985
39.234
39.502
39.722
39.848
39.865
39.799
39.703
39.639
39.66
39.798
40.057
40.419
40.855
41.327
41.799
42.236
42.608
42.895
43.087
43.19
43.223
43.22
43.219
43.258
43.36
43.53
43.747
43.972
44.154
44.244
44.207
44.025
43.707
43.277
42.778
42.261
41.781
41.392
41.145
41.078
41.217
41.566
42.103
42.782
43.538
44.292
44.966
45.493
45.833
45.975
45.946
45.801
45.615
45.464
45.412
45.496
45.717
46.044
46.427
46.809
47.144
47.407
47.601
47.748
47.884
48.042
48.242
48.481
48.737
48.972
49.139
49.192
49.103
48.875
48.56
48.256
48.094
48.192
48.604
49.28
50.064
50.74
51.088
50.95
50.261
49.064
47.501
45.788
44.186
42.957
42.317
42.382
43.131
44.406
45.956
47.495
48.769
49.6
49.912
49.737
49.209
48.535
47.945
47.638
47.72
48.174
48.863
49.583
50.117
50.293
50.02
49.299
48.221
46.94
45.64
44.496
43.645
43.164
43.076
43.354
43.937
44.744
45.681
46.652
47.575
48.387
49.056
49.58
49.987
50.319
50.62
50.924
51.236
51.53
51.75
51.824
51.675
51.249
50.52
49.504
48.262
46.9
45.567
44.437
43.687
43.451
43.771
44.573
45.674
46.834
47.81
48.416
48.555
48.239
47.59
46.828
46.226
46.041
46.428
47.379
48.715
50.146
51.356
52.083
52.168
51.581
50.421
48.898
47.293
45.908
45
44.715
45.06
45.91
47.058
48.283
49.394
50.265
50.848
51.17
51.311
51.375
51.456
51.607
51.825
52.059
52.233
52.273
52.13
51.792
51.291
50.69
50.076
49.545
49.182
49.048
49.163
49.499
49.988
50.528
51.003
51.306
51.355
51.107
50.576
49.829
48.988
48.215
47.684
47.542
47.865
48.626
49.694
50.856
51.869
52.505
52.597
52.061
50.921
49.304
47.433
45.601
44.117
43.242
43.114
43.712
44.873
46.348
47.878
49.236
50.257
50.847
50.985
50.715
50.136
49.386
48.614
47.957
47.509
47.309
47.339
47.541
47.848
48.199
48.564
48.942
49.355
49.823
50.341
50.866
51.309
51.551
51.472
50.985
50.071
48.801
47.343
45.949
44.905
44.46
44.741
45.7
47.127
48.712
50.125
51.084
51.408
51.048
50.112
48.859
47.656
46.886
46.807
47.444
48.581
49.86
50.925
51.523
51.543
51.015
50.073
48.903
47.692
46.584
45.664
44.956
44.453
44.147
44.053
44.216
44.686
45.48
46.542
47.739
48.883
49.786
50.316
50.44
50.239
49.895
49.638
49.677
50.12
50.925
51.904
52.783
53.286
53.215
52.524
51.352
50.021
48.957
48.534
48.889
49.838
50.953
51.755
51.888
51.219
49.861
48.126
46.432
45.167
44.553
44.575
45.015
45.564
45.944
45.982
45.663
45.139
44.707
44.716
45.42
46.83
48.676
50.514
51.905
52.564
52.449
51.781
50.985
50.549
50.816
51.816
53.247
54.618
55.433
55.349
54.252
52.296
49.901
47.695
46.355
46.33
47.6
49.681
51.877
53.561
54.325
54.031
52.787
50.888
48.72
46.653
44.939
43.651
42.711
41.978
41.35
40.834
40.557
40.71
41.45
42.784
44.533
46.375
47.952
48.986
49.361
49.165
48.679
48.293
48.353
48.999
50.084
51.237
52.02
52.089
51.296
49.734
47.739
45.826
44.546
44.273
45.01
46.386
47.831
48.809
48.969
48.229
46.79
45.105
43.77
43.314
43.942
45.426
47.232
48.773
49.602
49.516
48.568
47.052
45.431
44.217
43.785
44.208
45.227
46.378
47.191
47.337
46.71
45.449
43.917
42.606
41.972
42.231
43.249
44.618
45.853
46.565
46.562
45.867
44.697
43.402
42.364
41.871
42.012
42.658
43.543
44.379
44.952
45.158
45
44.539
43.854
43.005
42.033
40.983
39.955
39.129
38.732
38.954
39.826
41.167
42.632
43.825
44.417
44.234
43.3
41.855
40.335
39.282
39.153
40.1
41.863
43.909
45.66
46.696
46.862
46.309
45.467
44.912
45.119
46.193
47.794
49.304
50.112
49.821
48.362
46.02
43.4
41.287
40.357
40.826
42.323
44.132
45.551
46.121
45.694
44.435
42.766
41.253
40.399
40.405
41.067
41.906
42.432
42.366
41.739
40.877
40.266
40.31
41.077
42.238
43.241
43.564
42.9
41.253
38.955
36.625
35.021
34.729
35.824
37.834
40.047
41.845
42.864
43.044
42.608
42.005
41.765
42.283
43.614
45.436
47.213
48.412
48.663
47.843
46.093
43.799
41.522
39.856
39.21
39.626
40.77
42.121
43.189
43.628
43.283
42.177
40.501
38.577
36.824
35.657
35.351
35.92
37.096
38.455
39.576
40.152
40.054
39.35
38.293
37.255
36.616
36.603
37.182
38.092
38.974
39.533
39.624
39.28
38.679
38.076
37.698
37.655
37.9
38.264
38.533
38.535
38.189
37.524
36.667
35.808
35.143
34.815
34.869
35.24
35.794
36.377
36.861
37.172
37.293
37.251
37.102
36.909
36.717
36.532
36.32
36.004
35.493
34.703
33.596
32.196
30.612
29.03
27.696
26.862
26.71
27.289
28.499
30.144
32.002
33.866
35.559
36.932
37.864
38.271
38.127
37.487
36.518
35.495
34.756
34.596
35.132
36.24
37.618
38.927
39.921
40.503
40.726
40.729
40.651
40.548
40.359
39.949
39.193
38.058
36.661
35.262
34.179
33.651
33.701
34.11
34.529
34.655
34.361
33.766
33.212
33.138
33.847
35.297
37.107
38.749
39.784
40.012
39.531
38.712
38.065
38.003
38.612
39.597
40.466
40.787
40.366
39.307
37.974
36.848
36.309
36.438
36.991
37.567
37.826
37.622
37.028
36.27
35.615
35.236
35.145
35.226
35.342
35.448
35.623
36.013
36.71
37.641
38.562
39.156
39.189
38.631
37.724
36.936
36.777
37.514
38.983
40.681
42.043
42.68
42.484
41.633
40.492
39.449
38.733
38.317
37.984
37.498
36.778
35.953
35.313
35.137
35.502
36.204
36.858
37.09
36.702
35.755
34.57
33.626
33.344
33.843
34.861
35.917
36.581
36.657
36.245
35.681
35.364
35.522
36.055
36.607
36.795
36.446
35.725
35.105
35.149
36.143
37.857
39.66
40.858
40.974
39.891
37.89
35.601
33.828
33.199
33.783
35.06
36.293
36.906
36.645
35.601
34.14
32.791
32.05
32.169
33.042
34.31
35.554
36.445
36.785
36.491
35.576
34.135
32.369
30.613
29.345
29.07
30.051
32.104
34.67
37.087
38.818
39.568
39.33
38.373
37.168
36.211
35.792
35.834
35.957
35.72
34.862
33.441
31.842
30.64
30.298
30.847
31.856
32.72
32.999
32.591
31.766
31.049
30.959
31.657
32.811
33.787
33.988
33.089
31.172
28.78
26.853
26.363
27.599
29.888
32.173
33.644
33.991
33.431
32.609
32.322
33.026
34.498
36.015
36.849
36.654
35.637
34.507
34.163
35.081
36.906
38.709
39.601
39.156
37.581
35.694
34.62
35.105
36.9
38.977
40.281
40.254
38.995
37.217
35.961
36.008
37.29
38.949
39.972
39.706
38.068
35.541
33.038
31.527
31.439
32.348
33.362
33.748
33.258
32.162
31.097
30.719
31.276
32.435
33.564
34.148
34.03
33.443
32.873
32.791
33.363
34.394
35.531
36.543
37.433
38.355
39.405
40.449
41.137
41.1
40.201
38.724
37.395
37.099
38.301
40.634
43.158
44.946
45.475
44.749
43.233
41.629
40.521
40.056
39.928
39.706
39.196
38.602
38.374
38.843
39.891
40.958
41.378
40.729
39.034
36.788
34.795
33.771
33.859
34.528
34.989
34.686
33.543
31.973
30.708
30.407
31.214
32.67
34.083
34.933
35.044
34.562
33.833
33.208
32.868
32.76
32.691
32.497
32.166
31.842
31.729
31.943
32.416
32.931
33.247
33.238
32.965
32.661
32.63
33.072
33.942
34.954
35.707
35.87
35.325
34.254
33.15
32.679
33.333
35.073
37.315
39.279
40.342
40.24
39.134
37.567
36.28
35.863
36.407
37.498
38.564
39.238
39.483
39.496
39.484
39.451
39.178
38.409
37.119
35.692
34.854
35.246
36.857
38.927
40.439
40.643
39.349
37.031
34.739
33.682
34.408
36.325
38.233
39.15
38.695
37.136
35.236
33.9
33.642
34.241
34.975
35.17
34.561
33.354
32.095
31.372
31.466
32.201
33.128
33.835
34.104
33.912
33.341
32.501
31.511
30.542
29.84
29.67
30.149
31.115
32.188
32.971
33.266
33.174
33.049
33.288
34.045
35.095
35.974
36.272
35.863
34.98
34.12
33.774
34.112
34.885
35.647
36.07
36.113
35.985
35.946
36.092
36.287
36.299
36.024
35.635
35.517
36.02
37.172
38.627
39.896
40.639
40.81
40.632
40.414
40.334
40.333
40.22
39.883
39.453
39.289
39.747
40.904
42.455
43.892
44.774
44.908
44.366
43.403
42.316
41.338
40.607
40.197
40.134
40.368
40.725
40.935
40.759
40.145
39.313
38.682
38.613
39.125
39.851
40.308
40.241
39.819
39.546
39.893
40.85
41.82
41.968
40.702
38.017
34.674
32.121
31.792
33.855
37.029
39.774
41.14
40.929
39.563
37.852
36.632
36.351
36.892
37.775
38.503
38.75
38.351
37.259
35.536
33.408
31.323
29.874
29.5
30.141
31.243
32.164
32.556
32.504
32.418
32.708
33.43
34.184
34.372
33.55
31.668
29.146
26.782
25.416
25.386
26.288
27.395
28.202
28.604
28.793
29.031
29.429
29.875
30.126
29.962
29.301
28.237
27.017
25.979
25.434
25.508
26.039
26.637
26.863
26.429
25.343
23.976
22.997
23.017
24.094
25.636
26.852
27.192
26.534
25.181
23.727
22.739
22.358
22.186
21.617
20.259
18.183
16.025
14.864
15.486
17.462
19.668
21.207
21.636
20.915
19.345
17.532
16.276
16.18
17.143
18.44
19.297
19.237
