56.772
59.585
61.645
62.649
62.827
62.672
62.554
62.493
62.256
61.692
60.996
60.666
61.139
62.382
63.851
64.872
65.119
64.826
64.611
64.977
65.854
66.62
66.644
65.918
65.348
66.367
69.826
75.076
80.282
83.524
83.668
80.811
76.37
72.723
72.043
74.709
79.075
82.932
84.893
84.845
83.745
82.99
83.555
85.427
87.806
89.821
91.08
91.732
92.15
92.526
92.704
92.401
91.612
90.86
91.035
92.794
95.956
99.481
102.06
102.83
101.81
99.917
98.57
98.845
100.77
103.34
105.24
105.68
104.78
103.53
103.19
104.48
107.11
109.93
111.74
111.89
110.62
108.87
107.8
108.1
109.57
111.37
112.61
112.92
112.65
112.62
113.52
115.39
117.45
118.58
117.89
115.27
111.53
108.14
106.61
107.59
110.48
113.9
116.58
117.88
117.95
117.36
116.7
116.19
115.63
114.71
113.4
112.09
111.42
111.76
112.86
113.9
113.97
112.67
110.35
108.1
107.11
107.96
110.14
112.42
113.64
113.35
111.97
110.54
110.05
110.8
112.17
113.08
112.7
110.87
108.2
105.68
104.13
103.7
103.85
103.78
103.05
101.78
100.53
99.839
99.866
100.23
100.33
99.785
98.724
97.681
97.226
97.506
98.073
98.139
97.087
94.871
92.128
89.903
89.052
89.64
90.856
91.533
90.822
88.604
85.54
82.755
81.215
81.103
81.711
81.969
81.131
79.2
76.94
75.491
75.666
77.355
79.59
81.176
81.327
79.974
77.729
75.569
74.302
74.099
74.453
74.622
74.17
73.258
72.554
72.785
74.193
76.288
78.163
79.05
78.756
77.796
77.162
77.76
79.775
82.494
84.742
85.527
84.471
81.933
78.855
76.333
75.067
75.017
75.614
76.317
77.046
78.186
80.169
82.966
85.88
87.839
87.926
85.844
82.172
78.336
76.12
76.666
79.611
83.353
86.106
86.752
85.177
82.245
79.485
78.404
79.613
82.458
85.524
87.475
87.586
85.873
82.982
79.906
77.572
76.445
76.371
76.791
77.136
77.109
76.748
76.302
76.017
75.953
75.93
75.636
74.8
73.35
71.473
69.563
68.076
67.329
67.355
67.915
68.635
69.186
69.393
69.247
68.849
68.326
67.788
67.327
67.057
67.149
67.782
69.038
70.771
72.586
73.94
74.342
73.557
71.761
69.586
67.979
67.818
69.409
72.26
75.367
77.73
78.736
78.322
76.946
75.394
74.436
74.456
75.287
76.376
77.151
77.321
76.977
76.488
76.26
76.475
76.969
77.33
77.126
76.132
74.434
72.396
70.499
69.121
68.357
68.005
67.724
67.241
66.495
65.638
64.922
64.533
64.456
64.475
64.292
63.701
62.704
61.545
60.606
60.22
60.476
61.151
61.825
62.11
61.851
61.223
60.694
60.815
61.917
63.892
66.226
68.272
69.543
69.899
69.591
69.137
69.07
69.647
70.696
71.732
72.234
71.922
70.882
69.53
68.4
67.866
67.946
68.336
68.666
68.757
68.736
68.937
69.631
70.768
71.916
72.451
71.856
69.976
67.135
64.083
61.73
60.703
60.972
61.885
62.602
62.549
61.652
60.33
59.266
59.025
59.69
60.8
61.64
61.641
60.67
59.123
57.803
57.549
58.716
60.889
63.111
64.386
64.085
62.16
59.188
56.271
54.65
55.061
57.239
60.153
62.669
64.056
64.144
63.269
62.083
61.244
61.105
61.55
62.112
62.256
61.627
60.18
58.165
56.032
54.261
53.182
52.862
53.116
53.643
54.165
54.514
54.639
54.58
54.41
54.201
53.998
53.825
53.698
53.64
53.695
53.908
54.302
54.846
55.444
55.953
56.224
56.171
55.833
55.394
55.16
55.441
56.398
57.917
59.621
61.008
61.631
61.264
59.992
58.223
56.595
55.732
55.933
56.979
58.233
58.951
58.575
56.906
54.17
50.999
48.292
46.893
47.15
48.692
50.681
52.268
52.905
52.456
51.186
49.671
48.593
48.45
49.28
50.654
51.92
52.511
52.161
50.985
49.46
48.29
48.11
49.151
51.105
53.316
55.113
56.043
55.959
55.004
53.509
51.865
50.369
49.135
48.106
47.165
46.265
45.5
45.08
45.211
45.942
47.101
48.348
49.316
49.75
49.596
49.024
48.377
48.048
48.304
49.155
50.352
51.522
52.347
52.695
52.656
52.489
52.488
52.817
53.416
54.027
54.334
54.125
53.397
52.367
51.389
50.795
50.724
51.049
51.455
51.605
51.297
50.538
49.541
48.626
48.092
48.065
48.456
49.008
49.442
49.573
49.386
49.026
48.735
48.739
49.132
49.831
50.62
51.255
51.576
51.562
51.335
51.094
51.02
51.187
51.525
51.859
51.994
51.798
51.253
50.464
49.62
48.933
48.564
48.564
48.86
49.285
49.643
49.763
49.553
49.024
48.293
47.572
47.105
47.089
47.575
48.424
49.339
49.976
50.062
49.515
48.506
47.462
46.955
47.451
49.041
51.354
53.733
55.517
56.237
55.719
54.088
51.722
49.14
46.847
45.164
44.131
43.562
43.197
42.873
42.594
42.509
42.806
43.588
44.78
46.141
47.351
48.127
48.318
47.965
47.307
46.718
46.577
47.093
48.198
49.581
50.846
51.673
51.929
51.689
51.192
50.74
50.571
50.761
51.206
51.686
51.967
51.887
51.399
50.571
49.565
48.59
47.859
47.531
47.682
48.284
49.215
50.29
51.298
52.048
52.407
52.335
51.904
51.293
50.746
50.487
50.623
51.082
51.636
51.986
51.873
51.171
49.925
48.35
46.777
45.552
44.912
44.892
45.325
45.932
46.451
46.743
46.829
46.873
47.106
47.699
48.66
49.796
50.792
51.331
51.222
50.479
49.337
48.19
47.454
47.385
47.951
48.86
49.708
50.151
50.014
49.318
48.253
47.108
46.17
45.628
45.507
45.681
45.949
46.138
46.177
46.142
46.228
46.668
47.612
49.028
50.687
52.242
53.345
53.753
53.387
52.348
50.887
49.339
48.025
47.151
46.751
46.7
46.791
46.827
46.685
46.343
45.87
45.401
45.091
45.064
45.374
45.983
46.772
47.576
48.222
48.565
48.51
48.026
47.146
45.963
44.624
43.31
42.209
41.487
41.241
41.482
42.127
43.029
44.01
44.904
45.576
45.943
45.979
45.712
45.22
44.611
43.996
43.467
43.071
42.809
42.645
42.53
42.422
42.3
42.158
41.998
41.818
41.606
41.346
41.032
40.676
40.317
40.014
39.823
39.777
39.855
39.98
40.022
39.838
39.318
38.433
37.278
36.082
35.173
34.869
35.324
36.422
37.816
39.065
39.778
39.705
38.769
37.082
34.924
32.723
30.985
30.153
30.417
31.607
33.286
34.955
36.211
36.826
36.776
36.232
35.516
35.001
34.959
35.434
36.224
36.987
37.396
37.244
36.493
35.275
33.851
32.557
31.709
31.504
31.95
32.877
34.023
35.129
36.011
36.586
36.872
36.955
36.947
36.926
36.901
36.813
36.564
36.074
35.316
34.34
33.263
32.238
31.406
30.855
30.597
30.571
30.678
30.811
30.888
30.87
30.763
30.615
30.497
30.48
30.606
30.874
31.238
31.622
31.946
32.144
32.173
32.023
31.709
31.273
30.78
30.315
29.971
29.843
29.998
30.46
31.184
32.064
32.945
33.66
34.06
34.055
33.626
32.844
31.851
30.831
29.965
29.369
29.061
28.969
28.97
28.946
28.822
28.588
28.294
28.035
27.92
28.032
28.392
28.939
29.544
30.043
30.29
30.191
29.731
28.976
28.061
27.154
26.413
25.935
25.734
25.746
25.864
25.978
26.007
25.909
25.685
25.37
25.024
24.719
24.513
24.433
24.465
24.554
24.622
24.589
24.396
24.019
23.473
22.811
22.112
21.471
20.977
20.697
20.659
20.844
21.188
21.593
21.951
22.162
22.153
21.902
21.438
20.85
20.258
19.787
19.519
19.459
19.54
19.647
19.67
19.53
19.199
18.701
18.102
17.499
17.002
16.703
16.654
16.846
17.209
17.64
18.035
18.314
18.438
18.411
18.273
18.085
17.908
17.784
17.729
17.73
17.755
17.769
17.739
17.647
17.487
17.262
16.979
16.645
16.264
15.838
15.378
14.901
14.437
14.022
13.692
13.474
13.374
13.379
13.456
13.564
13.66
13.715
13.714
13.667
13.598
13.545
13.538
13.591
13.694
13.815
13.918
13.97
13.957
13.891
13.8
13.726
13.709
13.773
13.911
14.085
14.238
14.304
14.232
14.003
13.631
13.167
12.685
12.262
11.953
11.773
11.7
11.685
11.677
11.636
11.545
11.404
11.228
11.041
10.867
10.724
10.612
10.521
10.429
10.313
10.162
9.9796
9.784
9.6007
9.4537
9.3559
9.3045
9.2823
9.264
9.2244
9.1483
9.0369
8.9114
8.8096
8.7738
8.8329
8.9875
9.2065
9.4392
9.6333
9.7488
9.7655
9.6836
9.5212
9.3116
9.0999
8.9368
8.8667
8.9107
9.0555
9.2546
9.446
9.5736
9.605
9.5388
9.4017
9.2379
9.0938
9.0026
8.9764
9.0051
9.064
9.1222
9.1515
9.1334
9.0649
8.9616
8.854
8.7778
8.7576
8.7936
8.86
8.9162
8.9236
8.8607
8.7286
8.5502
8.3624
8.2075
8.1233
8.1345
8.2471
8.4454
8.696
8.956
9.1841
9.35
9.4395
9.4548
9.41
9.3243
9.2152
9.0953
8.9721
8.8497
8.7322
8.6256
8.5395
8.4862
8.4783
8.5214
8.6075
8.7102
8.7882
8.796
8.6969
8.4752
8.1421
7.7345
7.3089
6.931
6.6636
6.5552
6.6302
6.8809
7.2677
7.7257
8.1798
8.56
8.8153
8.9226
8.8892
8.7487
8.5521
8.3552
8.2071
8.1432
8.1825
8.3294
8.5763
8.9072
9.3019
9.7408
10.206
10.682
11.145
11.566
11.905
12.121
12.184
12.081
11.825
11.457
11.038
10.645
10.35
10.209
10.254
10.476
10.835
11.264
11.685
12.029
12.244
12.309
12.235
12.062
11.848
11.649
11.511
11.455
11.473
11.543
11.631
11.703
11.732
11.705
11.627
11.521
11.428
11.396
11.46
11.637
11.908
12.235
12.568
12.863
13.087
13.225
13.28
13.265
13.206
13.131
13.068
13.037
13.046
13.094
13.166
13.246
13.322
13.384
13.434
13.476
13.518
13.566
13.619
13.67
13.707
13.715
13.682
13.603
13.49
13.371
13.288
13.289
13.407
13.651
13.992
14.373
14.725
14.986
15.117
15.106
14.969
14.745
14.485
14.247
14.085
14.04
14.138
14.379
14.735
15.156
15.575
15.925
16.148
16.21
16.1
15.837
15.457
15.012
14.558
14.146
13.817
13.595
13.492
13.505
13.621
13.822
14.092
14.412
14.767
15.14
15.514
15.866
16.175
16.422
16.594
16.691
16.725
16.724
16.727
16.779
16.922
17.183
17.568
18.056
18.6
19.144
19.625
19.99
20.201
20.244
20.132
19.901
19.609
19.321
19.099
18.984
18.994
19.113
19.307
19.526
19.723
19.853
19.884
19.8
19.602
19.31
18.962
18.609
18.303
18.088
17.99
18.011
18.134
18.33
18.565
18.812
19.051
19.278
19.497
19.719
19.955
20.21
20.476
20.737
20.971
21.155
21.276
21.333
21.34
21.324
21.322
21.379
21.538
21.825
22.246
22.777
23.37
23.962
24.49
24.899
25.15
25.223
25.114
24.841
24.442
23.977
23.525
23.171
22.99
23.024
23.273
23.695
24.225
24.79
25.322
25.76
26.056
26.173
26.092
25.816
25.375
24.824
24.231
23.665
23.18
22.808
22.562
22.444
22.454
22.59
22.849
23.217
23.671
24.18
24.718
25.262
25.795
26.303
26.767
27.171
27.495
27.73
27.879
27.957
27.988
27.999
28.009
28.031
28.066
28.108
28.145
28.168
28.167
28.143
28.106
28.075
28.079
28.145
28.291
28.516
28.799
29.101
29.375
29.571
29.65
29.585
29.366
29.003
28.533
28.013
27.52
27.142
26.961
27.036
27.385
27.989
28.786
29.692
30.607
31.431
32.07
32.454
32.538
32.322
31.849
31.207
30.517
29.909
29.494
29.333
29.421
29.694
30.053
30.387
30.605
30.644
30.481
30.132
29.652
29.129
28.679
28.427
28.487
28.928
29.75
30.875
32.159
33.428
34.511
35.27
35.626
35.564
35.14
34.47
33.711
33.031
32.584
32.474
32.74
33.347
34.204
35.176
36.118
36.894
37.4
37.576
37.414
36.96
36.301
35.545
34.805
34.171
33.703
33.42
33.309
33.336
33.464
33.655
33.883
34.132
34.392
34.66
34.931
35.198
35.449
35.67
35.843
35.953
35.993
35.968
35.898
35.814
35.753
35.745
35.804
35.92
36.063
36.195
36.283
36.312
36.287
36.231
36.174
36.141
36.15
36.21
36.324
36.492
36.711
36.976
37.271
37.573
37.854
38.087
38.254
38.353
38.4
38.421
38.447
38.506
38.613
38.763
38.939
39.108
39.239
39.302
39.281
39.169
38.972
38.704
38.386
38.043
37.706
37.41
37.188
37.072
37.087
37.242
37.532
37.93
38.396
38.877
39.318
39.666
39.886
39.961
39.899
39.732
39.507
39.283
39.116
39.053
39.122
39.33
39.668
40.11
40.627
41.185
41.754
42.307
42.822
43.275
43.646
43.912
44.052
44.046
43.878
43.546
43.074
42.519
41.976
41.561
41.381
41.492
41.864
42.378
42.857
43.12
43.023
42.502
41.574
40.339
38.955
37.614
36.514
35.819
35.633
35.967
36.736
37.779
38.895
39.889
40.611
40.981
41.006
40.77
40.421
40.131
40.053
40.273
40.79
41.511
42.288
42.957
43.379
43.47
43.209
42.642
41.864
41
40.18
39.514
39.079
38.914
39.021
39.376
39.934
40.633
41.406
42.186
42.918
43.568
44.13
44.62
45.07
45.511
45.959
46.397
46.777
47.026
47.06
46.811
46.237
45.342
44.176
42.834
41.457
40.212
39.28
38.821
38.931
39.607
40.728
42.088
43.439
44.554
45.264
45.492
45.263
44.702
44.011
43.43
43.175
43.373
44.02
44.981
46.033
46.934
47.478
47.536
47.075
46.161
44.944
43.632
42.445
41.571
41.121
41.106
41.451
42.026
42.687
43.312
43.819
44.173
44.382
44.492
44.562
44.65
44.793
44.996
45.231
45.449
45.593
45.61
45.469
45.161
44.705
44.141
43.532
42.952
42.477
42.172
42.076
42.188
42.463
42.815
43.13
43.297
43.226
42.872
42.254
41.457
40.624
39.934
39.552
39.585
40.036
40.802
41.697
42.505
43.028
43.124
42.73
41.875
40.68
39.347
38.127
37.269
36.956
37.241
38.038
39.159
40.373
41.474
42.307
42.787
42.9
42.685
42.227
41.633
41.017
40.476
40.078
39.857
39.81
39.913
40.127
40.419
40.765
41.153
41.579
42.044
42.536
43.026
43.463
43.776
43.888
43.731
43.265
42.499
41.503
40.409
39.396
38.664
38.373
38.598
39.294
40.301
41.396
42.343
42.945
43.087
42.754
42.044
41.161
40.369
39.924
39.981
40.53
41.403
42.344
43.105
43.511
43.489
43.07
42.363
41.513
40.668
39.937
39.376
38.99
38.748
38.617
38.582
38.655
38.87
39.251
39.791
40.432
41.078
41.617
41.97
42.114
42.104
42.056
42.109
42.377
42.89
43.58
44.284
44.799
44.937
44.586
43.752
42.589
41.389
40.517
40.281
40.785
41.861
43.14
44.206
44.74
44.598
43.825
42.63
41.316
40.187
39.446
39.132
39.127
39.229
39.237
39.031
38.606
38.089
37.705
37.708
38.263
39.349
40.743
42.098
43.075
43.453
43.199
42.483
41.638
41.059
41.037
41.622
42.59
43.554
44.112
43.978
43.056
41.468
39.561
37.854
36.905
37.073
38.315
40.203
42.147
43.619
44.28
44.023
42.955
41.348
39.563
37.946
36.718
35.92
35.433
35.079
34.725
34.357
34.085
34.099
34.572
35.56
36.942
38.456
39.793
40.697
41.046
40.901
40.495
40.174
40.261
40.899
41.969
43.136
43.998
44.227
43.672
42.399
40.684
38.967
37.726
37.297
37.707
38.658
39.679
40.32
40.294
39.54
38.248
36.83
35.814
35.647
36.46
37.983
39.699
41.076
41.739
41.538
40.57
39.151
37.746
36.833
36.719
37.387
38.515
39.634
40.321
40.31
39.552
38.221
36.69
35.448
34.938
35.357
36.555
38.132
39.634
40.712
41.187
41.06
40.469
39.637
38.8
38.136
37.725
37.551
37.541
37.616
37.721
37.829
37.914
37.925
37.776
37.37
36.644
35.625
34.472
33.478
32.991
33.269
34.317
35.864
37.474
38.717
39.288
39.073
38.169
36.874
35.635
34.926
35.055
36.012
37.47
38.949
40.012
40.389
40.05
39.21
38.289
37.778
38.024
39.027
40.43
41.698
42.346
42.088
40.911
39.079
37.087
35.524
34.853
35.17
36.163
37.307
38.111
38.267
37.696
36.531
35.067
33.672
32.663
32.185
32.152
32.326
32.455
32.401
32.205
32.055
32.193
32.764
33.711
34.775
35.608
35.904
35.5
34.425
32.918
31.385
30.303
30.036
30.657
31.914
33.383
34.662
35.485
35.775
35.637
35.325
35.172
35.467
36.328
37.637
39.084
40.284
40.9
40.719
39.705
38.017
36.005
34.155
32.962
32.726
33.378
34.519
35.62
36.219
36.03
34.979
33.207
31.054
29.02
27.65
27.316
28.009
29.345
30.788
31.879
32.342
32.11
31.317
30.256
29.307
28.805
28.904
29.507
30.346
31.12
31.625
31.795
31.695
31.476
31.3
31.273
31.406
31.624
31.814
31.871
31.738
31.41
30.929
30.362
29.785
29.269
28.878
28.669
28.681
28.921
29.348
29.871
30.358
30.675
30.72
30.464
29.96
29.339
28.763
28.358
28.153
28.056
27.898
27.504
26.767
25.696
24.43
23.214
22.334
22.014
22.31
23.101
24.166
25.288
26.32
27.187
27.867
28.357
28.646
28.714
28.543
28.158
27.649
27.189
26.99
27.224
27.922
28.945
30.037
30.934
31.458
31.564
31.339
30.957
30.596
30.355
30.208
30.036
29.698
29.126
28.363
27.564
26.927
26.598
26.589
26.773
26.963
27.02
26.929
26.814
26.882
27.312
28.135
29.194
30.213
30.913
31.122
30.834
30.211
29.538
29.109
29.085
29.404
29.827
30.061
29.9
29.297
28.371
27.359
26.519
26.016
25.85
25.879
25.912
25.81
25.528
25.111
24.643
24.209
23.854
23.598
23.458
23.474
23.704
24.174
24.834
25.537
26.083
26.291
26.075
25.504
24.813
24.352
24.434
25.147
26.288
27.473
28.328
28.626
28.339
27.625
26.767
26.045
25.613
25.432
25.324
25.109
24.717
24.235
23.849
23.735
23.929
24.287
24.564
24.54
24.131
23.435
22.713
22.288
22.379
22.956
23.76
24.459
24.813
24.762
24.434
24.083
23.951
24.123
24.461
24.7
24.603
24.106
23.379
22.789
22.724
23.341
24.421
25.505
26.14
26.059
25.257
24.003
22.766
22.046
22.102
22.782
23.646
24.247
24.317
23.825
22.956
22.042
21.436
21.357
21.795
22.546
23.353
24.019
24.436
24.569
24.408
23.944
23.175
22.138
20.976
19.974
19.523
19.928
21.175
22.897
24.578
25.769
26.207
25.862
24.943
23.845
23.022
22.76
23.002
23.397
23.534
23.165
22.308
21.256
20.466
20.316
20.832
21.659
22.309
22.423
21.906
20.95
19.98
19.474
19.668
20.375
21.115
21.412
21.002
19.915
18.5
17.364
17.121
17.936
19.377
20.775
21.62
21.71
21.18
20.445
20.042
20.319
21.172
22.134
22.704
22.615
21.95
21.138
20.781
21.267
22.446
23.739
24.543
24.53
23.756
22.663
21.913
22.014
22.916
24.06
24.794
24.735
23.899
22.698
21.79
21.71
22.463
23.518
24.211
24.097
23.093
21.48
19.826
18.765
18.614
19.13
19.739
19.955
19.597
18.817
18.016
17.641
17.905
18.637
19.451
20.014
20.209
20.144
20.068
20.216
20.657
21.272
21.864
22.308
22.614
22.895
23.242
23.62
23.849
23.713
23.106
22.169
21.312
21.078
21.782
23.234
24.868
26.107
26.605
26.327
25.515
24.571
23.858
23.507
23.389
23.276
23.057
22.832
22.839
23.243
23.958
24.663
24.988
24.718
23.899
22.846
22.016
21.759
22.062
22.562
22.805
22.502
21.654
20.553
19.669
19.409
19.841
20.654
21.402
21.753
21.605
21.071
20.404
19.869
19.616
19.612
19.706
19.748
19.681
19.553
19.464
19.49
19.62
19.764
19.813
19.714
19.508
19.33
19.348
19.664
20.244
20.913
21.434
21.605
21.342
20.731
20.053
19.715
20.058
21.111
22.548
23.872
24.655
24.676
23.976
22.855
21.795
21.256
21.417
22.078
22.85
23.429
23.719
23.807
23.824
23.808
23.655
23.208
22.411
21.45
20.745
20.747
21.564
22.815
23.88
24.252
23.746
22.57
21.285
20.591
20.883
21.919
23.048
23.67
23.51
22.664
21.521
20.585
20.186
20.275
20.501
20.5
20.121
19.484
18.901
18.686
18.944
19.512
20.092
20.438
20.449
20.158
19.668
19.086
18.487
17.925
17.476
17.237
17.287
17.607
18.065
18.484
18.741
18.844
18.923
19.148
19.601
20.201
20.75
21.061
21.07
20.871
20.67
20.656
20.877
21.213
21.481
21.567
21.503
21.428
21.476
21.665
21.871
21.933
21.783
21.525
21.392
21.6
22.185
22.969
23.69
24.171
24.399
24.492
24.588
24.729
24.831
24.773
24.528
24.234
24.154
24.506
25.288
26.257
27.083
27.518
27.492
27.101
26.522
25.918
25.386
24.978
24.753
24.787
25.107
25.602
26.033
26.15
25.843
25.243
24.699
24.587
25.038
25.816
26.496
26.763
26.599
26.283
26.194
26.503
26.985
27.154
26.583
25.18
23.323
21.827
21.551
22.692
24.579
26.284
27.18
27.093
26.249
25.13
24.246
23.885
23.995
24.296
24.5
24.429
24.017
23.272
22.257
21.113
20.09
19.487
19.489
20.003
20.701
21.241
21.46
21.454
21.488
21.798
22.369
22.92
23.068
22.557
21.387
19.845
18.416
17.556
17.403
17.699
18.054
18.231
18.233
18.224
18.362
18.666
19.011
19.224
19.189
18.899
18.431
17.905
17.441
17.128
17.008
17.048
17.138
17.113
16.836
16.284
15.613
15.136
15.157
15.716
16.52
17.144
17.274
16.85
16.085
15.373
15.063
15.181
15.396
15.265
14.504
13.122
11.469
10.215
10.038
10.952
12.28
13.332
13.71
13.302
12.228
10.83
9.6581
9.2886
9.8531
10.866
11.691
11.904
