21.388
22.241
22.73
22.928
23.056
23.272
23.531
23.635
23.421
22.932
22.441
22.292
22.629
23.261
23.82
24.042
23.937
23.769
23.845
24.246
24.738
24.958
24.71
24.166
23.855
24.354
25.815
27.785
29.541
30.499
30.442
29.565
28.407
27.642
27.728
28.643
29.962
31.186
31.998
32.33
32.319
32.208
32.245
32.588
33.258
34.146
35.063
35.807
36.227
36.264
35.972
35.51
35.1
34.964
35.248
35.96
36.958
37.999
38.815
39.215
39.16
38.807
38.473
38.494
39.021
39.899
40.75
41.206
41.134
40.742
40.493
40.835
41.866
43.228
44.337
44.747
44.392
43.639
43.103
43.281
44.201
45.426
46.397
46.813
46.798
46.795
47.244
48.227
49.367
50.069
49.897
48.832
47.325
46.127
45.886
46.744
48.274
49.827
50.928
51.454
51.579
51.582
51.631
51.693
51.615
51.29
50.789
50.347
50.219
50.485
50.963
51.316
51.251
50.707
49.912
49.288
49.225
49.833
50.869
51.885
52.491
52.541
52.189
51.795
51.713
52.069
52.678
53.166
53.194
52.655
51.732
50.811
50.264
50.227
50.517
50.782
50.738
50.344
49.813
49.46
49.479
49.798
50.14
50.231
50.002
49.639
49.457
49.651
50.11
50.46
50.294
49.448
48.138
46.899
46.298
46.546
47.31
47.934
47.847
46.875
45.337
43.898
43.2
43.423
44.148
44.678
44.497
43.559
42.324
41.529
41.732
42.904
44.443
45.601
45.895
45.298
44.198
43.183
42.703
42.797
43.119
43.234
42.937
42.395
42.051
42.33
43.311
44.642
45.773
46.287
46.129
45.643
45.407
45.9
47.174
48.803
50.146
50.681
50.213
48.928
47.298
45.886
45.094
45.002
45.423
46.122
47
48.114
49.541
51.202
52.793
53.876
54.078
53.281
51.752
50.141
49.276
49.74
51.462
53.733
55.623
56.428
55.925
54.452
52.818
51.975
52.507
54.231
56.333
57.873
58.222
57.263
55.383
53.308
51.785
51.214
51.459
52.023
52.423
52.456
52.246
52.097
52.244
52.671
53.104
53.191
52.707
51.687
50.414
49.293
48.641
48.529
48.779
49.114
49.338
49.423
49.466
49.574
49.751
49.88
49.813
49.508
49.119
48.973
49.403
50.528
52.119
53.691
54.718
54.864
54.106
52.773
51.451
50.776
51.142
52.505
54.447
56.416
57.967
58.873
59.144
58.969
58.638
58.441
58.568
59.053
59.77
60.499
61.029
61.252
61.205
61.052
60.985
61.101
61.322
61.411
61.097
60.221
58.852
57.286
55.942
55.155
54.985
55.188
55.37
55.221
54.67
53.899
53.222
52.88
52.875
52.96
52.803
52.191
51.179
50.088
49.359
49.295
49.849
50.644
51.199
51.207
50.705
50.089
49.933
50.662
52.268
54.293
56.108
57.239
57.558
57.316
56.994
57.043
57.615
58.475
59.17
59.311
58.788
57.827
56.868
56.319
56.314
56.651
56.97
57.026
56.871
56.838
57.319
58.462
59.998
61.343
61.888
61.273
59.557
57.228
55.058
53.772
53.66
54.413
55.35
55.832
55.563
54.693
53.724
53.256
53.647
54.787
56.158
57.136
57.294
56.581
55.362
54.299
54.064
54.963
56.723
58.633
59.901
59.976
58.734
56.539
54.189
52.679
52.746
54.429
57.057
59.682
61.54
62.287
62.035
61.251
60.542
60.367
60.799
61.512
61.986
61.783
60.744
59.054
57.17
55.649
54.888
54.942
55.526
56.209
56.65
56.731
56.556
56.356
56.336
56.558
56.913
57.204
57.283
57.149
56.977
57.038
57.548
58.528
59.756
60.87
61.54
61.622
61.25
60.808
60.79
61.562
63.149
65.201
67.151
68.457
68.795
68.153
66.845
65.422
64.49
64.457
65.336
66.73
68.012
68.572
67.999
66.197
63.424
60.276
57.578
56.125
56.313
57.905
60.155
62.191
63.35
63.347
62.335
60.856
59.68
59.487
60.512
62.395
64.383
65.709
65.905
64.972
63.399
62.033
61.739
62.951
65.408
68.33
70.843
72.322
72.542
71.658
70.077
68.269
66.576
65.108
63.78
62.475
61.196
60.14
59.619
59.879
60.909
62.4
63.871
64.869
65.14
64.712
63.883
63.124
62.885
63.395
64.561
66.028
67.382
68.333
68.822
69.012
69.186
69.583
70.264
71.076
71.738
71.987
71.708
70.98
70.037
69.167
68.571
68.279
68.154
67.984
67.595
66.931
66.07
65.177
64.428
63.931
63.694
63.636
63.647
63.642
63.596
63.547
63.569
63.727
64.051
64.518
65.06
65.591
66.031
66.328
66.463
66.459
66.371
66.281
66.267
66.375
66.591
66.828
66.952
66.826
66.377
65.636
64.755
63.964
63.488
63.442
63.767
64.244
64.578
64.518
63.954
62.978
61.875
61.042
60.83
61.365
62.45
63.637
64.413
64.416
63.593
62.277
61.134
60.927
62.139
64.66
67.823
70.729
72.595
72.964
71.768
69.301
66.118
62.876
60.129
58.16
56.923
56.157
55.578
55.031
54.537
54.247
54.326
54.844
55.717
56.725
57.599
58.118
58.182
57.845
57.3
56.821
56.665
56.966
57.689
58.644
59.58
60.271
60.591
60.535
60.2
59.747
59.338
59.083
59.008
59.042
59.05
58.876
58.389
57.53
56.341
54.97
53.661
52.696
52.309
52.583
53.402
54.475
55.434
55.96
55.869
55.176
54.096
52.986
52.223
52.044
52.426
53.094
53.645
53.715
53.095
51.792
50.013
48.109
46.462
45.354
44.861
44.843
45.028
45.153
45.06
44.752
44.375
44.151
44.274
44.799
45.6
46.415
46.946
46.971
46.42
45.401
44.175
43.073
42.379
42.211
42.469
42.9
43.213
43.183
42.713
41.838
40.701
39.501
38.435
37.638
37.149
36.904
36.785
36.671
36.497
36.285
36.144
36.231
36.675
37.5
38.588
39.705
40.577
40.973
40.772
39.991
38.791
37.44
36.245
35.45
35.145
35.236
35.497
35.68
35.595
35.171
34.464
33.646
32.956
32.621
32.761
33.329
34.128
34.886
35.357
35.384
34.933
34.083
33
31.877
30.881
30.105
29.559
29.202
28.984
28.885
28.915
29.099
29.436
29.883
30.351
30.727
30.909
30.842
30.541
30.091
29.628
29.293
29.169
29.249
29.441
29.614
29.666
29.56
29.34
29.104
28.951
28.936
29.043
29.19
29.278
29.233
29.036
28.737
28.435
28.238
28.211
28.337
28.504
28.556
28.351
27.832
27.069
26.27
25.719
25.657
26.141
26.993
27.882
28.464
28.491
27.867
26.658
25.087
23.51
22.337
21.901
22.285
23.276
24.486
25.538
26.167
26.272
25.917
25.305
24.719
24.415
24.505
24.907
25.395
25.716
25.688
25.245
24.44
23.423
22.394
21.558
21.063
20.961
21.209
21.693
22.286
22.882
23.417
23.867
24.238
24.544
24.789
24.959
25.023
24.95
24.721
24.346
23.857
23.31
22.769
22.296
21.937
21.724
21.67
21.771
22.006
22.339
22.72
23.094
23.406
23.622
23.74
23.793
23.854
24.004
24.304
24.757
25.299
25.815
26.177
26.285
26.094
25.629
24.986
24.311
23.776
23.538
23.686
24.217
25.026
25.95
26.811
27.464
27.82
27.866
27.652
27.278
26.861
26.494
26.226
26.049
25.923
25.799
25.645
25.46
25.274
25.136
25.099
25.207
25.481
25.913
26.464
27.074
27.666
28.16
28.48
28.57
28.398
27.974
27.35
26.624
25.922
25.375
25.082
25.077
25.322
25.715
26.132
26.453
26.594
26.518
26.248
25.865
25.497
25.277
25.294
25.543
25.921
26.264
26.406
26.235
25.725
24.947
24.048
23.222
22.66
22.489
22.738
23.326
24.097
24.87
25.478
25.804
25.806
25.52
25.062
24.589
24.249
24.122
24.185
24.329
24.411
24.317
23.991
23.445
22.752
22.012
21.335
20.808
20.479
20.357
20.419
20.62
20.917
21.275
21.669
22.082
22.495
22.884
23.217
23.465
23.609
23.655
23.635
23.599
23.605
23.692
23.868
24.096
24.305
24.41
24.339
24.055
23.568
22.94
22.273
21.68
21.257
21.045
21.024
21.121
21.246
21.32
21.296
21.168
20.974
20.782
20.676
20.72
20.939
21.296
21.707
22.07
22.296
22.338
22.203
21.947
21.659
21.437
21.353
21.437
21.662
21.961
22.245
22.43
22.452
22.288
21.951
21.491
20.974
20.467
20.013
19.632
19.318
19.061
18.859
18.723
18.68
18.754
18.954
19.266
19.65
20.042
20.374
20.583
20.635
20.536
20.34
20.141
20.045
20.14
20.453
20.941
21.507
22.029
22.401
22.555
22.472
22.192
21.812
21.47
21.31
21.437
21.866
22.519
23.248
23.897
24.343
24.523
24.436
24.136
23.711
23.261
22.875
22.609
22.48
22.461
22.499
22.53
22.508
22.417
22.277
22.138
22.054
22.065
22.171
22.34
22.514
22.634
22.658
22.567
22.376
22.126
21.885
21.732
21.74
21.944
22.33
22.832
23.353
23.795
24.088
24.203
24.152
23.981
23.75
23.52
23.335
23.216
23.16
23.149
23.159
23.171
23.183
23.201
23.239
23.299
23.369
23.412
23.386
23.251
22.986
22.598
22.121
21.614
21.152
20.817
20.678
20.774
21.088
21.547
22.031
22.41
22.576
22.466
22.079
21.473
20.75
20.037
19.457
19.11
19.049
19.271
19.722
20.309
20.927
21.48
21.898
22.148
22.231
22.176
22.024
21.815
21.585
21.365
21.18
21.052
21.001
21.044
21.201
21.494
21.944
22.56
23.31
24.119
24.871
25.436
25.7
25.602
25.14
24.383
23.454
22.507
21.698
21.153
20.944
21.07
21.464
22.011
22.573
23.019
23.251
23.223
22.947
22.488
21.944
21.42
20.993
20.697
20.522
20.426
20.358
20.277
20.154
19.98
19.764
19.535
19.336
19.218
19.219
19.351
19.592
19.894
20.197
20.451
20.629
20.728
20.77
20.791
20.836
20.939
21.124
21.391
21.719
22.071
22.402
22.672
22.857
22.95
22.965
22.927
22.864
22.798
22.739
22.686
22.627
22.541
22.41
22.222
21.978
21.701
21.438
21.258
21.23
21.393
21.737
22.192
22.651
23.004
23.171
23.12
22.876
22.504
22.1
21.76
21.57
21.587
21.84
22.324
22.999
23.792
24.605
25.33
25.872
26.161
26.166
25.899
25.403
24.748
24.015
23.281
22.612
22.053
21.627
21.339
21.18
21.142
21.213
21.388
21.658
22.003
22.391
22.776
23.106
23.334
23.427
23.372
23.182
22.895
22.571
22.287
22.124
22.148
22.392
22.844
23.451
24.133
24.799
25.368
25.778
25.991
25.997
25.819
25.509
25.138
24.789
24.529
24.397
24.389
24.468
24.58
24.672
24.706
24.662
24.539
24.346
24.107
23.854
23.631
23.482
23.444
23.528
23.715
23.961
24.209
24.409
24.53
24.568
24.546
24.507
24.5
24.57
24.744
25.026
25.391
25.799
26.201
26.555
26.837
27.04
27.18
27.288
27.407
27.584
27.856
28.24
28.722
29.254
29.763
30.17
30.404
30.426
30.232
29.851
29.344
28.782
28.245
27.806
27.534
27.478
27.665
28.089
28.703
29.431
30.178
30.852
31.375
31.696
31.793
31.668
31.344
30.864
30.276
29.635
28.989
28.38
27.833
27.365
26.984
26.703
26.534
26.496
26.603
26.862
27.263
27.784
28.389
29.034
29.672
30.262
30.772
31.185
31.5
31.735
31.921
32.097
32.297
32.544
32.841
33.17
33.496
33.771
33.948
33.99
33.879
33.627
33.272
32.879
32.523
32.282
32.212
32.34
32.652
33.099
33.598
34.054
34.37
34.469
34.306
33.882
33.245
32.49
31.74
31.133
30.795
30.814
31.224
31.997
33.047
34.243
35.431
36.455
37.183
37.523
37.444
36.974
36.202
35.265
34.325
33.541
33.036
32.874
33.038
33.446
33.965
34.449
34.77
34.841
34.63
34.165
33.526
32.835
32.237
31.883
31.905
32.386
33.337
34.683
36.27
37.899
39.364
40.493
41.18
41.394
41.186
40.676
40.027
39.418
39.01
38.921
39.205
39.842
40.748
41.787
42.801
43.639
44.18
44.351
44.14
43.587
42.782
41.841
40.887
40.033
39.363
38.924
38.728
38.755
38.965
39.308
39.738
40.214
40.711
41.213
41.715
42.215
42.713
43.198
43.655
44.061
44.396
44.645
44.805
44.884
44.897
44.858
44.773
44.641
44.457
44.224
43.958
43.693
43.478
43.362
43.382
43.549
43.847
44.235
44.661
45.078
45.45
45.758
46.008
46.219
46.42
46.645
46.923
47.273
47.703
48.206
48.757
49.318
49.837
50.257
50.53
50.622
50.523
50.249
49.837
49.337
48.803
48.282
47.816
47.434
47.161
47.018
47.021
47.18
47.498
47.963
48.547
49.204
49.876
50.494
50.995
51.335
51.495
51.49
51.365
51.19
51.043
50.993
51.085
51.326
51.689
52.122
52.567
52.982
53.351
53.697
54.067
54.518
55.1
55.834
56.706
57.656
58.591
59.391
59.93
60.106
59.874
59.27
58.431
57.574
56.942
56.726
56.976
57.58
58.295
58.834
58.952
58.505
57.473
55.96
54.166
52.366
50.861
49.927
49.744
50.336
51.554
53.118
54.698
55.988
56.771
56.953
56.578
55.819
54.955
54.302
54.138
54.599
55.635
57.018
58.423
59.525
60.079
59.966
59.204
57.934
56.382
54.808
53.455
52.502
52.04
52.074
52.542
53.336
54.329
55.395
56.428
57.355
58.143
58.797
59.35
59.849
60.331
60.819
61.312
61.785
62.194
62.481
62.584
62.442
62.009
61.261
60.209
58.904
57.449
55.994
54.728
53.853
53.529
53.829
54.699
55.959
57.353
58.608
59.494
59.87
59.709
59.108
58.277
57.499
57.066
57.189
57.917
59.119
60.518
61.784
62.623
62.839
62.367
61.285
59.79
58.167
56.731
55.761
55.428
55.753
56.611
57.778
59.003
60.062
60.81
61.193
61.248
61.085
60.85
60.682
60.674
60.847
61.148
61.475
61.711
61.752
61.537
61.053
60.345
59.504
58.654
57.935
57.471
57.344
57.57
58.091
58.783
59.483
60.023
60.264
60.121
59.587
58.742
57.749
56.831
56.229
56.14
56.643
57.67
59.011
60.37
61.442
61.973
61.809
60.919
59.402
57.475
55.45
53.684
52.504
52.125
52.593
53.771
55.405
57.197
58.876
60.237
61.158
61.594
61.565
61.142
60.427
59.535
58.587
57.693
56.953
56.444
56.221
56.311
56.709
57.382
58.269
59.291
60.357
61.37
62.231
62.844
63.123
62.994
62.416
61.39
59.976
58.306
56.581
55.052
53.978
53.566
53.903
54.922
56.409
58.059
59.542
60.569
60.946
60.611
59.656
58.326
56.971
55.964
55.574
55.866
56.686
57.731
58.68
59.286
59.432
59.128
58.482
57.65
56.79
56.02
55.404
54.954
54.657
54.507
54.525
54.761
55.268
56.059
57.072
58.166
59.157
59.867
60.191
60.135
59.82
59.459
59.291
59.493
60.11
61.018
61.953
62.591
62.637
61.92
60.463
58.525
56.577
55.196
54.835
55.59
57.128
58.842
60.118
60.53
59.941
58.5
56.582
54.672
53.206
52.428
52.317
52.628
53.021
53.198
52.993
52.436
51.755
51.337
51.591
52.753
54.728
57.102
59.301
60.804
61.307
60.809
59.633
58.346
57.585
57.789
58.98
60.745
62.434
63.41
63.236
61.771
59.211
56.088
53.196
51.397
51.257
52.726
55.168
57.711
59.6
60.375
59.907
58.363
56.116
53.634
51.343
49.5
48.146
47.152
46.343
45.626
45.066
44.872
45.305
46.531
48.495
50.899
53.3
55.256
56.459
56.823
56.518
55.951
55.638
56.009
57.189
58.922
60.685
61.899
62.132
61.21
59.269
56.747
54.306
52.649
52.241
53.079
54.688
56.37
57.483
57.631
56.735
55.045
53.088
51.538
50.977
51.623
53.217
55.159
56.788
57.595
57.344
56.104
54.234
52.321
51.02
50.81
51.763
53.502
55.384
56.766
57.187
56.464
54.725
52.388
50.098
48.556
48.255
49.242
51.102
53.188
54.888
55.789
55.728
54.786
53.245
51.52
50.056
49.2
49.091
49.629
50.536
51.484
52.187
52.451
52.186
51.38
50.095
48.456
46.665
45.003
43.812
43.405
43.935
45.3
47.15
49.011
50.429
51.078
50.826
49.763
48.211
46.683
45.764
45.895
47.154
49.191
51.4
53.169
54.079
54.02
53.226
52.238
51.72
52.167
53.608
55.564
57.288
58.087
57.546
55.643
52.777
49.716
47.41
46.621
47.498
49.492
51.711
53.342
53.885
53.218
51.578
49.489
47.616
46.517
46.372
46.887
47.471
47.558
46.855
45.471
43.913
42.915
43.079
44.475
46.566
48.506
49.532
49.194
47.444
44.66
41.603
39.272
38.538
39.644
42.059
44.876
47.287
48.812
49.338
49.087
48.53
48.242
48.676
49.95
51.791
53.668
55.012
55.394
54.615
52.748
50.131
47.322
45
43.755
43.842
45.046
46.807
48.478
49.521
49.599
48.602
46.647
44.07
41.407
39.303
38.321
38.672
40.084
41.948
43.615
44.601
44.685
43.932
42.665
41.385
40.608
40.647
41.463
42.705
43.912
44.714
44.942
44.648
44.051
43.445
43.074
43.032
43.236
43.483
43.551
43.287
42.656
41.749
40.751
39.888
39.353
39.247
39.547
40.126
40.803
41.402
41.789
41.892
41.71
41.309
40.805
40.337
40.017
39.884
39.876
39.837
39.572
38.915
37.787
36.24
34.463
32.756
31.453
30.811
30.901
31.6
32.673
33.898
35.134
36.326
37.462
38.511
39.39
39.955
40.052
39.586
38.598
37.316
36.148
35.577
35.938
37.215
39.038
40.88
42.291
43.028
43.091
42.675
42.066
41.501
41.062
40.658
40.111
39.292
38.227
37.123
36.294
35.995
36.254
36.821
37.293
37.303
36.688
35.571
34.367
33.661
33.923
35.204
37.08
38.906
40.122
40.445
39.935
38.968
38.109
37.859
38.393
39.456
40.545
41.19
41.147
40.467
39.446
38.486
37.902
37.764
37.881
37.934
37.664
36.983
35.998
34.943
34.06
33.482
33.18
33.021
32.889
32.781
32.82
33.167
33.88
34.825
35.704
36.191
36.081
35.412
34.498
33.856
33.969
34.991
36.619
38.274
39.393
39.643
38.996
37.719
36.263
35.081
34.412
34.179
34.078
33.81
33.261
32.564
32.025
31.936
32.37
33.102
33.729
33.87
33.329
32.175
30.741
29.532
29.013
29.344
30.271
31.31
32.024
32.204
31.924
31.471
31.19
31.273
31.639
31.995
32.04
31.676
31.104
30.78
31.18
32.458
34.293
36.058
37.129
37.116
35.964
33.984
31.804
30.192
29.709
30.348
31.551
32.605
32.983
32.483
31.238
29.655
28.298
27.68
28.007
29.079
30.446
31.65
32.367
32.446
31.875
30.758
29.277
27.69
26.322
25.534
25.62
26.653
28.408
30.457
32.327
33.64
34.189
33.986
33.261
32.402
31.817
31.729
32.042
32.401
32.4
31.791
30.61
29.197
28.089
27.756
28.28
29.277
30.161
30.467
30.042
29.097
28.131
27.702
28.083
29.034
29.959
30.242
29.519
27.809
25.565
23.64
22.97
23.904
25.864
27.862
29.128
29.353
28.719
27.811
27.373
27.861
29.091
30.391
31.077
30.809
29.749
28.544
28.059
28.813
30.527
32.355
33.465
33.44
32.402
30.975
30.035
30.186
31.294
32.606
33.316
33.004
31.808
30.382
29.616
30.078
31.541
33.167
34.088
33.8
32.291
30.023
27.807
26.47
26.353
27.059
27.819
28.019
27.462
26.385
25.323
24.844
25.19
26.136
27.202
27.994
28.375
28.46
28.486
28.634
28.917
29.206
29.377
29.455
29.628
30.119
30.972
31.941
32.592
32.542
31.673
30.273
29.019
28.691
29.64
31.467
33.335
34.495
34.593
33.738
32.414
31.248
30.665
30.636
30.772
30.686
30.298
29.901
29.962
30.74
32.023
33.235
33.789
33.374
32.088
30.416
29.054
28.532
28.855
29.508
29.853
29.498
28.452
27.104
26.06
25.813
26.419
27.48
28.452
28.952
28.864
28.319
27.579
26.901
26.416
26.094
25.825
25.527
25.219
25.006
24.999
25.225
25.596
25.95
26.152
26.163
26.073
26.067
26.341
26.982
27.901
28.842
29.491
29.592
29.056
28.043
26.991
26.52
27.109
28.733
30.834
32.662
33.615
33.424
32.207
30.457
28.898
28.16
28.404
29.24
30.091
30.575
30.658
30.559
30.518
30.572
30.502
30.011
28.98
27.652
26.614
26.484
27.399
28.832
29.971
30.208
29.4
27.939
26.627
26.268
27.067
28.444
29.529
29.706
28.853
27.352
25.929
25.284
25.602
26.429
27.073
27.055
26.307
25.154
24.143
23.749
24.077
24.833
25.588
26.031
26.054
25.699
25.062
24.225
23.266
22.318
21.613
21.415
21.845
22.738
23.71
24.38
24.561
24.349
24.071
24.107
24.615
25.404
26.065
26.246
25.853
25.11
24.466
24.343
24.847
25.708
26.51
26.975
27.083
27.021
27.008
27.127
27.278
27.302
27.162
27.027
27.188
27.84
28.888
29.995
30.795
31.112
31.028
30.816
30.743
30.886
31.095
31.156
30.994
30.776
30.817
31.341
32.274
33.266
33.922
34.034
33.668
33.095
32.601
32.292
32.052
31.689
31.148
30.602
30.353
30.582
31.167
31.752
32.003
31.834
31.454
31.218
31.351
31.758
32.118
32.165
31.913
31.68
31.84
32.465
33.173
33.343
32.507
30.654
28.385
26.797
26.886
28.654
31.101
33.097
33.985
33.694
32.645
31.511
30.878
30.938
31.455
32.028
32.355
32.299
31.819
30.888
29.489
27.705
25.831
24.376
23.833
24.283
25.277
26.173
26.551
26.406
26.106
26.122
26.661
27.455
27.949
27.65
26.383
24.378
22.231
20.69
20.233
20.729
21.623
22.422
22.939
23.248
23.519
23.843
24.17
24.345
24.218
23.723
22.905
21.919
21.005
20.422
20.33
20.669
21.149
21.381
21.067
20.15
18.912
17.951
17.89
18.852
20.291
21.434
21.719
20.979
19.457
17.743
16.537
16.189
16.38
16.424
15.794
14.387
12.598
11.29
11.366
12.798
14.684
16.179
16.826
16.508
15.388
13.872
12.573
12.095
12.585
13.56
14.335
14.417
