35.531
37.024
38.062
38.475
38.413
38.2
38.106
38.181
38.272
38.228
38.075
38.036
38.357
39.077
39.957
40.65
40.958
40.974
41.014
41.353
41.972
42.537
42.683
42.371
42.072
42.584
44.453
47.411
50.465
52.493
52.797
51.407
49.15
47.405
47.393
49.275
52.067
54.467
55.662
55.615
54.962
54.61
55.176
56.604
58.316
59.699
60.484
60.805
60.988
61.251
61.543
61.652
61.484
61.27
61.507
62.615
64.549
66.722
68.341
68.858
68.285
67.225
66.589
67.053
68.582
70.468
71.837
72.191
71.676
70.999
71.018
72.18
74.201
76.276
77.602
77.807
77.094
76.101
75.534
75.754
76.599
77.585
78.297
78.684
79.077
79.927
81.431
83.296
84.85
85.384
84.527
82.457
79.92
77.979
77.529
78.799
81.247
83.949
86.108
87.343
87.702
87.494
87.044
86.516
85.901
85.147
84.324
83.67
83.466
83.81
84.471
84.97
84.847
83.948
82.574
81.383
81.048
81.831
83.377
84.937
85.822
85.775
85.078
84.375
84.271
84.92
85.913
86.556
86.301
85.067
83.29
81.687
80.846
80.851
81.264
81.453
81.016
80.001
78.846
78.075
77.942
78.263
78.589
78.551
78.119
77.612
77.442
77.766
78.296
78.449
77.716
76.011
73.805
71.967
71.285
71.922
73.252
74.258
74.121
72.623
70.241
67.932
66.631
66.653
67.489
68.188
67.992
66.745
64.98
63.652
63.584
64.888
66.88
68.551
69.128
68.406
66.757
64.922
63.601
63.065
63.046
63.014
62.608
61.907
61.395
61.628
62.801
64.538
66.114
66.904
66.737
66.02
65.564
66.123
67.867
70.218
72.194
72.943
72.119
70.007
67.418
65.343
64.462
64.793
65.809
66.917
67.864
68.824
70.133
71.908
73.809
75.151
75.276
73.932
71.515
69.047
67.805
68.58
71.083
74.119
76.324
76.811
75.478
73.015
70.67
69.686
70.592
72.871
75.356
76.925
76.972
75.533
73.189
70.792
69.079
68.342
68.354
68.62
68.726
68.551
68.255
68.111
68.269
68.627
68.871
68.65
67.764
66.274
64.497
62.88
61.819
61.478
61.744
62.323
62.912
63.316
63.474
63.413
63.178
62.795
62.299
61.783
61.449
61.569
62.367
63.851
65.737
67.516
68.641
68.73
67.72
65.94
64.062
62.899
63.045
64.552
66.903
69.316
71.114
71.952
71.873
71.234
70.527
70.158
70.265
70.697
71.142
71.33
71.182
70.838
70.574
70.645
71.122
71.835
72.447
72.609
72.103
70.931
69.311
67.593
66.128
65.129
64.596
64.363
64.205
63.966
63.605
63.176
62.755
62.362
61.939
61.385
60.64
59.75
58.882
58.259
58.033
58.18
58.484
58.633
58.388
57.723
56.89
56.349
56.571
57.761
59.709
61.887
63.713
64.801
65.104
64.909
64.693
64.883
65.612
66.655
67.575
67.98
67.733
67.008
66.19
65.661
65.572
65.772
65.948
65.878
65.614
65.497
65.953
67.176
68.915
70.539
71.334
70.815
68.939
66.168
63.351
61.405
60.851
61.502
62.621
63.394
63.351
62.54
61.475
60.862
61.192
62.413
63.945
65.026
65.099
64.077
62.42
61.005
60.738
62.017
64.427
66.967
68.576
68.56
66.818
63.897
60.901
59.134
59.456
61.729
64.956
67.934
69.809
70.289
69.617
68.41
67.37
66.964
67.214
67.733
67.981
67.538
66.269
64.351
62.19
60.266
58.949
58.368
58.399
58.775
59.225
59.571
59.747
59.764
59.668
59.497
59.283
59.06
58.886
58.848
59.037
59.506
60.228
61.08
61.879
62.436
62.638
62.5
62.187
61.98
62.182
62.983
64.354
66.028
67.592
68.628
68.862
68.256
67.054
65.741
64.904
64.99
66.07
67.766
69.405
70.284
69.902
68.099
65.13
61.66
58.64
57.007
57.222
58.987
61.42
63.539
64.633
64.446
63.212
61.576
60.399
60.383
61.692
63.848
66.006
67.369
67.488
66.409
64.676
63.17
62.766
63.875
66.201
68.937
71.202
72.379
72.265
71.048
69.185
67.196
65.458
64.082
62.944
61.85
60.721
59.686
59.027
59.016
59.724
60.929
62.211
63.126
63.397
63.006
62.212
61.46
61.203
61.691
62.845
64.303
65.62
66.474
66.789
66.75
66.691
66.918
67.531
68.354
69.036
69.231
68.771
67.748
66.482
65.383
64.759
64.655
64.843
64.959
64.689
63.917
62.763
61.527
60.559
60.098
60.161
60.554
60.984
61.208
61.137
60.869
60.634
60.688
61.178
62.065
63.135
64.107
64.755
65.006
64.957
64.834
64.881
65.244
65.899
66.654
67.245
67.434
67.098
66.265
65.1
63.855
62.795
62.116
61.886
62.031
62.371
62.685
62.782
62.561
62.04
61.366
60.791
60.591
60.966
61.924
63.243
64.529
65.354
65.415
64.667
63.398
62.21
61.837
62.805
65.111
68.179
71.127
73.12
73.604
72.413
69.768
66.208
62.443
59.146
56.733
55.236
54.375
53.778
53.195
52.598
52.158
52.12
52.651
53.724
55.1
56.424
57.354
57.685
57.426
56.819
56.277
56.235
56.954
58.377
60.147
61.784
62.873
63.21
62.845
62.05
61.214
60.69
60.656
61.046
61.605
62.006
61.981
61.399
60.294
58.853
57.375
56.204
55.633
55.815
56.703
58.065
59.56
60.83
61.592
61.698
61.174
60.216
59.16
58.384
58.176
58.605
59.483
60.444
61.081
61.086
60.329
58.884
57.009
55.07
53.443
52.395
52
52.135
52.565
53.054
53.466
53.794
54.143
54.653
55.408
56.356
57.306
57.989
58.165
57.723
56.743
55.495
54.362
53.698
53.663
54.149
54.83
55.317
55.307
54.676
53.495
52.001
50.514
49.344
48.678
48.523
48.722
49.033
49.242
49.247
49.108
49.036
49.317
50.179
51.664
53.568
55.514
57.079
57.924
57.881
56.984
55.458
53.66
51.986
50.746
50.074
49.894
49.987
50.099
50.035
49.724
49.224
48.705
48.393
48.491
49.091
50.129
51.391
52.583
53.415
53.672
53.262
52.229
50.736
49.032
47.393
46.064
45.195
44.822
44.882
45.249
45.787
46.372
46.905
47.31
47.529
47.524
47.276
46.8
46.15
45.418
44.72
44.174
43.86
43.793
43.92
44.141
44.343
44.441
44.397
44.219
43.948
43.638
43.334
43.067
42.855
42.712
42.654
42.698
42.853
43.105
43.405
43.667
43.785
43.666
43.271
42.655
41.981
41.499
41.459
41.994
43.035
44.309
45.435
46.048
45.893
44.88
43.107
40.849
38.532
36.655
35.651
35.711
36.687
38.167
39.664
40.78
41.292
41.186
40.641
39.974
39.526
39.516
39.941
40.581
41.112
41.244
40.816
39.837
38.471
36.997
35.741
34.99
34.896
35.44
36.444
37.659
38.84
39.814
40.504
40.927
41.162
41.305
41.416
41.489
41.455
41.225
40.734
39.981
39.038
38.037
37.128
36.436
36.025
35.89
35.966
36.165
36.399
36.608
36.764
36.878
36.99
37.156
37.428
37.834
38.364
38.969
39.571
40.081
40.413
40.503
40.321
39.878
39.232
38.484
37.77
37.246
37.051
37.272
37.914
38.883
40.005
41.065
41.858
42.228
42.105
41.519
40.591
39.502
38.445
37.561
36.904
36.433
36.055
35.671
35.228
34.735
34.268
33.951
33.921
34.281
35.057
36.167
37.432
38.618
39.502
39.919
39.81
39.23
38.339
37.366
36.536
36.008
35.828
35.926
36.167
36.409
36.546
36.528
36.357
36.072
35.735
35.413
35.166
35.028
35.003
35.058
35.131
35.148
35.038
34.75
34.268
33.613
32.846
32.058
31.361
30.866
30.663
30.804
31.284
32.04
32.959
33.897
34.707
35.268
35.516
35.462
35.189
34.842
34.573
34.488
34.603
34.836
35.042
35.068
34.806
34.222
33.357
32.321
31.264
30.351
29.722
29.46
29.572
29.987
30.587
31.236
31.817
32.257
32.534
32.671
32.728
32.772
32.862
33.032
33.277
33.566
33.849
34.074
34.199
34.197
34.061
33.8
33.43
32.974
32.455
31.898
31.327
30.77
30.256
29.813
29.464
29.22
29.082
29.032
29.048
29.098
29.156
29.202
29.229
29.24
29.244
29.249
29.256
29.256
29.231
29.166
29.054
28.905
28.745
28.611
28.544
28.575
28.714
28.942
29.21
29.45
29.585
29.547
29.298
28.834
28.198
27.466
26.736
26.109
25.663
25.441
25.448
25.654
26.01
26.456
26.929
27.372
27.737
27.99
28.116
28.121
28.03
27.881
27.717
27.572
27.466
27.4
27.356
27.306
27.22
27.076
26.862
26.582
26.261
25.944
25.694
25.583
25.673
25.997
26.533
27.211
27.924
28.557
29.012
29.227
29.181
28.896
28.427
27.849
27.251
26.716
26.305
26.049
25.935
25.918
25.933
25.919
25.836
25.676
25.458
25.217
24.996
24.825
24.715
24.661
24.638
24.615
24.561
24.463
24.33
24.198
24.118
24.14
24.285
24.528
24.806
25.036
25.141
25.075
24.835
24.454
23.996
23.54
23.165
22.941
22.91
23.079
23.411
23.835
24.26
24.595
24.77
24.747
24.528
24.143
23.648
23.109
22.59
22.145
21.81
21.606
21.535
21.586
21.741
21.969
22.228
22.466
22.618
22.623
22.432
22.027
21.421
20.668
19.846
19.047
18.367
17.893
17.689
17.793
18.193
18.823
19.566
20.284
20.845
21.151
21.161
20.89
20.406
19.817
19.244
18.803
18.584
18.637
18.965
19.53
20.262
21.077
21.887
22.618
23.21
23.62
23.822
23.8
23.553
23.096
22.461
21.705
20.901
20.134
19.488
19.032
18.811
18.836
19.083
19.496
19.992
20.477
20.863
21.081
21.096
20.913
20.567
20.119
19.635
19.176
18.78
18.463
18.218
18.021
17.842
17.65
17.428
17.175
16.913
16.683
16.535
16.511
16.63
16.881
17.224
17.606
17.969
18.269
18.474
18.576
18.584
18.528
18.455
18.417
18.461
18.612
18.863
19.178
19.5
19.769
19.934
19.97
19.874
19.662
19.369
19.033
18.689
18.363
18.069
17.811
17.587
17.393
17.235
17.124
17.075
17.1
17.195
17.333
17.474
17.571
17.589
17.515
17.366
17.179
17.002
16.881
16.852
16.942
17.169
17.543
18.06
18.685
19.351
19.972
20.453
20.723
20.742
20.516
20.089
19.538
18.953
18.424
18.022
17.796
17.761
17.901
18.172
18.512
18.852
19.131
19.308
19.366
19.314
19.185
19.022
18.871
18.77
18.744
18.8
18.927
19.108
19.318
19.535
19.745
19.941
20.126
20.305
20.484
20.663
20.839
21
21.13
21.209
21.224
21.167
21.043
20.867
20.664
20.462
20.288
20.157
20.076
20.04
20.034
20.039
20.03
19.984
19.885
19.728
19.523
19.299
19.097
18.96
18.927
19.016
19.224
19.528
19.89
20.266
20.616
20.911
21.134
21.285
21.375
21.424
21.456
21.49
21.537
21.603
21.687
21.782
21.882
21.978
22.067
22.147
22.225
22.309
22.411
22.538
22.693
22.867
23.048
23.219
23.361
23.458
23.495
23.465
23.368
23.22
23.053
22.911
22.841
22.878
23.038
23.311
23.664
24.051
24.421
24.723
24.908
24.938
24.788
24.457
23.971
23.379
22.751
22.16
21.668
21.32
21.138
21.128
21.282
21.58
21.986
22.457
22.942
23.397
23.791
24.112
24.366
24.567
24.733
24.879
25.017
25.157
25.306
25.468
25.635
25.793
25.918
25.985
25.979
25.895
25.746
25.556
25.358
25.189
25.086
25.082
25.201
25.449
25.81
26.238
26.671
27.036
27.269
27.325
27.185
26.859
26.383
25.817
25.236
24.721
24.351
24.184
24.248
24.531
24.99
25.553
26.143
26.683
27.107
27.366
27.43
27.296
26.984
26.547
26.061
25.613
25.284
25.126
25.151
25.323
25.58
25.844
26.048
26.14
26.09
25.894
25.57
25.164
24.742
24.391
24.202
24.249
24.565
25.135
25.888
26.724
27.528
28.199
28.66
28.873
28.841
28.608
28.255
27.883
27.594
27.475
27.572
27.89
28.387
28.995
29.631
30.212
30.672
30.961
31.057
30.967
30.719
30.36
29.94
29.505
29.086
28.698
28.342
28.019
27.732
27.493
27.324
27.253
27.302
27.486
27.803
28.231
28.73
29.246
29.719
30.092
30.322
30.386
30.29
30.072
29.79
29.518
29.32
29.238
29.273
29.394
29.544
29.666
29.72
29.689
29.587
29.447
29.308
29.212
29.19
29.261
29.431
29.692
30.022
30.387
30.745
31.054
31.281
31.409
31.441
31.397
31.312
31.227
31.178
31.192
31.274
31.414
31.584
31.745
31.858
31.891
31.825
31.656
31.397
31.076
30.73
30.397
30.118
29.927
29.851
29.903
30.085
30.382
30.768
31.203
31.645
32.055
32.4
32.662
32.837
32.936
32.976
32.978
32.962
32.939
32.917
32.9
32.896
32.915
32.979
33.112
33.34
33.68
34.136
34.688
35.298
35.909
36.455
36.873
37.11
37.133
36.94
36.567
36.095
35.645
35.361
35.363
35.706
36.344
37.131
37.863
38.335
38.385
37.937
37.003
35.685
34.153
32.628
31.337
30.484
30.193
30.482
31.249
32.309
33.437
34.424
35.112
35.425
35.376
35.064
34.654
34.334
34.261
34.507
35.042
35.739
36.43
36.948
37.167
37.028
36.543
35.789
34.89
33.99
33.226
32.698
32.455
32.492
32.769
33.225
33.793
34.411
35.023
35.59
36.088
36.516
36.888
37.234
37.582
37.948
38.325
38.68
38.958
39.094
39.023
38.694
38.087
37.212
36.115
34.878
33.609
32.437
31.5
30.922
30.789
31.114
31.826
32.776
33.772
34.623
35.176
35.345
35.125
34.597
33.91
33.255
32.824
32.749
33.067
33.708
34.516
35.305
35.899
36.169
36.055
35.571
34.803
33.89
33.002
32.301
31.906
31.86
32.131
32.627
33.231
33.832
34.344
34.719
34.947
35.057
35.097
35.129
35.201
35.339
35.533
35.744
35.914
35.984
35.908
35.664
35.262
34.741
34.17
33.635
33.23
33.038
33.11
33.448
34
34.661
35.3
35.786
36.014
35.929
35.54
34.922
34.205
33.548
33.102
32.965
33.152
33.593
34.153
34.674
35.01
35.053
34.755
34.13
33.264
32.301
31.426
30.825
30.634
30.895
31.546
32.448
33.43
34.338
35.056
35.518
35.704
35.634
35.355
34.931
34.433
33.932
33.49
33.154
32.952
32.892
32.965
33.149
33.418
33.748
34.119
34.515
34.922
35.315
35.659
35.906
36
35.887
35.535
34.946
34.173
33.325
32.559
32.053
31.955
32.33
33.125
34.179
35.271
36.175
36.709
36.767
36.341
35.525
34.51
33.551
32.905
32.744
33.086
33.791
34.624
35.344
35.773
35.83
35.527
34.952
34.23
33.486
32.812
32.252
31.808
31.465
31.212
31.065
31.067
31.266
31.689
32.313
33.056
33.797
34.413
34.817
34.993
35.003
34.979
35.072
35.395
35.964
36.68
37.355
37.771
37.744
37.184
36.131
34.775
33.439
32.512
32.297
32.859
33.973
35.23
36.214
36.631
36.372
35.52
34.316
33.09
32.15
31.671
31.626
31.827
32.02
31.996
31.653
31.025
30.274
29.663
29.477
29.901
30.911
32.27
33.62
34.618
35.045
34.861
34.23
33.479
32.997
33.072
33.735
34.743
35.697
36.211
36.023
35.058
33.441
31.491
29.676
28.501
28.304
29.068
30.431
31.892
33.016
33.538
33.386
32.66
31.584
30.429
29.424
28.678
28.152
27.718
27.244
26.677
26.084
25.636
25.553
25.992
26.96
28.287
29.688
30.867
31.598
31.785
31.496
30.962
30.52
30.497
31.048
32.061
33.207
34.094
34.412
34.013
32.954
31.485
30.002
28.935
28.585
28.968
29.816
30.723
31.312
31.344
30.757
29.675
28.394
27.323
26.855
27.184
28.186
29.491
30.662
31.352
31.379
30.748
29.647
28.406
27.411
26.973
27.181
27.863
28.685
29.299
29.459
29.075
28.222
27.134
26.156
25.645
25.819
26.642
27.847
29.072
30.003
30.45
30.37
29.861
29.123
28.403
27.909
27.745
27.876
28.165
28.448
28.596
28.55
28.318
27.953
27.518
27.058
26.597
26.149
25.748
25.465
25.404
25.658
26.251
27.102
28.029
28.809
29.243
29.217
28.735
27.933
27.068
26.45
26.335
26.799
27.694
28.725
29.577
30.028
30.009
29.625
29.129
28.843
29.015
29.684
30.639
31.523
31.98
31.783
30.893
29.491
27.948
26.735
26.236
26.542
27.392
28.341
28.972
29.033
28.474
27.441
26.232
25.204
24.638
24.607
24.94
25.332
25.504
25.319
24.83
24.266
23.939
24.091
24.737
25.638
26.425
26.761
26.451
25.504
24.14
22.767
21.875
21.822
22.616
23.924
25.283
26.314
26.808
26.748
26.29
25.715
25.354
25.455
26.072
27.035
28.038
28.765
28.984
28.597
27.653
26.345
24.983
23.92
23.44
23.622
24.304
25.173
25.901
26.239
26.052
25.329
24.17
22.774
21.412
20.369
19.856
19.916
20.404
21.063
21.635
21.936
21.885
21.509
20.93
20.331
19.902
19.771
19.953
20.352
20.817
21.213
21.463
21.558
21.546
21.498
21.474
21.497
21.551
21.593
21.581
21.484
21.304
21.065
20.809
20.583
20.43
20.381
20.449
20.629
20.895
21.202
21.494
21.712
21.811
21.774
21.616
21.386
21.146
20.943
20.783
20.621
20.38
19.979
19.377
18.596
17.728
16.915
16.306
15.998
15.996
16.221
16.569
16.963
17.38
17.837
18.354
18.921
19.477
19.918
20.136
20.056
19.676
19.092
18.496
18.132
18.194
18.725
19.585
20.537
21.358
21.914
22.181
22.229
22.162
22.063
21.945
21.756
21.42
20.895
20.225
19.535
18.993
18.72
18.712
18.83
18.875
18.683
18.204
17.536
16.91
16.606
16.81
17.481
18.368
19.157
19.6
19.595
19.213
18.676
18.289
18.304
18.77
19.51
20.229
20.669
20.699
20.347
19.768
19.185
18.785
18.63
18.639
18.652
18.526
18.205
17.726
17.197
16.727
16.378
16.137
15.945
15.755
15.577
15.477
15.54
15.794
16.172
16.527
16.694
16.568
16.158
15.612
15.191
15.163
15.647
16.52
17.497
18.285
18.691
18.67
18.31
17.792
17.311
16.985
16.811
16.689
16.508
16.229
15.907
15.665
15.609
15.749
15.975
16.116
16.025
15.648
15.056
14.432
14.011
13.969
14.311
14.869
15.41
15.747
15.804
15.63
15.362
15.165
15.134
15.241
15.355
15.325
15.08
14.676
14.304
14.201
14.508
15.151
15.879
16.402
16.519
16.179
15.498
14.731
14.188
14.081
14.394
14.899
15.315
15.442
15.219
14.724
14.135
13.669
13.484
13.61
13.95
14.349
14.674
14.847
14.843
14.67
14.342
13.873
13.285
12.634
12.033
11.657
11.683
12.175
13.018
13.974
14.788
15.281
15.385
15.163
14.783
14.463
14.36
14.477
14.658
14.687
14.41
13.811
13.036
12.361
12.062
12.232
12.702
13.173
13.404
13.322
13.034
12.78
12.797
13.155
13.692
14.117
14.173
13.737
12.871
11.838
11.055
10.914
11.48
12.429
13.329
13.878
13.985
13.775
13.528
13.552
13.984
14.686
15.34
15.648
15.474
14.9
14.228
13.87
14.091
14.794
15.59
16.072
16.014
15.452
14.673
14.11
14.091
14.58
15.206
15.541
15.344
14.648
13.764
13.17
13.235
13.911
14.776
15.362
15.385
14.805
13.812
12.759
12.026
11.8
11.953
12.17
12.189
11.925
11.481
11.084
10.952
11.151
11.563
11.982
12.253
12.338
12.309
12.301
12.428
12.722
13.123
13.537
13.899
14.191
14.431
14.624
14.737
14.705
14.483
14.103
13.712
13.54
13.782
14.444
15.321
16.119
16.603
16.677
16.4
15.946
15.519
15.245
15.11
15.006
14.838
14.614
14.448
14.482
14.755
15.146
15.433
15.418
15.022
14.335
13.585
13.05
12.895
13.055
13.292
13.354
13.109
12.584
11.942
11.409
11.155
11.193
11.388
11.563
11.601
11.484
11.275
11.069
10.932
10.872
10.844
10.793
10.698
10.586
10.515
10.538
10.668
10.863
11.055
11.184
11.238
11.254
11.315
11.51
11.882
12.394
12.936
13.359
13.533
13.4
13.013
12.561
12.335
12.583
13.327
14.321
15.204
15.677
15.607
15.064
14.324
13.78
13.746
14.228
14.938
15.527
15.792
15.742
15.551
15.435
15.491
15.625
15.64
15.392
14.92
14.463
14.342
14.716
15.42
16.071
16.308
15.964
15.127
14.126
13.417
13.316
13.747
14.322
14.643
14.51
13.962
13.239
12.659
12.435
12.536
12.733
12.777
12.541
12.057
11.488
11.044
10.875
10.987
11.254
11.505
11.601
11.469
11.099
10.552
9.9571
9.5047
9.3858
9.6769
10.269
10.935
11.454
11.704
11.697
11.572
11.529
11.709
12.093
12.507
12.745
12.686
12.366
11.976
11.779
11.948
12.434
13.012
13.452
13.649
13.651
13.611
13.668
13.85
14.053
14.136
14.035
13.821
13.674
13.766
14.131
14.641
15.108
15.414
15.569
15.677
15.845
16.089
16.322
16.423
16.341
16.145
15.999
16.055
16.349
16.772
17.153
17.368
17.389
17.26
17.041
16.757
16.411
16.042
15.77
15.767
16.129
16.764
17.418
17.818
17.835
17.549
17.225
17.153
17.434
17.899
18.246
18.273
18.018
17.753
17.797
18.246
18.848
19.165
18.854
17.856
16.483
15.37
15.17
15.999
17.329
18.478
19.019
18.875
18.262
17.559
17.117
17.07
17.301
17.581
17.723
17.641
17.316
16.752
15.973
15.052
14.163
13.56
13.442
13.784
14.333
14.79
14.989
14.974
14.94
15.085
15.438
15.815
15.941
15.616
14.825
13.758
12.761
12.181
12.154
12.535
13.062
13.55
13.954
14.31
14.658
14.985
15.24
15.362
15.319
15.106
14.744
14.267
13.738
13.255
12.925
12.798
12.809
12.788
12.563
12.074
11.445
10.977
10.972
11.468
12.168
12.668
12.691
12.195
11.382
10.619
10.237
10.261
10.385
10.237
9.6328
8.6873
7.833
7.6581
8.3767
9.5718
10.671
11.303
11.328
10.796
9.9067
8.9684
8.3143
8.1422
8.3656
8.6841
8.7926
8.5149
