33.779
35.028
36.048
36.735
37.15
37.402
37.533
37.498
37.259
36.904
36.67
36.828
37.473
38.412
39.279
39.78
39.888
39.864
40.078
40.701
41.537
42.15
42.209
41.799
41.515
42.18
44.223
47.231
50.168
51.978
52.066
50.535
48.225
46.458
46.369
48.106
50.751
53.086
54.314
54.326
53.622
53
53.106
54.077
55.554
57.018
58.12
58.788
59.127
59.256
59.21
58.991
58.688
58.561
58.956
60.075
61.77
63.565
64.909
65.467
65.306
64.874
64.773
65.401
66.691
68.168
69.266
69.671
69.493
69.202
69.366
70.297
71.837
73.465
74.607
74.947
74.564
73.884
73.446
73.605
74.33
75.264
75.982
76.277
76.28
76.372
76.92
77.976
79.175
79.907
79.656
78.293
76.218
74.265
73.336
73.899
75.694
77.931
79.784
80.785
80.941
80.598
80.162
79.843
79.578
79.188
78.62
78.078
77.921
78.387
79.341
80.288
80.656
80.156
78.994
77.808
77.326
77.885
79.174
80.439
80.984
80.58
79.599
78.799
78.848
79.856
81.271
82.259
82.203
81.033
79.239
77.598
76.717
76.661
76.972
77.04
76.535
75.593
74.688
74.285
74.482
74.935
75.121
74.718
73.839
72.984
72.709
73.21
74.123
74.74
74.438
73.053
71.004
69.121
68.2
68.473
69.435
70.189
69.995
68.657
66.601
64.659
63.595
63.607
64.192
64.523
63.991
62.567
60.839
59.733
59.943
61.42
63.38
64.815
65.032
63.927
61.991
60.066
58.912
58.755
59.187
59.522
59.287
58.524
57.759
57.67
58.593
60.234
61.855
62.751
62.663
61.939
61.389
61.832
63.52
65.915
68.019
68.934
68.268
66.269
63.727
61.634
60.676
60.874
61.708
62.61
63.397
64.325
65.792
67.888
70.16
71.784
71.993
70.489
67.69
64.726
63.056
63.635
66.192
69.415
71.812
72.426
71.126
68.602
66.119
64.969
65.739
67.95
70.449
72.107
72.288
70.967
68.643
66.112
64.135
63.124
63.003
63.359
63.737
63.878
63.771
63.57
63.442
63.429
63.406
63.152
62.47
61.31
59.822
58.331
57.223
56.781
57.04
57.78
58.638
59.273
59.492
59.285
58.798
58.244
57.821
57.653
57.787
58.228
58.972
59.992
61.19
62.362
63.213
63.449
62.906
61.671
60.141
58.951
58.728
59.749
61.738
64.003
65.787
66.587
66.318
65.32
64.212
63.609
63.812
64.659
65.67
66.352
66.465
66.106
65.627
65.412
65.638
66.153
66.575
66.507
65.744
64.377
62.743
61.273
60.275
59.786
59.578
59.326
58.806
58.006
57.114
56.396
56.023
55.963
55.991
55.831
55.32
54.51
53.672
53.174
53.28
53.978
54.964
55.792
56.096
55.762
55.003
54.306
54.239
55.151
56.959
59.188
61.23
62.627
63.242
63.281
63.181
63.382
64.078
65.102
66.032
66.432
66.087
65.112
63.91
62.987
62.684
63.002
63.644
64.244
64.616
64.854
65.245
66.032
67.183
68.33
68.927
68.522
66.985
64.617
62.103
60.257
59.618
60.127
61.178
62.008
62.106
61.43
60.395
59.658
59.749
60.724
62.111
63.195
63.409
62.61
61.189
59.952
59.766
61.024
63.34
65.749
67.211
67.047
65.17
62.155
59.136
57.426
57.827
60.098
63.164
65.83
67.326
67.491
66.712
65.696
65.119
65.28
65.96
66.6
66.636
65.762
64.045
61.874
59.809
58.341
57.686
57.724
58.119
58.524
58.725
58.685
58.496
58.288
58.155
58.117
58.137
58.17
58.207
58.293
58.508
58.922
59.548
60.324
61.124
61.806
62.264
62.475
62.526
62.602
62.933
63.706
64.966
66.566
68.192
69.458
70.038
69.786
68.811
67.488
66.368
65.968
66.509
67.763
69.135
69.915
69.546
67.813
64.933
61.541
58.564
56.898
56.957
58.424
60.448
62.11
62.788
62.311
60.971
59.419
58.426
58.53
59.738
61.526
63.135
63.93
63.64
62.449
60.958
59.988
60.22
61.829
64.389
67.137
69.34
70.543
70.641
69.833
68.492
67.003
65.616
64.399
63.289
62.227
61.264
60.589
60.444
60.976
62.106
63.533
64.836
65.645
65.763
65.238
64.349
63.524
63.184
63.565
64.613
66.024
67.4
68.418
68.941
69.038
68.917
68.812
68.855
69.015
69.127
68.991
68.49
67.657
66.669
65.77
65.154
64.863
64.775
64.669
64.337
63.681
62.75
61.722
60.82
60.216
59.961
59.966
60.062
60.087
59.967
59.754
59.608
59.728
60.25
61.169
62.323
63.449
64.287
64.68
64.632
64.314
64.01
64.003
64.453
65.318
66.361
67.251
67.689
67.509
66.735
65.568
64.333
63.372
62.911
62.98
63.399
63.865
64.073
63.835
63.142
62.193
61.351
61.037
61.548
62.895
64.753
66.572
67.784
67.999
67.163
65.63
64.129
63.547
64.516
67.028
70.403
73.641
75.827
76.39
75.201
72.557
69.083
65.555
62.648
60.704
59.63
59.04
58.516
57.83
57.028
56.377
56.22
56.783
58.039
59.693
61.301
62.438
62.83
62.45
61.535
60.534
59.968
60.209
61.307
62.962
64.69
66.037
66.745
66.808
66.443
65.984
65.729
65.818
66.174
66.559
66.681
66.317
65.378
63.943
62.242
60.605
59.388
58.868
59.155
60.147
61.559
63.019
64.161
64.717
64.569
63.783
62.607
61.424
60.64
60.538
61.146
62.213
63.315
64.012
63.989
63.14
61.579
59.613
57.652
56.089
55.166
54.898
55.092
55.457
55.743
55.838
55.804
55.842
56.19
56.993
58.195
59.534
60.639
61.172
60.959
60.064
58.791
57.588
56.887
56.901
57.517
58.367
58.997
59.053
58.385
57.072
55.381
53.682
52.33
51.542
51.326
51.501
51.799
51.999
52.024
51.993
52.179
52.901
54.345
56.432
58.817
61.005
62.521
63.041
62.47
60.955
58.847
56.619
54.722
53.452
52.852
52.734
52.799
52.768
52.478
51.916
51.203
50.553
50.202
50.323
50.958
52.002
53.23
54.376
55.194
55.515
55.259
54.439
53.138
51.49
49.662
47.834
46.198
44.929
44.173
44.003
44.402
45.254
46.37
47.53
48.526
49.194
49.443
49.261
48.726
47.981
47.205
46.56
46.14
45.951
45.917
45.934
45.918
45.839
45.721
45.616
45.567
45.576
45.607
45.597
45.497
45.296
45.035
44.796
44.679
44.752
45.017
45.385
45.698
45.782
45.52
44.919
44.15
43.528
43.402
43.995
45.252
46.834
48.251
49.029
48.84
47.569
45.339
42.502
39.613
37.337
36.259
36.615
38.147
40.253
42.273
43.692
44.232
43.875
42.857
41.603
40.603
40.213
40.482
41.135
41.729
41.86
41.291
40.013
38.225
36.285
34.631
33.657
33.581
34.366
35.755
37.398
38.972
40.258
41.171
41.749
42.111
42.394
42.68
42.949
43.092
42.966
42.468
41.594
40.452
39.244
38.203
37.519
37.276
37.431
37.846
38.345
38.772
39.023
39.06
38.913
38.671
38.453
38.374
38.502
38.835
39.302
39.788
40.173
40.362
40.302
39.99
39.464
38.803
38.113
37.521
37.161
37.152
37.567
38.41
39.593
40.95
42.257
43.283
43.838
43.812
43.211
42.167
40.91
39.723
38.845
38.392
38.317
38.444
38.556
38.479
38.129
37.528
36.796
36.123
35.722
35.761
36.293
37.217
38.295
39.234
39.764
39.717
39.061
37.92
36.54
35.235
34.29
33.86
33.924
34.314
34.805
35.198
35.366
35.264
34.916
34.405
33.852
33.393
33.147
33.177
33.467
33.921
34.395
34.742
34.853
34.68
34.247
33.637
32.976
32.404
32.047
31.991
32.262
32.825
33.587
34.415
35.161
35.686
35.891
35.74
35.274
34.61
33.915
33.358
33.049
32.996
33.103
33.211
33.165
32.859
32.263
31.429
30.468
29.531
28.77
28.306
28.195
28.413
28.864
29.412
29.913
30.257
30.382
30.288
30.032
29.709
29.424
29.265
29.277
29.453
29.74
30.064
30.348
30.533
30.586
30.499
30.285
29.968
29.578
29.139
28.671
28.192
27.722
27.284
26.906
26.614
26.426
26.349
26.372
26.471
26.613
26.765
26.905
27.019
27.114
27.199
27.281
27.355
27.394
27.362
27.22
26.943
26.534
26.023
25.469
24.942
24.512
24.228
24.108
24.129
24.23
24.328
24.335
24.185
23.844
23.328
22.699
22.05
21.483
21.078
20.873
20.859
20.988
21.2
21.435
21.65
21.816
21.919
21.965
21.97
21.961
21.967
22.009
22.097
22.22
22.359
22.486
22.576
22.615
22.595
22.521
22.403
22.262
22.125
22.027
22.016
22.14
22.439
22.926
23.578
24.33
25.09
25.759
26.252
26.512
26.521
26.297
25.892
25.378
24.839
24.359
24.008
23.825
23.811
23.92
24.077
24.196
24.206
24.067
23.78
23.384
22.942
22.523
22.19
21.976
21.889
21.906
21.987
22.088
22.172
22.227
22.266
22.324
22.445
22.659
22.966
23.332
23.699
24.007
24.211
24.288
24.246
24.111
23.924
23.729
23.564
23.459
23.425
23.45
23.501
23.529
23.479
23.307
22.991
22.535
21.97
21.347
20.728
20.18
19.757
19.499
19.427
19.539
19.808
20.191
20.624
21.036
21.35
21.505
21.458
21.195
20.736
20.134
19.465
18.82
18.29
17.957
17.878
18.071
18.512
19.13
19.823
20.472
20.967
21.228
21.216
20.939
20.448
19.828
19.182
18.614
18.21
18.031
18.101
18.409
18.912
19.544
20.225
20.873
21.407
21.761
21.884
21.748
21.351
20.724
19.925
19.038
18.165
17.408
16.859
16.583
16.611
16.925
17.471
18.156
18.869
19.498
19.952
20.176
20.158
19.936
19.582
19.187
18.837
18.591
18.472
18.465
18.531
18.613
18.656
18.613
18.457
18.19
17.849
17.504
17.242
17.139
17.237
17.524
17.944
18.416
18.861
19.219
19.452
19.549
19.523
19.409
19.264
19.161
19.171
19.345
19.689
20.165
20.694
21.182
21.545
21.725
21.699
21.475
21.087
20.588
20.031
19.468
18.945
18.493
18.14
17.901
17.788
17.801
17.929
18.146
18.41
18.668
18.867
18.963
18.93
18.766
18.496
18.162
17.815
17.506
17.282
17.181
17.237
17.471
17.883
18.441
19.077
19.695
20.196
20.494
20.538
20.319
19.867
19.25
18.554
17.87
17.283
16.858
16.632
16.612
16.775
17.073
17.439
17.805
18.111
18.315
18.398
18.366
18.243
18.069
17.889
17.746
17.675
17.697
17.822
18.047
18.363
18.757
19.211
19.708
20.228
20.748
21.242
21.684
22.048
22.314
22.473
22.526
22.492
22.399
22.28
22.172
22.102
22.084
22.118
22.19
22.272
22.326
22.312
22.192
21.939
21.545
21.029
20.433
19.819
19.258
18.81
18.517
18.391
18.42
18.573
18.812
19.095
19.383
19.647
19.864
20.028
20.145
20.232
20.312
20.407
20.535
20.709
20.934
21.213
21.541
21.913
22.321
22.757
23.214
23.683
24.152
24.605
25.016
25.356
25.596
25.711
25.689
25.53
25.244
24.856
24.407
23.946
23.537
23.245
23.123
23.196
23.454
23.856
24.335
24.818
25.235
25.524
25.634
25.53
25.198
24.651
23.936
23.128
22.325
21.624
21.105
20.814
20.758
20.912
21.234
21.671
22.163
22.651
23.078
23.403
23.606
23.693
23.693
23.648
23.598
23.578
23.603
23.68
23.803
23.961
24.137
24.311
24.457
24.555
24.589
24.556
24.464
24.335
24.197
24.087
24.044
24.102
24.288
24.608
25.045
25.554
26.075
26.544
26.907
27.126
27.187
27.094
26.87
26.552
26.191
25.85
25.597
25.494
25.585
25.876
26.339
26.916
27.533
28.118
28.609
28.956
29.128
29.107
28.9
28.538
28.083
27.618
27.232
26.998
26.947
27.056
27.262
27.48
27.631
27.661
27.545
27.289
26.921
26.489
26.059
25.713
25.54
25.622
26.007
26.686
27.585
28.582
29.532
30.304
30.799
30.968
30.817
30.403
29.826
29.214
28.701
28.406
28.406
28.724
29.327
30.131
31.025
31.887
32.604
33.092
33.297
33.211
32.863
32.312
31.64
30.93
30.257
29.675
29.215
28.89
28.701
28.639
28.696
28.86
29.115
29.441
29.812
30.193
30.548
30.839
31.034
31.109
31.057
30.888
30.632
30.331
30.04
29.809
29.679
29.67
29.773
29.956
30.171
30.37
30.513
30.579
30.568
30.493
30.378
30.251
30.135
30.046
29.995
29.988
30.025
30.104
30.218
30.363
30.529
30.711
30.902
31.099
31.302
31.511
31.729
31.952
32.175
32.386
32.566
32.698
32.765
32.76
32.684
32.545
32.36
32.147
31.929
31.725
31.558
31.45
31.421
31.486
31.649
31.905
32.23
32.591
32.947
33.255
33.481
33.604
33.622
33.552
33.423
33.273
33.137
33.044
33.007
33.032
33.116
33.255
33.453
33.717
34.059
34.49
35.011
35.605
36.235
36.846
37.372
37.747
37.915
37.839
37.514
36.975
36.307
35.637
35.12
34.898
35.05
35.546
36.249
36.955
37.448
37.559
37.199
36.374
35.175
33.766
32.356
31.161
30.373
30.11
30.387
31.107
32.086
33.104
33.954
34.481
34.613
34.372
33.869
33.282
32.813
32.63
32.819
33.35
34.104
34.91
35.6
36.045
36.175
35.983
35.521
34.881
34.18
33.529
33.016
32.693
32.576
32.657
32.911
33.31
33.821
34.411
35.046
35.69
36.311
36.882
37.381
37.8
38.137
38.396
38.583
38.695
38.716
38.617
38.359
37.912
37.259
36.414
35.425
34.371
33.361
32.52
31.968
31.799
32.045
32.657
33.506
34.413
35.186
35.667
35.764
35.472
34.875
34.133
33.454
33.038
33.018
33.417
34.134
34.985
35.758
36.266
36.382
36.058
35.332
34.321
33.199
32.165
31.396
31.004
31.008
31.343
31.89
32.52
33.123
33.626
33.999
34.25
34.417
34.555
34.714
34.923
35.179
35.442
35.655
35.752
35.684
35.426
34.986
34.406
33.75
33.102
32.55
32.173
32.026
32.126
32.447
32.92
33.446
33.912
34.213
34.28
34.086
33.668
33.116
32.566
32.168
32.044
32.253
32.766
33.476
34.231
34.866
35.241
35.263
34.899
34.189
33.249
32.255
31.421
30.944
30.943
31.417
32.248
33.254
34.244
35.065
35.624
35.885
35.866
35.621
35.225
34.758
34.295
33.898
33.608
33.445
33.415
33.513
33.728
34.045
34.449
34.921
35.438
35.969
36.477
36.914
37.228
37.367
37.283
36.948
36.358
35.551
34.608
33.657
32.864
32.398
32.386
32.865
33.758
34.889
36.03
36.957
37.494
37.54
37.094
36.258
35.229
34.263
33.616
33.452
33.787
34.479
35.298
36.006
36.429
36.487
36.195
35.64
34.952
34.265
33.683
33.257
32.994
32.868
32.851
32.931
33.119
33.435
33.888
34.452
35.06
35.613
36.009
36.177
36.101
35.839
35.505
35.242
35.166
35.319
35.64
35.985
36.172
36.037
35.491
34.556
33.383
32.234
31.425
31.202
31.617
32.485
33.467
34.215
34.482
34.185
33.411
32.383
31.387
30.669
30.344
30.347
30.493
30.558
30.372
29.864
29.084
28.2
27.475
27.199
27.569
28.575
29.983
31.434
32.576
33.172
33.163
32.681
32.02
31.546
31.545
32.075
32.94
33.785
34.254
34.098
33.239
31.779
29.998
28.316
27.191
26.95
27.61
28.872
30.283
31.43
32.044
32.03
31.457
30.514
29.45
28.492
27.768
27.274
26.909
26.553
26.146
25.724
25.42
25.407
25.819
26.664
27.805
29.005
30.009
30.621
30.764
30.508
30.072
29.763
29.863
30.484
31.495
32.581
33.381
33.615
33.158
32.074
30.602
29.113
28.006
27.558
27.79
28.465
29.212
29.685
29.665
29.102
28.128
27.042
26.244
26.096
26.731
27.969
29.413
30.631
31.299
31.262
30.556
29.399
28.141
27.176
26.8
27.066
27.77
28.562
29.101
29.156
28.648
27.658
26.417
25.262
24.55
24.509
25.128
26.161
27.259
28.111
28.524
28.448
27.965
27.26
26.566
26.091
25.949
26.124
26.501
26.92
27.246
27.391
27.32
27.04
26.577
25.97
25.275
24.576
24.002
23.715
23.869
24.533
25.637
26.974
28.267
29.249
29.725
29.62
28.996
28.057
27.125
26.547
26.57
27.204
28.223
29.272
30.017
30.245
29.919
29.188
28.366
27.837
27.898
28.585
29.643
30.649
31.192
31.004
30.022
28.411
26.554
24.974
24.162
24.313
25.202
26.338
27.236
27.577
27.258
26.378
25.196
24.059
23.283
23.015
23.169
23.488
23.703
23.652
23.346
22.958
22.744
22.907
23.465
24.217
24.844
25.043
24.634
23.616
22.19
20.739
19.742
19.576
20.276
21.518
22.84
23.854
24.339
24.26
23.755
23.102
22.653
22.704
23.354
24.447
25.657
26.627
27.08
26.871
26.007
24.654
23.121
21.813
21.103
21.165
21.863
22.843
23.712
24.173
24.064
23.374
22.219
20.831
19.517
18.592
18.26
18.515
19.15
19.873
20.428
20.658
20.523
20.094
19.528
19.023
18.754
18.799
19.113
19.562
19.998
20.319
20.494
20.554
20.565
20.585
20.634
20.689
20.701
20.619
20.42
20.115
19.744
19.363
19.022
18.751
18.564
18.464
18.455
18.55
18.757
19.068
19.445
19.817
20.097
20.212
20.124
19.852
19.467
19.076
18.775
18.606
18.528
18.439
18.222
17.796
17.158
16.391
15.652
15.123
14.946
15.158
15.68
16.374
17.106
17.78
18.35
18.792
19.097
19.249
19.23
19.033
18.685
18.261
17.891
17.729
17.887
18.372
19.072
19.806
20.402
20.755
20.854
20.77
20.614
20.479
20.393
20.308
20.136
19.812
19.337
18.793
18.314
18.019
17.938
17.994
18.041
17.942
17.642
17.2
16.78
16.592
16.779
17.325
18.05
18.708
19.086
19.09
18.768
18.31
17.986
18.028
18.494
19.232
19.972
20.466
20.582
20.335
19.871
19.405
19.123
19.091
19.228
19.372
19.368
19.146
18.73
18.217
17.722
17.323
17.031
16.807
16.612
16.446
16.363
16.426
16.657
16.992
17.299
17.433
17.31
16.959
16.541
16.306
16.479
17.111
18.033
18.948
19.581
19.772
19.519
18.962
18.336
17.866
17.655
17.642
17.651
17.52
17.188
16.723
16.283
16.021
15.982
16.067
16.087
15.873
15.356
14.6
13.8
13.208
13.014
13.219
13.636
14.019
14.194
14.127
13.931
13.809
13.942
14.367
14.933
15.398
15.557
15.34
14.857
14.392
14.291
14.752
15.67
16.708
17.505
17.824
17.618
17.023
16.323
15.842
15.782
16.103
16.568
16.896
16.903
16.553
15.948
15.29
14.795
14.606
14.729
15.056
15.443
15.776
15.993
16.07
15.992
15.736
15.275
14.609
13.808
13.045
12.587
12.686
13.401
14.521
15.692
16.582
16.972
16.796
16.151
15.28
14.508
14.104
14.123
14.373
14.559
14.463
14.042
13.444
12.947
12.807
13.081
13.57
13.969
14.045
13.735
13.171
12.633
12.421
12.648
13.147
13.587
13.667
13.24
12.362
11.312
10.552
10.513
11.245
12.363
13.386
13.99
14.077
13.772
13.381
13.265
13.617
14.311
14.997
15.333
15.148
14.523
13.796
13.454
13.831
14.812
15.936
16.729
16.935
16.58
15.961
15.528
15.629
16.245
17.008
17.485
17.419
16.831
16.017
15.428
15.414
15.948
16.65
17.073
16.938
16.228
15.181
14.208
13.701
13.77
14.163
14.479
14.427
13.937
13.169
12.442
12.083
12.213
12.658
13.096
13.27
13.088
12.634
12.123
11.795
11.793
12.082
12.519
12.975
13.408
13.838
14.279
14.676
14.902
14.834
14.446
13.884
13.471
13.577
14.345
15.557
16.794
17.682
18.032
17.861
17.362
16.803
16.39
16.159
15.994
15.76
15.441
15.183
15.196
15.577
16.185
16.714
16.873
16.521
15.739
14.818
14.148
13.996
14.299
14.721
14.899
14.635
13.96
13.11
12.432
12.201
12.428
12.879
13.262
13.399
13.275
13.003
12.743
12.604
12.584
12.59
12.517
12.327
12.079
11.896
11.894
12.094
12.4
12.66
12.751
12.638
12.397
12.19
12.186
12.474
12.994
13.582
14.049
14.261
14.185
13.901
13.596
13.513
13.83
14.545
15.463
16.303
16.824
16.908
16.594
16.081
15.66
15.581
15.899
16.448
16.965
17.254
17.262
17.072
16.825
16.615
16.43
16.18
15.807
15.383
15.117
15.242
15.805
16.587
17.219
17.388
16.973
16.109
15.164
14.604
14.701
15.31
15.999
16.366
16.233
15.684
15.014
14.574
14.555
14.857
15.183
15.257
14.969
14.408
13.813
13.454
13.474
13.809
14.246
14.572
14.654
14.458
14.021
13.426
12.781
12.211
11.845
11.769
11.97
12.328
12.669
12.853
12.836
12.7
12.612
12.728
13.079
13.532
13.883
13.973
13.778
13.423
13.13
13.091
13.336
13.725
14.063
14.241
14.287
14.33
14.49
14.77
15.042
15.143
14.997
14.682
14.422
14.46
14.889
15.579
16.279
16.781
17.017
17.049
17.002
16.965
16.943
16.884
16.766
16.663
16.731
17.104
17.777
18.59
19.318
19.79
19.953
19.866
19.639
19.374
19.116
18.876
18.674
18.556
18.572
18.709
18.875
18.941
18.835
18.604
18.4
18.389
18.612
18.945
19.187
19.211
19.062
18.932
19.016
19.332
19.657
19.663
19.129
18.099
16.951
16.297
16.606
17.776
19.229
20.359
20.827
20.607
19.94
19.204
18.74
18.684
18.937
19.288
19.553
19.625
19.444
18.967
18.177
17.13
16.001
15.079
14.637
14.746
15.203
15.701
16.04
16.222
16.394
16.698
17.12
17.462
17.46
16.934
15.893
14.563
13.327
12.566
12.422
12.708
13.118
13.453
13.689
13.902
14.153
14.424
14.627
14.677
14.548
14.282
13.971
13.707
13.561
13.568
13.723
13.964
14.168
14.176
13.857
13.183
12.295
11.509
11.188
11.467
12.097
12.641
12.76
12.348
11.556
10.733
10.25
10.216
10.374
10.328
9.824
8.8888
7.872
7.3801
7.8341
8.9678
10.166
10.961
11.133
10.678
9.7691
8.7495
8.0684
8.0614
8.651
9.4206
9.9486
9.9817
