33.475
34.847
35.783
36.157
36.146
36.071
36.139
36.303
36.338
36.086
35.637
35.32
35.463
36.105
36.922
37.469
37.507
37.177
36.914
37.116
37.786
38.494
38.723
38.31
37.675
37.682
39.032
41.576
44.333
46.139
46.255
44.674
42.193
40.206
39.981
41.696
44.333
46.582
47.654
47.513
46.743
46.174
46.376
47.338
48.6
49.676
50.36
50.745
51.027
51.285
51.409
51.243
50.799
50.377
50.44
51.298
52.83
54.509
55.718
56.093
55.706
55.021
54.651
54.988
55.958
57.098
57.886
58.053
57.721
57.318
57.345
58.061
59.325
60.686
61.654
61.942
61.59
60.931
60.427
60.425
60.964
61.774
62.475
62.824
62.869
62.915
63.314
64.18
65.24
65.951
65.8
64.612
62.71
60.863
59.947
60.427
62.043
64.016
65.565
66.301
66.322
66.034
65.834
65.829
65.809
65.483
64.779
63.981
63.59
63.957
64.959
66.025
66.491
66.015
64.808
63.556
63.055
63.677
65.098
66.548
67.327
67.21
66.528
65.946
66.021
66.817
67.866
68.513
68.339
67.389
66.13
65.166
64.865
65.13
65.52
65.588
65.173
64.478
63.902
63.754
64.027
64.424
64.589
64.371
63.932
63.633
63.768
64.315
64.903
65.034
64.382
63.004
61.363
60.119
59.757
60.252
61.07
61.5
61.052
59.696
57.877
56.31
55.584
55.791
56.459
56.886
56.567
55.461
54.026
52.997
52.968
53.985
55.504
56.753
57.155
56.57
55.316
53.99
53.138
52.944
53.148
53.291
53.065
52.54
52.137
52.355
53.389
54.937
56.375
57.136
57.038
56.401
55.922
56.287
57.701
59.704
61.454
62.193
61.594
59.878
57.72
55.954
55.143
55.293
55.967
56.698
57.344
58.132
59.398
61.216
63.204
64.669
64.967
63.851
61.662
59.311
57.948
58.326
60.256
62.735
64.592
65.054
64.004
61.98
59.972
58.987
59.494
61.151
63.073
64.356
64.46
63.331
61.353
59.182
57.477
56.63
56.608
57.046
57.496
57.654
57.45
57.019
56.574
56.268
56.101
55.925
55.542
54.822
53.79
52.639
51.657
51.102
51.07
51.454
52.007
52.47
52.679
52.605
52.331
51.988
51.695
51.535
51.566
51.855
52.476
53.458
54.712
55.994
56.955
57.261
56.744
55.523
54.053
53.025
53.09
54.479
56.833
59.408
61.449
62.495
62.497
61.805
61.01
60.676
61.068
62.038
63.16
64.009
64.378
64.35
64.214
64.28
64.675
65.254
65.678
65.586
64.78
63.309
61.464
59.664
58.279
57.467
57.124
56.97
56.729
56.262
55.611
54.941
54.421
54.11
53.913
53.642
53.133
52.36
51.475
50.76
50.482
50.739
51.374
52.054
52.441
52.366
51.932
51.495
51.516
52.312
53.849
55.743
57.464
58.59
58.983
58.83
58.551
58.585
59.142
60.077
60.983
61.44
61.234
60.471
59.52
58.82
58.627
58.871
59.224
59.353
59.147
58.809
58.738
59.251
60.318
61.503
62.17
61.79
60.187
57.646
54.863
52.704
51.785
52.099
53.046
53.846
53.973
53.366
52.414
51.743
51.85
52.776
54.068
55.057
55.217
54.424
53.032
51.778
51.458
52.453
54.44
56.576
57.947
57.954
56.506
54.073
51.592
50.159
50.472
52.389
55.063
57.506
59.036
59.451
58.995
58.196
57.621
57.605
58.105
58.764
59.134
58.895
57.968
56.533
54.948
53.617
52.836
52.688
53.037
53.62
54.172
54.514
54.582
54.413
54.101
53.754
53.452
53.237
53.119
53.097
53.179
53.39
53.75
54.248
54.815
55.331
55.66
55.712
55.504
55.194
55.05
55.356
56.261
57.67
59.245
60.535
61.14
60.869
59.827
58.423
57.259
56.892
57.546
58.951
60.469
61.383
61.162
59.631
57.036
54.034
51.552
50.463
51.121
53.134
55.619
57.66
58.644
58.381
57.122
55.481
54.251
54.071
55.101
56.927
58.811
60.055
60.262
59.451
58.055
56.783
56.345
57.101
58.86
61.014
62.858
63.875
63.865
62.933
61.398
59.641
57.956
56.455
55.094
53.786
52.535
51.502
50.952
51.111
51.995
53.353
54.763
55.799
56.197
55.938
55.258
54.578
54.342
54.814
55.946
57.416
58.801
59.78
60.253
60.361
60.395
60.642
61.216
61.992
62.676
62.963
62.691
61.922
60.915
60.019
59.501
59.418
59.592
59.726
59.561
58.996
58.127
57.198
56.486
56.179
56.283
56.636
57.003
57.188
57.125
56.899
56.708
56.774
57.23
58.057
59.082
60.06
60.778
61.135
61.174
61.057
60.991
61.142
61.553
62.138
62.712
63.078
63.091
62.711
62.01
61.151
60.343
59.777
59.562
59.689
60.028
60.377
60.532
60.355
59.826
59.07
58.339
57.939
58.107
58.888
60.076
61.273
62.041
62.075
61.335
60.126
59.059
58.85
59.977
62.368
65.406
68.222
70.032
70.354
69.094
66.536
63.258
59.967
57.286
55.53
54.626
54.232
53.975
53.648
53.278
53.073
53.292
54.086
55.399
56.971
58.443
59.493
59.949
59.847
59.431
59.079
59.158
59.861
61.107
62.591
63.921
64.783
65.041
64.757
64.152
63.505
63.045
62.868
62.913
63.011
62.964
62.621
61.92
60.903
59.703
58.522
57.592
57.127
57.267
58.025
59.271
60.751
62.153
63.181
63.634
63.464
62.807
61.96
61.301
61.149
61.617
62.546
63.57
64.263
64.3
63.556
62.139
60.362
58.644
57.38
56.787
56.837
57.289
57.827
58.195
58.298
58.223
58.191
58.451
59.145
60.214
61.394
62.325
62.685
62.316
61.292
59.911
58.605
57.786
57.654
58.115
58.828
59.376
59.427
58.838
57.673
56.165
54.636
53.393
52.624
52.343
52.407
52.594
52.707
52.66
52.514
52.461
52.755
53.588
54.98
56.741
58.527
59.957
60.726
60.687
59.876
58.508
56.913
55.453
54.411
53.902
53.853
54.056
54.264
54.284
54.027
53.527
52.924
52.423
52.231
52.478
53.166
54.159
55.221
56.09
56.547
56.459
55.804
54.664
53.206
51.644
50.194
49.042
48.309
48.042
48.22
48.771
49.594
50.567
51.565
52.47
53.18
53.626
53.783
53.682
53.4
53.048
52.739
52.551
52.505
52.563
52.653
52.703
52.676
52.575
52.438
52.312
52.225
52.179
52.152
52.12
52.075
52.043
52.076
52.23
52.532
52.947
53.362
53.616
53.542
53.046
52.167
51.118
50.259
49.983
50.535
51.855
53.572
55.148
56.058
55.941
54.665
52.357
49.389
46.342
43.912
42.714
43.026
44.633
46.948
49.287
51.096
52.06
52.15
51.609
50.878
50.448
50.647
51.476
52.617
53.589
53.961
53.488
52.169
50.243
48.125
46.307
45.227
45.117
45.932
47.397
49.133
50.792
52.141
53.092
53.696
54.094
54.444
54.842
55.269
55.598
55.653
55.287
54.452
53.219
51.775
50.368
49.241
48.563
48.384
48.637
49.177
49.833
50.453
50.932
51.233
51.382
51.464
51.596
51.891
52.419
53.179
54.089
55.009
55.777
56.246
56.321
55.977
55.271
54.339
53.379
52.631
52.328
52.645
53.637
55.217
57.158
59.151
60.869
62.04
62.493
62.195
61.254
59.893
58.397
57.035
55.989
55.311
54.932
54.721
54.55
54.345
54.113
53.936
53.946
54.28
55.028
56.176
57.588
59.027
60.206
60.863
60.829
60.063
58.678
56.912
55.085
53.516
52.441
51.948
51.971
52.344
52.867
53.364
53.712
53.846
53.766
53.529
53.241
53.033
53.025
53.273
53.741
54.295
54.749
54.922
54.694
54.046
53.068
51.943
50.905
50.189
49.974
50.336
51.234
52.516
53.952
55.288
56.291
56.808
56.798
56.351
55.67
55.012
54.598
54.521
54.708
54.951
54.993
54.624
53.737
52.356
50.618
48.743
46.985
45.579
44.697
44.411
44.686
45.399
46.38
47.452
48.472
49.347
50.039
50.558
50.945
51.25
51.517
51.772
52.023
52.263
52.476
52.64
52.731
52.721
52.577
52.27
51.775
51.086
50.225
49.243
48.224
47.264
46.458
45.875
45.542
45.438
45.502
45.652
45.803
45.891
45.888
45.81
45.713
45.671
45.749
45.97
46.295
46.629
46.855
46.868
46.61
46.092
45.391
44.636
43.979
43.555
43.447
43.652
44.077
44.561
44.907
44.938
44.535
43.668
42.409
40.922
39.434
38.179
37.344
37.014
37.163
37.684
38.428
39.247
40.014
40.628
41.022
41.167
41.076
40.811
40.465
40.151
39.963
39.958
40.131
40.427
40.754
41.018
41.139
41.071
40.804
40.369
39.834
39.306
38.918
38.806
39.08
39.775
40.836
42.122
43.442
44.604
45.451
45.89
45.896
45.506
44.809
43.924
42.986
42.123
41.442
41.005
40.815
40.825
40.944
41.073
41.132
41.074
40.898
40.634
40.333
40.045
39.804
39.622
39.489
39.38
39.266
39.132
38.986
38.865
38.823
38.912
39.153
39.518
39.932
40.289
40.491
40.47
40.207
39.732
39.116
38.453
37.847
37.393
37.16
37.18
37.43
37.835
38.281
38.641
38.802
38.69
38.283
37.611
36.748
35.795
34.863
34.057
33.457
33.115
33.047
33.234
33.625
34.135
34.661
35.086
35.299
35.215
34.79
34.032
33.007
31.83
30.646
29.613
28.873
28.537
28.662
29.241
30.192
31.367
32.577
33.623
34.337
34.605
34.392
33.745
32.778
31.655
30.56
29.668
29.113
28.976
29.273
29.96
30.944
32.101
33.297
34.402
35.305
35.918
36.182
36.066
35.573
34.74
33.641
32.385
31.101
29.93
28.999
28.408
28.21
28.407
28.942
29.714
30.586
31.411
32.055
32.421
32.463
32.195
31.68
31.017
30.317
29.679
29.172
28.824
28.624
28.531
28.487
28.432
28.323
28.142
27.905
27.66
27.471
27.395
27.462
27.657
27.931
28.214
28.438
28.555
28.541
28.401
28.16
27.866
27.574
27.351
27.254
27.323
27.563
27.942
28.391
28.828
29.17
29.356
29.356
29.171
28.829
28.376
27.866
27.346
26.858
26.432
26.094
25.866
25.772
25.833
26.058
26.433
26.91
27.418
27.868
28.181
28.303
28.219
27.954
27.568
27.138
26.744
26.454
26.326
26.398
26.692
27.196
27.858
28.581
29.24
29.707
29.878
29.696
29.163
28.333
27.306
26.205
25.157
24.271
23.628
23.266
23.183
23.338
23.66
24.062
24.46
24.788
25.003
25.095
25.075
24.978
24.844
24.718
24.64
24.637
24.728
24.913
25.183
25.515
25.886
26.267
26.636
26.976
27.276
27.528
27.726
27.863
27.928
27.917
27.827
27.667
27.459
27.228
27.003
26.806
26.649
26.528
26.434
26.346
26.245
26.106
25.908
25.634
25.279
24.852
24.382
23.914
23.494
23.166
22.951
22.852
22.85
22.914
23.015
23.124
23.221
23.3
23.362
23.421
23.496
23.603
23.757
23.959
24.205
24.487
24.796
25.124
25.467
25.821
26.184
26.561
26.96
27.389
27.849
28.328
28.795
29.212
29.54
29.749
29.827
29.773
29.598
29.323
28.976
28.598
28.248
27.992
27.888
27.97
28.228
28.612
29.051
29.466
29.791
29.976
29.987
29.803
29.421
28.857
28.157
27.393
26.655
26.028
25.574
25.322
25.264
25.374
25.618
25.963
26.373
26.809
27.228
27.592
27.879
28.079
28.199
28.253
28.254
28.209
28.123
28.003
27.861
27.711
27.57
27.444
27.334
27.236
27.142
27.046
26.948
26.848
26.755
26.683
26.655
26.703
26.854
27.119
27.481
27.898
28.307
28.645
28.863
28.928
28.832
28.58
28.194
27.713
27.19
26.699
26.324
26.136
26.179
26.45
26.903
27.468
28.071
28.644
29.131
29.487
29.669
29.653
29.434
29.043
28.552
28.056
27.657
27.428
27.389
27.504
27.703
27.904
28.038
28.06
27.948
27.697
27.321
26.855
26.359
25.92
25.64
25.613
25.894
26.481
27.308
28.264
29.225
30.071
30.71
31.09
31.198
31.069
30.776
30.42
30.109
29.939
29.972
30.223
30.665
31.235
31.852
32.431
32.894
33.18
33.249
33.092
32.724
32.19
31.548
30.861
30.186
29.569
29.039
28.614
28.307
28.123
28.068
28.142
28.337
28.635
29.006
29.411
29.808
30.152
30.41
30.559
30.597
30.539
30.42
30.285
30.187
30.166
30.246
30.422
30.661
30.914
31.123
31.242
31.249
31.144
30.957
30.73
30.514
30.352
30.272
30.287
30.387
30.555
30.763
30.984
31.197
31.389
31.558
31.713
31.866
32.033
32.23
32.463
32.733
33.03
33.332
33.607
33.819
33.933
33.928
33.795
33.549
33.216
32.835
32.446
32.086
31.786
31.568
31.452
31.448
31.561
31.786
32.103
32.481
32.879
33.254
33.562
33.772
33.866
33.842
33.719
33.525
33.301
33.086
32.915
32.811
32.789
32.854
33.008
33.248
33.575
33.987
34.479
35.038
35.638
36.242
36.804
37.271
37.595
37.737
37.672
37.401
36.959
36.416
35.884
35.498
35.379
35.591
36.104
36.785
37.44
37.865
37.899
37.46
36.558
35.289
33.819
32.356
31.119
30.297
30.009
30.269
30.978
31.951
32.966
33.813
34.337
34.465
34.221
33.716
33.134
32.685
32.548
32.812
33.451
34.334
35.277
36.094
36.637
36.823
36.637
36.131
35.409
34.604
33.853
33.274
32.944
32.895
33.12
33.579
34.214
34.958
35.737
36.483
37.138
37.665
38.046
38.29
38.424
38.489
38.524
38.557
38.588
38.594
38.527
38.332
37.965
37.398
36.64
35.731
34.748
33.804
33.035
32.582
32.553
32.98
33.795
34.836
35.891
36.755
37.272
37.371
37.078
36.51
35.859
35.351
35.192
35.497
36.252
37.318
38.471
39.47
40.112
40.27
39.914
39.113
38.026
36.87
35.873
35.22
35.005
35.208
35.722
36.392
37.069
37.634
38.024
38.227
38.282
38.257
38.23
38.258
38.362
38.517
38.663
38.73
38.654
38.404
37.979
37.413
36.765
36.106
35.511
35.048
34.766
34.692
34.825
35.13
35.546
35.987
36.363
36.585
36.594
36.368
35.933
35.367
34.796
34.362
34.202
34.398
34.952
35.774
36.708
37.565
38.165
38.375
38.131
37.458
36.468
35.357
34.368
33.735
33.62
34.057
34.95
36.118
37.356
38.483
39.373
39.954
40.209
40.163
39.874
39.414
38.863
38.29
37.749
37.278
36.897
36.62
36.455
36.408
36.485
36.687
37.003
37.41
37.869
38.33
38.733
39.015
39.119
39.007
38.668
38.13
37.468
36.797
36.264
36.012
36.139
36.66
37.495
38.484
39.431
40.143
40.47
40.334
39.746
38.816
37.746
36.798
36.229
36.199
36.705
37.58
38.558
39.375
39.834
39.844
39.419
38.657
37.705
36.715
35.817
35.09
34.562
34.229
34.073
34.088
34.283
34.674
35.263
36.015
36.85
37.651
38.3
38.713
38.874
38.848
38.77
38.799
39.059
39.58
40.273
40.958
41.418
41.465
40.997
40.04
38.769
37.496
36.603
36.401
36.978
38.131
39.456
40.521
41.003
40.764
39.869
38.555
37.157
36.002
35.294
35.046
35.097
35.212
35.18
34.887
34.35
33.72
33.26
33.263
33.927
35.237
36.938
38.632
39.923
40.54
40.409
39.681
38.71
37.946
37.77
38.303
39.348
40.493
41.293
41.423
40.744
39.339
37.504
35.707
34.481
34.225
34.992
36.46
38.104
39.421
40.073
39.938
39.097
37.794
36.348
35.054
34.078
33.418
32.941
32.482
31.945
31.357
30.871
30.708
31.057
31.971
33.312
34.799
36.104
36.956
37.221
36.942
36.347
35.796
35.651
36.105
37.07
38.212
39.106
39.399
38.915
37.693
35.992
34.239
32.92
32.399
32.737
33.661
34.707
35.426
35.512
34.869
33.63
32.145
30.91
30.409
30.867
32.115
33.689
35.061
35.824
35.782
34.959
33.592
32.076
30.871
30.338
30.577
31.384
32.365
33.119
33.361
32.984
32.079
30.913
29.878
29.372
29.618
30.553
31.862
33.14
34.048
34.391
34.144
33.429
32.478
31.559
30.904
30.625
30.699
30.997
31.356
31.64
31.767
31.712
31.48
31.086
30.54
29.858
29.085
28.321
27.729
27.507
27.805
28.63
29.816
31.072
32.084
32.603
32.507
31.827
30.756
29.621
28.805
28.611
29.119
30.14
31.314
32.276
32.773
32.733
32.288
31.747
31.499
31.838
32.795
34.098
35.303
35.975
35.825
34.79
33.047
31.001
29.203
28.168
28.127
28.889
29.982
30.911
31.339
31.14
30.393
29.33
28.262
27.471
27.093
27.068
27.187
27.22
27.039
26.678
26.323
26.226
26.555
27.277
28.148
28.824
29.006
28.536
27.45
25.985
24.54
23.569
23.387
23.996
25.097
26.277
27.192
27.657
27.658
27.342
26.97
26.844
27.189
28.048
29.253
30.499
31.454
31.852
31.548
30.548
29.022
27.297
25.808
24.977
25.018
25.803
26.937
27.956
28.482
28.298
27.357
25.783
23.86
22.002
20.68
20.241
20.708
21.763
22.944
23.853
24.247
24.056
23.379
22.449
21.583
21.068
21.043
21.433
22.015
22.547
22.88
22.988
22.952
22.903
22.953
23.135
23.399
23.641
23.764
23.713
23.493
23.16
22.795
22.477
22.258
22.161
22.188
22.34
22.62
23.025
23.53
24.074
24.556
24.865
24.911
24.66
24.158
23.519
22.893
22.4
22.07
21.82
21.499
20.961
20.132
19.055
17.887
16.863
16.223
16.095
16.442
17.104
17.899
18.708
19.484
20.231
20.956
21.633
22.191
22.53
22.564
22.273
21.742
21.175
20.852
21.005
21.681
22.698
23.741
24.514
24.844
24.723
24.292
23.777
23.385
23.2
23.148
23.053
22.752
22.181
21.414
20.637
20.062
19.819
19.877
20.066
20.182
20.091
19.794
19.435
19.243
19.422
20.021
20.89
21.759
22.37
22.578
22.4
22.018
21.714
21.743
22.191
22.924
23.67
24.173
24.292
24.041
23.566
23.069
22.716
22.555
22.511
22.448
22.252
21.886
21.394
20.862
20.37
19.947
19.571
19.205
18.849
18.565
18.462
18.631
19.068
19.644
20.153
20.399
20.286
19.873
19.39
19.175
19.507
20.419
21.661
22.851
23.654
23.9
23.609
22.973
22.267
21.731
21.441
21.286
21.06
20.607
19.912
19.127
18.502
18.244
18.375
18.705
18.946
18.863
18.365
17.545
16.653
16.024
15.915
16.342
17.072
17.777
18.201
18.249
17.997
17.654
17.464
17.56
17.877
18.2
18.303
18.089
17.671
17.353
17.492
18.247
19.439
20.653
21.465
21.606
21.025
19.912
18.66
17.752
17.522
17.939
18.634
19.157
19.196
18.645
17.613
16.381
15.337
14.834
15.004
15.689
16.572
17.363
17.88
18.05
17.88
17.42
16.748
15.967
15.223
14.717
14.676
15.244
16.368
17.796
19.192
20.25
20.775
20.727
20.237
19.584
19.1
19.014
19.305
19.718
19.933
19.731
19.104
18.265
17.579
17.373
17.715
18.349
18.877
18.991
18.595
17.839
17.069
16.671
16.832
17.381
17.911
18.017
17.471
16.299
14.818
13.62
13.358
14.229
15.774
17.304
18.317
18.614
18.295
17.724
17.383
17.606
18.33
19.142
19.58
19.382
18.615
17.684
17.2
17.59
18.721
20.004
20.829
20.852
20.097
18.947
18.016
17.82
18.383
19.219
19.734
19.58
18.779
17.71
16.959
16.972
17.692
18.612
19.177
19.064
18.271
17.091
16.009
15.464
15.563
16.003
16.339
16.27
15.763
15.05
14.539
14.586
15.244
16.229
17.149
17.726
17.879
17.716
17.452
17.297
17.343
17.542
17.784
18.016
18.29
18.702
19.284
19.917
20.37
20.427
20.027
19.359
18.845
18.962
19.893
21.366
22.849
23.871
24.199
23.877
23.166
22.412
21.864
21.539
21.266
20.871
20.342
19.876
19.758
20.121
20.793
21.389
21.534
21.057
20.063
18.92
18.116
17.972
18.399
18.968
19.22
18.902
18.047
16.959
16.107
15.892
16.374
17.246
18.088
18.605
18.709
18.499
18.183
17.977
18
18.231
18.556
18.852
19.058
19.186
19.29
19.422
19.59
19.752
19.853
19.861
19.806
19.79
19.95
20.386
21.088
21.902
22.587
22.904
22.721
22.09
21.3
20.823
21.103
22.23
23.844
25.363
26.285
26.363
25.659
24.531
23.511
23.054
23.267
23.867
24.439
24.716
24.693
24.55
24.473
24.474
24.365
23.901
22.999
21.884
21.064
21.051
21.921
23.183
24.131
24.253
23.429
21.995
20.671
20.234
20.944
22.301
23.503
23.963
23.506
22.369
21.084
20.227
20.065
20.376
20.671
20.557
19.942
19.049
18.286
18.013
18.297
18.888
19.438
19.713
19.657
19.353
18.92
18.435
17.914
17.371
16.89
16.634
16.758
17.27
17.99
18.661
19.104
19.313
19.451
19.733
20.269
20.956
21.549
21.82
21.705
21.344
21.024
21.003
21.336
21.843
22.268
22.461
22.471
22.487
22.682
23.061
23.444
23.611
23.482
23.201
23.091
23.439
24.277
25.347
26.292
26.882
27.114
27.174
27.286
27.539
27.832
27.976
27.868
27.608
27.47
27.733
28.472
29.485
30.429
31.018
31.143
30.867
30.347
29.726
29.085
28.465
27.941
27.643
27.681
28.034
28.509
28.846
28.878
28.645
28.378
28.336
28.608
29.029
29.308
29.264
28.976
28.758
28.923
29.493
30.105
30.224
29.474
27.877
25.961
24.644
24.723
26.191
28.242
29.942
30.719
30.477
29.511
28.347
27.495
27.213
27.437
27.905
28.346
28.566
28.43
27.845
26.785
25.356
23.855
22.721
22.326
22.704
23.515
24.306
24.803
25.013
25.15
25.424
25.842
26.166
26.06
25.295
23.886
22.126
20.499
19.48
19.258
19.649
20.303
20.951
21.488
21.913
22.242
22.463
22.554
22.507
22.338
22.056
21.642
21.068
20.36
19.646
19.134
18.976
19.107
19.237
19.032
18.334
17.316
16.496
16.472
17.397
18.781
19.892
20.196
19.538
18.163
16.639
15.597
15.296
15.384
15.23
14.412
12.947
11.369
10.626
11.358
13.101
14.895
16.053
16.277
15.589
14.277
12.853
11.946
11.97
12.764
13.747
14.356
14.27
