36.716
38.272
39.421
40.013
40.206
40.31
40.547
40.897
41.159
41.167
40.974
40.858
41.123
41.842
42.766
43.513
43.853
43.87
43.891
44.217
44.837
45.415
45.588
45.342
45.2
46.009
48.289
51.678
55.076
57.283
57.575
56.009
53.491
51.524
51.439
53.443
56.5
59.224
60.729
60.938
60.467
60.22
60.838
62.333
64.202
65.871
67.051
67.796
68.324
68.768
69.08
69.137
68.972
68.905
69.434
70.896
73.154
75.594
77.473
78.322
78.206
77.709
77.632
78.512
80.251
82.191
83.553
83.914
83.448
82.856
82.992
84.327
86.616
89.054
90.772
91.304
90.808
89.98
89.686
90.458
92.158
94.114
95.591
96.263
96.407
96.727
97.886
99.987
102.4
104.11
104.27
102.68
99.979
97.456
96.475
97.677
100.57
103.95
106.63
108.05
108.37
108.15
107.99
108.07
108.15
107.91
107.23
106.49
106.26
106.92
108.25
109.47
109.74
108.7
106.71
104.85
104.27
105.5
108.02
110.61
112.15
112.24
111.32
110.4
110.43
111.61
113.27
114.33
114
112.2
109.63
107.39
106.33
106.54
107.33
107.78
107.39
106.26
105.08
104.53
104.88
105.74
106.41
106.38
105.68
104.85
104.57
105.14
106.16
106.77
106.17
104.14
101.25
98.637
97.455
98.064
99.752
101.19
101.22
99.437
96.389
93.298
91.439
91.332
92.383
93.333
93.099
91.387
88.868
86.881
86.673
88.534
91.567
94.302
95.552
94.921
92.89
90.526
88.915
88.526
88.975
89.411
89.186
88.316
87.507
87.694
89.34
92
94.573
95.992
95.854
94.689
93.784
94.489
97.289
101.38
105.17
107.17
106.64
103.88
100.06
96.734
95.103
95.345
96.728
98.342
99.804
101.42
103.77
107.03
110.6
113.26
113.83
111.79
107.7
103.19
100.41
100.86
104.27
108.77
112.14
112.91
110.89
107.14
103.58
102.13
103.57
107.06
110.77
112.99
112.81
110.29
106.3
102.18
99.133
97.74
97.748
98.382
98.86
98.769
98.131
97.26
96.495
95.976
95.559
94.911
93.711
91.834
89.445
86.971
84.954
83.825
83.71
84.377
85.37
86.215
86.602
86.445
85.861
85.079
84.348
83.879
83.831
84.338
85.494
87.296
89.547
91.822
93.537
94.128
93.28
91.135
88.406
86.278
85.976
88.075
92.072
96.646
100.35
102.18
101.92
100.11
97.877
96.472
96.628
98.187
100.27
101.88
102.44
102
101.17
100.69
101
101.9
102.69
102.58
101.11
98.417
95.142
92.205
90.319
89.609
89.57
89.428
88.605
87.004
85.024
83.322
82.419
82.365
82.702
82.742
81.961
80.269
78.074
76.121
75.13
75.38
76.52
77.788
78.441
78.124
77.041
75.9
75.603
76.768
79.326
82.562
85.524
87.489
88.232
88.067
87.672
87.74
88.596
90.01
91.362
92.011
91.634
90.378
88.778
87.488
86.921
87.046
87.464
87.743
87.722
87.628
87.906
88.875
90.41
91.904
92.537
91.665
89.119
85.34
81.287
78.109
76.588
76.689
77.621
78.373
78.279
77.293
75.957
75.096
75.317
76.599
78.272
79.415
79.344
77.946
75.791
73.984
73.67
75.331
78.399
81.559
83.436
83.134
80.515
76.288
71.903
69.129
69.164
71.837
75.78
79.388
81.573
82.022
81.121
79.703
78.642
78.424
78.926
79.555
79.63
78.716
76.793
74.229
71.631
69.595
68.466
68.223
68.558
69.076
69.473
69.609
69.484
69.17
68.739
68.232
67.657
67.033
66.415
65.909
65.647
65.736
66.195
66.925
67.721
68.333
68.546
68.266
67.577
66.757
66.218
66.359
67.368
69.085
71.028
72.572
73.174
72.56
70.84
68.521
66.396
65.25
65.463
66.758
68.336
69.261
68.827
66.77
63.339
59.273
55.647
53.511
53.351
54.783
56.83
58.488
59.118
58.576
57.188
55.616
54.598
54.604
55.578
56.985
58.117
58.42
57.698
56.171
54.425
53.209
53.119
54.273
56.266
58.418
60.097
60.913
60.768
59.802
58.292
56.529
54.726
52.978
51.303
49.721
48.321
47.273
46.759
46.869
47.512
48.426
49.27
49.741
49.668
49.058
48.097
47.094
46.38
46.184
46.526
47.22
47.973
48.514
48.701
48.556
48.234
47.94
47.823
47.892
48.016
47.998
47.678
47.015
46.111
45.171
44.408
43.944
43.744
43.651
43.469
43.067
42.439
41.703
41.043
40.624
40.508
40.621
40.8
40.873
40.745
40.444
40.115
39.953
40.11
40.602
41.288
41.925
42.281
42.233
41.817
41.225
40.729
40.562
40.793
41.289
41.781
41.993
41.748
41.033
39.988
38.863
37.916
37.324
37.11
37.155
37.265
37.26
37.037
36.592
36.017
35.466
35.106
35.056
35.338
35.862
36.453
36.906
37.051
36.811
36.238
35.527
34.98
34.914
35.512
36.713
38.219
39.611
40.501
40.626
39.907
38.449
36.516
34.458
32.62
31.223
30.297
29.707
29.262
28.829
28.391
28.045
27.933
28.16
28.713
29.451
30.156
30.613
30.686
30.366
29.79
29.211
28.915
29.089
29.717
30.586
31.398
31.905
31.996
31.725
31.277
30.887
30.738
30.87
31.173
31.452
31.519
31.263
30.682
29.873
28.998
28.235
27.725
27.535
27.646
27.979
28.43
28.897
29.292
29.547
29.61
29.457
29.107
28.629
28.144
27.793
27.68
27.82
28.112
28.375
28.415
28.097
27.39
26.38
25.255
24.254
23.582
23.324
23.409
23.654
23.857
23.883
23.706
23.414
23.163
23.106
23.3
23.667
24.019
24.152
23.929
23.341
22.524
21.723
21.206
21.132
21.463
21.992
22.454
22.646
22.482
22
21.337
20.681
20.206
20.006
20.06
20.253
20.443
20.526
20.482
20.396
20.423
20.724
21.372
22.298
23.314
24.195
24.754
24.899
24.645
24.105
23.453
22.864
22.459
22.265
22.219
22.213
22.147
21.967
21.672
21.312
20.965
20.712
20.613
20.686
20.907
21.224
21.569
21.88
22.103
22.198
22.135
21.9
21.494
20.939
20.282
19.589
18.939
18.405
18.04
17.861
17.848
17.956
18.128
18.31
18.459
18.542
18.537
18.436
18.239
17.962
17.636
17.303
17.014
16.809
16.711
16.713
16.782
16.869
16.933
16.948
16.912
16.846
16.779
16.74
16.748
16.804
16.896
17.005
17.111
17.199
17.26
17.282
17.255
17.167
17.008
16.784
16.531
16.313
16.212
16.296
16.578
16.996
17.429
17.73
17.776
17.494
16.884
16.022
15.065
14.234
13.77
13.836
14.421
15.341
16.33
17.14
17.605
17.659
17.353
16.841
16.342
16.064
16.105
16.401
16.771
17.011
16.976
16.62
15.996
15.243
14.552
14.112
14.046
14.354
14.925
15.595
16.211
16.675
16.956
17.091
17.156
17.226
17.338
17.469
17.541
17.467
17.185
16.687
16.032
15.324
14.691
14.24
14.023
14.028
14.193
14.435
14.686
14.898
15.054
15.159
15.235
15.306
15.389
15.49
15.601
15.713
15.819
15.918
16.011
16.091
16.144
16.149
16.087
15.954
15.766
15.568
15.43
15.43
15.632
16.052
16.644
17.304
17.896
18.292
18.404
18.207
17.749
17.143
16.538
16.074
15.827
15.789
15.878
15.991
16.044
15.997
15.864
15.699
15.588
15.624
15.869
16.333
16.949
17.6
18.152
18.495
18.571
18.384
18
17.525
17.073
16.73
16.529
16.45
16.444
16.457
16.453
16.42
16.366
16.312
16.282
16.297
16.369
16.503
16.687
16.901
17.114
17.291
17.397
17.404
17.294
17.073
16.766
16.421
16.106
15.892
15.845
16.003
16.366
16.892
17.502
18.093
18.565
18.838
18.876
18.698
18.381
18.042
17.799
17.724
17.809
17.971
18.091
18.066
17.836
17.401
16.814
16.171
15.585
15.165
14.991
15.087
15.416
15.894
16.416
16.888
17.244
17.46
17.546
17.545
17.507
17.479
17.49
17.547
17.641
17.754
17.874
17.99
18.1
18.199
18.28
18.325
18.311
18.214
18.023
17.745
17.409
17.066
16.773
16.575
16.49
16.501
16.564
16.62
16.615
16.515
16.316
16.047
15.77
15.57
15.522
15.667
15.987
16.408
16.826
17.142
17.289
17.245
17.036
16.729
16.42
16.208
16.166
16.318
16.624
16.993
17.31
17.47
17.404
17.093
16.578
15.948
15.323
14.821
14.521
14.445
14.555
14.781
15.05
15.304
15.509
15.649
15.725
15.747
15.734
15.704
15.678
15.669
15.686
15.733
15.812
15.925
16.069
16.237
16.419
16.595
16.743
16.845
16.89
16.888
16.871
16.892
17.017
17.296
17.746
18.33
18.968
19.56
20.015
20.266
20.285
20.08
19.693
19.19
18.655
18.172
17.816
17.632
17.621
17.738
17.909
18.054
18.114
18.065
17.918
17.714
17.508
17.347
17.261
17.254
17.306
17.382
17.444
17.465
17.44
17.389
17.358
17.402
17.557
17.825
18.164
18.502
18.763
18.894
18.868
18.699
18.426
18.108
17.812
17.604
17.537
17.639
17.899
18.273
18.683
19.046
19.288
19.361
19.252
18.98
18.591
18.145
17.709
17.34
17.085
16.971
17.008
17.189
17.49
17.873
18.288
18.673
18.962
19.098
19.04
18.774
18.321
17.733
17.087
16.477
16
15.741
15.758
16.067
16.635
17.38
18.185
18.927
19.498
19.821
19.867
19.654
19.243
18.72
18.184
17.728
17.425
17.316
17.411
17.689
18.109
18.619
19.165
19.7
20.18
20.569
20.833
20.94
20.869
20.613
20.188
19.636
19.02
18.42
17.916
17.579
17.455
17.557
17.861
18.305
18.8
19.248
19.56
19.672
19.562
19.248
18.79
18.267
17.768
17.365
17.101
16.985
16.992
17.077
17.182
17.252
17.248
17.151
16.976
16.765
16.58
16.485
16.525
16.71
17.015
17.392
17.786
18.148
18.442
18.651
18.774
18.828
18.844
18.862
18.924
19.054
19.254
19.499
19.742
19.93
20.02
19.986
19.826
19.556
19.207
18.817
18.417
18.032
17.676
17.354
17.066
16.816
16.612
16.47
16.407
16.433
16.541
16.709
16.897
17.067
17.187
17.244
17.244
17.202
17.137
17.064
16.996
16.949
16.948
17.022
17.197
17.476
17.831
18.204
18.519
18.709
18.727
18.561
18.227
17.77
17.249
16.732
16.283
15.953
15.778
15.768
15.903
16.143
16.434
16.722
16.964
17.133
17.223
17.24
17.207
17.151
17.106
17.101
17.162
17.301
17.519
17.803
18.131
18.477
18.817
19.131
19.402
19.622
19.78
19.869
19.882
19.816
19.672
19.463
19.209
18.943
18.698
18.506
18.388
18.352
18.391
18.484
18.6
18.702
18.753
18.718
18.576
18.323
17.976
17.573
17.17
16.825
16.588
16.491
16.538
16.712
16.977
17.285
17.589
17.846
18.027
18.12
18.131
18.082
18.005
17.933
17.896
17.912
17.992
18.136
18.334
18.568
18.818
19.064
19.293
19.502
19.694
19.875
20.046
20.198
20.318
20.389
20.397
20.332
20.187
19.958
19.65
19.273
18.857
18.449
18.106
17.883
17.818
17.918
18.161
18.506
18.898
19.28
19.593
19.784
19.808
19.641
19.29
18.795
18.224
17.655
17.161
16.788
16.555
16.459
16.486
16.624
16.855
17.155
17.491
17.825
18.128
18.39
18.616
18.822
19.027
19.237
19.447
19.644
19.811
19.936
20.009
20.026
19.982
19.879
19.72
19.523
19.308
19.105
18.938
18.829
18.792
18.834
18.956
19.152
19.407
19.695
19.984
20.236
20.419
20.516
20.521
20.441
20.29
20.086
19.849
19.599
19.365
19.174
19.057
19.034
19.113
19.283
19.523
19.808
20.108
20.397
20.644
20.815
20.874
20.795
20.573
20.233
19.828
19.431
19.116
18.928
18.877
18.932
19.043
19.158
19.237
19.253
19.195
19.06
18.858
18.617
18.387
18.238
18.244
18.464
18.913
19.556
20.313
21.085
21.77
22.285
22.574
22.618
22.436
22.083
21.645
21.224
20.919
20.801
20.899
21.199
21.647
22.168
22.68
23.106
23.384
23.475
23.366
23.078
22.659
22.174
21.692
21.268
20.934
20.696
20.54
20.446
20.398
20.386
20.411
20.477
20.588
20.744
20.938
21.157
21.38
21.579
21.733
21.82
21.836
21.787
21.693
21.587
21.507
21.484
21.536
21.66
21.831
22.009
22.148
22.211
22.179
22.051
21.85
21.608
21.365
21.159
21.019
20.966
21.008
21.144
21.357
21.622
21.908
22.178
22.406
22.571
22.669
22.705
22.699
22.672
22.647
22.642
22.665
22.717
22.788
22.868
22.944
23.006
23.044
23.053
23.028
22.966
22.872
22.757
22.639
22.541
22.486
22.494
22.573
22.721
22.923
23.153
23.379
23.569
23.697
23.748
23.722
23.631
23.497
23.348
23.211
23.106
23.044
23.031
23.067
23.149
23.28
23.465
23.712
24.025
24.402
24.825
25.262
25.67
26.002
26.214
26.274
26.163
25.886
25.474
24.991
24.528
24.189
24.065
24.19
24.527
24.966
25.362
25.58
25.526
25.17
24.546
23.744
22.891
22.131
21.596
21.382
21.52
21.968
22.618
23.328
23.951
24.371
24.523
24.406
24.083
23.662
23.277
23.044
23.033
23.244
23.614
24.04
24.415
24.652
24.701
24.558
24.258
23.863
23.45
23.085
22.81
22.643
22.577
22.595
22.681
22.82
23.003
23.222
23.47
23.747
24.054
24.396
24.777
25.19
25.62
26.036
26.405
26.685
26.841
26.839
26.659
26.293
25.753
25.069
24.29
23.483
22.729
22.118
21.736
21.651
21.883
22.39
23.071
23.787
24.392
24.769
24.854
24.647
24.215
23.687
23.224
22.984
23.07
23.493
24.168
24.94
25.635
26.1
26.234
26.002
25.44
24.651
23.787
23.021
22.504
22.331
22.511
22.977
23.614
24.295
24.912
25.389
25.689
25.818
25.815
25.741
25.66
25.619
25.633
25.681
25.72
25.701
25.585
25.359
25.033
24.645
24.249
23.907
23.679
23.612
23.728
24.023
24.456
24.963
25.462
25.866
26.105
26.134
25.942
25.563
25.069
24.562
24.157
23.953
24.006
24.312
24.803
25.37
25.884
26.229
26.318
26.11
25.617
24.909
24.1
23.333
22.748
22.444
22.454
22.74
23.217
23.784
24.351
24.856
25.259
25.545
25.709
25.761
25.71
25.573
25.367
25.118
24.854
24.609
24.417
24.306
24.293
24.378
24.547
24.774
25.026
25.273
25.486
25.639
25.711
25.683
25.541
25.281
24.915
24.477
24.029
23.655
23.447
23.477
23.772
24.294
24.946
25.595
26.104
26.361
26.3
25.914
25.262
24.467
23.699
23.136
22.913
23.066
23.518
24.112
24.672
25.057
25.186
25.047
24.686
24.188
23.647
23.151
22.761
22.506
22.393
22.418
22.576
22.867
23.29
23.831
24.452
25.088
25.655
26.076
26.298
26.317
26.182
25.988
25.847
25.849
26.024
26.323
26.636
26.826
26.771
26.403
25.736
24.881
24.037
23.449
23.319
23.698
24.448
25.305
25.991
26.303
26.167
25.639
24.884
24.121
23.546
23.26
23.238
23.354
23.448
23.391
23.118
22.647
22.085
21.611
21.434
21.711
22.456
23.511
24.612
25.493
25.968
25.984
25.639
25.152
24.798
24.79
25.175
25.811
26.439
26.795
26.695
26.077
25.015
23.718
22.503
21.719
21.614
22.2
23.243
24.388
25.309
25.794
25.769
25.291
24.511
23.625
22.807
22.152
21.659
21.257
20.867
20.458
20.069
19.804
19.797
20.141
20.837
21.778
22.78
23.644
24.216
24.426
24.32
24.053
23.856
23.945
24.417
25.192
26.046
26.713
26.982
26.755
26.073
25.109
24.128
23.414
23.162
23.39
23.934
24.533
24.936
24.981
24.632
23.99
23.274
22.77
22.72
23.202
24.081
25.077
25.886
26.279
26.152
25.544
24.624
23.657
22.935
22.671
22.902
23.474
24.12
24.575
24.649
24.269
23.49
22.492
21.548
20.951
20.897
21.377
22.187
23.031
23.643
23.859
23.639
23.065
22.31
21.595
21.117
20.982
21.166
21.546
21.959
22.267
22.389
22.306
22.042
21.644
21.167
20.66
20.176
19.782
19.569
19.63
20.025
20.728
21.617
22.5
23.175
23.48
23.337
22.775
21.936
21.065
20.449
20.323
20.749
21.582
22.545
23.349
23.787
23.784
23.412
22.887
22.505
22.533
23.062
23.942
24.859
25.477
25.553
25.01
23.947
22.637
21.462
20.786
20.779
21.318
22.075
22.702
22.957
22.76
22.18
21.411
20.705
20.28
20.219
20.429
20.705
20.837
20.71
20.355
19.947
19.735
19.918
20.512
21.323
22.043
22.384
22.179
21.422
20.282
19.084
18.224
18.012
18.496
19.439
20.479
21.303
21.731
21.73
21.403
20.956
20.641
20.665
21.096
21.826
22.626
23.244
23.483
23.244
22.552
21.547
20.463
19.579
19.121
19.164
19.6
20.194
20.698
20.92
20.759
20.21
19.353
18.342
17.381
16.684
16.405
16.575
17.08
17.723
18.296
18.643
18.682
18.422
17.957
17.448
17.08
16.995
17.23
17.703
18.261
18.75
19.073
19.205
19.19
19.111
19.05
19.056
19.123
19.196
19.203
19.082
18.809
18.403
17.928
17.472
17.131
16.976
17.03
17.262
17.599
17.95
18.232
18.39
18.406
18.3
18.121
17.936
17.798
17.731
17.711
17.675
17.543
17.245
16.746
16.061
15.258
14.448
13.761
13.308
13.145
13.259
13.583
14.036
14.555
15.097
15.637
16.147
16.587
16.907
17.055
17.002
16.759
16.394
16.035
15.837
15.929
16.342
16.99
17.711
18.336
18.747
18.902
18.828
18.606
18.322
18.037
17.764
17.475
17.135
16.731
16.292
15.882
15.567
15.381
15.304
15.265
15.188
15.025
14.791
14.568
14.475
14.615
15.008
15.569
16.146
16.582
16.783
16.743
16.558
16.39
16.399
16.658
17.107
17.591
17.934
18.022
17.836
17.453
17.01
16.648
16.441
16.372
16.35
16.271
16.067
15.737
15.332
14.93
14.597
14.365
14.229
14.173
14.189
14.291
14.5
14.809
15.172
15.503
15.707
15.724
15.564
15.322
15.157
15.227
15.601
16.205
16.861
17.374
17.614
17.553
17.268
16.9
16.587
16.395
16.285
16.149
15.887
15.471
14.969
14.523
14.27
14.258
14.406
14.548
14.524
14.254
13.772
13.225
12.816
12.716
12.95
13.388
13.822
14.079
14.089
13.904
13.669
13.551
13.642
13.895
14.153
14.253
14.122
13.828
13.573
13.595
14.014
14.72
15.443
15.892
15.883
15.394
14.581
13.742
13.221
13.219
13.659
14.253
14.697
14.808
14.56
14.068
13.54
13.192
13.153
13.405
13.821
14.249
14.583
14.772
14.805
14.68
14.383
13.895
13.223
12.447
11.755
11.429
11.703
12.577
13.784
14.957
15.787
16.097
15.875
15.273
14.579
14.116
14.074
14.377
14.748
14.886
14.622
13.98
13.184
12.582
12.466
12.855
13.479
13.979
14.107
13.808
13.234
12.693
12.51
12.813
13.427
14
14.211
13.89
13.072
12.012
11.162
10.995
11.646
12.781
13.901
14.633
14.833
14.586
14.173
13.957
14.177
14.776
15.45
15.864
15.84
15.442
14.964
14.808
15.216
16.061
16.934
17.416
17.279
16.571
15.625
14.963
15.007
15.743
16.733
17.462
17.617
17.178
16.413
15.773
15.659
16.135
16.88
17.442
17.493
16.943
15.952
14.872
14.114
13.92
14.196
14.611
14.854
14.79
14.496
14.199
14.146
14.445
14.993
15.567
15.972
16.135
16.123
16.09
16.184
16.454
16.836
17.214
17.518
17.759
18.005
18.298
18.589
18.734
18.577
18.059
17.307
16.651
16.494
17.04
18.106
19.247
20.032
20.224
19.842
19.126
18.424
18.006
17.898
17.892
17.741
17.351
16.873
16.623
16.862
17.555
18.369
18.888
18.838
18.195
17.203
16.299
15.899
16.115
16.658
17.079
17.043
16.465
15.537
14.657
14.255
14.514
15.231
16.002
16.489
16.551
16.248
15.784
15.402
15.254
15.328
15.483
15.569
15.52
15.386
15.288
15.338
15.557
15.858
16.102
16.189
16.116
15.985
15.961
16.18
16.66
17.267
17.789
18.029
17.891
17.434
16.888
16.594
16.85
17.694
18.861
19.939
20.567
20.564
19.976
19.076
18.295
18.022
18.365
19.081
19.776
20.152
20.129
19.833
19.495
19.291
19.226
19.155
18.922
18.51
18.095
17.96
18.279
18.943
19.603
19.888
19.602
18.822
17.899
17.32
17.416
18.091
18.905
19.393
19.302
18.662
17.76
17.01
16.724
16.906
17.275
17.485
17.339
16.859
16.256
15.821
15.756
16.055
16.525
16.929
17.094
16.952
16.529
15.917
15.253
14.703
14.424
14.508
14.912
15.463
15.937
16.166
16.114
15.903
15.775
15.948
16.461
17.123
17.638
17.781
17.509
17
16.585
16.566
17.01
17.702
18.317
18.632
18.62
18.435
18.294
18.334
18.517
18.683
18.693
18.541
18.364
18.357
18.629
19.117
19.638
20.022
20.2
20.21
20.137
20.031
19.877
19.643
19.362
19.174
19.269
19.75
20.523
21.345
21.97
22.275
22.301
22.195
22.095
22.029
21.911
21.645
21.246
20.874
20.746
20.957
21.369
21.692
21.684
21.316
20.812
20.529
20.7
21.238
21.796
22.03
21.83
21.375
21.02
21.025
21.321
21.536
21.273
20.383
19.12
18.114
18.049
19.091
20.714
22.175
22.962
22.935
22.285
21.409
20.716
20.429
20.505
20.749
20.975
21.075
20.986
20.637
19.959
18.945
17.742
16.675
16.121
16.25
16.854
17.518
17.921
18.006
17.968
18.085
18.479
18.979
19.233
18.931
17.982
16.583
15.192
14.342
14.294
14.837
15.52
16.018
16.264
16.378
16.517
16.724
16.905
16.905
16.629
16.107
15.488
14.959
14.656
14.591
14.675
14.778
14.789
14.632
14.273
13.745
13.167
12.74
12.665
12.989
13.537
14.004
14.127
13.8
13.118
12.343
11.773
11.534
11.463
11.236
10.597
9.5279
8.3388
7.669
8.0764
9.3566
10.806
11.85
12.188
11.764
10.742
9.4956
8.5696
8.431
9.0386
9.8832
10.453
10.466
