32.285
33.691
34.567
34.943
35.103
35.33
35.679
35.957
35.929
35.557
35.092
34.932
35.314
36.106
36.902
37.344
37.388
37.329
37.571
38.276
39.183
39.801
39.808
39.37
39.187
40.116
42.486
45.727
48.736
50.511
50.566
49.113
47.034
45.596
45.797
47.683
50.384
52.809
54.252
54.598
54.238
53.822
53.913
54.709
56.014
57.446
58.679
59.56
60.085
60.302
60.258
60.014
59.72
59.658
60.169
61.453
63.387
65.508
67.226
68.103
68.081
67.543
67.158
67.529
68.791
70.512
71.975
72.631
72.428
71.875
71.784
72.759
74.75
77.053
78.761
79.293
78.688
77.588
76.894
77.23
78.535
80.166
81.4
81.934
82.06
82.453
83.674
85.685
87.793
89.05
88.794
87.016
84.443
82.285
81.656
82.92
85.515
88.405
90.714
92.078
92.638
92.788
92.864
92.939
92.867
92.49
91.855
91.257
91.067
91.449
92.18
92.74
92.61
91.602
90.022
88.581
88.038
88.732
90.34
92.073
93.155
93.237
92.558
91.793
91.647
92.393
93.669
94.71
94.82
93.765
91.907
90.021
88.88
88.781
89.383
89.984
90.006
89.332
88.323
87.548
87.373
87.709
88.1
88.101
87.611
86.956
86.656
86.997
87.747
88.244
87.822
86.259
83.991
81.976
81.161
81.818
83.282
84.378
84.13
82.277
79.415
76.736
75.379
75.661
76.841
77.679
77.249
75.456
73.099
71.492
71.669
73.618
76.283
78.307
78.792
77.646
75.55
73.583
72.617
72.783
73.462
73.817
73.4
72.443
71.727
72.066
73.688
76.011
78.036
78.964
78.639
77.652
77.068
77.808
80.009
82.892
85.255
86.123
85.15
82.714
79.745
77.307
76.082
76.062
76.728
77.551
78.381
79.466
81.145
83.427
85.802
87.435
87.567
85.91
82.871
79.54
77.334
77.267
79.259
82.164
84.496
85.165
83.872
81.187
78.358
76.792
77.281
79.478
82.147
83.918
83.898
81.934
78.598
74.966
72.183
70.914
71.013
71.727
72.237
72.101
71.38
70.482
69.853
69.656
69.665
69.418
68.509
66.828
64.644
62.502
60.979
60.387
60.622
61.271
61.886
62.198
62.18
61.963
61.694
61.428
61.123
60.742
60.371
60.258
60.715
61.899
63.644
65.463
66.745
67.014
66.133
64.405
62.53
61.387
61.626
63.304
65.864
68.475
70.427
71.358
71.303
70.613
69.79
69.286
69.318
69.819
70.516
71.107
71.398
71.382
71.211
71.102
71.209
71.518
71.829
71.844
71.299
70.107
68.418
66.596
65.088
64.221
64.035
64.271
64.529
64.486
64.044
63.339
62.634
62.142
61.881
61.663
61.219
60.38
59.206
57.983
57.091
56.776
56.979
57.351
57.464
57.066
56.245
55.44
55.244
56.058
57.808
59.956
61.802
62.832
62.927
62.395
61.825
61.79
62.515
63.746
64.925
65.523
65.31
64.438
63.349
62.53
62.241
62.394
62.671
62.797
62.756
62.816
63.346
64.512
66.082
67.484
68.078
67.45
65.593
62.962
60.341
58.536
57.97
58.442
59.298
59.852
59.736
59.033
58.196
57.793
58.164
59.199
60.396
61.153
61.08
60.186
58.913
57.985
58.072
59.382
61.493
63.574
64.784
64.59
62.941
60.319
57.652
56.027
56.178
58.03
60.772
63.371
65.043
65.485
64.882
63.794
62.903
62.694
63.208
64.037
64.574
64.319
63.078
61.036
58.691
56.677
55.504
55.315
55.855
56.647
57.263
57.487
57.348
57.044
56.805
56.765
56.903
57.09
57.191
57.173
57.137
57.27
57.735
58.547
59.539
60.425
60.943
60.988
60.69
60.395
60.523
61.367
62.907
64.796
66.506
67.549
67.642
66.809
65.383
63.921
63.021
63.07
64.052
65.545
66.913
67.546
67.045
65.318
62.624
59.548
56.895
55.438
55.562
57.034
59.131
61.003
62.001
61.846
60.685
59.048
57.685
57.27
58.038
59.645
61.362
62.45
62.469
61.438
59.85
58.533
58.303
59.523
61.883
64.599
66.833
68.013
67.964
66.871
65.157
63.287
61.582
60.125
58.811
57.512
56.238
55.197
54.709
55.012
56.078
57.574
59.011
59.948
60.16
59.719
58.968
58.4
58.449
59.276
60.684
62.243
63.504
64.198
64.325
64.124
63.945
64.066
64.544
65.19
65.685
65.757
65.306
64.453
63.474
62.67
62.218
62.09
62.09
61.97
61.565
60.859
59.992
59.185
58.638
58.449
58.571
58.859
59.145
59.313
59.346
59.318
59.359
59.592
60.086
60.82
61.7
62.586
63.342
63.872
64.145
64.201
64.141
64.1
64.198
64.488
64.915
65.325
65.506
65.273
64.547
63.407
62.091
60.943
60.281
60.266
60.81
61.612
62.286
62.512
62.151
61.301
60.287
59.558
59.511
60.283
61.65
63.11
64.105
64.246
63.485
62.178
61.024
60.815
62.033
64.541
67.643
70.432
72.143
72.356
71.044
68.53
65.372
62.188
59.473
57.445
56.044
55.05
54.259
53.603
53.164
53.099
53.524
54.425
55.631
56.872
57.869
58.426
58.486
58.152
57.66
57.31
57.36
57.921
58.919
60.126
61.262
62.089
62.477
62.43
62.066
61.572
61.146
60.93
60.966
61.177
61.4
61.439
61.127
60.384
59.252
57.915
56.678
55.901
55.883
56.729
58.282
60.159
61.89
63.061
63.431
62.997
62.008
60.903
60.167
60.137
60.837
61.966
63.039
63.591
63.332
62.217
60.446
58.399
56.533
55.224
54.652
54.743
55.243
55.85
56.333
56.603
56.716
56.829
57.111
57.66
58.437
59.273
59.934
60.216
60.026
59.423
58.615
57.89
57.511
57.607
58.109
58.786
59.343
59.525
59.201
58.383
57.226
55.97
54.88
54.16
53.89
54.013
54.366
54.762
55.074
55.289
55.523
55.978
56.843
58.185
59.872
61.597
62.975
63.663
63.466
62.395
60.678
58.706
56.927
55.703
55.171
55.207
55.506
55.729
55.631
55.133
54.336
53.484
52.884
52.792
53.306
54.319
55.562
56.702
57.454
57.653
57.273
56.414
55.249
53.967
52.718
51.597
50.657
49.943
49.519
49.467
49.851
50.67
51.826
53.132
54.349
55.256
55.696
55.63
55.146
54.451
53.807
53.445
53.47
53.825
54.319
54.731
54.901
54.797
54.505
54.183
53.978
53.957
54.082
54.239
54.306
54.21
53.969
53.679
53.479
53.478
53.694
54.016
54.233
54.109
53.485
52.375
51.015
49.837
49.336
49.824
51.237
53.124
54.848
55.814
55.634
54.198
51.688
48.556
45.468
43.171
42.251
42.858
44.626
46.888
48.97
50.39
50.933
50.668
49.915
49.151
48.843
49.244
50.269
51.55
52.614
53.072
52.722
51.59
49.902
48.03
46.4
45.381
45.18
45.781
46.985
48.5
50.037
51.383
52.419
53.118
53.525
53.715
53.758
53.689
53.506
53.176
52.665
51.964
51.106
50.164
49.244
48.458
47.903
47.636
47.666
47.947
48.393
48.894
49.338
49.636
49.746
49.691
49.555
49.471
49.57
49.932
50.54
51.276
51.95
52.368
52.387
51.959
51.15
50.137
49.176
48.555
48.516
49.186
50.519
52.313
54.26
56.034
57.357
58.056
58.084
57.525
56.563
55.434
54.359
53.486
52.861
52.438
52.123
51.829
51.511
51.182
50.908
50.785
50.917
51.382
52.202
53.326
54.629
55.927
57.013
57.694
57.829
57.362
56.333
54.886
53.24
51.654
50.366
49.531
49.19
49.264
49.601
50.022
50.369
50.527
50.448
50.15
49.728
49.329
49.117
49.205
49.599
50.178
50.728
51.021
50.883
50.259
49.225
47.975
46.778
45.91
45.576
45.856
46.676
47.842
49.091
50.157
50.825
50.982
50.636
49.922
49.066
48.317
47.854
47.72
47.805
47.905
47.809
47.372
46.551
45.407
44.083
42.761
41.629
40.837
40.48
40.577
41.082
41.902
42.913
43.991
45.024
45.923
46.628
47.108
47.363
47.423
47.344
47.205
47.084
47.047
47.122
47.289
47.478
47.59
47.516
47.175
46.533
45.62
44.531
43.407
42.403
41.648
41.205
41.062
41.138
41.318
41.489
41.564
41.509
41.343
41.14
41.01
41.063
41.368
41.915
42.607
43.289
43.798
44.008
43.871
43.423
42.78
42.105
41.567
41.3
41.363
41.723
42.267
42.832
43.246
43.362
43.092
42.414
41.382
40.111
38.753
37.467
36.386
35.594
35.12
34.947
35.03
35.316
35.745
36.253
36.771
37.224
37.541
37.669
37.591
37.336
36.987
36.664
36.489
36.549
36.86
37.36
37.928
38.425
38.729
38.763
38.512
38.03
37.438
36.908
36.628
36.746
37.311
38.246
39.37
40.458
41.309
41.787
41.845
41.515
40.897
40.128
39.351
38.688
38.218
37.961
37.885
37.914
37.963
37.958
37.863
37.684
37.461
37.246
37.081
36.984
36.945
36.935
36.915
36.852
36.728
36.545
36.335
36.16
36.102
36.239
36.614
37.206
37.931
38.659
39.255
39.617
39.696
39.499
39.085
38.543
37.973
37.464
37.084
36.875
36.848
36.993
37.274
37.643
38.038
38.388
38.627
38.696
38.555
38.194
37.633
36.926
36.151
35.4
34.774
34.36
34.223
34.383
34.796
35.357
35.916
36.306
36.387
36.076
35.365
34.323
33.085
31.826
30.727
29.949
29.604
29.733
30.302
31.206
32.289
33.379
34.317
34.983
35.31
35.286
34.95
34.378
33.668
32.926
32.258
31.755
31.487
31.497
31.802
32.396
33.249
34.306
35.477
36.632
37.616
38.271
38.469
38.141
37.299
36.039
34.526
32.97
31.59
30.573
30.045
30.046
30.526
31.359
32.365
33.349
34.138
34.612
34.723
34.502
34.044
33.483
32.952
32.55
32.326
32.275
32.35
32.483
32.606
32.66
32.61
32.458
32.24
32.022
31.88
31.873
32.021
32.296
32.636
32.965
33.221
33.365
33.391
33.316
33.173
33.006
32.856
32.762
32.751
32.833
32.999
33.223
33.466
33.685
33.843
33.916
33.893
33.779
33.586
33.333
33.035
32.705
32.348
31.97
31.585
31.222
30.933
30.785
30.843
31.141
31.661
32.327
33.02
33.614
34.01
34.156
34.063
33.79
33.434
33.107
32.914
32.937
33.231
33.811
34.651
35.678
36.778
37.81
38.628
39.112
39.184
38.823
38.065
36.995
35.733
34.412
33.161
32.088
31.264
30.725
30.468
30.462
30.656
30.991
31.406
31.84
32.243
32.571
32.795
32.901
32.894
32.799
32.657
32.524
32.467
32.547
32.816
33.301
33.992
34.844
35.777
36.696
37.5
38.105
38.45
38.508
38.291
37.844
37.245
36.595
35.998
35.544
35.29
35.245
35.374
35.605
35.855
36.04
36.093
35.969
35.649
35.145
34.493
33.757
33.011
32.331
31.774
31.374
31.132
31.026
31.022
31.087
31.196
31.337
31.507
31.713
31.962
32.254
32.576
32.896
33.174
33.367
33.445
33.402
33.259
33.061
32.874
32.769
32.811
33.053
33.519
34.194
35.022
35.912
36.752
37.436
37.877
38.03
37.889
37.486
36.886
36.173
35.445
34.81
34.365
34.188
34.309
34.701
35.285
35.947
36.568
37.048
37.318
37.346
37.13
36.692
36.075
35.336
34.54
33.754
33.03
32.404
31.887
31.477
31.168
30.96
30.865
30.897
31.067
31.373
31.802
32.324
32.901
33.49
34.043
34.514
34.863
35.072
35.145
35.113
35.027
34.948
34.928
35.001
35.172
35.422
35.709
35.979
36.175
36.25
36.173
35.947
35.606
35.212
34.846
34.586
34.481
34.541
34.731
34.979
35.19
35.271
35.139
34.744
34.077
33.18
32.145
31.108
30.226
29.649
29.482
29.763
30.455
31.458
32.633
33.82
34.86
35.613
35.975
35.9
35.407
34.588
33.593
32.611
31.832
31.399
31.373
31.723
32.336
33.062
33.741
34.24
34.467
34.386
34.018
33.441
32.78
32.191
31.836
31.848
32.297
33.171
34.371
35.736
37.076
38.211
39.002
39.376
39.332
38.944
38.342
37.694
37.168
36.907
36.997
37.456
38.231
39.213
40.256
41.205
41.919
42.294
42.275
41.866
41.125
40.147
39.053
37.962
36.976
36.17
35.579
35.211
35.044
35.043
35.167
35.373
35.624
35.892
36.155
36.4
36.619
36.806
36.956
37.063
37.117
37.111
37.044
36.928
36.785
36.649
36.548
36.501
36.502
36.534
36.57
36.593
36.608
36.639
36.721
36.89
37.161
37.523
37.945
38.379
38.783
39.122
39.382
39.563
39.681
39.753
39.804
39.854
39.923
40.031
40.192
40.414
40.692
41.006
41.326
41.616
41.845
41.998
42.071
42.074
42.025
41.94
41.833
41.715
41.602
41.512
41.472
41.509
41.653
41.922
42.325
42.85
43.467
44.128
44.771
45.333
45.759
46.018
46.104
46.043
45.881
45.681
45.506
45.405
45.407
45.519
45.726
46.005
46.332
46.693
47.091
47.534
48.036
48.603
49.225
49.871
50.493
51.025
51.393
51.528
51.385
50.968
50.346
49.663
49.111
48.878
49.079
49.692
50.56
51.434
52.056
52.224
51.835
50.896
49.514
47.878
46.23
44.835
43.931
43.68
44.112
45.111
46.447
47.841
49.032
49.837
50.174
50.077
49.681
49.2
48.875
48.909
49.405
50.327
51.507
52.699
53.651
54.158
54.112
53.51
52.448
51.098
49.671
48.373
47.373
46.777
46.628
46.909
47.56
48.491
49.597
50.766
51.897
52.907
53.741
54.375
54.814
55.09
55.249
55.343
55.412
55.477
55.523
55.509
55.377
55.062
54.517
53.727
52.717
51.563
50.392
49.369
48.677
48.468
48.814
49.672
50.887
52.227
53.442
54.324
54.746
54.689
54.251
53.629
53.079
52.85
53.102
53.844
54.927
56.095
57.068
57.62
57.623
57.078
56.103
54.911
53.768
52.932
52.598
52.842
53.613
54.746
56.025
57.228
58.183
58.792
59.045
59.007
58.798
58.555
58.391
58.367
58.476
58.662
58.837
58.914
58.832
58.562
58.113
57.531
56.887
56.275
55.793
55.536
55.572
55.923
56.557
57.379
58.248
59.001
59.485
59.586
59.256
58.537
57.559
56.538
55.741
55.419
55.733
56.687
58.112
59.71
61.133
62.067
62.287
61.7
60.354
58.439
56.268
54.232
52.724
52.048
52.319
53.437
55.129
57.05
58.872
60.346
61.327
61.773
61.733
61.316
60.661
59.907
59.162
58.501
57.958
57.55
57.289
57.194
57.297
57.629
58.21
59.032
60.045
61.155
62.234
63.132
63.702
63.824
63.423
62.491
61.104
59.421
57.675
56.149
55.122
54.798
55.248
56.376
57.947
59.645
61.142
62.16
62.516
62.16
61.191
59.856
58.505
57.505
57.121
57.415
58.222
59.228
60.094
60.558
60.494
59.916
58.953
57.797
56.655
55.695
55.015
54.641
54.54
54.655
54.935
55.352
55.898
56.566
57.321
58.089
58.769
59.265
59.526
59.578
59.533
59.564
59.848
60.499
61.506
62.72
63.887
64.708
64.925
64.396
63.151
61.433
59.672
58.384
57.983
58.574
59.882
61.373
62.481
62.803
62.201
60.813
58.996
57.21
55.862
55.164
55.072
55.33
55.603
55.599
55.164
54.329
53.321
52.531
52.393
53.193
54.897
57.128
59.315
60.915
61.581
61.27
60.257
59.07
58.318
58.433
59.459
61.02
62.503
63.292
62.963
61.375
58.719
55.524
52.596
50.822
50.802
52.499
55.252
58.145
60.375
61.442
61.193
59.789
57.623
55.198
52.974
51.221
49.954
48.99
48.094
47.136
46.176
45.469
45.373
46.177
47.923
50.348
52.976
55.295
56.906
57.633
57.571
57.071
56.645
56.778
57.695
59.238
60.927
62.172
62.491
61.658
59.773
57.263
54.807
53.144
52.777
53.701
55.404
57.132
58.194
58.156
56.926
54.768
52.268
50.207
49.306
49.882
51.669
53.974
56.025
57.23
57.302
56.29
54.553
52.676
51.316
50.952
51.66
53.076
54.583
55.572
55.624
54.609
52.711
50.405
48.368
47.279
47.531
49.025
51.239
53.497
55.221
56.056
55.907
54.92
53.433
51.898
50.758
50.316
50.635
51.545
52.741
53.906
54.802
55.289
55.317
54.889
54.041
52.84
51.403
49.927
48.695
48.029
48.178
49.186
50.834
52.702
54.312
55.262
55.326
54.509
53.066
51.476
50.342
50.177
51.166
53.043
55.22
57.041
58.008
57.927
56.966
55.633
54.636
54.599
55.724
57.654
59.651
60.933
60.94
59.48
56.777
53.444
50.377
48.49
48.295
49.611
51.695
53.668
54.861
54.964
54.038
52.455
50.783
49.572
49.121
49.331
49.789
50.017
49.724
48.944
48.034
47.529
47.849
49.02
50.616
51.96
52.419
51.61
49.513
46.502
43.321
40.932
40.157
41.202
43.52
46.195
48.405
49.648
49.804
49.11
48.097
47.428
47.645
48.891
50.826
52.812
54.185
54.468
53.479
51.364
48.582
45.836
43.905
43.348
44.22
46.061
48.165
49.876
50.747
50.568
49.363
47.357
44.947
42.652
41.002
40.377
40.831
42.066
43.575
44.84
45.476
45.304
44.37
42.936
41.424
40.297
39.888
40.251
41.145
42.175
42.974
43.327
43.213
42.786
42.298
42.004
42.052
42.434
42.996
43.523
43.821
43.787
43.434
42.886
42.344
42.031
42.115
42.652
43.56
44.65
45.685
46.451
46.804
46.702
46.217
45.514
44.812
44.3
44.062
44.026
43.984
43.669
42.857
41.448
39.514
37.31
35.234
33.721
33.084
33.365
34.339
35.663
37.044
38.326
39.489
40.583
41.644
42.625
43.383
43.727
43.503
42.692
41.471
40.233
39.488
39.654
40.812
42.649
44.625
46.23
47.153
47.345
46.989
46.389
45.823
45.409
45.057
44.549
43.69
42.433
40.945
39.56
38.636
38.353
38.593
38.996
39.154
38.819
38.016
37.061
36.456
36.642
37.718
39.355
40.974
42.036
42.243
41.634
40.577
39.653
39.406
40.043
41.313
42.671
43.581
43.733
43.128
42.043
40.914
40.135
39.875
40.007
40.215
40.19
39.772
39.001
38.07
37.214
36.598
36.243
36.065
35.971
35.955
36.12
36.601
37.432
38.466
39.397
39.889
39.729
38.944
37.846
36.965
36.824
37.638
39.157
40.821
42.058
42.524
42.189
41.307
40.294
39.524
39.135
38.971
38.713
38.098
37.083
35.897
34.947
34.604
34.952
35.713
36.402
36.582
36.053
34.927
33.61
32.656
32.5
33.185
34.338
35.413
35.98
35.894
35.317
34.634
34.241
34.313
34.681
34.951
34.76
34.009
32.959
32.18
32.261
33.399
35.204
36.933
37.875
37.612
36.117
33.779
31.335
29.668
29.367
30.33
31.87
33.215
33.856
33.65
32.771
31.618
30.662
30.268
30.549
31.352
32.395
33.401
34.167
34.56
34.48
33.852
32.642
30.927
28.975
27.3
26.57
27.27
29.298
32.002
34.572
36.367
37.054
36.653
35.514
34.227
33.396
33.326
33.835
34.391
34.441
33.688
32.22
30.496
29.191
28.846
29.483
30.587
31.471
31.657
31.056
29.983
29.037
28.809
29.475
30.651
31.636
31.798
30.815
28.782
26.255
24.186
23.556
24.633
26.701
28.701
29.873
29.963
29.228
28.333
28.056
28.794
30.241
31.633
32.251
31.771
30.406
28.9
28.256
29.087
31.077
33.248
34.653
34.793
33.746
32.128
30.883
30.773
31.82
33.31
34.366
34.452
33.579
32.27
31.336
31.395
32.41
33.718
34.509
34.251
32.875
30.784
28.733
27.513
27.459
28.201
28.987
29.186
28.563
27.318
25.986
25.192
25.283
26.102
27.149
27.956
28.316
28.319
28.245
28.382
28.85
29.571
30.378
31.17
31.965
32.839
33.79
34.649
35.132
34.989
34.183
33.001
32.035
31.931
32.955
34.764
36.639
37.909
38.225
37.639
36.531
35.411
34.646
34.259
33.985
33.531
32.838
32.161
31.919
32.37
33.348
34.324
34.715
34.172
32.729
30.808
29.08
28.136
28.098
28.535
28.804
28.456
27.44
26.118
25.116
24.993
25.846
27.257
28.618
29.474
29.653
29.256
28.557
27.866
27.388
27.148
27.037
26.928
26.778
26.643
26.632
26.812
27.152
27.527
27.794
27.871
27.794
27.703
27.791
28.188
28.87
29.645
30.221
30.334
29.867
28.938
27.937
27.438
27.913
29.387
31.367
33.143
34.115
33.988
32.853
31.177
29.672
28.998
29.357
30.387
31.482
32.19
32.388
32.228
31.959
31.714
31.415
30.869
29.985
28.947
28.216
28.28
29.235
30.635
31.757
32.014
31.21
29.641
28.034
27.251
27.716
29.066
30.464
31.177
30.893
29.777
28.362
27.297
26.969
27.244
27.619
27.597
26.98
25.942
24.945
24.499
24.839
25.767
26.821
27.557
27.714
27.242
26.258
24.987
23.714
22.736
22.293
22.473
23.155
24.048
24.827
25.269
25.339
25.208
25.17
25.468
26.125
26.907
27.479
27.608
27.29
26.762
26.392
26.464
26.992
27.741
28.419
28.87
29.128
29.339
29.599
29.856
29.942
29.72
29.237
28.771
28.698
29.239
30.267
31.384
32.185
32.479
32.355
32.089
31.941
31.968
32.007
31.845
31.439
31.025
31.013
31.7
33.014
34.527
35.732
36.298
36.181
35.581
34.808
34.117
33.625
33.345
33.293
33.519
34.041
34.73
35.313
35.501
35.176
34.515
33.936
33.868
34.424
35.291
35.964
36.091
35.698
35.165
34.96
35.255
35.724
35.752
34.851
32.998
30.775
29.237
29.301
30.945
33.216
35.027
35.749
35.341
34.257
33.181
32.666
32.825
33.353
33.826
33.968
33.704
33.071
32.096
30.774
29.147
27.427
26.029
25.397
25.67
26.52
27.389
27.862
27.88
27.716
27.754
28.167
28.737
28.986
28.478
27.066
24.994
22.868
21.437
21.159
21.862
22.958
23.939
24.603
25.016
25.34
25.672
25.966
26.077
25.867
25.288
24.424
23.471
22.693
22.322
22.438
22.91
23.433
23.673
23.414
22.665
21.707
21.015
21.005
21.701
22.682
23.378
23.393
22.669
21.495
20.386
19.78
19.699
19.714
19.268
18.031
16.084
14.011
12.837
13.36
15.209
17.316
18.833
19.339
18.775
17.376
15.641
14.256
13.819
14.371
15.345
16.041
16
