47.203
49.308
50.962
51.934
52.366
52.568
52.737
52.821
52.637
52.129
51.542
51.339
51.868
53.03
54.309
55.129
55.26
54.977
54.875
55.404
56.456
57.417
57.672
57.162
56.633
57.329
60.063
64.397
68.837
71.762
72.2
70.22
66.998
64.475
64.364
66.913
70.773
74.15
75.899
75.899
74.914
74.104
74.348
75.755
77.764
79.678
81.12
82.11
82.847
83.42
83.706
83.537
82.99
82.557
82.973
84.738
87.664
90.885
93.344
94.361
93.977
92.961
92.433
93.213
95.272
97.774
99.665
100.32
99.872
99.169
99.266
100.76
103.37
106.09
107.86
108.1
107.04
105.55
104.75
105.28
107
109.08
110.61
111.21
111.17
111.27
112.24
114.16
116.3
117.58
117.11
114.75
111.27
108.11
106.72
107.75
110.63
114.03
116.73
118.16
118.46
118.22
117.96
117.82
117.54
116.8
115.59
114.37
113.83
114.36
115.72
117.02
117.29
116.05
113.62
111.06
109.63
110.05
111.96
114.22
115.63
115.63
114.52
113.23
112.71
113.31
114.54
115.42
115.11
113.41
110.87
108.46
107.04
106.81
107.26
107.59
107.22
106.15
104.89
104.03
103.87
104.17
104.39
104.12
103.33
102.45
102.01
102.22
102.78
102.97
102.17
100.25
97.725
95.599
94.754
95.357
96.679
97.546
97.03
94.934
91.903
89.14
87.743
87.973
89.059
89.742
89.08
86.971
84.255
82.344
82.411
84.54
87.642
90.2
91.108
90.121
87.87
85.532
84.202
84.237
85.085
85.784
85.665
84.8
83.966
84.162
85.873
88.643
91.354
92.941
93.006
92.062
91.339
92.107
94.808
98.677
102.22
104.05
103.54
100.98
97.5
94.542
93.139
93.378
94.538
95.797
96.877
98.165
100.3
103.47
107.06
109.84
110.59
108.77
104.91
100.62
98.075
98.801
102.55
107.45
111.23
112.34
110.5
106.72
102.94
101.24
102.59
106.25
110.35
113.05
113.28
111.04
107.22
103.23
100.41
99.377
99.847
100.92
101.73
101.85
101.37
100.7
100.24
100.12
100.08
99.679
98.555
96.642
94.236
91.897
90.214
89.528
89.781
90.59
91.469
92.052
92.197
91.956
91.475
90.891
90.294
89.771
89.485
89.705
90.717
92.633
95.222
97.891
99.873
100.5
99.498
97.147
94.337
92.347
92.317
94.599
98.513
102.74
105.98
107.48
107.19
105.72
104.09
103.23
103.59
104.88
106.38
107.38
107.57
107.18
106.77
106.94
107.88
109.23
110.29
110.34
109.03
106.5
103.4
100.56
98.685
97.932
97.913
97.952
97.487
96.355
94.829
93.444
92.666
92.598
92.897
92.985
92.376
90.957
89.077
87.417
86.66
87.087
88.376
89.78
90.543
90.288
89.231
88.135
87.993
89.482
92.521
96.289
99.688
101.87
102.55
102.09
101.29
101.01
101.65
102.98
104.29
104.8
104.15
102.51
100.51
98.932
98.194
98.179
98.356
98.218
97.672
97.161
97.406
98.884
101.38
103.98
105.49
105.02
102.33
98.004
93.342
89.873
88.618
89.458
91.263
92.664
92.793
91.63
89.945
88.896
89.353
91.312
93.864
95.748
96.017
94.475
91.829
89.5
89.01
91.055
94.957
99.056
101.6
101.47
98.477
93.537
88.469
85.442
85.853
89.379
94.269
98.545
100.9
100.99
99.386
97.206
95.642
95.353
96.155
97.207
97.536
96.505
94.043
90.629
87.101
84.337
82.888
82.762
83.507
84.502
85.253
85.526
85.338
84.862
84.303
83.809
83.434
83.17
82.998
82.94
83.065
83.455
84.142
85.057
86.024
86.813
87.227
87.201
86.874
86.581
86.766
87.787
89.717
92.236
94.725
96.475
96.941
95.937
93.747
91.113
89.041
88.401
89.462
91.687
93.982
95.175
94.433
91.502
86.803
81.415
76.872
74.642
75.345
78.342
82.17
85.346
86.894
86.53
84.647
82.192
80.357
80.09
81.599
84.243
86.918
88.6
88.728
87.369
85.205
83.33
82.819
84.201
87.157
90.744
93.889
95.804
96.16
95.081
93.001
90.465
87.921
85.589
83.468
81.472
79.596
78.009
77.01
76.867
77.621
79.002
80.511
81.626
81.989
81.538
80.534
79.479
78.938
79.291
80.552
82.367
84.199
85.578
86.279
86.381
86.199
86.121
86.395
87.005
87.678
88.043
87.821
86.967
85.691
84.371
83.378
82.896
82.842
82.923
82.803
82.272
81.331
80.193
79.176
78.561
78.461
78.769
79.223
79.538
79.531
79.201
78.724
78.378
78.421
78.961
79.901
80.979
81.892
82.42
82.519
82.323
82.084
82.051
82.345
82.889
83.436
83.67
83.333
82.322
80.731
78.834
77.01
75.621
74.886
74.801
75.147
75.587
75.795
75.558
74.849
73.844
72.879
72.353
72.568
73.57
75.094
76.636
77.648
77.743
76.86
75.358
73.973
73.593
74.843
77.696
81.442
85.027
87.462
88.103
86.768
83.726
79.612
75.249
71.407
68.552
66.717
65.59
64.761
63.97
63.211
62.697
62.716
63.443
64.81
66.5
68.069
69.103
69.36
68.859
67.89
66.941
66.527
66.958
68.181
69.804
71.291
72.19
72.285
71.644
70.567
69.456
68.653
68.298
68.288
68.353
68.19
67.579
66.456
64.918
63.197
61.603
60.449
59.976
60.279
61.285
62.77
64.416
65.889
66.905
67.286
67.007
66.217
65.22
64.404
64.103
64.455
65.32
66.326
67.02
67.03
66.182
64.554
62.46
60.364
58.744
57.914
57.9
58.452
59.179
59.724
59.894
59.721
59.431
59.351
59.749
60.68
61.927
63.086
63.728
63.574
62.601
61.079
59.502
58.414
58.177
58.784
59.871
60.907
61.424
61.165
60.13
58.555
56.817
55.321
54.352
53.984
54.068
54.329
54.502
54.454
54.243
54.11
54.379
55.304
56.911
58.947
60.973
62.516
63.221
62.935
61.744
59.941
57.953
56.22
55.055
54.545
54.551
54.793
54.982
54.922
54.549
53.94
53.276
52.786
52.667
53.022
53.806
54.848
55.9
56.715
57.099
56.954
56.279
55.167
53.775
52.301
50.947
49.889
49.252
49.093
49.402
50.105
51.082
52.188
53.272
54.196
54.849
55.16
55.112
54.738
54.12
53.366
52.593
51.893
51.315
50.868
50.527
50.26
50.04
49.853
49.688
49.534
49.367
49.156
48.881
48.543
48.177
47.85
47.641
47.613
47.774
48.055
48.312
48.362
48.038
47.261
46.095
44.777
43.686
43.224
43.63
44.83
46.444
47.943
48.834
48.785
47.679
45.633
42.989
40.286
38.185
37.283
37.847
39.651
42.099
44.506
46.315
47.206
47.13
46.316
45.21
44.345
44.131
44.655
45.645
46.624
47.133
46.889
45.845
44.19
42.292
40.615
39.592
39.474
40.24
41.629
43.266
44.801
45.994
46.75
47.11
47.209
47.201
47.184
47.154
47.01
46.613
45.857
44.733
43.342
41.88
40.576
39.622
39.114
39.028
39.245
39.605
39.959
40.201
40.294
40.272
40.225
40.273
40.513
40.982
41.633
42.353
43.002
43.452
43.622
43.487
43.069
42.431
41.657
40.849
40.116
39.573
39.327
39.459
39.999
40.906
42.056
43.257
44.287
44.936
45.055
44.592
43.612
42.288
40.868
39.609
38.698
38.195
38.029
38.049
38.097
38.066
37.927
37.73
37.592
37.66
38.063
38.853
39.962
41.205
42.321
43.05
43.205
42.72
41.671
40.268
38.803
37.574
36.786
36.492
36.588
36.885
37.188
37.35
37.301
37.038
36.624
36.165
35.795
35.639
35.774
36.189
36.78
37.383
37.816
37.938
37.676
37.044
36.136
35.103
34.122
33.36
32.939
32.909
33.242
33.847
34.585
35.3
35.849
36.13
36.102
35.801
35.336
34.855
34.503
34.359
34.404
34.53
34.582
34.416
33.945
33.159
32.124
30.966
29.847
28.932
28.353
28.183
28.414
28.962
29.693
30.46
31.135
31.633
31.917
32.004
31.944
31.807
31.659
31.546
31.485
31.471
31.477
31.473
31.431
31.328
31.154
30.901
30.573
30.175
29.722
29.234
28.738
28.265
27.847
27.506
27.253
27.084
26.978
26.911
26.854
26.789
26.71
26.629
26.571
26.569
26.646
26.807
27.029
27.262
27.441
27.51
27.434
27.213
26.88
26.499
26.144
25.882
25.748
25.735
25.792
25.836
25.773
25.524
25.05
24.36
23.516
22.629
21.829
21.236
20.922
20.893
21.094
21.44
21.843
22.23
22.553
22.787
22.921
22.967
22.944
22.888
22.833
22.814
22.85
22.947
23.094
23.267
23.436
23.568
23.633
23.607
23.479
23.249
22.937
22.584
22.251
22.01
21.932
22.064
22.406
22.913
23.496
24.052
24.482
24.712
24.7
24.442
23.968
23.34
22.64
21.96
21.39
20.989
20.776
20.716
20.741
20.77
20.74
20.619
20.414
20.162
19.916
19.726
19.622
19.608
19.66
19.732
19.777
19.753
19.646
19.475
19.291
19.161
19.147
19.273
19.515
19.804
20.057
20.197
20.18
19.999
19.679
19.275
18.858
18.504
18.279
18.228
18.355
18.624
18.962
19.285
19.514
19.594
19.503
19.251
18.875
18.424
17.951
17.503
17.113
16.804
16.581
16.444
16.386
16.391
16.44
16.504
16.551
16.542
16.447
16.248
15.947
15.565
15.144
14.739
14.41
14.218
14.21
14.412
14.814
15.367
15.988
16.578
17.043
17.312
17.357
17.186
16.85
16.427
16.005
15.668
15.48
15.472
15.643
15.963
16.381
16.841
17.286
17.672
17.967
18.153
18.219
18.157
17.964
17.639
17.193
16.646
16.038
15.418
14.843
14.369
14.04
13.878
13.881
14.019
14.233
14.456
14.614
14.653
14.539
14.274
13.891
13.446
13.01
12.646
12.402
12.292
12.304
12.399
12.529
12.644
12.704
12.689
12.606
12.486
12.38
12.341
12.403
12.566
12.796
13.04
13.243
13.366
13.394
13.331
13.203
13.046
12.902
12.818
12.831
12.958
13.192
13.49
13.791
14.029
14.147
14.114
13.926
13.608
13.204
12.769
12.357
12.009
11.753
11.593
11.521
11.516
11.555
11.621
11.703
11.797
11.902
12.013
12.119
12.203
12.251
12.253
12.21
12.128
12.02
11.898
11.776
11.675
11.625
11.659
11.805
12.061
12.395
12.744
13.037
13.211
13.228
13.082
12.793
12.404
11.972
11.556
11.21
10.973
10.862
10.869
10.96
11.085
11.193
11.242
11.209
11.09
10.899
10.664
10.418
10.193
10.011
9.8837
9.807
9.7683
9.751
9.7422
9.7375
9.7427
9.7723
9.8446
9.9753
10.171
10.426
10.717
11.011
11.267
11.446
11.519
11.475
11.321
11.088
10.819
10.564
10.367
10.258
10.245
10.313
10.433
10.56
10.646
10.651
10.544
10.318
9.9905
9.6027
9.211
8.8747
8.6399
8.528
8.5329
8.6275
8.7748
8.9366
9.0794
9.1786
9.2215
9.2092
9.1564
9.0865
9.0252
8.9924
8.998
9.0406
9.1106
9.1938
9.2747
9.3401
9.382
9.4015
9.4094
9.425
9.4687
9.5542
9.6818
9.8378
9.9993
10.141
10.24
10.278
10.243
10.128
9.9359
9.6819
9.397
9.1243
8.9098
8.7888
8.7739
8.8525
8.9945
9.1631
9.3231
9.4439
9.5003
9.4743
9.3594
9.1659
8.923
8.6753
8.4719
8.3497
8.3212
8.3718
8.4699
8.581
8.6778
8.744
8.7732
8.7675
8.7363
8.695
8.6626
8.6552
8.6803
8.7324
8.7963
8.8535
8.8903
8.9017
8.8907
8.864
8.8276
8.7853
8.7407
8.6996
8.6711
8.6648
8.6857
8.7314
8.7928
8.8597
8.9258
8.9923
9.0659
9.1547
9.2635
9.3917
9.5339
9.6812
9.8223
9.942
10.021
10.039
9.976
9.8218
9.5801
9.2717
8.9316
8.6038
8.3322
8.1524
8.0867
8.1419
8.309
8.5629
8.8648
9.1666
9.4201
9.5872
9.6484
9.6076
9.4915
9.3436
9.2142
9.1485
9.1777
9.3128
9.5437
9.8411
10.161
10.452
10.662
10.753
10.705
10.523
10.239
9.9087
9.5964
9.3685
9.2774
9.3502
9.5826
9.9385
10.358
10.767
11.097
11.29
11.316
11.177
10.904
10.555
10.204
9.9244
9.7777
9.8035
10.013
10.387
10.883
11.441
11.993
12.478
12.85
13.085
13.183
13.166
13.066
12.924
12.775
12.645
12.553
12.503
12.492
12.51
12.544
12.58
12.609
12.626
12.633
12.633
12.633
12.641
12.665
12.711
12.782
12.875
12.985
13.104
13.227
13.354
13.485
13.619
13.75
13.863
13.943
13.983
13.988
13.979
13.99
14.054
14.196
14.428
14.744
15.131
15.566
16.025
16.478
16.895
17.245
17.505
17.667
17.736
17.739
17.711
17.696
17.728
17.834
18.02
18.274
18.572
18.882
19.17
19.409
19.581
19.679
19.711
19.694
19.655
19.627
19.64
19.721
19.889
20.148
20.488
20.889
21.318
21.743
22.128
22.446
22.679
22.822
22.881
22.876
22.835
22.792
22.779
22.821
22.933
23.12
23.37
23.668
23.992
24.322
24.646
24.958
25.26
25.558
25.86
26.169
26.487
26.807
27.113
27.381
27.578
27.677
27.661
27.543
27.372
27.225
27.188
27.324
27.637
28.067
28.506
28.833
28.948
28.801
28.396
27.788
27.073
26.374
25.819
25.523
25.561
25.944
26.614
27.455
28.321
29.073
29.61
29.882
29.901
29.734
29.492
29.304
29.282
29.493
29.937
30.541
31.188
31.746
32.104
32.192
31.994
31.551
30.943
30.28
29.672
29.217
28.982
29
29.273
29.77
30.442
31.229
32.063
32.88
33.629
34.272
34.789
35.181
35.464
35.666
35.817
35.947
36.069
36.181
36.26
36.273
36.181
35.954
35.577
35.06
34.443
33.8
33.231
32.844
32.731
32.935
33.431
34.126
34.884
35.563
36.043
36.255
36.194
35.922
35.56
35.268
35.206
35.479
36.098
36.967
37.909
38.719
39.221
39.302
38.933
38.176
37.168
36.096
35.167
34.561
34.394
34.692
35.391
36.365
37.455
38.512
39.418
40.101
40.536
40.746
40.781
40.703
40.57
40.417
40.258
40.083
39.874
39.611
39.283
38.894
38.464
38.028
37.636
37.346
37.214
37.281
37.558
38.014
38.579
39.149
39.609
39.856
39.822
39.486
38.89
38.132
37.357
36.736
36.426
36.527
37.046
37.891
38.892
39.846
40.557
40.878
40.733
40.128
39.152
37.968
36.786
35.826
35.266
35.198
35.607
36.387
37.375
38.403
39.324
40.035
40.475
40.629
40.521
40.206
39.76
39.269
38.813
38.459
38.247
38.192
38.287
38.509
38.834
39.24
39.716
40.249
40.826
41.416
41.967
42.405
42.645
42.605
42.233
41.531
40.567
39.488
38.505
37.855
37.738
38.244
39.308
40.732
42.235
43.53
44.376
44.625
44.243
43.336
42.137
40.978
40.203
40.053
40.56
41.54
42.675
43.645
44.215
44.279
43.856
43.062
42.066
41.042
40.131
39.416
38.925
38.645
38.56
38.667
38.985
39.539
40.329
41.301
42.34
43.289
43.995
44.353
44.342
44.041
43.611
43.25
43.131
43.333
43.808
44.391
44.855
44.98
44.625
43.776
42.579
41.334
40.423
40.173
40.686
41.772
43.028
44.015
44.409
44.082
43.117
41.769
40.38
39.266
38.605
38.387
38.442
38.538
38.477
38.162
37.631
37.057
36.72
36.913
37.8
39.302
41.106
42.776
43.909
44.261
43.816
42.803
41.657
40.88
40.842
41.589
42.82
44.044
44.779
44.696
43.686
41.881
39.647
37.541
36.181
36.008
37.039
38.856
40.837
42.42
43.242
43.179
42.326
40.941
39.359
37.887
36.703
35.815
35.104
34.418
33.675
32.921
32.33
32.14
32.551
33.6
35.127
36.827
38.364
39.473
40.039
40.12
39.944
39.832
40.076
40.791
41.851
42.937
43.681
43.797
43.178
41.932
40.375
38.957
38.123
38.117
38.855
39.966
40.963
41.427
41.115
40.016
38.363
36.606
35.317
34.978
35.733
37.3
39.131
40.663
41.495
41.451
40.598
39.222
37.764
36.708
36.4
36.892
37.919
39.042
39.828
39.986
39.423
38.261
36.816
35.525
34.814
34.92
35.774
37.049
38.326
39.257
39.642
39.455
38.813
37.936
37.067
36.409
36.06
36.004
36.14
36.347
36.524
36.613
36.587
36.43
36.124
35.649
35.008
34.267
33.574
33.152
33.232
33.946
35.234
36.849
38.439
39.663
40.277
40.189
39.485
38.422
37.388
36.793
36.913
37.753
39.042
40.36
41.313
41.657
41.374
40.674
39.947
39.617
39.942
40.862
42.011
42.892
43.079
42.347
40.738
38.566
36.358
34.714
34.06
34.42
35.415
36.493
37.178
37.209
36.563
35.44
34.187
33.187
32.706
32.761
33.129
33.472
33.514
33.158
32.533
31.952
31.78
32.232
33.225
34.41
35.334
35.618
35.074
33.75
31.937
30.126
28.891
28.658
29.475
30.995
32.7
34.137
35.041
35.362
35.249
35.001
34.965
35.402
36.366
37.674
38.986
39.938
40.248
39.778
38.565
36.815
34.883
33.204
32.162
31.94
32.42
33.247
33.992
34.29
33.923
32.841
31.166
29.181
27.295
25.954
25.483
25.909
26.944
28.149
29.12
29.601
29.516
28.968
28.201
27.534
27.243
27.445
28.052
28.838
29.558
30.053
30.281
30.303
30.235
30.181
30.185
30.215
30.191
30.033
29.7
29.214
28.655
28.127
27.726
27.503
27.459
27.553
27.738
27.982
28.276
28.616
28.982
29.324
29.565
29.631
29.488
29.163
28.747
28.361
28.095
27.957
27.854
27.633
27.148
26.325
25.211
23.976
22.878
22.182
22.045
22.446
23.208
24.108
24.973
25.722
26.351
26.893
27.371
27.76
27.986
27.961
27.64
27.069
26.413
25.932
25.881
26.382
27.34
28.49
29.529
30.234
30.524
30.456
30.177
29.842
29.534
29.23
28.83
28.23
27.404
26.437
25.51
24.831
24.523
24.552
24.744
24.879
24.817
24.561
24.274
24.216
24.609
25.487
26.656
27.781
28.537
28.729
28.358
27.632
26.91
26.569
26.808
27.538
28.443
29.168
29.476
29.322
28.844
28.291
27.908
27.819
27.978
28.215
28.345
28.253
27.931
27.455
26.94
26.483
26.133
25.898
25.783
25.819
26.062
26.543
27.221
27.956
28.544
28.788
28.587
27.984
27.196
26.557
26.386
26.811
27.677
28.64
29.345
29.577
29.319
28.731
28.069
27.555
27.261
27.081
26.821
26.333
25.616
24.832
24.241
24.047
24.26
24.672
24.968
24.883
24.314
23.359
22.299
21.508
21.279
21.644
22.362
23.075
23.504
23.553
23.324
23.05
22.966
23.154
23.479
23.678
23.521
22.963
22.222
21.74
21.97
23.052
24.673
26.265
27.303
27.484
26.793
25.509
24.143
23.265
23.208
23.855
24.735
25.338
25.341
24.683
23.561
22.359
21.515
21.326
21.788
22.632
23.508
24.152
24.432
24.332
23.9
23.204
22.307
21.29
20.306
19.612
19.534
20.295
21.827
23.769
25.637
27.005
27.61
27.406
26.574
25.492
24.612
24.256
24.423
24.799
24.97
24.652
23.824
22.75
21.886
21.65
22.133
23.015
23.794
24.074
23.716
22.888
22.008
21.564
21.816
22.6
23.427
23.784
23.357
22.132
20.44
18.926
18.333
18.997
20.536
22.193
23.338
23.678
23.294
22.592
22.144
22.372
23.244
24.3
24.984
24.95
24.217
23.184
22.497
22.681
23.723
25.07
26.035
26.166
25.402
24.091
22.877
22.392
22.821
23.763
24.576
24.809
24.395
23.656
23.135
23.265
24.032
24.98
25.534
25.306
24.237
22.619
21.015
20.037
19.966
20.545
21.215
21.51
21.272
20.672
20.113
20.014
20.533
21.47
22.43
23.083
23.301
23.175
22.946
22.868
23.07
23.517
24.078
24.656
25.24
25.875
26.564
27.198
27.581
27.534
27.03
26.278
25.702
25.752
26.602
27.994
29.402
30.334
30.537
30.059
29.194
28.333
27.755
27.473
27.284
26.972
26.504
26.081
26.012
26.456
27.246
27.958
28.152
27.593
26.358
24.834
23.58
23.03
23.188
23.62
23.785
23.344
22.311
21.048
20.134
20.053
20.832
22.037
23.11
23.664
23.589
23.03
22.295
21.713
21.474
21.544
21.722
21.801
21.681
21.418
21.171
21.108
21.299
21.67
22.054
22.29
22.316
22.198
22.108
22.234
22.658
23.274
23.826
24.029
23.703
22.883
21.878
21.224
21.437
22.626
24.372
26.006
26.967
26.979
26.124
24.824
23.717
23.358
23.85
24.8
25.649
26.036
25.926
25.564
25.278
25.24
25.345
25.314
24.937
24.27
23.656
23.542
24.12
25.118
25.966
26.147
25.456
24.102
22.682
21.936
22.26
23.362
24.53
25.136
24.919
24.024
22.914
22.136
22
22.37
22.813
22.926
22.554
21.832
21.094
20.689
20.775
21.243
21.828
22.283
22.471
22.358
21.967
21.351
20.599
19.869
19.39
19.378
19.882
20.703
21.486
21.908
21.828
21.362
20.851
20.705
21.129
21.964
22.809
23.292
23.271
22.889
22.501
22.465
22.902
23.62
24.274
24.608
24.579
24.348
24.147
24.107
24.178
24.195
24.045
23.789
23.66
23.916
24.635
25.643
26.627
27.329
27.658
27.69
27.576
27.428
27.266
27.05
26.785
26.581
26.618
27.014
27.712
28.49
29.096
29.379
29.347
29.123
28.834
28.521
28.141
27.653
27.128
26.757
26.736
27.089
27.599
27.941
27.893
27.485
27.003
26.816
27.104
27.705
28.248
28.44
28.272
28.029
28.078
28.548
29.164
29.404
28.836
27.392
25.503
24.03
23.836
25.079
27.063
28.853
29.828
29.828
29.091
28.088
27.291
26.952
27.032
27.311
27.562
27.626
27.399
26.804
25.81
24.505
23.147
22.13
21.78
22.105
22.768
23.345
23.601
23.605
23.642
23.974
24.588
25.159
25.252
24.578
23.147
21.302
19.626
18.663
18.562
18.992
19.489
19.801
19.965
20.178
20.581
21.121
21.584
21.747
21.506
20.923
20.183
19.512
19.079
18.936
19.017
19.175
19.223
18.982
18.34
17.33
16.195
15.372
15.283
15.968
17.001
17.801
17.959
17.377
16.292
15.188
14.547
14.486
14.64
14.483
13.688
12.315
10.862
10.159
10.746
12.217
13.736
14.704
14.881
14.325
13.328
12.326
11.751
11.798
12.297
12.881
13.226
13.177
