24.665
25.572
26.151
26.409
26.524
26.667
26.842
26.891
26.647
26.111
25.513
25.194
25.36
25.9
26.472
26.768
26.719
26.529
26.499
26.772
27.185
27.392
27.156
26.578
26.146
26.479
27.83
29.812
31.657
32.677
32.552
31.427
29.879
28.713
28.549
29.409
30.757
31.945
32.576
32.613
32.31
32.04
32.097
32.561
33.302
34.102
34.772
35.203
35.362
35.263
34.957
34.543
34.176
34.046
34.31
34.996
35.961
36.934
37.628
37.866
37.66
37.227
36.909
37.004
37.581
38.431
39.191
39.567
39.495
39.188
39.026
39.327
40.117
41.097
41.838
42.04
41.701
41.123
40.744
40.874
41.487
42.263
42.839
43.057
43.057
43.172
43.669
44.522
45.389
45.817
45.509
44.497
43.166
42.1
41.793
42.368
43.535
44.831
45.889
46.573
46.931
47.081
47.093
46.955
46.627
46.136
45.625
45.306
45.338
45.707
46.208
46.55
46.513
46.075
45.432
44.924
44.855
45.317
46.127
46.936
47.418
47.437
47.102
46.71
46.583
46.87
47.448
47.991
48.168
47.826
47.079
46.253
45.713
45.647
45.95
46.315
46.448
46.249
45.854
45.526
45.464
45.653
45.886
45.926
45.699
45.355
45.175
45.352
45.814
46.236
46.24
45.647
44.61
43.573
43.027
43.176
43.761
44.228
44.081
43.169
41.778
40.505
39.919
40.165
40.846
41.319
41.111
40.187
38.981
38.182
38.316
39.355
40.731
41.74
41.932
41.285
40.177
39.175
38.714
38.831
39.186
39.358
39.15
38.721
38.487
38.835
39.822
41.104
42.167
42.646
42.524
42.157
42.097
42.762
44.138
45.766
47.025
47.44
46.867
45.528
43.907
42.552
41.829
41.774
42.174
42.796
43.561
44.55
45.857
47.418
48.942
50.012
50.272
49.61
48.266
46.823
46.024
46.393
47.884
49.889
51.591
52.358
51.98
50.737
49.321
48.563
48.989
50.476
52.334
53.731
54.083
53.251
51.555
49.641
48.209
47.666
47.927
48.533
48.987
49.033
48.729
48.353
48.184
48.309
48.56
48.632
48.277
47.456
46.371
45.376
44.806
44.796
45.226
45.823
46.331
46.624
46.724
46.728
46.711
46.679
46.583
46.405
46.228
46.245
46.668
47.582
48.845
50.112
50.983
51.167
50.611
49.546
48.443
47.851
48.156
49.376
51.169
53.027
54.502
55.35
55.568
55.361
55.044
54.919
55.153
55.718
56.427
57.042
57.397
57.468
57.381
57.333
57.479
57.82
58.177
58.274
57.872
56.899
55.507
54.033
52.857
52.22
52.084
52.176
52.157
51.812
51.156
50.4
49.818
49.565
49.567
49.569
49.299
48.644
47.738
46.916
46.545
46.783
47.46
48.16
48.464
48.173
47.435
46.708
46.56
47.343
48.946
50.863
52.485
53.407
53.587
53.336
53.156
53.466
54.345
55.49
56.417
56.744
56.38
55.564
54.734
54.286
54.339
54.684
54.957
54.903
54.557
54.242
54.378
55.185
56.48
57.738
58.352
57.907
56.351
54.037
51.619
49.802
49.007
49.138
49.684
50.06
49.915
49.272
48.474
47.995
48.164
48.95
49.977
50.741
50.872
50.305
49.33
48.503
48.398
49.281
50.918
52.683
53.872
53.986
52.906
50.957
48.863
47.533
47.645
49.23
51.663
54.066
55.738
56.373
56.09
55.343
54.707
54.604
55.077
55.79
56.23
55.98
54.893
53.154
51.212
49.612
48.753
48.704
49.196
49.814
50.221
50.281
50.066
49.769
49.577
49.567
49.682
49.794
49.804
49.726
49.69
49.878
50.404
51.227
52.144
52.878
53.21
53.089
52.679
52.315
52.37
53.076
54.384
55.981
57.427
58.339
58.508
57.964
56.959
55.894
55.19
55.127
55.718
56.703
57.656
58.14
57.84
56.646
54.709
52.43
50.403
49.232
49.268
50.403
52.114
53.722
54.662
54.656
53.784
52.466
51.34
51.008
51.722
53.22
54.876
56.018
56.216
55.442
54.095
52.894
52.588
53.559
55.589
58.003
60.043
61.177
61.232
60.372
58.99
57.519
56.251
55.237
54.337
53.377
52.316
51.309
50.654
50.622
51.275
52.397
53.593
54.463
54.772
54.518
53.935
53.396
53.262
53.71
54.656
55.812
56.849
57.547
57.876
57.985
58.107
58.428
58.974
59.597
60.052
60.127
59.745
59.003
58.131
57.394
56.972
56.88
56.977
57.051
56.926
56.528
55.909
55.203
54.571
54.126
53.902
53.853
53.89
53.926
53.916
53.863
53.814
53.835
53.983
54.281
54.705
55.189
55.636
55.949
56.063
55.975
55.756
55.543
55.488
55.699
56.169
56.762
57.258
57.437
57.172
56.489
55.57
54.708
54.185
54.154
54.551
55.12
55.529
55.499
54.919
53.9
52.765
51.958
51.865
52.611
53.962
55.42
56.443
56.659
56.016
54.836
53.757
53.503
54.518
56.693
59.412
61.871
63.402
63.644
62.592
60.545
58
55.492
53.421
51.936
50.943
50.229
49.615
49.052
48.626
48.491
48.768
49.466
50.458
51.53
52.452
53.064
53.312
53.269
53.103
53.024
53.202
53.705
54.476
55.366
56.196
56.821
57.17
57.248
57.124
56.896
56.66
56.477
56.358
56.261
56.108
55.809
55.295
54.546
53.62
52.657
51.864
51.469
51.645
52.428
53.687
55.151
56.492
57.427
57.792
57.597
57.026
56.388
56.01
56.104
56.666
57.476
58.199
58.518
58.249
57.389
56.114
54.72
53.524
52.754
52.473
52.567
52.819
53.013
53.016
52.828
52.577
52.463
52.677
53.3
54.251
55.306
56.175
56.611
56.495
55.876
54.976
54.121
53.63
53.687
54.255
55.098
55.88
56.294
56.151
55.422
54.23
52.811
51.453
50.407
49.818
49.679
49.857
50.162
50.44
50.644
50.854
51.256
52.04
53.298
54.935
56.676
58.156
59.038
59.116
58.376
57.004
55.346
53.811
52.738
52.278
52.346
52.688
53.006
53.074
52.809
52.287
51.712
51.352
51.439
52.074
53.173
54.5
55.748
56.643
57.008
56.799
56.089
55.031
53.805
52.57
51.433
50.459
49.691
49.174
48.958
49.08
49.528
50.223
51.023
51.755
52.257
52.421
52.223
51.736
51.109
50.525
50.137
50.01
50.098
50.278
50.414
50.431
50.34
50.232
50.221
50.377
50.681
51.028
51.27
51.286
51.03
50.561
50.024
49.604
49.451
49.605
49.964
50.309
50.391
50.031
49.21
48.12
47.135
46.694
47.095
48.313
49.978
51.532
52.44
52.337
51.104
48.885
46.071
43.249
41.082
40.103
40.472
41.893
43.785
45.547
46.738
47.156
46.854
46.106
45.324
44.913
45.098
45.815
46.758
47.526
47.781
47.353
46.264
44.716
43.033
41.581
40.671
40.462
40.922
41.862
43.023
44.164
45.112
45.785
46.177
46.333
46.312
46.155
45.872
45.439
44.827
44.022
43.047
41.964
40.867
39.861
39.036
38.455
38.138
38.068
38.198
38.463
38.793
39.125
39.411
39.631
39.795
39.944
40.136
40.426
40.841
41.358
41.904
42.373
42.654
42.667
42.383
41.846
41.165
40.498
40.028
39.909
40.227
40.96
41.982
43.088
44.051
44.672
44.819
44.452
43.63
42.489
41.212
39.981
38.926
38.1
37.481
36.999
36.585
36.192
35.819
35.503
35.306
35.301
35.545
36.062
36.825
37.751
38.712
39.557
40.144
40.365
40.174
39.601
38.748
37.777
36.872
36.198
35.851
35.833
36.06
36.396
36.698
36.846
36.77
36.459
35.968
35.411
34.936
34.685
34.732
35.045
35.488
35.866
35.994
35.753
35.124
34.192
33.126
32.147
31.47
31.255
31.557
32.316
33.374
34.52
35.543
36.274
36.621
36.59
36.283
35.867
35.519
35.355
35.387
35.523
35.611
35.508
35.126
34.456
33.563
32.558
31.577
30.741
30.136
29.8
29.725
29.868
30.171
30.576
31.034
31.506
31.961
32.368
32.701
32.936
33.066
33.103
33.082
33.059
33.095
33.234
33.49
33.829
34.177
34.438
34.517
34.35
33.924
33.283
32.524
31.773
31.152
30.743
30.563
30.565
30.664
30.765
30.798
30.732
30.581
30.398
30.261
30.241
30.383
30.678
31.062
31.438
31.705
31.788
31.663
31.361
30.958
30.557
30.26
30.137
30.205
30.429
30.724
30.987
31.117
31.036
30.706
30.137
29.378
28.509
27.628
26.823
26.166
25.701
25.445
25.396
25.538
25.847
26.287
26.81
27.356
27.854
28.233
28.438
28.44
28.254
27.939
27.592
27.318
27.201
27.269
27.484
27.757
27.978
28.049
27.911
27.56
27.047
26.48
26.004
25.773
25.896
26.396
27.195
28.139
29.052
29.78
30.225
30.35
30.181
29.785
29.256
28.694
28.181
27.772
27.483
27.294
27.167
27.057
26.937
26.8
26.665
26.559
26.509
26.524
26.592
26.684
26.767
26.809
26.792
26.715
26.601
26.494
26.457
26.55
26.813
27.238
27.77
28.314
28.769
29.052
29.12
28.973
28.652
28.225
27.767
27.349
27.023
26.817
26.736
26.768
26.886
27.058
27.249
27.422
27.542
27.575
27.494
27.285
26.951
26.516
26.026
25.54
25.126
24.847
24.757
24.88
25.198
25.647
26.123
26.5
26.659
26.52
26.056
25.304
24.357
23.349
22.429
21.735
21.369
21.378
21.747
22.4
23.222
24.08
24.85
25.436
25.783
25.882
25.758
25.467
25.074
24.651
24.264
23.976
23.833
23.87
24.104
24.539
25.171
25.983
26.939
27.969
28.967
29.801
30.339
30.478
30.173
29.449
28.4
27.182
25.976
24.968
24.306
24.074
24.281
24.853
25.659
26.537
27.325
27.892
28.161
28.121
27.824
27.369
26.874
26.445
26.147
25.998
25.972
26.02
26.084
26.116
26.081
25.966
25.781
25.56
25.353
25.216
25.19
25.291
25.507
25.801
26.13
26.456
26.753
27.011
27.234
27.432
27.619
27.805
27.994
28.186
28.376
28.555
28.718
28.864
28.996
29.118
29.235
29.345
29.443
29.517
29.553
29.536
29.452
29.292
29.055
28.759
28.441
28.164
28.008
28.051
28.334
28.841
29.493
30.167
30.734
31.094
31.199
31.06
30.738
30.327
29.932
29.648
29.549
29.678
30.052
30.652
31.424
32.282
33.113
33.803
34.249
34.38
34.167
33.626
32.815
31.82
30.744
29.687
28.738
27.963
27.402
27.079
26.999
27.151
27.508
28.02
28.617
29.217
29.737
30.108
30.286
30.259
30.046
29.698
29.292
28.918
28.674
28.638
28.855
29.322
29.988
30.77
31.567
32.285
32.85
33.212
33.353
33.291
33.074
32.779
32.496
32.31
32.276
32.402
32.655
32.967
33.268
33.496
33.611
33.595
33.445
33.173
32.809
32.397
31.994
31.66
31.438
31.343
31.353
31.42
31.489
31.517
31.485
31.405
31.311
31.252
31.275
31.418
31.691
32.078
32.534
32.999
33.411
33.727
33.928
34.023
34.054
34.082
34.184
34.436
34.897
35.591
36.486
37.499
38.51
39.387
40.019
40.34
40.329
40.017
39.469
38.772
38.026
37.336
36.805
36.526
36.558
36.906
37.516
38.284
39.088
39.811
40.368
40.708
40.813
40.689
40.36
39.862
39.247
38.572
37.894
37.259
36.694
36.208
35.802
35.48
35.26
35.174
35.253
35.519
35.969
36.578
37.3
38.081
38.862
39.582
40.188
40.639
40.912
41.014
40.977
40.854
40.704
40.581
40.517
40.517
40.562
40.618
40.645
40.612
40.503
40.326
40.12
39.949
39.89
40.016
40.372
40.959
41.725
42.578
43.397
44.056
44.444
44.48
44.127
43.402
42.379
41.188
40.002
39.013
38.395
38.264
38.654
39.506
40.69
42.034
43.358
44.493
45.304
45.701
45.657
45.211
44.472
43.608
42.821
42.303
42.19
42.519
43.214
44.113
45.015
45.728
46.107
46.073
45.622
44.821
43.795
42.716
41.784
41.205
41.153
41.726
42.906
44.548
46.413
48.22
49.708
50.68
51.036
50.784
50.031
48.963
47.811
46.811
46.164
46.004
46.37
47.205
48.372
49.682
50.93
51.934
52.561
52.746
52.496
51.884
51.026
50.064
49.132
48.341
47.761
47.42
47.309
47.393
47.626
47.957
48.344
48.752
49.157
49.541
49.893
50.2
50.455
50.644
50.755
50.777
50.709
50.565
50.379
50.202
50.086
50.066
50.143
50.279
50.411
50.476
50.437
50.296
50.096
49.906
49.792
49.801
49.952
50.234
50.616
51.064
51.54
52.006
52.428
52.77
53.008
53.131
53.145
53.08
52.981
52.897
52.876
52.943
53.096
53.302
53.506
53.642
53.655
53.506
53.185
52.705
52.1
51.417
50.707
50.023
49.419
48.946
48.652
48.576
48.739
49.143
49.763
50.549
51.429
52.321
53.137
53.803
54.265
54.503
54.529
54.389
54.146
53.874
53.641
53.498
53.474
53.578
53.803
54.134
54.561
55.075
55.671
56.339
57.064
57.812
58.537
59.179
59.671
59.945
59.947
59.648
59.073
58.309
57.512
56.883
56.608
56.79
57.389
58.219
59.002
59.447
59.331
58.543
57.101
55.146
52.916
50.712
48.855
47.629
47.213
47.627
48.716
50.2
51.747
53.056
53.912
54.221
54.024
53.482
52.844
52.391
52.353
52.84
53.8
55.035
56.271
57.228
57.692
57.552
56.82
55.615
54.143
52.649
51.369
50.479
50.072
50.156
50.669
51.507
52.544
53.653
54.714
55.632
56.347
56.849
57.172
57.389
57.594
57.87
58.263
58.763
59.303
59.768
60.028
59.959
59.474
58.54
57.185
55.502
53.649
51.836
50.306
49.29
48.947
49.31
50.255
51.538
52.855
53.919
54.519
54.552
54.047
53.155
52.132
51.288
50.908
51.16
52.032
53.326
54.731
55.91
56.587
56.599
55.915
54.64
52.991
51.259
49.751
48.725
48.328
48.56
49.29
50.309
51.391
52.345
53.047
53.452
53.591
53.55
53.444
53.376
53.412
53.558
53.766
53.953
54.028
53.919
53.587
53.033
52.302
51.474
50.657
49.97
49.528
49.409
49.64
50.175
50.907
51.682
52.333
52.715
52.731
52.357
51.646
50.734
49.819
49.126
48.856
49.124
49.912
51.068
52.343
53.458
54.162
54.283
53.758
52.642
51.108
49.425
47.909
46.864
46.502
46.883
47.908
49.368
51.014
52.614
53.991
55.034
55.693
55.969
55.901
55.55
54.989
54.295
53.544
52.812
52.166
51.67
51.371
51.3
51.465
51.846
52.403
53.074
53.779
54.426
54.916
55.147
55.029
54.501
53.545
52.209
50.619
48.983
47.572
46.665
46.474
47.061
48.301
49.918
51.561
52.889
53.639
53.664
52.968
51.713
50.205
48.841
47.995
47.885
48.475
49.501
50.584
51.372
51.639
51.313
50.47
49.29
47.999
46.804
45.844
45.167
44.74
44.489
44.35
44.307
44.4
44.704
45.283
46.137
47.173
48.225
49.103
49.66
49.846
49.729
49.485
49.345
49.517
50.095
51.013
52.053
52.915
53.306
53.034
52.072
50.609
49.032
47.847
47.488
48.093
49.414
50.929
52.076
52.45
51.908
50.58
48.825
47.121
45.904
45.412
45.592
46.156
46.728
46.982
46.744
46.036
45.091
44.319
44.19
45.02
46.781
49.081
51.33
52.968
53.638
53.273
52.122
50.697
49.625
49.402
50.157
51.582
53.095
54.095
54.142
53.063
50.988
48.354
45.86
44.305
44.258
45.731
48.162
50.732
52.709
53.626
53.335
51.976
49.914
47.627
45.566
44.007
42.98
42.309
41.757
41.168
40.553
40.089
40.045
40.643
41.922
43.685
45.562
47.147
48.125
48.367
47.98
47.299
46.797
46.91
47.822
49.349
51.028
52.313
52.775
52.209
50.691
48.567
46.385
44.751
44.1
44.481
45.533
46.682
47.381
47.283
46.315
44.697
42.901
41.538
41.137
41.88
43.497
45.421
47.045
47.924
47.857
46.919
45.429
43.888
42.843
42.674
43.418
44.743
46.117
47.02
47.099
46.243
44.611
42.621
40.872
39.971
40.268
41.661
43.667
45.674
47.164
47.831
47.599
46.611
45.172
43.68
42.52
41.945
41.996
42.512
43.222
43.852
44.195
44.14
43.654
42.764
41.535
40.068
38.515
37.101
36.108
35.819
36.393
37.758
39.611
41.522
43.062
43.909
43.908
43.101
41.737
40.248
39.16
38.918
39.676
41.202
42.999
44.524
45.385
45.44
44.844
44.017
43.519
43.807
44.975
46.683
48.322
49.284
49.163
47.864
45.63
43.022
40.796
39.649
39.872
41.178
42.897
44.334
45.009
44.743
43.657
42.119
40.631
39.648
39.376
39.67
40.13
40.335
40.04
39.286
38.398
37.855
38.049
39.028
40.433
41.676
42.197
41.643
39.96
37.417
34.597
32.302
31.287
31.841
33.587
35.765
37.655
38.799
39.056
38.583
37.787
37.215
37.347
38.363
40.03
41.834
43.204
43.699
43.108
41.488
39.173
36.736
34.878
34.182
34.803
36.379
38.257
39.806
40.581
40.375
39.211
37.328
35.146
33.212
32.059
32
32.953
34.5
36.1
37.295
37.805
37.552
36.658
35.408
34.18
33.339
33.102
33.457
34.197
35.04
35.748
36.196
36.371
36.343
36.22
36.097
36.026
36.013
36.028
36.027
35.972
35.835
35.61
35.305
34.951
34.603
34.343
34.262
34.437
34.886
35.544
36.263
36.853
37.134
36.998
36.446
35.596
34.658
33.856
33.335
33.084
32.939
32.652
32.01
30.905
29.392
27.679
26.093
24.993
24.63
25.042
26.058
27.413
28.874
30.289
31.576
32.688
33.57
34.153
34.36
34.146
33.551
32.733
31.971
31.599
31.862
32.782
34.131
35.544
36.673
37.305
37.399
37.065
36.496
35.877
35.3
34.742
34.117
33.363
32.518
31.743
31.26
31.228
31.631
32.258
32.807
33.025
32.819
32.318
31.839
31.773
32.375
33.594
35.086
36.379
37.086
37.032
36.314
35.281
34.426
34.172
34.641
35.58
36.524
37.04
36.896
36.117
34.957
33.791
32.952
32.578
32.558
32.635
32.559
32.213
31.64
30.998
30.463
30.139
30.012
29.996
30.013
30.076
30.291
30.785
31.598
32.603
33.532
34.083
34.055
33.446
32.508
31.7
31.517
32.212
33.616
35.237
36.526
37.107
36.867
35.969
34.766
33.659
32.912
32.536
32.317
31.992
31.417
30.653
29.931
29.52
29.55
29.911
30.308
30.422
30.059
29.239
28.199
27.314
26.931
27.18
27.887
28.697
29.273
29.448
29.269
28.956
28.778
28.896
29.25
29.601
29.682
29.357
28.723
28.104
27.909
28.392
29.452
30.673
31.548
31.7
31.01
29.649
28.054
26.802
26.357
26.8
27.79
28.806
29.42
29.434
28.897
28.056
27.267
26.863
27.011
27.66
28.591
29.534
30.259
30.605
30.479
29.844
28.734
27.275
25.73
24.506
24.064
24.684
26.248
28.286
30.217
31.572
32.098
31.803
30.941
29.949
29.274
29.149
29.45
29.777
29.696
28.959
27.62
26.051
24.833
24.474
25.049
26.137
27.123
27.552
27.293
26.573
25.882
25.734
26.334
27.408
28.379
28.689
28.029
26.45
24.41
22.718
22.223
23.204
25.102
27.012
28.238
28.505
27.981
27.19
26.785
27.163
28.165
29.205
29.673
29.258
28.104
26.794
26.133
26.623
28.032
29.566
30.42
30.16
28.857
27.082
25.723
25.501
26.408
27.715
28.567
28.467
27.447
26.041
25.074
25.176
26.276
27.668
28.552
28.444
27.316
25.581
23.964
23.166
23.405
24.26
25.047
25.283
24.886
24.168
23.676
23.866
24.781
26.022
27.061
27.539
27.409
26.93
26.535
26.596
27.198
28.11
28.987
29.595
29.914
30.086
30.26
30.436
30.427
29.975
28.952
27.523
26.2
25.671
26.347
27.991
29.877
31.272
31.747
31.268
30.151
28.904
27.979
27.533
27.393
27.271
27.029
26.784
26.803
27.251
27.998
28.666
28.853
28.368
27.344
26.217
25.528
25.578
26.186
26.814
26.921
26.238
24.876
23.311
22.219
22.109
22.941
24.177
25.197
25.616
25.371
24.676
23.894
23.358
23.19
23.267
23.351
23.274
23.041
22.818
22.812
23.114
23.614
24.059
24.206
23.953
23.414
22.894
22.763
23.238
24.214
25.313
26.092
26.229
25.642
24.548
23.458
23.027
23.694
25.33
27.323
28.971
29.772
29.548
28.472
27.028
25.866
25.505
26.012
27.005
27.976
28.602
28.839
28.841
28.78
28.684
28.411
27.788
26.813
25.794
25.284
25.749
27.13
28.818
30.033
30.221
29.246
27.463
25.652
24.721
25.104
26.386
27.683
28.266
27.863
26.692
25.338
24.474
24.433
24.974
25.506
25.513
24.814
23.607
22.378
21.663
21.725
22.391
23.223
23.823
23.996
23.743
23.19
22.502
21.823
21.273
20.953
20.94
21.236
21.733
22.237
22.563
22.636
22.548
22.525
22.791
23.409
24.209
24.892
25.204
25.073
24.636
24.176
23.961
24.075
24.385
24.664
24.76
24.688
24.587
24.591
24.711
24.815
24.747
24.475
24.152
24.061
24.417
25.196
26.144
26.952
27.448
27.663
27.761
27.896
28.077
28.167
28.014
27.625
27.231
27.204
27.804
28.95
30.252
31.249
31.643
31.404
30.74
29.973
29.367
29.022
28.89
28.89
28.994
29.214
29.517
29.774
29.822
29.582
29.163
28.833
28.862
29.303
29.925
30.378
30.449
30.215
30.011
30.186
30.779
31.413
31.513
30.655
28.838
26.617
25.016
24.995
26.604
28.925
30.874
31.781
31.514
30.401
29.045
28.051
27.712
27.907
28.274
28.486
28.38
27.931
27.178
26.179
25.04
23.958
23.207
23.011
23.37
24.026
24.633
24.969
25.044
25.055
25.221
25.582
25.93
25.937
25.35
24.141
22.559
21.054
20.077
19.811
20.07
20.487
20.789
20.911
20.951
21.051
21.275
21.567
21.789
21.797
21.496
20.872
20.013
19.113
18.444
18.239
18.523
19.043
19.398
19.255
18.516
17.416
16.498
16.35
17.113
18.307
19.224
19.349
18.541
17.053
15.474
14.477
14.335
14.635
14.666
13.922
12.325
10.305
8.8878
9.2231
11.101
13.3
14.918
15.533
15.073
13.756
12.088
10.829
10.665
11.555
12.761
13.539
13.474
