38.965
40.561
41.792
42.463
42.712
42.816
42.941
43.024
42.886
42.476
42.02
41.934
42.511
43.633
44.815
45.544
45.637
45.365
45.271
45.749
46.677
47.493
47.652
47.122
46.588
47.165
49.551
53.306
57.09
59.495
59.712
57.838
54.927
52.678
52.558
54.717
57.927
60.651
61.96
61.829
60.972
60.39
60.764
62.072
63.756
65.227
66.241
66.927
67.541
68.182
68.688
68.809
68.5
68.098
68.209
69.318
71.378
73.755
75.606
76.357
76.013
75.176
74.742
75.367
77.02
79.016
80.497
80.956
80.523
79.905
79.994
81.306
83.603
86.051
87.73
88.13
87.373
86.148
85.356
85.598
86.824
88.412
89.633
90.116
90.057
90.075
90.783
92.313
94.141
95.364
95.22
93.514
90.806
88.258
87.12
88.01
90.524
93.559
96.016
97.316
97.513
97.086
96.564
96.196
95.868
95.328
94.491
93.615
93.164
93.458
94.352
95.251
95.461
94.64
93.059
91.54
91.022
91.942
93.891
95.878
96.95
96.717
95.538
94.309
93.935
94.74
96.238
97.484
97.665
96.541
94.535
92.494
91.199
90.904
91.233
91.51
91.246
90.412
89.398
88.697
88.539
88.734
88.845
88.55
87.897
87.291
87.194
87.735
88.53
88.878
88.196
86.399
84.037
82.086
81.402
82.12
83.505
84.413
83.96
81.967
79.064
76.428
75.153
75.525
76.808
77.785
77.523
75.864
73.509
71.703
71.525
73.132
75.635
77.731
78.45
77.561
75.589
73.532
72.308
72.207
72.748
73.11
72.736
71.707
70.717
70.641
71.904
74.1
76.252
77.433
77.299
76.288
75.451
75.875
77.941
80.994
83.768
85.099
84.451
82.092
78.967
76.292
74.939
74.975
75.79
76.69
77.445
78.383
80.044
82.608
85.568
87.914
88.656
87.342
84.365
80.978
78.876
79.283
82.064
85.805
88.744
89.661
88.282
85.323
82.234
80.59
81.219
83.679
86.624
88.638
88.86
87.193
84.238
81.023
78.585
77.498
77.646
78.411
79.104
79.324
79.055
78.555
78.131
77.917
77.788
77.445
76.601
75.162
73.304
71.431
70.01
69.364
69.516
70.207
71.054
71.736
72.1
72.161
72.026
71.807
71.574
71.378
71.314
71.554
72.303
73.664
75.498
77.391
78.773
79.131
78.243
76.333
74.104
72.573
72.631
74.525
77.668
80.987
83.462
84.509
84.131
82.859
81.521
80.865
81.191
82.241
83.414
84.155
84.236
83.831
83.376
83.295
83.727
84.431
84.921
84.726
83.628
81.753
79.521
77.458
75.958
75.097
74.645
74.236
73.606
72.722
71.779
71.06
70.741
70.757
70.823
70.582
69.808
68.534
67.075
65.909
65.444
65.779
66.63
67.473
67.818
67.453
66.561
65.684
65.507
66.492
68.589
71.237
73.67
75.269
75.799
75.469
74.827
74.503
74.882
75.893
77.073
77.851
77.852
77.057
75.791
74.537
73.68
73.309
73.23
73.174
73.041
72.995
73.361
74.346
75.794
77.163
77.751
77.015
74.825
71.574
68.115
65.466
64.313
64.596
65.571
66.303
66.175
65.138
63.686
62.602
62.507
63.45
64.854
65.871
65.839
64.6
62.608
60.816
60.267
61.464
63.98
66.707
68.463
68.476
66.625
63.5
60.286
58.378
58.663
60.933
64.081
66.852
68.423
68.597
67.748
66.597
65.865
65.913
66.572
67.296
67.49
66.792
65.195
63.027
60.808
59.053
58.06
57.819
58.071
58.482
58.796
58.897
58.792
58.553
58.254
57.937
57.617
57.303
57.029
56.858
56.863
57.098
57.556
58.158
58.77
59.246
59.48
59.45
59.252
59.085
59.197
59.787
60.897
62.353
63.804
64.834
65.103
64.472
63.081
61.353
59.895
59.271
59.708
60.939
62.314
63.08
62.667
60.852
57.841
54.267
51.079
49.241
49.248
50.801
53.009
54.896
55.779
55.425
54.06
52.294
50.928
50.616
51.513
53.176
54.834
55.775
55.608
54.387
52.603
51.052
50.525
51.392
53.387
55.789
57.824
58.954
58.992
58.073
56.547
54.822
53.203
51.799
50.542
49.312
48.076
46.957
46.203
46.049
46.556
47.537
48.627
49.438
49.705
49.378
48.633
47.825
47.354
47.495
48.262
49.406
50.557
51.396
51.78
51.776
51.614
51.558
51.769
52.212
52.676
52.893
52.674
51.999
51.029
50.04
49.295
48.918
48.837
48.836
48.681
48.234
47.512
46.679
45.963
45.558
45.525
45.768
46.094
46.307
46.298
46.087
45.81
45.653
45.763
46.168
46.757
47.331
47.695
47.741
47.493
47.098
46.766
46.676
46.893
47.334
47.814
48.12
48.1
47.707
47.006
46.15
45.329
44.706
44.359
44.267
44.32
44.37
44.284
43.989
43.5
42.92
42.423
42.197
42.372
42.948
43.771
44.579
45.096
45.135
44.688
43.971
43.392
43.418
44.347
46.111
48.283
50.267
51.517
51.689
50.704
48.747
46.211
43.592
41.338
39.7
38.658
37.995
37.456
36.892
36.317
35.877
35.753
36.058
36.75
37.647
38.491
39.05
39.193
38.94
38.466
38.053
37.99
38.441
39.357
40.503
41.566
42.291
42.56
42.419
42.042
41.66
41.463
41.527
41.787
42.085
42.243
42.133
41.712
41.029
40.215
39.447
38.908
38.746
39.029
39.726
40.709
41.79
42.763
43.448
43.734
43.605
43.158
42.586
42.128
41.99
42.245
42.8
43.422
43.833
43.811
43.256
42.219
40.891
39.546
38.464
37.827
37.66
37.837
38.155
38.434
38.589
38.65
38.742
39.013
39.55
40.314
41.135
41.777
42.028
41.785
41.103
40.191
39.359
38.896
38.948
39.445
40.139
40.728
40.969
40.751
40.102
39.168
38.155
37.265
36.632
36.286
36.161
36.141
36.127
36.084
36.07
36.218
36.687
37.577
38.861
40.377
41.87
43.074
43.787
43.919
43.508
42.708
41.749
40.875
40.271
40.007
40.029
40.197
40.349
40.365
40.198
39.888
39.547
39.325
39.364
39.743
40.44
41.335
42.244
42.969
43.345
43.274
42.74
41.806
40.601
39.294
38.065
37.076
36.437
36.197
36.337
36.786
37.441
38.185
38.902
39.491
39.87
39.992
39.846
39.468
38.932
38.342
37.807
37.412
37.2
37.16
37.24
37.377
37.516
37.626
37.697
37.73
37.726
37.68
37.582
37.432
37.244
37.059
36.934
36.924
37.058
37.309
37.592
37.777
37.73
37.36
36.674
35.802
34.991
34.532
34.643
35.338
36.401
37.471
38.17
38.219
37.491
36.036
34.08
32.01
30.316
29.472
29.729
30.971
32.781
34.641
36.114
36.937
37.059
36.636
35.991
35.51
35.487
35.983
36.801
37.589
38.005
37.828
37.014
35.69
34.128
32.681
31.693
31.39
31.799
32.75
33.96
35.146
36.1
36.726
37.039
37.135
37.136
37.128
37.121
37.041
36.774
36.225
35.363
34.251
33.031
31.894
31.016
30.509
30.384
30.56
30.901
31.265
31.536
31.652
31.609
31.459
31.292
31.212
31.296
31.567
31.986
32.466
32.903
33.204
33.31
33.201
32.897
32.453
31.952
31.492
31.179
31.108
31.347
31.914
32.766
33.795
34.85
35.761
36.379
36.604
36.408
35.846
35.047
34.179
33.404
32.83
32.479
32.292
32.168
32.009
31.756
31.404
31.008
30.66
30.472
30.538
30.897
31.507
32.244
32.936
33.409
33.533
33.253
32.605
31.711
30.747
29.903
29.324
29.072
29.118
29.363
29.686
29.98
30.17
30.225
30.151
29.996
29.836
29.758
29.834
30.089
30.485
30.924
31.279
31.43
31.299
30.871
30.2
29.396
28.609
27.99
27.664
27.691
28.054
28.664
29.382
30.051
30.525
30.701
30.541
30.08
29.43
28.749
28.196
27.875
27.791
27.85
27.905
27.814
27.48
26.879
26.056
25.111
24.177
23.397
22.893
22.737
22.934
23.423
24.094
24.822
25.492
26.022
26.37
26.535
26.549
26.468
26.35
26.246
26.191
26.193
26.241
26.309
26.361
26.36
26.274
26.082
25.777
25.369
24.888
24.38
23.903
23.517
23.268
23.18
23.247
23.433
23.684
23.938
24.141
24.255
24.272
24.213
24.121
24.05
24.047
24.125
24.263
24.407
24.492
24.463
24.294
23.999
23.623
23.238
22.923
22.742
22.724
22.855
23.076
23.299
23.428
23.384
23.122
22.645
22.006
21.295
20.622
20.089
19.763
19.658
19.744
19.961
20.241
20.526
20.772
20.95
21.044
21.052
20.982
20.849
20.681
20.505
20.351
20.243
20.197
20.215
20.288
20.393
20.5
20.577
20.597
20.543
20.418
20.246
20.079
19.983
20.026
20.251
20.657
21.193
21.773
22.299
22.687
22.88
22.857
22.63
22.238
21.741
21.212
20.728
20.356
20.136
20.071
20.122
20.226
20.313
20.331
20.256
20.097
19.884
19.661
19.465
19.321
19.234
19.188
19.16
19.121
19.054
18.957
18.855
18.784
18.785
18.879
19.051
19.259
19.44
19.536
19.511
19.356
19.093
18.765
18.425
18.13
17.929
17.861
17.94
18.151
18.449
18.768
19.037
19.195
19.203
19.055
18.768
18.384
17.956
17.539
17.184
16.928
16.794
16.795
16.931
17.187
17.539
17.941
18.336
18.657
18.843
18.85
18.662
18.298
17.81
17.272
16.773
16.397
16.218
16.28
16.591
17.111
17.76
18.429
19.003
19.384
19.507
19.355
18.954
18.372
17.701
17.044
16.492
16.118
15.962
16.028
16.291
16.699
17.189
17.698
18.168
18.549
18.806
18.913
18.854
18.625
18.239
17.727
17.138
16.538
15.998
15.586
15.35
15.318
15.484
15.815
16.248
16.708
17.114
17.399
17.52
17.468
17.266
16.967
16.638
16.345
16.136
16.033
16.027
16.088
16.173
16.237
16.242
16.166
16.009
15.796
15.574
15.4
15.325
15.377
15.552
15.817
16.123
16.415
16.653
16.811
16.88
16.871
16.811
16.738
16.698
16.734
16.871
17.109
17.418
17.748
18.04
18.24
18.311
18.24
18.035
17.721
17.336
16.917
16.5
16.114
15.781
15.517
15.338
15.257
15.282
15.411
15.622
15.876
16.12
16.3
16.376
16.329
16.173
15.944
15.696
15.486
15.359
15.345
15.461
15.71
16.089
16.576
17.128
17.68
18.153
18.473
18.585
18.465
18.127
17.616
17.001
16.361
15.771
15.29
14.958
14.788
14.77
14.876
15.061
15.278
15.486
15.651
15.761
15.814
15.824
15.811
15.795
15.794
15.819
15.878
15.972
16.102
16.268
16.464
16.685
16.92
17.156
17.381
17.585
17.76
17.899
18.001
18.062
18.08
18.059
18.006
17.935
17.865
17.811
17.782
17.78
17.795
17.815
17.827
17.817
17.773
17.684
17.54
17.34
17.093
16.82
16.555
16.335
16.189
16.132
16.161
16.261
16.409
16.58
16.756
16.924
17.078
17.218
17.35
17.482
17.619
17.763
17.908
18.048
18.176
18.292
18.401
18.517
18.654
18.827
19.051
19.335
19.68
20.075
20.495
20.902
21.253
21.509
21.642
21.644
21.523
21.299
21.001
20.665
20.328
20.034
19.822
19.724
19.752
19.888
20.095
20.321
20.512
20.627
20.639
20.537
20.321
20.002
19.606
19.167
18.731
18.342
18.039
17.842
17.753
17.76
17.85
18.011
18.234
18.509
18.824
19.159
19.496
19.82
20.122
20.396
20.638
20.841
20.995
21.094
21.137
21.133
21.101
21.058
21.02
20.995
20.98
20.969
20.947
20.904
20.828
20.713
20.562
20.39
20.224
20.099
20.049
20.091
20.22
20.41
20.618
20.798
20.909
20.921
20.816
20.593
20.264
19.862
19.437
19.054
18.78
18.672
18.757
19.031
19.457
19.981
20.541
21.069
21.504
21.788
21.88
21.764
21.455
21.005
20.499
20.033
19.692
19.52
19.512
19.617
19.761
19.874
19.902
19.815
19.605
19.288
18.896
18.482
18.117
17.882
17.856
18.09
18.592
19.312
20.157
21.015
21.77
22.332
22.645
22.693
22.507
22.157
21.74
21.367
21.137
21.118
21.335
21.765
22.345
22.992
23.614
24.126
24.464
24.591
24.5
24.22
23.803
23.316
22.827
22.391
22.045
21.804
21.663
21.611
21.634
21.718
21.853
22.031
22.247
22.493
22.759
23.03
23.29
23.518
23.696
23.809
23.85
23.821
23.735
23.614
23.488
23.386
23.328
23.32
23.351
23.397
23.432
23.439
23.411
23.361
23.307
23.274
23.279
23.33
23.425
23.555
23.709
23.875
24.043
24.203
24.343
24.453
24.523
24.55
24.536
24.493
24.437
24.387
24.356
24.349
24.36
24.375
24.375
24.34
24.257
24.117
23.923
23.684
23.417
23.144
22.893
22.697
22.587
22.587
22.715
22.972
23.343
23.796
24.288
24.768
25.19
25.517
25.728
25.823
25.82
25.754
25.663
25.588
25.558
25.588
25.681
25.829
26.018
26.235
26.471
26.723
26.993
27.28
27.578
27.873
28.142
28.357
28.492
28.524
28.441
28.245
27.954
27.614
27.294
27.081
27.06
27.277
27.713
28.278
28.829
29.215
29.31
29.047
28.428
27.519
26.44
25.346
24.396
23.728
23.431
23.522
23.943
24.574
25.268
25.877
26.291
26.448
26.354
26.076
25.731
25.457
25.377
25.559
25.994
26.604
27.265
27.847
28.242
28.383
28.255
27.887
27.345
26.718
26.1
25.571
25.188
24.983
24.964
25.118
25.421
25.835
26.317
26.817
27.289
27.694
28.005
28.214
28.329
28.371
28.368
28.342
28.306
28.25
28.153
27.983
27.71
27.322
26.822
26.239
25.623
25.043
24.581
24.325
24.342
24.662
25.255
26.026
26.843
27.561
28.06
28.27
28.181
27.851
27.393
26.957
26.693
26.709
27.041
27.633
28.362
29.075
29.625
29.905
29.866
29.518
28.932
28.224
27.536
27.001
26.719
26.727
27
27.461
28.01
28.546
28.99
29.292
29.435
29.431
29.318
29.146
28.962
28.804
28.688
28.607
28.543
28.466
28.351
28.181
27.957
27.694
27.424
27.191
27.047
27.033
27.176
27.47
27.874
28.314
28.699
28.938
28.964
28.743
28.296
27.69
27.041
26.488
26.163
26.158
26.488
27.087
27.825
28.545
29.098
29.364
29.28
28.839
28.104
27.196
26.283
25.549
25.149
25.165
25.581
26.293
27.153
28.01
28.741
29.265
29.546
29.585
29.416
29.095
28.693
28.281
27.924
27.67
27.544
27.551
27.681
27.912
28.223
28.593
29.007
29.449
29.896
30.319
30.674
30.909
30.971
30.814
30.418
29.799
29.02
28.192
27.465
26.995
26.904
27.23
27.908
28.786
29.67
30.372
30.746
30.716
30.287
29.55
28.672
27.871
27.351
27.236
27.518
28.067
28.683
29.18
29.431
29.389
29.087
28.608
28.061
27.545
27.124
26.817
26.609
26.47
26.377
26.337
26.384
26.567
26.92
27.439
28.065
28.7
29.234
29.583
29.716
29.671
29.541
29.451
29.508
29.765
30.189
30.671
31.061
31.217
31.049
30.557
29.844
29.11
28.602
28.517
28.905
29.63
30.43
31.023
31.203
30.897
30.17
29.205
28.243
27.506
27.115
27.053
27.19
27.351
27.384
27.212
26.848
26.406
26.072
26.055
26.491
27.37
28.517
29.662
30.541
30.977
30.933
30.52
29.971
29.564
29.513
29.863
30.474
31.084
31.42
31.291
30.631
29.528
28.217
27.044
26.379
26.461
27.27
28.535
29.87
30.925
31.467
31.413
30.814
29.822
28.64
27.459
26.407
25.52
24.766
24.089
23.469
22.957
22.668
22.744
23.277
24.248
25.508
26.823
27.95
28.703
28.999
28.892
28.568
28.299
28.348
28.843
29.701
30.668
31.427
31.722
31.426
30.576
29.372
28.138
27.232
26.919
27.239
27.992
28.841
29.451
29.595
29.196
28.351
27.312
26.445
26.105
26.481
27.478
28.776
29.983
30.777
30.979
30.581
29.739
28.734
27.901
27.514
27.664
28.226
28.919
29.441
29.564
29.198
28.403
27.388
26.46
25.942
26.036
26.724
27.785
28.905
29.803
30.301
30.352
30.025
29.475
28.888
28.426
28.173
28.121
28.19
28.277
28.301
28.222
28.038
27.764
27.411
26.98
26.466
25.892
25.329
24.91
24.794
25.104
25.849
26.893
28
28.906
29.403
29.38
28.864
28.018
27.13
26.536
26.503
27.096
28.133
29.28
30.192
30.629
30.517
29.972
29.272
28.779
28.79
29.375
30.331
31.286
31.863
31.808
31.06
29.758
28.229
26.9
26.161
26.174
26.79
27.644
28.346
28.619
28.357
27.627
26.638
25.676
25.005
24.751
24.849
25.089
25.244
25.178
24.908
24.6
24.487
24.75
25.389
26.207
26.896
27.165
26.837
25.899
24.521
23.039
21.893
21.468
21.893
22.964
24.281
25.453
26.215
26.467
26.277
25.853
25.494
25.487
25.987
26.928
28.061
29.056
29.622
29.579
28.891
27.684
26.227
24.895
24.057
23.929
24.448
25.316
26.151
26.628
26.552
25.875
24.695
23.24
21.831
20.813
20.429
20.7
21.414
22.246
22.9
23.185
23.043
22.541
21.853
21.206
20.811
20.776
21.067
21.539
22.018
22.377
22.566
22.614
22.599
22.605
22.681
22.821
22.977
23.079
23.074
22.942
22.703
22.411
22.132
21.931
21.852
21.914
22.114
22.426
22.811
23.216
23.576
23.821
23.891
23.752
23.41
22.923
22.385
21.903
21.55
21.328
21.167
20.949
20.561
19.943
19.117
18.194
17.351
16.782
16.623
16.891
17.488
18.261
19.072
19.831
20.497
21.057
21.501
21.808
21.946
21.893
21.662
21.327
21.029
20.941
21.195
21.814
22.684
23.605
24.376
24.86
25.023
24.919
24.667
24.387
24.146
23.94
23.707
23.38
22.94
22.434
21.965
21.635
21.485
21.464
21.449
21.309
20.977
20.492
20.01
19.752
19.901
20.49
21.363
22.257
22.919
23.198
23.086
22.723
22.344
22.188
22.374
22.837
23.377
23.766
23.858
23.638
23.217
22.778
22.487
22.41
22.484
22.563
22.501
22.223
21.742
21.149
20.56
20.064
19.692
19.432
19.266
19.214
19.338
19.697
20.287
20.997
21.642
22.027
22.031
21.658
21.071
20.556
20.42
20.822
21.665
22.651
23.445
23.811
23.681
23.155
22.453
21.821
21.42
21.253
21.19
21.075
20.829
20.495
20.211
20.115
20.249
20.508
20.7
20.643
20.255
19.604
18.899
18.412
18.341
18.688
19.25
19.749
19.967
19.838
19.458
19.041
18.81
18.866
19.118
19.344
19.331
18.995
18.447
17.974
17.905
18.401
19.319
20.293
20.939
21.007
20.447
19.431
18.304
17.485
17.265
17.623
18.262
18.816
19.033
18.845
18.36
17.809
17.452
17.459
17.835
18.434
19.062
19.556
19.819
19.817
19.544
19.014
18.25
17.314
16.343
15.569
15.283
15.684
16.723
18.106
19.449
20.426
20.849
20.697
20.116
19.382
18.807
18.593
18.717
18.954
19.026
18.75
18.122
17.329
16.68
16.455
16.713
17.252
17.742
17.917
17.688
17.166
16.627
16.38
16.58
17.106
17.634
17.823
17.462
16.548
15.313
14.204
13.727
14.122
15.144
16.282
17.101
17.396
17.221
16.839
16.604
16.756
17.251
17.801
18.076
17.904
17.367
16.804
16.662
17.196
18.244
19.34
20.021
20.037
19.432
18.541
17.871
17.827
18.412
19.228
19.787
19.788
19.241
18.461
17.94
18.059
18.791
19.722
20.345
20.319
19.573
18.312
16.962
16.013
15.741
16.016
16.425
16.585
16.33
15.755
15.155
14.87
15.076
15.658
16.318
16.779
16.919
16.793
16.582
16.488
16.614
16.923
17.287
17.597
17.83
18.03
18.248
18.464
18.573
18.449
18.043
17.457
16.956
16.849
17.286
18.116
18.985
19.542
19.603
19.199
18.549
17.95
17.615
17.545
17.564
17.482
17.25
17.002
16.964
17.269
17.82
18.329
18.496
18.164
17.407
16.517
15.898
15.827
16.238
16.775
17.039
16.801
16.079
15.129
14.359
14.123
14.472
15.126
15.701
15.927
15.734
15.243
14.693
14.331
14.272
14.447
14.674
14.791
14.739
14.576
14.428
14.406
14.53
14.726
14.878
14.909
14.837
14.773
14.87
15.231
15.83
16.505
17.037
17.242
17.047
16.537
15.972
15.722
16.083
17.057
18.328
19.454
20.075
20.017
19.34
18.333
17.439
17.068
17.34
18.011
18.685
19.062
19.056
18.771
18.395
18.067
17.787
17.45
16.981
16.452
16.109
16.224
16.852
17.729
18.427
18.586
18.076
17.052
15.941
15.284
15.397
16.101
16.89
17.303
17.136
16.478
15.648
15.045
14.909
15.163
15.5
15.622
15.402
14.918
14.39
14.056
14.029
14.241
14.514
14.682
14.663
14.458
14.115
13.69
13.235
12.814
12.511
12.418
12.572
12.917
13.314
13.623
13.778
13.822
13.882
14.078
14.427
14.815
15.067
15.065
14.821
14.494
14.314
14.438
14.827
15.282
15.592
15.669
15.593
15.553
15.708
16.052
16.417
16.595
16.489
16.195
15.966
16.072
16.597
17.375
18.119
18.602
18.763
18.693
18.552
18.457
18.415
18.363
18.264
18.184
18.276
18.658
19.299
20.008
20.545
20.746
20.595
20.211
19.765
19.386
19.103
18.876
18.681
18.561
18.588
18.779
19.035
19.194
19.143
18.918
18.706
18.733
19.081
19.597
19.993
20.049
19.759
19.353
19.162
19.369
19.825
20.142
19.956
19.154
17.987
17.033
16.913
17.785
19.191
20.464
21.133
21.064
20.429
19.605
18.987
18.791
18.953
19.235
19.407
19.341
19.009
18.437
17.674
16.802
15.958
15.329
15.071
15.194
15.533
15.86
16.028
16.044
16.044
16.166
16.417
16.63
16.562
16.033
15.032
13.748
12.535
11.762
11.587
11.851
12.259
12.614
12.894
13.172
13.509
13.868
14.139
14.208
14.03
13.657
13.215
12.859
12.705
12.787
13.042
13.342
13.53
13.469
13.085
12.421
11.662
11.119
11.069
11.527
12.211
12.745
12.868
12.528
11.885
11.244
10.892
10.887
11.006
10.932
10.46
9.6074
8.6323
7.9771
8.0054
8.6475
9.4774
10.082
10.23
9.8791
9.1497
8.3071
7.7121
7.6535
8.1082
8.7557
9.234
9.3142
