35.831
37.397
38.582
39.232
39.489
39.62
39.793
39.961
39.95
39.666
39.25
39.036
39.314
40.076
40.979
41.595
41.717
41.508
41.39
41.719
42.465
43.208
43.489
43.23
42.937
43.493
45.501
48.664
51.893
53.975
54.16
52.48
49.828
47.718
47.523
49.454
52.422
54.986
56.227
56.067
55.147
54.44
54.67
55.882
57.537
59.006
59.97
60.497
60.849
61.196
61.478
61.505
61.217
60.872
60.983
61.988
63.88
66.119
67.95
68.823
68.69
68.036
67.638
68.105
69.482
71.232
72.629
73.214
73.048
72.68
72.826
73.914
75.78
77.766
79.129
79.443
78.803
77.776
77.119
77.358
78.477
79.971
81.207
81.829
81.946
82.041
82.633
83.872
85.364
86.361
86.191
84.646
82.167
79.76
78.557
79.172
81.307
83.991
86.219
87.444
87.713
87.477
87.23
87.177
87.15
86.828
86.064
85.081
84.37
84.343
84.979
85.765
86.014
85.317
83.831
82.268
81.517
82.065
83.631
85.361
86.394
86.359
85.544
84.691
84.519
85.214
86.302
86.979
86.642
85.231
83.268
81.567
80.745
80.845
81.352
81.607
81.247
80.385
79.484
79
79.047
79.326
79.383
78.971
78.251
77.707
77.794
78.556
79.519
79.958
79.339
77.653
75.488
73.786
73.311
74.114
75.476
76.371
76.062
74.456
72.141
70.107
69.194
69.536
70.477
71.044
70.553
68.986
67.011
65.678
65.793
67.351
69.524
71.219
71.673
70.754
68.967
67.187
66.189
66.194
66.776
67.234
67.104
66.458
65.872
66.059
67.345
69.381
71.347
72.475
72.48
71.742
71.158
71.651
73.54
76.263
78.714
79.862
79.215
77.007
74.114
71.692
70.599
70.931
72.092
73.354
74.388
75.414
76.921
79.162
81.8
83.985
84.802
83.758
81.106
77.908
75.705
75.718
77.99
81.319
84.07
85.034
83.882
81.24
78.467
77.062
77.822
80.315
83.23
85.188
85.353
83.644
80.669
77.459
75.042
73.97
74.09
74.756
75.283
75.295
74.82
74.165
73.676
73.504
73.517
73.382
72.774
71.552
69.843
68.014
66.525
65.735
65.738
66.34
67.185
67.927
68.347
68.389
68.119
67.665
67.165
66.76
66.599
66.846
67.634
68.973
70.674
72.341
73.474
73.642
72.652
70.693
68.384
66.652
66.377
67.903
70.787
74.051
76.68
78.018
77.94
76.85
75.511
74.718
74.914
75.977
77.353
78.421
78.829
78.635
78.236
78.119
78.555
79.416
80.233
80.455
79.732
78.075
75.862
73.685
72.079
71.252
71.001
70.869
70.433
69.531
68.319
67.172
66.449
66.265
66.404
66.448
66.011
64.955
63.477
62.043
61.176
61.158
61.853
62.773
63.362
63.289
62.613
61.797
61.514
62.295
64.194
66.731
69.167
70.873
71.579
71.452
71
70.814
71.258
72.26
73.38
74.09
74.066
73.341
72.274
71.349
70.902
70.937
71.171
71.274
71.13
70.934
71.084
71.881
73.252
74.699
75.518
75.129
73.346
70.495
67.357
64.89
63.771
63.994
64.899
65.612
65.527
64.563
63.163
62.064
61.892
62.754
64.161
65.327
65.603
64.788
63.241
61.769
61.278
62.234
64.321
66.602
68.03
67.893
66.063
63.064
59.979
58.096
58.26
60.331
63.32
66.058
67.736
68.11
67.458
66.388
65.542
65.287
65.549
65.912
65.878
65.117
63.592
61.554
59.435
57.681
56.575
56.148
56.212
56.491
56.747
56.85
56.777
56.571
56.292
55.987
55.682
55.394
55.153
55.005
55.01
55.217
55.63
56.194
56.795
57.291
57.562
57.563
57.363
57.153
57.193
57.707
58.763
60.193
61.631
62.635
62.845
62.121
60.626
58.827
57.384
56.888
57.549
59.033
60.622
61.529
61.181
59.378
56.353
52.759
49.554
47.691
47.647
49.11
51.205
52.991
53.832
53.522
52.282
50.673
49.399
49.017
49.638
50.876
52.08
52.657
52.302
51.097
49.501
48.207
47.866
48.745
50.574
52.725
54.538
55.562
55.635
54.867
53.543
51.995
50.483
49.125
47.914
46.814
45.852
45.166
44.952
45.347
46.313
47.611
48.886
49.795
50.129
49.876
49.23
48.542
48.197
48.454
49.324
50.569
51.83
52.788
53.285
53.362
53.215
53.092
53.159
53.414
53.69
53.753
53.427
52.689
51.683
50.67
49.905
49.514
49.43
49.438
49.29
48.819
48.012
47.005
46.028
45.301
44.942
44.917
45.072
45.215
45.213
45.038
44.781
44.599
44.642
44.967
45.51
46.103
46.555
46.726
46.589
46.233
45.83
45.562
45.536
45.738
46.036
46.239
46.178
45.762
45.007
44.035
43.035
42.212
41.718
41.597
41.777
42.099
42.375
42.455
42.268
41.848
41.326
40.902
40.771
41.033
41.633
42.358
42.923
43.079
42.727
41.984
41.199
40.847
41.327
42.716
44.694
46.691
48.124
48.582
47.913
46.237
43.906
41.407
39.222
37.661
36.755
36.303
36.027
35.733
35.395
35.131
35.126
35.513
36.291
37.303
38.301
39.035
39.345
39.21
38.767
38.277
38.041
38.271
38.986
40.009
41.055
41.863
42.292
42.35
42.175
41.962
41.879
41.995
42.258
42.528
42.651
42.513
42.078
41.393
40.575
39.783
39.18
38.899
39.008
39.49
40.248
41.121
41.925
42.487
42.689
42.495
41.978
41.308
40.72
40.431
40.545
41
41.581
42.009
42.043
41.56
40.589
39.305
37.983
36.913
36.297
36.171
36.403
36.77
37.066
37.181
37.136
37.067
37.16
37.547
38.227
39.04
39.728
40.042
39.842
39.153
38.178
37.243
36.678
36.666
37.15
37.867
38.481
38.72
38.454
37.71
36.653
35.519
34.544
33.889
33.585
33.544
33.617
33.669
33.645
33.6
33.683
34.071
34.877
36.07
37.466
38.789
39.765
40.202
40.041
39.362
38.364
37.312
36.457
35.955
35.822
35.948
36.164
36.314
36.31
36.15
35.91
35.716
35.702
35.957
36.495
37.241
38.055
38.772
39.247
39.376
39.122
38.505
37.602
36.526
35.413
34.397
33.598
33.1
32.937
33.094
33.507
34.079
34.7
35.259
35.667
35.862
35.819
35.554
35.122
34.609
34.109
33.703
33.436
33.305
33.271
33.282
33.296
33.296
33.292
33.302
33.34
33.399
33.456
33.48
33.454
33.386
33.314
33.298
33.394
33.625
33.962
34.317
34.561
34.572
34.279
33.71
33.014
32.444
32.273
32.671
33.596
34.795
35.899
36.555
36.517
35.698
34.182
32.221
30.21
28.621
27.864
28.109
29.188
30.694
32.167
33.249
33.75
33.67
33.184
32.598
32.242
32.328
32.851
33.59
34.221
34.457
34.131
33.238
31.926
30.466
29.191
28.409
28.298
28.84
29.842
31.027
32.137
32.993
33.522
33.757
33.802
33.784
33.794
33.841
33.854
33.72
33.337
32.662
31.74
30.69
29.682
28.885
28.419
28.319
28.534
28.952
29.437
29.87
30.167
30.295
30.275
30.175
30.091
30.117
30.31
30.669
31.136
31.611
31.986
32.172
32.115
31.81
31.3
30.666
30.022
29.497
29.212
29.256
29.657
30.369
31.275
32.215
33.016
33.536
33.684
33.448
32.886
32.12
31.298
30.554
29.971
29.56
29.273
29.041
28.802
28.533
28.252
28.018
27.913
28.015
28.374
28.985
29.769
30.593
31.296
31.734
31.807
31.494
30.851
30.003
29.118
28.359
27.843
27.606
27.609
27.764
27.971
28.145
28.236
28.224
28.122
27.975
27.845
27.805
27.908
28.168
28.546
28.953
29.276
29.412
29.296
28.923
28.349
27.679
27.054
26.61
26.454
26.632
27.119
27.825
28.618
29.355
29.905
30.183
30.164
29.895
29.488
29.084
28.809
28.722
28.792
28.911
28.945
28.779
28.356
27.686
26.84
25.936
25.104
24.466
24.103
24.042
24.251
24.656
25.163
25.682
26.143
26.508
26.766
26.929
27.017
27.054
27.058
27.041
27.01
26.974
26.941
26.92
26.914
26.918
26.911
26.862
26.737
26.508
26.167
25.73
25.242
24.765
24.37
24.115
24.027
24.098
24.283
24.516
24.727
24.856
24.875
24.787
24.631
24.47
24.368
24.367
24.47
24.632
24.785
24.855
24.794
24.592
24.279
23.916
23.584
23.354
23.273
23.343
23.52
23.723
23.856
23.832
23.595
23.135
22.493
21.751
21.021
20.409
19.993
19.802
19.814
19.972
20.211
20.466
20.692
20.855
20.939
20.941
20.876
20.77
20.661
20.586
20.578
20.651
20.803
21.011
21.243
21.458
21.621
21.704
21.693
21.592
21.427
21.246
21.121
21.128
21.335
21.771
22.413
23.184
23.98
24.69
25.225
25.532
25.595
25.435
25.105
24.674
24.218
23.805
23.486
23.281
23.175
23.132
23.103
23.047
22.944
22.797
22.631
22.478
22.367
22.312
22.308
22.332
22.353
22.341
22.272
22.143
21.972
21.804
21.696
21.7
21.838
22.09
22.397
22.678
22.86
22.894
22.766
22.496
22.129
21.728
21.359
21.083
20.944
20.961
21.117
21.364
21.633
21.85
21.954
21.909
21.707
21.369
20.936
20.457
19.987
19.57
19.244
19.03
18.941
18.976
19.126
19.367
19.662
19.956
20.188
20.296
20.236
19.99
19.574
19.037
18.454
17.914
17.51
17.32
17.398
17.756
18.359
19.122
19.931
20.661
21.207
21.496
21.505
21.257
20.818
20.28
19.746
19.308
19.041
18.984
19.144
19.498
19.998
20.585
21.197
21.773
22.26
22.612
22.793
22.775
22.547
22.117
21.518
20.805
20.054
19.348
18.769
18.379
18.216
18.28
18.536
18.915
19.328
19.683
19.903
19.94
19.785
19.469
19.056
18.625
18.253
17.998
17.88
17.888
17.978
18.093
18.172
18.167
18.048
17.818
17.511
17.187
16.923
16.787
16.818
17.015
17.338
17.727
18.118
18.46
18.716
18.869
18.919
18.887
18.811
18.742
18.734
18.827
19.035
19.336
19.681
20.006
20.249
20.366
20.339
20.174
19.897
19.547
19.166
18.791
18.454
18.179
17.985
17.888
17.904
18.04
18.29
18.629
19.009
19.372
19.654
19.806
19.804
19.654
19.39
19.066
18.74
18.467
18.294
18.255
18.379
18.679
19.145
19.728
20.348
20.9
21.282
21.414
21.257
20.819
20.149
19.332
18.467
17.653
16.976
16.493
16.233
16.192
16.336
16.609
16.943
17.271
17.54
17.716
17.79
17.773
17.693
17.587
17.493
17.442
17.459
17.553
17.725
17.963
18.25
18.567
18.892
19.205
19.492
19.739
19.935
20.071
20.142
20.142
20.071
19.935
19.747
19.53
19.312
19.121
18.985
18.919
18.925
18.992
19.1
19.218
19.314
19.357
19.323
19.198
18.982
18.69
18.353
18.011
17.707
17.474
17.337
17.3
17.354
17.479
17.648
17.834
18.014
18.171
18.295
18.387
18.451
18.495
18.532
18.573
18.631
18.715
18.836
18.998
19.207
19.463
19.765
20.106
20.474
20.85
21.207
21.513
21.741
21.867
21.88
21.783
21.585
21.307
20.975
20.623
20.29
20.022
19.861
19.838
19.964
20.222
20.573
20.967
21.351
21.677
21.902
21.993
21.928
21.7
21.322
20.828
20.27
19.713
19.215
18.82
18.551
18.412
18.394
18.483
18.664
18.919
19.222
19.546
19.862
20.147
20.387
20.577
20.717
20.811
20.863
20.878
20.868
20.845
20.823
20.816
20.83
20.865
20.912
20.96
21
21.022
21.023
21.004
20.976
20.956
20.968
21.034
21.173
21.385
21.654
21.947
22.223
22.44
22.566
22.576
22.46
22.222
21.882
21.475
21.056
20.689
20.445
20.375
20.506
20.826
21.293
21.843
22.404
22.903
23.28
23.482
23.478
23.261
22.858
22.33
21.765
21.265
20.917
20.77
20.818
21.005
21.251
21.47
21.593
21.577
21.403
21.082
20.645
20.152
19.685
19.341
19.217
19.381
19.848
20.567
21.436
22.327
23.112
23.693
24.01
24.05
23.851
23.488
23.067
22.702
22.494
22.509
22.767
23.238
23.852
24.514
25.126
25.598
25.863
25.889
25.679
25.271
24.733
24.142
23.576
23.094
22.727
22.485
22.357
22.324
22.369
22.477
22.642
22.859
23.126
23.436
23.778
24.133
24.479
24.789
25.039
25.209
25.291
25.291
25.231
25.145
25.073
25.051
25.1
25.22
25.386
25.564
25.717
25.819
25.858
25.842
25.788
25.717
25.648
25.591
25.554
25.536
25.534
25.545
25.561
25.576
25.582
25.575
25.554
25.526
25.504
25.503
25.541
25.63
25.773
25.962
26.177
26.39
26.573
26.7
26.752
26.717
26.593
26.385
26.103
25.768
25.405
25.049
24.737
24.507
24.388
24.401
24.548
24.812
25.158
25.535
25.889
26.166
26.331
26.368
26.288
26.128
25.941
25.788
25.721
25.778
25.974
26.3
26.73
27.23
27.767
28.311
28.843
29.348
29.817
30.236
30.593
30.868
31.04
31.087
30.992
30.751
30.375
29.907
29.418
29.006
28.774
28.79
29.058
29.498
29.974
30.325
30.417
30.171
29.577
28.698
27.651
26.591
25.684
25.079
24.871
25.082
25.641
26.413
27.224
27.911
28.349
28.476
28.308
27.932
27.49
27.146
27.038
27.234
27.707
28.349
29.011
29.546
29.844
29.85
29.571
29.068
28.441
27.804
27.262
26.889
26.719
26.744
26.933
27.243
27.627
28.043
28.46
28.857
29.233
29.599
29.974
30.379
30.82
31.289
31.755
32.176
32.505
32.694
32.706
32.52
32.128
31.546
30.809
29.973
29.114
28.327
27.711
27.362
27.342
27.663
28.272
29.06
29.886
30.609
31.12
31.357
31.32
31.07
30.719
30.406
30.266
30.384
30.77
31.351
31.997
32.553
32.885
32.902
32.579
31.952
31.119
30.213
29.379
28.742
28.378
28.3
28.463
28.783
29.167
29.534
29.828
30.027
30.144
30.211
30.273
30.37
30.521
30.721
30.941
31.139
31.268
31.292
31.189
30.956
30.61
30.185
29.73
29.303
28.966
28.773
28.757
28.92
29.224
29.596
29.943
30.172
30.209
30.016
29.607
29.048
28.453
27.969
27.738
27.857
28.34
29.109
30.012
30.863
31.486
31.75
31.583
30.996
30.077
28.987
27.94
27.159
26.82
26.993
27.623
28.56
29.615
30.614
31.427
31.982
32.256
32.275
32.095
31.791
31.437
31.094
30.8
30.571
30.404
30.292
30.227
30.212
30.258
30.38
30.588
30.881
31.239
31.621
31.97
32.221
32.308
32.185
31.829
31.259
30.536
29.766
29.088
28.642
28.537
28.81
29.407
30.202
31.026
31.71
32.118
32.172
31.867
31.28
30.562
29.915
29.539
29.562
29.985
30.686
31.463
32.116
32.493
32.525
32.221
31.657
30.945
30.204
29.532
28.994
28.612
28.384
28.296
28.341
28.522
28.847
29.314
29.893
30.527
31.13
31.619
31.934
32.064
32.053
31.993
31.996
32.151
32.491
32.965
33.46
33.824
33.922
33.673
33.085
32.27
31.432
30.823
30.642
30.946
31.604
32.354
32.915
33.075
32.759
32.031
31.075
30.131
29.421
29.063
29.032
29.191
29.356
29.367
29.134
28.667
28.08
27.577
27.396
27.715
28.549
29.721
30.934
31.88
32.344
32.261
31.74
31.034
30.469
30.313
30.651
31.335
32.064
32.51
32.424
31.705
30.419
28.809
27.269
26.255
26.112
26.879
28.259
29.791
31.041
31.717
31.7
31.038
29.908
28.562
27.26
26.19
25.42
24.899
24.52
24.193
23.902
23.716
23.761
24.158
24.945
26.039
27.255
28.37
29.194
29.632
29.717
29.61
29.557
29.795
30.435
31.394
32.428
33.235
33.566
33.298
32.47
31.281
30.057
29.162
28.866
29.214
30.009
30.904
31.557
31.73
31.346
30.516
29.518
28.746
28.567
29.144
30.339
31.78
33.035
33.76
33.771
33.079
31.878
30.514
29.402
28.882
29.064
29.772
30.641
31.282
31.409
30.899
29.807
28.365
26.938
25.933
25.642
26.091
27.03
28.072
28.866
29.192
28.995
28.37
27.532
26.752
26.266
26.193
26.491
26.995
27.505
27.866
28.003
27.921
27.675
27.332
26.939
26.513
26.058
25.602
25.223
25.045
25.195
25.73
26.581
27.566
28.448
29.015
29.14
28.816
28.171
27.441
26.924
26.864
27.345
28.242
29.278
30.148
30.629
30.652
30.324
29.909
29.744
30.086
30.958
32.124
33.194
33.788
33.662
32.769
31.283
29.574
28.127
27.367
27.452
28.187
29.149
29.912
30.191
29.896
29.127
28.128
27.206
26.621
26.459
26.6
26.792
26.789
26.47
25.892
25.287
24.966
25.158
25.861
26.818
27.652
28.024
27.746
26.83
25.5
24.153
23.26
23.164
23.887
25.127
26.449
27.481
28.01
28.008
27.62
27.125
26.855
27.064
27.807
28.908
30.046
30.883
31.166
30.777
29.754
28.285
26.684
25.322
24.517
24.397
24.836
25.531
26.143
26.409
26.186
25.463
24.347
23.052
21.857
21.045
20.799
21.12
21.825
22.642
23.316
23.678
23.67
23.348
22.858
22.393
22.131
22.16
22.446
22.863
23.259
23.522
23.615
23.577
23.49
23.439
23.467
23.556
23.639
23.631
23.466
23.124
22.633
22.067
21.522
21.095
20.852
20.818
20.973
21.263
21.621
21.979
22.28
22.484
22.57
22.545
22.44
22.304
22.19
22.128
22.107
22.07
21.926
21.588
21.004
20.183
19.208
18.231
17.438
16.992
16.972
17.341
17.987
18.778
19.617
20.447
21.238
21.963
22.572
22.998
23.17
23.047
22.652
22.099
21.593
21.374
21.619
22.336
23.352
24.396
25.217
25.663
25.715
25.471
25.095
24.743
24.486
24.287
24.03
23.604
22.971
22.203
21.463
20.934
20.721
20.783
20.951
21.024
20.873
20.504
20.071
19.826
19.998
20.651
21.628
22.639
23.395
23.721
23.605
23.202
22.783
22.623
22.861
23.42
24.056
24.498
24.57
24.248
23.661
23.032
22.58
22.416
22.486
22.626
22.658
22.477
22.088
21.584
21.093
20.713
20.469
20.323
20.223
20.148
20.138
20.26
20.552
20.973
21.398
21.666
21.657
21.354
20.87
20.432
20.294
20.6
21.29
22.126
22.824
23.175
23.108
22.696
22.112
21.55
21.131
20.855
20.62
20.314
19.893
19.426
19.06
18.931
19.068
19.351
19.573
19.537
19.151
18.464
17.667
17.032
16.79
16.993
17.481
17.989
18.292
18.3
18.08
17.812
17.691
17.808
18.08
18.306
18.293
17.973
17.467
17.066
17.105
17.737
18.799
19.918
20.706
20.918
20.509
19.642
18.649
17.918
17.714
18.017
18.56
19.008
19.132
18.868
18.319
17.696
17.233
17.082
17.251
17.623
18.042
18.387
18.596
18.649
18.531
18.211
17.645
16.81
15.766
14.705
13.964
13.908
14.675
16.03
17.528
18.745
19.414
19.456
18.991
18.3
17.733
17.547
17.747
18.093
18.262
18.031
17.372
16.476
15.699
15.39
15.664
16.308
16.943
17.261
17.149
16.717
16.25
16.07
16.333
16.912
17.48
17.706
17.404
16.6
15.552
14.699
14.476
15.013
16.026
17.053
17.729
17.916
17.717
17.423
17.368
17.721
18.36
18.956
19.177
18.868
18.124
17.299
16.867
17.129
17.961
18.905
19.478
19.415
18.756
17.841
17.193
17.225
17.923
18.863
19.539
19.647
19.19
18.471
17.965
18.046
18.71
19.581
20.183
20.195
19.551
18.453
17.298
16.511
16.308
16.539
16.832
16.856
16.485
15.837
15.212
14.941
15.175
15.777
16.445
16.916
17.08
17.002
16.861
16.848
17.061
17.469
17.969
18.476
18.969
19.467
19.957
20.35
20.498
20.273
19.663
18.842
18.177
18.075
18.72
19.906
21.178
22.103
22.434
22.156
21.454
20.618
19.901
19.407
19.066
18.752
18.419
18.154
18.113
18.367
18.796
19.139
19.134
18.66
17.813
16.888
16.264
16.174
16.52
16.947
17.088
16.751
15.991
15.095
14.472
14.429
14.95
15.717
16.356
16.626
16.478
16.032
15.514
15.146
15.04
15.153
15.34
15.458
15.44
15.312
15.16
15.072
15.089
15.183
15.28
15.311
15.248
15.13
15.047
15.102
15.342
15.719
16.1
16.321
16.267
15.941
15.5
15.232
15.428
16.171
17.248
18.279
18.907
18.943
18.419
17.598
16.891
16.669
17.021
17.699
18.331
18.66
18.645
18.434
18.236
18.166
18.151
17.996
17.55
16.847
16.149
15.835
16.123
16.851
17.579
17.878
17.542
16.675
15.674
15.083
15.249
16.026
16.911
17.428
17.346
16.729
15.878
15.197
14.961
15.143
15.467
15.644
15.541
15.226
14.905
14.783
14.941
15.29
15.66
15.906
15.966
15.85
15.595
15.231
14.785
14.303
13.883
13.656
13.711
14.016
14.416
14.722
14.825
14.752
14.66
14.742
15.087
15.603
16.076
16.311
16.238
15.956
15.675
15.597
15.779
16.095
16.35
16.415
16.305
16.155
16.119
16.243
16.438
16.55
16.498
16.338
16.249
16.412
16.866
17.473
18.023
18.374
18.517
18.563
18.639
18.792
18.952
19.004
18.901
18.727
18.671
18.906
19.447
20.133
20.727
21.051
21.057
20.812
20.434
20.018
19.609
19.238
18.971
18.916
19.144
19.588
20.038
20.249
20.083
19.607
19.089
18.86
19.088
19.634
20.169
20.417
20.329
20.098
20.019
20.244
20.618
20.772
20.365
19.306
17.872
16.69
16.449
17.334
18.838
20.231
21.006
21.004
20.373
19.465
18.673
18.257
18.236
18.443
18.666
18.744
18.576
18.112
17.359
16.418
15.514
14.95
14.933
15.397
16.029
16.484
16.587
16.399
16.175
16.19
16.528
16.993
17.254
17.044
16.299
15.187
14.052
13.261
12.986
13.104
13.351
13.541
13.653
13.773
13.974
14.233
14.44
14.474
14.28
13.895
13.424
12.993
12.696
12.568
12.585
12.673
12.726
12.628
12.299
11.751
11.135
10.723
10.758
11.248
11.918
12.407
12.469
12.067
11.39
10.786
10.565
10.742
11.012
10.992
10.452
9.414
8.1965
7.3873
7.5129
8.447
9.5712
10.361
10.553
10.116
9.2107
8.1794
7.4908
7.5024
8.1218
8.9033
9.4222
9.443
