6.3239e+05
6.4251e+05
6.4869e+05
6.546e+05
6.6358e+05
6.7642e+05
6.901e+05
6.9935e+05
7.0082e+05
6.9618e+05
6.9161e+05
6.939e+05
7.0553e+05
7.2282e+05
7.388e+05
7.4848e+05
7.5184e+05
7.5365e+05
7.5964e+05
7.7155e+05
7.8561e+05
7.9606e+05
8.0024e+05
8.0191e+05
8.1112e+05
8.3804e+05
8.8158e+05
9.2612e+05
9.5474e+05
9.6088e+05
9.4743e+05
9.2319e+05
9.0167e+05
8.9816e+05
9.2127e+05
9.6281e+05
1.0021e+06
1.0241e+06
1.0281e+06
1.024e+06
1.024e+06
1.0368e+06
1.0625e+06
1.0938e+06
1.1215e+06
1.141e+06
1.1537e+06
1.1649e+06
1.1783e+06
1.1928e+06
1.2046e+06
1.2114e+06
1.216e+06
1.225e+06
1.245e+06
1.2764e+06
1.3112e+06
1.3383e+06
1.3505e+06
1.3493e+06
1.3434e+06
1.3441e+06
1.3594e+06
1.3886e+06
1.4225e+06
1.4487e+06
1.4612e+06
1.4639e+06
1.4678e+06
1.4825e+06
1.5117e+06
1.5503e+06
1.5851e+06
1.6038e+06
1.6042e+06
1.5954e+06
1.5893e+06
1.5943e+06
1.6138e+06
1.644e+06
1.6743e+06
1.6945e+06
1.7028e+06
1.7055e+06
1.7115e+06
1.728e+06
1.7559e+06
1.7872e+06
1.8097e+06
1.8166e+06
1.8097e+06
1.796e+06
1.7858e+06
1.7925e+06
1.8247e+06
1.8761e+06
1.9275e+06
1.9616e+06
1.9741e+06
1.9712e+06
1.9647e+06
1.9656e+06
1.9797e+06
2.0037e+06
2.0285e+06
2.0452e+06
2.0509e+06
2.0502e+06
2.0509e+06
2.0579e+06
2.0692e+06
2.0783e+06
2.0795e+06
2.072e+06
2.0625e+06
2.0617e+06
2.0768e+06
2.1043e+06
2.1306e+06
2.1424e+06
2.1344e+06
2.1127e+06
2.0907e+06
2.0833e+06
2.0974e+06
2.1261e+06
2.1526e+06
2.1612e+06
2.148e+06
2.1218e+06
2.0984e+06
2.0921e+06
2.107e+06
2.1338e+06
2.1549e+06
2.1579e+06
2.1439e+06
2.1257e+06
2.1181e+06
2.1288e+06
2.1548e+06
2.1843e+06
2.2055e+06
2.2154e+06
2.2213e+06
2.2341e+06
2.2584e+06
2.2879e+06
2.3095e+06
2.3129e+06
2.3e+06
2.2836e+06
2.2803e+06
2.3012e+06
2.3436e+06
2.3893e+06
2.4168e+06
2.4191e+06
2.4091e+06
2.4072e+06
2.4279e+06
2.4722e+06
2.5237e+06
2.5539e+06
2.5445e+06
2.5078e+06
2.4747e+06
2.4735e+06
2.5199e+06
2.611e+06
2.7136e+06
2.7742e+06
2.7692e+06
2.7278e+06
2.694e+06
2.6968e+06
2.748e+06
2.8433e+06
2.9525e+06
3.0229e+06
3.0231e+06
2.976e+06
2.928e+06
2.914e+06
2.9468e+06
3.0089e+06
3.0503e+06
3.0262e+06
2.9436e+06
2.8447e+06
2.7668e+06
2.7317e+06
2.7476e+06
2.7995e+06
2.8456e+06
2.849e+06
2.8093e+06
2.75e+06
2.6935e+06
2.6555e+06
2.6468e+06
2.6682e+06
2.7037e+06
2.7295e+06
2.7357e+06
2.7322e+06
2.7336e+06
2.7458e+06
2.7607e+06
2.762e+06
2.7406e+06
2.7009e+06
2.6551e+06
2.6175e+06
2.6046e+06
2.6317e+06
2.7003e+06
2.7828e+06
2.8351e+06
2.8368e+06
2.8003e+06
2.7499e+06
2.7091e+06
2.6984e+06
2.7301e+06
2.798e+06
2.8734e+06
2.9202e+06
2.9225e+06
2.8912e+06
2.8502e+06
2.8223e+06
2.8231e+06
2.8573e+06
2.9184e+06
2.9861e+06
3.0339e+06
3.0478e+06
3.037e+06
3.0223e+06
3.0206e+06
3.0378e+06
3.0702e+06
3.1067e+06
3.1357e+06
3.1539e+06
3.168e+06
3.1891e+06
3.2261e+06
3.2837e+06
3.36e+06
3.4419e+06
3.5082e+06
3.5441e+06
3.5518e+06
3.5439e+06
3.5303e+06
3.5137e+06
3.492e+06
3.463e+06
3.4296e+06
3.4018e+06
3.3922e+06
3.409e+06
3.4483e+06
3.4898e+06
3.5028e+06
3.466e+06
3.3837e+06
3.2797e+06
3.1813e+06
3.1122e+06
3.0931e+06
3.1364e+06
3.2298e+06
3.3251e+06
3.3687e+06
3.3472e+06
3.2849e+06
3.2128e+06
3.1543e+06
3.1259e+06
3.1346e+06
3.1727e+06
3.2173e+06
3.2431e+06
3.239e+06
3.2114e+06
3.1766e+06
3.1512e+06
3.1465e+06
3.1621e+06
3.1866e+06
3.2031e+06
3.1995e+06
3.1738e+06
3.1349e+06
3.0982e+06
3.0784e+06
3.0834e+06
3.1107e+06
3.1492e+06
3.1841e+06
3.2051e+06
3.2131e+06
3.2193e+06
3.2365e+06
3.2713e+06
3.3205e+06
3.3719e+06
3.4104e+06
3.4279e+06
3.4304e+06
3.4349e+06
3.459e+06
3.5118e+06
3.5879e+06
3.6663e+06
3.7161e+06
3.7171e+06
3.6751e+06
3.6181e+06
3.5776e+06
3.5779e+06
3.6292e+06
3.716e+06
3.7938e+06
3.8165e+06
3.7754e+06
3.6986e+06
3.6213e+06
3.5676e+06
3.5503e+06
3.5688e+06
3.6044e+06
3.6253e+06
3.611e+06
3.5662e+06
3.5109e+06
3.4647e+06
3.4407e+06
3.4428e+06
3.4618e+06
3.4782e+06
3.4782e+06
3.4649e+06
3.4534e+06
3.4579e+06
3.4815e+06
3.5105e+06
3.5204e+06
3.4953e+06
3.4418e+06
3.3802e+06
3.3317e+06
3.3159e+06
3.3508e+06
3.443e+06
3.5663e+06
3.6635e+06
3.6955e+06
3.6743e+06
3.6373e+06
3.6186e+06
3.6432e+06
3.7204e+06
3.8293e+06
3.9212e+06
3.9579e+06
3.9423e+06
3.9032e+06
3.8743e+06
3.8886e+06
3.9742e+06
4.1288e+06
4.2929e+06
4.3811e+06
4.3606e+06
4.2626e+06
4.1344e+06
4.0188e+06
3.9569e+06
3.9895e+06
4.135e+06
4.3448e+06
4.5025e+06
4.5272e+06
4.4387e+06
4.3005e+06
4.1673e+06
4.0755e+06
4.0437e+06
4.0691e+06
4.1246e+06
4.1685e+06
4.1688e+06
4.1213e+06
4.046e+06
3.9711e+06
3.9201e+06
3.9072e+06
3.9341e+06
3.988e+06
4.0428e+06
4.0725e+06
4.0687e+06
4.0422e+06
4.0118e+06
3.9921e+06
3.989e+06
4.0015e+06
4.0243e+06
4.0508e+06
4.0771e+06
4.1034e+06
4.1324e+06
4.1649e+06
4.1979e+06
4.2253e+06
4.2396e+06
4.2376e+06
4.2239e+06
4.2114e+06
4.2138e+06
4.2406e+06
4.2944e+06
4.3707e+06
4.454e+06
4.5171e+06
4.5349e+06
4.5052e+06
4.4489e+06
4.3909e+06
4.3482e+06
4.3318e+06
4.3529e+06
4.4188e+06
4.5197e+06
4.6217e+06
4.6849e+06
4.6935e+06
4.6574e+06
4.5952e+06
4.5258e+06
4.4731e+06
4.4678e+06
4.5412e+06
4.702e+06
4.9062e+06
5.0678e+06
5.128e+06
5.0907e+06
4.9941e+06
4.8811e+06
4.7882e+06
4.7433e+06
4.7604e+06
4.8288e+06
4.9038e+06
4.9293e+06
4.8801e+06
4.7755e+06
4.6553e+06
4.5576e+06
4.5121e+06
4.5377e+06
4.6308e+06
4.7486e+06
4.8239e+06
4.8183e+06
4.7455e+06
4.6437e+06
4.5447e+06
4.4655e+06
4.4134e+06
4.3891e+06
4.3862e+06
4.3924e+06
4.3958e+06
4.3915e+06
4.3833e+06
4.38e+06
4.3892e+06
4.4112e+06
4.4364e+06
4.453e+06
4.4566e+06
4.4514e+06
4.4447e+06
4.4422e+06
4.4494e+06
4.4713e+06
4.508e+06
4.5495e+06
4.5815e+06
4.5956e+06
4.5934e+06
4.5811e+06
4.5647e+06
4.5505e+06
4.5435e+06
4.5451e+06
4.5521e+06
4.5607e+06
4.5689e+06
4.578e+06
4.5892e+06
4.6045e+06
4.6265e+06
4.6558e+06
4.6884e+06
4.7175e+06
4.7378e+06
4.749e+06
4.753e+06
4.7513e+06
4.7446e+06
4.7337e+06
4.7192e+06
4.7024e+06
4.6865e+06
4.6757e+06
4.6711e+06
4.6686e+06
4.6621e+06
4.6465e+06
4.6203e+06
4.5856e+06
4.5474e+06
4.5115e+06
4.482e+06
4.4586e+06
4.4371e+06
4.4132e+06
4.3855e+06
4.3567e+06
4.3324e+06
4.3182e+06
4.3163e+06
4.3235e+06
4.3314e+06
4.3301e+06
4.3122e+06
4.278e+06
4.2361e+06
4.2006e+06
4.1864e+06
4.2027e+06
4.2495e+06
4.3146e+06
4.3764e+06
4.4126e+06
4.4107e+06
4.3725e+06
4.3106e+06
4.2425e+06
4.1862e+06
4.1574e+06
4.1637e+06
4.1955e+06
4.2283e+06
4.2387e+06
4.2202e+06
4.1826e+06
4.1434e+06
4.1229e+06
4.1439e+06
4.2225e+06
4.347e+06
4.4678e+06
4.5299e+06
4.5166e+06
4.4495e+06
4.3585e+06
4.2667e+06
4.193e+06
4.1574e+06
4.1794e+06
4.2673e+06
4.4043e+06
4.5485e+06
4.6565e+06
4.7096e+06
4.7158e+06
4.6953e+06
4.6669e+06
4.639e+06
4.6076e+06
4.5598e+06
4.4838e+06
4.3765e+06
4.245e+06
4.1035e+06
3.9709e+06
3.8672e+06
3.8084e+06
3.7988e+06
3.8265e+06
3.8663e+06
3.8913e+06
3.8856e+06
3.848e+06
3.7902e+06
3.7301e+06
3.6857e+06
3.6686e+06
3.6803e+06
3.7117e+06
3.7478e+06
3.7741e+06
3.7837e+06
3.7787e+06
3.7695e+06
3.7695e+06
3.7895e+06
3.8331e+06
3.8959e+06
3.9667e+06
4.0296e+06
4.067e+06
4.0671e+06
4.0315e+06
3.9736e+06
3.9101e+06
3.8512e+06
3.7998e+06
3.7561e+06
3.7224e+06
3.702e+06
3.6944e+06
3.6932e+06
3.6906e+06
3.6826e+06
3.6693e+06
3.6516e+06
3.6305e+06
3.6104e+06
3.5998e+06
3.6095e+06
3.6455e+06
3.7027e+06
3.7658e+06
3.8171e+06
3.8452e+06
3.8479e+06
3.8316e+06
3.8092e+06
3.7962e+06
3.8032e+06
3.8292e+06
3.8606e+06
3.8782e+06
3.8665e+06
3.8205e+06
3.747e+06
3.6633e+06
3.5933e+06
3.5603e+06
3.577e+06
3.6365e+06
3.7114e+06
3.7669e+06
3.7782e+06
3.7405e+06
3.6666e+06
3.58e+06
3.5068e+06
3.4687e+06
3.4768e+06
3.5277e+06
3.6035e+06
3.6781e+06
3.7275e+06
3.7407e+06
3.7236e+06
3.6953e+06
3.6789e+06
3.6916e+06
3.7358e+06
3.7961e+06
3.8455e+06
3.8594e+06
3.8283e+06
3.7607e+06
3.6767e+06
3.5989e+06
3.546e+06
3.5305e+06
3.5571e+06
3.6199e+06
3.6993e+06
3.7664e+06
3.7989e+06
3.7934e+06
3.7644e+06
3.7308e+06
3.7076e+06
3.7036e+06
3.7222e+06
3.7603e+06
3.8064e+06
3.8431e+06
3.857e+06
3.8468e+06
3.8224e+06
3.7954e+06
3.7739e+06
3.7618e+06
3.7617e+06
3.7757e+06
3.8054e+06
3.8506e+06
3.9081e+06
3.9733e+06
4.0418e+06
4.1108e+06
4.1764e+06
4.232e+06
4.2686e+06
4.2788e+06
4.2613e+06
4.221e+06
4.1663e+06
4.1048e+06
4.0413e+06
3.9793e+06
3.9222e+06
3.8726e+06
3.8316e+06
3.7992e+06
3.7753e+06
3.7618e+06
3.7609e+06
3.7732e+06
3.7968e+06
3.8268e+06
3.8565e+06
3.8793e+06
3.892e+06
3.8974e+06
3.9034e+06
3.9186e+06
3.9477e+06
3.9894e+06
4.036e+06
4.0742e+06
4.0883e+06
4.0665e+06
4.0078e+06
3.9235e+06
3.8325e+06
3.7552e+06
3.7123e+06
3.7237e+06
3.8024e+06
3.9369e+06
4.0803e+06
4.1711e+06
4.1788e+06
4.1188e+06
4.0261e+06
3.9298e+06
3.8482e+06
3.7983e+06
3.8036e+06
3.8935e+06
4.0818e+06
4.3285e+06
4.5356e+06
4.624e+06
4.5944e+06
4.4948e+06
4.3707e+06
4.2534e+06
4.1676e+06
4.1345e+06
4.1646e+06
4.2451e+06
4.3373e+06
4.398e+06
4.408e+06
4.3754e+06
4.3202e+06
4.2643e+06
4.2291e+06
4.2366e+06
4.304e+06
4.4337e+06
4.5999e+06
4.7502e+06
4.8337e+06
4.8302e+06
4.7524e+06
4.6294e+06
4.4922e+06
4.3673e+06
4.2727e+06
4.2159e+06
4.1917e+06
4.1853e+06
4.1789e+06
4.1597e+06
4.1244e+06
4.0798e+06
4.0399e+06
4.0209e+06
4.0362e+06
4.0903e+06
4.1753e+06
4.271e+06
4.351e+06
4.3925e+06
4.3846e+06
4.331e+06
4.2479e+06
4.1575e+06
4.081e+06
4.0334e+06
4.0199e+06
4.036e+06
4.0686e+06
4.0997e+06
4.1121e+06
4.0964e+06
4.055e+06
4.0011e+06
3.9521e+06
3.9225e+06
3.9209e+06
3.9497e+06
4.0075e+06
4.0899e+06
4.1884e+06
4.2889e+06
4.3718e+06
4.42e+06
4.4266e+06
4.397e+06
4.3414e+06
4.2684e+06
4.1844e+06
4.0951e+06
4.0085e+06
3.9343e+06
3.8828e+06
3.8605e+06
3.8682e+06
3.9004e+06
3.9484e+06
4.0034e+06
4.059e+06
4.1113e+06
4.1592e+06
4.2039e+06
4.2479e+06
4.2927e+06
4.3361e+06
4.3712e+06
4.3888e+06
4.3809e+06
4.3436e+06
4.2785e+06
4.1935e+06
4.1019e+06
4.0205e+06
3.967e+06
3.9559e+06
3.9945e+06
4.0802e+06
4.1986e+06
4.3268e+06
4.4417e+06
4.5274e+06
4.5797e+06
4.6033e+06
4.6078e+06
4.6026e+06
4.5949e+06
4.5892e+06
4.5876e+06
4.5887e+06
4.5852e+06
4.5649e+06
4.5165e+06
4.4382e+06
4.3397e+06
4.2373e+06
4.1462e+06
4.0766e+06
4.034e+06
4.0208e+06
4.0366e+06
4.0753e+06
4.1248e+06
4.17e+06
4.2005e+06
4.2142e+06
4.2151e+06
4.208e+06
4.1956e+06
4.1799e+06
4.1636e+06
4.1519e+06
4.1497e+06
4.1575e+06
4.1692e+06
4.1753e+06
4.1687e+06
4.1489e+06
4.1191e+06
4.0828e+06
4.0416e+06
3.9966e+06
3.9491e+06
3.9016e+06
3.8574e+06
3.8199e+06
3.7921e+06
3.776e+06
3.7723e+06
3.7792e+06
3.793e+06
3.8089e+06
3.8226e+06
3.8319e+06
3.8378e+06
3.8438e+06
3.8553e+06
3.877e+06
3.9119e+06
3.9601e+06
4.0187e+06
4.0813e+06
4.139e+06
4.1823e+06
4.2038e+06
4.2012e+06
4.1776e+06
4.1394e+06
4.0947e+06
4.051e+06
4.016e+06
3.9966e+06
3.9978e+06
4.0199e+06
4.0568e+06
4.098e+06
4.1333e+06
4.1577e+06
4.1716e+06
4.1781e+06
4.1804e+06
4.1818e+06
4.1858e+06
4.1956e+06
4.2125e+06
4.2328e+06
4.2485e+06
4.2511e+06
4.2366e+06
4.2072e+06
4.1695e+06
4.1312e+06
4.0999e+06
4.0825e+06
4.085e+06
4.1097e+06
4.1546e+06
4.2117e+06
4.2693e+06
4.316e+06
4.3439e+06
4.3492e+06
4.3312e+06
4.2925e+06
4.2385e+06
4.1771e+06
4.1182e+06
4.0695e+06
4.0358e+06
4.0154e+06
4.0031e+06
3.9934e+06
3.9837e+06
3.9722e+06
3.9579e+06
3.94e+06
3.9183e+06
3.8949e+06
3.8729e+06
3.8558e+06
3.846e+06
3.844e+06
3.8488e+06
3.8585e+06
3.871e+06
3.8836e+06
3.8913e+06
3.8908e+06
3.8789e+06
3.8556e+06
3.8248e+06
3.7908e+06
3.7576e+06
3.7292e+06
3.71e+06
3.7049e+06
3.7171e+06
3.7447e+06
3.777e+06
3.7989e+06
3.7981e+06
3.7724e+06
3.7285e+06
3.6763e+06
3.624e+06
3.5764e+06
3.5363e+06
3.506e+06
3.4887e+06
3.4885e+06
3.5092e+06
3.5519e+06
3.6126e+06
3.6819e+06
3.747e+06
3.7969e+06
3.8245e+06
3.8294e+06
3.8159e+06
3.7911e+06
3.7638e+06
3.7414e+06
3.7303e+06
3.7316e+06
3.744e+06
3.762e+06
3.7787e+06
3.7882e+06
3.7882e+06
3.7805e+06
3.7695e+06
3.7604e+06
3.7539e+06
3.7499e+06
3.7443e+06
3.7345e+06
3.7186e+06
3.6955e+06
3.664e+06
3.6226e+06
3.5709e+06
3.5099e+06
3.4433e+06
3.3773e+06
3.3197e+06
3.2781e+06
3.2568e+06
3.2555e+06
3.2688e+06
3.2879e+06
3.3029e+06
3.3053e+06
3.2906e+06
3.259e+06
3.2153e+06
3.168e+06
3.1261e+06
3.0969e+06
3.0842e+06
3.087e+06
3.1013e+06
3.1215e+06
3.1408e+06
3.1522e+06
3.1489e+06
3.1257e+06
3.0819e+06
3.0225e+06
2.9561e+06
2.8917e+06
2.8362e+06
2.7944e+06
2.7693e+06
2.7638e+06
2.7799e+06
2.8184e+06
2.876e+06
2.9435e+06
3.0069e+06
3.0511e+06
3.068e+06
3.057e+06
3.0249e+06
2.9785e+06
2.9236e+06
2.8654e+06
2.8093e+06
2.762e+06
2.7306e+06
2.7221e+06
2.7409e+06
2.7868e+06
2.8536e+06
2.9292e+06
2.9991e+06
3.0503e+06
3.0744e+06
3.067e+06
3.0284e+06
2.962e+06
2.8753e+06
2.7782e+06
2.6819e+06
2.5959e+06
2.5268e+06
2.4775e+06
2.4485e+06
2.439e+06
2.4475e+06
2.4712e+06
2.5051e+06
2.542e+06
2.5735e+06
2.5934e+06
2.5996e+06
2.594e+06
2.5805e+06
2.5627e+06
2.5432e+06
2.5243e+06
2.5075e+06
2.4942e+06
2.4839e+06
2.4742e+06
2.461e+06
2.441e+06
2.4136e+06
2.3811e+06
2.3476e+06
2.3165e+06
2.2897e+06
2.2686e+06
2.2546e+06
2.25e+06
2.257e+06
2.2761e+06
2.3047e+06
2.3373e+06
2.3667e+06
2.3874e+06
2.397e+06
2.3954e+06
2.384e+06
2.365e+06
2.3416e+06
2.3177e+06
2.2978e+06
2.2863e+06
2.2868e+06
2.301e+06
2.328e+06
2.3643e+06
2.4043e+06
2.4418e+06
2.4707e+06
2.4861e+06
2.4849e+06
2.4664e+06
2.4326e+06
2.3881e+06
2.3391e+06
2.2928e+06
2.2551e+06
2.2301e+06
2.2195e+06
2.2233e+06
2.24e+06
2.2668e+06
2.2993e+06
2.3303e+06
2.3511e+06
2.3535e+06
2.3333e+06
2.2923e+06
2.2375e+06
2.1788e+06
2.1255e+06
2.085e+06
2.0625e+06
2.0607e+06
2.0804e+06
2.1201e+06
2.1765e+06
2.2445e+06
2.317e+06
2.3846e+06
2.4372e+06
2.4672e+06
2.4722e+06
2.455e+06
2.4217e+06
2.3789e+06
2.3331e+06
2.2901e+06
2.255e+06
2.2323e+06
2.2256e+06
2.2367e+06
2.2653e+06
2.308e+06
2.3588e+06
2.4094e+06
2.4518e+06
2.4807e+06
2.4947e+06
2.4959e+06
2.4884e+06
2.4772e+06
2.4668e+06
2.4609e+06
2.4616e+06
2.4696e+06
2.4836e+06
2.5008e+06
2.5171e+06
2.5281e+06
2.5299e+06
2.52e+06
2.4975e+06
2.4636e+06
2.4214e+06
2.3751e+06
2.3293e+06
2.2875e+06
2.2515e+06
2.2207e+06
2.1931e+06
2.1662e+06
2.1385e+06
2.11e+06
2.0822e+06
2.0569e+06
2.0358e+06
2.0195e+06
2.0083e+06
2.0025e+06
2.0025e+06
2.0083e+06
2.0186e+06
2.0301e+06
2.0386e+06
2.0403e+06
2.0334e+06
2.0194e+06
2.0025e+06
1.9891e+06
1.9856e+06
1.9968e+06
2.0246e+06
2.0678e+06
2.1226e+06
2.1836e+06
2.2439e+06
2.2963e+06
2.3334e+06
2.3499e+06
2.3433e+06
2.3149e+06
2.2693e+06
2.2131e+06
2.154e+06
2.0998e+06
2.0574e+06
2.0324e+06
2.0277e+06
2.0433e+06
2.0762e+06
2.1204e+06
2.1683e+06
2.2117e+06
2.2433e+06
2.2579e+06
2.2535e+06
2.2316e+06
2.1969e+06
2.1567e+06
2.1191e+06
2.0907e+06
2.0761e+06
2.077e+06
2.0928e+06
2.121e+06
2.1582e+06
2.2011e+06
2.2471e+06
2.2937e+06
2.3386e+06
2.3779e+06
2.4074e+06
2.4242e+06
2.4279e+06
2.4206e+06
2.4054e+06
2.3848e+06
2.3602e+06
2.3325e+06
2.3023e+06
2.2717e+06
2.2437e+06
2.2226e+06
2.212e+06
2.214e+06
2.228e+06
2.2509e+06
2.2783e+06
2.3067e+06
2.3335e+06
2.3568e+06
2.3738e+06
2.3813e+06
2.3762e+06
2.358e+06
2.3293e+06
2.2949e+06
2.261e+06
2.2327e+06
2.2137e+06
2.2055e+06
2.2084e+06
2.2215e+06
2.2435e+06
2.2724e+06
2.305e+06
2.3372e+06
2.3635e+06
2.3795e+06
2.3824e+06
2.3724e+06
2.3523e+06
2.3266e+06
2.3003e+06
2.2779e+06
2.2631e+06
2.2587e+06
2.2657e+06
2.2831e+06
2.3066e+06
2.3297e+06
2.3448e+06
2.3466e+06
2.3336e+06
2.3087e+06
2.278e+06
2.2484e+06
2.2256e+06
2.2136e+06
2.2146e+06
2.2301e+06
2.2605e+06
2.3047e+06
2.3577e+06
2.4103e+06
2.4505e+06
2.4681e+06
2.4593e+06
2.4284e+06
2.3847e+06
2.3387e+06
2.2985e+06
2.2694e+06
2.254e+06
2.2533e+06
2.2678e+06
2.2973e+06
2.3395e+06
2.3876e+06
2.429e+06
2.4484e+06
2.4353e+06
2.3908e+06
2.3263e+06
2.2569e+06
2.1946e+06
2.146e+06
2.1136e+06
2.0972e+06
2.0961e+06
2.1098e+06
2.138e+06
2.1787e+06
2.2263e+06
2.2706e+06
2.3002e+06
2.3081e+06
2.2951e+06
2.2684e+06
2.2373e+06
2.209e+06
2.1876e+06
2.1744e+06
2.1697e+06
2.1727e+06
2.1824e+06
2.1965e+06
2.2113e+06
2.2219e+06
2.2242e+06
2.216e+06
2.1982e+06
2.1738e+06
2.1462e+06
2.1182e+06
2.0908e+06
2.0639e+06
2.0366e+06
2.0085e+06
1.9796e+06
1.951e+06
1.9244e+06
1.9018e+06
1.8856e+06
1.8774e+06
1.8787e+06
1.8899e+06
1.9107e+06
1.9388e+06
1.9709e+06
2.0026e+06
2.0293e+06
2.0478e+06
2.0568e+06
2.0568e+06
2.0499e+06
2.0385e+06
2.0254e+06
2.0133e+06
2.0048e+06
2.0024e+06
2.0075e+06
2.0203e+06
2.0388e+06
2.0592e+06
2.0771e+06
2.0892e+06
2.0942e+06
2.0931e+06
2.0877e+06
2.0806e+06
2.0741e+06
2.0702e+06
2.0706e+06
2.076e+06
2.0868e+06
2.1027e+06
2.1232e+06
2.147e+06
2.1722e+06
2.1964e+06
2.2165e+06
2.2295e+06
2.2327e+06
2.2247e+06
2.2057e+06
2.1774e+06
2.1433e+06
2.1076e+06
2.0749e+06
2.0486e+06
2.031e+06
2.0224e+06
2.0219e+06
2.0271e+06
2.0346e+06
2.041e+06
2.0429e+06
2.0381e+06
2.0259e+06
2.0076e+06
1.986e+06
1.9652e+06
1.9493e+06
1.9415e+06
1.9437e+06
1.9559e+06
1.9762e+06
2.001e+06
2.0255e+06
2.0451e+06
2.0566e+06
2.059e+06
2.0538e+06
2.0442e+06
2.0339e+06
2.0259e+06
2.0222e+06
2.0229e+06
2.0267e+06
2.0309e+06
2.0328e+06
2.0305e+06
2.0245e+06
2.0177e+06
2.0144e+06
2.0186e+06
2.0331e+06
2.058e+06
2.0907e+06
2.1264e+06
2.1582e+06
2.1792e+06
2.1838e+06
2.1695e+06
2.1378e+06
2.094e+06
2.0454e+06
2.0003e+06
1.967e+06
1.9523e+06
1.9617e+06
1.9965e+06
2.052e+06
2.1162e+06
2.1716e+06
2.2028e+06
2.202e+06
2.1716e+06
2.1201e+06
2.0581e+06
1.9961e+06
1.9431e+06
1.9075e+06
1.8955e+06
1.91e+06
1.9473e+06
1.9967e+06
2.0438e+06
2.077e+06
2.092e+06
2.0907e+06
2.078e+06
2.0596e+06
2.041e+06
2.0281e+06
2.0258e+06
2.0372e+06
2.0607e+06
2.0891e+06
2.112e+06
2.1207e+06
2.1131e+06
2.0939e+06
2.0702e+06
2.0482e+06
2.0322e+06
2.0246e+06
2.0263e+06
2.0366e+06
2.0532e+06
2.0721e+06
2.089e+06
2.1007e+06
2.1059e+06
2.1053e+06
2.1008e+06
2.0947e+06
2.0895e+06
2.0872e+06
2.0894e+06
2.0967e+06
2.109e+06
2.1254e+06
2.1451e+06
2.1671e+06
2.1904e+06
2.2133e+06
2.233e+06
2.2456e+06
2.2473e+06
2.2356e+06
2.2105e+06
2.1747e+06
2.1327e+06
2.09e+06
2.052e+06
2.0244e+06
2.0133e+06
2.0237e+06
2.057e+06
2.1074e+06
2.1609e+06
2.2003e+06
2.213e+06
2.1961e+06
2.1549e+06
2.0985e+06
2.0366e+06
1.978e+06
1.9312e+06
1.9034e+06
1.8991e+06
1.9171e+06
1.9493e+06
1.9834e+06
2.0079e+06
2.0169e+06
2.0102e+06
1.991e+06
1.9642e+06
1.935e+06
1.9093e+06
1.8929e+06
1.8905e+06
1.9036e+06
1.9294e+06
1.961e+06
1.9908e+06
2.0141e+06
2.0305e+06
2.0419e+06
2.0514e+06
2.0616e+06
2.0746e+06
2.0909e+06
2.1094e+06
2.1275e+06
2.1411e+06
2.1467e+06
2.1426e+06
2.13e+06
2.1119e+06
2.0926e+06
2.0763e+06
2.0664e+06
2.0655e+06
2.0742e+06
2.0916e+06
2.1152e+06
2.1415e+06
2.1669e+06
2.1883e+06
2.2036e+06
2.2111e+06
2.2098e+06
2.1988e+06
2.1783e+06
2.1489e+06
2.1125e+06
2.0716e+06
2.03e+06
1.9929e+06
1.9661e+06
1.9551e+06
1.9625e+06
1.9864e+06
2.0205e+06
2.0562e+06
2.0851e+06
2.1013e+06
2.1012e+06
2.0836e+06
2.0505e+06
2.0072e+06
1.9632e+06
1.931e+06
1.9229e+06
1.946e+06
1.9975e+06
2.064e+06
2.1268e+06
2.1692e+06
2.1826e+06
2.1667e+06
2.1274e+06
2.0741e+06
2.017e+06
1.9658e+06
1.9281e+06
1.9088e+06
1.9096e+06
1.9279e+06
1.9573e+06
1.9885e+06
2.0115e+06
2.0195e+06
2.0113e+06
1.9919e+06
1.97e+06
1.9546e+06
1.9518e+06
1.9632e+06
1.9861e+06
2.014e+06
2.0386e+06
2.0519e+06
2.0497e+06
2.0329e+06
2.0073e+06
1.9821e+06
1.9677e+06
1.9733e+06
2.0043e+06
2.0589e+06
2.1243e+06
2.1777e+06
2.1959e+06
2.1693e+06
2.1063e+06
2.0253e+06
1.9444e+06
1.8767e+06
1.8307e+06
1.812e+06
1.8243e+06
1.8678e+06
1.9342e+06
2.005e+06
2.0582e+06
2.0816e+06
2.0782e+06
2.0596e+06
2.0368e+06
2.0164e+06
2.0006e+06
1.989e+06
1.979e+06
1.9673e+06
1.9515e+06
1.9323e+06
1.9146e+06
1.9056e+06
1.9121e+06
1.9378e+06
1.9811e+06
2.0343e+06
2.0838e+06
2.1143e+06
2.116e+06
2.0906e+06
2.0497e+06
2.0084e+06
1.9796e+06
1.9717e+06
1.9866e+06
2.0183e+06
2.0521e+06
2.0692e+06
2.0554e+06
2.0101e+06
1.9441e+06
1.8729e+06
1.8108e+06
1.7705e+06
1.7642e+06
1.8025e+06
1.8867e+06
1.9965e+06
2.0898e+06
2.1289e+06
2.1081e+06
2.0498e+06
1.9812e+06
1.923e+06
1.8899e+06
1.8922e+06
1.934e+06
2.0062e+06
2.0824e+06
2.1293e+06
2.1294e+06
2.0914e+06
2.0381e+06
1.9915e+06
1.9691e+06
1.9851e+06
2.0474e+06
2.1492e+06
2.2587e+06
2.3293e+06
2.3312e+06
2.2707e+06
2.1753e+06
2.0732e+06
1.9863e+06
1.9324e+06
1.9235e+06
1.959e+06
2.0181e+06
2.0656e+06
2.075e+06
2.0441e+06
1.9868e+06
1.9198e+06
1.858e+06
1.8156e+06
1.8094e+06
1.8545e+06
1.9509e+06
2.0681e+06
2.1593e+06
2.1975e+06
2.1878e+06
2.1491e+06
2.0986e+06
2.0493e+06
2.0105e+06
1.9876e+06
1.9792e+06
1.977e+06
1.9701e+06
1.9524e+06
1.927e+06
1.9039e+06
1.8956e+06
1.9141e+06
1.9656e+06
2.0424e+06
2.1192e+06
2.1648e+06
2.1638e+06
2.1225e+06
2.0571e+06
1.9843e+06
1.9195e+06
1.8784e+06
1.8742e+06
1.9115e+06
1.9766e+06
2.0383e+06
2.0648e+06
2.0432e+06
1.982e+06
1.8992e+06
1.8146e+06
1.7464e+06
1.7116e+06
1.7227e+06
1.7792e+06
1.8612e+06
1.9347e+06
1.9733e+06
1.9709e+06
1.9371e+06
1.8881e+06
1.8421e+06
1.8174e+06
1.8313e+06
1.892e+06
1.9866e+06
2.0781e+06
2.1268e+06
2.1152e+06
2.0522e+06
1.9591e+06
1.8581e+06
1.7683e+06
1.7058e+06
1.6837e+06
1.7073e+06
1.7679e+06
1.8418e+06
1.9024e+06
1.9336e+06
1.9339e+06
1.9117e+06
1.8789e+06
1.8487e+06
1.8365e+06
1.8579e+06
1.9211e+06
2.0146e+06
2.1069e+06
2.1653e+06
2.176e+06
2.1452e+06
2.0875e+06
2.0173e+06
1.9465e+06
1.8853e+06
1.8428e+06
1.8237e+06
1.8269e+06
1.8442e+06
1.8648e+06
1.88e+06
1.8843e+06
1.8752e+06
1.8522e+06
1.8163e+06
1.7707e+06
1.7214e+06
1.6772e+06
1.6485e+06
1.6455e+06
1.6749e+06
1.7355e+06
1.8139e+06
1.886e+06
1.9267e+06
1.9222e+06
1.8762e+06
1.8043e+06
1.7251e+06
1.6559e+06
1.6117e+06
1.6052e+06
1.6428e+06
1.7169e+06
1.8033e+06
1.8716e+06
1.903e+06
1.8989e+06
1.8736e+06
1.8457e+06
1.8342e+06
1.8561e+06
1.9198e+06
2.0134e+06
2.1023e+06
2.1478e+06
2.1341e+06
2.0727e+06
1.9864e+06
1.8987e+06
1.8318e+06
1.8079e+06
1.8433e+06
1.931e+06
2.0275e+06
2.0767e+06
2.0561e+06
1.9849e+06
1.894e+06
1.8084e+06
1.7468e+06
1.7253e+06
1.7542e+06
1.8283e+06
1.9191e+06
1.986e+06
2.0033e+06
1.9738e+06
1.9198e+06
1.8694e+06
1.8487e+06
1.8714e+06
1.9246e+06
1.9696e+06
1.9713e+06
1.9225e+06
1.8379e+06
1.7387e+06
1.6461e+06
1.5836e+06
1.5777e+06
1.6448e+06
1.7624e+06
1.864e+06
1.8964e+06
1.8618e+06
1.7908e+06
1.7113e+06
1.6431e+06
1.6037e+06
1.6096e+06
1.6683e+06
1.7647e+06
1.8593e+06
1.9138e+06
1.9156e+06
1.8747e+06
1.8088e+06
1.7352e+06
1.6697e+06
1.6279e+06
1.6255e+06
1.6711e+06
1.7522e+06
1.8333e+06
1.8785e+06
1.8763e+06
1.8372e+06
1.7787e+06
1.7155e+06
1.6579e+06
1.615e+06
1.5971e+06
1.6156e+06
1.6769e+06
1.7721e+06
1.8736e+06
1.9477e+06
1.9748e+06
1.9563e+06
1.9055e+06
1.8387e+06
1.7721e+06
1.7223e+06
1.7035e+06
1.7219e+06
1.7675e+06
1.8161e+06
1.8436e+06
1.8396e+06
1.8083e+06
1.7618e+06
1.7134e+06
1.6743e+06
1.6503e+06
1.6405e+06
1.6378e+06
1.6331e+06
1.6195e+06
1.5947e+06
1.5614e+06
1.5255e+06
1.4945e+06
1.4759e+06
1.4748e+06
1.4933e+06
1.5285e+06
1.5735e+06
1.6193e+06
1.6576e+06
1.6832e+06
1.6941e+06
1.6914e+06
1.6788e+06
1.662e+06
1.6475e+06
1.6414e+06
1.6464e+06
1.661e+06
1.6785e+06
1.6884e+06
1.6804e+06
1.6488e+06
1.5963e+06
1.5334e+06
1.475e+06
1.4358e+06
1.4255e+06
1.4446e+06
1.483e+06
1.5248e+06
1.5572e+06
1.5766e+06
1.5867e+06
1.5928e+06
1.5979e+06
1.6022e+06
1.6034e+06
1.5983e+06
1.5845e+06
1.5633e+06
1.5416e+06
1.5336e+06
1.555e+06
1.6123e+06
1.6923e+06
1.7681e+06
1.8164e+06
1.8293e+06
1.8121e+06
1.7765e+06
1.7354e+06
1.6991e+06
1.6718e+06
1.6508e+06
1.6287e+06
1.6007e+06
1.5676e+06
1.5361e+06
1.5168e+06
1.5206e+06
1.5521e+06
1.6016e+06
1.6446e+06
1.6575e+06
1.6368e+06
1.5986e+06
1.5659e+06
1.5605e+06
1.5974e+06
1.6723e+06
1.7529e+06
1.7942e+06
1.7772e+06
1.7166e+06
1.6389e+06
1.5674e+06
1.5211e+06
1.5148e+06
1.5507e+06
1.6072e+06
1.6463e+06
1.6429e+06
1.6005e+06
1.5391e+06
1.4809e+06
1.4446e+06
1.4429e+06
1.474e+06
1.5149e+06
1.5332e+06
1.5146e+06
1.4689e+06
1.4158e+06
1.3727e+06
1.3515e+06
1.3556e+06
1.377e+06
1.3976e+06
1.4029e+06
1.3933e+06
1.382e+06
1.3853e+06
1.4142e+06
1.4674e+06
1.5253e+06
1.5589e+06
1.5523e+06
1.5141e+06
1.4667e+06
1.4356e+06
1.4457e+06
1.516e+06
1.6416e+06
1.773e+06
1.8372e+06
1.8082e+06
1.7198e+06
1.6173e+06
1.5315e+06
1.4795e+06
1.4669e+06
1.4839e+06
1.5021e+06
1.4895e+06
1.4383e+06
1.3681e+06
1.3062e+06
1.2735e+06
1.2788e+06
1.3139e+06
1.3517e+06
1.3612e+06
1.3316e+06
1.2773e+06
1.2236e+06
1.1947e+06
1.2106e+06
1.2802e+06
1.3885e+06
1.4909e+06
1.5419e+06
1.5332e+06
1.4906e+06
1.4463e+06
1.4235e+06
1.4326e+06
1.4671e+06
1.5036e+06
1.5157e+06
1.4954e+06
1.4562e+06
1.4217e+06
1.4162e+06
1.4545e+06
1.5265e+06
1.5879e+06
1.5926e+06
1.5349e+06
1.442e+06
1.3433e+06
1.2611e+06
1.213e+06
1.2142e+06
1.2667e+06
1.3435e+06
1.3978e+06
1.4028e+06
1.3665e+06
1.3121e+06
1.2596e+06
1.2228e+06
1.2116e+06
1.2287e+06
1.2651e+06
1.3023e+06
1.325e+06
1.3288e+06
1.3162e+06
1.2912e+06
1.2568e+06
1.2161e+06
1.1741e+06
1.138e+06
1.118e+06
1.127e+06
1.1782e+06
1.2758e+06
1.398e+06
1.4955e+06
1.5277e+06
1.4954e+06
1.4276e+06
1.3531e+06
1.2918e+06
1.2573e+06
1.2591e+06
1.2965e+06
1.3518e+06
1.3922e+06
1.3898e+06
1.34e+06
1.2615e+06
1.1824e+06
1.1305e+06
1.1244e+06
1.1615e+06
1.2148e+06
1.248e+06
1.24e+06
1.1962e+06
1.1403e+06
1.1004e+06
1.0976e+06
1.1355e+06
1.1943e+06
1.2386e+06
1.2378e+06
1.1856e+06
1.1005e+06
1.0162e+06
9.7296e+05
1.0019e+06
1.0946e+06
1.1947e+06
1.2418e+06
1.221e+06
1.1577e+06
1.0874e+06
1.0431e+06
1.0506e+06
1.1139e+06
1.2008e+06
1.2572e+06
1.2513e+06
1.1941e+06
1.1219e+06
1.0773e+06
1.1021e+06
1.2154e+06
1.3765e+06
1.4895e+06
1.4935e+06
1.4143e+06
1.3113e+06
1.2354e+06
1.2276e+06
1.3082e+06
1.4377e+06
1.515e+06
1.482e+06
1.3754e+06
1.2556e+06
1.1657e+06
1.137e+06
1.183e+06
1.2689e+06
1.3162e+06
1.2839e+06
1.1993e+06
1.1047e+06
1.0309e+06
1.0013e+06
1.0326e+06
1.1145e+06
1.1872e+06
1.1925e+06
1.1417e+06
1.0809e+06
1.0468e+06
1.0637e+06
1.1408e+06
1.2469e+06
1.3002e+06
1.2556e+06
1.1587e+06
1.0671e+06
1.0113e+06
1.0042e+06
1.044e+06
1.1035e+06
1.1344e+06
1.1136e+06
1.0648e+06
1.0238e+06
1.0125e+06
1.0348e+06
1.0755e+06
1.1041e+06
1.0953e+06
1.0514e+06
9.9997e+05
9.7581e+05
1.008e+06
1.1044e+06
1.2303e+06
1.3136e+06
1.3091e+06
1.2402e+06
1.1571e+06
1.0963e+06
1.0764e+06
1.0982e+06
1.1392e+06
1.1612e+06
1.1435e+06
1.1028e+06
1.0722e+06
1.0765e+06
1.1173e+06
1.1642e+06
1.1719e+06
1.1235e+06
1.0421e+06
9.6185e+05
9.0943e+05
9.0312e+05
9.4804e+05
1.0197e+06
1.0641e+06
1.047e+06
9.8679e+05
9.205e+05
8.767e+05
8.7415e+05
9.1977e+05
9.9267e+05
1.0431e+06
1.0396e+06
9.9792e+05
9.4843e+05
9.1041e+05
8.917e+05
8.9271e+05
9.0714e+05
9.2423e+05
9.3632e+05
9.4365e+05
9.5072e+05
9.5995e+05
9.6879e+05
9.7182e+05
9.662e+05
9.5504e+05
9.4542e+05
9.4406e+05
9.5505e+05
9.7945e+05
1.0147e+06
1.0534e+06
1.0841e+06
1.0987e+06
1.0964e+06
1.0804e+06
1.0537e+06
1.0219e+06
9.9684e+05
9.9676e+05
1.0369e+06
1.1121e+06
1.1884e+06
1.2218e+06
1.1946e+06
1.1248e+06
1.045e+06
9.8565e+05
9.69e+05
1.0039e+06
1.0734e+06
1.1309e+06
1.1332e+06
1.0836e+06
1.0195e+06
9.7492e+05
9.6551e+05
9.8594e+05
1.0121e+06
1.0142e+06
9.8045e+05
9.2932e+05
8.9518e+05
9.0613e+05
9.6463e+05
1.0361e+06
1.0668e+06
1.0321e+06
9.5511e+05
8.7719e+05
8.3581e+05
8.5943e+05
9.5322e+05
1.0698e+06
1.1218e+06
1.0778e+06
9.8613e+05
9.0068e+05
8.5099e+05
8.4818e+05
8.818e+05
9.1166e+05
8.9746e+05
8.4446e+05
7.8684e+05
7.529e+05
7.5774e+05
8.0231e+05
8.6353e+05
8.9534e+05
8.718e+05
8.1451e+05
7.5729e+05
7.1802e+05
6.987e+05
6.9142e+05
6.8495e+05
6.7305e+05
6.6036e+05
6.5853e+05
6.7617e+05
7.1084e+05
7.4738e+05
7.6653e+05
7.6066e+05
7.3996e+05
7.2319e+05
7.2507e+05
7.483e+05
7.81e+05
8.0317e+05
8.035e+05
7.8934e+05
7.7923e+05
7.8981e+05
8.265e+05
8.7728e+05
9.1494e+05
9.1792e+05
8.9164e+05
8.6046e+05
8.458e+05
8.5435e+05
8.7565e+05
8.8785e+05
8.7501e+05
8.425e+05
8.1208e+05
8.0533e+05
8.3108e+05
8.7891e+05
9.2136e+05
9.3335e+05
9.1448e+05
8.8637e+05
8.7223e+05
8.8277e+05
9.1205e+05
9.4058e+05
9.4846e+05
9.3242e+05
9.0962e+05
9.0433e+05
9.3049e+05
9.8003e+05
1.0241e+06
1.0346e+06
1.0078e+06
9.6282e+05
9.22e+05
8.9809e+05
8.9179e+05
8.9492e+05
8.975e+05
8.9645e+05
8.9777e+05
9.0916e+05
9.2932e+05
9.4479e+05
9.3935e+05
9.0906e+05
8.6706e+05
8.3463e+05
8.2865e+05
8.5133e+05
8.8618e+05
9.0677e+05
8.9812e+05
8.6868e+05
8.4063e+05
8.3229e+05
8.4598e+05
8.6574e+05
8.6816e+05
8.4113e+05
7.9346e+05
7.4906e+05
7.3787e+05
7.8433e+05
8.8019e+05
9.643e+05
9.7579e+05
9.2309e+05
8.5116e+05
7.9239e+05
7.6006e+05
7.546e+05
7.6586e+05
7.7619e+05
7.7101e+05
7.4957e+05
7.2134e+05
6.9414e+05
6.6913e+05
6.443e+05
6.2034e+05
6.0382e+05
6.0553e+05
6.3229e+05
6.7543e+05
7.0999e+05
7.1619e+05
6.9724e+05
6.7126e+05
6.5594e+05
6.5876e+05
6.7207e+05
6.7772e+05
6.6257e+05
6.284e+05
5.8703e+05
5.5238e+05
5.3644e+05
5.4654e+05
5.7954e+05
6.1839e+05
6.4518e+05
6.5766e+05
6.6505e+05
6.7302e+05
6.7656e+05
6.6705e+05
6.4476e+05
6.1893e+05
5.9953e+05
5.9191e+05
5.9476e+05
6.0061e+05
6.0127e+05
5.9565e+05
5.9034e+05
5.9136e+05
5.9649e+05
5.9555e+05
5.7937e+05
5.496e+05
5.1986e+05
5.0958e+05
5.3403e+05
5.8665e+05
6.2768e+05
6.2173e+05
5.7958e+05
5.3011e+05
4.9504e+05
4.904e+05
5.2469e+05
5.8063e+05
6.0689e+05
5.7726e+05
5.1883e+05
4.6147e+05
4.2207e+05
4.1285e+05
4.3426e+05
4.5451e+05
4.489e+05
4.271e+05
4.0117e+05
3.7556e+05
3.5013e+05
3.2503e+05
3.086e+05
3.1553e+05
3.4631e+05
3.7948e+05
3.8945e+05
3.6541e+05
