26.575
27.561
28.345
28.837
29.114
29.312
29.49
29.592
29.523
29.284
29.034
29.016
29.381
30.038
30.705
31.112
31.187
31.11
31.18
31.568
32.145
32.566
32.546
32.135
31.811
32.263
33.866
36.294
38.699
40.226
40.404
39.339
37.72
36.601
36.833
38.448
40.665
42.519
43.397
43.244
42.494
41.838
41.856
42.696
44.058
45.473
46.592
47.305
47.689
47.878
47.969
48.009
48.061
48.261
48.797
49.782
51.137
52.575
53.728
54.334
54.384
54.147
54.058
54.481
55.479
56.771
57.914
58.57
58.707
58.627
58.807
59.61
61.028
62.662
63.959
64.518
64.296
63.632
63.082
63.116
63.84
64.962
66.03
66.754
67.169
67.59
68.349
69.504
70.724
71.463
71.273
70.097
68.366
66.875
66.395
67.223
68.998
70.981
72.512
73.317
73.535
73.524
73.583
73.747
73.814
73.559
72.974
72.347
72.112
72.54
73.498
74.484
74.926
74.528
73.466
72.332
71.828
72.329
73.627
75.074
76.013
76.143
75.655
75.091
74.996
75.545
76.418
77.024
76.877
75.88
74.384
73.003
72.257
72.256
72.656
72.936
72.745
72.101
71.343
70.88
70.898
71.222
71.471
71.337
70.816
70.21
69.919
70.118
70.585
70.81
70.328
69.037
67.323
65.917
65.481
66.13
67.308
68.132
67.911
66.503
64.404
62.524
61.69
62.084
63.108
63.808
63.476
62.031
60.082
58.664
58.645
60.115
62.311
64.16
64.883
64.307
62.868
61.362
60.511
60.533
61.058
61.464
61.348
60.795
60.334
60.599
61.855
63.768
65.612
66.728
66.896
66.462
66.168
66.734
68.357
70.549
72.432
73.222
72.592
70.789
68.521
66.642
65.73
65.816
66.497
67.337
68.194
69.26
70.808
72.848
74.958
76.437
76.65
75.368
72.968
70.404
68.867
69.151
71.098
73.686
75.668
76.178
75.051
72.859
70.719
69.804
70.692
72.997
75.649
77.519
77.895
76.671
74.315
71.67
69.618
68.682
68.804
69.467
70.071
70.245
69.973
69.502
69.138
69.026
69.054
68.922
68.337
67.186
65.629
64.047
62.879
62.407
62.615
63.216
63.834
64.182
64.169
63.882
63.493
63.153
62.933
62.845
62.917
63.255
64.017
65.3
67.006
68.795
70.177
70.698
70.136
68.644
66.784
65.4
65.271
66.687
69.252
72.113
74.401
75.567
75.532
74.664
73.617
73.043
73.291
74.251
75.47
76.442
76.863
76.747
76.377
76.128
76.238
76.662
77.09
77.116
76.45
75.063
73.214
71.355
69.93
69.16
68.943
68.939
68.781
68.275
67.484
66.666
66.109
65.938
66.02
66.035
65.666
64.789
63.58
62.46
61.907
62.173
63.103
64.195
64.878
64.803
64.032
63.063
62.647
63.4
65.418
68.181
70.866
72.76
73.555
73.438
72.98
72.845
73.421
74.59
75.824
76.527
76.38
75.502
74.394
73.666
73.666
74.271
74.99
75.325
75.105
74.619
74.456
75.121
76.627
78.395
79.54
79.311
77.436
74.273
70.753
68.046
66.987
67.55
68.896
69.942
69.957
68.863
67.224
65.971
65.891
67.113
69.01
70.597
71.077
70.208
68.428
66.739
66.275
67.625
70.395
73.43
75.462
75.642
73.823
70.632
67.343
65.452
65.899
68.45
71.916
74.945
76.647
76.818
75.882
74.647
73.912
74.062
74.883
75.744
75.967
75.153
73.317
70.863
68.424
66.609
65.752
65.796
66.385
67.082
67.568
67.71
67.54
67.177
66.742
66.31
65.911
65.56
65.302
65.226
65.447
66.044
67.005
68.2
69.403
70.367
70.908
70.985
70.738
70.479
70.594
71.396
72.953
75.017
77.09
78.603
79.107
78.433
76.777
74.701
72.989
72.355
73.07
74.774
76.633
77.708
77.301
75.156
71.559
67.323
63.641
61.686
62.005
64.156
67.005
69.35
70.378
69.84
68.061
65.842
64.204
63.953
65.234
67.45
69.625
70.891
70.809
69.508
67.645
66.202
66.069
67.562
70.247
73.222
75.59
76.776
76.634
75.396
73.518
71.477
69.584
67.913
66.363
64.83
63.356
62.168
61.583
61.815
62.803
64.19
65.472
66.198
66.134
65.336
64.146
63.087
62.67
63.17
64.49
66.232
67.901
69.121
69.76
69.939
69.947
70.079
70.483
71.078
71.609
71.791
71.449
70.612
69.494
68.405
67.605
67.187
67.039
66.931
66.639
66.058
65.247
64.391
63.717
63.382
63.405
63.664
63.964
64.131
64.088
63.882
63.663
63.615
63.868
64.431
65.182
65.914
66.424
66.594
66.436
66.091
65.776
65.691
65.932
66.436
67
67.359
67.284
66.658
65.524
64.079
62.626
61.484
60.871
60.82
61.163
61.604
61.83
61.622
60.921
59.863
58.755
57.99
57.903
58.602
59.884
61.3
62.329
62.575
61.922
60.618
59.26
58.614
59.274
61.307
64.177
67.018
68.996
69.558
68.535
66.138
62.887
59.458
56.493
54.378
53.135
52.49
52.087
51.683
51.237
50.888
50.846
51.262
52.128
53.26
54.368
55.167
55.474
55.278
54.751
54.205
53.984
54.323
55.229
56.478
57.722
58.635
59.026
58.891
58.391
57.783
57.321
57.146
57.244
57.457
57.563
57.361
56.736
55.699
54.384
53.031
51.935
51.37
51.503
52.318
53.619
55.085
56.365
57.171
57.346
56.902
56.02
55.013
54.23
53.926
54.15
54.722
55.315
55.586
55.303
54.41
53.032
51.441
49.962
48.872
48.299
48.184
48.335
48.523
48.587
48.501
48.38
48.432
48.864
49.761
51.015
52.345
53.4
53.889
53.685
52.875
51.757
50.747
50.228
50.376
51.074
51.978
52.68
52.867
52.407
51.368
49.981
48.564
47.423
46.75
46.562
46.717
46.993
47.193
47.233
47.184
47.261
47.739
48.821
50.512
52.578
54.621
56.212
57.022
56.898
55.902
54.295
52.479
50.888
49.849
49.474
49.634
50.04
50.384
50.439
50.123
49.506
48.782
48.217
48.055
48.432
49.312
50.495
51.688
52.597
52.997
52.779
51.952
50.633
49.012
47.317
45.767
44.547
43.777
43.507
43.719
44.335
45.235
46.274
47.299
48.168
48.773
49.052
49.002
48.686
48.218
47.733
47.349
47.126
47.048
47.048
47.042
46.979
46.864
46.751
46.709
46.779
46.946
47.143
47.277
47.277
47.121
46.857
46.588
46.434
46.485
46.749
47.13
47.453
47.521
47.197
46.471
45.506
44.624
44.207
44.525
45.58
47.07
48.515
49.431
49.473
48.504
46.615
44.118
41.504
39.361
38.216
38.319
39.512
41.32
43.171
44.594
45.325
45.339
44.839
44.194
43.807
43.94
44.589
45.489
46.251
46.526
46.12
45.036
43.464
41.734
40.233
39.306
39.142
39.723
40.849
42.233
43.603
44.766
45.644
46.255
46.688
47.038
47.353
47.607
47.703
47.524
46.983
46.07
44.866
43.531
42.262
41.244
40.599
40.362
40.483
40.852
41.338
41.82
42.208
42.452
42.557
42.568
42.566
42.636
42.843
43.203
43.673
44.162
44.551
44.729
44.619
44.2
43.517
42.68
41.852
41.224
40.981
41.25
42.063
43.329
44.857
46.39
47.671
48.492
48.737
48.407
47.619
46.578
45.525
44.667
44.111
43.847
43.771
43.748
43.666
43.482
43.222
42.977
42.876
43.051
43.595
44.516
45.723
47.032
48.212
49.038
49.349
49.08
48.284
47.117
45.806
44.591
43.658
43.092
42.867
42.873
42.968
43.024
42.956
42.731
42.369
41.937
41.539
41.289
41.28
41.538
42.002
42.533
42.947
43.076
42.807
42.122
41.095
39.888
38.71
37.781
37.271
37.265
37.735
38.556
39.538
40.469
41.156
41.47
41.367
40.903
40.227
39.536
39.013
38.756
38.741
38.834
38.853
38.638
38.098
37.233
36.127
34.922
33.789
32.888
32.34
32.197
32.435
32.97
33.679
34.437
35.137
35.71
36.122
36.379
36.505
36.537
36.51
36.454
36.387
36.32
36.257
36.193
36.115
36
35.818
35.535
35.123
34.573
33.899
33.142
32.368
31.656
31.08
30.687
30.492
30.468
30.557
30.685
30.783
30.8
30.72
30.564
30.385
30.253
30.226
30.322
30.509
30.712
30.835
30.8
30.566
30.143
29.591
29.002
28.48
28.11
27.937
27.951
28.089
28.251
28.326
28.222
27.886
27.317
26.573
25.754
24.982
24.37
23.988
23.85
23.919
24.127
24.404
24.692
24.947
25.145
25.274
25.333
25.33
25.28
25.208
25.144
25.119
25.16
25.284
25.489
25.754
26.038
26.287
26.446
26.467
26.324
26.023
25.609
25.173
24.835
24.721
24.921
25.445
26.219
27.105
27.943
28.594
28.963
29.006
28.734
28.2
27.492
26.724
26.018
25.486
25.2
25.171
25.343
25.611
25.864
26.009
26.001
25.843
25.58
25.277
25
24.799
24.695
24.677
24.713
24.764
24.795
24.792
24.767
24.757
24.806
24.943
25.17
25.446
25.71
25.89
25.934
25.816
25.546
25.16
24.714
24.275
23.91
23.675
23.6
23.683
23.88
24.119
24.315
24.393
24.305
24.036
23.607
23.064
22.472
21.899
21.405
21.039
20.827
20.782
20.892
21.133
21.457
21.806
22.109
22.296
22.308
22.111
21.701
21.112
20.41
19.679
19.018
18.516
18.248
18.259
18.555
19.094
19.79
20.525
21.176
21.632
21.822
21.721
21.352
20.783
20.108
19.437
18.869
18.486
18.337
18.436
18.763
19.272
19.903
20.591
21.271
21.885
22.375
22.693
22.798
22.666
22.295
21.714
20.98
20.178
19.403
18.753
18.304
18.107
18.167
18.449
18.882
19.369
19.807
20.109
20.215
20.11
19.822
19.415
18.973
18.58
18.297
18.149
18.127
18.189
18.281
18.346
18.336
18.222
17.999
17.695
17.365
17.082
16.918
16.923
17.105
17.434
17.849
18.283
18.677
18.986
19.187
19.275
19.265
19.19
19.096
19.037
19.057
19.179
19.394
19.666
19.939
20.153
20.264
20.248
20.102
19.844
19.502
19.11
18.699
18.296
17.925
17.61
17.376
17.249
17.245
17.367
17.587
17.858
18.113
18.286
18.327
18.214
17.958
17.599
17.196
16.815
16.518
16.352
16.357
16.557
16.957
17.535
18.231
18.959
19.617
20.109
20.362
20.341
20.052
19.537
18.865
18.12
17.385
16.735
16.219
15.864
15.666
15.602
15.631
15.708
15.795
15.863
15.897
15.896
15.871
15.837
15.809
15.802
15.826
15.885
15.983
16.122
16.302
16.525
16.791
17.095
17.426
17.768
18.097
18.388
18.614
18.752
18.785
18.711
18.539
18.296
18.023
17.766
17.569
17.466
17.469
17.571
17.743
17.944
18.124
18.236
18.242
18.121
17.872
17.52
17.114
16.716
16.392
16.193
16.146
16.251
16.478
16.779
17.099
17.384
17.593
17.7
17.703
17.618
17.477
17.318
17.171
17.057
16.984
16.953
16.961
17.003
17.074
17.166
17.272
17.386
17.508
17.64
17.787
17.947
18.111
18.263
18.385
18.461
18.485
18.454
18.37
18.236
18.064
17.873
17.698
17.581
17.566
17.677
17.912
18.238
18.605
18.952
19.227
19.385
19.396
19.242
18.927
18.473
17.924
17.34
16.787
16.322
15.98
15.774
15.693
15.719
15.834
16.016
16.242
16.486
16.721
16.929
17.102
17.246
17.373
17.496
17.62
17.743
17.861
17.967
18.064
18.155
18.243
18.327
18.402
18.46
18.497
18.511
18.505
18.487
18.461
18.435
18.417
18.419
18.456
18.536
18.663
18.823
18.993
19.142
19.237
19.255
19.178
19.005
18.742
18.412
18.049
17.703
17.429
17.28
17.296
17.492
17.855
18.351
18.929
19.531
20.094
20.558
20.868
20.984
20.892
20.609
20.19
19.715
19.277
18.959
18.811
18.838
19.005
19.252
19.512
19.722
19.832
19.81
19.645
19.354
18.979
18.593
18.285
18.141
18.224
18.554
19.093
19.765
20.468
21.098
21.569
21.824
21.842
21.643
21.287
20.86
20.46
20.176
20.07
20.161
20.432
20.831
21.293
21.744
22.116
22.355
22.427
22.326
22.072
21.707
21.289
20.874
20.509
20.225
20.033
19.933
19.918
19.98
20.111
20.306
20.558
20.854
21.179
21.506
21.807
22.051
22.21
22.264
22.205
22.042
21.798
21.514
21.238
21.023
20.91
20.916
21.032
21.22
21.428
21.605
21.712
21.738
21.688
21.59
21.476
21.381
21.331
21.345
21.428
21.575
21.767
21.974
22.16
22.291
22.343
22.31
22.203
22.051
21.894
21.776
21.731
21.783
21.933
22.165
22.445
22.732
22.98
23.153
23.226
23.191
23.058
22.851
22.608
22.37
22.181
22.078
22.088
22.223
22.476
22.826
23.237
23.662
24.054
24.37
24.581
24.675
24.658
24.554
24.398
24.231
24.087
23.991
23.957
23.985
24.067
24.195
24.359
24.558
24.791
25.061
25.364
25.688
26.01
26.298
26.52
26.644
26.648
26.521
26.269
25.921
25.539
25.212
25.049
25.143
25.534
26.178
26.951
27.682
28.204
28.388
28.177
27.582
26.686
25.626
24.57
23.692
23.142
23.011
23.309
23.958
24.816
25.719
26.512
27.086
27.389
27.437
27.305
27.111
26.985
27.031
27.293
27.745
28.298
28.83
29.224
29.392
29.292
28.938
28.389
27.74
27.099
26.564
26.206
26.058
26.12
26.368
26.763
27.26
27.808
28.353
28.848
29.252
29.545
29.728
29.824
29.872
29.917
29.99
30.103
30.234
30.336
30.347
30.205
29.867
29.32
28.584
27.712
26.789
25.923
25.233
24.826
24.773
25.078
25.667
26.406
27.135
27.703
28.005
27.995
27.702
27.222
26.705
26.327
26.24
26.526
27.16
28.022
28.929
29.696
30.171
30.264
29.957
29.307
28.431
27.487
26.637
26.017
25.703
25.698
25.943
26.348
26.813
27.259
27.633
27.915
28.116
28.263
28.395
28.542
28.719
28.918
29.114
29.272
29.361
29.36
29.262
29.08
28.839
28.576
28.339
28.175
28.129
28.233
28.496
28.898
29.386
29.881
30.293
30.533
30.537
30.282
29.794
29.151
28.481
27.935
27.656
27.732
28.165
28.865
29.678
30.429
30.958
31.152
30.962
30.408
29.581
28.631
27.739
27.082
26.786
26.89
27.34
28.016
28.779
29.506
30.105
30.53
30.766
30.829
30.752
30.576
30.345
30.097
29.865
29.673
29.536
29.461
29.452
29.51
29.631
29.816
30.062
30.365
30.713
31.08
31.428
31.702
31.838
31.781
31.49
30.964
30.244
29.427
28.656
28.095
27.892
28.126
28.768
29.693
30.706
31.601
32.205
32.407
32.184
31.608
30.841
30.105
29.62
29.527
29.83
30.395
31.011
31.472
31.638
31.459
30.974
30.285
29.529
28.832
28.284
27.919
27.72
27.645
27.655
27.734
27.899
28.185
28.617
29.182
29.815
30.413
30.861
31.079
31.048
30.824
30.533
30.335
30.368
30.694
31.26
31.92
32.474
32.73
32.565
31.961
31.034
30.032
29.277
29.054
29.463
30.348
31.377
32.186
32.512
32.254
31.49
30.443
29.416
28.687
28.406
28.541
28.913
29.282
29.446
29.293
28.833
28.203
27.651
27.466
27.857
28.825
30.143
31.452
32.4
32.76
32.489
31.741
30.84
30.179
30.063
30.551
31.432
32.334
32.885
32.832
32.093
30.772
29.16
27.694
26.845
26.919
27.872
29.338
30.825
31.911
32.338
32.041
31.125
29.823
28.423
27.179
26.228
25.557
25.044
24.549
23.999
23.437
23.016
22.945
23.388
24.364
25.715
27.166
28.421
29.254
29.566
29.415
29.015
28.678
28.704
29.231
30.154
31.182
31.966
32.237
31.875
30.946
29.689
28.474
27.693
27.603
28.194
29.2
30.231
30.932
31.077
30.616
29.684
28.581
27.704
27.408
27.831
28.812
29.984
30.943
31.392
31.204
30.438
29.32
28.19
27.406
27.203
27.581
28.315
29.067
29.525
29.488
28.904
27.881
26.671
25.626
25.097
25.282
26.125
27.349
28.598
29.568
30.073
30.068
29.634
28.946
28.229
27.692
27.459
27.542
27.847
28.233
28.563
28.746
28.738
28.534
28.149
27.608
26.942
26.203
25.482
24.912
24.641
24.779
25.329
26.164
27.064
27.783
28.124
27.987
27.389
26.477
25.509
24.796
24.593
24.987
25.84
26.862
27.738
28.236
28.274
27.943
27.493
27.254
27.495
28.27
29.37
30.422
31.045
30.98
30.156
28.722
27.03
25.568
24.8
24.925
25.758
26.858
27.763
28.159
27.93
27.16
26.098
25.09
24.454
24.343
24.659
25.126
25.437
25.397
24.996
24.408
23.94
23.884
24.349
25.181
26.038
26.561
26.501
25.791
24.57
23.169
22.042
21.604
22.013
23.072
24.37
25.503
26.209
26.409
26.211
25.864
25.684
25.924
26.647
27.69
28.745
29.492
29.695
29.262
28.256
26.892
25.49
24.402
23.883
23.975
24.501
25.159
25.653
25.775
25.431
24.636
23.509
22.249
21.109
20.339
20.102
20.399
21.064
21.838
22.471
22.779
22.685
22.227
21.556
20.907
20.527
20.58
21.057
21.793
22.554
23.135
23.427
23.432
23.244
23.006
22.849
22.838
22.948
23.083
23.124
22.983
22.628
22.102
21.507
20.98
20.652
20.6
20.82
21.235
21.727
22.181
22.511
22.677
22.683
22.563
22.37
22.157
21.963
21.8
21.649
21.471
21.214
20.832
20.306
19.653
18.93
18.228
17.651
17.288
17.181
17.324
17.667
18.149
18.714
19.323
19.94
20.523
21.016
21.348
21.455
21.305
20.923
20.411
19.944
19.72
19.878
20.414
21.174
21.93
22.472
22.685
22.575
22.253
21.887
21.621
21.503
21.46
21.351
21.045
20.499
19.786
19.084
18.603
18.484
18.71
19.117
19.49
19.667
19.609
19.414
19.279
19.414
19.915
20.702
21.549
22.203
22.483
22.35
21.919
21.431
21.154
21.255
21.694
22.256
22.674
22.75
22.43
21.808
21.086
20.491
20.168
20.114
20.199
20.247
20.13
19.81
19.331
18.787
18.273
17.851
17.541
17.344
17.271
17.349
17.6
18.002
18.462
18.835
18.978
18.807
18.356
17.8
17.419
17.486
18.094
19.078
20.109
20.865
21.147
20.932
20.364
19.702
19.213
19.038
19.117
19.251
19.231
18.955
18.467
17.932
17.548
17.427
17.523
17.661
17.641
17.347
16.796
16.147
15.644
15.5
15.765
16.288
16.815
17.129
17.135
16.891
16.574
16.388
16.444
16.677
16.886
16.866
16.531
15.991
15.543
15.543
16.168
17.252
18.399
19.21
19.438
19.05
18.232
17.344
16.792
16.818
17.342
18.035
18.538
18.621
18.236
17.502
16.662
15.995
15.705
15.834
16.263
16.807
17.301
17.642
17.772
17.657
17.275
16.618
15.726
14.734
13.899
13.564
13.974
15.074
16.523
17.893
18.839
19.17
18.875
18.131
17.261
16.635
16.484
16.751
17.139
17.306
17.046
16.367
15.498
14.817
14.658
15.073
15.787
16.401
16.614
16.33
15.678
14.966
14.561
14.666
15.174
15.744
16.017
15.785
15.054
14.058
13.222
12.983
13.488
14.462
15.446
16.079
16.225
15.994
15.695
15.695
16.18
17.016
17.844
18.31
18.238
17.705
17.026
16.633
16.811
17.468
18.207
18.6
18.418
17.724
16.868
16.344
16.486
17.188
17.995
18.437
18.277
17.599
16.788
16.365
16.656
17.515
18.447
18.947
18.726
17.786
16.408
15.076
14.294
14.254
14.692
15.125
15.184
14.765
14.034
13.359
13.13
13.496
14.26
15.058
15.605
15.813
15.786
15.749
15.911
16.338
16.922
17.488
17.918
18.215
18.474
18.789
19.148
19.415
19.407
19.023
18.346
17.675
17.425
17.862
18.874
20.041
20.905
21.186
20.853
20.111
19.299
18.725
18.492
18.466
18.423
18.241
17.987
17.858
18.021
18.448
18.907
19.112
18.881
18.24
17.418
16.751
16.49
16.613
16.844
16.846
16.421
15.592
14.611
13.866
13.675
14.055
14.721
15.307
15.573
15.465
15.097
14.674
14.389
14.319
14.397
14.486
14.476
14.353
14.197
14.129
14.22
14.441
14.673
14.785
14.713
14.505
14.319
14.356
14.741
15.428
16.216
16.851
17.135
17.001
16.55
16.046
15.846
16.207
17.106
18.241
19.218
19.735
19.683
19.164
18.472
17.967
17.892
18.218
18.687
19.018
19.084
18.965
18.876
18.999
19.324
19.637
19.668
19.275
18.562
17.873
17.622
17.99
18.736
19.369
19.456
18.828
17.659
16.443
15.791
16.022
16.862
17.698
18.017
17.617
16.644
15.521
14.772
14.696
15.139
15.648
15.829
15.53
14.87
14.162
13.75
13.804
14.211
14.7
15.03
15.09
14.888
14.504
14.022
13.509
13.023
12.647
12.486
12.615
13.006
13.521
13.979
14.257
14.349
14.367
14.467
14.744
15.153
15.54
15.752
15.738
15.592
15.504
15.645
16.034
16.523
16.908
17.061
17.003
16.882
16.871
17.044
17.314
17.512
17.52
17.364
17.22
17.309
17.739
18.418
19.124
19.65
19.909
19.942
19.869
19.788
19.728
19.659
19.568
19.52
19.64
20.033
20.673
21.397
21.985
22.27
22.2
21.843
21.336
20.819
20.394
20.124
20.049
20.189
20.504
20.864
21.083
21.003
20.598
20.031
19.601
19.58
20.005
20.638
21.147
21.342
21.284
21.242
21.485
22.032
22.589
22.727
22.154
20.905
19.421
18.448
18.604
19.821
21.411
22.635
23.082
22.735
21.904
21.068
20.628
20.697
21.089
21.514
21.765
21.759
21.488
20.948
20.136
19.111
18.056
17.281
17.066
17.441
18.127
18.741
19.043
19.05
18.992
19.142
19.578
20.094
20.323
19.965
18.937
17.432
15.882
14.8
14.476
14.771
15.286
15.707
15.949
16.114
16.346
16.693
17.067
17.309
17.293
16.987
16.464
15.871
15.371
15.085
15.036
15.141
15.235
15.147
14.767
14.121
13.403
12.939
13.012
13.62
14.448
15.087
15.248
14.867
14.111
13.309
12.778
12.598
12.541
12.249
11.481
10.254
8.9131
8.1192
8.433
9.65
11.06
12.086
12.433
12.051
11.103
9.9533
9.1142
9.0051
9.5766
10.349
10.821
10.7
