35.67
37.212
38.309
38.918
39.273
39.643
40.093
40.439
40.443
40.072
39.605
39.497
40.032
41.055
42.07
42.605
42.555
42.261
42.292
42.991
44.149
45.142
45.413
44.923
44.312
44.621
46.536
49.72
53.002
55.135
55.402
53.903
51.567
49.84
49.915
51.873
54.681
57.061
58.236
58.192
57.539
57.136
57.578
58.87
60.543
62.062
63.158
63.878
64.416
64.897
65.27
65.402
65.288
65.186
65.544
66.72
68.67
70.9
72.728
73.666
73.686
73.265
73.154
73.938
75.64
77.696
79.323
79.999
79.747
79.147
79.028
79.97
81.9
84.137
85.837
86.481
86.142
85.44
85.201
85.959
87.612
89.525
90.98
91.627
91.675
91.742
92.436
93.908
95.69
96.973
97.086
95.896
93.928
92.192
91.689
92.847
95.285
98.115
100.49
101.96
102.57
102.63
102.48
102.23
101.84
101.21
100.43
99.814
99.712
100.24
101.13
101.79
101.69
100.67
99.08
97.687
97.241
98.018
99.614
101.2
102.04
101.87
101.02
100.21
100.09
100.82
101.97
102.78
102.62
101.38
99.465
97.592
96.406
96.101
96.36
96.631
96.507
95.946
95.23
94.716
94.567
94.654
94.695
94.518
94.225
94.138
94.53
95.348
96.14
96.285
95.356
93.409
91.051
89.19
88.53
89.094
90.176
90.785
90.217
88.422
86.024
84.013
83.163
83.507
84.311
84.574
83.648
81.596
79.209
77.631
77.686
79.298
81.537
83.232
83.596
82.534
80.616
78.758
77.721
77.676
78.163
78.505
78.303
77.702
77.307
77.769
79.289
81.414
83.299
84.217
83.964
82.985
82.193
82.469
84.083
86.479
88.614
89.541
88.847
86.801
84.233
82.152
81.24
81.522
82.499
83.622
84.702
85.98
87.835
90.345
93.043
95.066
95.585
94.251
91.48
88.467
86.779
87.521
90.547
94.52
97.736
98.954
97.828
95.001
91.887
90.098
90.586
93.053
96.199
98.542
99.101
97.693
94.88
91.71
89.251
88.107
88.167
88.805
89.338
89.395
89.018
88.525
88.238
88.246
88.338
88.137
87.332
85.856
83.945
82.043
80.613
79.927
79.957
80.438
81.032
81.489
81.707
81.702
81.534
81.245
80.866
80.468
80.225
80.405
81.267
82.891
85.056
87.257
88.876
89.413
88.69
86.974
84.971
83.631
83.763
85.594
88.621
91.878
94.397
95.566
95.297
94.019
92.498
91.527
91.56
92.514
93.875
95.031
95.603
95.597
95.348
95.287
95.652
96.308
96.792
96.57
95.313
93.091
90.378
87.878
86.194
85.517
85.53
85.637
85.319
84.404
83.125
81.957
81.318
81.281
81.507
81.443
80.652
79.073
77.106
75.478
74.883
75.554
77.084
78.653
79.475
79.191
78.039
76.801
76.47
77.693
80.347
83.591
86.364
87.9
88.027
87.197
86.28
86.123
87.075
88.784
90.452
91.319
91.052
89.88
88.445
87.451
87.25
87.661
88.154
88.267
87.949
87.619
87.921
89.255
91.408
93.584
94.788
94.29
91.941
88.273
84.365
81.44
80.269
80.736
81.965
82.928
82.999
82.21
81.175
80.738
81.46
83.226
85.293
86.706
86.789
85.458
83.323
81.524
81.237
82.983
86.23
89.682
91.945
92.086
89.931
86.156
82.169
79.679
79.863
82.627
86.711
90.527
92.915
93.461
92.499
90.883
89.596
89.279
89.915
90.9
91.428
90.899
89.163
86.553
83.745
81.485
80.272
80.148
80.743
81.524
82.061
82.175
81.933
81.538
81.195
80.996
80.901
80.801
80.623
80.413
80.344
80.643
81.454
82.725
84.187
85.444
86.137
86.107
85.492
84.732
84.437
85.126
86.948
89.555
92.232
94.185
94.828
93.977
91.933
89.441
87.474
86.853
87.819
89.871
92.004
93.154
92.569
90.026
85.914
81.2
77.231
75.268
75.842
78.414
81.722
84.447
85.696
85.205
83.36
81.082
79.531
79.604
81.442
84.336
87.135
88.793
88.75
87.11
84.633
82.532
81.993
83.567
86.841
90.721
94.017
95.897
96.062
94.718
92.416
89.8
87.369
85.317
83.565
81.943
80.395
79.086
78.342
78.458
79.479
81.113
82.835
84.098
84.546
84.127
83.122
82.046
81.465
81.749
82.905
84.587
86.283
87.563
88.237
88.407
88.379
88.492
88.932
89.627
90.292
90.585
90.277
89.363
88.061
86.707
85.6
84.864
84.4
83.965
83.313
82.32
81.041
79.686
78.519
77.746
77.42
77.435
77.585
77.669
77.583
77.356
77.144
77.15
77.536
78.333
79.415
80.539
81.437
81.914
81.918
81.561
81.077
80.743
80.755
81.146
81.753
82.286
82.437
81.996
80.936
79.43
77.817
76.489
75.754
75.701
76.162
76.785
77.179
77.058
76.343
75.208
74.046
73.358
73.549
74.716
76.557
78.467
79.779
80.016
79.088
77.387
75.747
75.182
76.405
79.381
83.31
87.021
89.452
89.936
88.317
84.927
80.479
75.87
71.916
69.084
67.362
66.374
65.664
64.946
64.203
63.647
63.567
64.151
65.361
66.919
68.411
69.448
69.791
69.441
68.653
67.875
67.586
68.094
69.378
71.094
72.739
73.859
74.198
73.761
72.781
71.63
70.674
70.134
70.019
70.137
70.201
69.942
69.198
67.953
66.346
64.641
63.178
62.289
62.206
62.967
64.389
66.119
67.734
68.861
69.261
68.899
67.962
66.821
65.929
65.655
66.108
67.082
68.137
68.785
68.658
67.623
65.806
63.567
61.393
59.754
58.933
58.923
59.461
60.162
60.695
60.89
60.789
60.615
60.675
61.21
62.261
63.614
64.878
65.642
65.633
64.82
63.447
61.974
60.92
60.645
61.173
62.188
63.192
63.724
63.508
62.518
60.954
59.179
57.6
56.542
56.126
56.246
56.633
56.99
57.117
57.005
56.847
56.971
57.696
59.149
61.158
63.299
65.05
65.966
65.808
64.604
62.636
60.377
58.35
56.956
56.327
56.296
56.507
56.588
56.286
55.534
54.454
53.319
52.473
52.219
52.697
53.825
55.327
56.833
57.997
58.575
58.463
57.693
56.401
54.788
53.067
51.437
50.058
49.056
48.52
48.5
48.989
49.907
51.099
52.358
53.463
54.217
54.495
54.264
53.601
52.681
51.733
50.973
50.533
50.412
50.492
50.604
50.606
50.438
50.129
49.768
49.448
49.22
49.069
48.935
48.752
48.489
48.182
47.919
47.813
47.944
48.306
48.778
49.156
49.217
48.81
47.939
46.81
45.815
45.404
45.878
47.198
48.968
50.604
51.552
51.433
50.118
47.741
44.691
41.566
39.082
37.864
38.164
39.713
41.881
43.979
45.48
46.106
45.853
44.973
43.903
43.129
42.974
43.451
44.255
44.934
45.084
44.479
43.119
41.215
39.136
37.326
36.178
35.903
36.457
37.586
38.948
40.241
41.268
41.96
42.359
42.57
42.702
42.811
42.867
42.774
42.42
41.735
40.728
39.502
38.231
37.11
36.306
35.905
35.899
36.201
36.685
37.222
37.713
38.102
38.379
38.578
38.762
38.997
39.327
39.763
40.268
40.772
41.187
41.424
41.417
41.132
40.579
39.814
38.941
38.105
37.474
37.216
37.455
38.231
39.474
41.009
42.591
43.959
44.892
45.246
44.986
44.195
43.049
41.783
40.627
39.742
39.18
38.89
38.761
38.678
38.569
38.421
38.279
38.232
38.389
38.835
39.599
40.619
41.745
42.771
43.488
43.732
43.433
42.626
41.457
40.146
38.939
38.038
37.547
37.445
37.615
37.899
38.146
38.245
38.142
37.837
37.385
36.886
36.468
36.246
36.277
36.533
36.895
37.191
37.257
36.983
36.343
35.409
34.329
33.295
32.498
32.076
32.085
32.483
33.147
33.91
34.595
35.053
35.195
35.012
34.58
34.044
33.571
33.291
33.241
33.35
33.474
33.457
33.183
32.613
31.786
30.805
29.81
28.945
28.326
28.016
28.016
28.271
28.697
29.199
29.702
30.157
30.543
30.86
31.118
31.329
31.495
31.617
31.694
31.73
31.737
31.733
31.735
31.749
31.762
31.743
31.646
31.425
31.052
30.529
29.893
29.215
28.584
28.086
27.775
27.665
27.727
27.899
28.109
28.291
28.405
28.443
28.431
28.422
28.476
28.638
28.91
29.249
29.579
29.813
29.887
29.776
29.504
29.141
28.78
28.517
28.423
28.521
28.778
29.107
29.393
29.519
29.397
28.988
28.309
27.439
26.497
25.619
24.923
24.479
24.298
24.346
24.559
24.874
25.233
25.589
25.906
26.15
26.299
26.34
26.281
26.147
25.983
25.843
25.776
25.812
25.947
26.149
26.36
26.514
26.556
26.451
26.194
25.818
25.392
25.017
24.807
24.859
25.218
25.846
26.64
27.453
28.143
28.602
28.776
28.662
28.309
27.797
27.223
26.686
26.268
26.019
25.947
26.017
26.162
26.305
26.385
26.367
26.256
26.081
25.887
25.713
25.583
25.5
25.446
25.398
25.33
25.225
25.088
24.946
24.852
24.867
25.039
25.376
25.834
26.325
26.746
27.007
27.056
26.885
26.534
26.07
25.58
25.152
24.857
24.741
24.815
25.048
25.375
25.712
25.976
26.098
26.038
25.788
25.369
24.825
24.215
23.602
23.045
22.593
22.282
22.13
22.139
22.293
22.559
22.887
23.209
23.452
23.547
23.447
23.135
22.633
22.001
21.324
20.706
20.243
20.015
20.071
20.415
21.004
21.754
22.55
23.275
23.823
24.125
24.152
23.919
23.48
22.914
22.313
21.765
21.343
21.097
21.049
21.194
21.506
21.944
22.463
23.01
23.527
23.953
24.222
24.279
24.087
23.641
22.978
22.17
21.319
20.54
19.944
19.614
19.593
19.875
20.404
21.086
21.803
22.436
22.888
23.099
23.057
22.798
22.394
21.932
21.495
21.135
20.874
20.697
20.57
20.453
20.304
20.096
19.82
19.486
19.132
18.81
18.574
18.461
18.474
18.584
18.734
18.869
18.942
18.933
18.845
18.7
18.535
18.393
18.319
18.348
18.501
18.773
19.132
19.524
19.883
20.152
20.288
20.274
20.117
19.843
19.495
19.115
18.743
18.406
18.12
17.891
17.72
17.61
17.574
17.627
17.784
18.044
18.383
18.751
19.085
19.325
19.431
19.392
19.228
18.982
18.71
18.47
18.313
18.286
18.425
18.752
19.257
19.892
20.573
21.194
21.651
21.867
21.801
21.461
20.892
20.173
19.396
18.652
18.017
17.546
17.261
17.161
17.218
17.391
17.629
17.887
18.127
18.328
18.481
18.591
18.669
18.732
18.792
18.862
18.949
19.059
19.197
19.366
19.569
19.807
20.075
20.364
20.655
20.927
21.155
21.314
21.385
21.352
21.215
20.984
20.685
20.36
20.054
19.811
19.66
19.609
19.646
19.736
19.836
19.899
19.88
19.746
19.476
19.068
18.545
17.948
17.336
16.776
16.324
16.016
15.863
15.847
15.933
16.078
16.243
16.398
16.522
16.612
16.674
16.726
16.788
16.877
17.005
17.174
17.38
17.618
17.88
18.161
18.459
18.775
19.116
19.486
19.889
20.316
20.748
21.156
21.506
21.769
21.925
21.967
21.9
21.737
21.503
21.226
20.948
20.713
20.565
20.535
20.629
20.824
21.076
21.328
21.53
21.644
21.644
21.521
21.274
20.915
20.471
19.982
19.502
19.087
18.784
18.616
18.583
18.66
18.813
19.01
19.221
19.426
19.607
19.754
19.862
19.936
19.988
20.036
20.096
20.181
20.294
20.433
20.589
20.754
20.915
21.06
21.176
21.249
21.268
21.226
21.125
20.971
20.776
20.56
20.346
20.165
20.053
20.04
20.146
20.37
20.686
21.05
21.409
21.709
21.907
21.974
21.899
21.686
21.363
20.975
20.584
20.262
20.077
20.075
20.27
20.64
21.136
21.688
22.224
22.669
22.962
23.053
22.919
22.566
22.036
21.408
20.783
20.265
19.934
19.821
19.899
20.101
20.339
20.531
20.613
20.546
20.317
19.943
19.467
18.956
18.499
18.195
18.127
18.343
18.837
19.545
20.365
21.18
21.88
22.38
22.637
22.645
22.447
22.116
21.75
21.449
21.296
21.339
21.585
22.001
22.524
23.072
23.565
23.929
24.115
24.104
23.908
23.571
23.157
22.735
22.368
22.097
21.943
21.903
21.961
22.098
22.292
22.526
22.785
23.058
23.334
23.6
23.842
24.043
24.187
24.258
24.246
24.15
23.976
23.742
23.473
23.202
22.963
22.783
22.674
22.63
22.628
22.636
22.626
22.581
22.501
22.402
22.309
22.248
22.235
22.278
22.374
22.516
22.692
22.888
23.094
23.298
23.49
23.66
23.803
23.915
23.998
24.058
24.104
24.142
24.175
24.197
24.197
24.158
24.07
23.93
23.742
23.521
23.281
23.036
22.793
22.556
22.333
22.132
21.969
21.866
21.84
21.904
22.059
22.293
22.578
22.88
23.16
23.383
23.526
23.584
23.571
23.519
23.47
23.466
23.541
23.71
23.967
24.29
24.647
25.007
25.346
25.656
25.94
26.212
26.487
26.776
27.076
27.373
27.64
27.842
27.941
27.903
27.712
27.381
26.958
26.528
26.195
26.049
26.125
26.381
26.707
26.963
27.019
26.795
26.276
25.508
24.592
23.661
22.857
22.308
22.1
22.25
22.703
23.343
24.024
24.603
24.977
25.093
24.968
24.681
24.357
24.142
24.162
24.478
25.068
25.831
26.624
27.297
27.732
27.86
27.667
27.198
26.539
25.803
25.104
24.538
24.169
24.028
24.112
24.395
24.835
25.383
25.983
26.584
27.142
27.626
28.021
28.324
28.541
28.688
28.778
28.818
28.808
28.739
28.593
28.352
28.003
27.546
26.99
26.367
25.725
25.134
24.677
24.446
24.505
24.872
25.492
26.25
27
27.598
27.941
27.983
27.741
27.299
26.788
26.363
26.169
26.296
26.748
27.44
28.223
28.927
29.405
29.562
29.372
28.881
28.195
27.46
26.826
26.41
26.272
26.399
26.727
27.161
27.61
28.001
28.292
28.474
28.565
28.601
28.627
28.673
28.753
28.855
28.951
29.007
28.994
28.899
28.726
28.492
28.229
27.97
27.751
27.603
27.55
27.605
27.764
28.006
28.29
28.559
28.748
28.797
28.664
28.337
27.849
27.271
26.715
26.309
26.168
26.357
26.866
27.605
28.432
29.181
29.703
29.888
29.684
29.106
28.239
27.226
26.249
25.494
25.104
25.137
25.552
26.237
27.047
27.846
28.532
29.04
29.343
29.444
29.369
29.159
28.862
28.528
28.202
27.926
27.729
27.631
27.642
27.756
27.958
28.224
28.528
28.842
29.138
29.39
29.571
29.656
29.618
29.435
29.1
28.627
28.061
27.48
26.991
26.71
26.729
27.081
27.725
28.544
29.379
30.064
30.458
30.471
30.085
29.364
28.454
27.563
26.912
26.664
26.858
27.391
28.07
28.689
29.094
29.209
29.042
28.662
28.173
27.675
27.244
26.912
26.673
26.502
26.381
26.315
26.338
26.504
26.854
27.389
28.05
28.734
29.322
29.722
29.899
29.893
29.804
29.767
29.9
30.257
30.795
31.389
31.864
32.051
31.837
31.204
30.259
29.233
28.435
28.147
28.481
29.303
30.296
31.103
31.453
31.234
30.5
29.454
28.38
27.557
27.155
27.171
27.455
27.784
27.958
27.854
27.463
26.903
26.409
26.271
26.715
27.768
29.221
30.713
31.882
32.474
32.411
31.812
30.969
30.262
30.019
30.358
31.134
32.015
32.64
32.739
32.2
31.089
29.645
28.248
27.326
27.186
27.851
29.041
30.328
31.318
31.76
31.58
30.867
29.834
28.738
27.798
27.114
26.646
26.265
25.841
25.314
24.74
24.277
24.131
24.462
25.291
26.468
27.731
28.799
29.461
29.63
29.376
28.916
28.559
28.59
29.126
30.049
31.062
31.822
32.072
31.702
30.784
29.552
28.355
27.552
27.367
27.776
28.53
29.279
29.714
29.66
29.106
28.214
27.289
26.689
26.688
27.335
28.42
29.588
30.487
30.873
30.653
29.897
28.818
27.73
26.962
26.738
27.08
27.798
28.592
29.166
29.313
28.958
28.167
27.135
26.15
25.518
25.443
25.938
26.82
27.804
28.62
29.082
29.119
28.77
28.161
27.464
26.853
26.45
26.293
26.336
26.477
26.607
26.639
26.522
26.246
25.823
25.284
24.674
24.056
23.517
23.167
23.118
23.438
24.109
25.012
25.957
26.738
27.185
27.21
26.827
26.168
25.465
25.001
25.011
25.569
26.546
27.663
28.61
29.151
29.189
28.799
28.217
27.782
27.797
28.368
29.325
30.305
30.913
30.86
30.045
28.588
26.821
25.229
24.299
24.273
25.004
26.052
26.934
27.308
27.033
26.177
24.986
23.829
23.074
22.922
23.294
23.88
24.322
24.373
23.987
23.328
22.724
22.524
22.897
23.712
24.605
25.173
25.13
24.389
23.092
21.599
20.422
20.037
20.601
21.85
23.29
24.462
25.081
25.07
24.553
23.832
23.308
23.338
24.041
25.231
26.52
27.502
27.879
27.523
26.493
25.022
23.486
22.314
21.828
22.08
22.835
23.721
24.398
24.649
24.392
23.67
22.62
21.45
20.398
19.68
19.421
19.608
20.102
20.696
21.191
21.442
21.384
21.036
20.497
19.928
19.503
19.353
19.507
19.881
20.329
20.701
20.901
20.907
20.762
20.556
20.381
20.299
20.317
20.391
20.451
20.43
20.29
20.03
19.692
19.347
19.08
18.972
19.071
19.379
19.847
20.389
20.9
21.285
21.481
21.469
21.283
21.004
20.729
20.539
20.456
20.43
20.352
20.107
19.615
18.874
17.967
17.053
16.326
15.94
15.944
16.264
16.761
17.303
17.819
18.296
18.76
19.227
19.679
20.049
20.243
20.184
19.852
19.321
18.764
18.416
18.471
18.972
19.773
20.618
21.266
21.573
21.533
21.254
20.909
20.643
20.502
20.407
20.214
19.801
19.143
18.344
17.604
17.138
17.049
17.261
17.561
17.726
17.629
17.301
16.926
16.783
17.092
17.873
18.917
19.903
20.549
20.709
20.418
19.884
19.433
19.369
19.798
20.561
21.341
21.835
21.879
21.49
20.853
20.24
19.884
19.862
20.052
20.227
20.186
19.847
19.267
18.606
18.053
17.727
17.618
17.619
17.609
17.54
17.467
17.517
17.794
18.292
18.872
19.325
19.47
19.236
18.715
18.146
17.845
18.039
18.715
19.625
20.437
20.89
20.876
20.45
19.792
19.125
18.611
18.277
18.025
17.72
17.288
16.772
16.313
16.064
16.081
16.274
16.448
16.418
16.093
15.524
14.896
14.463
14.415
14.756
15.301
15.795
16.047
16.005
15.762
15.514
15.455
15.66
16.025
16.343
16.421
16.194
15.768
15.405
15.399
15.892
16.75
17.649
18.253
18.345
17.886
17.027
16.078
15.41
15.284
15.687
16.359
16.974
17.297
17.245
16.883
16.381
15.958
15.792
15.953
16.385
16.956
17.517
17.948
18.163
18.105
17.74
17.07
16.152
15.128
14.244
13.802
14.021
14.87
16.067
17.241
18.083
18.413
18.21
17.605
16.853
16.253
16.011
16.12
16.371
16.49
16.284
15.719
14.938
14.216
13.834
13.907
14.298
14.721
14.924
14.805
14.442
14.062
13.922
14.147
14.626
15.078
15.212
14.857
14.027
12.955
12.068
11.82
12.366
13.401
14.435
15.085
15.202
14.891
14.472
14.342
14.733
15.513
16.291
16.668
16.431
15.64
14.643
13.986
14.095
14.913
15.937
16.618
16.638
16.003
15.045
14.316
14.294
14.993
15.959
16.656
16.775
16.334
15.663
15.267
15.519
16.361
17.354
18.007
18.014
17.336
16.198
15.022
14.26
14.127
14.446
14.822
14.931
14.674
14.199
13.812
13.801
14.225
14.874
15.437
15.687
15.588
15.293
15.078
15.184
15.662
16.346
16.99
17.411
17.572
17.552
17.474
17.4
17.277
16.986
16.446
15.718
15.047
14.772
15.102
15.923
16.87
17.562
17.785
17.538
17.014
16.491
16.181
16.108
16.128
16.078
15.918
15.777
15.859
16.27
16.901
17.475
17.713
17.472
16.818
16.012
15.414
15.283
15.589
16.041
16.289
16.115
15.499
14.618
13.78
13.287
13.263
13.58
13.979
14.239
14.268
14.102
13.854
13.64
13.517
13.466
13.422
13.335
13.202
13.071
13.003
13.036
13.155
13.306
13.434
13.514
13.578
13.697
13.955
14.389
14.962
15.553
16.002
16.162
15.967
15.48
14.928
14.661
14.983
15.918
17.158
18.257
18.845
18.742
18.016
16.979
16.104
15.809
16.168
16.868
17.483
17.744
17.638
17.353
17.131
17.085
17.109
16.981
16.556
15.917
15.397
15.396
16.05
17.06
17.911
18.187
17.748
16.792
15.812
15.384
15.761
16.641
17.443
17.705
17.272
16.322
15.296
14.695
14.756
15.264
15.756
15.86
15.46
14.704
13.935
13.515
13.604
14.059
14.577
14.904
14.923
14.654
14.186
13.628
13.072
12.597
12.288
12.221
12.42
12.805
13.219
13.504
13.583
13.508
13.439
13.548
13.897
14.377
14.785
14.957
14.866
14.643
14.509
14.632
14.997
15.416
15.672
15.658
15.436
15.198
15.134
15.288
15.523
15.636
15.514
15.232
15.025
15.142
15.656
16.39
17.066
17.478
17.593
17.537
17.489
17.553
17.69
17.771
17.708
17.549
17.472
17.669
18.194
18.906
19.558
19.946
19.992
19.752
19.354
18.922
18.531
18.21
17.996
17.948
18.109
18.436
18.79
19.006
19.006
18.86
18.763
18.901
19.294
19.761
20.047
20.007
19.721
19.465
19.533
19.979
20.529
20.752
20.329
19.24
17.845
16.821
16.788
17.782
19.208
20.369
20.847
20.589
19.849
19.053
18.58
18.555
18.823
19.115
19.23
19.093
18.716
18.133
17.371
16.492
15.633
15.016
14.839
15.126
15.683
16.242
16.631
16.854
17.047
17.347
17.749
18.084
18.11
17.661
16.736
15.529
14.369
13.578
13.288
13.38
13.624
13.866
14.085
14.334
14.64
14.957
15.19
15.26
15.149
14.902
14.6
14.317
14.111
14.018
14.053
14.187
14.327
14.33
14.065
13.496
12.737
12.065
11.79
12.028
12.577
13.069
13.212
12.926
12.356
11.787
11.471
11.419
11.384
11.054
10.254
9.0634
7.8623
7.2684
7.6758
8.7647
9.907
10.665
10.862
10.521
9.8229
9.0567
8.5415
8.4724
8.7827
9.2016
9.442
9.3315
