27.927
29.128
29.958
30.329
30.413
30.482
30.689
30.953
31.063
30.886
30.524
30.281
30.453
31.071
31.855
32.429
32.6
32.488
32.43
32.699
33.241
33.683
33.635
33.049
32.401
32.527
34.014
36.608
39.329
41.112
41.312
39.949
37.762
36.016
35.869
37.501
40.003
42.199
43.368
43.467
43.013
42.753
43.206
44.367
45.812
47.077
47.945
48.476
48.852
49.17
49.352
49.259
48.886
48.496
48.55
49.414
51.046
52.953
54.471
55.129
54.889
54.169
53.653
53.898
54.969
56.403
57.542
57.945
57.63
57.068
56.934
57.688
59.254
61.061
62.411
62.859
62.418
61.537
60.873
60.925
61.736
62.905
63.902
64.425
64.58
64.79
65.496
66.793
68.292
69.32
69.301
68.088
66.113
64.287
63.598
64.527
66.727
69.294
71.339
72.404
72.556
72.225
71.883
71.753
71.718
71.499
70.948
70.228
69.752
69.882
70.624
71.549
72.054
71.754
70.747
69.627
69.18
69.878
71.517
73.34
74.529
74.67
73.957
73.071
72.777
73.415
74.659
75.745
75.97
75.089
73.437
71.756
70.77
70.739
71.313
71.823
71.742
70.983
69.898
69.025
68.721
68.925
69.259
69.338
69.064
68.677
68.547
68.848
69.346
69.508
68.837
67.218
65.07
63.219
62.462
63.007
64.279
65.292
65.234
63.869
61.636
59.453
58.218
58.223
58.945
59.447
59.004
57.518
55.595
54.273
54.404
56.018
58.286
60.103
60.699
59.935
58.294
56.626
55.695
55.719
56.278
56.69
56.514
55.827
55.18
55.242
56.305
58.019
59.625
60.444
60.268
59.499
58.985
59.543
61.385
63.923
66.137
67.133
66.519
64.523
61.897
59.604
58.359
58.269
58.904
59.735
60.548
61.519
62.968
64.965
67.114
68.686
68.983
67.701
65.167
62.359
60.606
60.882
63.107
66.173
68.68
69.626
68.733
66.503
64.05
62.656
63.081
65.074
67.577
69.396
69.74
68.433
65.904
63.008
60.702
59.611
59.734
60.531
61.322
61.653
61.435
60.883
60.311
59.924
59.686
59.364
58.692
57.543
56.027
54.464
53.251
52.663
52.72
53.19
53.746
54.126
54.225
54.083
53.806
53.481
53.137
52.788
52.497
52.428
52.8
53.751
55.194
56.777
57.999
58.411
57.808
56.359
54.626
53.419
53.441
54.867
57.221
59.664
61.426
62.094
61.701
60.67
59.621
59.084
59.241
59.867
60.525
60.847
60.729
60.363
60.099
60.222
60.755
61.422
61.797
61.532
60.523
58.979
57.342
56.109
55.581
55.708
56.135
56.42
56.266
55.643
54.776
54.009
53.614
53.62
53.802
53.811
53.374
52.445
51.242
50.164
49.596
49.68
50.223
50.796
50.98
50.579
49.728
48.863
48.53
49.089
50.471
52.211
53.71
54.535
54.583
54.109
53.595
53.504
54.015
54.915
55.743
56.068
55.707
54.805
53.754
52.981
52.703
52.814
52.992
52.957
52.674
52.402
52.53
53.289
54.528
55.734
56.281
55.721
53.985
51.446
48.844
47.006
46.423
46.941
47.887
48.522
48.419
47.622
46.584
45.939
46.126
47.097
48.337
49.181
49.163
48.23
46.788
45.59
45.393
46.488
48.473
50.5
51.726
51.643
50.232
47.978
45.768
44.575
44.958
46.71
49.046
51.114
52.37
52.693
52.332
51.742
51.365
51.407
51.766
52.115
52.104
51.521
50.373
48.869
47.344
46.131
45.434
45.269
45.484
45.865
46.222
46.448
46.517
46.454
46.303
46.095
45.849
45.58
45.325
45.147
45.131
45.351
45.826
46.49
47.195
47.757
48.018
47.921
47.551
47.144
47.016
47.436
48.475
49.934
51.413
52.461
52.742
52.147
50.853
49.297
48.062
47.637
48.161
49.322
50.518
51.127
50.727
49.213
46.825
44.125
41.86
40.706
40.913
42.157
43.752
45.013
45.498
45.103
44.053
42.827
41.993
41.965
42.776
44.065
45.281
45.938
45.792
44.921
43.71
42.74
42.555
43.385
45.011
46.907
48.511
49.433
49.538
48.932
47.89
46.727
45.684
44.852
44.186
43.595
43.044
42.608
42.437
42.662
43.292
44.174
45.041
45.623
45.752
45.427
44.824
44.242
43.994
44.268
45.037
46.078
47.089
47.824
48.184
48.232
48.148
48.128
48.278
48.562
48.822
48.869
48.583
47.974
47.182
46.414
45.848
45.549
45.445
45.374
45.181
44.798
44.271
43.744
43.386
43.308
43.51
43.877
44.237
44.438
44.409
44.187
43.902
43.728
43.804
44.177
44.772
45.43
45.972
46.273
46.303
46.138
45.926
45.828
45.946
46.273
46.694
47.03
47.105
46.815
46.165
45.275
44.351
43.617
43.239
43.247
43.525
43.858
44.015
43.833
43.275
42.451
41.606
41.048
41.037
41.65
42.722
43.905
44.802
45.127
44.805
44.039
43.277
43.078
43.848
45.592
47.892
50.111
51.657
52.153
51.5
49.871
47.651
45.316
43.291
41.808
40.851
40.232
39.738
39.259
38.833
38.606
38.738
39.294
40.194
41.225
42.128
42.686
42.793
42.493
41.976
41.532
41.444
41.876
42.786
43.952
45.077
45.902
46.29
46.256
45.94
45.554
45.295
45.275
45.479
45.787
46.024
46.033
45.718
45.073
44.189
43.236
42.436
42.009
42.104
42.743
43.799
45.037
46.178
46.98
47.297
47.118
46.576
45.918
45.433
45.345
45.707
46.38
47.091
47.547
47.545
47.027
46.099
44.991
43.986
43.319
43.091
43.239
43.584
43.914
44.083
44.065
43.96
43.96
44.265
44.979
46.049
47.258
48.315
48.952
49.024
48.556
47.747
46.921
46.41
46.427
46.964
47.81
48.65
49.197
49.277
48.87
48.093
47.156
46.294
45.691
45.424
45.451
45.647
45.876
46.056
46.207
46.445
46.936
47.813
49.084
50.605
52.11
53.296
53.916
53.848
53.128
51.942
50.578
49.344
48.472
48.044
47.973
48.066
48.113
47.963
47.574
47.016
46.446
46.06
46.024
46.41
47.162
48.114
49.045
49.741
50.049
49.902
49.321
48.396
47.261
46.061
44.932
43.988
43.319
42.99
43.033
43.44
44.149
45.051
46
46.841
47.441
47.72
47.662
47.329
46.847
46.373
46.051
45.963
46.107
46.406
46.748
47.041
47.241
47.359
47.439
47.523
47.627
47.725
47.773
47.73
47.59
47.391
47.211
47.13
47.191
47.362
47.523
47.494
47.094
46.218
44.899
43.353
41.953
41.133
41.189
42.103
43.52
44.906
45.745
45.683
44.59
42.576
39.978
37.335
35.291
34.418
34.943
36.621
38.881
41.102
42.812
43.764
43.964
43.649
43.216
43.086
43.522
44.498
45.721
46.778
47.305
47.102
46.181
44.747
43.155
41.811
41.061
41.07
41.772
42.926
44.22
45.386
46.259
46.796
47.062
47.183
47.281
47.412
47.539
47.547
47.294
46.682
45.696
44.426
43.047
41.777
40.811
40.272
40.172
40.429
40.901
41.43
41.884
42.175
42.273
42.204
42.048
41.912
41.908
42.109
42.525
43.095
43.7
44.195
44.448
44.369
43.931
43.18
42.231
41.26
40.475
40.078
40.212
40.912
42.088
43.541
45.01
46.237
47.017
47.238
46.902
46.123
45.104
44.084
43.269
42.769
42.572
42.57
42.616
42.587
42.426
42.159
41.881
41.737
41.872
42.388
43.294
44.487
45.77
46.905
47.67
47.914
47.592
46.775
45.642
44.435
43.396
42.704
42.416
42.47
42.721
42.998
43.159
43.117
42.846
42.382
41.81
41.25
40.829
40.647
40.731
41.027
41.401
41.683
41.719
41.411
40.745
39.795
38.713
37.692
36.928
36.57
36.684
37.237
38.104
39.107
40.049
40.76
41.128
41.121
40.803
40.315
39.839
39.533
39.475
39.628
39.861
40.002
39.902
39.477
38.729
37.736
36.631
35.574
34.717
34.176
34.012
34.219
34.733
35.454
36.265
37.063
37.763
38.316
38.698
38.915
38.991
38.96
38.863
38.739
38.622
38.535
38.484
38.456
38.424
38.347
38.185
37.907
37.502
36.989
36.415
35.849
35.365
35.024
34.856
34.85
34.958
35.106
35.222
35.247
35.156
34.965
34.726
34.517
34.414
34.462
34.659
34.946
35.228
35.406
35.404
35.193
34.802
34.307
33.816
33.444
33.279
33.36
33.661
34.096
34.54
34.858
34.937
34.71
34.172
33.387
32.478
31.602
30.916
30.535
30.502
30.781
31.281
31.885
32.479
32.97
33.293
33.409
33.311
33.021
32.593
32.101
31.634
31.275
31.079
31.061
31.19
31.401
31.61
31.737
31.724
31.545
31.212
30.777
30.333
29.997
29.894
30.116
30.692
31.568
32.622
33.695
34.63
35.308
35.658
35.664
35.363
34.825
34.149
33.437
32.788
32.273
31.926
31.739
31.668
31.648
31.617
31.532
31.381
31.174
30.939
30.708
30.501
30.327
30.177
30.036
29.888
29.725
29.557
29.415
29.351
29.426
29.689
30.152
30.778
31.485
32.164
32.712
33.051
33.146
33.004
32.673
32.225
31.746
31.319
31.007
30.848
30.841
30.949
31.113
31.26
31.322
31.25
31.02
30.634
30.116
29.508
28.863
28.235
27.675
27.231
26.94
26.826
26.894
27.119
27.447
27.799
28.083
28.216
28.14
27.837
27.335
26.699
26.025
25.419
24.985
24.805
24.928
25.356
26.041
26.885
27.765
28.548
29.124
29.423
29.428
29.17
28.726
28.196
27.69
27.302
27.104
27.129
27.378
27.817
28.392
29.041
29.699
30.307
30.813
31.165
31.318
31.233
30.887
30.283
29.453
28.467
27.42
26.426
25.597
25.027
24.777
24.861
25.24
25.828
26.505
27.14
27.617
27.852
27.809
27.506
27.005
26.398
25.787
25.258
24.867
24.627
24.516
24.48
24.458
24.393
24.25
24.021
23.732
23.436
23.196
23.069
23.084
23.237
23.496
23.807
24.116
24.378
24.561
24.652
24.656
24.598
24.52
24.472
24.502
24.639
24.884
25.206
25.548
25.846
26.038
26.085
25.968
25.694
25.288
24.788
24.237
23.677
23.15
22.692
22.338
22.121
22.07
22.2
22.511
22.974
23.537
24.126
24.659
25.064
25.289
25.311
25.138
24.809
24.38
23.92
23.503
23.2
23.074
23.171
23.504
24.04
24.701
25.371
25.923
26.246
26.261
25.939
25.301
24.411
23.367
22.281
21.267
20.425
19.826
19.51
19.475
19.685
20.074
20.563
21.072
21.533
21.896
22.136
22.251
22.259
22.194
22.098
22.015
21.985
22.037
22.182
22.417
22.724
23.076
23.441
23.787
24.088
24.318
24.462
24.506
24.449
24.299
24.074
23.808
23.539
23.31
23.155
23.093
23.127
23.239
23.402
23.582
23.741
23.844
23.858
23.76
23.542
23.214
22.811
22.382
21.99
21.689
21.517
21.483
21.569
21.741
21.954
22.17
22.354
22.486
22.556
22.563
22.519
22.436
22.33
22.217
22.107
22.01
21.937
21.897
21.901
21.96
22.083
22.274
22.534
22.856
23.222
23.602
23.957
24.244
24.425
24.473
24.379
24.148
23.803
23.377
22.912
22.463
22.089
21.851
21.798
21.952
22.3
22.789
23.343
23.878
24.313
24.584
24.646
24.479
24.086
23.499
22.773
21.984
21.214
20.531
19.985
19.591
19.345
19.233
19.241
19.353
19.554
19.816
20.11
20.407
20.688
20.951
21.205
21.461
21.723
21.984
22.231
22.448
22.625
22.759
22.853
22.906
22.918
22.887
22.813
22.703
22.571
22.436
22.319
22.239
22.216
22.27
22.414
22.647
22.952
23.289
23.604
23.842
23.957
23.924
23.739
23.424
23.016
22.566
22.134
21.789
21.592
21.594
21.814
22.238
22.811
23.459
24.1
24.66
25.076
25.304
25.316
25.105
24.685
24.098
23.411
22.715
22.106
21.663
21.429
21.397
21.514
21.706
21.896
22.021
22.042
21.941
21.727
21.427
21.092
20.783
20.572
20.524
20.678
21.04
21.572
22.205
22.85
23.418
23.835
24.054
24.061
23.873
23.543
23.145
22.764
22.483
22.365
22.443
22.718
23.156
23.701
24.285
24.836
25.29
25.599
25.737
25.703
25.518
25.221
24.862
24.491
24.152
23.877
23.684
23.579
23.56
23.618
23.741
23.913
24.121
24.348
24.578
24.799
24.996
25.158
25.278
25.351
25.377
25.359
25.307
25.237
25.164
25.105
25.074
25.072
25.093
25.121
25.138
25.128
25.084
25.006
24.907
24.798
24.691
24.591
24.503
24.429
24.378
24.367
24.412
24.524
24.704
24.933
25.184
25.424
25.629
25.786
25.896
25.972
26.029
26.077
26.121
26.155
26.171
26.153
26.09
25.97
25.787
25.543
25.25
24.931
24.62
24.361
24.194
24.156
24.267
24.527
24.911
25.375
25.862
26.309
26.664
26.893
26.986
26.96
26.852
26.712
26.585
26.504
26.483
26.517
26.588
26.675
26.763
26.848
26.944
27.071
27.256
27.517
27.854
28.245
28.648
29.009
29.273
29.396
29.348
29.12
28.731
28.232
27.707
27.267
27.021
27.041
27.324
27.784
28.271
28.62
28.695
28.423
27.804
26.909
25.867
24.837
23.982
23.436
23.272
23.487
23.999
24.676
25.364
25.925
26.26
26.332
26.165
25.848
25.511
25.291
25.299
25.576
26.087
26.734
27.385
27.914
28.228
28.277
28.066
27.647
27.104
26.537
26.036
25.666
25.456
25.404
25.492
25.69
25.973
26.313
26.685
27.066
27.44
27.8
28.146
28.485
28.823
29.16
29.482
29.764
29.971
30.063
30.003
29.767
29.346
28.753
28.023
27.21
26.382
25.619
25.003
24.616
24.515
24.722
25.205
25.875
26.609
27.272
27.751
27.976
27.932
27.668
27.279
26.897
26.654
26.648
26.911
27.396
27.99
28.551
28.94
29.058
28.862
28.374
27.677
26.903
26.201
25.705
25.501
25.598
25.943
26.435
26.967
27.443
27.8
28.017
28.112
28.138
28.165
28.256
28.447
28.727
29.044
29.32
29.475
29.449
29.217
28.793
28.228
27.603
27.011
26.546
26.282
26.256
26.458
26.833
27.291
27.726
28.042
28.167
28.066
27.749
27.271
26.723
26.218
25.866
25.75
25.898
26.278
26.802
27.351
27.8
28.042
28.006
27.669
27.062
26.27
25.421
24.663
24.134
23.921
24.036
24.421
24.97
25.567
26.114
26.538
26.803
26.898
26.836
26.648
26.373
26.058
25.747
25.478
25.278
25.158
25.118
25.151
25.243
25.382
25.559
25.767
25.999
26.243
26.482
26.688
26.828
26.865
26.769
26.526
26.148
25.68
25.202
24.823
24.657
24.789
25.243
25.966
26.839
27.713
28.437
28.892
29.01
28.79
28.298
27.669
27.084
26.728
26.733
27.126
27.814
28.627
29.376
29.908
30.133
30.035
29.663
29.11
28.488
27.901
27.426
27.097
26.914
26.856
26.895
27.016
27.214
27.492
27.848
28.267
28.713
29.142
29.509
29.794
30
30.162
30.325
30.526
30.774
31.036
31.242
31.305
31.148
30.731
30.078
29.291
28.539
28.021
27.891
28.18
28.765
29.413
29.866
29.924
29.498
28.624
27.453
26.21
25.13
24.386
24.027
23.977
24.09
24.216
24.253
24.172
24.021
23.912
23.99
24.372
25.088
26.043
27.048
27.887
28.392
28.496
28.264
27.875
27.571
27.557
27.907
28.525
29.187
29.642
29.691
29.247
28.355
27.19
26.038
25.23
25.022
25.471
26.399
27.482
28.383
28.859
28.798
28.225
27.276
26.149
25.043
24.092
23.331
22.705
22.13
21.559
21.02
20.628
20.547
20.91
21.742
22.926
24.239
25.432
26.3
26.732
26.744
26.482
26.188
26.117
26.416
27.046
27.792
28.367
28.521
28.131
27.228
26.006
24.785
23.923
23.679
24.075
24.886
25.761
26.368
26.491
26.071
25.222
24.217
23.433
23.221
23.722
24.784
26.044
27.111
27.691
27.648
27.016
25.982
24.848
23.953
23.556
23.721
24.296
24.999
25.541
25.718
25.448
24.778
23.87
22.971
22.344
22.174
22.486
23.141
23.908
24.563
24.947
24.994
24.72
24.211
23.593
23.003
22.565
22.361
22.413
22.684
23.089
23.51
23.82
23.906
23.685
23.133
22.301
21.334
20.465
19.966
20.041
20.711
21.787
22.956
23.907
24.408
24.345
23.734
22.718
21.549
20.545
19.997
20.054
20.644
21.524
22.401
23.042
23.323
23.25
22.95
22.637
22.544
22.818
23.442
24.24
24.952
25.345
25.276
24.741
23.868
22.902
22.126
21.762
21.86
22.281
22.772
23.085
23.055
22.635
21.896
21.002
20.172
19.603
19.395
19.499
19.751
19.954
19.965
19.749
19.389
19.06
18.956
19.178
19.671
20.237
20.627
20.642
20.197
19.353
18.32
17.422
16.995
17.211
17.976
18.987
19.903
20.471
20.575
20.252
19.69
19.192
19.082
19.559
20.568
21.834
22.992
23.726
23.845
23.307
22.242
20.929
19.76
19.112
19.166
19.804
20.687
21.45
21.828
21.702
21.091
20.131
19.044
18.083
17.47
17.314
17.574
18.092
18.668
19.13
19.363
19.311
18.983
18.438
17.789
17.183
16.775
16.682
16.931
17.446
18.077
18.659
19.063
19.222
19.145
18.904
18.608
18.364
18.238
18.224
18.258
18.251
18.13
17.876
17.535
17.208
17.023
17.076
17.383
17.863
18.374
18.764
18.928
18.833
18.529
18.134
17.788
17.601
17.596
17.701
17.789
17.735
17.458
16.948
16.256
15.472
14.7
14.027
13.511
13.179
13.048
13.133
13.44
13.948
14.594
15.272
15.858
16.233
16.32
16.102
15.647
15.104
14.683
14.583
14.89
15.526
16.298
16.997
17.483
17.711
17.728
17.636
17.534
17.47
17.414
17.288
17.016
16.577
16.029
15.498
15.124
14.993
15.075
15.243
15.332
15.218
14.865
14.349
13.848
13.592
13.754
14.346
15.204
16.077
16.739
17.049
16.984
16.633
16.179
15.836
15.765
15.992
16.406
16.829
17.109
17.167
17.016
16.731
16.412
16.14
15.945
15.807
15.683
15.532
15.34
15.113
14.87
14.62
14.367
14.111
13.871
13.691
13.63
13.739
14.022
14.419
14.819
15.108
15.211
15.124
14.927
14.767
14.792
15.078
15.574
16.131
16.579
16.796
16.758
16.536
16.265
16.079
16.038
16.097
16.136
16.033
15.728
15.257
14.745
14.357
14.211
14.309
14.527
14.687
14.639
14.319
13.778
13.172
12.728
12.647
12.988
13.631
14.35
14.934
15.26
15.322
15.218
15.107
15.127
15.324
15.619
15.868
15.945
15.822
15.594
15.455
15.591
16.064
16.744
17.38
17.718
17.601
17.022
16.134
15.221
14.605
14.48
14.785
15.247
15.553
15.493
15.017
14.235
13.397
12.812
12.71
13.101
13.775
14.451
14.906
15.029
14.817
14.353
13.769
13.206
12.783
12.583
12.659
13.038
13.71
14.598
15.555
16.39
16.925
17.046
16.751
16.165
15.52
15.071
14.956
15.107
15.295
15.288
14.977
14.44
13.917
13.685
13.867
14.32
14.736
14.828
14.476
13.782
13.057
12.703
12.954
13.674
14.455
14.883
14.709
13.914
12.729
11.627
11.184
11.677
12.805
13.989
14.767
14.937
14.571
13.98
13.607
13.774
14.433
15.214
15.71
15.706
15.278
14.78
14.695
15.294
16.391
17.492
18.125
18.049
17.327
16.319
15.564
15.491
16.087
16.917
17.48
17.493
16.971
16.207
15.629
15.557
15.963
16.506
16.793
16.591
15.902
14.946
14.069
13.576
13.538
13.761
13.954
13.921
13.638
13.233
12.904
12.788
12.875
13.026
13.087
12.992
12.806
12.687
12.786
13.13
13.604
14.037
14.321
14.475
14.634
14.946
15.452
16.026
16.451
16.55
16.304
15.9
15.686
15.984
16.851
18.025
19.116
19.815
20.006
19.764
19.3
18.841
18.513
18.29
18.059
17.741
17.372
17.097
17.058
17.27
17.588
17.79
17.712
17.333
16.786
16.286
16.006
15.959
15.995
15.911
15.576
15.004
14.342
13.807
13.559
13.612
13.841
14.079
14.217
14.236
14.178
14.097
14.015
13.916
13.774
13.593
13.423
13.339
13.388
13.545
13.721
13.81
13.755
13.581
13.39
13.31
13.423
13.718
14.113
14.516
14.876
15.182
15.432
15.597
15.631
15.515
15.317
15.218
15.436
16.073
17
17.902
18.451
18.45
17.919
17.109
16.421
16.201
16.501
17.059
17.531
17.736
17.734
17.752
17.984
18.411
18.781
18.793
18.306
17.466
16.705
16.525
17.097
18.073
18.856
18.986
18.342
17.196
16.155
15.863
16.497
17.588
18.451
18.616
17.989
16.844
15.729
15.197
15.414
16.025
16.488
16.435
15.807
14.837
13.945
13.52
13.673
14.182
14.716
15.048
15.118
14.971
14.678
14.271
13.759
13.176
12.648
12.371
12.49
12.966
13.566
14.017
14.16
14.031
13.846
13.887
14.307
14.998
15.675
16.06
16.032
15.66
15.17
14.822
14.759
14.933
15.185
15.396
15.564
15.764
16.042
16.332
16.478
16.355
15.982
15.581
15.483
15.906
16.753
17.677
18.321
18.51
18.314
17.992
17.829
17.942
18.203
18.368
18.285
18.022
17.845
18.044
18.702
19.611
20.432
20.896
20.918
20.592
20.104
19.622
19.224
18.915
18.705
18.653
18.82
19.175
19.559
19.764
19.668
19.333
18.994
18.92
19.208
19.693
20.084
20.199
20.105
20.081
20.406
21.086
21.78
22.016
21.478
20.199
18.646
17.629
17.814
19.107
20.745
21.951
22.322
21.88
20.985
20.149
19.756
19.849
20.174
20.437
20.497
20.375
20.14
19.798
19.281
18.536
17.651
16.891
16.581
16.854
17.502
18.136
18.458
18.42
18.222
18.153
18.36
18.699
18.835
18.461
17.482
16.082
14.697
13.834
13.752
14.27
14.98
15.58
15.992
16.285
16.546
16.784
16.92
16.862
16.574
16.103
15.547
15.005
14.541
14.187
13.968
13.899
13.946
13.999
13.916
13.602
13.107
12.651
12.526
12.87
13.506
14.055
14.176
13.739
12.877
11.959
11.413
11.394
11.62
11.61
11.023
9.829
8.4037
7.5527
8.0195
9.5193
11.163
12.304
12.65
12.187
11.137
9.9196
9.0707
8.9664
9.4937
10.174
10.559
10.414
