7.7696e+05
8.0031e+05
8.1534e+05
8.2273e+05
8.2636e+05
8.3104e+05
8.3908e+05
8.4823e+05
8.5366e+05
8.5253e+05
8.4706e+05
8.4383e+05
8.4956e+05
8.6583e+05
8.8744e+05
9.0641e+05
9.175e+05
9.2165e+05
9.247e+05
9.3225e+05
9.4466e+05
9.5674e+05
9.6256e+05
9.6172e+05
9.6309e+05
9.8174e+05
1.025e+06
1.0806e+06
1.1263e+06
1.1474e+06
1.1416e+06
1.1163e+06
1.0886e+06
1.0811e+06
1.1102e+06
1.1677e+06
1.2226e+06
1.2499e+06
1.247e+06
1.2292e+06
1.218e+06
1.2303e+06
1.2686e+06
1.3196e+06
1.3634e+06
1.3889e+06
1.3998e+06
1.4086e+06
1.4259e+06
1.4519e+06
1.4777e+06
1.4933e+06
1.4969e+06
1.4977e+06
1.5097e+06
1.5416e+06
1.5872e+06
1.63e+06
1.6549e+06
1.6591e+06
1.6532e+06
1.6538e+06
1.674e+06
1.7141e+06
1.7599e+06
1.7923e+06
1.8018e+06
1.7954e+06
1.7899e+06
1.8011e+06
1.8356e+06
1.8866e+06
1.9354e+06
1.9639e+06
1.9691e+06
1.9625e+06
1.9588e+06
1.9673e+06
1.9903e+06
2.0236e+06
2.0573e+06
2.0835e+06
2.1021e+06
2.1193e+06
2.1408e+06
2.1688e+06
2.2006e+06
2.228e+06
2.243e+06
2.2433e+06
2.233e+06
2.2179e+06
2.2062e+06
2.2105e+06
2.2415e+06
2.2978e+06
2.3624e+06
2.4159e+06
2.4484e+06
2.461e+06
2.4621e+06
2.4626e+06
2.4708e+06
2.4866e+06
2.5034e+06
2.513e+06
2.5131e+06
2.5096e+06
2.5128e+06
2.5273e+06
2.5481e+06
2.563e+06
2.5613e+06
2.5411e+06
2.5127e+06
2.4949e+06
2.5035e+06
2.538e+06
2.5787e+06
2.602e+06
2.5958e+06
2.566e+06
2.5318e+06
2.5163e+06
2.5317e+06
2.5704e+06
2.6086e+06
2.6239e+06
2.6106e+06
2.5809e+06
2.5573e+06
2.5585e+06
2.5872e+06
2.6267e+06
2.6523e+06
2.6497e+06
2.6259e+06
2.6021e+06
2.5996e+06
2.6261e+06
2.6711e+06
2.713e+06
2.7349e+06
2.7361e+06
2.7316e+06
2.7398e+06
2.768e+06
2.8063e+06
2.8343e+06
2.8372e+06
2.8179e+06
2.7948e+06
2.7905e+06
2.8186e+06
2.8728e+06
2.9268e+06
2.9521e+06
2.9427e+06
2.9174e+06
2.9039e+06
2.9214e+06
2.973e+06
3.0402e+06
3.0879e+06
3.0914e+06
3.0618e+06
3.0332e+06
3.0366e+06
3.0868e+06
3.1785e+06
3.2774e+06
3.3329e+06
3.3262e+06
3.2898e+06
3.2681e+06
3.2871e+06
3.354e+06
3.46e+06
3.5725e+06
3.6408e+06
3.6385e+06
3.5932e+06
3.5525e+06
3.549e+06
3.5926e+06
3.665e+06
3.7167e+06
3.7033e+06
3.633e+06
3.549e+06
3.4871e+06
3.4667e+06
3.4937e+06
3.5525e+06
3.6007e+06
3.6006e+06
3.5522e+06
3.4787e+06
3.4014e+06
3.3364e+06
3.2991e+06
3.2999e+06
3.3314e+06
3.3684e+06
3.3891e+06
3.3898e+06
3.379e+06
3.3665e+06
3.3551e+06
3.3393e+06
3.3125e+06
3.2733e+06
3.2248e+06
3.1749e+06
3.139e+06
3.1395e+06
3.1917e+06
3.2802e+06
3.3563e+06
3.3806e+06
3.3505e+06
3.287e+06
3.22e+06
3.1809e+06
3.1954e+06
3.2689e+06
3.371e+06
3.4483e+06
3.4665e+06
3.4309e+06
3.3709e+06
3.3181e+06
3.2945e+06
3.3089e+06
3.356e+06
3.4145e+06
3.4558e+06
3.4658e+06
3.4556e+06
3.4481e+06
3.4589e+06
3.4896e+06
3.5296e+06
3.5636e+06
3.581e+06
3.5842e+06
3.5866e+06
3.6025e+06
3.6398e+06
3.6987e+06
3.7726e+06
3.8474e+06
3.9063e+06
3.9412e+06
3.9584e+06
3.9685e+06
3.9745e+06
3.9704e+06
3.9477e+06
3.9032e+06
3.8444e+06
3.789e+06
3.7561e+06
3.7578e+06
3.7907e+06
3.8323e+06
3.848e+06
3.8126e+06
3.7272e+06
3.6142e+06
3.4991e+06
3.4051e+06
3.3553e+06
3.3708e+06
3.4525e+06
3.5602e+06
3.6333e+06
3.6423e+06
3.5988e+06
3.5288e+06
3.4581e+06
3.4109e+06
3.4052e+06
3.4439e+06
3.5071e+06
3.5623e+06
3.5852e+06
3.5728e+06
3.5391e+06
3.5065e+06
3.4935e+06
3.5056e+06
3.5314e+06
3.5492e+06
3.5406e+06
3.5017e+06
3.4443e+06
3.3906e+06
3.3623e+06
3.3709e+06
3.4115e+06
3.4636e+06
3.502e+06
3.5118e+06
3.4981e+06
3.4811e+06
3.4825e+06
3.5134e+06
3.5681e+06
3.6262e+06
3.6629e+06
3.6655e+06
3.6428e+06
3.6198e+06
3.6232e+06
3.6685e+06
3.7525e+06
3.8495e+06
3.9195e+06
3.9345e+06
3.8989e+06
3.8446e+06
3.8083e+06
3.8172e+06
3.8811e+06
3.9803e+06
4.0646e+06
4.0855e+06
4.0371e+06
3.9524e+06
3.8699e+06
3.8152e+06
3.7995e+06
3.8198e+06
3.854e+06
3.8683e+06
3.8423e+06
3.7829e+06
3.7122e+06
3.6511e+06
3.6143e+06
3.6077e+06
3.6232e+06
3.6412e+06
3.6452e+06
3.6361e+06
3.6281e+06
3.6362e+06
3.6655e+06
3.704e+06
3.7257e+06
3.7111e+06
3.6626e+06
3.5981e+06
3.5379e+06
3.5021e+06
3.513e+06
3.5856e+06
3.7033e+06
3.8114e+06
3.8616e+06
3.8538e+06
3.8191e+06
3.7917e+06
3.8034e+06
3.875e+06
3.9966e+06
4.1196e+06
4.1923e+06
4.2011e+06
4.1647e+06
4.1136e+06
4.0854e+06
4.1224e+06
4.2468e+06
4.4198e+06
4.5515e+06
4.5825e+06
4.5203e+06
4.4023e+06
4.2717e+06
4.1755e+06
4.1665e+06
4.2821e+06
4.4927e+06
4.6798e+06
4.7392e+06
4.6718e+06
4.5387e+06
4.4016e+06
4.306e+06
4.2776e+06
4.3153e+06
4.3866e+06
4.4396e+06
4.4353e+06
4.3703e+06
4.271e+06
4.1729e+06
4.1051e+06
4.0827e+06
4.1047e+06
4.1523e+06
4.1952e+06
4.2081e+06
4.1878e+06
4.1505e+06
4.1165e+06
4.0967e+06
4.0903e+06
4.0894e+06
4.0855e+06
4.0751e+06
4.0625e+06
4.0572e+06
4.0676e+06
4.095e+06
4.131e+06
4.1616e+06
4.173e+06
4.1601e+06
4.131e+06
4.1031e+06
4.0946e+06
4.117e+06
4.1738e+06
4.2598e+06
4.3584e+06
4.4408e+06
4.4793e+06
4.4679e+06
4.4239e+06
4.3687e+06
4.3171e+06
4.2805e+06
4.273e+06
4.3105e+06
4.3951e+06
4.5011e+06
4.5859e+06
4.6217e+06
4.6062e+06
4.5515e+06
4.4758e+06
4.406e+06
4.3791e+06
4.4353e+06
4.5923e+06
4.8065e+06
4.9803e+06
5.0418e+06
4.9914e+06
4.8726e+06
4.7361e+06
4.6268e+06
4.5799e+06
4.6138e+06
4.7124e+06
4.8158e+06
4.8528e+06
4.7946e+06
4.6663e+06
4.5153e+06
4.3846e+06
4.3059e+06
4.2994e+06
4.3629e+06
4.4562e+06
4.5151e+06
4.5017e+06
4.4273e+06
4.3268e+06
4.2281e+06
4.1453e+06
4.0833e+06
4.0419e+06
4.0164e+06
3.9991e+06
3.9829e+06
3.9659e+06
3.9518e+06
3.9473e+06
3.9577e+06
3.9823e+06
4.0129e+06
4.0395e+06
4.058e+06
4.0708e+06
4.081e+06
4.0894e+06
4.096e+06
4.1028e+06
4.112e+06
4.1227e+06
4.1318e+06
4.1372e+06
4.139e+06
4.1369e+06
4.1294e+06
4.1163e+06
4.1003e+06
4.0858e+06
4.0762e+06
4.0738e+06
4.0787e+06
4.0888e+06
4.0999e+06
4.1087e+06
4.1153e+06
4.1235e+06
4.1365e+06
4.1556e+06
4.1784e+06
4.2007e+06
4.2157e+06
4.216e+06
4.1973e+06
4.1611e+06
4.1158e+06
4.0742e+06
4.0483e+06
4.0436e+06
4.0554e+06
4.0702e+06
4.0734e+06
4.0553e+06
4.0159e+06
3.9641e+06
3.9143e+06
3.8783e+06
3.8601e+06
3.8537e+06
3.8477e+06
3.8323e+06
3.8046e+06
3.7704e+06
3.7418e+06
3.7303e+06
3.7409e+06
3.768e+06
3.7976e+06
3.8139e+06
3.8067e+06
3.7764e+06
3.7343e+06
3.6979e+06
3.6836e+06
3.7005e+06
3.7459e+06
3.8053e+06
3.8576e+06
3.8844e+06
3.8789e+06
3.8478e+06
3.8057e+06
3.7683e+06
3.7469e+06
3.7464e+06
3.7619e+06
3.7779e+06
3.7748e+06
3.7414e+06
3.683e+06
3.6148e+06
3.5539e+06
3.5162e+06
3.5184e+06
3.5716e+06
3.6665e+06
3.7639e+06
3.82e+06
3.8198e+06
3.7781e+06
3.7155e+06
3.6469e+06
3.5836e+06
3.5385e+06
3.5264e+06
3.5578e+06
3.6278e+06
3.7133e+06
3.7848e+06
3.8249e+06
3.8333e+06
3.8211e+06
3.8024e+06
3.7882e+06
3.7804e+06
3.771e+06
3.7465e+06
3.6966e+06
3.618e+06
3.5156e+06
3.4021e+06
3.2958e+06
3.2169e+06
3.1796e+06
3.1849e+06
3.217e+06
3.2503e+06
3.2618e+06
3.2411e+06
3.1921e+06
3.1288e+06
3.0701e+06
3.0319e+06
3.0222e+06
3.0375e+06
3.0649e+06
3.0876e+06
3.0933e+06
3.079e+06
3.0522e+06
3.0254e+06
3.0112e+06
3.0172e+06
3.0443e+06
3.0859e+06
3.1285e+06
3.1548e+06
3.1521e+06
3.1202e+06
3.0709e+06
3.0195e+06
2.9755e+06
2.9418e+06
2.9175e+06
2.9016e+06
2.8933e+06
2.8899e+06
2.8867e+06
2.8803e+06
2.8709e+06
2.8609e+06
2.8508e+06
2.8405e+06
2.8315e+06
2.8285e+06
2.8386e+06
2.8659e+06
2.9072e+06
2.9514e+06
2.9851e+06
2.9984e+06
2.988e+06
2.9572e+06
2.9156e+06
2.876e+06
2.849e+06
2.8378e+06
2.8352e+06
2.8283e+06
2.8047e+06
2.759e+06
2.6943e+06
2.6222e+06
2.5601e+06
2.5259e+06
2.53e+06
2.5684e+06
2.6207e+06
2.6602e+06
2.6673e+06
2.6378e+06
2.5811e+06
2.5147e+06
2.4582e+06
2.4277e+06
2.4309e+06
2.4643e+06
2.5137e+06
2.5591e+06
2.5836e+06
2.5812e+06
2.5585e+06
2.5317e+06
2.5184e+06
2.5298e+06
2.5647e+06
2.6082e+06
2.639e+06
2.6405e+06
2.6093e+06
2.5545e+06
2.4927e+06
2.4404e+06
2.4095e+06
2.4058e+06
2.4282e+06
2.468e+06
2.5099e+06
2.5369e+06
2.5398e+06
2.5224e+06
2.4973e+06
2.4774e+06
2.4701e+06
2.4772e+06
2.4958e+06
2.5197e+06
2.54e+06
2.5481e+06
2.5405e+06
2.521e+06
2.4981e+06
2.4785e+06
2.4645e+06
2.4551e+06
2.4485e+06
2.4447e+06
2.4457e+06
2.4549e+06
2.4757e+06
2.5095e+06
2.5545e+06
2.6052e+06
2.6526e+06
2.6864e+06
2.6984e+06
2.6857e+06
2.6519e+06
2.6052e+06
2.5544e+06
2.5054e+06
2.4604e+06
2.4186e+06
2.3786e+06
2.3389e+06
2.2996e+06
2.2625e+06
2.231e+06
2.2093e+06
2.2002e+06
2.203e+06
2.2141e+06
2.2277e+06
2.2379e+06
2.2407e+06
2.2359e+06
2.2276e+06
2.2219e+06
2.224e+06
2.2348e+06
2.2507e+06
2.2642e+06
2.2664e+06
2.2497e+06
2.2113e+06
2.1554e+06
2.0917e+06
2.0312e+06
1.9834e+06
1.9556e+06
1.9535e+06
1.9791e+06
2.0253e+06
2.0719e+06
2.095e+06
2.0849e+06
2.0505e+06
2.0076e+06
1.9678e+06
1.9371e+06
1.9201e+06
1.9243e+06
1.9606e+06
2.0363e+06
2.1388e+06
2.2307e+06
2.2781e+06
2.2775e+06
2.2456e+06
2.1991e+06
2.1499e+06
2.1092e+06
2.0884e+06
2.0967e+06
2.1333e+06
2.1838e+06
2.2271e+06
2.2495e+06
2.2499e+06
2.2341e+06
2.2107e+06
2.1897e+06
2.1828e+06
2.201e+06
2.2499e+06
2.322e+06
2.3941e+06
2.4391e+06
2.442e+06
2.4047e+06
2.3398e+06
2.2632e+06
2.1901e+06
2.132e+06
2.0946e+06
2.076e+06
2.0679e+06
2.0593e+06
2.0409e+06
2.0093e+06
1.9673e+06
1.9229e+06
1.8865e+06
1.868e+06
1.8731e+06
1.9001e+06
1.9396e+06
1.977e+06
1.9985e+06
1.9967e+06
1.9726e+06
1.9346e+06
1.8943e+06
1.8628e+06
1.847e+06
1.8477e+06
1.8599e+06
1.874e+06
1.8796e+06
1.8697e+06
1.8432e+06
1.8063e+06
1.769e+06
1.7412e+06
1.7296e+06
1.7364e+06
1.7597e+06
1.7952e+06
1.8372e+06
1.8795e+06
1.9158e+06
1.9405e+06
1.9507e+06
1.9469e+06
1.9323e+06
1.9096e+06
1.8797e+06
1.8429e+06
1.7999e+06
1.7541e+06
1.7111e+06
1.6781e+06
1.6607e+06
1.6615e+06
1.6775e+06
1.702e+06
1.727e+06
1.7464e+06
1.7568e+06
1.7583e+06
1.7541e+06
1.7496e+06
1.7498e+06
1.7575e+06
1.7707e+06
1.7832e+06
1.7871e+06
1.7766e+06
1.7504e+06
1.7117e+06
1.6673e+06
1.6266e+06
1.5985e+06
1.5902e+06
1.6046e+06
1.6389e+06
1.6848e+06
1.7314e+06
1.7694e+06
1.7949e+06
1.8095e+06
1.8183e+06
1.8274e+06
1.8418e+06
1.8638e+06
1.8929e+06
1.925e+06
1.9531e+06
1.969e+06
1.9654e+06
1.9402e+06
1.898e+06
1.8481e+06
1.8006e+06
1.7628e+06
1.7375e+06
1.7244e+06
1.721e+06
1.7236e+06
1.7281e+06
1.7304e+06
1.7283e+06
1.7221e+06
1.7144e+06
1.7084e+06
1.7052e+06
1.7039e+06
1.7025e+06
1.6993e+06
1.6942e+06
1.6888e+06
1.685e+06
1.6838e+06
1.6849e+06
1.687e+06
1.6889e+06
1.6892e+06
1.6862e+06
1.6779e+06
1.6633e+06
1.6431e+06
1.6198e+06
1.5982e+06
1.5831e+06
1.5777e+06
1.582e+06
1.5924e+06
1.603e+06
1.608e+06
1.6036e+06
1.5888e+06
1.566e+06
1.5398e+06
1.5161e+06
1.5003e+06
1.4956e+06
1.5025e+06
1.5182e+06
1.5378e+06
1.5556e+06
1.5664e+06
1.5676e+06
1.5594e+06
1.5448e+06
1.5284e+06
1.5141e+06
1.5047e+06
1.5011e+06
1.5028e+06
1.5089e+06
1.5181e+06
1.5291e+06
1.5402e+06
1.55e+06
1.5579e+06
1.5649e+06
1.5724e+06
1.5816e+06
1.5924e+06
1.604e+06
1.6159e+06
1.6278e+06
1.6395e+06
1.6501e+06
1.658e+06
1.6615e+06
1.6598e+06
1.6535e+06
1.6439e+06
1.6324e+06
1.6208e+06
1.611e+06
1.6057e+06
1.6074e+06
1.6177e+06
1.6361e+06
1.66e+06
1.6853e+06
1.7079e+06
1.7242e+06
1.7321e+06
1.7307e+06
1.7214e+06
1.7073e+06
1.6928e+06
1.6815e+06
1.6754e+06
1.673e+06
1.6707e+06
1.6646e+06
1.6531e+06
1.6361e+06
1.6154e+06
1.593e+06
1.5717e+06
1.5543e+06
1.5437e+06
1.5418e+06
1.5488e+06
1.5635e+06
1.5826e+06
1.6021e+06
1.6181e+06
1.6278e+06
1.6296e+06
1.6245e+06
1.6138e+06
1.6001e+06
1.5856e+06
1.5719e+06
1.559e+06
1.5468e+06
1.5353e+06
1.5255e+06
1.5197e+06
1.5201e+06
1.5271e+06
1.5388e+06
1.5517e+06
1.5632e+06
1.5727e+06
1.5805e+06
1.587e+06
1.5921e+06
1.5957e+06
1.598e+06
1.6005e+06
1.606e+06
1.618e+06
1.6389e+06
1.6689e+06
1.7041e+06
1.7383e+06
1.7645e+06
1.7778e+06
1.7769e+06
1.7637e+06
1.7428e+06
1.7202e+06
1.7014e+06
1.6907e+06
1.6889e+06
1.6943e+06
1.7027e+06
1.7091e+06
1.7095e+06
1.7021e+06
1.688e+06
1.6704e+06
1.6533e+06
1.639e+06
1.6286e+06
1.6209e+06
1.6137e+06
1.6047e+06
1.5925e+06
1.5758e+06
1.5545e+06
1.5295e+06
1.5029e+06
1.478e+06
1.4583e+06
1.4474e+06
1.4473e+06
1.4574e+06
1.4746e+06
1.4939e+06
1.5101e+06
1.5189e+06
1.5183e+06
1.509e+06
1.4937e+06
1.477e+06
1.4635e+06
1.4573e+06
1.4601e+06
1.471e+06
1.4866e+06
1.5019e+06
1.5122e+06
1.5144e+06
1.5078e+06
1.4936e+06
1.474e+06
1.452e+06
1.4307e+06
1.4127e+06
1.3996e+06
1.3917e+06
1.3885e+06
1.3891e+06
1.393e+06
1.4004e+06
1.4118e+06
1.4268e+06
1.444e+06
1.46e+06
1.471e+06
1.4751e+06
1.4718e+06
1.463e+06
1.4501e+06
1.4345e+06
1.4177e+06
1.4021e+06
1.3906e+06
1.387e+06
1.3945e+06
1.4146e+06
1.446e+06
1.4843e+06
1.5218e+06
1.5508e+06
1.5653e+06
1.5629e+06
1.5445e+06
1.5133e+06
1.4736e+06
1.4304e+06
1.3886e+06
1.3522e+06
1.3239e+06
1.3047e+06
1.2941e+06
1.2904e+06
1.2919e+06
1.2976e+06
1.3067e+06
1.3185e+06
1.3319e+06
1.3454e+06
1.3575e+06
1.3669e+06
1.3732e+06
1.3761e+06
1.3751e+06
1.3698e+06
1.36e+06
1.3465e+06
1.3309e+06
1.3154e+06
1.3016e+06
1.2907e+06
1.2834e+06
1.2798e+06
1.2803e+06
1.2847e+06
1.292e+06
1.3004e+06
1.3084e+06
1.3154e+06
1.3222e+06
1.3307e+06
1.3426e+06
1.3581e+06
1.3754e+06
1.3912e+06
1.4023e+06
1.407e+06
1.405e+06
1.3968e+06
1.3837e+06
1.3675e+06
1.3503e+06
1.3348e+06
1.3235e+06
1.3184e+06
1.3208e+06
1.3305e+06
1.3461e+06
1.365e+06
1.3845e+06
1.4022e+06
1.4163e+06
1.4261e+06
1.4319e+06
1.4346e+06
1.4363e+06
1.4387e+06
1.4437e+06
1.4518e+06
1.4625e+06
1.4741e+06
1.4847e+06
1.4935e+06
1.5008e+06
1.5079e+06
1.516e+06
1.5246e+06
1.5312e+06
1.5334e+06
1.5299e+06
1.522e+06
1.5123e+06
1.5035e+06
1.4974e+06
1.4942e+06
1.4936e+06
1.4949e+06
1.4979e+06
1.5038e+06
1.5139e+06
1.5289e+06
1.5472e+06
1.5648e+06
1.5768e+06
1.5796e+06
1.5722e+06
1.5556e+06
1.5318e+06
1.5035e+06
1.4735e+06
1.4452e+06
1.4221e+06
1.4078e+06
1.4054e+06
1.4169e+06
1.4426e+06
1.4803e+06
1.5255e+06
1.5722e+06
1.6148e+06
1.6494e+06
1.6743e+06
1.6895e+06
1.6965e+06
1.6973e+06
1.6941e+06
1.6887e+06
1.6824e+06
1.6758e+06
1.6688e+06
1.661e+06
1.652e+06
1.6417e+06
1.6304e+06
1.6189e+06
1.608e+06
1.5986e+06
1.5917e+06
1.5881e+06
1.5877e+06
1.5896e+06
1.592e+06
1.5921e+06
1.5874e+06
1.5766e+06
1.5599e+06
1.5394e+06
1.5182e+06
1.4995e+06
1.4857e+06
1.4782e+06
1.4777e+06
1.4839e+06
1.4959e+06
1.5114e+06
1.5272e+06
1.5396e+06
1.5457e+06
1.5444e+06
1.5372e+06
1.5277e+06
1.5208e+06
1.5212e+06
1.5322e+06
1.5546e+06
1.5868e+06
1.6255e+06
1.6663e+06
1.7042e+06
1.7345e+06
1.753e+06
1.7574e+06
1.7478e+06
1.727e+06
1.6993e+06
1.6697e+06
1.6429e+06
1.6228e+06
1.6119e+06
1.6115e+06
1.6212e+06
1.6388e+06
1.6606e+06
1.6823e+06
1.6994e+06
1.7088e+06
1.7091e+06
1.7005e+06
1.6847e+06
1.6644e+06
1.6428e+06
1.6234e+06
1.6092e+06
1.602e+06
1.6024e+06
1.6091e+06
1.6202e+06
1.6336e+06
1.6477e+06
1.662e+06
1.6773e+06
1.695e+06
1.716e+06
1.7392e+06
1.7618e+06
1.7801e+06
1.7918e+06
1.7956e+06
1.7912e+06
1.7788e+06
1.7586e+06
1.7314e+06
1.6992e+06
1.6654e+06
1.6346e+06
1.6121e+06
1.6029e+06
1.6101e+06
1.6343e+06
1.6732e+06
1.7223e+06
1.776e+06
1.8283e+06
1.8728e+06
1.904e+06
1.9176e+06
1.9127e+06
1.8919e+06
1.8611e+06
1.8273e+06
1.7972e+06
1.7755e+06
1.7648e+06
1.7654e+06
1.7764e+06
1.7958e+06
1.8213e+06
1.8499e+06
1.8777e+06
1.9005e+06
1.9145e+06
1.9172e+06
1.9086e+06
1.8912e+06
1.8695e+06
1.8483e+06
1.8318e+06
1.8232e+06
1.8241e+06
1.8354e+06
1.8567e+06
1.8859e+06
1.9187e+06
1.9493e+06
1.9715e+06
1.9809e+06
1.9768e+06
1.9619e+06
1.9417e+06
1.9224e+06
1.9089e+06
1.9044e+06
1.9104e+06
1.9274e+06
1.9549e+06
1.9918e+06
2.0349e+06
2.0781e+06
2.1138e+06
2.1347e+06
2.1379e+06
2.1257e+06
2.1039e+06
2.0794e+06
2.0578e+06
2.0427e+06
2.0353e+06
2.0359e+06
2.0444e+06
2.0605e+06
2.0827e+06
2.1067e+06
2.124e+06
2.1243e+06
2.1011e+06
2.0563e+06
1.9996e+06
1.9429e+06
1.8953e+06
1.8617e+06
1.8431e+06
1.8384e+06
1.8461e+06
1.8649e+06
1.894e+06
1.9316e+06
1.9734e+06
2.0119e+06
2.038e+06
2.0463e+06
2.0372e+06
2.0165e+06
1.9914e+06
1.9676e+06
1.9482e+06
1.9339e+06
1.9248e+06
1.9207e+06
1.9216e+06
1.9268e+06
1.9348e+06
1.9428e+06
1.9474e+06
1.9465e+06
1.9398e+06
1.9292e+06
1.9168e+06
1.9047e+06
1.8939e+06
1.8841e+06
1.8747e+06
1.8655e+06
1.8563e+06
1.848e+06
1.842e+06
1.8398e+06
1.8431e+06
1.8532e+06
1.8707e+06
1.8958e+06
1.9274e+06
1.9633e+06
2.0004e+06
2.0347e+06
2.0627e+06
2.0822e+06
2.0929e+06
2.0965e+06
2.0951e+06
2.0911e+06
2.0864e+06
2.0823e+06
2.0798e+06
2.0796e+06
2.0818e+06
2.0856e+06
2.0893e+06
2.0902e+06
2.0864e+06
2.0773e+06
2.0641e+06
2.0494e+06
2.0364e+06
2.0278e+06
2.0259e+06
2.0318e+06
2.0457e+06
2.0667e+06
2.0929e+06
2.1222e+06
2.1525e+06
2.1822e+06
2.2098e+06
2.2338e+06
2.2527e+06
2.265e+06
2.2689e+06
2.2636e+06
2.2489e+06
2.2263e+06
2.1985e+06
2.1696e+06
2.1439e+06
2.1253e+06
2.1163e+06
2.1177e+06
2.1288e+06
2.1473e+06
2.1698e+06
2.1926e+06
2.2115e+06
2.2232e+06
2.2256e+06
2.219e+06
2.2057e+06
2.1896e+06
2.1756e+06
2.1679e+06
2.1693e+06
2.1808e+06
2.2009e+06
2.226e+06
2.251e+06
2.2706e+06
2.2808e+06
2.2801e+06
2.2697e+06
2.2528e+06
2.2338e+06
2.2164e+06
2.2036e+06
2.1965e+06
2.1945e+06
2.1952e+06
2.1954e+06
2.1927e+06
2.1865e+06
2.179e+06
2.1742e+06
2.1763e+06
2.1887e+06
2.2124e+06
2.2462e+06
2.2858e+06
2.3248e+06
2.356e+06
2.3728e+06
2.3714e+06
2.3522e+06
2.3192e+06
2.2791e+06
2.2397e+06
2.2089e+06
2.1941e+06
2.2014e+06
2.2337e+06
2.2886e+06
2.3556e+06
2.4181e+06
2.4594e+06
2.4702e+06
2.4509e+06
2.4089e+06
2.3544e+06
2.2976e+06
2.2477e+06
2.2127e+06
2.1991e+06
2.2097e+06
2.2415e+06
2.2846e+06
2.3257e+06
2.3537e+06
2.3642e+06
2.3589e+06
2.342e+06
2.3186e+06
2.2941e+06
2.2743e+06
2.2648e+06
2.2696e+06
2.2885e+06
2.3155e+06
2.3402e+06
2.3535e+06
2.3525e+06
2.341e+06
2.3253e+06
2.3112e+06
2.3025e+06
2.3014e+06
2.3086e+06
2.3236e+06
2.3442e+06
2.3663e+06
2.3854e+06
2.3979e+06
2.4025e+06
2.3994e+06
2.3908e+06
2.3791e+06
2.3676e+06
2.359e+06
2.356e+06
2.3604e+06
2.3728e+06
2.3925e+06
2.418e+06
2.4469e+06
2.4759e+06
2.5012e+06
2.5184e+06
2.5236e+06
2.5142e+06
2.4901e+06
2.454e+06
2.4112e+06
2.368e+06
2.3306e+06
2.3042e+06
2.2934e+06
2.3013e+06
2.3296e+06
2.3756e+06
2.4303e+06
2.4785e+06
2.5046e+06
2.4992e+06
2.4634e+06
2.4055e+06
2.3368e+06
2.2677e+06
2.2073e+06
2.1635e+06
2.1422e+06
2.1462e+06
2.1727e+06
2.2121e+06
2.2518e+06
2.2805e+06
2.2933e+06
2.2909e+06
2.2768e+06
2.256e+06
2.2335e+06
2.2148e+06
2.2056e+06
2.2103e+06
2.2304e+06
2.2633e+06
2.3023e+06
2.3404e+06
2.3732e+06
2.4001e+06
2.4225e+06
2.4422e+06
2.4607e+06
2.4788e+06
2.4964e+06
2.513e+06
2.5271e+06
2.537e+06
2.5412e+06
2.5394e+06
2.5325e+06
2.5219e+06
2.5095e+06
2.4975e+06
2.4878e+06
2.4827e+06
2.4839e+06
2.4928e+06
2.5096e+06
2.534e+06
2.5648e+06
2.5995e+06
2.6336e+06
2.6615e+06
2.6771e+06
2.676e+06
2.6564e+06
2.6193e+06
2.5685e+06
2.5097e+06
2.4497e+06
2.3969e+06
2.3594e+06
2.3431e+06
2.3498e+06
2.3752e+06
2.4106e+06
2.4457e+06
2.4724e+06
2.4851e+06
2.4816e+06
2.4615e+06
2.427e+06
2.3831e+06
2.3375e+06
2.2995e+06
2.2776e+06
2.2764e+06
2.2933e+06
2.3189e+06
2.3408e+06
2.3483e+06
2.3369e+06
2.3081e+06
2.267e+06
2.221e+06
2.1772e+06
2.1417e+06
2.1189e+06
2.111e+06
2.1175e+06
2.1351e+06
2.158e+06
2.1786e+06
2.1894e+06
2.1854e+06
2.1666e+06
2.1381e+06
2.1084e+06
2.0864e+06
2.0787e+06
2.0876e+06
2.1116e+06
2.145e+06
2.1798e+06
2.2077e+06
2.2226e+06
2.2236e+06
2.2141e+06
2.2015e+06
2.1947e+06
2.2023e+06
2.23e+06
2.2773e+06
2.3334e+06
2.3775e+06
2.3873e+06
2.353e+06
2.2825e+06
2.1944e+06
2.107e+06
2.034e+06
1.984e+06
1.9636e+06
1.9773e+06
2.026e+06
2.1018e+06
2.1847e+06
2.25e+06
2.2831e+06
2.2867e+06
2.2732e+06
2.255e+06
2.2401e+06
2.2319e+06
2.2301e+06
2.2317e+06
2.2317e+06
2.2254e+06
2.2114e+06
2.1941e+06
2.1812e+06
2.1813e+06
2.1998e+06
2.2372e+06
2.287e+06
2.3358e+06
2.3671e+06
2.3694e+06
2.3426e+06
2.2972e+06
2.2482e+06
2.2085e+06
2.1867e+06
2.1854e+06
2.2e+06
2.2177e+06
2.2215e+06
2.199e+06
2.1496e+06
2.0841e+06
2.0171e+06
1.9618e+06
1.9292e+06
1.9294e+06
1.9699e+06
2.0497e+06
2.1476e+06
2.2235e+06
2.2434e+06
2.2053e+06
2.1331e+06
2.0539e+06
1.9877e+06
1.9484e+06
1.9458e+06
1.9837e+06
2.0528e+06
2.1268e+06
2.1727e+06
2.1735e+06
2.1387e+06
2.0908e+06
2.0516e+06
2.0375e+06
2.0621e+06
2.1335e+06
2.2457e+06
2.3685e+06
2.4554e+06
2.4755e+06
2.4338e+06
2.3571e+06
2.273e+06
2.203e+06
2.1626e+06
2.1605e+06
2.1925e+06
2.2365e+06
2.2605e+06
2.2444e+06
2.1921e+06
2.1214e+06
2.0502e+06
1.9927e+06
1.9622e+06
1.9726e+06
2.0354e+06
2.1462e+06
2.2725e+06
2.3688e+06
2.4115e+06
2.4074e+06
2.3753e+06
2.3304e+06
2.2831e+06
2.2396e+06
2.2024e+06
2.1698e+06
2.1361e+06
2.096e+06
2.0499e+06
2.0049e+06
1.9711e+06
1.9591e+06
1.9771e+06
2.0278e+06
2.1008e+06
2.1714e+06
2.2121e+06
2.2119e+06
2.1786e+06
2.1277e+06
2.0736e+06
2.0288e+06
2.0052e+06
2.0122e+06
2.0514e+06
2.1091e+06
2.1573e+06
2.1693e+06
2.1366e+06
2.0689e+06
1.984e+06
1.8999e+06
1.8323e+06
1.7948e+06
1.7965e+06
1.836e+06
1.8961e+06
1.9491e+06
1.9739e+06
1.9658e+06
1.933e+06
1.8888e+06
1.8482e+06
1.8274e+06
1.8427e+06
1.9032e+06
1.9985e+06
2.0941e+06
2.1497e+06
2.1455e+06
2.088e+06
1.9973e+06
1.8949e+06
1.7995e+06
1.7269e+06
1.6894e+06
1.6928e+06
1.7302e+06
1.781e+06
1.8215e+06
1.8374e+06
1.828e+06
1.8018e+06
1.7707e+06
1.7482e+06
1.749e+06
1.786e+06
1.8623e+06
1.9611e+06
2.0489e+06
2.0962e+06
2.0941e+06
2.0529e+06
1.9898e+06
1.9205e+06
1.857e+06
1.8081e+06
1.7792e+06
1.7706e+06
1.7768e+06
1.7888e+06
1.7988e+06
1.8027e+06
1.8005e+06
1.7935e+06
1.7825e+06
1.7677e+06
1.7486e+06
1.7261e+06
1.7035e+06
1.6872e+06
1.6856e+06
1.7063e+06
1.7517e+06
1.8133e+06
1.8713e+06
1.9021e+06
1.8921e+06
1.8433e+06
1.7702e+06
1.6906e+06
1.6212e+06
1.5762e+06
1.5667e+06
1.5972e+06
1.6595e+06
1.7309e+06
1.7849e+06
1.8068e+06
1.8003e+06
1.7801e+06
1.7643e+06
1.7701e+06
1.8114e+06
1.8917e+06
1.9948e+06
2.085e+06
2.1263e+06
2.1071e+06
2.0417e+06
1.954e+06
1.8669e+06
1.8006e+06
1.7743e+06
1.8012e+06
1.8732e+06
1.951e+06
1.9855e+06
1.9594e+06
1.8922e+06
1.8129e+06
1.743e+06
1.697e+06
1.6848e+06
1.7102e+06
1.7648e+06
1.8245e+06
1.8605e+06
1.8592e+06
1.8294e+06
1.7927e+06
1.772e+06
1.7839e+06
1.8304e+06
1.89e+06
1.9261e+06
1.9135e+06
1.8548e+06
1.7698e+06
1.6795e+06
1.6027e+06
1.5582e+06
1.5642e+06
1.6284e+06
1.7267e+06
1.8042e+06
1.8229e+06
1.7917e+06
1.74e+06
1.6915e+06
1.6616e+06
1.6614e+06
1.6977e+06
1.7671e+06
1.8497e+06
1.9137e+06
1.9363e+06
1.917e+06
1.8695e+06
1.8099e+06
1.7522e+06
1.7082e+06
1.6887e+06
1.7033e+06
1.7547e+06
1.8288e+06
1.8947e+06
1.9238e+06
1.9086e+06
1.8606e+06
1.7967e+06
1.7309e+06
1.6735e+06
1.6344e+06
1.6247e+06
1.655e+06
1.7283e+06
1.8304e+06
1.9296e+06
1.9923e+06
2.0034e+06
1.9704e+06
1.912e+06
1.8482e+06
1.7966e+06
1.7714e+06
1.7801e+06
1.8179e+06
1.8655e+06
1.8975e+06
1.8975e+06
1.8661e+06
1.8159e+06
1.762e+06
1.7161e+06
1.6837e+06
1.664e+06
1.6501e+06
1.6329e+06
1.6061e+06
1.5684e+06
1.5238e+06
1.4789e+06
1.4406e+06
1.4144e+06
1.4029e+06
1.4057e+06
1.4197e+06
1.441e+06
1.4662e+06
1.4927e+06
1.5186e+06
1.5423e+06
1.5619e+06
1.5759e+06
1.5836e+06
1.5861e+06
1.5869e+06
1.5909e+06
1.6022e+06
1.6216e+06
1.645e+06
1.6632e+06
1.6655e+06
1.6446e+06
1.601e+06
1.5438e+06
1.488e+06
1.4496e+06
1.4408e+06
1.4643e+06
1.5105e+06
1.5619e+06
1.6029e+06
1.6276e+06
1.639e+06
1.6435e+06
1.6464e+06
1.6503e+06
1.6548e+06
1.658e+06
1.6575e+06
1.6524e+06
1.6457e+06
1.6446e+06
1.6582e+06
1.691e+06
1.736e+06
1.7777e+06
1.8018e+06
1.8034e+06
1.7858e+06
1.7558e+06
1.721e+06
1.6866e+06
1.6543e+06
1.6218e+06
1.5856e+06
1.5454e+06
1.505e+06
1.4716e+06
1.4545e+06
1.462e+06
1.4961e+06
1.546e+06
1.5882e+06
1.6026e+06
1.5882e+06
1.5616e+06
1.5447e+06
1.5569e+06
1.6091e+06
1.6941e+06
1.7786e+06
1.8214e+06
1.8081e+06
1.7566e+06
1.6937e+06
1.6409e+06
1.6134e+06
1.6199e+06
1.6567e+06
1.7009e+06
1.7211e+06
1.7021e+06
1.6539e+06
1.5977e+06
1.5521e+06
1.5306e+06
1.5377e+06
1.5644e+06
1.5865e+06
1.5804e+06
1.544e+06
1.4946e+06
1.4521e+06
1.4296e+06
1.4316e+06
1.4519e+06
1.4729e+06
1.4744e+06
1.4502e+06
1.4152e+06
1.3937e+06
1.4061e+06
1.4603e+06
1.5447e+06
1.6261e+06
1.6653e+06
1.6464e+06
1.5859e+06
1.5165e+06
1.4723e+06
1.484e+06
1.5721e+06
1.7259e+06
1.8823e+06
1.9565e+06
1.9221e+06
1.8222e+06
1.7111e+06
1.6256e+06
1.5851e+06
1.5942e+06
1.6359e+06
1.6703e+06
1.6578e+06
1.5922e+06
1.5026e+06
1.425e+06
1.3863e+06
1.3965e+06
1.4435e+06
1.4926e+06
1.5055e+06
1.4698e+06
1.4037e+06
1.3377e+06
1.301e+06
1.3163e+06
1.393e+06
1.5121e+06
1.6222e+06
1.6731e+06
1.6582e+06
1.6087e+06
1.5625e+06
1.5466e+06
1.5718e+06
1.627e+06
1.6801e+06
1.6977e+06
1.6711e+06
1.6189e+06
1.5719e+06
1.5609e+06
1.606e+06
1.6963e+06
1.7786e+06
1.7955e+06
1.7387e+06
1.6394e+06
1.5331e+06
1.4463e+06
1.3995e+06
1.408e+06
1.4707e+06
1.5543e+06
1.607e+06
1.6024e+06
1.5535e+06
1.4881e+06
1.4298e+06
1.3944e+06
1.3915e+06
1.4207e+06
1.4682e+06
1.5119e+06
1.537e+06
1.5418e+06
1.532e+06
1.5121e+06
1.4836e+06
1.4469e+06
1.4037e+06
1.3598e+06
1.3259e+06
1.319e+06
1.3608e+06
1.4659e+06
1.6154e+06
1.7483e+06
1.8065e+06
1.7823e+06
1.7069e+06
1.6148e+06
1.5312e+06
1.4745e+06
1.4602e+06
1.4939e+06
1.5592e+06
1.6178e+06
1.6325e+06
1.5926e+06
1.5155e+06
1.4317e+06
1.373e+06
1.3622e+06
1.4001e+06
1.459e+06
1.4977e+06
1.4899e+06
1.4392e+06
1.3712e+06
1.3189e+06
1.3098e+06
1.3529e+06
1.4292e+06
1.4975e+06
1.5184e+06
1.479e+06
1.3957e+06
1.3037e+06
1.2461e+06
1.2613e+06
1.3516e+06
1.4626e+06
1.5248e+06
1.5145e+06
1.4544e+06
1.3811e+06
1.3303e+06
1.3317e+06
1.3952e+06
1.4919e+06
1.5637e+06
1.5716e+06
1.5233e+06
1.4558e+06
1.413e+06
1.4384e+06
1.5553e+06
1.7265e+06
1.8512e+06
1.8607e+06
1.7814e+06
1.6776e+06
1.6043e+06
1.6041e+06
1.697e+06
1.84e+06
1.9229e+06
1.8837e+06
1.767e+06
1.6414e+06
1.5541e+06
1.5358e+06
1.5946e+06
1.6862e+06
1.7233e+06
1.6678e+06
1.5581e+06
1.4449e+06
1.3629e+06
1.3371e+06
1.383e+06
1.4825e+06
1.5613e+06
1.5534e+06
1.4785e+06
1.3953e+06
1.3477e+06
1.3645e+06
1.4572e+06
1.5899e+06
1.664e+06
1.6233e+06
1.5227e+06
1.4334e+06
1.3935e+06
1.4182e+06
1.5009e+06
1.5992e+06
1.6456e+06
1.6131e+06
1.5405e+06
1.4786e+06
1.4555e+06
1.4737e+06
1.5113e+06
1.5294e+06
1.4987e+06
1.4266e+06
1.3518e+06
1.32e+06
1.3679e+06
1.5044e+06
1.6818e+06
1.8036e+06
1.8088e+06
1.7286e+06
1.6289e+06
1.5569e+06
1.5341e+06
1.5579e+06
1.5984e+06
1.6102e+06
1.5745e+06
1.5185e+06
1.4865e+06
1.5082e+06
1.5801e+06
1.6552e+06
1.6688e+06
1.5999e+06
1.4842e+06
1.3713e+06
1.2996e+06
1.2947e+06
1.3645e+06
1.4742e+06
1.5467e+06
1.5314e+06
1.4526e+06
1.3617e+06
1.2974e+06
1.2831e+06
1.328e+06
1.4085e+06
1.4655e+06
1.4602e+06
1.4114e+06
1.3557e+06
1.3148e+06
1.2943e+06
1.2894e+06
1.2903e+06
1.2883e+06
1.2835e+06
1.2842e+06
1.2986e+06
1.326e+06
1.3533e+06
1.3617e+06
1.3413e+06
1.3004e+06
1.2582e+06
1.2333e+06
1.2384e+06
1.2789e+06
1.3485e+06
1.4249e+06
1.4776e+06
1.4894e+06
1.4644e+06
1.4156e+06
1.3555e+06
1.2969e+06
1.2594e+06
1.2677e+06
1.3374e+06
1.4541e+06
1.566e+06
1.6129e+06
1.5726e+06
1.4708e+06
1.3516e+06
1.2553e+06
1.2134e+06
1.2427e+06
1.3281e+06
1.4123e+06
1.4347e+06
1.3896e+06
1.318e+06
1.2616e+06
1.2422e+06
1.2575e+06
1.2825e+06
1.2837e+06
1.2467e+06
1.1914e+06
1.1565e+06
1.1737e+06
1.2462e+06
1.334e+06
1.3739e+06
1.3369e+06
1.2513e+06
1.1674e+06
1.1298e+06
1.17e+06
1.2905e+06
1.431e+06
1.4858e+06
1.4218e+06
1.305e+06
1.2046e+06
1.1576e+06
1.1752e+06
1.2367e+06
1.2811e+06
1.2542e+06
1.1695e+06
1.0791e+06
1.0239e+06
1.0258e+06
1.0879e+06
1.1802e+06
1.2381e+06
1.2212e+06
1.1552e+06
1.0858e+06
1.0382e+06
1.0154e+06
1.0065e+06
9.967e+05
9.7921e+05
9.6209e+05
9.6135e+05
9.8666e+05
1.0316e+06
1.0731e+06
1.0853e+06
1.0617e+06
1.0217e+06
9.9506e+05
1.0036e+06
1.0489e+06
1.109e+06
1.1489e+06
1.1476e+06
1.1146e+06
1.0776e+06
1.0635e+06
1.085e+06
1.132e+06
1.172e+06
1.1744e+06
1.1403e+06
1.0963e+06
1.0686e+06
1.0678e+06
1.0846e+06
1.0948e+06
1.0788e+06
1.0403e+06
1.0025e+06
9.8996e+05
1.0143e+06
1.0659e+06
1.1145e+06
1.1303e+06
1.1107e+06
1.0787e+06
1.0603e+06
1.0683e+06
1.0974e+06
1.1271e+06
1.1364e+06
1.1219e+06
1.1026e+06
1.1042e+06
1.14e+06
1.1988e+06
1.2471e+06
1.2543e+06
1.2187e+06
1.1643e+06
1.1171e+06
1.091e+06
1.0854e+06
1.0892e+06
1.0908e+06
1.0878e+06
1.0893e+06
1.1054e+06
1.1337e+06
1.1562e+06
1.1513e+06
1.1135e+06
1.0592e+06
1.0157e+06
1.0052e+06
1.0316e+06
1.0751e+06
1.1025e+06
1.0936e+06
1.0573e+06
1.0199e+06
1.0043e+06
1.0146e+06
1.0331e+06
1.0325e+06
9.9865e+05
9.42e+05
8.9173e+05
8.8464e+05
9.498e+05
1.0741e+06
1.1795e+06
1.1915e+06
1.1229e+06
1.0311e+06
9.5722e+05
9.189e+05
9.1707e+05
9.3793e+05
9.5653e+05
9.5211e+05
9.2357e+05
8.8482e+05
8.4841e+05
8.1789e+05
7.9144e+05
7.6887e+05
7.56e+05
7.6346e+05
7.9799e+05
8.4966e+05
8.9061e+05
8.988e+05
8.7805e+05
8.4877e+05
8.3049e+05
8.3096e+05
8.4109e+05
8.4081e+05
8.166e+05
7.7188e+05
7.2107e+05
6.8053e+05
6.6394e+05
6.7878e+05
7.1957e+05
7.6517e+05
7.954e+05
8.0986e+05
8.2132e+05
8.3668e+05
8.4764e+05
8.4009e+05
8.1235e+05
7.7694e+05
7.4896e+05
7.3782e+05
7.4409e+05
7.5912e+05
7.7033e+05
7.7106e+05
7.6514e+05
7.6029e+05
7.5806e+05
7.5095e+05
7.3051e+05
6.9806e+05
6.6648e+05
6.5409e+05
6.7515e+05
7.2221e+05
7.5391e+05
7.3532e+05
6.8083e+05
6.2177e+05
5.8047e+05
5.7325e+05
6.084e+05
6.6607e+05
6.8946e+05
6.5088e+05
5.8151e+05
5.1497e+05
4.7133e+05
4.6706e+05
5.0278e+05
5.3475e+05
5.306e+05
5.0487e+05
4.7489e+05
4.4777e+05
4.2451e+05
4.0488e+05
3.9391e+05
4.0103e+05
4.2635e+05
4.5323e+05
4.5892e+05
4.3278e+05
