65.11
67.941
70.051
71.213
71.725
72.068
72.481
72.782
72.585
71.742
70.629
70.038
70.636
72.38
74.477
75.959
76.345
75.94
75.613
76.123
77.437
78.702
78.949
77.962
76.742
77.168
80.648
86.717
93.19
97.577
98.295
95.267
90.075
85.58
84.551
87.651
92.953
97.707
100.12
99.989
98.454
97.278
97.751
99.91
102.76
105.17
106.63
107.34
107.84
108.4
108.85
108.76
108.02
107.15
107.23
109.12
112.75
116.98
120.28
121.59
120.86
119.1
117.91
118.51
120.93
124.04
126.36
126.98
126.06
124.75
124.5
126.18
129.42
132.9
135.17
135.43
133.9
131.69
130.28
130.64
132.72
135.51
137.83
138.99
139.19
139.3
140.27
142.38
144.97
146.75
146.55
143.98
139.8
135.73
133.71
134.83
138.6
143.35
147.31
149.48
149.85
149.16
148.29
147.71
147.27
146.56
145.39
144.11
143.45
143.93
145.38
146.83
147.15
145.75
143.05
140.4
139.4
140.81
144.01
147.36
149.27
149.11
147.47
145.76
145.39
146.77
149.02
150.62
150.37
148.06
144.55
141.29
139.48
139.34
140.03
140.41
139.76
138.22
136.58
135.7
135.81
136.43
136.7
136.05
134.63
133.2
132.62
133.15
134.2
134.63
133.51
130.69
126.99
123.88
122.61
123.37
125.08
126.09
125.14
122.01
117.61
113.62
111.58
111.88
113.48
114.71
114.26
111.89
108.54
105.89
105.44
107.47
110.83
113.77
114.9
113.79
111.03
107.87
105.6
104.79
105.07
105.47
105.26
104.41
103.63
103.85
105.56
108.29
110.91
112.31
112.12
110.9
110
110.77
113.65
117.75
121.38
122.95
121.71
118.01
113.15
108.86
106.48
106.21
107.23
108.55
109.72
111.11
113.39
116.78
120.6
123.43
123.91
121.39
116.44
110.9
107.27
107.41
111.09
116.17
120.05
120.97
118.61
114.08
109.56
107.31
108.37
111.89
115.84
118.22
117.95
115.03
110.39
105.5
101.75
99.836
99.54
100.02
100.41
100.22
99.462
98.438
97.493
96.771
96.131
95.252
93.823
91.732
89.141
86.465
84.225
82.847
82.471
82.898
83.694
84.386
84.626
84.271
83.384
82.171
80.913
79.905
79.411
79.64
80.699
82.521
84.809
87.056
88.645
89.033
87.95
85.575
82.624
80.247
79.62
81.293
84.795
88.888
92.225
93.888
93.643
91.948
89.76
88.123
87.668
88.3
89.34
90.012
89.88
89.046
88.036
87.466
87.633
88.298
88.812
88.487
86.938
84.265
81.027
78.018
75.908
74.912
74.714
74.721
74.419
73.615
72.461
71.311
70.478
70.039
69.793
69.401
68.598
67.364
65.957
64.804
64.285
64.504
65.204
65.906
66.157
65.763
64.897
64.073
63.936
64.925
66.998
69.628
72.083
73.758
74.399
74.175
73.585
73.227
73.497
74.364
75.41
76.084
76.002
75.131
73.796
72.516
71.73
71.562
71.794
72.063
72.142
72.094
72.223
72.827
73.921
75.119
75.79
75.357
73.58
70.712
67.472
64.809
63.45
63.471
64.265
64.957
64.916
64.046
62.802
61.953
62.13
63.392
65.152
66.524
66.806
65.801
63.957
62.259
61.81
63.169
65.904
68.839
70.703
70.654
68.556
65.062
61.517
59.529
60.108
62.955
66.737
70.003
71.841
72.06
71.113
69.834
69.041
69.127
69.882
70.686
70.895
70.139
68.447
66.188
63.913
62.125
61.092
60.777
60.937
61.283
61.606
61.803
61.837
61.692
61.344
60.78
60.037
59.232
58.558
58.231
58.407
59.098
60.156
61.319
62.3
62.881
62.983
62.694
62.261
62.046
62.409
63.565
65.472
67.805
70.056
71.697
72.334
71.836
70.409
68.592
67.131
66.699
67.546
69.33
71.265
72.478
72.331
70.601
67.562
63.943
60.778
59.032
59.122
60.661
62.718
64.323
64.839
64.11
62.453
60.552
59.21
58.997
59.943
61.529
62.981
63.636
63.175
61.724
59.828
58.293
57.871
58.878
61.02
63.579
65.785
67.087
67.272
66.447
64.947
63.197
61.552
60.199
59.144
58.3
57.618
57.16
57.088
57.558
58.589
59.994
61.428
62.506
62.95
62.692
61.912
61.01
60.478
60.702
61.775
63.449
65.263
66.763
67.677
67.996
67.944
67.856
67.999
68.421
68.924
69.174
68.883
67.961
66.584
65.142
64.083
63.692
63.941
64.506
64.942
64.893
64.242
63.143
61.961
61.117
60.903
61.341
62.181
63.038
63.573
63.622
63.253
62.724
62.372
62.459
63.034
63.918
64.796
65.374
65.518
65.298
64.961
64.803
65.026
65.617
66.351
66.894
66.95
66.376
65.239
63.792
62.398
61.402
61.006
61.192
61.746
62.356
62.734
62.702
62.243
61.5
60.745
60.294
60.393
61.099
62.234
63.432
64.277
64.445
63.842
62.676
61.456
60.857
61.446
63.357
66.179
69.139
71.414
72.386
71.776
69.675
66.514
62.951
59.707
57.33
56.007
55.536
55.498
55.501
55.346
55.068
54.871
55.005
55.616
56.656
57.882
58.958
59.586
59.626
59.155
58.463
57.959
58.002
58.725
59.955
61.301
62.332
62.747
62.47
61.661
60.641
59.772
59.305
59.286
59.553
59.826
59.836
59.414
58.542
57.347
56.076
55.03
54.485
54.607
55.398
56.689
58.194
59.592
60.606
61.06
60.92
60.304
59.465
58.727
58.375
58.54
59.132
59.872
60.398
60.399
59.715
58.384
56.637
54.837
53.372
52.522
52.355
52.706
53.277
53.765
53.981
53.911
53.709
53.635
53.927
54.678
55.765
56.89
57.707
57.963
57.604
56.803
55.909
55.321
55.304
55.865
56.747
57.563
57.96
57.741
56.908
55.652
54.279
53.115
52.394
52.178
52.349
52.683
52.956
53.054
53.026
53.085
53.523
54.569
56.252
58.344
60.431
62.066
62.898
62.775
61.771
60.169
58.385
56.852
55.873
55.528
55.667
56.001
56.241
56.188
55.789
55.135
54.425
53.91
53.803
54.211
55.083
56.23
57.385
58.28
58.71
58.568
57.849
56.645
55.112
53.44
51.824
50.434
49.399
48.793
48.631
48.872
49.424
50.157
50.923
51.574
51.984
52.068
51.795
51.201
50.382
49.481
48.657
48.036
47.683
47.575
47.627
47.725
47.773
47.718
47.558
47.328
47.078
46.852
46.675
46.553
46.485
46.471
46.515
46.618
46.765
46.906
46.958
46.813
46.372
45.591
44.524
43.353
42.371
41.901
42.155
43.107
44.475
45.825
46.716
46.82
45.99
44.281
41.955
39.458
37.358
36.204
36.301
37.541
39.453
41.435
42.964
43.715
43.612
42.83
41.756
40.875
40.585
41
41.9
42.849
43.402
43.257
42.329
40.754
38.858
37.087
35.901
35.611
36.263
37.618
39.287
40.881
42.119
42.876
43.179
43.171
43.041
42.937
42.896
42.838
42.611
42.075
41.171
39.961
38.619
37.38
36.472
36.032
36.061
36.438
36.968
37.455
37.747
37.768
37.532
37.133
36.721
36.453
36.441
36.702
37.157
37.662
38.06
38.226
38.094
37.662
36.98
36.137
35.25
34.444
33.846
33.569
33.691
34.234
35.143
36.286
37.474
38.494
39.156
39.332
38.983
38.171
37.055
35.847
34.764
33.956
33.47
33.246
33.169
33.121
33.035
32.911
32.817
32.868
33.192
33.874
34.906
36.172
37.459
38.525
39.157
39.227
38.728
37.776
36.585
35.412
34.483
33.918
33.703
33.718
33.803
33.818
33.681
33.37
32.918
32.396
31.895
31.507
31.295
31.276
31.412
31.614
31.773
31.786
31.587
31.155
30.522
29.762
28.976
28.275
27.759
27.499
27.526
27.821
28.321
28.928
29.524
29.996
30.255
30.261
30.034
29.65
29.225
28.872
28.657
28.574
28.542
28.446
28.178
27.676
26.942
26.041
25.086
24.212
23.552
23.202
23.195
23.494
23.998
24.578
25.106
25.491
25.691
25.715
25.616
25.466
25.333
25.255
25.238
25.255
25.268
25.245
25.17
25.047
24.896
24.742
24.6
24.471
24.335
24.165
23.932
23.626
23.262
22.88
22.537
22.287
22.169
22.184
22.303
22.468
22.615
22.69
22.67
22.565
22.419
22.299
22.264
22.341
22.512
22.712
22.858
22.875
22.721
22.402
21.968
21.511
21.134
20.924
20.926
21.114
21.403
21.669
21.783
21.652
21.234
20.558
19.718
18.86
18.144
17.703
17.593
17.78
18.167
18.632
19.068
19.398
19.582
19.613
19.516
19.336
19.13
18.95
18.827
18.764
18.741
18.724
18.684
18.604
18.486
18.342
18.189
18.044
17.914
17.802
17.709
17.642
17.617
17.658
17.794
18.039
18.385
18.795
19.207
19.549
19.76
19.795
19.638
19.307
18.846
18.321
17.815
17.405
17.151
17.068
17.125
17.256
17.377
17.421
17.349
17.163
16.899
16.613
16.364
16.2
16.135
16.158
16.229
16.297
16.318
16.266
16.143
15.984
15.843
15.777
15.819
15.96
16.157
16.344
16.46
16.464
16.346
16.124
15.841
15.552
15.319
15.192
15.2
15.333
15.546
15.771
15.934
15.982
15.887
15.66
15.335
14.967
14.609
14.304
14.075
13.927
13.847
13.814
13.806
13.81
13.816
13.825
13.834
13.835
13.806
13.721
13.552
13.286
12.927
12.504
12.06
11.654
11.349
11.208
11.277
11.569
12.048
12.633
13.212
13.677
13.942
13.962
13.741
13.324
12.791
12.239
11.76
11.425
11.274
11.307
11.493
11.781
12.113
12.434
12.705
12.903
13.017
13.048
12.992
12.848
12.61
12.282
11.876
11.421
10.959
10.539
10.209
10.014
9.9822
10.122
10.408
10.786
11.178
11.502
11.693
11.713
11.564
11.28
10.927
10.583
10.323
10.198
10.226
10.386
10.63
10.892
11.107
11.222
11.208
11.066
10.832
10.567
10.339
10.208
10.196
10.289
10.442
10.603
10.726
10.783
10.766
10.682
10.559
10.438
10.365
10.384
10.514
10.741
11.02
11.289
11.492
11.586
11.556
11.413
11.185
10.913
10.635
10.383
10.175
10.013
9.8845
9.7754
9.6724
9.5725
9.4869
9.438
9.4509
9.5395
9.6973
9.8976
10.103
10.28
10.406
10.474
10.488
10.455
10.385
10.294
10.21
10.177
10.245
10.449
10.789
11.217
11.655
12.018
12.242
12.295
12.181
11.935
11.609
11.265
10.96
10.741
10.636
10.651
10.769
10.95
11.143
11.302
11.389
11.389
11.309
11.174
11.017
10.874
10.776
10.737
10.76
10.836
10.948
11.077
11.209
11.339
11.468
11.604
11.75
11.906
12.064
12.209
12.32
12.382
12.38
12.309
12.171
11.982
11.767
11.565
11.416
11.351
11.385
11.511
11.698
11.908
12.099
12.235
12.289
12.25
12.118
11.911
11.663
11.42
11.23
11.129
11.13
11.221
11.369
11.535
11.685
11.796
11.861
11.889
11.899
11.921
11.981
12.098
12.271
12.485
12.709
12.913
13.069
13.164
13.203
13.202
13.192
13.209
13.292
13.469
13.749
14.119
14.542
14.966
15.336
15.607
15.744
15.735
15.586
15.323
14.993
14.662
14.404
14.291
14.367
14.636
15.057
15.561
16.067
16.5
16.801
16.93
16.869
16.62
16.209
15.684
15.108
14.553
14.082
13.734
13.52
13.429
13.438
13.529
13.689
13.906
14.167
14.456
14.76
15.073
15.399
15.746
16.113
16.488
16.845
17.155
17.394
17.556
17.651
17.703
17.741
17.789
17.864
17.971
18.107
18.261
18.413
18.542
18.632
18.676
18.681
18.671
18.674
18.717
18.814
18.962
19.146
19.343
19.529
19.679
19.765
19.761
19.643
19.405
19.062
18.659
18.265
17.958
17.808
17.863
18.135
18.608
19.242
19.975
20.734
21.435
21.995
22.349
22.466
22.356
22.073
21.707
21.356
21.108
21.013
21.077
21.267
21.529
21.798
22.017
22.134
22.119
21.96
21.676
21.317
20.961
20.702
20.632
20.814
21.267
21.955
22.796
23.68
24.494
25.138
25.541
25.676
25.56
25.256
24.856
24.469
24.199
24.125
24.285
24.678
25.259
25.956
26.676
27.325
27.817
28.091
28.119
27.909
27.5
26.957
26.352
25.755
25.223
24.794
24.489
24.314
24.265
24.33
24.49
24.724
25.006
25.31
25.613
25.892
26.13
26.317
26.449
26.528
26.564
26.569
26.563
26.563
26.587
26.65
26.754
26.893
27.051
27.209
27.351
27.471
27.576
27.685
27.817
27.99
28.206
28.455
28.719
28.972
29.197
29.385
29.539
29.669
29.789
29.908
30.031
30.156
30.283
30.415
30.556
30.714
30.892
31.084
31.276
31.449
31.583
31.662
31.678
31.626
31.505
31.316
31.064
30.759
30.426
30.102
29.829
29.655
29.618
29.74
30.018
30.425
30.91
31.41
31.856
32.186
32.365
32.385
32.27
32.076
31.872
31.732
31.713
31.845
32.13
32.539
33.03
33.553
34.071
34.557
35.005
35.42
35.811
36.187
36.544
36.868
37.131
37.304
37.355
37.266
37.039
36.709
36.349
36.064
35.962
36.117
36.522
37.082
37.636
38
38.023
37.623
36.801
35.643
34.3
32.964
31.835
31.086
30.831
31.091
31.789
32.767
33.829
34.783
35.481
35.846
35.883
35.678
35.374
35.137
35.109
35.36
35.873
36.547
37.238
37.798
38.116
38.135
37.866
37.373
36.76
36.142
35.619
35.257
35.083
35.09
35.251
35.528
35.883
36.276
36.677
37.06
37.416
37.747
38.064
38.38
38.703
39.031
39.347
39.622
39.819
39.896
39.814
39.543
39.067
38.391
37.544
36.577
35.569
34.619
33.846
33.372
33.295
33.654
34.396
35.388
36.437
37.345
37.951
38.162
37.979
37.492
36.874
36.344
36.115
36.326
36.992
37.994
39.118
40.124
40.799
41.006
40.703
39.947
38.885
37.729
36.713
36.041
35.84
36.122
36.795
37.701
38.66
39.516
40.161
40.551
40.703
40.687
40.6
40.537
40.56
40.679
40.854
41.013
41.078
40.99
40.724
40.296
39.754
39.174
38.64
38.234
38.018
38.023
38.238
38.615
39.072
39.51
39.833
39.963
39.858
39.517
38.988
38.365
37.771
37.341
37.191
37.383
37.909
38.686
39.574
40.407
41.024
41.302
41.175
40.645
39.789
38.748
37.708
36.866
36.387
36.359
36.776
37.549
38.538
39.588
40.562
41.356
41.905
42.181
42.19
41.97
41.579
41.089
40.574
40.103
39.731
39.492
39.404
39.471
39.686
40.036
40.505
41.064
41.672
42.273
42.792
43.145
43.252
43.05
42.511
41.664
40.599
39.473
38.49
37.858
37.732
38.153
39.031
40.165
41.309
42.226
42.739
42.757
42.292
41.464
40.484
39.616
39.105
39.098
39.583
40.399
41.305
42.07
42.532
42.627
42.385
41.902
41.301
40.693
40.148
39.688
39.296
38.945
38.623
38.352
38.188
38.203
38.448
38.921
39.553
40.221
40.789
41.156
41.293
41.252
41.153
41.146
41.346
41.786
42.387
42.982
43.361
43.335
42.795
41.761
40.406
39.047
38.077
37.816
38.348
39.457
40.726
41.713
42.103
41.774
40.818
39.49
38.138
37.082
36.502
36.385
36.556
36.776
36.844
36.661
36.254
35.784
35.503
35.676
36.454
37.782
39.395
40.916
41.998
42.429
42.196
41.502
40.709
40.225
40.325
41.015
42.03
42.96
43.414
43.136
42.063
40.352
38.364
36.613
35.63
35.738
36.869
38.6
40.366
41.675
42.222
41.922
40.892
39.398
37.773
36.311
35.171
34.348
33.71
33.106
32.459
31.818
31.354
31.29
31.801
32.904
34.43
36.08
37.53
38.529
38.967
38.905
38.572
38.293
38.372
38.941
39.887
40.901
41.615
41.739
41.158
39.966
38.46
37.068
36.223
36.174
36.862
37.951
38.99
39.583
39.495
38.706
37.42
36.031
35.034
34.839
35.567
36.975
38.588
39.913
40.593
40.479
39.649
38.386
37.117
36.289
36.199
36.849
37.955
39.084
39.824
39.901
39.23
37.93
36.312
34.822
33.916
33.88
34.691
36.033
37.466
38.598
39.183
39.146
38.572
37.664
36.684
35.877
35.406
35.306
35.502
35.862
36.249
36.561
36.736
36.731
36.516
36.062
35.365
34.469
33.5
32.667
32.217
32.343
33.077
34.25
35.55
36.634
37.234
37.217
36.622
35.655
34.664
34.044
34.094
34.875
36.165
37.572
38.698
39.271
39.226
38.731
38.143
37.895
38.288
39.318
40.654
41.799
42.292
41.865
40.512
38.513
36.386
34.757
34.109
34.526
35.653
36.918
37.806
38.01
37.469
36.35
34.984
33.763
32.989
32.744
32.857
33.011
32.92
32.461
31.742
31.07
30.83
31.27
32.333
33.664
34.79
35.315
35.036
33.999
32.496
31.013
30.091
30.095
31.019
32.51
34.08
35.32
36.005
36.121
35.844
35.487
35.396
35.816
36.782
38.099
39.43
40.422
40.804
40.442
39.364
37.755
35.944
34.339
33.325
33.118
33.654
34.625
35.608
36.218
36.191
35.428
34.008
32.186
30.365
29.01
28.483
28.859
29.87
31.051
31.952
32.265
31.884
30.913
29.639
28.462
27.754
27.699
28.197
28.948
29.621
29.994
30.012
29.77
29.448
29.227
29.199
29.337
29.52
29.609
29.509
29.206
28.767
28.31
27.954
27.776
27.788
27.951
28.208
28.522
28.884
29.304
29.777
30.261
30.675
30.926
30.948
30.744
30.385
29.987
29.653
29.412
29.186
28.827
28.18
27.165
25.826
24.354
23.058
22.268
22.199
22.828
23.928
25.207
26.432
27.48
28.326
29
29.535
29.93
30.141
30.109
29.81
29.312
28.795
28.526
28.745
29.535
30.749
32.077
33.181
33.821
33.922
33.575
32.989
32.396
31.948
31.651
31.384
30.996
30.401
29.643
28.881
28.318
28.082
28.146
28.337
28.429
28.263
27.831
27.293
26.93
27.004
27.604
28.568
29.567
30.256
30.421
30.048
29.34
28.649
28.336
28.581
29.272
30.081
30.646
30.734
30.315
29.556
28.749
28.183
28.01
28.17
28.454
28.622
28.521
28.125
27.518
26.846
26.245
25.799
25.534
25.45
25.56
25.896
26.472
27.234
28.04
28.681
28.966
28.795
28.224
27.49
26.955
26.958
27.628
28.79
30.073
31.101
31.639
31.646
31.252
30.673
30.103
29.615
29.146
28.568
27.804
26.908
26.082
25.583
25.571
25.986
26.558
26.951
26.913
26.369
25.455
24.475
23.795
23.667
24.074
24.752
25.359
25.646
25.56
25.244
24.961
24.946
25.252
25.708
26.021
25.956
25.468
24.765
24.249
24.324
25.119
26.366
27.565
28.238
28.114
27.197
25.772
24.333
23.411
23.297
23.854
24.636
25.17
25.168
24.582
23.59
22.521
21.735
21.471
21.735
22.338
23.025
23.596
23.947
24.052
23.911
23.521
22.862
21.939
20.836
19.778
19.131
19.272
20.328
22.049
23.942
25.514
26.424
26.546
25.993
25.087
24.265
23.894
24.061
24.528
24.901
24.858
24.305
23.411
22.547
22.109
22.267
22.834
23.401
23.584
23.215
22.412
21.545
21.085
21.317
22.117
23.028
23.542
23.334
22.372
20.964
19.72
19.33
20.106
21.699
23.403
24.603
24.994
24.633
23.903
23.365
23.462
24.204
25.163
25.784
25.704
24.927
23.855
23.147
23.339
24.409
25.779
26.739
26.835
26.036
24.749
23.692
23.517
24.331
25.606
26.619
26.883
26.33
25.308
24.425
24.217
24.768
25.643
26.227
26.073
25.08
23.507
21.891
20.824
20.6
21.002
21.501
21.629
21.2
20.35
19.467
19.002
19.207
19.964
20.916
21.719
22.202
22.395
22.452
22.541
22.754
23.085
23.496
23.991
24.625
25.437
26.346
27.128
27.49
27.217
26.32
25.123
24.243
24.313
25.52
27.421
29.268
30.435
30.626
29.926
28.723
27.547
26.799
26.534
26.482
26.32
25.926
25.464
25.264
25.544
26.198
26.827
26.998
26.477
25.353
24.027
23.044
22.772
23.119
23.604
23.696
23.104
21.891
20.459
19.407
19.209
19.857
20.888
21.749
22.091
21.859
21.254
20.624
20.29
20.372
20.728
21.08
21.192
20.98
20.54
20.093
19.869
19.982
20.356
20.79
21.074
21.11
20.952
20.791
20.863
21.3
22.023
22.761
23.189
23.078
22.42
21.5
20.863
21.084
22.342
24.238
26.074
27.236
27.398
26.6
25.246
24
23.494
23.924
24.922
25.893
26.419
26.428
26.156
25.946
25.995
26.203
26.271
25.956
25.287
24.616
24.442
25.033
26.157
27.223
27.657
27.187
25.969
24.556
23.681
23.8
24.725
25.796
26.372
26.151
25.251
24.123
23.335
23.224
23.673
24.234
24.465
24.163
23.414
22.523
21.854
21.633
21.839
22.266
22.672
22.893
22.862
22.572
22.06
21.402
20.739
20.272
20.187
20.533
21.159
21.78
22.133
22.113
21.823
21.533
21.523
21.887
22.445
22.869
22.892
22.464
21.789
21.242
21.147
21.547
22.176
22.677
22.829
22.655
22.373
22.236
22.343
22.574
22.713
22.635
22.43
22.361
22.686
23.445
24.419
25.29
25.848
26.087
26.172
26.291
26.503
26.698
26.696
26.422
26.008
25.757
25.963
26.689
27.701
28.63
29.185
29.27
28.972
28.466
27.903
27.355
26.852
26.461
26.309
26.497
26.977
27.517
27.833
27.765
27.403
27.062
27.091
27.599
28.347
28.919
29.026
28.698
28.282
28.215
28.662
29.319
29.606
29.04
27.536
25.553
24.023
23.878
25.259
27.366
29.182
30.058
29.865
28.921
27.805
27.072
26.958
27.299
27.738
27.975
27.874
27.42
26.638
25.562
24.277
22.98
21.984
21.576
21.799
22.39
22.962
23.261
23.294
23.28
23.453
23.836
24.177
24.097
23.331
21.888
20.106
18.569
17.82
17.97
18.628
19.284
19.663
19.802
19.937
20.287
20.88
21.539
22.011
22.115
21.811
21.193
20.444
19.776
19.355
19.243
19.352
19.474
19.365
18.863
17.991
17.03
16.458
16.676
17.647
18.877
19.775
19.956
19.37
18.313
17.314
16.845
16.959
17.233
17.108
16.241
14.68
12.909
11.789
12.04
13.449
15.139
16.364
16.747
16.229
15.013
13.518
12.315
11.918
12.401
13.326
14.111
14.343
