58.853
61.059
62.666
63.556
63.987
64.316
64.683
64.906
64.685
63.93
62.96
62.392
62.733
63.958
65.486
66.596
66.912
66.615
66.282
66.425
67.057
67.674
67.725
67.18
66.798
67.79
70.875
75.505
80.083
82.898
82.929
80.284
76.291
73.119
72.692
75.29
79.392
82.964
84.7
84.461
83.127
82.038
82.205
83.735
85.937
87.965
89.364
90.179
90.696
91.086
91.238
90.926
90.151
89.371
89.373
90.772
93.47
96.591
98.968
99.787
99.003
97.393
96.196
96.417
98.17
100.64
102.65
103.45
103.02
102.11
101.78
102.72
104.82
107.26
109.03
109.5
108.75
107.43
106.45
106.45
107.46
108.94
110.2
110.89
111.14
111.46
112.35
113.86
115.49
116.4
115.89
113.83
110.79
107.95
106.58
107.34
109.91
113.22
116.13
117.96
118.64
118.55
118.16
117.73
117.19
116.38
115.31
114.3
113.85
114.29
115.38
116.43
116.64
115.61
113.7
111.87
111.23
112.3
114.64
117.06
118.45
118.35
117.17
115.96
115.73
116.79
118.52
119.79
119.7
118.07
115.55
113.24
112.06
112.13
112.82
113.19
112.72
111.54
110.34
109.85
110.29
111.2
111.79
111.5
110.43
109.23
108.72
109.25
110.37
111.09
110.51
108.41
105.44
102.85
101.85
102.73
104.6
106.02
105.82
103.72
100.45
97.383
95.803
96.032
97.219
97.976
97.283
95.069
92.29
90.477
90.81
93.253
96.557
99.103
99.782
98.432
95.815
93.225
91.783
91.766
92.509
92.975
92.518
91.3
90.219
90.34
92.111
94.956
97.644
99.067
98.867
97.661
96.787
97.56
100.36
104.28
107.7
109.2
108.12
104.86
100.67
97.147
95.464
95.732
97.147
98.762
100.18
101.7
103.92
107.05
110.53
113.19
113.87
112.02
108.12
103.69
100.83
101.07
104.31
108.84
112.49
113.74
112.23
108.85
105.39
103.74
104.84
108.09
111.78
114.18
114.22
111.84
107.82
103.51
100.25
98.75
98.831
99.654
100.32
100.32
99.661
98.731
97.969
97.58
97.405
97.029
96.042
94.271
91.888
89.369
87.296
86.104
85.888
86.395
87.195
87.896
88.28
88.31
88.057
87.62
87.086
86.567
86.258
86.455
87.458
89.384
91.993
94.682
96.667
97.269
96.189
93.701
90.698
88.497
88.307
90.54
94.513
98.858
102.22
103.77
103.41
101.74
99.794
98.612
98.745
100
101.65
102.9
103.31
102.95
102.28
101.9
102.12
102.82
103.46
103.44
102.35
100.23
97.501
94.844
92.865
91.816
91.5
91.432
91.144
90.417
89.354
88.265
87.45
86.994
86.709
86.249
85.343
83.984
82.49
81.385
81.122
81.787
83.002
84.101
84.477
83.889
82.625
81.451
81.298
82.761
85.695
89.27
92.428
94.369
94.857
94.273
93.441
93.223
94.058
95.7
97.402
98.367
98.168
96.931
95.249
93.856
93.211
93.241
93.462
93.374
92.854
92.284
92.337
93.496
95.605
97.834
99.069
98.432
95.674
91.331
86.625
83.043
81.595
82.182
83.699
84.785
84.567
83.003
80.849
79.282
79.243
80.801
83.081
84.814
85.011
83.41
80.628
78.016
77.11
78.712
82.271
86.223
88.88
89.13
86.759
82.537
78.088
75.38
75.725
78.893
83.355
87.361
89.759
90.27
89.392
88.094
87.339
87.594
88.609
89.635
89.877
88.867
86.636
83.674
80.736
78.543
77.482
77.466
78.06
78.743
79.142
79.128
78.776
78.272
77.797
77.451
77.234
77.092
76.975
76.891
76.912
77.141
77.647
78.401
79.263
80.01
80.428
80.406
80.019
79.556
79.444
80.087
81.641
83.883
86.248
88.036
88.666
87.887
85.9
83.372
81.273
80.502
81.413
83.567
85.94
87.394
87.095
84.748
80.689
75.863
71.641
69.36
69.645
72.003
75.17
77.822
79.076
78.679
76.998
74.888
73.4
73.319
74.747
77.054
79.243
80.438
80.2
78.668
76.532
74.823
74.498
75.944
78.757
82.003
84.69
86.127
86.064
84.667
82.389
79.775
77.262
75.053
73.122
71.355
69.72
68.367
67.584
67.636
68.566
70.102
71.743
72.953
73.358
72.879
71.767
70.546
69.837
70.093
71.372
73.305
75.296
76.794
77.513
77.5
77.093
76.74
76.778
77.248
77.881
78.261
78.046
77.144
75.76
74.31
73.228
72.747
72.778
72.973
72.92
72.356
71.276
69.937
68.743
68.064
68.05
68.563
69.253
69.737
69.772
69.35
68.703
68.207
68.214
68.87
70.028
71.311
72.294
72.682
72.43
71.758
71.064
70.748
71.017
71.778
72.68
73.288
73.266
72.496
71.115
69.463
67.963
66.969
66.62
66.799
67.2
67.461
67.295
66.577
65.375
63.936
62.63
61.833
61.789
62.484
63.632
64.767
65.423
65.288
64.337
62.888
61.571
61.137
62.114
64.485
67.658
70.741
72.893
73.549
72.527
70.023
66.556
62.824
59.515
57.081
55.601
54.824
54.38
53.996
53.612
53.363
53.472
54.092
55.2
56.574
57.869
58.753
59.022
58.68
57.96
57.276
57.075
57.647
58.973
60.732
62.462
63.748
64.369
64.34
63.878
63.303
62.904
62.829
63.031
63.317
63.449
63.239
62.612
61.622
60.436
59.292
58.442
58.095
58.361
59.219
60.52
62.019
63.435
64.507
65.052
65.014
64.485
63.704
62.99
62.643
62.806
63.395
64.12
64.6
64.506
63.674
62.155
60.213
58.251
56.69
55.819
55.682
56.078
56.674
57.164
57.387
57.383
57.363
57.61
58.324
59.491
60.857
62.019
62.589
62.345
61.326
59.842
58.39
57.474
57.377
58.018
59.007
59.842
60.117
59.642
58.475
56.876
55.218
53.865
53.05
52.796
52.933
53.198
53.361
53.334
53.222
53.304
53.918
55.29
57.385
59.881
62.284
64.102
64.986
64.816
63.716
62.019
60.177
58.625
57.644
57.277
57.347
57.572
57.685
57.532
57.096
56.49
55.91
55.572
55.639
56.164
57.069
58.171
59.237
60.045
60.428
60.299
59.657
58.577
57.193
55.684
54.249
53.077
52.323
52.072
52.317
52.962
53.848
54.783
55.585
56.108
56.267
56.043
55.486
54.702
53.834
53.022
52.374
51.934
51.679
51.542
51.448
51.341
51.206
51.054
50.907
50.773
50.632
50.45
50.196
49.872
49.525
49.246
49.143
49.295
49.708
50.288
50.85
51.17
51.056
50.429
49.387
48.226
47.392
47.334
48.279
50.084
52.275
54.24
55.425
55.469
54.256
51.934
48.905
45.79
43.333
42.192
42.645
44.424
46.87
49.238
50.933
51.622
51.265
50.114
48.657
47.478
47.036
47.444
48.419
49.44
49.989
49.726
48.559
46.649
44.367
42.218
40.714
40.209
40.762
42.121
43.866
45.576
46.956
47.879
48.383
48.623
48.783
48.988
49.237
49.409
49.324
48.833
47.891
46.591
45.143
43.819
42.871
42.443
42.532
43.001
43.64
44.241
44.642
44.766
44.631
44.341
44.061
43.965
44.178
44.723
45.515
46.388
47.156
47.662
47.81
47.573
46.998
46.182
45.265
44.411
43.787
43.538
43.757
44.46
45.564
46.9
48.245
49.358
50.038
50.154
49.682
48.708
47.415
46.038
44.804
43.869
43.272
42.947
42.765
42.599
42.365
42.055
41.727
41.501
41.515
41.88
42.622
43.649
44.763
45.705
46.236
46.19
45.53
44.355
42.88
41.391
40.159
39.364
39.037
39.076
39.305
39.546
39.668
39.608
39.364
38.989
38.576
38.238
38.079
38.158
38.468
38.925
39.393
39.723
39.797
39.552
39.002
38.227
37.361
36.564
35.991
35.757
35.913
36.435
37.23
38.153
39.033
39.712
40.065
40.04
39.663
39.045
38.351
37.754
37.37
37.218
37.211
37.199
37.028
36.589
35.851
34.86
33.724
32.599
31.649
31.022
30.81
31.024
31.59
32.372
33.205
33.942
34.477
34.762
34.802
34.647
34.369
34.044
33.731
33.468
33.266
33.119
33.008
32.912
32.808
32.672
32.485
32.23
31.894
31.48
31.004
30.502
30.022
29.616
29.329
29.181
29.167
29.25
29.378
29.496
29.559
29.549
29.476
29.382
29.323
29.35
29.487
29.71
29.955
30.135
30.168
30.005
29.644
29.134
28.566
28.052
27.693
27.553
27.631
27.862
28.132
28.307
28.266
27.938
27.314
26.457
25.494
24.586
23.885
23.492
23.419
23.601
23.928
24.288
24.592
24.787
24.857
24.813
24.696
24.557
24.451
24.416
24.465
24.579
24.719
24.838
24.897
24.875
24.771
24.598
24.378
24.134
23.89
23.666
23.491
23.393
23.412
23.581
23.92
24.419
25.031
25.674
26.253
26.674
26.867
26.798
26.471
25.931
25.251
24.529
23.871
23.371
23.092
23.049
23.198
23.457
23.727
23.923
23.997
23.941
23.785
23.579
23.377
23.218
23.114
23.053
23.003
22.927
22.799
22.612
22.395
22.203
22.107
22.163
22.388
22.741
23.138
23.473
23.659
23.64
23.408
22.996
22.469
21.915
21.424
21.077
20.922
20.964
21.157
21.417
21.649
21.768
21.723
21.504
21.139
20.683
20.201
19.753
19.38
19.1
18.91
18.791
18.715
18.657
18.597
18.52
18.417
18.282
18.105
17.878
17.592
17.25
16.871
16.485
16.14
15.885
15.774
15.848
16.132
16.621
17.273
18.004
18.71
19.282
19.631
19.709
19.515
19.097
18.539
17.949
17.432
17.078
16.942
17.037
17.338
17.787
18.309
18.824
19.263
19.577
19.736
19.73
19.559
19.233
18.769
18.192
17.538
16.857
16.212
15.667
15.282
15.099
15.134
15.377
15.787
16.295
16.816
17.26
17.555
17.655
17.554
17.284
16.909
16.509
16.164
15.931
15.839
15.884
16.031
16.224
16.403
16.512
16.513
16.402
16.206
15.979
15.783
15.665
15.639
15.685
15.758
15.816
15.827
15.782
15.686
15.558
15.42
15.305
15.246
15.276
15.413
15.647
15.937
16.221
16.428
16.503
16.417
16.173
15.806
15.368
14.918
14.51
14.183
13.953
13.816
13.753
13.737
13.743
13.758
13.78
13.819
13.885
13.982
14.101
14.22
14.317
14.372
14.375
14.323
14.223
14.08
13.909
13.734
13.595
13.54
13.612
13.823
14.142
14.501
14.811
14.993
14.995
14.801
14.43
13.926
13.355
12.786
12.292
11.934
11.754
11.764
11.94
12.228
12.553
12.845
13.047
13.127
13.082
12.932
12.715
12.48
12.274
12.134
12.081
12.116
12.225
12.387
12.582
12.795
13.016
13.244
13.477
13.713
13.944
14.155
14.325
14.43
14.45
14.372
14.196
13.942
13.642
13.341
13.086
12.918
12.863
12.925
13.086
13.309
13.545
13.738
13.839
13.814
13.648
13.355
12.975
12.566
12.193
11.914
11.762
11.74
11.822
11.963
12.116
12.237
12.296
12.279
12.191
12.051
11.889
11.739
11.628
11.573
11.573
11.619
11.691
11.77
11.84
11.893
11.927
11.954
11.991
12.059
12.175
12.345
12.563
12.809
13.054
13.265
13.41
13.462
13.405
13.236
12.976
12.662
12.351
12.102
11.964
11.959
12.076
12.275
12.504
12.708
12.841
12.869
12.773
12.55
12.22
11.821
11.407
11.039
10.764
10.61
10.575
10.632
10.745
10.877
10.998
11.082
11.113
11.085
11.004
10.893
10.783
10.71
10.701
10.765
10.894
11.062
11.244
11.414
11.553
11.649
11.697
11.699
11.668
11.623
11.587
11.581
11.611
11.675
11.757
11.843
11.922
11.989
12.045
12.085
12.103
12.088
12.03
11.928
11.784
11.61
11.413
11.199
10.966
10.718
10.46
10.212
9.9995
9.8479
9.7751
9.7864
9.8769
10.036
10.248
10.493
10.741
10.957
11.101
11.149
11.092
10.948
10.755
10.561
10.405
10.31
10.276
10.287
10.32
10.352
10.361
10.326
10.229
10.057
9.8139
9.5223
9.2256
8.9799
8.8405
8.8466
9.0099
9.3143
9.7208
10.177
10.625
11.008
11.279
11.412
11.403
11.278
11.083
10.874
10.705
10.616
10.625
10.734
10.929
11.184
11.466
11.733
11.945
12.068
12.082
11.989
11.805
11.558
11.281
11
10.738
10.511
10.332
10.21
10.152
10.155
10.21
10.301
10.409
10.519
10.617
10.696
10.752
10.787
10.808
10.826
10.855
10.91
11.002
11.137
11.317
11.531
11.764
11.988
12.174
12.292
12.319
12.251
12.102
11.904
11.701
11.541
11.462
11.489
11.626
11.862
12.167
12.505
12.831
13.097
13.264
13.308
13.223
13.027
12.759
12.471
12.22
12.056
12.015
12.109
12.327
12.641
13.006
13.372
13.688
13.912
14.018
13.995
13.854
13.625
13.351
13.084
12.875
12.765
12.782
12.934
13.211
13.582
14.006
14.431
14.807
15.092
15.259
15.299
15.22
15.049
14.82
14.573
14.343
14.159
14.038
13.988
14.008
14.089
14.222
14.391
14.58
14.774
14.957
15.12
15.257
15.371
15.464
15.542
15.604
15.648
15.674
15.697
15.745
15.858
16.074
16.401
16.809
17.232
17.585
17.791
17.801
17.606
17.235
16.747
16.217
15.727
15.354
15.16
15.186
15.435
15.871
16.42
16.99
17.493
17.865
18.077
18.14
18.101
18.028
17.998
18.078
18.305
18.682
19.17
19.702
20.196
20.577
20.786
20.794
20.608
20.26
19.81
19.326
18.879
18.535
18.34
18.327
18.506
18.864
19.368
19.965
20.597
21.204
21.736
22.163
22.475
22.682
22.808
22.884
22.933
22.967
22.98
22.957
22.875
22.717
22.473
22.147
21.759
21.348
20.971
20.699
20.608
20.754
21.151
21.761
22.497
23.249
23.91
24.396
24.667
24.724
24.616
24.431
24.279
24.266
24.465
24.887
25.474
26.117
26.687
27.069
27.189
27.029
26.622
26.053
25.433
24.886
24.518
24.399
24.549
24.935
25.489
26.121
26.745
27.291
27.722
28.03
28.24
28.393
28.537
28.705
28.91
29.138
29.355
29.519
29.589
29.537
29.357
29.062
28.69
28.303
27.975
27.784
27.79
28.017
28.441
28.991
29.567
30.064
30.393
30.503
30.392
30.103
29.728
29.382
29.188
29.241
29.579
30.169
30.91
31.667
32.295
32.675
32.735
32.463
31.908
31.174
30.406
29.763
29.386
29.365
29.716
30.385
31.267
32.237
33.175
33.979
34.581
34.945
35.067
34.974
34.715
34.358
33.973
33.627
33.371
33.233
33.22
33.321
33.515
33.783
34.112
34.5
34.945
35.442
35.968
36.475
36.895
37.144
37.142
36.838
36.224
35.361
34.372
33.438
32.76
32.505
32.751
33.453
34.452
35.531
36.463
37.068
37.238
36.966
36.347
35.57
34.88
34.501
34.558
35.021
35.725
36.446
36.979
37.199
37.079
36.678
36.11
35.504
34.969
34.565
34.298
34.138
34.042
33.985
33.983
34.085
34.356
34.837
35.511
36.294
37.048
37.636
37.961
38.008
37.852
37.643
37.562
37.758
38.288
39.086
39.979
40.743
41.165
41.106
40.551
39.631
38.612
37.84
37.607
38.015
38.912
39.96
40.788
41.121
40.857
40.076
39.006
37.947
37.17
36.819
36.869
37.157
37.464
37.602
37.475
37.11
36.661
36.38
36.528
37.262
38.534
40.093
41.583
42.67
43.151
43.016
42.451
41.798
41.436
41.63
42.395
43.491
44.523
45.1
44.949
43.986
42.349
40.394
38.646
37.655
37.765
38.925
40.708
42.541
43.917
44.518
44.253
43.228
41.702
40.005
38.443
37.21
36.34
35.738
35.265
34.829
34.443
34.233
34.382
35.039
36.223
37.778
39.421
40.834
41.766
42.105
41.92
41.455
41.071
41.11
41.737
42.849
44.112
45.109
45.489
45.074
43.905
42.249
40.548
39.305
38.889
39.352
40.401
41.541
42.29
42.33
41.581
40.221
38.663
37.45
37.062
37.676
39.06
40.701
42.046
42.684
42.433
41.367
39.801
38.233
37.205
37.087
37.888
39.246
40.618
41.5
41.57
40.752
39.227
37.407
35.851
35.086
35.36
36.512
38.08
39.538
40.492
40.757
40.362
39.519
38.549
37.783
37.451
37.599
38.097
38.722
39.267
39.613
39.735
39.678
39.493
39.19
38.726
38.036
37.107
36.041
35.089
34.596
34.861
35.951
37.635
39.476
41.007
41.867
41.89
41.125
39.849
38.515
37.647
37.645
38.584
40.165
41.869
43.188
43.786
43.593
42.832
41.967
41.548
41.955
43.17
44.767
46.13
46.713
46.207
44.619
42.285
39.813
37.93
37.197
37.708
39.046
40.552
41.639
41.963
41.461
40.327
38.944
37.757
37.109
37.081
37.463
37.892
38.039
37.757
37.141
36.489
36.179
36.465
37.317
38.42
39.324
39.638
39.152
37.901
36.168
34.437
33.263
33.057
33.871
35.386
37.105
38.569
39.49
39.793
39.602
39.204
38.963
39.188
40
41.271
42.675
43.817
44.352
44.073
42.951
41.156
39.043
37.1
35.825
35.52
36.137
37.298
38.476
39.197
39.153
38.251
36.623
34.618
32.757
31.603
31.53
32.507
34.108
35.752
36.931
37.341
36.924
35.864
34.542
33.436
32.946
33.206
34.031
35.046
35.885
36.337
36.39
36.192
35.975
35.938
36.151
36.532
36.896
37.049
36.868
36.342
35.576
34.749
34.064
33.671
33.623
33.868
34.285
34.749
35.163
35.48
35.689
35.796
35.807
35.72
35.537
35.275
34.962
34.629
34.286
33.902
33.407
32.716
31.77
30.578
29.241
27.95
26.946
26.437
26.517
27.123
28.086
29.212
30.359
31.453
32.471
33.401
34.202
34.789
35.054
34.905
34.327
33.423
32.435
31.697
31.516
32.022
33.081
34.364
35.498
36.208
36.376
36.05
35.392
34.603
33.835
33.139
32.469
31.748
30.942
30.105
29.374
28.898
28.751
28.872
29.085
29.19
29.063
28.723
28.35
28.216
28.561
29.439
30.668
31.915
32.845
33.249
33.113
32.618
32.085
31.846
32.074
32.696
33.435
33.965
34.054
33.642
32.847
31.914
31.115
30.639
30.515
30.626
30.792
30.858
30.743
30.439
29.984
29.433
28.846
28.301
27.91
27.816
28.137
28.885
29.916
30.952
31.675
31.84
31.368
30.41
29.356
28.734
28.972
30.12
31.808
33.464
34.595
34.939
34.507
33.551
32.46
31.596
31.126
30.959
30.842
30.551
30.027
29.414
28.982
28.956
29.355
29.951
30.393
30.381
29.794
28.756
27.61
26.806
26.686
27.268
28.238
29.153
29.674
29.696
29.362
28.984
28.875
29.152
29.654
30.046
30.023
29.491
28.648
27.938
27.848
28.585
29.897
31.225
32.003
31.888
30.86
29.234
27.592
26.578
26.558
27.375
28.481
29.296
29.458
28.903
27.843
26.688
25.894
25.766
26.31
27.273
28.317
29.175
29.704
29.866
29.669
29.126
28.246
27.071
25.739
24.542
23.899
24.175
25.417
27.268
29.157
30.552
31.123
30.81
29.832
28.636
27.737
27.465
27.761
28.221
28.365
27.889
26.796
25.413
24.275
23.864
24.273
25.134
25.887
26.104
25.673
24.825
24.053
23.872
24.479
25.587
26.617
27.029
26.537
25.204
23.476
22.102
21.825
22.841
24.617
26.337
27.374
27.491
26.869
26.046
25.694
26.224
27.465
28.805
29.597
29.484
28.539
27.259
26.39
26.499
27.531
28.842
29.672
29.556
28.495
26.971
25.78
25.599
26.469
27.753
28.648
28.646
27.724
26.344
25.283
25.207
26.162
27.534
28.524
28.582
27.583
25.834
23.99
22.813
22.725
23.498
24.481
25.084
25.055
24.521
23.888
23.634
24.015
24.908
25.932
26.704
27.035
26.969
26.732
26.596
26.742
27.183
27.808
28.489
29.152
29.773
30.304
30.634
30.609
30.121
29.23
28.235
27.623
27.834
28.935
30.53
32.002
32.834
32.795
31.992
30.794
29.667
28.93
28.583
28.372
28.034
27.527
27.077
27.026
27.542
28.423
29.193
29.37
28.708
27.314
25.638
24.322
23.851
24.196
24.833
25.135
24.719
23.587
22.12
20.951
20.636
21.268
22.414
23.48
24.06
24.055
23.645
23.168
22.949
23.108
23.519
23.921
24.1
23.999
23.739
23.538
23.587
23.921
24.405
24.819
24.991
24.883
24.623
24.449
24.591
25.122
25.895
26.606
26.943
26.737
26.051
25.227
24.8
25.24
26.606
28.468
30.173
31.162
31.16
30.245
28.843
27.606
27.12
27.552
28.557
29.579
30.207
30.339
30.141
29.879
29.708
29.565
29.235
28.564
27.631
26.794
26.513
27.009
28.033
29.01
29.391
28.923
27.758
26.411
25.542
25.555
26.29
27.172
27.628
27.386
26.553
25.526
24.776
24.558
24.75
24.977
24.893
24.381
23.597
22.874
22.538
22.7
23.209
23.776
24.155
24.221
23.968
23.458
22.78
22.038
21.377
20.968
20.95
21.324
21.911
22.433
22.663
22.554
22.282
22.179
22.525
23.33
24.291
24.989
25.129
24.688
23.948
23.38
23.386
24.01
24.917
25.653
25.927
25.73
25.298
24.949
24.875
25.027
25.198
25.225
25.136
25.147
25.501
26.272
27.29
28.264
28.967
29.347
29.509
29.602
29.694
29.732
29.614
29.325
29.018
28.96
29.365
30.217
31.246
32.094
32.502
32.411
31.945
31.319
30.711
30.198
29.783
29.47
29.307
29.336
29.505
29.646
29.561
29.173
28.63
28.27
28.411
29.088
29.979
30.624
30.716
30.296
29.74
29.533
29.891
30.541
30.883
30.387
28.914
26.879
25.212
24.926
26.298
28.583
30.693
31.858
31.816
30.786
29.323
28.093
27.562
27.765
28.369
28.939
29.153
28.86
28.052
26.833
25.406
24.065
23.119
22.75
22.89
23.262
23.565
23.665
23.654
23.758
24.14
24.724
25.197
25.191
24.475
23.086
21.351
19.809
18.97
18.994
19.598
20.332
20.889
21.199
21.372
21.558
21.825
22.122
22.319
22.285
21.957
21.365
20.638
19.977
19.592
19.584
19.863
20.169
20.198
19.77
18.934
18.022
17.534
17.831
18.808
19.949
20.694
20.716
20.013
18.886
17.806
17.142
16.892
16.694
16.119
14.967
13.406
12
11.506
12.241
13.715
15.168
16.074
16.214
15.62
14.526
13.321
12.472
12.318
12.815
13.558
14.068
14.015
