9.1409e+05
9.317e+05
9.4025e+05
9.4577e+05
9.5477e+05
9.7032e+05
9.8895e+05
1.0021e+06
1.0027e+06
9.9131e+05
9.7728e+05
9.7366e+05
9.8811e+05
1.0165e+06
1.046e+06
1.0642e+06
1.0671e+06
1.0612e+06
1.0589e+06
1.0695e+06
1.0913e+06
1.1138e+06
1.1266e+06
1.1279e+06
1.128e+06
1.1444e+06
1.1863e+06
1.2405e+06
1.2831e+06
1.299e+06
1.2865e+06
1.2552e+06
1.2246e+06
1.2191e+06
1.2537e+06
1.3158e+06
1.3709e+06
1.394e+06
1.385e+06
1.3619e+06
1.3477e+06
1.3591e+06
1.3969e+06
1.4455e+06
1.4844e+06
1.5029e+06
1.5064e+06
1.509e+06
1.522e+06
1.5458e+06
1.5708e+06
1.5861e+06
1.5892e+06
1.5884e+06
1.5979e+06
1.6268e+06
1.6704e+06
1.7129e+06
1.7393e+06
1.7458e+06
1.7417e+06
1.7427e+06
1.7612e+06
1.7988e+06
1.8435e+06
1.8781e+06
1.8933e+06
1.8949e+06
1.8975e+06
1.9142e+06
1.9488e+06
1.9934e+06
2.0308e+06
2.0465e+06
2.0402e+06
2.0251e+06
2.0161e+06
2.0218e+06
2.0437e+06
2.0755e+06
2.1057e+06
2.1255e+06
2.1357e+06
2.1438e+06
2.1568e+06
2.1778e+06
2.2037e+06
2.2256e+06
2.2349e+06
2.2297e+06
2.2158e+06
2.201e+06
2.1949e+06
2.2092e+06
2.2506e+06
2.3119e+06
2.3732e+06
2.4165e+06
2.436e+06
2.4358e+06
2.426e+06
2.4179e+06
2.4203e+06
2.435e+06
2.457e+06
2.4786e+06
2.4951e+06
2.5064e+06
2.5148e+06
2.5207e+06
2.5214e+06
2.5131e+06
2.4942e+06
2.4675e+06
2.4423e+06
2.431e+06
2.4414e+06
2.4681e+06
2.4951e+06
2.5063e+06
2.4958e+06
2.4696e+06
2.4427e+06
2.4313e+06
2.4428e+06
2.4705e+06
2.4972e+06
2.5076e+06
2.4986e+06
2.4798e+06
2.4669e+06
2.4712e+06
2.4918e+06
2.515e+06
2.5234e+06
2.5097e+06
2.4818e+06
2.4578e+06
2.4541e+06
2.4757e+06
2.5136e+06
2.5501e+06
2.5713e+06
2.5766e+06
2.5775e+06
2.5885e+06
2.6148e+06
2.648e+06
2.6721e+06
2.6753e+06
2.6602e+06
2.6413e+06
2.6361e+06
2.6543e+06
2.6907e+06
2.7257e+06
2.7396e+06
2.7294e+06
2.7107e+06
2.7051e+06
2.7262e+06
2.7728e+06
2.826e+06
2.8563e+06
2.8467e+06
2.8115e+06
2.7828e+06
2.7876e+06
2.8381e+06
2.9272e+06
3.0211e+06
3.0712e+06
3.0611e+06
3.0231e+06
2.9992e+06
3.0134e+06
3.0711e+06
3.1615e+06
3.2527e+06
3.299e+06
3.2815e+06
3.2317e+06
3.197e+06
3.2074e+06
3.268e+06
3.3519e+06
3.4014e+06
3.3717e+06
3.2774e+06
3.1688e+06
3.0863e+06
3.0516e+06
3.0706e+06
3.1258e+06
3.1728e+06
3.1734e+06
3.1284e+06
3.0622e+06
2.9974e+06
2.949e+06
2.9281e+06
2.9369e+06
2.9614e+06
2.9791e+06
2.9802e+06
2.9741e+06
2.9754e+06
2.9908e+06
3.0118e+06
3.0199e+06
3.0016e+06
2.9584e+06
2.9009e+06
2.8441e+06
2.8075e+06
2.8131e+06
2.872e+06
2.9624e+06
3.0338e+06
3.0521e+06
3.0204e+06
2.9616e+06
2.903e+06
2.8705e+06
2.8832e+06
2.9427e+06
3.0233e+06
3.0842e+06
3.1006e+06
3.0783e+06
3.0408e+06
3.0125e+06
3.0094e+06
3.0354e+06
3.083e+06
3.1333e+06
3.1653e+06
3.1719e+06
3.1668e+06
3.1712e+06
3.1981e+06
3.2466e+06
3.3041e+06
3.3529e+06
3.3811e+06
3.392e+06
3.4017e+06
3.4294e+06
3.4878e+06
3.5795e+06
3.6935e+06
3.8044e+06
3.8816e+06
3.9114e+06
3.9063e+06
3.8915e+06
3.886e+06
3.8944e+06
3.9075e+06
3.9099e+06
3.8906e+06
3.8505e+06
3.8016e+06
3.7618e+06
3.7464e+06
3.7559e+06
3.7701e+06
3.7601e+06
3.712e+06
3.6326e+06
3.5381e+06
3.4483e+06
3.3877e+06
3.3827e+06
3.4435e+06
3.538e+06
3.6063e+06
3.6133e+06
3.5643e+06
3.4832e+06
3.3965e+06
3.3319e+06
3.3125e+06
3.346e+06
3.4141e+06
3.4805e+06
3.5135e+06
3.5036e+06
3.4622e+06
3.4116e+06
3.3738e+06
3.3602e+06
3.3663e+06
3.3751e+06
3.3691e+06
3.3411e+06
3.2984e+06
3.2592e+06
3.2429e+06
3.26e+06
3.3064e+06
3.3628e+06
3.4052e+06
3.4193e+06
3.4102e+06
3.3982e+06
3.4052e+06
3.4429e+06
3.5059e+06
3.573e+06
3.6173e+06
3.6241e+06
3.6012e+06
3.5738e+06
3.5703e+06
3.6093e+06
3.691e+06
3.7915e+06
3.8695e+06
3.8927e+06
3.8612e+06
3.8038e+06
3.7559e+06
3.7456e+06
3.7855e+06
3.8618e+06
3.93e+06
3.944e+06
3.8949e+06
3.8114e+06
3.7282e+06
3.6691e+06
3.6458e+06
3.6572e+06
3.6857e+06
3.7018e+06
3.6872e+06
3.6475e+06
3.6018e+06
3.5669e+06
3.5516e+06
3.5544e+06
3.5623e+06
3.5565e+06
3.5281e+06
3.4879e+06
3.4568e+06
3.4526e+06
3.4787e+06
3.5178e+06
3.5386e+06
3.5193e+06
3.4636e+06
3.3925e+06
3.3295e+06
3.2973e+06
3.3183e+06
3.4036e+06
3.5291e+06
3.6341e+06
3.6719e+06
3.6488e+06
3.6013e+06
3.5663e+06
3.5739e+06
3.6405e+06
3.7505e+06
3.8543e+06
3.9057e+06
3.8983e+06
3.8559e+06
3.8109e+06
3.7993e+06
3.8555e+06
3.9881e+06
4.1473e+06
4.2468e+06
4.243e+06
4.1564e+06
4.0293e+06
3.9037e+06
3.8223e+06
3.8289e+06
3.9477e+06
4.1378e+06
4.2865e+06
4.3089e+06
4.2195e+06
4.0805e+06
3.949e+06
3.8653e+06
3.8511e+06
3.9029e+06
3.9869e+06
4.0516e+06
4.0583e+06
4.0039e+06
3.914e+06
3.8235e+06
3.7616e+06
3.7453e+06
3.7763e+06
3.8376e+06
3.8979e+06
3.9283e+06
3.9215e+06
3.8913e+06
3.8588e+06
3.8382e+06
3.8332e+06
3.8398e+06
3.8504e+06
3.8587e+06
3.8639e+06
3.8697e+06
3.8811e+06
3.8985e+06
3.9161e+06
3.9235e+06
3.9102e+06
3.873e+06
3.8193e+06
3.766e+06
3.731e+06
3.7281e+06
3.7642e+06
3.8383e+06
3.9348e+06
4.0221e+06
4.0666e+06
4.0569e+06
4.0072e+06
3.9397e+06
3.8716e+06
3.8166e+06
3.7908e+06
3.8101e+06
3.877e+06
3.9673e+06
4.041e+06
4.0721e+06
4.0587e+06
4.0122e+06
3.9498e+06
3.8957e+06
3.8823e+06
3.9438e+06
4.0928e+06
4.288e+06
4.4433e+06
4.4985e+06
4.4572e+06
4.359e+06
4.2484e+06
4.1636e+06
4.133e+06
4.169e+06
4.2541e+06
4.3358e+06
4.356e+06
4.2954e+06
4.1797e+06
4.052e+06
3.9507e+06
3.9036e+06
3.926e+06
4.0098e+06
4.1112e+06
4.169e+06
4.1521e+06
4.0774e+06
3.9811e+06
3.8914e+06
3.8223e+06
3.7772e+06
3.7532e+06
3.7416e+06
3.7302e+06
3.7098e+06
3.6796e+06
3.6475e+06
3.6272e+06
3.6311e+06
3.6633e+06
3.714e+06
3.7666e+06
3.8092e+06
3.8385e+06
3.8555e+06
3.8609e+06
3.8563e+06
3.8461e+06
3.8361e+06
3.8295e+06
3.8258e+06
3.8238e+06
3.8235e+06
3.8246e+06
3.8264e+06
3.829e+06
3.834e+06
3.8424e+06
3.8532e+06
3.8649e+06
3.8765e+06
3.8876e+06
3.8969e+06
3.9039e+06
3.9104e+06
3.9201e+06
3.9356e+06
3.957e+06
3.9825e+06
4.0094e+06
4.0333e+06
4.0482e+06
4.0492e+06
4.0349e+06
4.009e+06
3.9798e+06
3.958e+06
3.952e+06
3.962e+06
3.9797e+06
3.9927e+06
3.9901e+06
3.967e+06
3.9261e+06
3.877e+06
3.8323e+06
3.8013e+06
3.7863e+06
3.7822e+06
3.7815e+06
3.7782e+06
3.7711e+06
3.7635e+06
3.7608e+06
3.7672e+06
3.7826e+06
3.8018e+06
3.8168e+06
3.8207e+06
3.8119e+06
3.7958e+06
3.7825e+06
3.7826e+06
3.8028e+06
3.8431e+06
3.8959e+06
3.9474e+06
3.984e+06
3.9993e+06
3.9972e+06
3.9883e+06
3.9849e+06
3.9952e+06
4.0218e+06
4.0578e+06
4.087e+06
4.09e+06
4.058e+06
3.9991e+06
3.9315e+06
3.8742e+06
3.8432e+06
3.8524e+06
3.9083e+06
3.9962e+06
4.0754e+06
4.1066e+06
4.0833e+06
4.0266e+06
3.9606e+06
3.901e+06
3.8584e+06
3.8436e+06
3.8667e+06
3.9304e+06
4.0208e+06
4.1093e+06
4.1693e+06
4.1933e+06
4.191e+06
4.1786e+06
4.1698e+06
4.1704e+06
4.1757e+06
4.1724e+06
4.1461e+06
4.0892e+06
4.0023e+06
3.8933e+06
3.7754e+06
3.6654e+06
3.5799e+06
3.5297e+06
3.5146e+06
3.522e+06
3.5329e+06
3.5311e+06
3.5091e+06
3.4702e+06
3.4258e+06
3.3905e+06
3.3759e+06
3.3866e+06
3.4174e+06
3.4561e+06
3.4886e+06
3.5058e+06
3.5074e+06
3.5023e+06
3.5046e+06
3.5279e+06
3.5797e+06
3.6582e+06
3.751e+06
3.8354e+06
3.8842e+06
3.8795e+06
3.8237e+06
3.7369e+06
3.6449e+06
3.5661e+06
3.5106e+06
3.4819e+06
3.4796e+06
3.497e+06
3.5195e+06
3.529e+06
3.5153e+06
3.4812e+06
3.4375e+06
3.3949e+06
3.3616e+06
3.3453e+06
3.3542e+06
3.3933e+06
3.46e+06
3.5399e+06
3.6127e+06
3.6625e+06
3.6837e+06
3.6808e+06
3.6639e+06
3.6463e+06
3.6397e+06
3.6491e+06
3.6693e+06
3.6861e+06
3.684e+06
3.6536e+06
3.5954e+06
3.5194e+06
3.443e+06
3.3876e+06
3.3716e+06
3.4025e+06
3.4697e+06
3.546e+06
3.6e+06
3.6119e+06
3.5796e+06
3.5162e+06
3.4427e+06
3.3819e+06
3.3517e+06
3.3601e+06
3.4028e+06
3.463e+06
3.5184e+06
3.5493e+06
3.5481e+06
3.5222e+06
3.491e+06
3.4766e+06
3.4948e+06
3.5461e+06
3.6137e+06
3.6697e+06
3.6891e+06
3.6631e+06
3.5999e+06
3.5193e+06
3.4427e+06
3.3873e+06
3.3638e+06
3.3765e+06
3.4204e+06
3.4795e+06
3.5295e+06
3.551e+06
3.5406e+06
3.51e+06
3.4746e+06
3.4461e+06
3.4317e+06
3.4345e+06
3.4538e+06
3.4817e+06
3.5049e+06
3.5117e+06
3.4998e+06
3.4755e+06
3.4474e+06
3.4208e+06
3.3987e+06
3.3835e+06
3.379e+06
3.3897e+06
3.4188e+06
3.4667e+06
3.5309e+06
3.6064e+06
3.6871e+06
3.7648e+06
3.8293e+06
3.8702e+06
3.8808e+06
3.8609e+06
3.8164e+06
3.7562e+06
3.6879e+06
3.6169e+06
3.5476e+06
3.4846e+06
3.432e+06
3.3921e+06
3.3643e+06
3.347e+06
3.339e+06
3.3393e+06
3.3462e+06
3.3567e+06
3.3672e+06
3.3743e+06
3.376e+06
3.373e+06
3.3699e+06
3.3737e+06
3.3897e+06
3.4189e+06
3.456e+06
3.4908e+06
3.5101e+06
3.5014e+06
3.4578e+06
3.3828e+06
3.2894e+06
3.1952e+06
3.1176e+06
3.0725e+06
3.0748e+06
3.1321e+06
3.2324e+06
3.3358e+06
3.3933e+06
3.3822e+06
3.3171e+06
3.2271e+06
3.1352e+06
3.0552e+06
2.9993e+06
2.9852e+06
3.0361e+06
3.1648e+06
3.3425e+06
3.4944e+06
3.5572e+06
3.5291e+06
3.4458e+06
3.3432e+06
3.2472e+06
3.1793e+06
3.1579e+06
3.1911e+06
3.2664e+06
3.3482e+06
3.3983e+06
3.4004e+06
3.3624e+06
3.3031e+06
3.2421e+06
3.199e+06
3.1931e+06
3.2402e+06
3.3446e+06
3.4871e+06
3.6255e+06
3.7151e+06
3.7348e+06
3.6908e+06
3.6043e+06
3.4998e+06
3.3987e+06
3.3165e+06
3.2598e+06
3.2254e+06
3.2024e+06
3.1775e+06
3.1414e+06
3.0924e+06
3.0369e+06
2.9871e+06
2.9568e+06
2.9575e+06
2.9934e+06
3.0574e+06
3.1325e+06
3.1959e+06
3.2281e+06
3.2196e+06
3.1737e+06
3.1036e+06
3.0277e+06
2.9635e+06
2.924e+06
2.9144e+06
2.9321e+06
2.9664e+06
3.0017e+06
3.0217e+06
3.0164e+06
2.9854e+06
2.938e+06
2.8873e+06
2.8452e+06
2.8191e+06
2.8127e+06
2.8275e+06
2.8636e+06
2.9185e+06
2.9845e+06
3.0471e+06
3.091e+06
3.1068e+06
3.0944e+06
3.0588e+06
3.0057e+06
2.9402e+06
2.8675e+06
2.7943e+06
2.7289e+06
2.6795e+06
2.6514e+06
2.6454e+06
2.6574e+06
2.681e+06
2.71e+06
2.7405e+06
2.7706e+06
2.8007e+06
2.8324e+06
2.8675e+06
2.9056e+06
2.943e+06
2.9725e+06
2.9859e+06
2.9778e+06
2.9471e+06
2.8973e+06
2.8357e+06
2.7726e+06
2.7195e+06
2.6872e+06
2.6832e+06
2.7092e+06
2.7604e+06
2.8252e+06
2.8895e+06
2.9411e+06
2.9737e+06
2.9875e+06
2.9871e+06
2.9791e+06
2.9688e+06
2.96e+06
2.9543e+06
2.9516e+06
2.95e+06
2.9443e+06
2.9272e+06
2.8922e+06
2.8389e+06
2.7739e+06
2.7069e+06
2.6468e+06
2.5991e+06
2.5662e+06
2.5493e+06
2.5484e+06
2.5614e+06
2.5833e+06
2.607e+06
2.6268e+06
2.6407e+06
2.6495e+06
2.6542e+06
2.6552e+06
2.6529e+06
2.6494e+06
2.6489e+06
2.6564e+06
2.6735e+06
2.6965e+06
2.7175e+06
2.7291e+06
2.7282e+06
2.7154e+06
2.6924e+06
2.6613e+06
2.6249e+06
2.587e+06
2.5533e+06
2.5298e+06
2.5208e+06
2.5276e+06
2.548e+06
2.5765e+06
2.6065e+06
2.6319e+06
2.6484e+06
2.6541e+06
2.6503e+06
2.6411e+06
2.6322e+06
2.6301e+06
2.6396e+06
2.6632e+06
2.6999e+06
2.7456e+06
2.7931e+06
2.8338e+06
2.8596e+06
2.8655e+06
2.851e+06
2.8199e+06
2.7782e+06
2.7322e+06
2.6877e+06
2.6498e+06
2.6231e+06
2.6108e+06
2.6134e+06
2.6274e+06
2.6466e+06
2.665e+06
2.6795e+06
2.6904e+06
2.6995e+06
2.709e+06
2.7205e+06
2.7357e+06
2.7551e+06
2.7772e+06
2.7964e+06
2.805e+06
2.7961e+06
2.7676e+06
2.7229e+06
2.6688e+06
2.6133e+06
2.5638e+06
2.5275e+06
2.5098e+06
2.5136e+06
2.5375e+06
2.5748e+06
2.6161e+06
2.6516e+06
2.6744e+06
2.6812e+06
2.6719e+06
2.6491e+06
2.6177e+06
2.5845e+06
2.5567e+06
2.5399e+06
2.5364e+06
2.543e+06
2.5536e+06
2.5623e+06
2.5663e+06
2.5645e+06
2.5578e+06
2.5469e+06
2.5326e+06
2.5173e+06
2.5034e+06
2.4932e+06
2.4878e+06
2.4873e+06
2.4904e+06
2.4955e+06
2.5016e+06
2.5075e+06
2.5114e+06
2.5118e+06
2.5069e+06
2.4965e+06
2.482e+06
2.465e+06
2.447e+06
2.4296e+06
2.4153e+06
2.4076e+06
2.4101e+06
2.4238e+06
2.4439e+06
2.4616e+06
2.4682e+06
2.4603e+06
2.4403e+06
2.4133e+06
2.3839e+06
2.3553e+06
2.33e+06
2.3104e+06
2.3e+06
2.3028e+06
2.3217e+06
2.3565e+06
2.4027e+06
2.4511e+06
2.4912e+06
2.5144e+06
2.5172e+06
2.5013e+06
2.4729e+06
2.4399e+06
2.4106e+06
2.3915e+06
2.3868e+06
2.3958e+06
2.4157e+06
2.4405e+06
2.4638e+06
2.4806e+06
2.489e+06
2.4907e+06
2.4887e+06
2.4868e+06
2.4851e+06
2.4831e+06
2.4777e+06
2.4676e+06
2.4526e+06
2.4336e+06
2.4114e+06
2.3865e+06
2.3592e+06
2.3301e+06
2.3004e+06
2.272e+06
2.2472e+06
2.2275e+06
2.2129e+06
2.2018e+06
2.1909e+06
2.177e+06
2.1579e+06
2.1327e+06
2.1028e+06
2.071e+06
2.0419e+06
2.0203e+06
2.0105e+06
2.0149e+06
2.033e+06
2.0612e+06
2.0938e+06
2.1245e+06
2.1479e+06
2.1599e+06
2.1578e+06
2.1401e+06
2.1082e+06
2.066e+06
2.0193e+06
1.974e+06
1.9343e+06
1.9032e+06
1.8832e+06
1.8769e+06
1.8874e+06
1.9178e+06
1.9684e+06
2.0343e+06
2.1042e+06
2.1629e+06
2.1993e+06
2.2091e+06
2.1957e+06
2.1642e+06
2.1204e+06
2.0697e+06
2.0177e+06
1.9704e+06
1.934e+06
1.9136e+06
1.9122e+06
1.9294e+06
1.9601e+06
1.9957e+06
2.0267e+06
2.0459e+06
2.0499e+06
2.0383e+06
2.0127e+06
1.9755e+06
1.9296e+06
1.8792e+06
1.8288e+06
1.7824e+06
1.7425e+06
1.7101e+06
1.685e+06
1.6673e+06
1.6575e+06
1.6565e+06
1.6648e+06
1.6812e+06
1.7024e+06
1.724e+06
1.7419e+06
1.7538e+06
1.7584e+06
1.7555e+06
1.7453e+06
1.729e+06
1.7087e+06
1.6878e+06
1.6697e+06
1.6569e+06
1.6505e+06
1.6498e+06
1.6532e+06
1.6594e+06
1.6667e+06
1.6733e+06
1.6775e+06
1.6782e+06
1.676e+06
1.6734e+06
1.6742e+06
1.6822e+06
1.6987e+06
1.7221e+06
1.7482e+06
1.7719e+06
1.7892e+06
1.7977e+06
1.7961e+06
1.7844e+06
1.764e+06
1.7376e+06
1.7093e+06
1.6832e+06
1.664e+06
1.6548e+06
1.6573e+06
1.6713e+06
1.6946e+06
1.7238e+06
1.7552e+06
1.7849e+06
1.8098e+06
1.828e+06
1.8387e+06
1.8429e+06
1.8426e+06
1.8403e+06
1.8382e+06
1.8374e+06
1.8381e+06
1.8401e+06
1.844e+06
1.8512e+06
1.8632e+06
1.8799e+06
1.8985e+06
1.9139e+06
1.9214e+06
1.9188e+06
1.9075e+06
1.8914e+06
1.8744e+06
1.8594e+06
1.8477e+06
1.8395e+06
1.8347e+06
1.8332e+06
1.8357e+06
1.8429e+06
1.8547e+06
1.8688e+06
1.8808e+06
1.8858e+06
1.8806e+06
1.8646e+06
1.8395e+06
1.8077e+06
1.7721e+06
1.7361e+06
1.7031e+06
1.677e+06
1.661e+06
1.6577e+06
1.6684e+06
1.6923e+06
1.7264e+06
1.7657e+06
1.8045e+06
1.8378e+06
1.8626e+06
1.8778e+06
1.884e+06
1.8828e+06
1.8764e+06
1.867e+06
1.8565e+06
1.8463e+06
1.8371e+06
1.8288e+06
1.821e+06
1.8131e+06
1.8048e+06
1.7957e+06
1.7855e+06
1.7744e+06
1.7629e+06
1.7522e+06
1.7434e+06
1.7371e+06
1.7331e+06
1.7293e+06
1.7229e+06
1.711e+06
1.6922e+06
1.6668e+06
1.6374e+06
1.6077e+06
1.5814e+06
1.5614e+06
1.5493e+06
1.546e+06
1.5517e+06
1.5657e+06
1.5861e+06
1.6092e+06
1.6301e+06
1.6443e+06
1.6482e+06
1.6415e+06
1.6262e+06
1.6069e+06
1.5894e+06
1.579e+06
1.5798e+06
1.5938e+06
1.621e+06
1.6601e+06
1.708e+06
1.7602e+06
1.8111e+06
1.8543e+06
1.8846e+06
1.8983e+06
1.8945e+06
1.8747e+06
1.8429e+06
1.8047e+06
1.7666e+06
1.7343e+06
1.7119e+06
1.7018e+06
1.7043e+06
1.718e+06
1.7405e+06
1.7684e+06
1.7972e+06
1.8222e+06
1.839e+06
1.8448e+06
1.8396e+06
1.8265e+06
1.8098e+06
1.794e+06
1.7819e+06
1.7751e+06
1.7734e+06
1.776e+06
1.7824e+06
1.7931e+06
1.8096e+06
1.8331e+06
1.8635e+06
1.8974e+06
1.9289e+06
1.9522e+06
1.9637e+06
1.9632e+06
1.9524e+06
1.9337e+06
1.9088e+06
1.8791e+06
1.8463e+06
1.8124e+06
1.7809e+06
1.7559e+06
1.7418e+06
1.7415e+06
1.7559e+06
1.7832e+06
1.8203e+06
1.8632e+06
1.9081e+06
1.9514e+06
1.9889e+06
2.0165e+06
2.0313e+06
2.0327e+06
2.023e+06
2.0063e+06
1.9874e+06
1.9708e+06
1.9595e+06
1.9557e+06
1.96e+06
1.9728e+06
1.9935e+06
2.0203e+06
2.0502e+06
2.0788e+06
2.1011e+06
2.1128e+06
2.112e+06
2.0997e+06
2.0789e+06
2.0541e+06
2.0299e+06
2.0106e+06
1.9999e+06
2.001e+06
2.0155e+06
2.0426e+06
2.0776e+06
2.1126e+06
2.1386e+06
2.1487e+06
2.1407e+06
2.1176e+06
2.0861e+06
2.0542e+06
2.0289e+06
2.0154e+06
2.0173e+06
2.0368e+06
2.0753e+06
2.1317e+06
2.2012e+06
2.2732e+06
2.3343e+06
2.3718e+06
2.38e+06
2.3615e+06
2.3247e+06
2.2802e+06
2.2368e+06
2.2007e+06
2.1752e+06
2.1624e+06
2.1635e+06
2.1789e+06
2.2071e+06
2.242e+06
2.2719e+06
2.2819e+06
2.2619e+06
2.2125e+06
2.1442e+06
2.071e+06
2.0045e+06
1.9512e+06
1.9139e+06
1.8932e+06
1.8889e+06
1.9013e+06
1.9303e+06
1.9737e+06
2.0254e+06
2.0751e+06
2.1109e+06
2.1254e+06
2.1188e+06
2.0976e+06
2.0706e+06
2.0447e+06
2.0238e+06
2.0097e+06
2.0026e+06
2.0023e+06
2.0082e+06
2.0185e+06
2.0303e+06
2.0396e+06
2.0429e+06
2.0385e+06
2.0273e+06
2.012e+06
1.9958e+06
1.981e+06
1.968e+06
1.9565e+06
1.9449e+06
1.9321e+06
1.9173e+06
1.9009e+06
1.884e+06
1.8686e+06
1.8572e+06
1.8522e+06
1.8557e+06
1.8687e+06
1.8914e+06
1.9221e+06
1.9578e+06
1.9941e+06
2.0265e+06
2.0513e+06
2.0667e+06
2.0726e+06
2.0703e+06
2.0616e+06
2.0484e+06
2.0327e+06
2.0164e+06
2.0015e+06
1.9892e+06
1.9798e+06
1.9722e+06
1.9644e+06
1.9545e+06
1.9419e+06
1.9277e+06
1.9141e+06
1.9035e+06
1.8979e+06
1.8984e+06
1.9053e+06
1.9178e+06
1.9342e+06
1.9527e+06
1.9716e+06
1.9896e+06
2.006e+06
2.0207e+06
2.0337e+06
2.0447e+06
2.0533e+06
2.0583e+06
2.0584e+06
2.0525e+06
2.0402e+06
2.0222e+06
2.0006e+06
1.9782e+06
1.958e+06
1.9423e+06
1.9329e+06
1.9302e+06
1.9342e+06
1.9436e+06
1.9566e+06
1.9708e+06
1.9831e+06
1.991e+06
1.9931e+06
1.9895e+06
1.982e+06
1.9736e+06
1.9678e+06
1.9673e+06
1.9738e+06
1.9874e+06
2.0059e+06
2.0257e+06
2.0426e+06
2.0526e+06
2.0532e+06
2.0441e+06
2.0268e+06
2.0039e+06
1.9786e+06
1.9537e+06
1.9319e+06
1.9145e+06
1.9017e+06
1.8928e+06
1.8865e+06
1.8822e+06
1.8805e+06
1.8833e+06
1.8923e+06
1.9091e+06
1.9334e+06
1.9637e+06
1.9967e+06
2.0274e+06
2.0505e+06
2.0612e+06
2.0569e+06
2.0377e+06
2.0068e+06
1.9695e+06
1.932e+06
1.9008e+06
1.8824e+06
1.8824e+06
1.9043e+06
1.9468e+06
2.002e+06
2.0561e+06
2.0944e+06
2.1081e+06
2.0964e+06
2.0651e+06
2.0227e+06
1.9776e+06
1.938e+06
1.9114e+06
1.9038e+06
1.918e+06
1.9513e+06
1.994e+06
2.0331e+06
2.0577e+06
2.0634e+06
2.0516e+06
2.0266e+06
1.9936e+06
1.9584e+06
1.9274e+06
1.9073e+06
1.9041e+06
1.9198e+06
1.9502e+06
1.9858e+06
2.0156e+06
2.0333e+06
2.039e+06
2.0362e+06
2.0292e+06
2.0211e+06
2.0142e+06
2.0098e+06
2.0087e+06
2.0108e+06
2.0148e+06
2.019e+06
2.0217e+06
2.0226e+06
2.0218e+06
2.0204e+06
2.0201e+06
2.0223e+06
2.0286e+06
2.0401e+06
2.0568e+06
2.0776e+06
2.1005e+06
2.1232e+06
2.1436e+06
2.16e+06
2.1714e+06
2.1768e+06
2.1748e+06
2.1646e+06
2.1459e+06
2.1202e+06
2.0902e+06
2.06e+06
2.0336e+06
2.0151e+06
2.0082e+06
2.0166e+06
2.0429e+06
2.0861e+06
2.1391e+06
2.1887e+06
2.2197e+06
2.2222e+06
2.1954e+06
2.1457e+06
2.0823e+06
2.0145e+06
1.9506e+06
1.8982e+06
1.8641e+06
1.8526e+06
1.8633e+06
1.8893e+06
1.9191e+06
1.9419e+06
1.9514e+06
1.9469e+06
1.9308e+06
1.9074e+06
1.8812e+06
1.8577e+06
1.8421e+06
1.8385e+06
1.8479e+06
1.8672e+06
1.8897e+06
1.9088e+06
1.9208e+06
1.9263e+06
1.9281e+06
1.9302e+06
1.9361e+06
1.9489e+06
1.9706e+06
2.001e+06
2.0373e+06
2.0743e+06
2.1055e+06
2.1256e+06
2.1322e+06
2.126e+06
2.1098e+06
2.0883e+06
2.0661e+06
2.0476e+06
2.0359e+06
2.0329e+06
2.0386e+06
2.0519e+06
2.0706e+06
2.0918e+06
2.1122e+06
2.1283e+06
2.1369e+06
2.136e+06
2.1245e+06
2.1032e+06
2.0736e+06
2.0385e+06
2.0015e+06
1.9677e+06
1.9425e+06
1.931e+06
1.9359e+06
1.9556e+06
1.9846e+06
2.015e+06
2.0399e+06
2.054e+06
2.0545e+06
2.0408e+06
2.0144e+06
1.9796e+06
1.9436e+06
1.9152e+06
1.9034e+06
1.913e+06
1.9422e+06
1.982e+06
2.0193e+06
2.0427e+06
2.0463e+06
2.0305e+06
1.9998e+06
1.9615e+06
1.9228e+06
1.8901e+06
1.868e+06
1.8585e+06
1.8609e+06
1.8722e+06
1.8871e+06
1.8995e+06
1.9044e+06
1.8996e+06
1.8866e+06
1.8709e+06
1.8596e+06
1.8586e+06
1.8717e+06
1.8988e+06
1.9363e+06
1.978e+06
2.016e+06
2.0431e+06
2.0552e+06
2.0529e+06
2.0414e+06
2.0288e+06
2.0238e+06
2.0338e+06
2.0629e+06
2.109e+06
2.1611e+06
2.2001e+06
2.2073e+06
2.1755e+06
2.1132e+06
2.0371e+06
1.9629e+06
1.902e+06
1.8614e+06
1.8463e+06
1.8609e+06
1.9069e+06
1.9786e+06
2.059e+06
2.1253e+06
2.1627e+06
2.1716e+06
2.1618e+06
2.1438e+06
2.1247e+06
2.1076e+06
2.0933e+06
2.0811e+06
2.069e+06
2.0556e+06
2.0414e+06
2.0305e+06
2.0287e+06
2.0415e+06
2.072e+06
2.1188e+06
2.1751e+06
2.2282e+06
2.2634e+06
2.2705e+06
2.2497e+06
2.2104e+06
2.1657e+06
2.1266e+06
2.1003e+06
2.0889e+06
2.0891e+06
2.0914e+06
2.0828e+06
2.054e+06
2.0051e+06
1.9449e+06
1.8853e+06
1.8369e+06
1.8085e+06
1.8084e+06
1.8432e+06
1.9128e+06
1.9995e+06
2.0687e+06
2.0896e+06
2.0593e+06
1.9978e+06
1.9286e+06
1.8689e+06
1.8312e+06
1.8245e+06
1.8537e+06
1.9124e+06
1.9789e+06
2.0235e+06
2.0293e+06
2.0024e+06
1.9618e+06
1.926e+06
1.9097e+06
1.9249e+06
1.9797e+06
2.0701e+06
2.1708e+06
2.2411e+06
2.2529e+06
2.2093e+06
2.1333e+06
2.049e+06
1.976e+06
1.9299e+06
1.9217e+06
1.9514e+06
2.0011e+06
2.0398e+06
2.0443e+06
2.013e+06
1.959e+06
1.8973e+06
1.8408e+06
1.802e+06
1.7949e+06
1.8332e+06
1.9179e+06
2.0239e+06
2.1097e+06
2.1501e+06
2.1477e+06
2.1177e+06
2.0745e+06
2.0286e+06
1.9881e+06
1.9577e+06
1.9381e+06
1.9243e+06
1.9092e+06
1.8891e+06
1.8667e+06
1.8499e+06
1.8488e+06
1.8733e+06
1.9284e+06
2.0072e+06
2.0866e+06
2.1383e+06
2.148e+06
2.1209e+06
2.0715e+06
2.0143e+06
1.9626e+06
1.9292e+06
1.9249e+06
1.9527e+06
2e+06
2.04e+06
2.0455e+06
2.0071e+06
1.9335e+06
1.8419e+06
1.7503e+06
1.6758e+06
1.6349e+06
1.6405e+06
1.6936e+06
1.7752e+06
1.8517e+06
1.8956e+06
1.8991e+06
1.8703e+06
1.8241e+06
1.7774e+06
1.7478e+06
1.7527e+06
1.802e+06
1.8861e+06
1.9714e+06
2.0189e+06
2.0102e+06
1.952e+06
1.8644e+06
1.7687e+06
1.6837e+06
1.6252e+06
1.6051e+06
1.627e+06
1.6807e+06
1.743e+06
1.7895e+06
1.8069e+06
1.7962e+06
1.7669e+06
1.732e+06
1.7051e+06
1.7008e+06
1.7317e+06
1.8009e+06
1.8917e+06
1.9718e+06
2.0128e+06
2.0064e+06
1.963e+06
1.8994e+06
1.8314e+06
1.7715e+06
1.7295e+06
1.7118e+06
1.7184e+06
1.7425e+06
1.7726e+06
1.7978e+06
1.8121e+06
1.814e+06
1.8045e+06
1.7854e+06
1.7585e+06
1.7262e+06
1.6927e+06
1.6643e+06
1.6493e+06
1.6565e+06
1.6916e+06
1.753e+06
1.8272e+06
1.8908e+06
1.92e+06
1.903e+06
1.8455e+06
1.7645e+06
1.6799e+06
1.6098e+06
1.5697e+06
1.5713e+06
1.6186e+06
1.6999e+06
1.7877e+06
1.8511e+06
1.8733e+06
1.8581e+06
1.8218e+06
1.7843e+06
1.7651e+06
1.7819e+06
1.8428e+06
1.9354e+06
2.0238e+06
2.0689e+06
2.0548e+06
1.9928e+06
1.9057e+06
1.8168e+06
1.7478e+06
1.72e+06
1.7484e+06
1.8254e+06
1.9092e+06
1.9473e+06
1.9199e+06
1.8465e+06
1.7573e+06
1.6759e+06
1.6194e+06
1.6016e+06
1.6297e+06
1.6968e+06
1.7762e+06
1.8332e+06
1.8486e+06
1.8292e+06
1.7979e+06
1.7803e+06
1.7957e+06
1.8463e+06
1.9085e+06
1.9418e+06
1.9191e+06
1.8439e+06
1.7381e+06
1.6255e+06
1.5279e+06
1.468e+06
1.4693e+06
1.5426e+06
1.6597e+06
1.7548e+06
1.7813e+06
1.7477e+06
1.687e+06
1.6276e+06
1.5886e+06
1.584e+06
1.6224e+06
1.6996e+06
1.7912e+06
1.8601e+06
1.8807e+06
1.8535e+06
1.7952e+06
1.7246e+06
1.6572e+06
1.6048e+06
1.5773e+06
1.5824e+06
1.6207e+06
1.6785e+06
1.7286e+06
1.7474e+06
1.7294e+06
1.6849e+06
1.6277e+06
1.5684e+06
1.5142e+06
1.4721e+06
1.4512e+06
1.4631e+06
1.5152e+06
1.6004e+06
1.6929e+06
1.7598e+06
1.7819e+06
1.7605e+06
1.7095e+06
1.6467e+06
1.5902e+06
1.5571e+06
1.5594e+06
1.5966e+06
1.6505e+06
1.6931e+06
1.7033e+06
1.6789e+06
1.632e+06
1.5798e+06
1.537e+06
1.512e+06
1.5042e+06
1.505e+06
1.5023e+06
1.4863e+06
1.4547e+06
1.4125e+06
1.3693e+06
1.3357e+06
1.3199e+06
1.3249e+06
1.3476e+06
1.3795e+06
1.4112e+06
1.4362e+06
1.4532e+06
1.4655e+06
1.4779e+06
1.4931e+06
1.5103e+06
1.5257e+06
1.535e+06
1.5366e+06
1.5326e+06
1.5286e+06
1.5309e+06
1.5424e+06
1.559e+06
1.5708e+06
1.5661e+06
1.538e+06
1.4883e+06
1.4275e+06
1.3726e+06
1.343e+06
1.3526e+06
1.4003e+06
1.4678e+06
1.5304e+06
1.5719e+06
1.5893e+06
1.5887e+06
1.5793e+06
1.5692e+06
1.563e+06
1.5613e+06
1.5617e+06
1.5613e+06
1.5593e+06
1.5599e+06
1.5706e+06
1.5983e+06
1.6415e+06
1.6888e+06
1.7257e+06
1.7432e+06
1.7397e+06
1.7185e+06
1.685e+06
1.6451e+06
1.603e+06
1.5606e+06
1.5179e+06
1.4752e+06
1.4346e+06
1.4003e+06
1.3792e+06
1.3791e+06
1.4042e+06
1.448e+06
1.4911e+06
1.5124e+06
1.5058e+06
1.4809e+06
1.4539e+06
1.4408e+06
1.4547e+06
1.4974e+06
1.551e+06
1.5855e+06
1.5844e+06
1.5552e+06
1.514e+06
1.4765e+06
1.4556e+06
1.4616e+06
1.4958e+06
1.5429e+06
1.576e+06
1.5778e+06
1.5525e+06
1.5156e+06
1.4834e+06
1.4684e+06
1.4763e+06
1.5007e+06
1.5208e+06
1.5144e+06
1.4777e+06
1.4248e+06
1.3734e+06
1.3367e+06
1.3218e+06
1.328e+06
1.3449e+06
1.3566e+06
1.3535e+06
1.3402e+06
1.3305e+06
1.3377e+06
1.3685e+06
1.4169e+06
1.4618e+06
1.4775e+06
1.4543e+06
1.4048e+06
1.3525e+06
1.3206e+06
1.3302e+06
1.3947e+06
1.5058e+06
1.6164e+06
1.6634e+06
1.6289e+06
1.5477e+06
1.4619e+06
1.3996e+06
1.3751e+06
1.3902e+06
1.4295e+06
1.4592e+06
1.447e+06
1.3904e+06
1.3155e+06
1.2537e+06
1.2273e+06
1.2439e+06
1.2916e+06
1.3391e+06
1.3532e+06
1.3241e+06
1.2689e+06
1.2145e+06
1.1861e+06
1.2017e+06
1.2676e+06
1.3659e+06
1.4527e+06
1.4874e+06
1.467e+06
1.4197e+06
1.3778e+06
1.3634e+06
1.3843e+06
1.4301e+06
1.4732e+06
1.4864e+06
1.4634e+06
1.4206e+06
1.383e+06
1.3743e+06
1.4074e+06
1.471e+06
1.5229e+06
1.5216e+06
1.4649e+06
1.3799e+06
1.2949e+06
1.2296e+06
1.1979e+06
1.2072e+06
1.2519e+06
1.3046e+06
1.3288e+06
1.3102e+06
1.2631e+06
1.2096e+06
1.1664e+06
1.142e+06
1.1387e+06
1.1514e+06
1.168e+06
1.1754e+06
1.1678e+06
1.1484e+06
1.1226e+06
1.0934e+06
1.061e+06
1.0247e+06
9.8587e+05
9.4927e+05
9.244e+05
9.2576e+05
9.7046e+05
1.0663e+06
1.1924e+06
1.2982e+06
1.3412e+06
1.3202e+06
1.2626e+06
1.1969e+06
1.143e+06
1.1151e+06
1.1221e+06
1.163e+06
1.2202e+06
1.2629e+06
1.2654e+06
1.2246e+06
1.1582e+06
1.0928e+06
1.0535e+06
1.0561e+06
1.0967e+06
1.1496e+06
1.1811e+06
1.1719e+06
1.1269e+06
1.0682e+06
1.0225e+06
1.0116e+06
1.042e+06
1.0981e+06
1.1472e+06
1.1589e+06
1.1237e+06
1.0548e+06
9.7945e+05
9.3114e+05
9.3981e+05
1.0075e+06
1.0927e+06
1.1424e+06
1.1386e+06
1.0983e+06
1.0487e+06
1.0152e+06
1.0173e+06
1.06e+06
1.1213e+06
1.1613e+06
1.1554e+06
1.1122e+06
1.0604e+06
1.0326e+06
1.0595e+06
1.1539e+06
1.2819e+06
1.3661e+06
1.3584e+06
1.2834e+06
1.192e+06
1.1276e+06
1.1249e+06
1.2009e+06
1.3208e+06
1.395e+06
1.3719e+06
1.285e+06
1.1897e+06
1.1262e+06
1.1228e+06
1.188e+06
1.2832e+06
1.3307e+06
1.2948e+06
1.2059e+06
1.1063e+06
1.0249e+06
9.8213e+05
9.9367e+05
1.0532e+06
1.1099e+06
1.1088e+06
1.0546e+06
9.845e+05
9.2828e+05
9.0666e+05
9.3399e+05
1.0009e+06
1.0538e+06
1.0482e+06
1.0036e+06
9.5833e+05
9.365e+05
9.4938e+05
9.9541e+05
1.0512e+06
1.077e+06
1.0564e+06
1.0127e+06
9.7706e+05
9.6717e+05
9.8519e+05
1.0177e+06
1.0393e+06
1.0307e+06
9.9664e+05
9.6308e+05
9.6125e+05
1.0151e+06
1.1276e+06
1.2622e+06
1.3492e+06
1.3475e+06
1.2838e+06
1.2085e+06
1.1566e+06
1.1433e+06
1.1657e+06
1.1986e+06
1.205e+06
1.1691e+06
1.1111e+06
1.0652e+06
1.0564e+06
1.0874e+06
1.1302e+06
1.1402e+06
1.0984e+06
1.0246e+06
9.5066e+05
9.0237e+05
8.9763e+05
9.4184e+05
1.0115e+06
1.0538e+06
1.0354e+06
9.7415e+05
9.0699e+05
8.6303e+05
8.623e+05
9.1286e+05
9.9293e+05
1.0497e+06
1.0498e+06
1.01e+06
9.6312e+05
9.3097e+05
9.2287e+05
9.3815e+05
9.6598e+05
9.9e+05
9.9978e+05
9.9656e+05
9.8768e+05
9.7891e+05
9.7146e+05
9.6304e+05
9.5107e+05
9.3578e+05
9.2061e+05
9.1002e+05
9.0762e+05
9.1614e+05
9.3712e+05
9.6763e+05
9.9698e+05
1.0126e+06
1.0084e+06
9.8501e+05
9.4611e+05
8.9969e+05
8.6182e+05
8.5564e+05
8.9862e+05
9.8248e+05
1.0675e+06
1.106e+06
1.0795e+06
1.0056e+06
9.167e+05
8.4279e+05
8.0793e+05
8.257e+05
8.8635e+05
9.4927e+05
9.7069e+05
9.4571e+05
9.0274e+05
8.7121e+05
8.6615e+05
8.8504e+05
9.0882e+05
9.1219e+05
8.843e+05
8.3928e+05
8.0493e+05
8.0485e+05
8.4316e+05
8.9425e+05
9.1535e+05
8.8577e+05
8.2321e+05
7.6064e+05
7.2798e+05
7.4778e+05
8.2399e+05
9.178e+05
9.5753e+05
9.1795e+05
8.4047e+05
7.7125e+05
7.3689e+05
7.4892e+05
7.9799e+05
8.438e+05
8.438e+05
7.9999e+05
7.4438e+05
7.042e+05
6.9492e+05
7.2182e+05
7.7227e+05
8.1059e+05
8.0928e+05
7.7833e+05
7.4222e+05
7.1493e+05
6.9734e+05
6.8235e+05
6.6254e+05
6.3806e+05
6.1859e+05
6.1582e+05
6.3427e+05
6.6709e+05
6.9766e+05
7.0904e+05
6.9771e+05
6.768e+05
6.654e+05
6.7635e+05
7.0909e+05
7.4822e+05
7.7135e+05
7.6655e+05
7.4175e+05
7.1609e+05
7.0668e+05
7.204e+05
7.4889e+05
7.7022e+05
7.6609e+05
7.4008e+05
7.1191e+05
6.9973e+05
7.0999e+05
7.345e+05
7.5426e+05
7.5392e+05
7.3586e+05
7.1732e+05
7.164e+05
7.4093e+05
7.8251e+05
8.1806e+05
8.2638e+05
8.0741e+05
7.8016e+05
7.6531e+05
7.7324e+05
8.002e+05
8.3021e+05
8.4534e+05
8.404e+05
8.2724e+05
8.2448e+05
8.4352e+05
8.792e+05
9.1023e+05
9.1536e+05
8.922e+05
8.5564e+05
8.226e+05
8.0189e+05
7.9252e+05
7.8711e+05
7.7849e+05
7.6652e+05
7.5875e+05
7.6323e+05
7.7941e+05
7.9564e+05
7.9721e+05
7.7925e+05
7.5127e+05
7.2997e+05
7.2886e+05
7.4977e+05
7.7946e+05
7.9653e+05
7.8889e+05
7.6362e+05
7.3882e+05
7.2934e+05
7.3703e+05
7.4908e+05
7.4671e+05
7.2048e+05
6.7806e+05
6.397e+05
6.3091e+05
6.7274e+05
7.5776e+05
8.3206e+05
8.4155e+05
7.9273e+05
7.2464e+05
6.6641e+05
6.323e+05
6.2755e+05
6.4785e+05
6.7694e+05
6.9476e+05
6.9247e+05
6.7457e+05
6.49e+05
6.2076e+05
5.9324e+05
5.7153e+05
5.6321e+05
5.7543e+05
6.0832e+05
6.4857e+05
6.7346e+05
6.7036e+05
6.4718e+05
6.2109e+05
6.0522e+05
6.0259e+05
6.0482e+05
5.9811e+05
5.7523e+05
5.4067e+05
5.0492e+05
4.7841e+05
4.6887e+05
4.7997e+05
5.0876e+05
5.445e+05
5.7661e+05
6.0379e+05
6.2982e+05
6.5212e+05
6.5781e+05
6.3583e+05
5.9216e+05
5.447e+05
5.089e+05
4.9171e+05
4.9193e+05
5.0196e+05
5.1252e+05
5.1925e+05
5.2461e+05
5.3201e+05
5.3925e+05
5.3797e+05
5.212e+05
4.9191e+05
4.6362e+05
4.5434e+05
4.7706e+05
5.2398e+05
5.5805e+05
5.4828e+05
5.0614e+05
4.5856e+05
4.2532e+05
4.2077e+05
4.5201e+05
5.0276e+05
5.2673e+05
5.0092e+05
4.5032e+05
4.0265e+05
3.7451e+05
3.7748e+05
4.0724e+05
4.2797e+05
4.197e+05
3.9712e+05
3.7344e+05
3.5309e+05
3.3585e+05
3.2095e+05
3.1269e+05
3.1998e+05
3.4353e+05
3.6847e+05
3.7423e+05
3.5083e+05
