31.142
32.327
33.11
33.397
33.387
33.368
33.477
33.597
33.492
33.054
32.457
32.095
32.302
33.061
33.986
34.618
34.742
34.508
34.308
34.456
34.907
35.284
35.212
34.681
34.206
34.588
36.297
38.963
41.599
43.208
43.252
41.848
39.776
38.214
38.111
39.498
41.528
43.197
43.942
43.803
43.287
43.027
43.394
44.301
45.362
46.225
46.776
47.127
47.44
47.752
47.939
47.844
47.475
47.103
47.161
47.964
49.437
51.102
52.348
52.758
52.319
51.448
50.806
50.939
51.918
53.3
54.444
54.901
54.657
54.137
53.976
54.618
55.998
57.576
58.685
58.914
58.317
57.388
56.82
57.091
58.167
59.559
60.695
61.286
61.47
61.682
62.322
63.42
64.56
65.125
64.676
63.23
61.336
59.883
59.65
60.826
62.907
65.087
66.733
67.63
67.95
68.034
68.125
68.226
68.16
67.77
67.108
66.456
66.163
66.385
66.935
67.377
67.294
66.553
65.416
64.435
64.144
64.722
65.859
66.97
67.551
67.449
66.922
66.475
66.547
67.219
68.153
68.81
68.769
67.953
66.663
65.432
64.729
64.695
65.082
65.446
65.44
65
64.34
63.789
63.565
63.637
63.788
63.799
63.629
63.445
63.477
63.806
64.234
64.365
63.848
62.623
61.03
59.7
59.215
59.706
60.713
61.463
61.32
60.112
58.225
56.438
55.507
55.666
56.451
57.039
56.778
55.548
53.842
52.547
52.433
53.614
55.45
57.006
57.589
57.04
55.745
54.411
53.67
53.692
54.118
54.372
54.09
53.36
52.683
52.659
53.552
55.059
56.518
57.337
57.34
56.872
56.628
57.236
58.805
60.815
62.436
62.988
62.245
60.51
58.484
56.937
56.309
56.51
57.111
57.756
58.439
59.475
61.18
63.505
65.915
67.618
67.945
66.678
64.228
61.611
60.103
60.557
62.793
65.722
68.041
68.863
67.997
65.98
63.89
62.899
63.632
65.769
68.291
70.097
70.483
69.33
67.081
64.556
62.621
61.792
62
62.719
63.346
63.521
63.239
62.757
62.383
62.26
62.266
62.104
61.49
60.334
58.811
57.304
56.23
55.832
56.057
56.611
57.145
57.428
57.414
57.204
56.936
56.69
56.461
56.209
55.962
55.869
56.157
56.986
58.296
59.756
60.886
61.254
60.676
59.334
57.785
56.794
56.993
58.517
60.911
63.408
65.306
66.228
66.194
65.568
64.88
64.592
64.888
65.627
66.475
67.121
67.434
67.504
67.553
67.79
68.259
68.797
69.103
68.89
68.02
66.584
64.879
63.305
62.194
61.652
61.517
61.469
61.207
60.598
59.724
58.823
58.143
57.798
57.689
57.577
57.23
56.577
55.77
55.123
54.949
55.35
56.131
56.886
57.217
56.943
56.222
55.518
55.41
56.274
58.033
60.181
62.064
63.191
63.431
63.043
62.546
62.464
63.03
64.059
65.08
65.627
65.485
64.786
63.923
63.332
63.235
63.522
63.865
63.972
63.799
63.599
63.757
64.512
65.724
66.889
67.382
66.756
64.953
62.374
59.772
57.956
57.368
57.82
58.639
59.09
58.76
57.718
56.461
55.669
55.816
56.857
58.245
59.254
59.352
58.439
56.918
55.583
55.275
56.391
58.592
60.992
62.623
62.826
61.462
58.967
56.279
54.552
54.61
56.443
59.234
61.916
63.674
64.188
63.637
62.567
61.647
61.358
61.754
62.476
62.98
62.823
61.845
60.219
58.378
56.846
56.017
55.977
56.496
57.186
57.695
57.845
57.654
57.278
56.912
56.687
56.621
56.636
56.631
56.559
56.467
56.47
56.682
57.13
57.714
58.235
58.493
58.391
58.014
57.637
57.63
58.292
59.67
61.498
63.296
64.556
64.925
64.319
62.964
61.352
60.092
59.669
60.204
61.376
62.577
63.174
62.727
61.111
58.569
55.677
53.22
51.934
52.146
53.585
55.544
57.238
58.099
57.915
56.864
55.455
54.368
54.178
55.057
56.67
58.358
59.463
59.585
58.716
57.259
55.914
55.416
56.162
57.98
60.242
62.203
63.303
63.313
62.342
60.742
58.954
57.333
56.029
54.99
54.081
53.234
52.534
52.183
52.375
53.14
54.281
55.435
56.229
56.423
55.999
55.175
54.339
53.906
54.132
54.995
56.219
57.421
58.294
58.715
58.766
58.67
58.66
58.86
59.223
59.568
59.694
59.488
58.984
58.344
57.769
57.4
57.239
57.164
56.998
56.609
55.976
55.197
54.44
53.867
53.559
53.488
53.541
53.589
53.554
53.444
53.345
53.377
53.633
54.126
54.782
55.473
56.074
56.513
56.795
56.994
57.21
57.525
57.966
58.493
59.014
59.415
59.594
59.486
59.074
58.407
57.593
56.784
56.146
55.803
55.791
56.033
56.357
56.561
56.481
56.063
55.397
54.71
54.301
54.422
55.14
56.274
57.448
58.236
58.333
57.688
56.573
55.548
55.274
56.195
58.257
60.909
63.365
64.916
65.127
63.911
61.517
58.448
55.317
52.66
50.765
49.597
48.901
48.391
47.905
47.46
47.212
47.341
47.933
48.916
50.068
51.103
51.776
51.962
51.704
51.207
50.777
50.718
51.196
52.164
53.388
54.549
55.373
55.709
55.561
55.064
54.428
53.864
53.514
53.41
53.478
53.584
53.582
53.363
52.892
52.212
51.452
50.802
50.472
50.636
51.357
52.552
54
55.404
56.479
57.032
57.02
56.57
55.951
55.49
55.441
55.864
56.591
57.297
57.635
57.367
56.438
54.995
53.349
51.875
50.889
50.53
50.712
51.191
51.684
51.986
52.038
51.933
51.87
52.054
52.595
53.432
54.347
55.047
55.28
54.934
54.085
52.991
52.011
51.472
51.527
52.079
52.837
53.443
53.614
53.216
52.293
51.035
49.719
48.622
47.937
47.708
47.834
48.126
48.393
48.524
48.53
48.552
48.799
49.462
50.599
52.082
53.629
54.894
55.579
55.524
54.743
53.431
51.914
50.562
49.672
49.366
49.556
50.007
50.443
50.648
50.532
50.142
49.65
49.3
49.324
49.855
50.856
52.132
53.386
54.319
54.705
54.439
53.55
52.186
50.573
48.968
47.6
46.631
46.134
46.1
46.462
47.127
47.982
48.916
49.815
50.572
51.102
51.354
51.323
51.06
50.663
50.251
49.931
49.759
49.729
49.779
49.83
49.825
49.752
49.642
49.541
49.476
49.436
49.373
49.227
48.964
48.602
48.218
47.934
47.872
48.094
48.561
49.12
49.542
49.598
49.146
48.208
47.018
45.99
45.599
46.154
47.61
49.554
51.386
52.537
52.616
51.485
49.272
46.361
43.348
40.947
39.786
40.131
41.735
43.984
46.195
47.832
48.609
48.523
47.837
47.011
46.549
46.786
47.721
49.025
50.209
50.832
50.636
49.596
47.91
45.953
44.18
43.013
42.701
43.242
44.406
45.849
47.242
48.355
49.092
49.482
49.642
49.705
49.758
49.799
49.735
49.436
48.795
47.788
46.491
45.072
43.746
42.716
42.113
41.963
42.189
42.649
43.181
43.646
43.95
44.07
44.047
43.985
44.018
44.265
44.784
45.545
46.431
47.278
47.913
48.207
48.098
47.602
46.818
45.908
45.075
44.528
44.436
44.882
45.837
47.156
48.615
49.958
50.95
51.423
51.304
50.631
49.545
48.261
47.016
46.002
45.317
44.946
44.786
44.705
44.594
44.399
44.138
43.884
43.753
43.861
44.29
45.047
46.044
47.111
48.032
48.601
48.674
48.2
47.245
45.977
44.636
43.473
42.68
42.34
42.408
42.748
43.183
43.556
43.752
43.716
43.455
43.039
42.583
42.231
42.103
42.253
42.633
43.102
43.469
43.552
43.238
42.514
41.469
40.284
39.184
38.39
38.063
38.254
38.897
39.826
40.823
41.665
42.17
42.235
41.857
41.147
40.303
39.558
39.103
39.011
39.206
39.507
39.699
39.612
39.163
38.364
37.313
36.164
35.091
34.258
33.782
33.708
34.011
34.599
35.348
36.132
36.844
37.416
37.818
38.056
38.163
38.186
38.175
38.175
38.216
38.309
38.444
38.591
38.7
38.713
38.572
38.233
37.678
36.924
36.027
35.075
34.175
33.429
32.911
32.651
32.628
32.781
33.029
33.286
33.487
33.595
33.615
33.587
33.577
33.649
33.84
34.132
34.459
34.724
34.834
34.73
34.405
33.911
33.339
32.805
32.42
32.256
32.333
32.606
32.979
33.324
33.518
33.464
33.119
32.503
31.693
30.81
29.99
29.346
28.948
28.806
28.88
29.109
29.424
29.764
30.079
30.331
30.487
30.525
30.438
30.239
29.958
29.648
29.366
29.168
29.086
29.119
29.235
29.377
29.477
29.473
29.324
29.015
28.569
28.049
27.557
27.22
27.155
27.424
28.006
28.794
29.631
30.354
30.839
31.018
30.885
30.486
29.903
29.239
28.598
28.072
27.725
27.581
27.615
27.765
27.948
28.087
28.133
28.071
27.921
27.721
27.514
27.334
27.195
27.092
27.008
26.92
26.813
26.681
26.546
26.445
26.429
26.536
26.772
27.098
27.438
27.704
27.817
27.736
27.462
27.034
26.524
26.014
25.585
25.303
25.208
25.304
25.559
25.912
26.28
26.581
26.746
26.734
26.531
26.156
25.648
25.063
24.464
23.91
23.454
23.133
22.974
22.984
23.15
23.436
23.779
24.096
24.296
24.298
24.05
23.54
22.807
21.928
21.016
20.193
19.58
19.27
19.313
19.704
20.375
21.208
22.057
22.776
23.248
23.403
23.23
22.772
22.117
21.378
20.677
20.119
19.781
19.703
19.886
20.296
20.879
21.564
22.279
22.956
23.534
23.956
24.174
24.154
23.88
23.362
22.643
21.795
20.912
20.098
19.451
19.045
18.921
19.076
19.464
20.001
20.579
21.087
21.429
21.547
21.423
21.088
20.607
20.064
19.546
19.119
18.816
18.639
18.556
18.52
18.478
18.386
18.22
17.982
17.703
17.434
17.235
17.152
17.201
17.365
17.6
17.851
18.067
18.208
18.254
18.201
18.062
17.869
17.663
17.49
17.389
17.382
17.463
17.605
17.764
17.896
17.969
17.965
17.887
17.751
17.581
17.398
17.222
17.059
16.911
16.775
16.654
16.558
16.51
16.537
16.657
16.87
17.146
17.433
17.668
17.799
17.793
17.649
17.397
17.082
16.759
16.482
16.294
16.233
16.324
16.581
16.989
17.501
18.042
18.522
18.855
18.979
18.871
18.541
18.036
17.424
16.783
16.185
15.685
15.32
15.1
15.013
15.032
15.121
15.24
15.358
15.451
15.509
15.534
15.536
15.527
15.522
15.532
15.564
15.623
15.713
15.838
16.006
16.224
16.492
16.804
17.144
17.484
17.794
18.042
18.203
18.262
18.214
18.067
17.842
17.572
17.301
17.072
16.921
16.867
16.904
17.005
17.128
17.226
17.259
17.196
17.021
16.738
16.365
15.939
15.511
15.131
14.844
14.673
14.615
14.645
14.724
14.814
14.88
14.903
14.876
14.81
14.726
14.651
14.609
14.615
14.667
14.752
14.848
14.938
15.007
15.053
15.079
15.095
15.117
15.166
15.265
15.432
15.673
15.972
16.298
16.609
16.867
17.042
17.12
17.097
16.977
16.775
16.514
16.229
15.971
15.796
15.749
15.848
16.078
16.396
16.749
17.085
17.365
17.561
17.655
17.637
17.509
17.287
17.003
16.7
16.421
16.198
16.043
15.953
15.917
15.925
15.978
16.08
16.234
16.439
16.689
16.972
17.276
17.586
17.881
18.136
18.323
18.42
18.419
18.328
18.178
18.006
17.854
17.751
17.713
17.741
17.82
17.931
18.046
18.14
18.191
18.189
18.137
18.055
17.972
17.918
17.915
17.967
18.06
18.167
18.255
18.288
18.237
18.08
17.811
17.442
17.008
16.563
16.171
15.896
15.784
15.856
16.105
16.499
16.992
17.523
18.027
18.438
18.696
18.762
18.625
18.308
17.868
17.383
16.942
16.617
16.451
16.447
16.574
16.779
17
17.181
17.277
17.261
17.131
16.907
16.634
16.375
16.199
16.174
16.343
16.719
17.277
17.955
18.673
19.341
19.883
20.241
20.391
20.344
20.143
19.857
19.566
19.344
19.253
19.325
19.561
19.931
20.383
20.848
21.255
21.542
21.665
21.605
21.374
21.007
20.558
20.092
19.67
19.342
19.145
19.095
19.19
19.414
19.74
20.132
20.554
20.97
21.349
21.668
21.911
22.074
22.16
22.181
22.152
22.093
22.023
21.964
21.936
21.953
22.021
22.133
22.268
22.398
22.492
22.528
22.502
22.426
22.329
22.244
22.203
22.227
22.323
22.485
22.695
22.93
23.16
23.359
23.504
23.58
23.584
23.528
23.436
23.343
23.284
23.291
23.384
23.566
23.823
24.125
24.43
24.698
24.89
24.983
24.968
24.856
24.673
24.457
24.255
24.109
24.055
24.116
24.297
24.588
24.959
25.37
25.774
26.127
26.392
26.548
26.592
26.539
26.42
26.273
26.141
26.057
26.043
26.103
26.227
26.395
26.583
26.772
26.95
27.121
27.296
27.489
27.709
27.956
28.218
28.476
28.704
28.875
28.962
28.939
28.793
28.532
28.198
27.871
27.661
27.668
27.945
28.458
29.094
29.687
30.078
30.148
29.847
29.199
28.288
27.247
26.237
25.422
24.946
24.9
25.293
26.043
26.999
27.98
28.815
29.383
29.626
29.561
29.273
28.899
28.599
28.514
28.727
29.233
29.944
30.713
31.38
31.81
31.915
31.673
31.123
30.358
29.508
28.706
28.071
27.683
27.579
27.75
28.158
28.741
29.426
30.139
30.811
31.393
31.859
32.208
32.467
32.671
32.857
33.049
33.246
33.423
33.537
33.538
33.382
33.044
32.519
31.833
31.036
30.205
29.435
28.83
28.487
28.47
28.787
29.383
30.148
30.94
31.623
32.09
32.287
32.219
31.955
31.615
31.35
31.299
31.548
32.096
32.851
33.662
34.359
34.8
34.9
34.644
34.09
33.357
32.599
31.979
31.626
31.61
31.92
32.477
33.157
33.829
34.379
34.735
34.872
34.817
34.637
34.422
34.261
34.214
34.296
34.475
34.685
34.843
34.879
34.745
34.43
33.964
33.411
32.867
32.439
32.225
32.288
32.632
33.196
33.87
34.516
35.004
35.234
35.155
34.777
34.174
33.481
32.875
32.541
32.623
33.174
34.127
35.313
36.506
37.479
38.047
38.097
37.602
36.625
35.313
33.879
32.571
31.622
31.194
31.328
31.946
32.882
33.943
34.949
35.764
36.305
36.538
36.477
36.176
35.72
35.209
34.746
34.416
34.274
34.335
34.576
34.949
35.396
35.862
36.312
36.73
37.12
37.488
37.838
38.15
38.381
38.468
38.343
37.96
37.31
36.445
35.481
34.587
33.959
33.763
34.085
34.89
36.031
37.288
38.423
39.231
39.576
39.423
38.848
38.04
37.262
36.779
36.764
37.223
37.996
38.833
39.493
39.812
39.739
39.325
38.696
38.007
37.397
36.954
36.698
36.598
36.595
36.637
36.709
36.835
37.069
37.457
38.001
38.64
39.258
39.725
39.94
39.876
39.597
39.246
39.008
39.04
39.409
40.057
40.807
41.422
41.669
41.39
40.551
39.276
37.848
36.66
36.08
36.277
37.117
38.222
39.153
39.567
39.312
38.445
37.197
35.903
34.887
34.351
34.3
34.571
34.913
35.098
34.987
34.573
33.987
33.487
33.377
33.875
34.99
36.486
37.98
39.093
39.576
39.382
38.685
37.84
37.267
37.284
37.943
39.004
40.057
40.69
40.614
39.735
38.182
36.306
34.636
33.742
33.987
35.311
37.264
39.245
40.734
41.408
41.173
40.139
38.575
36.822
35.202
33.91
32.976
32.293
31.712
31.147
30.636
30.335
30.464
31.184
32.494
34.198
35.972
37.472
38.439
38.767
38.542
38.028
37.601
37.61
38.206
39.256
40.402
41.226
41.404
40.797
39.496
37.811
36.212
35.189
35.046
35.745
36.925
38.085
38.787
38.77
38.005
36.693
35.243
34.162
33.879
34.526
35.864
37.422
38.712
39.385
39.301
38.537
37.365
36.187
35.417
35.323
35.906
36.902
37.914
38.564
38.603
37.958
36.748
35.264
33.913
33.105
33.089
33.835
35.061
36.374
37.423
37.984
37.981
37.48
36.648
35.711
34.894
34.361
34.184
34.335
34.718
35.207
35.68
36.027
36.155
35.994
35.506
34.712
33.715
32.718
31.998
31.832
32.372
33.551
35.092
36.617
37.765
38.281
38.063
37.185
35.896
34.585
33.692
33.552
34.231
35.487
36.899
38.045
38.643
38.626
38.152
37.569
37.294
37.621
38.558
39.803
40.889
41.374
40.989
39.707
37.767
35.636
33.907
33.08
33.313
34.329
35.597
36.593
36.975
36.632
35.682
34.419
33.229
32.443
32.198
32.374
32.673
32.791
32.564
32.042
31.479
31.229
31.556
32.456
33.633
34.634
35.038
34.591
33.276
31.338
29.27
27.725
27.276
28.089
29.815
31.837
33.587
34.702
35.066
34.804
34.236
33.802
33.9
34.709
36.089
37.653
38.938
39.558
39.3
38.16
36.355
34.298
32.521
31.516
31.507
32.328
33.523
34.573
35.074
34.809
33.765
32.118
30.209
28.49
27.4
27.197
27.814
28.913
30.057
30.89
31.21
30.994
30.379
29.618
29.002
28.758
28.959
29.509
30.211
30.866
31.342
31.603
31.687
31.667
31.609
31.539
31.446
31.291
31.041
30.688
30.252
29.771
29.289
28.837
28.434
28.094
27.838
27.705
27.738
27.963
28.356
28.839
29.287
29.575
29.617
29.397
28.98
28.489
28.056
27.755
27.569
27.388
27.068
26.499
25.655
24.623
23.583
22.758
22.325
22.347
22.753
23.399
24.147
24.924
25.716
26.533
27.359
28.113
28.659
28.847
28.574
27.856
26.869
25.95
25.509
25.835
26.908
28.399
29.853
30.891
31.32
31.168
30.643
30.048
29.645
29.525
29.575
29.561
29.267
28.611
27.684
26.72
25.99
25.663
25.7
25.885
25.955
25.741
25.257
24.706
24.404
24.618
25.389
26.49
27.548
28.226
28.344
27.936
27.246
26.638
26.448
26.797
27.525
28.298
28.795
28.84
28.45
27.812
27.192
26.808
26.728
26.841
26.944
26.86
26.51
25.941
25.282
24.682
24.239
23.969
23.835
23.804
23.886
24.134
24.584
25.192
25.806
26.211
26.213
25.727
24.84
23.833
23.113
23.039
23.691
24.809
25.95
26.721
26.918
26.559
25.857
25.124
24.621
24.43
24.428
24.391
24.152
23.697
23.186
22.863
22.907
23.31
23.861
24.268
24.304
23.905
23.195
22.452
22.001
22.045
22.539
23.223
23.781
23.998
23.838
23.443
23.066
22.934
23.107
23.437
23.66
23.558
23.084
22.413
21.892
21.879
22.499
23.535
24.557
25.141
25.032
24.21
22.897
21.506
20.519
20.253
20.671
21.426
22.096
22.38
22.177
21.569
20.782
20.101
19.776
19.919
20.468
21.24
22.02
22.621
22.901
22.771
22.196
21.21
19.944
18.65
17.699
17.464
18.114
19.465
21.097
22.57
23.568
23.947
23.749
23.183
22.558
22.172
22.164
22.437
22.729
22.763
22.384
21.622
20.693
19.923
19.59
19.754
20.217
20.659
20.827
20.641
20.223
19.832
19.722
19.975
20.422
20.742
20.625
19.913
18.681
17.265
16.208
16.021
16.791
18.086
19.303
20.002
20.036
19.569
19.018
18.874
19.391
20.383
21.365
21.874
21.699
20.972
20.163
19.885
20.491
21.762
23.073
23.816
23.676
22.74
21.494
20.676
20.855
21.971
23.389
24.401
24.591
23.963
22.922
22.118
22.097
22.895
24.011
24.789
24.77
23.841
22.25
20.535
19.33
19.011
19.411
19.988
20.231
19.915
19.151
18.322
17.902
18.16
18.972
19.937
20.659
20.934
20.781
20.402
20.068
19.992
20.232
20.712
21.315
21.965
22.63
23.265
23.77
24
23.839
23.296
22.578
22.066
22.151
22.97
24.275
25.593
26.482
26.707
26.292
25.477
24.608
23.965
23.618
23.437
23.233
22.926
22.605
22.45
22.571
22.88
23.116
22.997
22.38
21.347
20.201
19.348
19.057
19.265
19.62
19.729
19.374
18.592
17.658
16.966
16.806
17.172
17.78
18.283
18.464
18.3
17.938
17.6
17.465
17.563
17.78
17.948
17.95
17.784
17.552
17.398
17.42
17.608
17.846
17.989
17.944
17.725
17.464
17.358
17.565
18.098
18.79
19.375
19.61
19.375
18.743
18.006
17.608
17.928
18.99
20.427
21.721
22.463
22.478
21.864
20.962
20.237
20.046
20.411
21.043
21.582
21.834
21.835
21.784
21.856
22.05
22.157
21.918
21.216
20.214
19.355
19.154
19.797
20.93
21.925
22.256
21.725
20.525
19.21
18.484
18.753
19.78
20.908
21.551
21.442
20.671
19.611
18.741
18.39
18.525
18.824
18.938
18.704
18.195
17.661
17.379
17.492
17.923
18.455
18.863
19.002
18.823
18.352
17.668
16.905
16.241
15.864
15.894
16.292
16.867
17.382
17.672
17.729
17.695
17.788
18.15
18.726
19.29
19.584
19.465
18.987
18.396
18.017
18.054
18.45
18.939
19.25
19.269
19.083
18.9
18.899
19.086
19.305
19.372
19.227
18.998
18.935
19.234
19.881
20.66
21.315
21.707
21.874
21.964
22.109
22.313
22.454
22.398
22.132
21.824
21.757
22.138
22.933
23.874
24.628
24.972
24.866
24.422
23.823
23.22
22.692
22.27
21.999
21.945
22.131
22.466
22.751
22.792
22.53
22.117
21.856
22.003
22.545
23.182
23.538
23.404
22.885
22.354
22.23
22.636
23.254
23.548
23.112
21.904
20.337
19.188
19.174
20.327
21.974
23.326
23.919
23.699
22.947
22.114
21.594
21.525
21.764
22.06
22.219
22.151
21.834
21.256
20.424
19.413
18.421
17.733
17.564
17.882
18.413
18.838
19.007
19.006
19.078
19.417
19.979
20.47
20.533
19.942
18.713
17.129
15.655
14.739
14.534
14.823
15.272
15.691
16.086
16.544
17.087
17.61
17.942
17.95
17.607
17.001
16.29
15.636
15.154
14.89
14.825
14.881
14.93
14.814
14.413
13.732
12.967
12.49
12.641
13.417
14.425
15.17
15.311
14.774
13.76
12.691
12.002
11.831
11.884
11.69
10.94
9.6462
8.2152
7.4368
7.9351
9.3427
10.827
11.819
12.083
11.634
10.686
9.6153
8.8726
8.7675
9.2173
9.8351
10.237
10.214
