38.776
40.434
41.538
41.947
41.891
41.749
41.767
41.898
41.932
41.754
41.527
41.615
42.279
43.411
44.566
45.284
45.414
45.222
45.206
45.695
46.534
47.189
47.188
46.58
46.092
46.803
49.3
53.052
56.718
58.964
59.061
57.167
54.338
52.204
52.122
54.184
57.217
59.78
61.007
60.869
60.019
59.385
59.631
60.804
62.446
64.01
65.194
65.985
66.496
66.776
66.755
66.373
65.768
65.353
65.661
66.988
69.115
71.383
73.05
73.69
73.412
72.815
72.695
73.566
75.317
77.295
78.732
79.191
78.797
78.18
78.147
79.187
81.144
83.306
84.848
85.268
84.617
83.457
82.568
82.511
83.301
84.451
85.357
85.712
85.698
85.846
86.643
88.115
89.713
90.603
90.141
88.251
85.565
83.226
82.359
83.405
85.858
88.669
90.901
92.144
92.543
92.538
92.506
92.51
92.326
91.711
90.686
89.616
89.016
89.178
89.896
90.555
90.508
89.496
87.846
86.353
85.839
86.607
88.208
89.735
90.386
89.897
88.643
87.421
86.971
87.495
88.538
89.311
89.188
88.041
86.285
84.63
83.67
83.526
83.816
83.959
83.566
82.646
81.558
80.742
80.422
80.47
80.534
80.329
79.849
79.366
79.22
79.52
80.003
80.158
79.545
78.091
76.201
74.6
73.934
74.32
75.223
75.776
75.289
73.604
71.198
68.97
67.763
67.804
68.541
69.028
68.529
66.921
64.785
63.143
62.873
64.09
66.043
67.635
68.052
67.107
65.267
63.398
62.291
62.178
62.623
62.907
62.551
61.636
60.76
60.661
61.673
63.425
65.092
65.929
65.715
64.892
64.366
64.973
66.867
69.359
71.355
71.966
70.898
68.563
65.903
63.967
63.331
63.807
64.715
65.483
66.045
66.82
68.306
70.57
73.038
74.766
74.938
73.292
70.34
67.311
65.699
66.395
69.024
72.225
74.537
75.082
73.817
71.489
69.349
68.583
69.635
71.96
74.432
75.991
76.052
74.617
72.187
69.55
67.467
66.361
66.17
66.475
66.796
66.832
66.547
66.099
65.688
65.408
65.178
64.793
64.054
62.897
61.458
60.042
58.997
58.552
58.693
59.185
59.699
59.982
59.944
59.666
59.328
59.101
59.069
59.233
59.56
60.062
60.812
61.873
63.198
64.563
65.606
65.962
65.438
64.161
62.618
61.558
61.673
63.204
65.762
68.537
70.706
71.756
71.625
70.694
69.616
69.034
69.272
70.186
71.309
72.144
72.431
72.245
71.924
71.861
72.262
73.007
73.71
73.921
73.35
71.994
70.152
68.304
66.907
66.179
66.007
66.043
65.924
65.45
64.664
63.793
63.092
62.683
62.472
62.209
61.652
60.721
59.583
58.598
58.143
58.382
59.145
60.002
60.498
60.391
59.794
59.161
59.096
60.024
61.906
64.239
66.333
67.648
68.019
67.705
67.267
67.281
68.011
69.243
70.435
71.038
70.793
69.855
68.713
67.934
67.828
68.277
68.845
69.111
68.959
68.674
68.771
69.634
71.188
72.851
73.826
73.486
71.659
68.75
65.646
63.394
62.661
63.331
64.61
65.566
65.634
64.838
63.742
63.141
63.596
65.045
66.828
68.084
68.198
67.089
65.29
63.788
63.588
65.091
67.788
70.55
72.228
72.109
70.136
66.952
63.777
61.99
62.424
64.83
68.102
71
72.708
73.024
72.3
71.236
70.542
70.6
71.284
72.088
72.423
71.896
70.451
68.367
66.148
64.339
63.311
63.134
63.593
64.336
65.044
65.531
65.756
65.775
65.674
65.513
65.302
65.024
64.674
64.304
64.027
63.996
64.327
65.027
65.962
66.884
67.531
67.738
67.537
67.184
67.102
67.705
69.177
71.327
73.632
75.445
76.237
75.785
74.273
72.281
70.628
70.048
70.803
72.507
74.317
75.323
74.884
72.816
69.466
65.664
62.545
61.127
61.783
64.001
66.728
68.92
69.913
69.555
68.199
66.574
65.531
65.665
66.992
68.954
70.728
71.617
71.308
69.988
68.3
67.148
67.306
69.002
71.792
74.821
77.238
78.487
78.402
77.183
75.259
73.109
71.087
69.322
67.753
66.272
64.876
63.741
63.16
63.376
64.401
65.952
67.554
68.726
69.159
68.816
67.953
67.042
66.604
66.987
68.194
69.893
71.595
72.876
73.542
73.675
73.566
73.562
73.878
74.477
75.094
75.376
75.066
74.132
72.787
71.412
70.385
69.906
69.9
70.07
70.062
69.629
68.727
67.524
66.321
65.423
65.008
65.06
65.393
65.76
65.966
65.948
65.788
65.667
65.774
66.207
66.919
67.731
68.409
68.766
68.731
68.381
67.913
67.558
67.486
67.724
68.139
68.493
68.545
68.135
67.247
66.017
64.695
63.566
62.849
62.611
62.747
63.018
63.154
62.951
62.342
61.436
60.495
59.864
59.831
60.481
61.62
62.833
63.643
63.7
62.931
61.619
60.377
59.952
60.872
63.112
66.071
68.865
70.681
71.01
69.738
67.144
63.805
60.441
57.681
55.849
54.865
54.377
54.002
53.526
52.981
52.593
52.646
53.323
54.588
56.181
57.725
58.861
59.373
59.253
58.716
58.14
57.934
58.358
59.395
60.764
62.056
62.911
63.146
62.802
62.105
61.371
60.875
60.739
60.89
61.11
61.138
60.772
59.925
58.647
57.113
55.58
54.331
53.608
53.537
54.083
55.062
56.189
57.157
57.711
57.711
57.164
56.238
55.227
54.464
54.198
54.47
55.088
55.694
55.91
55.467
54.287
52.507
50.451
48.543
47.175
46.556
46.632
47.128
47.687
48.021
48.004
47.706
47.357
47.252
47.615
48.467
49.596
50.644
51.247
51.182
50.439
49.241
47.983
47.089
46.833
47.205
47.924
48.586
48.837
48.485
47.535
46.168
44.675
43.367
42.471
42.061
42.042
42.224
42.414
42.51
42.539
42.648
43.039
43.859
45.111
46.62
48.093
49.211
49.731
49.543
48.693
47.369
45.852
44.441
43.365
42.716
42.436
42.36
42.3
42.105
41.714
41.152
40.527
39.995
39.709
39.773
40.199
40.891
41.677
42.353
42.73
42.68
42.148
41.169
39.853
38.374
36.938
35.747
34.954
34.628
34.748
35.211
35.873
36.584
37.21
37.649
37.837
37.751
37.407
36.861
36.199
35.522
34.925
34.477
34.198
34.063
34.017
34
33.964
33.892
33.79
33.675
33.567
33.476
33.4
33.335
33.282
33.252
33.268
33.353
33.511
33.717
33.903
33.974
33.837
33.436
32.797
32.05
31.417
31.147
31.409
32.186
33.261
34.299
34.967
35.019
34.348
33.007
31.208
29.304
27.742
26.939
27.112
28.146
29.659
31.185
32.332
32.863
32.727
32.059
31.143
30.332
29.916
29.988
30.406
30.878
31.106
30.892
30.194
29.118
27.896
26.825
26.188
26.154
26.717
27.704
28.862
29.947
30.792
31.33
31.592
31.677
31.701
31.738
31.785
31.765
31.57
31.116
30.383
29.437
28.411
27.467
26.745
26.318
26.176
26.237
26.387
26.518
26.552
26.456
26.243
25.968
25.711
25.55
25.537
25.674
25.916
26.185
26.394
26.473
26.378
26.098
25.651
25.086
24.474
23.905
23.48
23.295
23.42
23.878
24.627
25.564
26.543
27.403
28.008
28.272
28.178
27.789
27.23
26.662
26.23
26.015
26.011
26.139
26.288
26.364
26.322
26.171
25.975
25.832
25.841
26.073
26.535
27.159
27.818
28.361
28.656
28.622
28.253
27.62
26.851
26.103
25.514
25.161
25.045
25.097
25.22
25.325
25.349
25.268
25.09
24.856
24.628
24.476
24.461
24.615
24.918
25.303
25.668
25.905
25.928
25.697
25.228
24.591
23.898
23.278
22.851
22.694
22.828
23.209
23.743
24.312
24.795
25.093
25.151
24.968
24.603
24.165
23.777
23.534
23.464
23.512
23.567
23.51
23.251
22.759
22.064
21.244
20.41
19.674
19.128
18.821
18.751
18.874
19.118
19.411
19.693
19.932
20.121
20.273
20.405
20.53
20.649
20.748
20.807
20.811
20.758
20.659
20.539
20.422
20.325
20.247
20.167
20.056
19.881
19.628
19.304
18.942
18.596
18.323
18.17
18.157
18.27
18.467
18.694
18.896
19.038
19.11
19.135
19.156
19.228
19.39
19.646
19.959
20.26
20.474
20.543
20.445
20.196
19.853
19.493
19.198
19.028
19.008
19.12
19.306
19.488
19.585
19.536
19.312
18.927
18.436
17.922
17.477
17.175
17.054
17.102
17.276
17.521
17.784
18.031
18.242
18.41
18.534
18.617
18.66
18.664
18.636
18.585
18.528
18.488
18.487
18.536
18.632
18.753
18.861
18.916
18.885
18.75
18.522
18.242
17.979
17.815
17.831
18.072
18.531
19.147
19.825
20.459
20.96
21.273
21.374
21.28
21.036
20.708
20.369
20.086
19.898
19.812
19.794
19.791
19.745
19.619
19.404
19.124
18.828
18.57
18.398
18.338
18.386
18.518
18.689
18.856
18.979
19.042
19.051
19.044
19.074
19.192
19.42
19.741
20.099
20.42
20.637
20.707
20.623
20.407
20.106
19.775
19.468
19.229
19.084
19.041
19.083
19.181
19.296
19.391
19.435
19.411
19.31
19.134
18.893
18.599
18.27
17.925
17.588
17.285
17.047
16.898
16.861
16.939
17.11
17.328
17.525
17.633
17.599
17.397
17.039
16.57
16.059
15.591
15.249
15.108
15.214
15.571
16.132
16.804
17.472
18.023
18.37
18.47
18.329
17.996
17.553
17.101
16.736
16.536
16.549
16.788
17.234
17.84
18.549
19.306
20.063
20.782
21.43
21.968
22.348
22.523
22.451
22.115
21.532
20.76
19.887
19.025
18.285
17.761
17.513
17.552
17.844
18.312
18.851
19.355
19.731
19.92
19.908
19.723
19.43
19.105
18.816
18.606
18.484
18.43
18.403
18.362
18.266
18.09
17.826
17.494
17.137
16.819
16.608
16.556
16.675
16.939
17.291
17.667
18.01
18.287
18.483
18.604
18.67
18.711
18.765
18.867
19.042
19.293
19.598
19.916
20.194
20.384
20.453
20.39
20.205
19.925
19.587
19.225
18.87
18.54
18.244
17.983
17.757
17.572
17.447
17.404
17.467
17.641
17.905
18.207
18.479
18.656
18.691
18.569
18.308
17.955
17.569
17.212
16.942
16.808
16.851
17.096
17.54
18.142
18.828
19.497
20.05
20.406
20.522
20.391
20.049
19.556
18.989
18.426
17.935
17.566
17.344
17.271
17.331
17.49
17.706
17.937
18.146
18.307
18.406
18.437
18.408
18.327
18.212
18.08
17.953
17.853
17.806
17.838
17.968
18.21
18.563
19.01
19.521
20.051
20.553
20.977
21.283
21.443
21.448
21.31
21.064
20.763
20.469
20.239
20.116
20.114
20.222
20.402
20.605
20.775
20.863
20.832
20.665
20.365
19.963
19.507
19.06
18.682
18.422
18.304
18.326
18.464
18.682
18.94
19.2
19.434
19.626
19.775
19.889
19.984
20.072
20.164
20.26
20.359
20.456
20.553
20.655
20.773
20.917
21.103
21.343
21.65
22.029
22.47
22.946
23.41
23.811
24.096
24.23
24.197
24.001
23.669
23.24
22.767
22.309
21.93
21.688
21.623
21.742
22.018
22.392
22.792
23.146
23.396
23.501
23.445
23.227
22.869
22.413
21.916
21.444
21.059
20.806
20.703
20.742
20.894
21.125
21.401
21.692
21.976
22.232
22.449
22.622
22.758
22.869
22.972
23.076
23.181
23.28
23.363
23.421
23.454
23.464
23.458
23.443
23.423
23.401
23.379
23.36
23.343
23.33
23.32
23.316
23.326
23.363
23.438
23.559
23.722
23.909
24.091
24.234
24.308
24.287
24.151
23.894
23.521
23.054
22.539
22.043
21.645
21.421
21.421
21.658
22.105
22.708
23.396
24.095
24.73
25.231
25.536
25.601
25.415
25.005
24.442
23.833
23.293
22.921
22.77
22.831
23.048
23.338
23.618
23.821
23.9
23.836
23.635
23.328
22.976
22.662
22.48
22.516
22.819
23.388
24.162
25.04
25.902
26.635
27.149
27.395
27.369
27.112
26.705
26.253
25.867
25.64
25.632
25.853
26.272
26.819
27.403
27.927
28.3
28.455
28.354
28
27.431
26.719
25.953
25.222
24.604
24.145
23.865
23.755
23.791
23.94
24.171
24.449
24.749
25.046
25.321
25.559
25.749
25.885
25.962
25.982
25.953
25.884
25.791
25.696
25.621
25.589
25.619
25.715
25.865
26.045
26.218
26.349
26.416
26.413
26.358
26.28
26.217
26.199
26.248
26.368
26.553
26.79
27.062
27.352
27.643
27.915
28.149
28.328
28.442
28.49
28.486
28.45
28.409
28.387
28.397
28.442
28.512
28.587
28.644
28.659
28.612
28.49
28.287
28.011
27.683
27.338
27.021
26.78
26.661
26.693
26.887
27.227
27.676
28.175
28.659
29.062
29.337
29.456
29.423
29.265
29.032
28.781
28.565
28.422
28.369
28.405
28.514
28.675
28.869
29.086
29.33
29.607
29.927
30.291
30.686
31.086
31.452
31.745
31.923
31.956
31.829
31.549
31.157
30.725
30.352
30.14
30.153
30.39
30.766
31.14
31.36
31.3
30.9
30.171
29.196
28.111
27.08
26.267
25.804
25.758
26.116
26.782
27.609
28.426
29.082
29.472
29.554
29.36
28.983
28.561
28.242
28.141
28.311
28.721
29.27
29.827
30.259
30.463
30.386
30.027
29.437
28.7
27.919
27.193
26.596
26.177
25.953
25.924
26.074
26.381
26.815
27.339
27.914
28.499
29.058
29.566
30.006
30.373
30.667
30.894
31.054
31.143
31.147
31.043
30.809
30.431
29.909
29.264
28.54
27.803
27.134
26.629
26.375
26.438
26.827
27.489
28.309
29.14
29.836
30.285
30.43
30.281
29.919
29.479
29.131
29.035
29.296
29.922
30.819
31.821
32.736
33.394
33.679
33.548
33.036
32.246
31.331
30.463
29.8
29.445
29.433
29.724
30.229
30.838
31.445
31.964
32.343
32.563
32.636
32.598
32.5
32.389
32.302
32.251
32.23
32.215
32.172
32.072
31.894
31.634
31.305
30.939
30.585
30.302
30.15
30.171
30.378
30.74
31.187
31.621
31.939
32.055
31.922
31.543
30.982
30.35
29.795
29.466
29.469
29.829
30.476
31.261
31.999
32.515
32.676
32.419
31.762
30.804
29.711
28.692
27.951
27.634
27.786
28.342
29.165
30.09
30.972
31.7
32.216
32.501
32.575
32.488
32.301
32.076
31.864
31.693
31.572
31.494
31.448
31.426
31.435
31.492
31.621
31.843
32.168
32.583
33.049
33.506
33.873
34.071
34.029
33.708
33.11
32.29
31.362
30.48
29.817
29.52
29.655
30.182
30.968
31.824
32.557
33.012
33.099
32.806
32.211
31.47
30.79
30.374
30.352
30.724
31.363
32.067
32.635
32.921
32.863
32.485
31.873
31.152
30.448
29.856
29.426
29.163
29.044
29.038
29.132
29.336
29.679
30.181
30.836
31.591
32.355
33.027
33.524
33.815
33.927
33.948
33.988
34.146
34.464
34.907
35.365
35.69
35.735
35.408
34.702
33.728
32.705
31.921
31.63
31.931
32.703
33.656
34.456
34.841
34.689
34.038
33.054
31.983
31.066
30.459
30.192
30.171
30.244
30.264
30.145
29.884
29.575
29.385
29.503
30.056
31.032
32.26
33.47
34.4
34.878
34.884
34.557
34.159
33.981
34.214
34.855
35.701
36.442
36.782
36.525
35.624
34.204
32.554
31.087
30.228
30.243
31.091
32.445
33.856
34.925
35.404
35.22
34.461
33.33
32.079
30.928
29.997
29.287
28.713
28.183
27.659
27.199
26.942
27.058
27.657
28.716
30.062
31.427
32.533
33.169
33.255
32.875
32.275
31.806
31.796
32.39
33.462
34.674
35.633
36.028
35.718
34.759
33.394
32.011
31.029
30.741
31.17
32.059
33
33.608
33.626
32.991
31.841
30.511
29.461
29.12
29.674
30.957
32.543
33.956
34.833
34.991
34.45
33.413
32.227
31.287
30.909
31.186
31.95
32.857
33.541
33.727
33.292
32.295
30.964
29.663
28.796
28.651
29.259
30.378
31.627
32.647
33.195
33.182
32.662
31.807
30.854
30.045
29.555
29.441
29.636
29.994
30.352
30.577
30.588
30.354
29.89
29.242
28.492
27.756
27.188
26.951
27.176
27.891
28.992
30.264
31.447
32.3
32.665
32.492
31.867
30.999
30.199
29.793
30.004
30.843
32.099
33.43
34.498
35.066
35.064
34.603
33.959
33.488
33.479
34.002
34.853
35.649
35.999
35.638
34.51
32.794
30.877
29.27
28.418
28.483
29.25
30.266
31.074
31.364
31.022
30.123
28.895
27.654
26.711
26.247
26.233
26.466
26.691
26.736
26.591
26.41
26.438
26.867
27.703
28.732
29.615
30.029
29.781
28.865
27.492
26.057
25.044
24.83
25.477
26.696
28.029
29.066
29.558
29.456
28.904
28.211
27.767
27.898
28.706
30.009
31.437
32.591
33.167
33.016
32.174
30.849
29.387
28.2
27.619
27.755
28.447
29.357
30.124
30.475
30.274
29.519
28.337
26.962
25.689
24.813
24.527
24.834
25.552
26.394
27.077
27.399
27.276
26.753
25.994
25.25
24.778
24.744
25.135
25.777
26.415
26.827
26.889
26.604
26.09
25.537
25.137
25.006
25.132
25.389
25.599
25.598
25.294
24.687
23.87
23.013
22.322
21.978
22.065
22.535
23.229
23.949
24.521
24.841
24.889
24.719
24.439
24.168
23.984
23.898
23.841
23.705
23.382
22.808
21.988
20.997
19.966
19.046
18.361
17.98
17.897
18.064
18.427
18.951
19.623
20.42
21.291
22.141
22.839
23.251
23.279
22.894
22.178
21.332
20.655
20.447
20.861
21.804
22.993
24.105
24.9
25.281
25.291
25.075
24.801
24.585
24.436
24.268
23.966
23.46
22.776
22.042
21.436
21.1
21.065
21.228
21.417
21.481
21.371
21.164
21.038
21.195
21.74
22.612
23.6
24.442
24.935
25.003
24.725
24.314
24.039
24.106
24.54
25.174
25.747
26.034
25.928
25.465
24.802
24.136
23.624
23.308
23.12
22.937
22.665
22.282
21.837
21.41
21.061
20.795
20.577
20.372
20.199
20.141
20.313
20.78
21.492
22.27
22.877
23.107
22.869
22.237
21.468
20.939
20.987
21.701
22.85
24.033
24.883
25.196
24.967
24.369
23.669
23.109
22.788
22.625
22.439
22.082
21.531
20.911
20.432
20.26
20.4
20.678
20.835
20.659
20.074
19.173
18.203
17.482
17.25
17.52
18.066
18.573
18.801
18.676
18.305
17.926
17.79
18.005
18.459
18.89
19.054
18.857
18.423
18.066
18.147
18.832
19.95
21.103
21.885
22.044
21.546
20.585
19.525
18.778
18.596
18.923
19.454
19.848
19.886
19.536
18.932
18.302
17.87
17.753
17.915
18.221
18.524
18.732
18.82
18.795
18.659
18.384
17.921
17.253
16.455
15.743
15.441
15.828
16.92
18.418
19.884
20.929
21.324
21.041
20.268
19.373
18.778
18.744
19.196
19.777
20.093
19.905
19.226
18.323
17.619
17.481
17.956
18.73
19.359
19.509
19.085
18.247
17.366
16.864
16.964
17.515
18.106
18.327
17.952
17.013
15.817
14.882
14.711
15.416
16.615
17.75
18.411
18.46
18.047
17.561
17.456
17.966
18.919
19.868
20.381
20.247
19.565
18.729
18.286
18.595
19.529
20.573
21.186
21.072
20.281
19.202
18.426
18.411
19.118
20.048
20.637
20.565
19.88
18.969
18.399
18.573
19.404
20.385
20.963
20.798
19.866
18.44
17.018
16.121
15.977
16.354
16.777
16.866
16.507
15.863
15.286
15.135
15.527
16.263
16.997
17.453
17.546
17.39
17.231
17.313
17.74
18.423
19.174
19.836
20.352
20.752
21.081
21.329
21.409
21.221
20.742
20.115
19.647
19.683
20.368
21.512
22.699
23.523
23.752
23.384
22.623
21.78
21.122
20.735
20.517
20.304
20.026
19.773
19.722
19.978
20.446
20.859
20.922
20.467
19.534
18.372
17.358
16.803
16.743
16.918
16.971
16.663
15.983
15.148
14.509
14.361
14.733
15.376
15.949
16.209
16.088
15.685
15.212
14.897
14.869
15.097
15.432
15.712
15.843
15.831
15.758
15.725
15.792
15.945
16.111
16.214
16.228
16.208
16.267
16.516
16.98
17.552
18.032
18.22
18.013
17.476
16.885
16.654
17.12
18.269
19.723
20.981
21.649
21.565
20.837
19.813
18.976
18.697
19.007
19.604
20.126
20.385
20.447
20.531
20.813
21.26
21.623
21.61
21.087
20.205
19.388
19.137
19.651
20.631
21.496
21.749
21.203
20.04
18.768
18.018
18.133
18.883
19.683
20.021
19.701
18.872
17.944
17.38
17.395
17.807
18.208
18.256
17.847
17.136
16.457
16.145
16.335
16.876
17.464
17.834
17.851
17.509
16.895
16.138
15.378
14.748
14.365
14.299
14.528
14.934
15.342
15.605
15.67
15.602
15.555
15.676
15.999
16.413
16.739
16.845
16.737
16.565
16.543
16.806
17.305
17.842
18.214
18.335
18.281
18.235
18.354
18.657
19.009
19.231
19.241
19.119
19.073
19.306
19.87
20.628
21.358
21.888
22.175
22.282
22.304
22.291
22.235
22.113
21.962
21.906
22.09
22.571
23.255
23.944
24.454
24.708
24.746
24.669
24.542
24.348
24.029
23.581
23.119
22.849
22.925
23.299
23.718
23.892
23.684
23.22
22.832
22.85
23.336
24.018
24.51
24.588
24.347
24.144
24.343
24.986
25.699
25.938
25.331
23.905
22.18
21.043
21.227
22.648
24.487
25.884
26.373
25.954
25.009
24.099
23.666
23.791
24.209
24.566
24.647
24.416
23.941
23.294
22.511
21.63
20.771
20.144
19.953
20.225
20.763
21.276
21.569
21.652
21.701
21.902
22.275
22.618
22.616
22.032
20.831
19.231
17.656
16.569
16.221
16.492
17.042
17.581
17.995
18.301
18.558
18.786
18.954
19.007
18.906
18.649
18.267
17.824
17.412
17.139
17.079
17.2
17.337
17.256
16.776
15.895
14.868
14.184
14.295
15.208
16.439
17.398
17.704
17.288
16.383
15.417
14.787
14.566
14.449
14.001
12.965
11.431
9.9269
9.3421
10.205
11.986
13.782
14.971
15.266
14.65
13.352
11.847
10.812
10.798
11.705
12.868
13.629
13.61
