51.107
53.388
54.961
55.683
55.8
55.7
55.62
55.503
55.13
54.417
53.62
53.267
53.802
55.191
56.889
58.21
58.77
58.692
58.476
58.609
59.144
59.655
59.632
59.025
58.527
59.317
62.177
66.668
71.284
74.349
74.802
72.625
68.963
65.857
65.276
67.708
71.803
75.566
77.626
77.73
76.64
75.648
75.83
77.408
79.764
82.026
83.645
84.567
85.031
85.245
85.198
84.764
83.997
83.348
83.552
85.156
88.006
91.206
93.604
94.419
93.652
92.134
91.148
91.687
93.764
96.411
98.361
98.818
97.872
96.455
95.851
96.903
99.438
102.41
104.59
105.29
104.59
103.29
102.42
102.65
103.9
105.51
106.74
107.3
107.47
107.94
109.21
111.19
113.14
114.06
113.24
110.7
107.27
104.35
103.29
104.56
107.48
110.79
113.32
114.57
114.72
114.36
114
113.8
113.53
112.86
111.76
110.63
110.07
110.45
111.54
112.56
112.69
111.53
109.46
107.51
106.79
107.77
109.89
111.97
112.94
112.44
111
109.73
109.62
110.82
112.56
113.65
113.19
111.09
108.09
105.33
103.77
103.53
103.9
103.95
103.11
101.52
99.859
98.871
98.817
99.303
99.602
99.202
98.153
97.032
96.53
96.901
97.705
98.055
97.182
94.922
91.887
89.232
88.021
88.504
89.903
90.937
90.59
88.613
85.621
82.787
81.197
81.142
81.925
82.387
81.671
79.703
77.266
75.621
75.766
77.701
80.42
82.582
83.245
82.223
80.086
77.856
76.461
76.194
76.595
76.859
76.439
75.406
74.428
74.357
75.612
77.822
80.061
81.441
81.624
81.024
80.62
81.399
83.667
86.767
89.467
90.627
89.709
86.969
83.368
80.19
78.436
78.307
79.243
80.5
81.717
83.076
84.989
87.587
90.391
92.459
92.86
91.172
87.813
84.069
81.681
81.902
84.578
88.213
90.96
91.543
89.694
86.219
82.726
80.955
81.784
84.646
87.992
90.261
90.541
88.757
85.561
82.038
79.246
77.749
77.409
77.606
77.698
77.352
76.625
75.82
75.231
74.934
74.731
74.273
73.274
71.67
69.678
67.722
66.263
65.587
65.679
66.259
66.953
67.461
67.655
67.562
67.288
66.933
66.552
66.183
65.912
65.921
66.451
67.666
69.489
71.544
73.252
74.052
73.625
72.081
70.026
68.441
68.303
70.021
73.148
76.633
79.382
80.688
80.438
79.093
77.502
76.533
76.636
77.634
78.894
79.754
79.88
79.4
78.795
78.6
79.063
79.972
80.772
80.878
79.96
78.092
75.721
73.469
71.844
70.988
70.646
70.367
69.797
68.866
67.8
66.97
66.647
66.816
67.16
67.236
66.709
65.52
63.928
62.413
61.453
61.266
61.68
62.235
62.449
62.072
61.234
60.416
60.253
61.191
63.2
65.766
68.17
69.83
70.512
70.392
69.954
69.762
70.159
71.084
72.124
72.772
72.688
71.865
70.607
69.376
68.549
68.231
68.252
68.344
68.365
68.41
68.728
69.505
70.644
71.722
72.165
71.507
69.619
66.812
63.788
61.393
60.208
60.215
60.819
61.241
60.947
59.88
58.464
57.388
57.224
58.044
59.354
60.383
60.497
59.493
57.715
55.98
55.245
56.057
58.145
60.56
62.209
62.324
60.711
57.831
54.726
52.701
52.681
54.6
57.489
60.164
61.815
62.209
61.649
60.766
60.201
60.275
60.837
61.403
61.447
60.66
59.053
56.934
54.774
53.026
51.944
51.518
51.544
51.774
52.034
52.257
52.444
52.599
52.699
52.691
52.536
52.254
51.941
51.752
51.837
52.268
52.991
53.832
54.562
54.978
54.972
54.582
53.992
53.495
53.407
53.937
55.087
56.62
58.135
59.202
59.495
58.89
57.527
55.81
54.308
53.56
53.801
54.811
56.008
56.711
56.398
54.861
52.274
49.187
46.413
44.769
44.666
45.856
47.593
49.06
49.687
49.289
48.074
46.57
45.452
45.252
46.069
47.511
48.929
49.731
49.606
48.619
47.203
46.038
45.781
46.726
48.636
50.9
52.855
54.03
54.231
53.531
52.186
50.522
48.819
47.238
45.821
44.554
43.46
42.642
42.256
42.412
43.082
44.066
45.055
45.747
45.94
45.601
44.877
44.057
43.478
43.397
43.876
44.759
45.764
46.616
47.158
47.391
47.441
47.481
47.627
47.867
48.069
48.05
47.678
46.946
45.983
45.013
44.249
43.795
43.592
43.459
43.191
42.659
41.871
40.964
40.146
39.605
39.417
39.52
39.745
39.908
39.889
39.68
39.383
39.163
39.17
39.457
39.95
40.478
40.855
40.96
40.796
40.492
40.25
40.258
40.589
41.162
41.777
42.203
42.274
41.941
41.285
40.483
39.744
39.234
39.009
39.005
39.073
39.044
38.795
38.283
37.565
36.786
36.139
35.81
35.897
36.361
37.024
37.63
37.93
37.772
37.163
36.304
35.563
35.368
36.004
37.438
39.312
41.11
42.348
42.707
42.091
40.625
38.62
36.496
34.657
33.359
32.622
32.266
32.046
31.788
31.463
31.175
31.093
31.351
31.958
32.773
33.56
34.072
34.145
33.747
33.009
32.196
31.629
31.548
31.987
32.755
33.539
34.05
34.124
33.769
33.139
32.469
31.973
31.756
31.766
31.84
31.785
31.458
30.812
29.902
28.872
27.911
27.204
26.874
26.946
27.342
27.913
28.49
28.926
29.121
29.033
28.686
28.168
27.61
27.16
26.93
26.952
27.156
27.398
27.512
27.368
26.918
26.203
25.352
24.545
23.956
23.69
23.742
24.005
24.325
24.563
24.652
24.615
24.558
24.626
24.936
25.5
26.21
26.871
27.287
27.333
27.002
26.417
25.795
25.367
25.276
25.509
25.909
26.259
26.38
26.187
25.702
25.041
24.366
23.835
23.542
23.49
23.592
23.726
23.786
23.731
23.607
23.533
23.658
24.084
24.802
25.684
26.526
27.127
27.342
27.122
26.52
25.669
24.751
23.947
23.381
23.09
23.023
23.078
23.15
23.162
23.084
22.93
22.75
22.612
22.58
22.697
22.965
23.34
23.744
24.079
24.255
24.206
23.903
23.366
22.657
21.874
21.132
20.539
20.167
20.04
20.129
20.37
20.691
21.023
21.316
21.536
21.661
21.68
21.592
21.404
21.136
20.819
20.496
20.215
20.014
19.912
19.901
19.946
19.998
20.01
19.951
19.81
19.599
19.345
19.08
18.833
18.626
18.469
18.364
18.302
18.265
18.228
18.156
18.014
17.769
17.408
16.947
16.446
16.003
15.732
15.721
15.976
16.411
16.871
17.189
17.228
16.915
16.251
15.313
14.257
13.304
12.698
12.617
13.068
13.875
14.777
15.535
15.994
16.105
15.928
15.623
15.393
15.41
15.719
16.22
16.72
17.034
17.039
16.709
16.11
15.385
14.721
14.299
14.228
14.507
15.028
15.633
16.176
16.56
16.753
16.784
16.724
16.648
16.597
16.558
16.471
16.256
15.858
15.271
14.546
13.782
13.099
12.598
12.332
12.289
12.408
12.609
12.817
12.983
13.086
13.14
13.186
13.275
13.455
13.742
14.119
14.539
14.948
15.3
15.564
15.727
15.788
15.754
15.639
15.462
15.259
15.072
14.957
14.968
15.14
15.478
15.945
16.465
16.942
17.281
17.412
17.307
16.99
16.533
16.037
15.604
15.305
15.148
15.092
15.066
15.007
14.883
14.7
14.499
14.344
14.297
14.397
14.645
14.992
15.361
15.66
15.815
15.785
15.57
15.211
14.78
14.357
14.011
13.779
13.661
13.629
13.646
13.677
13.699
13.701
13.681
13.643
13.596
13.55
13.519
13.518
13.557
13.637
13.743
13.85
13.922
13.927
13.842
13.668
13.429
13.174
12.96
12.85
12.884
13.074
13.397
13.796
14.197
14.525
14.719
14.753
14.642
14.442
14.238
14.116
14.126
14.256
14.44
14.585
14.607
14.459
14.141
13.696
13.198
12.736
12.387
12.201
12.184
12.306
12.51
12.74
12.95
13.114
13.233
13.319
13.395
13.48
13.579
13.684
13.779
13.845
13.871
13.858
13.821
13.776
13.739
13.714
13.688
13.639
13.54
13.375
13.145
12.874
12.603
12.384
12.264
12.267
12.389
12.595
12.835
13.055
13.213
13.289
13.294
13.264
13.251
13.303
13.444
13.657
13.892
14.086
14.181
14.147
13.986
13.734
13.448
13.198
13.043
13.016
13.115
13.3
13.505
13.66
13.704
13.603
13.357
13.002
12.605
12.244
11.991
11.891
11.95
12.144
12.426
12.75
13.074
13.366
13.605
13.776
13.87
13.887
13.832
13.719
13.572
13.419
13.293
13.224
13.231
13.318
13.47
13.662
13.86
14.032
14.154
14.214
14.224
14.221
14.26
14.403
14.694
15.137
15.688
16.265
16.777
17.147
17.328
17.308
17.108
16.777
16.379
15.985
15.659
15.448
15.373
15.42
15.547
15.699
15.825
15.89
15.886
15.826
15.738
15.653
15.595
15.576
15.594
15.636
15.683
15.718
15.733
15.733
15.739
15.785
15.9
16.099
16.366
16.659
16.923
17.104
17.169
17.11
16.946
16.713
16.46
16.238
16.089
16.04
16.101
16.257
16.477
16.715
16.924
17.062
17.1
17.026
16.842
16.567
16.227
15.858
15.498
15.184
14.949
14.821
14.819
14.946
15.185
15.497
15.823
16.092
16.242
16.227
16.035
15.689
15.241
14.77
14.362
14.098
14.039
14.215
14.612
15.174
15.813
16.424
16.909
17.19
17.23
17.03
16.632
16.108
15.544
15.029
14.639
14.428
14.42
14.614
14.983
15.485
16.072
16.694
17.307
17.868
18.333
18.66
18.813
18.766
18.518
18.093
17.546
16.954
16.406
15.987
15.765
15.776
16.021
16.459
17.018
17.605
18.126
18.503
18.685
18.663
18.461
18.134
17.752
17.379
17.063
16.825
16.661
16.55
16.459
16.36
16.226
16.049
15.84
15.627
15.458
15.382
15.433
15.616
15.902
16.241
16.576
16.858
17.056
17.16
17.179
17.14
17.08
17.04
17.063
17.18
17.4
17.71
18.073
18.436
18.746
18.957
19.043
18.996
18.827
18.565
18.242
17.895
17.553
17.24
16.973
16.763
16.623
16.568
16.617
16.778
17.046
17.389
17.751
18.062
18.26
18.303
18.182
17.921
17.574
17.21
16.896
16.687
16.624
16.734
17.025
17.489
18.088
18.753
19.396
19.923
20.257
20.351
20.197
19.825
19.294
18.681
18.066
17.521
17.098
16.828
16.714
16.74
16.869
17.057
17.255
17.423
17.533
17.573
17.546
17.469
17.365
17.261
17.186
17.163
17.214
17.356
17.6
17.946
18.381
18.881
19.407
19.917
20.366
20.72
20.95
21.043
21
20.834
20.576
20.269
19.965
19.713
19.556
19.516
19.592
19.759
19.979
20.206
20.394
20.504
20.504
20.38
20.136
19.797
19.406
19.02
18.689
18.449
18.31
18.258
18.263
18.288
18.302
18.287
18.235
18.155
18.064
17.988
17.951
17.973
18.064
18.221
18.436
18.696
18.989
19.302
19.624
19.949
20.273
20.602
20.944
21.305
21.683
22.06
22.405
22.683
22.86
22.917
22.85
22.668
22.39
22.039
21.65
21.265
20.935
20.715
20.641
20.725
20.937
21.223
21.517
21.76
21.908
21.934
21.824
21.573
21.191
20.702
20.153
19.604
19.123
18.759
18.539
18.454
18.481
18.591
18.763
18.985
19.245
19.526
19.807
20.07
20.308
20.523
20.724
20.919
21.108
21.282
21.429
21.542
21.622
21.678
21.721
21.76
21.795
21.821
21.831
21.819
21.782
21.718
21.631
21.529
21.429
21.354
21.333
21.388
21.526
21.734
21.981
22.226
22.428
22.555
22.583
22.501
22.309
22.019
21.659
21.271
20.911
20.637
20.497
20.522
20.712
21.044
21.478
21.963
22.445
22.865
23.168
23.309
23.26
23.024
22.634
22.153
21.659
21.229
20.92
20.752
20.715
20.773
20.879
20.987
21.056
21.056
20.966
20.785
20.531
20.245
19.985
19.819
19.807
19.979
20.333
20.825
21.389
21.945
22.417
22.747
22.903
22.88
22.708
22.438
22.144
21.9
21.774
21.81
22.02
22.386
22.864
23.389
23.893
24.307
24.576
24.664
24.558
24.27
23.835
23.302
22.728
22.172
21.684
21.306
21.063
20.971
21.028
21.221
21.528
21.913
22.339
22.764
23.149
23.462
23.682
23.799
23.819
23.761
23.652
23.528
23.427
23.378
23.397
23.481
23.607
23.739
23.84
23.878
23.841
23.734
23.582
23.423
23.293
23.223
23.228
23.309
23.448
23.621
23.797
23.949
24.054
24.103
24.095
24.04
23.955
23.861
23.78
23.731
23.729
23.782
23.884
24.021
24.167
24.295
24.38
24.411
24.385
24.312
24.208
24.09
23.972
23.867
23.784
23.736
23.737
23.8
23.936
24.145
24.42
24.741
25.08
25.402
25.674
25.869
25.97
25.976
25.897
25.759
25.591
25.422
25.277
25.173
25.116
25.103
25.129
25.187
25.274
25.386
25.523
25.679
25.848
26.015
26.163
26.27
26.316
26.281
26.152
25.933
25.648
25.348
25.109
25.014
25.119
25.425
25.863
26.311
26.628
26.695
26.444
25.867
25.023
24.019
22.998
22.111
21.5
21.262
21.431
21.958
22.725
23.574
24.349
24.923
25.221
25.237
25.028
24.701
24.393
24.232
24.301
24.614
25.114
25.695
26.23
26.611
26.758
26.643
26.285
25.746
25.116
24.495
23.971
23.604
23.424
23.43
23.603
23.911
24.319
24.785
25.269
25.735
26.158
26.524
26.831
27.083
27.285
27.438
27.534
27.56
27.496
27.324
27.032
26.618
26.095
25.493
24.853
24.227
23.677
23.263
23.04
23.047
23.289
23.731
24.301
24.901
25.43
25.805
25.98
25.955
25.778
25.536
25.342
25.302
25.484
25.899
26.487
27.139
27.723
28.12
28.246
28.072
27.624
26.984
26.269
25.613
25.13
24.895
24.925
25.184
25.598
26.081
26.548
26.935
27.203
27.343
27.374
27.333
27.263
27.201
27.162
27.139
27.109
27.039
26.9
26.68
26.382
26.026
25.648
25.29
24.999
24.816
24.77
24.873
25.11
25.439
25.798
26.111
26.308
26.333
26.161
25.802
25.309
24.764
24.273
23.942
23.85
24.027
24.443
25.012
25.617
26.134
26.454
26.51
26.28
25.802
25.167
24.507
23.972
23.689
23.725
24.073
24.653
25.349
26.043
26.637
27.064
27.296
27.336
27.217
26.989
26.715
26.457
26.26
26.15
26.13
26.181
26.28
26.402
26.537
26.684
26.852
27.051
27.281
27.523
27.742
27.887
27.903
27.743
27.383
26.834
26.15
25.425
24.787
24.365
24.26
24.504
25.046
25.767
26.516
27.145
27.537
27.628
27.415
26.964
26.397
25.874
25.549
25.52
25.79
26.266
26.8
27.242
27.482
27.472
27.225
26.801
26.284
25.759
25.292
24.918
24.648
24.476
24.395
24.404
24.515
24.741
25.086
25.529
26.02
26.49
26.868
27.103
27.186
27.154
27.079
27.049
27.13
27.343
27.645
27.942
28.119
28.072
27.742
27.139
26.357
25.568
24.987
24.792
25.042
25.637
26.353
26.941
27.207
27.064
26.542
25.769
24.933
24.215
23.734
23.51
23.471
23.5
23.487
23.37
23.155
22.919
22.802
22.956
23.479
24.354
25.43
26.482
27.28
27.668
27.603
27.175
26.586
26.092
25.904
26.095
26.562
27.081
27.402
27.338
26.81
25.869
24.697
23.577
22.832
22.695
23.193
24.123
25.16
25.987
26.389
26.281
25.706
24.812
23.801
22.868
22.143
21.651
21.328
21.075
20.819
20.556
20.355
20.335
20.615
21.244
22.164
23.217
24.199
24.926
25.289
25.287
25.04
24.762
24.685
24.962
25.578
26.359
27.048
27.415
27.327
26.782
25.911
24.952
24.18
23.814
23.918
24.37
24.919
25.298
25.31
24.881
24.087
23.152
22.41
22.186
22.642
23.669
24.946
26.1
26.835
26.993
26.577
25.742
24.767
23.981
23.655
23.875
24.504
25.254
25.819
25.976
25.635
24.865
23.878
22.99
22.524
22.661
23.344
24.314
25.249
25.883
26.078
25.833
25.263
24.563
23.942
23.554
23.447
23.558
23.76
23.928
23.979
23.895
23.7
23.438
23.133
22.783
22.362
21.864
21.333
20.891
20.712
20.947
21.632
22.64
23.723
24.608
25.077
25.02
24.458
23.544
22.545
21.782
21.516
21.825
22.558
23.422
24.116
24.438
24.334
23.92
23.446
23.221
23.463
24.171
25.115
25.952
26.371
26.194
25.419
24.225
22.941
21.955
21.563
21.813
22.491
23.254
23.796
23.938
23.647
23.023
22.258
21.572
21.13
20.976
21.018
21.095
21.065
20.882
20.618
20.439
20.518
20.931
21.593
22.293
22.786
22.882
22.511
21.738
20.758
19.857
19.316
19.302
19.778
20.539
21.325
21.922
22.22
22.221
22.031
21.827
21.803
22.097
22.727
23.579
24.456
25.141
25.461
25.315
24.7
23.714
22.555
21.489
20.791
20.63
20.983
21.642
22.309
22.708
22.655
22.084
21.056
19.756
18.468
17.521
17.169
17.455
18.183
19.033
19.706
20.012
19.893
19.428
18.807
18.278
18.055
18.219
18.679
19.237
19.694
19.931
19.936
19.79
19.623
19.554
19.633
19.822
20.028
20.144
20.1
19.882
19.535
19.139
18.786
18.544
18.444
18.476
18.61
18.812
19.064
19.353
19.665
19.974
20.239
20.418
20.484
20.439
20.316
20.159
20
19.833
19.617
19.283
18.779
18.091
17.271
16.434
15.73
15.302
15.228
15.487
15.987
16.612
17.27
17.907
18.494
19.008
19.413
19.655
19.673
19.431
18.948
18.323
17.743
17.436
17.575
18.173
19.066
19.997
20.73
21.119
21.133
20.85
20.41
19.958
19.589
19.31
19.063
18.774
18.405
17.981
17.578
17.278
17.123
17.08
17.063
16.98
16.788
16.532
16.338
16.371
16.739
17.424
18.27
19.061
19.611
19.826
19.734
19.473
19.236
19.19
19.383
19.723
20.039
20.172
20.048
19.7
19.25
18.852
18.618
18.567
18.627
18.692
18.676
18.556
18.36
18.145
17.958
17.811
17.691
17.586
17.512
17.528
17.704
18.074
18.59
19.122
19.501
19.592
19.346
18.845
18.294
17.963
18.059
18.591
19.364
20.09
20.533
20.589
20.305
19.844
19.407
19.124
18.995
18.897
18.688
18.296
17.779
17.307
17.082
17.209
17.613
18.078
18.361
18.298
17.862
17.177
16.486
16.059
16.061
16.444
16.988
17.433
17.606
17.486
17.199
16.959
16.954
17.223
17.627
17.935
17.959
17.658
17.177
16.804
16.842
17.404
18.322
19.255
19.871
19.975
19.555
18.772
17.919
17.304
17.112
17.302
17.652
17.902
17.873
17.524
16.94
16.301
15.818
15.651
15.849
16.339
16.978
17.615
18.121
18.401
18.385
18.03
17.338
16.378
15.319
14.446
14.105
14.53
15.659
17.165
18.65
19.788
20.394
20.436
20.033
19.417
18.863
18.572
18.566
18.69
18.713
18.466
17.924
17.234
16.658
16.445
16.664
17.148
17.598
17.755
17.519
16.989
16.437
16.198
16.467
17.149
17.915
18.397
18.349
17.732
16.745
15.8
15.389
15.782
16.806
17.987
18.867
19.194
18.982
18.491
18.122
18.204
18.757
19.479
19.955
19.902
19.307
18.455
17.844
17.906
18.672
19.731
20.544
20.752
20.308
19.491
18.795
18.664
19.168
19.942
20.481
20.442
19.797
18.848
18.11
18.028
18.64
19.542
20.199
20.243
19.595
18.465
17.281
16.51
16.378
16.721
17.136
17.274
17.013
16.478
15.966
15.781
16.037
16.584
17.142
17.487
17.569
17.507
17.506
17.723
18.158
18.668
19.085
19.337
19.493
19.705
20.082
20.572
20.971
21.043
20.675
19.985
19.338
19.199
19.822
21.024
22.311
23.189
23.384
22.911
22.04
21.173
20.636
20.484
20.507
20.429
20.136
19.759
19.587
19.84
20.458
21.105
21.379
21.027
20.061
18.783
17.692
17.234
17.481
18.065
18.473
18.353
17.647
16.599
15.673
15.338
15.748
16.633
17.54
18.118
18.237
17.977
17.559
17.229
17.133
17.258
17.474
17.642
17.702
17.687
17.683
17.756
17.902
18.043
18.084
17.978
17.769
17.591
17.616
17.951
18.562
19.263
19.799
19.945
19.588
18.794
17.838
17.179
17.261
18.204
19.676
21.128
22.075
22.257
21.681
20.627
19.568
18.988
19.102
19.72
20.436
20.92
21.068
20.985
20.86
20.81
20.782
20.608
20.162
19.494
18.869
18.637
18.975
19.708
20.411
20.69
20.377
19.619
18.827
18.478
18.788
19.529
20.216
20.431
20.018
19.13
18.159
17.549
17.518
17.905
18.32
18.427
18.105
17.479
16.837
16.472
16.51
16.845
17.246
17.51
17.542
17.347
16.982
16.512
15.996
15.516
15.197
15.175
15.515
16.133
16.826
17.378
17.672
17.738
17.736
17.854
18.181
18.632
19.013
19.153
19.021
18.751
18.581
18.692
19.081
19.562
19.909
20.001
19.89
19.745
19.724
19.844
19.971
19.934
19.679
19.347
19.224
19.546
20.308
21.243
22.017
22.423
22.462
22.317
22.207
22.238
22.335
22.332
22.139
21.848
21.716
21.99
22.709
23.645
24.45
24.856
24.784
24.343
23.739
23.161
22.698
22.355
22.131
22.078
22.257
22.646
23.086
23.346
23.264
22.864
22.373
22.111
22.274
22.787
23.368
23.755
23.88
23.889
24.006
24.314
24.636
24.633
24.028
22.821
21.382
20.384
20.422
21.518
23.086
24.421
25.079
24.983
24.36
23.599
23.049
22.854
22.936
23.115
23.246
23.249
23.072
22.653
21.938
20.962
19.909
19.089
18.784
19.023
19.536
19.954
20.059
19.899
19.743
19.88
20.37
20.96
21.25
20.924
19.903
18.388
16.811
15.665
15.246
15.467
15.995
16.546
17.004
17.378
17.696
17.936
18.034
17.937
17.647
17.218
16.726
16.239
15.816
15.528
15.447
15.591
15.85
15.998
15.794
15.118
14.086
13.096
12.699
13.177
14.231
15.241
15.696
15.392
14.46
13.314
12.465
12.185
12.254
12.172
11.549
10.332
8.8902
8.0163
8.4261
9.8579
11.456
12.589
12.981
12.632
11.756
10.725
9.9724
9.7886
10.121
10.633
10.966
10.898
