27.623
28.686
29.34
29.596
29.688
29.862
30.17
30.438
30.442
30.128
29.707
29.55
29.91
30.69
31.506
31.972
31.958
31.669
31.493
31.695
32.187
32.592
32.578
32.174
31.879
32.417
34.162
36.741
39.256
40.828
40.987
39.841
38.074
36.716
36.619
37.872
39.792
41.495
42.42
42.506
42.102
41.735
41.809
42.41
43.339
44.317
45.16
45.815
46.291
46.568
46.589
46.335
45.925
45.643
45.83
46.671
48.028
49.48
50.542
50.912
50.617
50.013
49.613
49.803
50.594
51.613
52.357
52.492
52.044
51.392
51.081
51.486
52.558
53.841
54.767
54.969
54.455
53.595
52.919
52.819
53.312
54.074
54.701
54.985
55.03
55.149
55.605
56.373
57.102
57.308
56.665
55.212
53.394
51.909
51.361
51.901
53.16
54.533
55.539
56.012
56.068
55.935
55.756
55.507
55.06
54.342
53.469
52.73
52.423
52.635
53.139
53.512
53.385
52.653
51.551
50.547
50.092
50.336
51.036
51.723
52
51.741
51.131
50.539
50.286
50.437
50.767
50.911
50.591
49.762
48.633
47.547
46.793
46.441
46.323
46.167
45.78
45.153
44.444
43.862
43.519
43.361
43.223
42.959
42.557
42.144
41.891
41.864
41.939
41.86
41.392
40.483
39.33
38.315
37.799
37.876
38.287
38.576
38.361
37.537
36.331
35.199
34.574
34.578
34.93
35.147
34.852
33.992
32.878
32.05
31.964
32.669
33.762
34.665
34.953
34.525
33.607
32.632
32.009
31.886
32.094
32.317
32.338
32.192
32.131
32.446
33.236
34.307
35.294
35.89
36.025
35.915
35.96
36.517
37.647
39.064
40.299
40.953
40.868
40.17
39.209
38.395
38.007
38.079
38.462
39
39.672
40.598
41.897
43.518
45.178
46.459
46.996
46.661
45.67
44.569
44.05
44.594
46.148
48.142
49.832
50.658
50.456
49.514
48.474
48.063
48.698
50.222
52.011
53.344
53.731
53.068
51.651
50.042
48.842
48.404
48.673
49.284
49.82
50.037
49.941
49.719
49.58
49.609
49.706
49.66
49.284
48.532
47.543
46.583
45.925
45.713
45.902
46.308
46.725
47.022
47.174
47.221
47.209
47.15
47.031
46.873
46.784
46.959
47.596
48.763
50.299
51.84
52.947
53.278
52.727
51.5
50.104
49.201
49.328
50.599
52.633
54.778
56.43
57.244
57.213
56.634
55.971
55.656
55.887
56.554
57.335
57.896
58.064
57.9
57.644
57.575
57.839
58.344
58.801
58.873
58.346
57.231
55.781
54.391
53.425
53.027
53.061
53.209
53.164
52.791
52.177
51.561
51.177
51.099
51.18
51.139
50.726
49.875
48.761
47.738
47.173
47.224
47.731
48.308
48.562
48.301
47.638
46.96
46.746
47.303
48.561
50.11
51.443
52.204
52.333
52.07
51.821
51.934
52.499
53.294
53.936
54.101
53.691
52.877
52.001
51.392
51.184
51.254
51.348
51.277
51.06
50.931
51.18
51.933
53.008
53.963
54.306
53.712
52.168
50.001
47.799
46.185
45.516
45.694
46.251
46.663
46.617
46.132
45.515
45.181
45.405
46.143
47.049
47.679
47.723
47.167
46.323
45.732
45.907
47.025
48.782
50.551
51.68
51.748
50.707
48.914
47.064
45.958
46.126
47.509
49.516
51.393
52.571
52.834
52.337
51.499
50.812
50.599
50.858
51.276
51.42
50.954
49.777
48.063
46.203
44.655
43.759
43.58
43.901
44.377
44.711
44.762
44.559
44.24
43.958
43.802
43.758
43.749
43.702
43.611
43.564
43.696
44.114
44.816
45.668
46.453
46.968
47.119
46.979
46.777
46.816
47.334
48.372
49.738
51.084
52.055
52.416
52.131
51.379
50.501
49.889
49.827
50.349
51.222
52.041
52.393
51.989
50.754
48.857
46.7
44.834
43.782
43.808
44.763
46.17
47.457
48.178
48.137
47.427
46.397
45.534
45.266
45.744
46.754
47.83
48.49
48.442
47.695
46.584
45.671
45.523
46.408
48.141
50.191
51.957
53.002
53.158
52.518
51.363
50.035
48.802
47.775
46.919
46.141
45.406
44.794
44.471
44.589
45.171
46.063
46.988
47.667
47.92
47.737
47.274
46.797
46.571
46.748
47.295
48.025
48.701
49.149
49.33
49.337
49.338
49.481
49.806
50.22
50.545
50.606
50.318
49.72
48.96
48.232
47.689
47.378
47.229
47.105
46.874
46.472
45.924
45.326
44.8
44.437
44.266
44.245
44.295
44.334
44.32
44.259
44.205
44.232
44.401
44.734
45.2
45.722
46.21
46.588
46.825
46.946
47.027
47.167
47.445
47.873
48.386
48.85
49.111
49.057
48.663
48.015
47.295
46.721
46.469
46.587
46.973
47.411
47.664
47.563
47.073
46.319
45.562
45.113
45.206
45.868
46.887
47.894
48.518
48.53
47.938
47.019
46.256
46.164
47.033
48.754
50.864
52.768
53.961
54.154
53.319
51.654
49.518
47.321
45.406
43.955
42.968
42.319
41.863
41.515
41.275
41.202
41.358
41.757
42.339
42.983
43.548
43.923
44.058
43.985
43.813
43.695
43.778
44.153
44.813
45.661
46.543
47.297
47.808
48.029
47.997
47.817
47.628
47.557
47.667
47.934
48.247
48.448
48.389
47.981
47.239
46.295
45.379
44.764
44.671
45.17
46.137
47.289
48.29
48.856
48.835
48.255
47.315
46.337
45.661
45.509
45.885
46.573
47.239
47.567
47.361
46.591
45.391
44.017
42.771
41.906
41.537
41.611
41.952
42.346
42.634
42.758
42.77
42.798
42.977
43.383
43.977
44.619
45.116
45.299
45.085
44.513
43.736
42.979
42.459
42.304
42.497
42.893
43.284
43.483
43.377
42.959
42.32
41.62
41.042
40.734
40.758
41.069
41.542
42.021
42.39
42.626
42.816
43.128
43.735
44.718
45.998
47.343
48.449
49.039
48.958
48.212
46.98
45.568
44.325
43.528
43.277
43.471
43.872
44.213
44.297
44.057
43.573
43.046
42.742
42.892
43.591
44.743
46.091
47.313
48.126
48.354
47.962
47.038
45.759
44.33
42.929
41.673
40.617
39.778
39.166
38.807
38.729
38.939
39.4
40.02
40.671
41.218
41.556
41.634
41.474
41.168
40.85
40.652
40.653
40.847
41.153
41.458
41.67
41.75
41.717
41.622
41.509
41.391
41.235
40.992
40.627
40.15
39.627
39.168
38.888
38.86
39.07
39.402
39.671
39.679
39.296
38.519
37.514
36.597
36.14
36.402
37.37
38.74
40.054
40.873
40.903
40.053
38.439
36.372
34.303
32.725
32.025
32.308
33.361
34.771
36.111
37.077
37.537
37.546
37.311
37.12
37.219
37.702
38.463
39.247
39.766
39.807
39.288
38.274
36.957
35.6
34.477
33.795
33.639
33.963
34.63
35.474
36.357
37.193
37.957
38.663
39.334
39.971
40.534
40.945
41.113
40.969
40.489
39.711
38.733
37.691
36.727
35.961
35.459
35.233
35.244
35.422
35.687
35.967
36.205
36.369
36.458
36.503
36.565
36.718
37.025
37.513
38.147
38.833
39.439
39.827
39.895
39.599
38.973
38.129
37.237
36.5
36.1
36.155
36.672
37.551
38.609
39.633
40.428
40.857
40.861
40.47
39.79
38.98
38.205
37.592
37.194
36.984
36.882
36.793
36.647
36.422
36.144
35.883
35.724
35.748
36
36.476
37.115
37.808
38.426
38.845
38.974
38.776
38.276
37.562
36.768
36.046
35.525
35.28
35.307
35.531
35.836
36.097
36.212
36.128
35.842
35.415
34.953
34.586
34.431
34.542
34.883
35.337
35.741
35.939
35.833
35.407
34.731
33.946
33.231
32.754
32.626
32.866
33.404
34.101
34.79
35.317
35.572
35.515
35.182
34.687
34.185
33.83
33.715
33.836
34.096
34.347
34.445
34.296
33.872
33.213
32.408
31.564
30.789
30.164
29.736
29.517
29.494
29.642
29.933
30.338
30.829
31.37
31.916
32.414
32.811
33.067
33.166
33.125
32.991
32.834
32.719
32.687
32.737
32.825
32.875
32.809
32.573
32.151
31.58
30.946
30.362
29.948
29.792
29.921
30.29
30.792
31.294
31.668
31.828
31.742
31.445
31.022
30.588
30.248
30.064
30.039
30.118
30.218
30.26
30.197
30.025
29.782
29.537
29.373
29.36
29.535
29.881
30.326
30.757
31.05
31.1
30.845
30.279
29.458
28.487
27.502
26.645
26.034
25.741
25.786
26.136
26.719
27.443
28.207
28.906
29.449
29.759
29.792
29.538
29.033
28.351
27.599
26.893
26.334
25.985
25.856
25.911
26.084
26.296
26.471
26.548
26.494
26.319
26.085
25.905
25.916
26.227
26.867
27.76
28.751
29.659
30.331
30.679
30.684
30.393
29.897
29.306
28.732
28.266
27.967
27.852
27.897
28.042
28.208
28.322
28.334
28.223
28.004
27.712
27.391
27.081
26.811
26.6
26.46
26.396
26.405
26.485
26.633
26.855
27.161
27.567
28.074
28.66
29.273
29.839
30.281
30.537
30.576
30.406
30.069
29.634
29.177
28.774
28.485
28.35
28.383
28.574
28.888
29.268
29.646
29.948
30.105
30.066
29.805
29.328
28.672
27.905
27.113
26.389
25.824
25.485
25.412
25.602
26.013
26.565
27.156
27.684
28.06
28.226
28.166
27.904
27.501
27.04
26.613
26.301
26.16
26.214
26.45
26.829
27.294
27.787
28.252
28.648
28.948
29.138
29.214
29.181
29.05
28.841
28.583
28.312
28.075
27.922
27.903
28.061
28.422
28.985
29.714
30.536
31.352
32.051
32.532
32.72
32.586
32.149
31.479
30.684
29.896
29.242
28.818
28.668
28.777
29.078
29.479
29.882
30.202
30.384
30.4
30.254
29.977
29.615
29.22
28.837
28.49
28.182
27.9
27.618
27.318
26.992
26.652
26.33
26.071
25.928
25.95
26.174
26.611
27.246
28.033
28.904
29.779
30.583
31.252
31.743
32.038
32.144
32.088
31.908
31.654
31.376
31.117
30.914
30.785
30.732
30.733
30.75
30.732
30.63
30.407
30.048
29.567
28.998
28.394
27.815
27.319
26.964
26.804
26.891
27.253
27.884
28.725
29.666
30.576
31.329
31.837
32.067
32.049
31.858
31.597
31.372
31.268
31.343
31.622
32.104
32.759
33.535
34.349
35.104
35.7
36.05
36.101
35.844
35.311
34.578
33.738
32.893
32.126
31.497
31.034
30.742
30.616
30.637
30.784
31.019
31.293
31.547
31.725
31.782
31.695
31.47
31.137
30.745
30.36
30.056
29.908
29.978
30.302
30.878
31.665
32.588
33.56
34.49
35.304
35.939
36.357
36.543
36.515
36.324
36.046
35.772
35.574
35.484
35.482
35.511
35.5
35.392
35.166
34.833
34.422
33.973
33.523
33.108
32.772
32.565
32.529
32.681
32.997
33.412
33.838
34.19
34.41
34.476
34.41
34.266
34.12
34.054
34.139
34.419
34.899
35.548
36.306
37.104
37.88
38.589
39.208
39.735
40.188
40.601
41.025
41.51
42.095
42.784
43.545
44.312
45.01
45.572
45.956
46.151
46.164
46.014
45.722
45.315
44.835
44.348
43.933
43.67
43.612
43.774
44.124
44.605
45.144
45.668
46.107
46.394
46.47
46.292
45.848
45.163
44.296
43.325
42.326
41.361
40.478
39.719
39.138
38.794
38.742
39
39.536
40.268
41.09
41.899
42.614
43.183
43.578
43.79
43.826
43.711
43.49
43.227
42.993
42.847
42.821
42.913
43.086
43.289
43.467
43.572
43.573
43.46
43.243
42.962
42.677
42.465
42.401
42.532
42.866
43.362
43.945
44.52
44.993
45.285
45.346
45.157
44.734
44.136
43.453
42.802
42.303
42.058
42.124
42.508
43.162
44.009
44.95
45.882
46.705
47.323
47.66
47.664
47.326
46.688
45.846
44.933
44.097
43.46
43.089
42.98
43.066
43.247
43.42
43.5
43.436
43.207
42.827
42.341
41.834
41.424
41.251
41.454
42.12
43.252
44.752
46.437
48.086
49.482
50.454
50.901
50.807
50.238
49.332
48.283
47.309
46.616
46.359
46.608
47.331
48.404
49.644
50.844
51.815
52.41
52.549
52.221
51.489
50.475
49.342
48.26
47.381
46.804
46.566
46.637
46.944
47.397
47.908
48.413
48.873
49.275
49.622
49.925
50.192
50.42
50.598
50.7
50.704
50.593
50.368
50.054
49.697
49.356
49.081
48.904
48.824
48.813
48.829
48.834
48.813
48.77
48.726
48.705
48.724
48.79
48.901
49.054
49.248
49.482
49.748
50.029
50.293
50.506
50.638
50.677
50.635
50.544
50.454
50.414
50.46
50.608
50.843
51.122
51.385
51.563
51.601
51.466
51.154
50.699
50.16
49.613
49.135
48.793
48.628
48.657
48.87
49.236
49.71
50.235
50.757
51.222
51.59
51.834
51.946
51.939
51.841
51.689
51.524
51.383
51.291
51.258
51.286
51.369
51.501
51.684
51.933
52.27
52.721
53.305
54.026
54.865
55.78
56.703
57.556
58.249
58.7
58.839
58.628
58.077
57.261
56.318
55.432
54.79
54.524
54.651
55.058
55.536
55.842
55.771
55.204
54.132
52.655
50.961
49.297
47.923
47.063
46.852
47.296
48.271
49.558
50.893
52.029
52.781
53.054
52.861
52.321
51.638
51.057
50.8
50.999
51.646
52.597
53.621
54.464
54.921
54.869
54.291
53.267
51.956
50.559
49.283
48.301
47.731
47.619
47.952
48.665
49.662
50.828
52.05
53.231
54.301
55.228
56.017
56.702
57.33
57.938
58.54
59.111
59.589
59.887
59.911
59.581
58.85
57.717
56.232
54.498
52.666
50.93
49.503
48.589
48.334
48.773
49.806
51.207
52.685
53.948
54.763
55.001
54.661
53.866
52.847
51.895
51.287
51.208
51.684
52.58
53.643
54.589
55.164
55.204
54.652
53.566
52.116
50.552
49.165
48.23
47.927
48.296
49.23
50.516
51.903
53.166
54.146
54.77
55.054
55.086
55.002
54.948
55.032
55.299
55.716
56.185
56.579
56.78
56.71
56.351
55.748
55.008
54.275
53.703
53.42
53.496
53.92
54.602
55.389
56.102
56.568
56.656
56.293
55.49
54.341
53.026
51.784
50.871
50.497
50.756
51.585
52.781
54.056
55.112
55.698
55.65
54.915
53.552
51.73
49.708
47.806
46.344
45.571
45.591
46.337
47.599
49.099
50.566
51.787
52.624
53.021
52.998
52.633
52.044
51.365
50.725
50.22
49.909
49.805
49.885
50.114
50.457
50.891
51.413
52.028
52.735
53.508
54.287
54.974
55.448
55.588
55.3
54.55
53.382
51.933
50.425
49.139
48.36
48.297
49.014
50.394
52.174
54.017
55.592
56.634
56.992
56.659
55.781
54.645
53.621
53.061
53.182
53.976
55.222
56.583
57.726
58.41
58.523
58.086
57.217
56.094
54.908
53.824
52.956
52.359
52.05
52.021
52.26
52.751
53.466
54.342
55.276
56.131
56.765
57.073
57.025
56.69
56.233
55.878
55.842
56.255
57.1
58.203
59.282
60.021
60.16
59.56
58.26
56.5
54.694
53.336
52.826
53.275
54.44
55.834
56.933
57.354
56.952
55.832
54.3
52.767
51.611
51.042
51.036
51.373
51.752
51.912
51.729
51.253
50.708
50.441
50.788
51.923
53.737
55.854
57.775
59.047
59.4
58.835
57.641
56.337
55.515
55.599
56.633
58.245
59.821
60.749
60.6
59.224
56.791
53.791
50.967
49.138
48.874
50.182
52.507
55.038
57.045
58.051
57.884
56.644
54.639
52.289
50.008
48.086
46.62
45.532
44.664
43.903
43.261
42.895
43.032
43.85
45.345
47.293
49.312
50.993
52.027
52.295
51.915
51.23
50.714
50.793
51.636
53.052
54.573
55.655
55.875
55.056
53.318
51.074
48.951
47.595
47.405
48.31
49.81
51.22
51.937
51.603
50.174
47.932
45.466
43.55
42.886
43.741
45.784
48.283
50.467
51.767
51.917
50.966
49.263
47.379
45.966
45.52
46.142
47.494
48.983
50.016
50.186
49.359
47.688
45.59
43.661
42.502
42.471
43.504
45.164
46.876
48.147
48.684
48.419
47.492
46.195
44.893
43.925
43.506
43.661
44.252
45.05
45.824
46.389
46.624
46.459
45.864
44.859
43.53
42.059
40.74
39.943
39.998
41.036
42.89
45.149
47.305
48.903
49.64
49.411
48.34
46.765
45.202
44.213
44.206
45.231
46.95
48.802
50.238
50.898
50.705
49.885
48.917
48.375
48.668
49.805
51.369
52.715
53.236
52.56
50.646
47.812
44.696
42.128
40.836
41.07
42.449
44.218
45.637
46.22
45.798
44.503
42.708
40.921
39.62
39.055
39.143
39.537
39.845
39.824
39.485
39.084
38.996
39.502
40.591
41.931
43.016
43.373
42.725
41.079
38.76
36.383
34.721
34.389
35.485
37.524
39.768
41.569
42.552
42.649
42.09
41.34
40.955
41.367
42.659
44.518
46.391
47.709
48.054
47.246
45.374
42.802
40.125
38.057
37.185
37.674
39.165
41
42.519
43.251
42.963
41.663
39.584
37.155
34.948
33.534
33.265
34.079
35.539
37.065
38.157
38.511
38.055
36.945
35.533
34.283
33.611
33.704
34.427
35.411
36.247
36.655
36.55
36.051
35.416
34.94
34.824
35.086
35.559
35.985
36.131
35.871
35.219
34.321
33.406
32.714
32.406
32.51
32.922
33.462
33.955
34.28
34.392
34.311
34.101
33.837
33.588
33.397
33.276
33.205
33.127
32.959
32.607
31.982
31.037
29.792
28.348
26.891
25.657
24.875
24.679
25.061
25.887
26.977
28.172
29.359
30.466
31.422
32.144
32.526
32.471
31.935
30.978
29.811
28.788
28.323
28.696
29.875
31.518
33.152
34.371
34.958
34.917
34.443
33.837
33.371
33.161
33.118
33.019
32.651
31.935
30.979
30.046
29.436
29.321
29.636
30.111
30.434
30.418
30.089
29.702
29.638
30.2
31.411
32.969
34.395
35.25
35.285
34.517
33.246
31.985
31.274
31.403
32.231
33.281
34.023
34.106
33.459
32.284
30.973
29.948
29.458
29.455
29.651
29.716
29.439
28.806
27.973
27.176
26.611
26.335
26.268
26.275
26.266
26.256
26.332
26.571
26.95
27.322
27.479
27.264
26.672
25.902
25.33
25.345
26.108
27.42
28.83
29.87
30.238
29.876
28.97
27.888
27.031
26.644
26.688
26.894
26.949
26.68
26.127
25.516
25.138
25.172
25.561
26.046
26.314
26.153
25.547
24.681
23.885
23.48
23.604
24.12
24.717
25.096
25.117
24.847
24.515
24.381
24.57
24.973
25.319
25.342
24.947
24.297
23.783
23.851
24.699
26.108
27.564
28.538
28.688
27.943
26.521
24.89
23.628
23.169
23.54
24.36
25.119
25.437
25.176
24.432
23.478
22.662
22.268
22.391
22.916
23.607
24.232
24.624
24.69
24.393
23.729
22.733
21.506
20.258
19.321
19.082
19.767
21.255
23.133
24.914
26.204
26.795
26.685
26.073
25.302
24.73
24.561
24.729
24.946
24.889
24.365
23.408
22.294
21.441
21.202
21.621
22.392
23.068
23.306
23.005
22.33
21.657
21.389
21.712
22.441
23.136
23.347
22.803
21.504
19.759
18.155
17.374
17.748
18.955
20.308
21.228
21.46
21.104
20.556
20.332
20.754
21.701
22.709
23.286
23.173
22.455
21.563
21.104
21.49
22.592
23.845
24.641
24.644
23.912
22.881
22.204
22.374
23.336
24.544
25.375
25.474
24.885
24.029
23.52
23.796
24.781
25.939
26.643
26.479
25.369
23.58
21.651
20.209
19.631
19.783
20.154
20.243
19.825
18.995
18.106
17.578
17.648
18.201
18.898
19.423
19.646
19.641
19.601
19.697
19.969
20.322
20.63
20.861
21.113
21.539
22.199
22.96
23.53
23.619
23.1
22.124
21.137
20.722
21.24
22.515
23.976
25.042
25.39
25.024
24.23
23.425
22.932
22.79
22.776
22.628
22.259
21.846
21.709
22.068
22.818
23.58
23.929
23.627
22.731
21.587
20.696
20.428
20.749
21.252
21.458
21.092
20.197
19.123
18.384
18.372
19.058
20.04
20.848
21.197
21.059
20.628
20.206
20.034
20.157
20.413
20.567
20.467
20.126
19.715
19.468
19.54
19.89
20.307
20.538
20.428
20.006
19.491
19.223
19.485
20.302
21.408
22.395
22.914
22.804
22.155
21.326
20.848
21.165
22.312
23.863
25.218
25.894
25.673
24.652
23.225
21.972
21.411
21.674
22.444
23.234
23.706
23.785
23.603
23.355
23.138
22.891
22.486
21.891
21.286
21.02
21.371
22.268
23.276
23.844
23.596
22.486
20.871
19.451
18.96
19.606
20.868
21.959
22.326
21.833
20.748
19.627
19.044
19.206
19.812
20.333
20.384
19.895
19.116
18.482
18.369
18.839
19.618
20.322
20.672
20.572
20.076
19.325
18.473
17.663
17.03
16.715
16.826
17.356
18.144
18.936
19.505
19.757
19.776
19.784
20.009
20.526
21.185
21.711
21.876
21.629
21.136
20.711
20.639
20.983
21.543
22.006
22.15
21.946
21.55
21.193
21.031
21.054
21.129
21.133
21.065
21.051
21.244
21.693
22.293
22.855
23.225
23.367
23.349
23.271
23.183
23.06
22.861
22.615
22.472
22.636
23.224
24.147
25.14
25.898
26.215
26.049
25.504
24.771
24.037
23.436
23.038
22.877
22.958
23.233
23.582
23.849
23.921
23.811
23.68
23.753
24.152
24.791
25.415
25.786
25.844
25.758
25.816
26.189
26.743
27.077
26.755
25.564
23.685
21.755
20.692
21.107
22.718
24.629
26.03
26.526
26.154
25.27
24.365
23.831
23.773
24.022
24.318
24.458
24.336
23.891
23.077
21.886
20.423
18.971
17.96
17.74
18.291
19.211
20.031
20.486
20.607
20.639
20.846
21.295
21.785
21.989
21.654
20.741
19.454
18.176
17.298
17.002
17.168
17.516
17.819
18.002
18.106
18.2
18.299
18.343
18.234
17.888
17.274
16.446
15.555
14.842
14.559
14.808
15.425
16.048
16.307
15.989
15.142
14.124
13.514
13.763
14.756
15.895
16.566
16.431
15.501
14.142
12.971
12.547
12.889
13.454
13.625
13.077
11.863
10.442
9.6045
10.001
11.415
13.065
14.302
14.777
14.397
13.281
11.755
10.343
9.6372
9.8673
10.621
11.245
11.288
