38
39.586
40.806
41.444
41.582
41.471
41.33
41.206
41.007
40.663
40.267
40.071
40.3
40.946
41.735
42.317
42.521
42.471
42.496
42.85
43.471
43.993
44.048
43.627
43.246
43.738
45.644
48.656
51.736
53.738
53.956
52.422
49.97
48.002
47.781
49.526
52.281
54.733
56.02
56.033
55.315
54.705
54.841
55.805
57.195
58.517
59.507
60.189
60.701
61.081
61.213
60.959
60.395
59.915
60.092
61.287
63.319
65.503
67.044
67.469
66.866
65.85
65.261
65.655
66.937
68.451
69.446
69.535
68.895
68.171
68.113
69.095
70.868
72.731
73.971
74.218
73.595
72.625
71.971
72.076
72.939
74.173
75.298
76.042
76.474
76.921
77.712
78.903
80.164
80.934
80.724
79.416
77.414
75.569
74.822
75.674
77.856
80.515
82.736
83.98
84.231
83.88
83.43
83.175
83.073
82.875
82.41
81.785
81.353
81.447
82.069
82.808
83.076
82.493
81.17
79.72
78.951
79.342
80.676
82.177
83.026
82.841
81.882
80.887
80.605
81.275
82.444
83.282
83.123
81.84
79.914
78.167
77.273
77.329
77.838
78.106
77.719
76.768
75.748
75.196
75.304
75.789
76.128
75.955
75.311
74.615
74.363
74.739
75.426
75.799
75.327
73.924
72.055
70.541
70.085
70.782
72.022
72.881
72.662
71.236
69.098
67.127
66.102
66.201
66.887
67.301
66.815
65.387
63.611
62.445
62.65
64.255
66.521
68.424
69.202
68.648
67.126
65.374
64.121
63.695
63.875
64.134
64.057
63.634
63.269
63.509
64.625
66.368
68.103
69.202
69.426
69.083
68.907
69.649
71.555
74.143
76.465
77.621
77.164
75.275
72.703
70.457
69.324
69.468
70.453
71.695
72.917
74.279
76.138
78.618
81.326
83.452
84.175
83.1
80.561
77.663
75.945
76.552
79.413
83.244
86.382
87.614
86.602
83.971
81.1
79.564
80.279
82.909
86.15
88.551
89.17
87.819
85.032
81.813
79.241
77.984
78.025
78.791
79.578
79.932
79.777
79.333
78.898
78.633
78.456
78.108
77.321
75.989
74.257
72.488
71.121
70.481
70.626
71.336
72.248
73.024
73.465
73.539
73.334
72.987
72.636
72.407
72.433
72.864
73.827
75.332
77.187
78.991
80.233
80.473
79.524
77.602
75.372
73.806
73.8
75.67
78.923
82.526
85.426
86.95
86.985
85.969
84.696
83.977
84.24
85.342
86.717
87.75
88.12
87.933
87.627
87.699
88.38
89.468
90.425
90.664
89.846
88.042
85.717
83.548
82.117
81.615
81.777
82.071
82.021
81.436
80.465
79.475
78.816
78.597
78.618
78.497
77.908
76.778
75.372
74.187
73.706
74.111
75.144
76.237
76.82
76.61
75.771
74.886
74.719
75.809
78.126
81.065
83.773
85.563
86.181
85.879
85.288
85.111
85.748
87.066
88.502
89.4
89.354
88.392
86.937
85.581
84.772
84.587
84.755
84.928
84.971
85.079
85.646
86.932
88.765
90.52
91.375
90.694
88.328
84.753
80.986
78.227
77.264
77.985
79.475
80.606
80.645
79.547
77.938
76.808
76.957
78.466
80.615
82.324
82.726
81.573
79.387
77.328
76.705
78.199
81.343
84.78
87.012
87.026
84.629
80.537
76.261
73.627
73.846
76.696
80.739
84.312
86.309
86.446
85.194
83.497
82.319
82.162
82.822
83.581
83.649
82.539
80.248
77.22
74.176
71.826
70.583
70.411
70.925
71.64
72.194
72.434
72.387
72.174
71.916
71.68
71.475
71.287
71.122
71.028
71.087
71.376
71.915
72.641
73.407
74.025
74.334
74.273
73.931
73.562
73.527
74.167
75.624
77.724
79.998
81.835
82.697
82.301
80.752
78.561
76.542
75.511
75.88
77.386
79.196
80.301
79.909
77.701
73.934
69.435
65.448
63.209
63.316
65.332
68.093
70.369
71.341
70.777
69.028
66.895
65.36
65.144
66.319
68.272
70.074
70.932
70.48
68.895
66.852
65.31
65.106
66.507
69.065
71.906
74.171
75.307
75.157
73.912
71.971
69.767
67.609
65.61
63.733
61.917
60.214
58.83
58.054
58.098
58.937
60.274
61.649
62.617
62.896
62.45
61.495
60.437
59.728
59.684
60.339
61.435
62.56
63.346
63.615
63.434
63.069
62.861
63.044
63.623
64.367
64.93
65.028
64.554
63.631
62.55
61.642
61.129
61.016
61.109
61.132
60.864
60.242
59.379
58.506
57.871
57.624
57.752
58.095
58.433
58.591
58.512
58.281
58.085
58.129
58.534
59.267
60.154
60.953
61.463
61.608
61.462
61.219
61.097
61.234
61.609
62.047
62.296
62.136
61.468
60.357
59.011
57.719
56.746
56.234
56.146
56.288
56.401
56.253
55.718
54.817
53.72
52.709
52.098
52.108
52.763
53.848
54.979
55.741
55.833
55.185
54.022
52.856
52.341
52.992
54.877
57.542
60.226
62.171
62.844
62.04
59.905
56.883
53.607
50.723
48.669
47.52
47.015
46.754
46.428
45.941
45.416
45.104
45.241
45.908
46.973
48.137
49.051
49.451
49.242
48.547
47.684
47.074
47.072
47.784
49.012
50.353
51.387
51.836
51.642
50.96
50.082
49.317
48.859
48.711
48.7
48.577
48.126
47.244
45.969
44.467
42.992
41.816
41.156
41.103
41.595
42.445
43.404
44.224
44.718
44.785
44.435
43.792
43.069
42.526
42.372
42.685
43.356
44.131
44.702
44.814
44.335
43.299
41.897
40.432
39.235
38.548
38.428
38.736
39.213
39.604
39.759
39.681
39.515
39.485
39.775
40.425
41.278
42.044
42.417
42.198
41.384
40.184
38.983
38.206
38.128
38.728
39.706
40.64
41.17
41.105
40.455
39.401
38.235
37.264
36.699
36.58
36.778
37.069
37.249
37.222
37.044
36.91
37.071
37.713
38.84
40.251
41.616
42.605
42.986
42.685
41.793
40.531
39.189
38.03
37.212
36.746
36.519
36.37
36.162
35.828
35.387
34.921
34.547
34.374
34.465
34.818
35.368
36.006
36.613
37.078
37.316
37.272
36.921
36.273
35.374
34.314
33.221
32.251
31.555
31.24
31.335
31.775
32.427
33.13
33.736
34.135
34.278
34.169
33.866
33.461
33.057
32.739
32.551
32.485
32.496
32.522
32.514
32.452
32.341
32.208
32.074
31.951
31.828
31.686
31.507
31.29
31.059
30.853
30.717
30.683
30.747
30.864
30.951
30.911
30.66
30.166
29.472
28.709
28.076
27.776
27.927
28.49
29.27
29.988
30.376
30.246
29.528
28.281
26.692
25.061
23.758
23.129
23.345
24.307
25.696
27.125
28.268
28.927
29.065
28.802
28.385
28.107
28.188
28.665
29.376
30.043
30.396
30.265
29.625
28.593
27.407
26.362
25.734
25.675
26.158
26.995
27.93
28.732
29.248
29.437
29.358
29.144
28.944
28.857
28.88
28.911
28.797
28.406
27.68
26.658
25.474
24.321
23.396
22.84
22.686
22.863
23.234
23.649
23.99
24.192
24.247
24.203
24.144
24.161
24.314
24.613
25.011
25.425
25.767
25.967
25.99
25.838
25.539
25.149
24.738
24.389
24.186
24.212
24.524
25.138
26.01
27.04
28.08
28.965
29.548
29.732
29.492
28.89
28.068
27.212
26.501
26.045
25.844
25.806
25.79
25.675
25.397
24.964
24.453
23.992
23.724
23.761
24.135
24.774
25.514
26.155
26.514
26.48
26.038
25.275
24.365
23.518
22.922
22.669
22.734
22.999
23.319
23.572
23.687
23.647
23.481
23.254
23.049
22.952
23.025
23.282
23.679
24.126
24.518
24.76
24.795
24.612
24.242
23.753
23.228
22.753
22.4
22.216
22.218
22.394
22.704
23.087
23.473
23.79
23.982
24.02
23.912
23.705
23.473
23.297
23.233
23.289
23.419
23.542
23.569
23.435
23.117
22.639
22.067
21.498
21.041
20.787
20.789
21.039
21.476
21.997
22.496
22.884
23.112
23.173
23.101
22.956
22.8
22.683
22.624
22.616
22.627
22.623
22.573
22.465
22.301
22.097
21.872
21.642
21.414
21.181
20.935
20.667
20.38
20.091
19.826
19.616
19.484
19.441
19.476
19.564
19.672
19.769
19.833
19.864
19.878
19.905
19.976
20.107
20.288
20.485
20.652
20.744
20.736
20.63
20.459
20.278
20.149
20.129
20.245
20.485
20.796
21.097
21.297
21.32
21.125
20.717
20.153
19.53
18.965
18.566
18.396
18.457
18.699
19.038
19.389
19.678
19.858
19.903
19.817
19.625
19.371
19.109
18.893
18.758
18.716
18.751
18.829
18.909
18.955
18.941
18.858
18.712
18.521
18.314
18.133
18.024
18.033
18.194
18.518
18.984
19.543
20.125
20.657
21.073
21.327
21.396
21.284
21.015
20.63
20.183
19.73
19.325
19.004
18.782
18.647
18.567
18.501
18.416
18.296
18.145
17.985
17.844
17.75
17.719
17.751
17.832
17.932
18.023
18.082
18.102
18.099
18.111
18.179
18.334
18.579
18.878
19.175
19.405
19.52
19.501
19.357
19.123
18.853
18.606
18.439
18.4
18.511
18.763
19.112
19.489
19.81
20.002
20.013
19.827
19.46
18.959
18.389
17.82
17.32
16.941
16.714
16.649
16.735
16.942
17.228
17.541
17.824
18.025
18.102
18.03
17.804
17.446
17
16.527
16.095
15.775
15.623
15.679
15.95
16.406
16.98
17.578
18.097
18.446
18.561
18.424
18.058
17.526
16.92
16.343
15.889
15.632
15.611
15.83
16.258
16.834
17.487
18.143
18.735
19.211
19.535
19.685
19.649
19.43
19.039
18.509
17.887
17.238
16.638
16.16
15.865
15.789
15.937
16.282
16.767
17.31
17.822
18.218
18.435
18.442
18.246
17.892
17.448
16.992
16.595
16.305
16.139
16.087
16.116
16.181
16.233
16.232
16.155
16.006
15.815
15.634
15.519
15.514
15.633
15.858
16.15
16.46
16.745
16.974
17.129
17.204
17.212
17.179
17.144
17.154
17.246
17.437
17.713
18.029
18.326
18.544
18.642
18.598
18.419
18.129
17.769
17.382
17.011
16.689
16.444
16.291
16.24
16.289
16.43
16.645
16.907
17.184
17.439
17.635
17.745
17.754
17.665
17.495
17.278
17.051
16.851
16.714
16.668
16.738
16.942
17.284
17.745
18.278
18.811
19.259
19.547
19.619
19.451
19.057
18.48
17.788
17.061
16.381
15.82
15.431
15.243
15.259
15.452
15.773
16.164
16.563
16.921
17.205
17.4
17.509
17.553
17.564
17.58
17.64
17.775
18.003
18.323
18.718
19.153
19.591
19.991
20.322
20.561
20.698
20.734
20.677
20.542
20.352
20.133
19.912
19.719
19.575
19.492
19.472
19.502
19.562
19.627
19.672
19.678
19.628
19.512
19.329
19.088
18.806
18.513
18.245
18.035
17.906
17.867
17.91
18.014
18.153
18.298
18.429
18.529
18.595
18.627
18.635
18.63
18.621
18.615
18.614
18.618
18.628
18.648
18.685
18.751
18.858
19.019
19.245
19.543
19.909
20.328
20.772
21.206
21.587
21.882
22.067
22.133
22.082
21.929
21.695
21.413
21.127
20.889
20.757
20.777
20.968
21.31
21.752
22.221
22.643
22.956
23.116
23.101
22.907
22.546
22.054
21.48
20.893
20.364
19.959
19.717
19.646
19.728
19.93
20.216
20.558
20.929
21.307
21.673
22.01
22.308
22.567
22.792
22.989
23.157
23.29
23.376
23.404
23.37
23.279
23.142
22.974
22.786
22.587
22.382
22.182
21.996
21.839
21.727
21.676
21.7
21.815
22.03
22.348
22.754
23.218
23.691
24.12
24.451
24.644
24.673
24.535
24.246
23.84
23.37
22.904
22.516
22.276
22.234
22.405
22.771
23.28
23.864
24.451
24.972
25.367
25.587
25.606
25.419
25.055
24.574
24.063
23.613
23.3
23.159
23.18
23.313
23.489
23.644
23.725
23.7
23.557
23.3
22.954
22.567
22.21
21.969
21.926
22.137
22.606
23.284
24.075
24.868
25.555
26.058
26.331
26.371
26.215
25.93
25.607
25.339
25.206
25.259
25.507
25.92
26.436
26.977
27.461
27.815
27.984
27.941
27.688
27.258
26.706
26.101
25.509
24.987
24.571
24.275
24.096
24.027
24.055
24.171
24.367
24.637
24.968
25.343
25.738
26.127
26.477
26.762
26.959
27.057
27.058
26.977
26.839
26.678
26.529
26.42
26.364
26.362
26.4
26.454
26.5
26.524
26.518
26.489
26.45
26.416
26.402
26.414
26.455
26.521
26.609
26.714
26.835
26.97
27.119
27.28
27.449
27.622
27.795
27.967
28.139
28.314
28.49
28.666
28.831
28.975
29.085
29.153
29.18
29.169
29.13
29.073
29.005
28.935
28.869
28.818
28.796
28.819
28.902
29.055
29.277
29.556
29.866
30.176
30.448
30.651
30.76
30.769
30.683
30.526
30.332
30.136
29.971
29.864
29.829
29.872
29.991
30.182
30.438
30.753
31.118
31.521
31.941
32.348
32.708
32.981
33.132
33.137
32.983
32.684
32.275
31.825
31.426
31.186
31.197
31.503
32.071
32.79
33.496
34.016
34.206
33.981
33.331
32.323
31.085
29.791
28.632
27.777
27.343
27.363
27.781
28.467
29.255
29.982
30.517
30.785
30.775
30.546
30.214
29.921
29.804
29.946
30.353
30.95
31.607
32.18
32.547
32.628
32.398
31.888
31.172
30.357
29.559
28.887
28.424
28.217
28.275
28.574
29.067
29.692
30.378
31.057
31.669
32.173
32.552
32.814
32.989
33.119
33.239
33.369
33.497
33.582
33.569
33.4
33.034
32.457
31.693
30.798
29.858
28.988
28.314
27.955
27.999
28.462
29.28
30.315
31.39
32.332
33.004
33.335
33.325
33.046
32.626
32.222
31.988
32.026
32.361
32.934
33.621
34.271
34.744
34.938
34.812
34.385
33.735
32.982
32.265
31.706
31.387
31.329
31.498
31.82
32.211
32.595
32.92
33.16
33.321
33.428
33.515
33.619
33.763
33.951
34.166
34.373
34.532
34.603
34.554
34.373
34.07
33.674
33.235
32.819
32.496
32.326
32.349
32.564
32.929
33.366
33.775
34.056
34.134
33.972
33.588
33.055
32.49
32.037
31.824
31.929
32.349
32.999
33.737
34.401
34.846
34.973
34.744
34.186
33.397
32.522
31.736
31.203
31.036
31.266
31.839
32.64
33.528
34.373
35.077
35.575
35.842
35.883
35.729
35.431
35.048
34.642
34.272
33.984
33.807
33.75
33.807
33.958
34.181
34.458
34.777
35.133
35.52
35.922
36.306
36.621
36.799
36.772
36.489
35.933
35.14
34.211
33.304
32.611
32.308
32.491
33.137
34.096
35.143
36.04
36.586
36.663
36.257
35.465
34.489
33.598
33.059
33.037
33.53
34.366
35.286
36.035
36.437
36.421
36.022
35.353
34.565
33.811
33.199
32.774
32.524
32.397
32.343
32.338
32.4
32.576
32.918
33.447
34.126
34.861
35.53
36.024
36.284
36.327
36.239
36.15
36.184
36.405
36.786
37.209
37.502
37.496
37.077
36.232
35.072
33.835
32.837
32.369
32.559
33.291
34.252
35.071
35.453
35.255
34.512
33.411
32.232
31.256
30.66
30.461
30.525
30.655
30.674
30.493
30.133
29.724
29.475
29.604
30.24
31.34
32.688
33.973
34.895
35.263
35.049
34.414
33.672
33.199
33.276
33.946
34.987
36.023
36.679
36.694
35.985
34.663
33.032
31.541
30.675
30.749
31.741
33.294
34.911
36.141
36.693
36.467
35.541
34.137
32.549
31.065
29.872
29.013
28.403
27.907
27.434
26.985
26.664
26.629
27.016
27.857
29.044
30.36
31.555
32.427
32.879
32.953
32.83
32.774
33.033
33.71
34.703
35.739
36.495
36.708
36.258
35.201
33.765
32.302
31.196
30.717
30.898
31.522
32.231
32.681
32.646
32.072
31.094
30.018
29.251
29.147
29.829
31.113
32.599
33.854
34.554
34.548
33.88
32.776
31.597
30.737
30.484
30.884
31.728
32.66
33.329
33.493
33.071
32.154
30.992
29.944
29.371
29.488
30.258
31.416
32.606
33.515
33.958
33.897
33.43
32.745
32.058
31.537
31.257
31.179
31.193
31.178
31.049
30.781
30.401
29.955
29.482
28.993
28.476
27.921
27.363
26.899
26.682
26.86
27.496
28.505
29.668
30.707
31.37
31.502
31.083
30.249
29.272
28.503
28.248
28.634
29.532
30.631
31.58
32.116
32.146
31.772
31.274
31.021
31.318
32.226
33.515
34.764
35.544
35.553
34.703
33.147
31.271
29.613
28.688
28.724
29.53
30.619
31.48
31.761
31.336
30.303
28.941
27.624
26.697
26.319
26.392
26.63
26.724
26.493
25.955
25.335
24.978
25.181
25.996
27.174
28.287
28.922
28.812
27.91
26.416
24.763
23.534
23.238
24.003
25.497
27.162
28.506
29.238
29.302
28.862
28.252
27.879
28.069
28.9
30.162
31.472
32.438
32.771
32.351
31.239
29.67
28.021
26.725
26.126
26.318
27.1
28.1
28.942
29.351
29.191
28.463
27.287
25.881
24.53
23.525
23.068
23.195
23.753
24.473
25.082
25.37
25.237
24.701
23.894
23.037
22.383
22.129
22.327
22.869
23.547
24.156
24.566
24.748
24.764
24.728
24.754
24.902
25.153
25.426
25.614
25.629
25.436
25.06
24.577
24.096
23.728
23.549
23.583
23.802
24.135
24.498
24.81
25.011
25.064
24.959
24.713
24.366
23.969
23.572
23.203
22.853
22.479
22.02
21.42
20.66
19.776
18.863
18.063
17.525
17.355
17.574
18.116
18.868
19.717
20.574
21.376
22.077
22.629
22.982
23.087
22.925
22.522
21.978
21.464
21.184
21.295
21.823
22.638
23.514
24.226
24.626
24.678
24.455
24.094
23.731
23.439
23.196
22.914
22.504
21.946
21.315
20.76
20.438
20.417
20.627
20.897
21.043
20.963
20.69
20.393
20.313
20.647
21.413
22.427
23.391
24.023
24.151
23.77
23.045
22.276
21.794
21.803
22.263
22.926
23.486
23.726
23.588
23.175
22.692
22.348
22.251
22.358
22.519
22.566
22.402
22.033
21.548
21.076
20.719
20.517
20.452
20.492
20.627
20.886
21.295
21.837
22.417
22.883
23.079
22.921
22.444
21.834
21.379
21.363
21.891
22.815
23.813
24.553
24.823
24.587
23.986
23.268
22.686
22.364
22.24
22.124
21.829
21.286
20.593
19.977
19.671
19.765
20.131
20.5
20.606
20.314
19.666
18.882
18.279
18.125
18.475
19.136
19.794
20.185
20.192
19.869
19.411
19.064
18.988
19.168
19.422
19.529
19.358
18.946
18.503
18.316
18.58
19.244
20.032
20.601
20.699
20.26
19.419
18.484
17.82
17.668
17.988
18.503
18.879
18.892
18.494
17.815
17.106
16.648
16.615
16.994
17.61
18.245
18.727
18.963
18.921
18.611
18.057
17.301
16.427
15.594
15.041
15.029
15.684
16.886
18.317
19.613
20.488
20.794
20.553
19.949
19.292
18.899
18.934
19.305
19.728
19.901
19.654
19.017
18.22
17.61
17.469
17.825
18.426
18.916
19.032
18.717
18.134
17.603
17.438
17.74
18.303
18.749
18.735
18.098
16.926
15.576
14.61
14.525
15.351
16.611
17.713
18.257
18.131
17.517
16.837
16.578
16.985
17.858
18.718
19.114
18.837
18.007
17.066
16.628
17.093
18.286
19.608
20.465
20.534
19.849
18.794
17.987
17.954
18.722
19.803
20.588
20.693
20.089
19.101
18.288
18.146
18.736
19.632
20.258
20.211
19.399
18.056
16.68
15.835
15.798
16.337
16.918
17.095
16.698
15.866
14.99
14.541
14.778
15.552
16.45
17.1
17.329
17.192
16.913
16.77
16.94
17.414
18.037
18.638
19.119
19.467
19.702
19.811
19.727
19.376
18.759
18.035
17.528
17.591
18.356
19.6
20.887
21.808
22.136
21.876
21.231
20.504
19.948
19.63
19.43
19.181
18.825
18.481
18.38
18.676
19.29
19.932
20.275
20.125
19.513
18.688
18.018
17.784
17.985
18.34
18.499
18.244
17.595
16.798
16.227
16.174
16.643
17.36
17.976
18.255
18.145
17.762
17.314
16.996
16.891
16.942
17.018
17.014
16.911
16.776
16.714
16.786
16.965
17.147
17.214
17.105
16.855
16.596
16.508
16.718
17.211
17.823
18.312
18.472
18.212
17.615
16.949
16.606
16.897
17.823
19.05
20.118
20.662
20.524
19.797
18.801
17.985
17.706
17.998
18.574
19.062
19.249
19.156
18.98
18.928
19.043
19.154
19.002
18.437
17.564
16.761
16.513
17.044
18.077
19.044
19.455
19.107
18.16
17.095
16.532
16.817
17.727
18.677
19.141
18.89
18.024
16.917
16.064
15.799
16.064
16.493
16.704
16.521
16.016
15.448
15.118
15.186
15.574
16.041
16.339
16.312
15.924
15.238
14.39
13.568
12.986
12.812
13.082
13.648
14.252
14.647
14.689
14.398
13.972
13.716
13.877
14.449
15.165
15.677
15.75
15.363
14.736
14.255
14.265
14.815
15.613
16.264
16.498
16.277
15.78
15.306
15.101
15.2
15.427
15.56
15.498
15.326
15.26
15.495
16.056
16.782
17.443
17.877
18.039
17.991
17.839
17.682
17.578
17.565
17.681
17.965
18.415
18.969
19.51
19.92
20.136
20.165
20.062
19.884
19.653
19.367
19.043
18.759
18.637
18.754
19.06
19.373
19.486
19.3
18.902
18.547
18.51
18.876
19.461
19.946
20.101
19.924
19.647
19.577
19.857
20.307
20.534
20.182
19.14
17.655
16.328
15.869
16.561
17.973
19.385
20.269
20.431
19.986
19.252
18.603
18.3
18.375
18.669
18.955
19.045
18.823
18.247
17.368
16.347
15.463
15.023
15.166
15.735
16.377
16.778
16.827
16.663
16.592
16.878
17.528
18.257
18.68
18.519
17.717
16.456
15.107
14.087
13.633
13.667
13.908
14.122
14.248
14.365
14.575
14.897
15.241
15.469
15.477
15.248
14.855
14.438
14.151
14.094
14.26
14.526
14.709
14.635
14.225
13.537
12.792
12.304
12.303
12.736
13.296
13.635
13.557
13.085
12.444
11.95
11.797
11.892
11.927
11.598
10.78
9.6008
8.4541
7.8952
8.2278
9.1596
10.144
10.792
10.941
10.619
9.9921
9.3284
8.9182
8.9322
9.2972
9.7478
9.9983
9.8729
