42.205
43.827
44.964
45.582
45.916
46.241
46.639
46.947
46.926
46.511
45.934
45.623
45.905
46.733
47.706
48.373
48.554
48.453
48.484
48.921
49.621
50.117
50.009
49.379
48.944
49.732
52.293
56.105
59.852
62.185
62.325
60.354
57.275
54.752
54.319
56.303
59.621
62.723
64.554
64.902
64.303
63.671
63.769
64.792
66.372
67.951
69.168
69.971
70.497
70.847
70.977
70.786
70.324
69.941
70.201
71.535
73.865
76.548
78.712
79.724
79.51
78.627
78.012
78.458
80.09
82.278
84.078
84.821
84.475
83.678
83.392
84.318
86.404
88.876
90.746
91.377
90.781
89.583
88.682
88.721
89.708
91.079
92.147
92.58
92.59
92.767
93.63
95.188
96.844
97.723
97.169
95.133
92.281
89.785
88.771
89.672
91.983
94.647
96.708
97.72
97.799
97.394
96.945
96.617
96.286
95.745
94.967
94.205
93.851
94.129
94.867
95.536
95.564
94.691
93.168
91.683
90.997
91.475
92.824
94.293
95.153
95.107
94.433
93.796
93.819
94.657
95.862
96.672
96.463
95.094
92.978
90.876
89.486
89.045
89.227
89.419
89.142
88.31
87.222
86.317
85.851
85.737
85.644
85.286
84.651
84.03
83.793
84.078
84.615
84.849
84.276
82.764
80.684
78.767
77.703
77.687
78.256
78.588
78.006
76.349
74.065
71.987
70.856
70.816
71.311
71.476
70.692
68.953
66.908
65.564
65.676
67.202
69.312
70.928
71.304
70.308
68.42
66.474
65.216
64.877
65.087
65.211
64.822
63.987
63.227
63.181
64.134
65.76
67.322
68.129
67.937
67.1
66.427
66.745
68.341
70.72
72.898
73.942
73.382
71.377
68.643
66.177
64.798
64.735
65.609
66.835
68.065
69.344
70.933
72.946
75.098
76.742
77.182
76.047
73.568
70.65
68.623
68.59
70.656
73.813
76.593
77.843
77.156
74.98
72.464
70.985
71.399
73.472
76.076
77.909
78.122
76.577
73.826
70.868
68.719
67.901
68.203
68.923
69.371
69.234
68.648
68.02
67.721
67.817
68.017
67.865
67.01
65.409
63.373
61.441
60.138
59.702
59.983
60.577
61.081
61.286
61.217
61.041
60.914
60.879
60.858
60.764
60.629
60.659
61.151
62.3
64.012
65.865
67.275
67.736
67.043
65.42
63.522
62.26
62.402
64.134
66.936
69.892
72.145
73.197
73.024
72.037
70.908
70.293
70.522
71.456
72.608
73.44
73.63
73.207
72.512
72.018
72.06
72.631
73.371
73.755
73.365
72.083
70.155
68.102
66.498
65.681
65.579
65.784
65.818
65.399
64.569
63.638
62.986
62.811
62.985
63.131
62.849
61.96
60.631
59.33
58.6
58.738
59.574
60.56
61.084
60.804
59.841
58.772
58.395
59.279
61.366
63.98
66.229
67.449
67.474
66.679
65.817
65.644
66.476
67.987
69.439
70.118
69.7
68.371
66.731
65.479
65.021
65.24
65.639
65.73
65.376
64.891
64.846
65.657
67.222
68.896
69.825
69.362
67.346
64.208
60.874
58.423
57.541
58.09
59.239
60.037
59.927
58.95
57.691
56.975
57.39
58.888
60.807
62.277
62.661
61.819
60.17
58.572
57.954
58.789
60.765
62.967
64.386
64.35
62.741
60.049
57.274
55.594
55.795
57.773
60.651
63.356
65.112
65.635
65.122
64.094
63.158
62.727
62.831
63.143
63.178
62.546
61.108
59.025
56.707
54.674
53.352
52.896
53.135
53.685
54.149
54.264
53.958
53.331
52.58
51.905
51.431
51.176
51.083
51.078
51.138
51.304
51.648
52.207
52.924
53.643
54.161
54.335
54.171
53.87
53.793
54.31
55.598
57.503
59.569
61.224
61.992
61.659
60.356
58.554
56.949
56.197
56.587
57.859
59.335
60.25
60.034
58.483
55.816
52.652
49.89
48.404
48.605
50.184
52.313
54.094
54.9
54.506
53.107
51.261
49.727
49.176
49.839
51.376
53.075
54.223
54.375
53.486
51.934
50.417
49.701
50.243
51.93
54.158
56.186
57.451
57.713
57.062
55.823
54.401
53.11
52.057
51.152
50.232
49.221
48.217
47.475
47.275
47.744
48.744
49.929
50.895
51.356
51.245
50.743
50.209
50.037
50.465
51.448
52.684
53.773
54.407
54.495
54.192
53.828
53.746
54.125
54.876
55.695
56.227
56.24
55.72
54.871
54.017
53.452
53.288
53.412
53.559
53.467
53
52.208
51.298
50.543
50.158
50.197
50.539
50.961
51.246
51.279
51.083
50.801
50.631
50.729
51.132
51.745
52.38
52.855
53.063
53.025
52.871
52.788
52.929
53.344
53.94
54.522
54.867
54.802
54.261
53.312
52.138
50.996
50.136
49.719
49.752
50.089
50.494
50.728
50.631
50.171
49.464
48.75
48.316
48.383
48.991
49.953
50.921
51.52
51.501
50.858
49.878
49.102
49.139
50.357
52.642
55.434
57.99
59.666
60.072
59.141
57.101
54.406
51.601
49.163
47.349
46.141
45.339
44.719
44.171
43.75
43.619
43.947
44.789
46.032
47.427
48.673
49.524
49.859
49.718
49.298
48.892
48.792
49.166
49.986
51.049
52.071
52.81
53.139
53.076
52.758
52.383
52.134
52.112
52.304
52.599
52.832
52.846
52.532
51.861
50.9
49.808
48.821
48.204
48.176
48.821
50.034
51.544
52.99
54.035
54.453
54.199
53.432
52.484
51.761
51.586
52.039
52.911
53.8
54.285
54.079
53.112
51.553
49.758
48.164
47.138
46.835
47.138
47.744
48.312
48.608
48.58
48.365
48.236
48.482
49.26
50.495
51.898
53.084
53.724
53.67
53.007
52.043
51.208
50.886
51.234
52.106
53.135
53.905
54.11
53.64
52.587
51.208
49.835
48.771
48.182
48.052
48.208
48.413
48.474
48.325
48.061
47.917
48.181
49.062
50.563
52.457
54.358
55.864
56.667
56.636
55.831
54.489
52.955
51.584
50.628
50.16
50.067
50.128
50.115
49.878
49.391
48.747
48.129
47.752
47.784
48.279
49.153
50.207
51.193
51.881
52.113
51.827
51.059
49.92
48.575
47.199
45.951
44.953
44.28
43.96
43.98
44.292
44.817
45.451
46.074
46.569
46.835
46.809
46.479
45.891
45.144
44.372
43.712
43.261
43.056
43.063
43.2
43.376
43.517
43.582
43.561
43.46
43.289
43.053
42.763
42.439
42.122
41.874
41.76
41.824
42.058
42.383
42.656
42.706
42.384
41.625
40.498
39.229
38.174
37.701
38.026
39.072
40.485
41.78
42.516
42.395
41.319
39.393
36.922
34.381
32.349
31.351
31.622
32.964
34.863
36.742
38.149
38.839
38.8
38.239
37.52
37.05
37.106
37.707
38.609
39.443
39.869
39.687
38.875
37.581
36.084
34.728
33.835
33.61
34.07
35.058
36.318
37.591
38.686
39.506
40.05
40.377
40.57
40.679
40.701
40.58
40.239
39.624
38.734
37.639
36.467
35.369
34.486
33.907
33.652
33.677
33.894
34.201
34.504
34.731
34.844
34.842
34.754
34.636
34.555
34.568
34.701
34.942
35.232
35.485
35.605
35.513
35.17
34.586
33.832
33.028
32.337
31.93
31.945
32.437
33.348
34.507
35.677
36.612
37.111
37.067
36.486
35.489
34.295
33.159
32.299
31.826
31.71
31.818
31.983
32.067
32.006
31.812
31.568
31.405
31.467
31.866
32.63
33.676
34.825
35.855
36.563
36.815
36.581
35.938
35.054
34.14
33.388
32.919
32.744
32.784
32.912
33.005
32.973
32.776
32.421
31.956
31.463
31.037
30.769
30.712
30.861
31.145
31.445
31.633
31.606
31.316
30.78
30.08
29.344
28.721
28.347
28.315
28.65
29.302
30.158
31.068
31.872
32.435
32.673
32.573
32.203
31.694
31.21
30.885
30.778
30.842
30.955
30.962
30.74
30.227
29.437
28.448
27.389
26.41
25.654
25.22
25.148
25.404
25.894
26.5
27.101
27.604
27.954
28.134
28.162
28.08
27.938
27.785
27.662
27.591
27.586
27.645
27.759
27.908
28.065
28.196
28.262
28.224
28.055
27.741
27.293
26.744
26.149
25.567
25.056
24.657
24.389
24.244
24.198
24.214
24.257
24.299
24.327
24.34
24.348
24.365
24.396
24.433
24.455
24.433
24.344
24.18
23.954
23.699
23.463
23.294
23.228
23.279
23.431
23.638
23.839
23.963
23.949
23.76
23.389
22.861
22.231
21.571
20.958
20.454
20.098
19.906
19.868
19.96
20.148
20.392
20.649
20.875
21.031
21.087
21.029
20.868
20.637
20.386
20.17
20.037
20.01
20.081
20.219
20.373
20.493
20.533
20.469
20.3
20.054
19.795
19.612
19.597
19.814
20.263
20.876
21.535
22.109
22.489
22.608
22.449
22.041
21.447
20.752
20.047
19.415
18.916
18.579
18.39
18.303
18.257
18.193
18.073
17.888
17.657
17.414
17.196
17.031
16.929
16.884
16.877
16.88
16.869
16.831
16.77
16.709
16.684
16.732
16.867
17.071
17.297
17.479
17.56
17.504
17.312
17.01
16.649
16.291
15.993
15.799
15.733
15.793
15.955
16.174
16.401
16.587
16.697
16.714
16.639
16.486
16.278
16.039
15.794
15.561
15.356
15.188
15.062
14.981
14.94
14.927
14.924
14.903
14.83
14.676
14.42
14.061
13.619
13.14
12.68
12.302
12.063
12.002
12.136
12.45
12.901
13.419
13.922
14.331
14.588
14.662
14.557
14.309
13.973
13.613
13.294
13.062
12.947
12.96
13.088
13.309
13.593
13.913
14.247
14.579
14.89
15.151
15.321
15.354
15.211
14.873
14.35
13.682
12.939
12.202
11.555
11.07
10.796
10.749
10.905
11.203
11.553
11.864
12.055
12.078
11.922
11.619
11.228
10.828
10.498
10.294
10.243
10.334
10.529
10.772
11.002
11.166
11.229
11.184
11.051
10.876
10.716
10.617
10.603
10.668
10.784
10.913
11.023
11.092
11.112
11.087
11.03
10.967
10.926
10.934
11.007
11.146
11.329
11.524
11.694
11.809
11.853
11.822
11.729
11.594
11.441
11.291
11.156
11.043
10.945
10.853
10.757
10.653
10.545
10.45
10.391
10.39
10.457
10.584
10.748
10.91
11.033
11.086
11.054
10.938
10.755
10.536
10.316
10.139
10.045
10.062
10.202
10.444
10.746
11.043
11.274
11.384
11.344
11.147
10.816
10.391
9.9262
9.4793
9.1009
8.828
8.6791
8.6539
8.7357
8.8966
9.1035
9.3242
9.5318
9.7069
9.8384
9.9218
9.9577
9.9504
9.9075
9.8399
9.7631
9.6959
9.6592
9.6733
9.7538
9.9082
10.133
10.412
10.719
11.019
11.273
11.449
11.522
11.482
11.338
11.114
10.847
10.584
10.368
10.234
10.202
10.27
10.419
10.615
10.819
10.989
11.092
11.107
11.031
10.879
10.681
10.479
10.316
10.227
10.232
10.327
10.492
10.692
10.892
11.06
11.177
11.238
11.255
11.251
11.255
11.29
11.368
11.484
11.626
11.77
11.895
11.986
12.033
12.038
12.012
11.975
11.953
11.972
12.052
12.199
12.406
12.653
12.911
13.152
13.345
13.466
13.5
13.441
13.302
13.11
12.91
12.755
12.691
12.748
12.935
13.233
13.607
14.013
14.402
14.725
14.942
15.024
14.959
14.758
14.448
14.074
13.684
13.321
13.019
12.798
12.665
12.621
12.657
12.756
12.896
13.051
13.199
13.326
13.429
13.516
13.595
13.677
13.768
13.873
14
14.152
14.334
14.545
14.776
15.012
15.234
15.426
15.576
15.679
15.735
15.751
15.743
15.728
15.731
15.775
15.88
16.052
16.286
16.56
16.846
17.113
17.33
17.473
17.525
17.48
17.339
17.117
16.843
16.553
16.292
16.103
16.02
16.065
16.241
16.532
16.911
17.338
17.767
18.149
18.44
18.604
18.621
18.493
18.246
17.926
17.594
17.317
17.148
17.119
17.23
17.451
17.731
18.008
18.224
18.335
18.318
18.177
17.939
17.656
17.395
17.236
17.25
17.488
17.96
18.631
19.42
20.222
20.925
21.437
21.696
21.688
21.442
21.028
20.549
20.115
19.833
19.777
19.981
20.429
21.062
21.787
22.5
23.099
23.503
23.662
23.572
23.263
22.804
22.279
21.777
21.37
21.102
20.984
21
21.114
21.285
21.477
21.662
21.825
21.965
22.087
22.202
22.32
22.448
22.588
22.732
22.873
22.999
23.101
23.178
23.232
23.275
23.318
23.367
23.422
23.471
23.502
23.505
23.478
23.434
23.392
23.376
23.404
23.489
23.63
23.816
24.029
24.245
24.44
24.593
24.691
24.735
24.738
24.726
24.732
24.788
24.92
25.137
25.432
25.779
26.136
26.452
26.681
26.784
26.746
26.577
26.31
25.997
25.697
25.462
25.326
25.304
25.389
25.561
25.795
26.064
26.351
26.643
26.936
27.231
27.528
27.827
28.118
28.389
28.621
28.8
28.914
28.964
28.962
28.93
28.899
28.905
28.978
29.138
29.39
29.724
30.116
30.534
30.949
31.334
31.676
31.965
32.198
32.373
32.485
32.526
32.491
32.385
32.231
32.072
31.963
31.96
32.093
32.353
32.682
32.986
33.163
33.126
32.826
32.261
31.479
30.568
29.649
28.856
28.316
28.124
28.315
28.85
29.623
30.488
31.292
31.907
32.253
32.305
32.102
31.732
31.319
30.992
30.857
30.961
31.279
31.722
32.163
32.475
32.561
32.376
31.932
31.292
30.559
29.851
29.281
28.933
28.852
29.042
29.467
30.066
30.762
31.475
32.135
32.694
33.129
33.448
33.685
33.887
34.105
34.373
34.697
35.054
35.397
35.665
35.796
35.742
35.477
35.001
34.349
33.583
32.798
32.103
31.61
31.402
31.507
31.886
32.438
33.025
33.508
33.779
33.779
33.512
33.047
32.512
32.068
31.87
32.02
32.524
33.284
34.127
34.855
35.297
35.343
34.964
34.213
33.215
32.145
31.199
30.554
30.326
30.545
31.153
32.026
33.009
33.956
34.753
35.335
35.692
35.866
35.934
35.981
36.078
36.258
36.507
36.776
36.996
37.107
37.071
36.879
36.56
36.17
35.784
35.486
35.348
35.414
35.689
36.13
36.659
37.172
37.564
37.751
37.682
37.355
36.818
36.168
35.536
35.063
34.871
35.024
35.507
36.231
37.047
37.789
38.301
38.468
38.233
37.609
36.68
35.594
34.546
33.74
33.343
33.438
34.001
34.911
35.997
37.081
38.014
38.691
39.062
39.124
38.914
38.505
37.981
37.435
36.944
36.563
36.319
36.214
36.235
36.36
36.576
36.873
37.246
37.688
38.173
38.656
39.069
39.331
39.365
39.112
38.557
37.74
36.763
35.783
34.992
34.573
34.641
35.204
36.153
37.288
38.379
39.209
39.619
39.537
38.989
38.108
37.115
36.278
35.83
35.891
36.412
37.211
38.042
38.686
39.005
38.956
38.581
37.982
37.277
36.573
35.939
35.403
34.964
34.615
34.363
34.244
34.309
34.609
35.152
35.886
36.698
37.446
37.997
38.274
38.282
38.119
37.952
37.968
38.308
39.002
39.945
40.926
41.694
42.024
41.784
40.981
39.782
38.507
37.552
37.254
37.723
38.776
40.022
41.038
41.508
41.301
40.481
39.274
37.995
36.948
36.323
36.137
36.247
36.435
36.501
36.327
35.918
35.403
35.015
35.013
35.576
36.698
38.163
39.627
40.741
41.261
41.118
40.447
39.557
38.848
38.659
39.107
40.031
41.066
41.802
41.925
41.296
39.98
38.246
36.521
35.284
34.893
35.409
36.567
37.919
39.028
39.593
39.494
38.784
37.648
36.334
35.079
34.035
33.234
32.605
32.048
31.502
30.998
30.659
30.657
31.128
32.085
33.384
34.769
35.957
36.724
36.974
36.767
36.318
35.941
35.938
36.459
37.42
38.534
39.439
39.826
39.541
38.616
37.282
35.922
34.968
34.735
35.269
36.321
37.469
38.297
38.517
38.041
36.995
35.706
34.629
34.204
34.648
35.838
37.376
38.775
39.636
39.737
39.065
37.81
36.328
35.053
34.354
34.381
34.993
35.836
36.504
36.687
36.237
35.203
33.818
32.459
31.537
31.352
31.937
33.053
34.311
35.337
35.88
35.852
35.324
34.495
33.638
33.011
32.773
32.93
33.352
33.845
34.228
34.386
34.278
33.922
33.363
32.657
31.861
31.045
30.318
29.824
29.722
30.116
30.99
32.183
33.433
34.459
35.036
35.049
34.528
33.654
32.739
32.149
32.175
32.884
34.081
35.399
36.452
36.968
36.863
36.271
35.51
34.99
35.028
35.685
36.711
37.675
38.152
37.87
36.786
35.101
33.232
31.7
30.948
31.113
31.958
33.022
33.852
34.152
33.841
33.033
31.994
31.044
30.434
30.229
30.283
30.332
30.141
29.62
28.887
28.241
28.042
28.514
29.58
30.889
31.98
32.468
32.149
31.048
29.425
27.744
26.564
26.315
27.062
28.472
30.035
31.302
32.005
32.09
31.701
31.136
30.757
30.86
31.532
32.609
33.757
34.609
34.877
34.416
33.255
31.591
29.78
28.264
27.445
27.507
28.311
29.475
30.558
31.204
31.2
30.498
29.21
27.596
26.031
24.921
24.561
24.98
25.928
27.012
27.866
28.255
28.108
27.521
26.726
26.027
25.692
25.841
26.395
27.131
27.801
28.232
28.368
28.269
28.071
27.92
27.918
28.074
28.317
28.53
28.602
28.467
28.115
27.594
26.986
26.396
25.922
25.64
25.59
25.77
26.131
26.589
27.039
27.377
27.523
27.442
27.165
26.777
26.398
26.136
26.029
26.022
25.98
25.743
25.191
24.291
23.127
21.892
20.845
20.231
20.167
20.589
21.306
22.102
22.831
23.436
23.934
24.369
24.762
25.08
25.243
25.163
24.792
24.181
23.491
22.974
22.877
23.315
24.193
25.252
26.198
26.81
27.002
26.82
26.407
25.932
25.515
25.179
24.857
24.452
23.913
23.277
22.668
22.239
22.086
22.181
22.375
22.475
22.34
21.949
21.425
21.005
20.935
21.332
22.097
22.964
23.635
23.905
23.732
23.254
22.745
22.505
22.706
23.286
23.986
24.501
24.617
24.28
23.61
22.852
22.276
22.055
22.173
22.449
22.651
22.604
22.252
21.657
20.968
20.355
19.952
19.816
19.927
20.227
20.661
21.177
21.721
22.213
22.553
22.647
22.452
22.015
21.488
21.1
21.067
21.47
22.197
22.998
23.605
23.843
23.672
23.193
22.595
22.067
21.707
21.475
21.234
20.847
20.269
19.59
19.004
18.72
18.822
19.204
19.625
19.834
19.679
19.168
18.47
17.864
17.624
17.858
18.445
19.114
19.598
19.751
19.584
19.245
18.943
18.836
18.937
19.112
19.176
19.014
18.658
18.296
18.187
18.5
19.182
19.972
20.545
20.662
20.254
19.447
18.538
17.894
17.773
18.162
18.794
19.327
19.511
19.269
18.701
18.044
17.579
17.509
17.849
18.443
19.068
19.54
19.771
19.754
19.532
19.156
18.659
18.063
17.416
16.832
16.499
16.618
17.267
18.322
19.495
20.463
20.985
20.967
20.488
19.783
19.171
18.905
19.028
19.342
19.54
19.381
18.799
17.942
17.131
16.715
16.856
17.404
18.002
18.317
18.186
17.674
17.049
16.67
16.777
17.316
17.965
18.337
18.167
17.405
16.255
15.153
14.622
14.949
15.935
17.078
17.921
18.243
18.1
17.779
17.656
17.966
18.624
19.29
19.594
19.341
18.621
17.813
17.443
17.854
18.904
20.08
20.85
20.918
20.315
19.391
18.686
18.639
19.262
20.133
20.728
20.717
20.096
19.178
18.47
18.389
18.946
19.74
20.251
20.131
19.317
18.043
16.771
15.998
15.944
16.383
16.84
16.927
16.513
15.754
15.026
14.748
15.098
15.883
16.71
17.245
17.358
17.136
16.821
16.689
16.894
17.394
18.015
18.587
19.03
19.347
19.559
19.642
19.507
19.064
18.316
17.441
16.799
16.782
17.523
18.759
20.01
20.856
21.084
20.729
20.028
19.306
18.811
18.573
18.433
18.208
17.858
17.542
17.524
17.953
18.71
19.457
19.839
19.662
18.965
18.025
17.247
16.953
17.153
17.539
17.713
17.414
16.62
15.561
14.64
14.248
14.494
15.133
15.775
16.122
16.079
15.739
15.321
15.049
15.031
15.208
15.413
15.494
15.398
15.185
14.991
14.945
15.086
15.341
15.571
15.661
15.574
15.378
15.221
15.257
15.551
16.029
16.507
16.787
16.75
16.427
16.014
15.827
16.135
16.966
18.056
19.013
19.505
19.386
18.745
17.896
17.273
17.206
17.7
18.445
19.066
19.345
19.295
19.104
18.988
19.025
19.098
18.995
18.588
17.972
17.464
17.44
18.028
18.958
19.739
19.955
19.454
18.417
17.332
16.798
17.13
18.082
19.073
19.594
19.426
18.661
17.642
16.805
16.437
16.499
16.689
16.702
16.409
15.904
15.429
15.223
15.365
15.732
16.114
16.34
16.344
16.145
15.795
15.338
14.808
14.258
13.797
13.565
13.657
14.028
14.497
14.853
14.974
14.891
14.776
14.841
15.187
15.716
16.198
16.424
16.324
16.008
15.712
15.654
15.884
16.247
16.511
16.532
16.339
16.103
16.021
16.158
16.393
16.513
16.38
16.039
15.711
15.672
16.046
16.7
17.351
17.761
17.862
17.756
17.63
17.61
17.678
17.706
17.584
17.341
17.159
17.272
17.782
18.557
19.315
19.788
19.842
19.511
18.951
18.367
17.926
17.714
17.745
17.991
18.386
18.818
19.137
19.214
19.015
18.651
18.36
18.375
18.759
19.338
19.835
20.058
20.026
19.953
20.092
20.512
20.996
21.165
20.71
19.588
18.12
16.959
16.778
17.709
19.202
20.525
21.189
21.067
20.346
19.418
18.689
18.375
18.415
18.576
18.644
18.512
18.165
17.627
16.922
16.097
15.272
14.642
14.396
14.572
14.995
15.397
15.589
15.565
15.488
15.563
15.865
16.252
16.451
16.231
15.522
14.462
13.365
12.584
12.309
12.439
12.706
12.895
12.952
12.955
13.016
13.184
13.41
13.595
13.651
13.541
13.277
12.908
12.513
12.195
12.048
12.108
12.301
12.458
12.4
12.038
11.453
10.906
10.732
11.087
11.786
12.446
12.746
12.565
12.013
11.381
10.98
10.918
11.006
10.913
10.41
9.4945
8.4359
7.7178
7.7408
8.3998
9.2025
9.7145
9.7337
9.2795
8.5471
7.8481
7.4927
7.6006
8.0171
8.4592
8.6929
8.6019
