26.998
28.187
29.026
29.412
29.502
29.551
29.703
29.892
29.926
29.695
29.308
29.062
29.236
29.846
30.613
31.171
31.338
31.235
31.198
31.503
32.117
32.703
32.907
32.689
32.47
32.955
34.6
37.141
39.717
41.394
41.606
40.383
38.393
36.763
36.53
37.909
40.164
42.266
43.535
43.864
43.633
43.438
43.73
44.582
45.734
46.851
47.751
48.433
48.977
49.404
49.642
49.618
49.399
49.261
49.581
50.592
52.168
53.848
55.086
55.543
55.267
54.69
54.429
54.928
56.174
57.71
58.946
59.51
59.439
59.157
59.241
60.066
61.537
63.152
64.304
64.622
64.151
63.34
62.82
63.056
64.067
65.446
66.656
67.375
67.664
67.898
68.494
69.583
70.864
71.757
71.74
70.654
68.853
67.115
66.301
66.873
68.609
70.791
72.662
73.793
74.187
74.143
74.01
73.96
73.929
73.756
73.386
72.98
72.834
73.149
73.824
74.458
74.576
73.936
72.713
71.481
70.935
71.467
72.895
74.581
75.842
76.331
76.183
75.893
75.983
76.637
77.561
78.169
77.958
76.802
75.042
73.331
72.279
72.098
72.494
72.906
72.887
72.35
71.563
70.936
70.729
70.877
71.074
71.038
70.729
70.386
70.338
70.709
71.25
71.447
70.833
69.296
67.226
65.397
64.561
64.94
66.03
66.921
66.845
65.571
63.522
61.578
60.601
60.859
61.831
62.593
62.421
61.194
59.471
58.229
58.29
59.732
61.819
63.518
64.086
63.384
61.875
60.375
59.598
59.712
60.28
60.634
60.355
59.549
58.793
58.772
59.772
61.433
62.98
63.733
63.504
62.731
62.289
62.975
64.941
67.536
69.719
70.631
69.963
68.055
65.744
63.984
63.345
63.728
64.576
65.373
66.018
66.841
68.272
70.398
72.753
74.513
74.925
73.702
71.236
68.57
67.026
67.476
69.72
72.613
74.795
75.353
74.121
71.719
69.337
68.235
69.046
71.378
74.108
76.058
76.486
75.274
72.895
70.214
68.153
67.278
67.54
68.391
69.16
69.403
69.045
68.325
67.604
67.141
66.934
66.741
66.244
65.241
63.775
62.13
60.722
59.899
59.77
60.162
60.742
61.19
61.329
61.148
60.751
60.271
59.813
59.457
59.302
59.496
60.201
61.483
63.196
64.958
66.264
66.669
65.986
64.416
62.576
61.342
61.478
63.182
65.946
68.852
71.039
72.024
71.813
70.86
69.862
69.456
69.909
71.019
72.29
73.239
73.63
73.538
73.266
73.141
73.318
73.685
73.932
73.728
72.889
71.477
69.778
68.182
67.012
66.377
66.14
66.032
65.805
65.364
64.783
64.234
63.856
63.649
63.454
63.038
62.237
61.067
59.765
58.712
58.261
58.53
59.313
60.179
60.699
60.657
60.171
59.664
59.688
60.623
62.429
64.647
66.643
67.913
68.293
68.01
67.578
67.539
68.162
69.281
70.404
71.004
70.803
69.899
68.72
67.8
67.484
67.744
68.241
68.604
68.698
68.727
69.094
70.101
71.653
73.228
74.109
73.727
71.92
69.054
65.946
63.58
62.619
63.01
64.05
64.856
64.858
64.029
62.86
62.095
62.293
63.448
64.972
66.045
66.053
64.879
63.003
61.371
60.988
62.303
64.863
67.57
69.27
69.217
67.301
64.108
60.817
58.82
59.026
61.266
64.464
67.366
69.13
69.531
68.908
67.957
67.397
67.606
68.442
69.37
69.767
69.22
67.67
65.42
63.028
61.111
60.106
60.091
60.79
61.751
62.56
62.966
62.921
62.536
62.001
61.508
61.174
61.026
61.013
61.069
61.157
61.297
61.555
61.99
62.599
63.293
63.914
64.31
64.418
64.335
64.315
64.684
65.675
67.266
69.136
70.767
71.65
71.478
70.286
68.492
66.805
65.968
66.384
67.855
69.66
70.906
70.886
69.304
66.369
62.789
59.616
57.889
58.106
59.909
62.328
64.327
65.21
64.784
63.376
61.714
60.676
60.89
62.377
64.539
66.502
67.515
67.221
65.763
63.76
62.129
61.72
62.871
65.222
67.955
70.221
71.453
71.469
70.441
68.756
66.847
65.026
63.4
61.918
60.497
59.166
58.108
57.595
57.825
58.772
60.149
61.523
62.487
62.805
62.492
61.807
61.172
61.007
61.549
62.73
64.227
65.62
66.584
67.007
67.012
66.892
66.955
67.369
68.068
68.785
69.196
69.065
68.351
67.214
65.95
64.857
64.112
63.699
63.444
63.128
62.601
61.848
60.982
60.187
59.625
59.36
59.34
59.427
59.474
59.396
59.206
59.009
58.956
59.172
59.692
60.437
61.243
61.924
62.343
62.457
62.329
62.101
61.935
61.945
62.15
62.464
62.726
62.767
62.472
61.821
60.904
59.897
59.006
58.4
58.139
58.152
58.267
58.281
58.04
57.503
56.771
56.075
55.7
55.871
56.628
57.772
58.923
59.66
59.685
58.948
57.721
56.572
56.183
57.032
59.096
61.834
64.445
66.19
66.605
65.581
63.361
60.45
57.473
54.979
53.256
52.259
51.713
51.307
50.866
50.405
50.092
50.135
50.654
51.6
52.759
53.831
54.548
54.764
54.507
53.985
53.518
53.424
53.877
54.826
56.021
57.134
57.895
58.181
58.035
57.629
57.184
56.879
56.784
56.846
56.925
56.858
56.522
55.862
54.908
53.767
52.607
51.632
51.04
50.978
51.491
52.49
53.763
55.031
56.011
56.5
56.428
55.889
55.129
54.477
54.222
54.48
55.126
55.844
56.261
56.083
55.197
53.7
51.875
50.109
48.771
48.067
47.973
48.261
48.631
48.84
48.799
48.594
48.451
48.625
49.276
50.356
51.61
52.676
53.222
53.067
52.251
51.034
49.821
49.018
48.854
49.277
49.991
50.608
50.81
50.443
49.544
48.303
46.994
45.886
45.154
44.831
44.817
44.943
45.055
45.088
45.092
45.225
45.682
46.599
47.963
49.591
51.18
52.41
53.033
52.94
52.184
50.963
49.571
48.316
47.431
47
46.951
47.105
47.259
47.26
47.045
46.652
46.201
45.862
45.796
46.098
46.76
47.656
48.588
49.333
49.706
49.595
48.981
47.936
46.606
45.178
43.845
42.77
42.056
41.737
41.788
42.14
42.705
43.387
44.094
44.741
45.255
45.584
45.705
45.629
45.405
45.108
44.827
44.634
44.568
44.62
44.744
44.876
44.955
44.942
44.823
44.608
44.318
43.977
43.615
43.267
42.975
42.787
42.747
42.877
43.154
43.506
43.811
43.92
43.708
43.111
42.181
41.099
40.16
39.683
39.872
40.699
41.889
43.031
43.721
43.675
42.78
41.114
38.934
36.649
34.754
33.704
33.737
34.751
36.355
38.049
39.399
40.134
40.191
39.713
39.012
38.46
38.34
38.711
39.38
40.007
40.258
39.925
38.977
37.559
35.954
34.515
33.567
33.301
33.709
34.601
35.697
36.73
37.515
37.986
38.189
38.251
38.314
38.469
38.7
38.895
38.894
38.559
37.833
36.763
35.493
34.227
33.171
32.476
32.194
32.276
32.598
33.012
33.383
33.613
33.662
33.543
33.321
33.092
32.95
32.961
33.133
33.417
33.722
33.942
33.985
33.795
33.362
32.723
31.962
31.2
30.583
30.255
30.331
30.854
31.779
32.968
34.221
35.323
36.088
36.399
36.229
35.648
34.814
33.927
33.177
32.683
32.459
32.425
32.457
32.437
32.302
32.053
31.757
31.528
31.491
31.74
32.296
33.084
33.947
34.694
35.144
35.176
34.757
33.948
32.888
31.766
30.767
30.028
29.596
29.435
29.449
29.525
29.567
29.508
29.32
29.008
28.612
28.194
27.831
27.587
27.49
27.517
27.594
27.621
27.501
27.174
26.632
25.93
25.171
24.488
24.022
23.881
24.115
24.702
25.549
26.511
27.426
28.14
28.544
28.59
28.313
27.818
27.26
26.794
26.518
26.437
26.463
26.459
26.299
25.905
25.268
24.444
23.534
22.663
21.953
21.491
21.312
21.394
21.667
22.038
22.418
22.742
22.979
23.132
23.228
23.31
23.414
23.566
23.773
24.023
24.297
24.571
24.825
25.04
25.203
25.299
25.313
25.232
25.048
24.764
24.397
23.98
23.554
23.161
22.833
22.584
22.411
22.295
22.212
22.14
22.067
21.998
21.951
21.955
22.036
22.202
22.432
22.679
22.88
22.975
22.924
22.725
22.41
22.045
21.709
21.48
21.411
21.514
21.757
22.07
22.362
22.544
22.547
22.34
21.938
21.397
20.803
20.255
19.832
19.583
19.512
19.594
19.786
20.046
20.336
20.628
20.897
21.121
21.278
21.354
21.341
21.244
21.085
20.897
20.723
20.598
20.545
20.559
20.612
20.66
20.655
20.559
20.351
20.044
19.685
19.354
19.161
19.209
19.557
20.19
21.012
21.881
22.647
23.189
23.438
23.376
23.034
22.483
21.817
21.142
20.559
20.145
19.934
19.908
20.006
20.144
20.245
20.261
20.183
20.039
19.878
19.751
19.697
19.729
19.835
19.981
20.128
20.237
20.288
20.287
20.27
20.296
20.422
20.673
21.031
21.429
21.777
21.996
22.034
21.884
21.579
21.18
20.766
20.415
20.193
20.145
20.283
20.582
20.984
21.411
21.782
22.032
22.125
22.053
21.839
21.523
21.158
20.795
20.478
20.24
20.096
20.052
20.101
20.228
20.408
20.608
20.781
20.877
20.847
20.656
20.298
19.796
19.203
18.597
18.063
17.687
17.537
17.656
18.049
18.673
19.447
20.259
20.989
21.535
21.831
21.852
21.623
21.202
20.675
20.134
19.666
19.338
19.19
19.233
19.453
19.817
20.286
20.819
21.372
21.899
22.348
22.657
22.77
22.641
22.256
21.637
20.846
19.978
19.146
18.46
18.014
17.864
18.023
18.451
19.065
19.754
20.395
20.882
21.141
21.145
20.917
20.524
20.061
19.627
19.302
19.125
19.093
19.165
19.279
19.371
19.388
19.298
19.1
18.824
18.529
18.29
18.179
18.243
18.486
18.874
19.34
19.814
20.229
20.542
20.733
20.806
20.791
20.734
20.69
20.711
20.835
21.069
21.391
21.754
22.099
22.371
22.526
22.545
22.429
22.197
21.884
21.525
21.158
20.815
20.521
20.3
20.172
20.156
20.264
20.495
20.827
21.21
21.579
21.858
21.988
21.931
21.689
21.296
20.814
20.316
19.873
19.544
19.374
19.394
19.623
20.053
20.64
21.301
21.928
22.409
22.654
22.613
22.284
21.715
20.986
20.196
19.445
18.819
18.376
18.148
18.135
18.309
18.621
19.006
19.396
19.734
19.977
20.105
20.122
20.046
19.912
19.758
19.623
19.541
19.541
19.641
19.845
20.151
20.539
20.986
21.461
21.93
22.363
22.729
23.005
23.171
23.217
23.146
22.972
22.727
22.453
22.195
21.995
21.878
21.853
21.909
22.022
22.161
22.288
22.368
22.368
22.267
22.058
21.756
21.397
21.032
20.717
20.498
20.405
20.446
20.608
20.864
21.176
21.506
21.821
22.094
22.311
22.47
22.577
22.64
22.663
22.65
22.604
22.534
22.456
22.394
22.37
22.404
22.508
22.687
22.94
23.259
23.625
24.007
24.363
24.651
24.836
24.902
24.85
24.698
24.47
24.193
23.893
23.604
23.369
23.238
23.255
23.438
23.774
24.211
24.679
25.109
25.441
25.633
25.66
25.509
25.182
24.698
24.095
23.429
22.768
22.175
21.696
21.355
21.153
21.083
21.131
21.282
21.517
21.81
22.133
22.461
22.779
23.082
23.372
23.651
23.914
24.151
24.35
24.506
24.619
24.698
24.75
24.781
24.79
24.778
24.744
24.698
24.65
24.614
24.601
24.62
24.68
24.788
24.95
25.163
25.413
25.67
25.895
26.045
26.088
26.002
25.784
25.447
25.018
24.538
24.061
23.65
23.369
23.272
23.386
23.708
24.202
24.813
25.476
26.128
26.709
27.163
27.444
27.519
27.378
27.043
26.569
26.042
25.557
25.195
25.001
24.974
25.069
25.221
25.362
25.436
25.406
25.256
24.988
24.626
24.216
23.827
23.545
23.451
23.606
24.021
24.655
25.422
26.21
26.906
27.412
27.667
27.647
27.376
26.915
26.362
25.827
25.418
25.213
25.25
25.518
25.967
26.522
27.097
27.609
27.988
28.187
28.185
27.991
27.642
27.193
26.707
26.242
25.841
25.531
25.321
25.21
25.192
25.26
25.407
25.624
25.9
26.219
26.559
26.893
27.193
27.43
27.581
27.636
27.593
27.466
27.282
27.076
26.888
26.753
26.692
26.708
26.784
26.886
26.973
27.012
26.984
26.889
26.744
26.576
26.419
26.297
26.229
26.221
26.267
26.355
26.468
26.584
26.686
26.76
26.796
26.796
26.767
26.722
26.68
26.658
26.666
26.708
26.775
26.849
26.908
26.929
26.894
26.797
26.638
26.429
26.189
25.94
25.707
25.514
25.387
25.345
25.401
25.559
25.81
26.132
26.491
26.848
27.162
27.399
27.534
27.56
27.486
27.335
27.137
26.928
26.739
26.593
26.502
26.471
26.498
26.581
26.718
26.909
27.154
27.45
27.787
28.146
28.501
28.818
29.064
29.212
29.241
29.144
28.937
28.659
28.377
28.178
28.144
28.32
28.689
29.164
29.609
29.881
29.867
29.511
28.829
27.9
26.858
25.862
25.071
24.616
24.568
24.925
25.606
26.475
27.37
28.138
28.664
28.888
28.822
28.538
28.155
27.81
27.62
27.643
27.869
28.221
28.588
28.858
28.941
28.791
28.406
27.831
27.142
26.435
25.803
25.318
25.024
24.937
25.044
25.322
25.738
26.257
26.842
27.457
28.07
28.655
29.19
29.666
30.078
30.426
30.713
30.943
31.108
31.197
31.188
31.056
30.783
30.363
29.808
29.152
28.451
27.78
27.221
26.86
26.756
26.928
27.337
27.886
28.447
28.886
29.097
29.024
28.675
28.123
27.496
26.956
26.654
26.689
27.066
27.695
28.421
29.067
29.48
29.559
29.272
28.659
27.819
26.896
26.046
25.411
25.079
25.072
25.349
25.826
26.401
26.983
27.499
27.909
28.199
28.384
28.494
28.563
28.614
28.655
28.675
28.651
28.557
28.378
28.11
27.767
27.38
26.989
26.644
26.394
26.28
26.327
26.538
26.886
27.314
27.745
28.092
28.277
28.244
27.976
27.504
26.905
26.298
25.822
25.608
25.736
26.208
26.944
27.805
28.626
29.252
29.567
29.511
29.089
28.379
27.519
26.69
26.076
25.815
25.959
26.459
27.196
28.021
28.8
29.433
29.861
30.066
30.064
29.892
29.601
29.248
28.886
28.558
28.292
28.102
27.99
27.952
27.979
28.069
28.222
28.44
28.727
29.075
29.463
29.853
30.19
30.408
30.447
30.263
29.844
29.227
28.499
27.794
27.275
27.084
27.303
27.907
28.774
29.717
30.539
31.073
31.219
30.955
30.352
29.566
28.808
28.292
28.16
28.426
28.967
29.582
30.069
30.28
30.154
29.714
29.051
28.292
27.567
26.974
26.567
26.348
26.285
26.342
26.492
26.736
27.088
27.561
28.137
28.765
29.357
29.821
30.091
30.15
30.046
29.883
29.786
29.86
30.142
30.581
31.051
31.386
31.436
31.109
30.41
29.458
28.486
27.784
27.593
27.979
28.784
29.698
30.394
30.644
30.372
29.66
28.716
27.806
27.158
26.875
26.906
27.089
27.228
27.171
26.846
26.29
25.646
25.151
25.069
25.577
26.648
28.047
29.427
30.463
30.95
30.864
30.368
29.773
29.439
29.618
30.323
31.328
32.278
32.842
32.801
32.096
30.843
29.322
27.942
27.139
27.198
28.097
29.512
30.995
32.142
32.701
32.593
31.902
30.834
29.649
28.58
27.754
27.164
26.706
26.258
25.755
25.23
24.806
24.649
24.887
25.534
26.465
27.459
28.274
28.726
28.744
28.394
27.881
27.496
27.508
28.028
28.946
29.98
30.804
31.165
30.951
30.215
29.166
28.12
27.412
27.262
27.673
28.429
29.205
29.696
29.706
29.193
28.281
27.24
26.424
26.148
26.532
27.437
28.535
29.466
29.957
29.882
29.275
28.317
27.296
26.528
26.245
26.493
27.113
27.818
28.314
28.384
27.939
27.031
25.858
24.727
23.978
23.855
24.38
25.342
26.412
27.281
27.741
27.717
27.258
26.512
25.687
24.989
24.565
24.456
24.604
24.886
25.176
25.38
25.451
25.377
25.165
24.833
24.404
23.924
23.479
23.198
23.227
23.661
24.488
25.56
26.645
27.492
27.907
27.797
27.192
26.26
25.281
24.588
24.456
24.964
25.954
27.109
28.089
28.642
28.667
28.241
27.608
27.116
27.076
27.598
28.511
29.445
30.006
29.918
29.103
27.714
26.117
24.815
24.262
24.618
25.646
26.877
27.851
28.265
28.018
27.202
26.07
24.974
24.248
24.059
24.322
24.75
25.023
24.925
24.435
23.738
23.163
23.039
23.493
24.357
25.257
25.802
25.732
24.986
23.729
22.32
21.241
20.904
21.425
22.556
23.862
24.946
25.567
25.67
25.375
24.948
24.718
24.954
25.731
26.884
28.098
29.031
29.43
29.181
28.332
27.087
25.768
24.74
24.276
24.434
25.031
25.751
26.281
26.399
26.01
25.14
23.925
22.587
21.394
20.598
20.342
20.598
21.185
21.85
22.363
22.567
22.407
21.936
21.295
20.695
20.347
20.384
20.804
21.475
22.205
22.819
23.213
23.36
23.303
23.127
22.922
22.754
22.647
22.585
22.53
22.442
22.297
22.096
21.856
21.613
21.407
21.28
21.264
21.374
21.604
21.918
22.257
22.549
22.729
22.757
22.635
22.406
22.142
21.913
21.754
21.643
21.502
21.236
20.768
20.08
19.229
18.342
17.585
17.112
17.003
17.239
17.722
18.337
18.994
19.647
20.276
20.861
21.365
21.722
21.853
21.702
21.269
20.639
19.995
19.574
19.578
20.056
20.87
21.766
22.492
22.886
22.912
22.646
22.236
21.822
21.477
21.175
20.826
20.337
19.687
18.946
18.263
17.796
17.626
17.701
17.863
17.935
17.811
17.512
17.188
17.075
17.371
18.109
19.12
20.121
20.843
21.132
20.993
20.595
20.226
20.17
20.558
21.281
22.064
22.612
22.738
22.414
21.765
21.023
20.428
20.12
20.078
20.151
20.16
19.991
19.63
19.153
18.677
18.297
18.05
17.912
17.839
17.818
17.877
18.07
18.42
18.875
19.309
19.57
19.547
19.229
18.739
18.309
18.192
18.524
19.223
20.042
20.699
21.01
20.938
20.588
20.158
19.829
19.676
19.629
19.532
19.249
18.752
18.148
17.636
17.406
17.515
17.839
18.147
18.214
17.927
17.317
16.561
15.926
15.653
15.817
16.276
16.769
17.059
17.035
16.75
16.39
16.19
16.292
16.645
17.037
17.23
17.093
16.682
16.241
16.103
16.493
17.345
18.341
19.099
19.351
19.015
18.219
17.261
16.521
16.278
16.545
17.074
17.535
17.687
17.446
16.889
16.209
15.64
15.37
15.455
15.816
16.306
16.787
17.161
17.369
17.37
17.128
16.623
15.874
14.99
14.193
13.797
14.058
14.981
16.285
17.57
18.494
18.86
18.651
18.03
17.306
16.819
16.77
17.086
17.485
17.655
17.417
16.797
16.021
15.429
15.294
15.63
16.179
16.598
16.647
16.285
15.678
15.139
14.969
15.255
15.798
16.243
16.281
15.769
14.793
13.678
12.929
12.987
13.864
15.131
16.263
16.904
16.951
16.562
16.105
16.005
16.481
17.377
18.285
18.818
18.794
18.313
17.734
17.521
17.943
18.849
19.783
20.285
20.119
19.356
18.372
17.705
17.743
18.42
19.274
19.799
19.722
19.101
18.3
17.831
18.034
18.811
19.706
20.226
20.081
19.266
18.05
16.887
16.215
16.182
16.55
16.897
16.906
16.496
15.835
15.253
15.07
15.38
15.995
16.605
16.977
17.06
16.98
16.96
17.179
17.664
18.291
18.891
19.371
19.749
20.111
20.509
20.886
21.078
20.916
20.344
19.513
18.786
18.594
19.148
20.246
21.41
22.187
22.33
21.857
21.012
20.148
19.545
19.256
19.122
18.94
18.647
18.374
18.353
18.707
19.311
19.842
19.973
19.538
18.612
17.502
16.634
16.317
16.514
16.876
17.004
16.672
15.912
14.998
14.329
14.214
14.641
15.312
15.873
16.11
16.003
15.699
15.413
15.316
15.429
15.635
15.774
15.756
15.605
15.453
15.457
15.697
16.121
16.573
16.891
16.988
16.888
16.722
16.666
16.851
17.282
17.828
18.287
18.481
18.329
17.896
17.412
17.214
17.587
18.564
19.877
21.115
21.91
22.071
21.629
20.843
20.121
19.846
20.146
20.822
21.517
21.946
22.021
21.839
21.581
21.372
21.193
20.917
20.44
19.812
19.275
19.139
19.544
20.3
20.991
21.222
20.806
19.857
18.764
18.044
18.026
18.593
19.284
19.637
19.421
18.705
17.801
17.115
16.905
17.105
17.411
17.508
17.263
16.757
16.233
15.947
16.013
16.332
16.683
16.867
16.79
16.47
15.993
15.462
14.963
14.562
14.318
14.283
14.468
14.806
15.167
15.413
15.48
15.421
15.4
15.597
16.079
16.734
17.333
17.668
17.658
17.393
17.093
16.998
17.221
17.682
18.189
18.577
18.791
18.887
18.95
19.02
19.055
18.99
18.822
18.66
18.691
19.055
19.732
20.537
21.244
21.711
21.94
22.042
22.138
22.272
22.386
22.395
22.289
22.189
22.292
22.738
23.492
24.345
25.044
25.424
25.465
25.271
24.983
24.7
24.451
24.23
24.06
24.001
24.092
24.28
24.416
24.341
24.016
23.59
23.345
23.514
24.074
24.737
25.148
25.123
24.777
24.47
24.573
25.146
25.836
26.106
25.557
24.165
22.367
20.985
20.796
21.883
23.56
24.98
25.622
25.401
24.591
23.656
23.018
22.852
23.054
23.396
23.694
23.847
23.78
23.407
22.65
21.532
20.267
19.256
18.905
19.322
20.201
21.067
21.592
21.739
21.724
21.834
22.184
22.603
22.749
22.322
21.245
19.717
18.169
17.079
16.694
16.871
17.252
17.566
17.761
17.948
18.255
18.696
19.154
19.459
19.491
19.224
18.725
18.12
17.552
17.142
16.949
16.937
16.974
16.878
16.508
15.859
15.119
14.648
14.777
15.526
16.551
17.381
17.675
17.338
16.539
15.629
14.966
14.67
14.537
14.202
13.41
12.178
10.871
10.137
10.49
11.751
13.25
14.391
14.837
14.5
13.52
12.249
11.224
10.955
11.517
12.456
13.181
13.286
