24.366
25.489
26.122
26.324
26.385
26.575
26.925
27.214
27.191
26.807
26.309
26.105
26.454
27.23
28.019
28.442
28.413
28.183
28.15
28.529
29.151
29.591
29.525
29.027
28.631
29.066
30.673
33.043
35.303
36.643
36.655
35.462
33.684
32.244
31.913
32.811
34.384
35.882
36.81
37.073
36.905
36.692
36.759
37.227
38.004
38.897
39.732
40.403
40.856
41.068
41.035
40.806
40.523
40.428
40.784
41.732
43.178
44.795
46.167
46.979
47.159
46.931
46.733
46.994
47.864
49.096
50.205
50.77
50.689
50.262
50.054
50.552
51.81
53.382
54.615
55.047
54.654
53.869
53.345
53.55
54.451
55.569
56.357
56.583
56.465
56.512
57.137
58.297
59.463
59.945
59.304
57.616
55.495
53.86
53.451
54.374
56.09
57.857
59.171
59.932
60.322
60.574
60.756
60.753
60.4
59.69
58.858
58.293
58.292
58.83
59.542
59.945
59.72
58.897
57.859
57.148
57.166
57.922
59.037
59.996
60.436
60.308
59.872
59.532
59.601
60.102
60.753
61.137
60.932
60.078
58.806
57.537
56.666
56.348
56.421
56.542
56.415
55.973
55.396
54.977
54.912
55.149
55.429
55.474
55.191
54.737
54.419
54.455
54.778
55.038
54.821
53.924
52.525
51.151
50.4
50.543
51.287
51.954
51.904
50.884
49.164
47.421
46.371
46.295
46.828
47.24
46.944
45.848
44.427
43.497
43.707
45.034
46.787
48.091
48.374
47.59
46.187
44.871
44.198
44.234
44.553
44.609
44.134
43.316
42.702
42.832
43.822
45.246
46.432
46.889
46.572
45.911
45.595
46.153
47.567
49.278
50.55
50.862
50.115
48.628
46.984
45.74
45.154
45.107
45.304
45.562
45.955
46.724
48.028
49.726
51.371
52.41
52.446
51.417
49.672
47.908
46.921
47.199
48.606
50.476
52.004
52.611
52.131
50.852
49.417
48.588
48.848
50.11
51.761
53.028
53.332
52.487
50.74
48.679
46.999
46.179
46.227
46.738
47.203
47.309
47.063
46.713
46.546
46.666
46.907
46.934
46.46
45.415
44.013
42.68
41.846
41.713
42.146
42.783
43.271
43.437
43.324
43.107
42.957
42.931
42.967
42.98
42.982
43.131
43.653
44.671
46.058
47.444
48.37
48.492
47.74
46.389
45.015
44.291
44.656
46.054
47.981
49.794
51.005
51.427
51.175
50.583
50.053
49.886
50.166
50.757
51.411
51.901
52.121
52.109
52.02
52.036
52.267
52.674
53.067
53.187
52.818
51.897
50.564
49.142
48.014
47.447
47.441
47.737
47.973
47.885
47.43
46.788
46.249
46.025
46.111
46.279
46.225
45.764
44.954
44.095
43.587
43.687
44.323
45.116
45.603
45.497
44.844
44.046
43.693
44.241
45.701
47.613
49.331
50.36
50.559
50.174
49.713
49.678
50.264
51.243
52.123
52.445
52.029
51.048
49.937
49.168
48.975
49.235
49.596
49.751
49.647
49.519
49.727
50.482
51.64
52.745
53.254
52.809
51.395
49.376
47.385
46.06
45.711
46.145
46.827
47.225
47.077
46.483
45.826
45.55
45.896
46.739
47.664
48.205
48.077
47.309
46.252
45.456
45.408
46.248
47.666
49.061
49.837
49.626
48.403
46.511
44.588
43.364
43.334
44.473
46.27
48.046
49.26
49.675
49.377
48.707
48.106
47.915
48.204
48.748
49.163
49.099
48.397
47.151
45.68
44.412
43.705
43.671
44.138
44.759
45.201
45.279
44.999
44.519
44.05
43.753
43.667
43.715
43.779
43.785
43.752
43.78
43.977
44.373
44.876
45.304
45.474
45.303
44.877
44.444
44.322
44.747
45.722
46.997
48.179
48.892
48.917
48.262
47.161
46.013
45.247
45.143
45.699
46.634
47.513
47.924
47.588
46.435
44.624
42.534
40.7
39.661
39.724
40.788
42.392
43.949
44.972
45.214
44.718
43.802
42.957
42.66
43.125
44.177
45.34
46.088
46.077
45.279
44.022
42.899
42.537
43.26
44.886
46.844
48.492
49.383
49.374
48.61
47.426
46.193
45.157
44.356
43.663
42.93
42.127
41.397
40.994
41.129
41.814
42.822
43.79
44.383
44.432
43.991
43.323
42.798
42.731
43.225
44.121
45.097
45.839
46.178
46.144
45.934
45.8
45.914
46.272
46.701
46.966
46.895
46.464
45.804
45.136
44.656
44.44
44.407
44.381
44.195
43.775
43.171
42.528
42.008
41.715
41.647
41.712
41.79
41.792
41.705
41.587
41.529
41.609
41.852
42.218
42.632
43.023
43.348
43.604
43.812
43.991
44.147
44.274
44.371
44.454
44.552
44.682
44.821
44.896
44.806
44.467
43.87
43.104
42.354
41.832
41.687
41.921
42.379
42.812
42.983
42.76
42.177
41.438
40.861
40.754
41.255
42.235
43.345
44.167
44.393
43.946
43.046
42.168
41.887
42.592
44.247
46.394
48.397
49.702
49.985
49.201
47.553
45.414
43.217
41.324
39.923
39.01
38.458
38.128
37.95
37.938
38.144
38.603
39.285
40.088
40.874
41.511
41.92
42.093
42.097
42.042
42.054
42.229
42.611
43.181
43.876
44.611
45.297
45.854
46.228
46.393
46.368
46.215
46.024
45.886
45.85
45.895
45.931
45.827
45.468
44.81
43.916
42.969
42.228
41.944
42.251
43.083
44.184
45.212
45.853
45.929
45.447
44.601
43.72
43.144
43.077
43.486
44.12
44.631
44.725
44.256
43.261
41.934
40.563
39.424
38.684
38.348
38.281
38.294
38.236
38.055
37.813
37.652
37.728
38.132
38.837
39.694
40.491
41.027
41.175
40.916
40.349
39.658
39.057
38.721
38.726
39.025
39.474
39.897
40.136
40.099
39.767
39.191
38.482
37.773
37.193
36.826
36.697
36.761
36.935
37.132
37.308
37.479
37.726
38.154
38.834
39.746
40.758
41.658
42.218
42.275
41.778
40.82
39.622
38.476
37.66
37.323
37.433
37.798
38.158
38.293
38.089
37.568
36.884
36.276
35.99
36.176
36.819
37.735
38.65
39.302
39.514
39.233
38.527
37.546
36.466
35.438
34.546
33.808
33.212
32.755
32.468
32.403
32.599
33.037
33.626
34.216
34.636
34.747
34.483
33.877
33.061
32.236
31.61
31.309
31.323
31.511
31.674
31.651
31.379
30.916
30.404
30.005
29.827
29.873
30.051
30.223
30.278
30.174
29.953
29.719
29.59
29.637
29.843
30.093
30.225
30.101
29.678
29.054
28.459
28.19
28.461
29.274
30.392
31.443
32.07
32.028
31.242
29.813
28.008
26.226
24.904
24.377
24.703
25.642
26.795
27.779
28.343
28.402
28.034
27.45
26.921
26.674
26.789
27.17
27.6
27.856
27.788
27.363
26.657
25.825
25.046
24.474
24.19
24.193
24.419
24.783
25.212
25.669
26.144
26.64
27.152
27.646
28.06
28.32
28.367
28.177
27.774
27.224
26.613
26.024
25.511
25.09
24.755
24.49
24.292
24.174
24.157
24.26
24.476
24.771
25.081
25.338
25.493
25.539
25.521
25.53
25.662
25.974
26.443
26.967
27.399
27.598
27.478
27.034
26.352
25.593
24.967
24.671
24.826
25.425
26.335
27.348
28.247
28.861
29.097
28.952
28.512
27.918
27.332
26.882
26.624
26.535
26.54
26.555
26.527
26.445
26.343
26.28
26.318
26.498
26.829
27.286
27.817
28.356
28.841
29.218
29.447
29.5
29.363
29.041
28.559
27.972
27.36
26.821
26.444
26.287
26.355
26.598
26.926
27.236
27.438
27.478
27.353
27.119
26.879
26.758
26.853
27.18
27.661
28.148
28.474
28.513
28.22
27.64
26.903
26.191
25.689
25.527
25.743
26.264
26.944
27.607
28.096
28.309
28.218
27.88
27.42
26.996
26.737
26.692
26.803
26.938
26.95
26.727
26.233
25.503
24.633
23.746
22.962
22.366
21.994
21.831
21.835
21.954
22.144
22.386
22.676
23.018
23.411
23.834
24.245
24.594
24.838
24.957
24.968
24.919
24.877
24.906
25.036
25.252
25.492
25.67
25.703
25.54
25.178
24.675
24.133
23.676
23.409
23.385
23.585
23.931
24.313
24.629
24.809
24.829
24.716
24.538
24.389
24.358
24.497
24.795
25.185
25.564
25.833
25.928
25.835
25.594
25.28
24.979
24.762
24.662
24.667
24.729
24.781
24.761
24.627
24.369
24.005
23.579
23.14
22.729
22.366
22.05
21.769
21.517
21.303
21.157
21.12
21.234
21.518
21.956
22.499
23.063
23.556
23.894
24.027
23.956
23.738
23.479
23.307
23.324
23.572
24.008
24.526
24.994
25.295
25.355
25.161
24.765
24.285
23.881
23.724
23.929
24.514
25.383
26.364
27.273
27.959
28.335
28.384
28.15
27.721
27.204
26.702
26.291
26.006
25.839
25.746
25.674
25.581
25.451
25.302
25.175
25.119
25.162
25.302
25.502
25.705
25.854
25.904
25.84
25.677
25.461
25.264
25.162
25.215
25.439
25.802
26.224
26.61
26.879
26.983
26.921
26.73
26.475
26.225
26.035
25.936
25.926
25.981
26.06
26.128
26.164
26.169
26.168
26.19
26.254
26.354
26.456
26.508
26.457
26.274
25.958
25.543
25.093
24.69
24.422
24.361
24.541
24.938
25.466
25.997
26.392
26.537
26.372
25.902
25.193
24.363
23.553
22.907
22.532
22.486
22.758
23.277
23.931
24.597
25.168
25.57
25.775
25.797
25.677
25.466
25.21
24.945
24.694
24.476
24.308
24.212
24.206
24.314
24.561
24.968
25.542
26.253
27.026
27.744
28.271
28.488
28.324
27.771
26.892
25.811
24.684
23.676
22.926
22.521
22.476
22.742
23.215
23.763
24.259
24.603
24.741
24.675
24.455
24.159
23.868
23.638
23.485
23.391
23.314
23.211
23.051
22.818
22.52
22.181
21.844
21.567
21.405
21.399
21.56
21.86
22.243
22.64
22.993
23.262
23.439
23.536
23.584
23.624
23.689
23.802
23.969
24.177
24.4
24.61
24.784
24.912
24.998
25.057
25.105
25.155
25.204
25.242
25.245
25.189
25.05
24.814
24.485
24.086
23.673
23.328
23.15
23.221
23.57
24.148
24.839
25.489
25.956
26.144
26.022
25.625
25.042
24.398
23.824
23.442
23.342
23.571
24.122
24.936
25.908
26.903
27.784
28.436
28.783
28.799
28.503
27.955
27.234
26.429
25.619
24.867
24.216
23.689
23.293
23.027
22.89
22.879
22.997
23.241
23.601
24.048
24.538
25.015
25.42
25.705
25.84
25.822
25.68
25.471
25.276
25.183
25.266
25.56
26.049
26.671
27.336
27.949
28.426
28.712
28.781
28.644
28.343
27.952
27.56
27.259
27.122
27.177
27.409
27.761
28.157
28.52
28.787
28.919
28.895
28.722
28.428
28.068
27.708
27.421
27.259
27.241
27.342
27.507
27.669
27.768
27.77
27.675
27.509
27.324
27.18
27.13
27.209
27.419
27.737
28.114
28.499
28.847
29.131
29.346
29.508
29.653
29.825
30.076
30.446
30.954
31.581
32.27
32.936
33.485
33.839
33.951
33.815
33.462
32.953
32.366
31.782
31.287
30.954
30.846
30.992
31.385
31.975
32.68
33.405
34.063
34.584
34.929
35.08
35.043
34.836
34.49
34.039
33.523
32.976
32.426
31.892
31.392
30.946
30.581
30.337
30.255
30.369
30.699
31.236
31.949
32.784
33.673
34.543
35.324
35.96
36.417
36.686
36.79
36.776
36.706
36.645
36.644
36.734
36.914
37.158
37.419
37.64
37.771
37.785
37.68
37.491
37.281
37.132
37.123
37.311
37.714
38.304
39.011
39.729
40.34
40.732
40.817
40.552
39.949
39.079
38.064
37.064
36.25
35.776
35.744
36.19
37.073
38.285
39.669
41.044
42.235
43.096
43.532
43.517
43.096
42.379
41.53
40.732
40.162
39.948
40.138
40.691
41.483
42.342
43.083
43.553
43.652
43.359
42.725
41.871
40.965
40.2
39.764
39.805
40.4
41.524
43.049
44.763
46.415
47.766
48.631
48.912
48.614
47.839
46.768
45.631
44.662
44.063
43.964
44.408
45.337
46.614
48.045
49.417
50.533
51.244
51.471
51.209
50.525
49.541
48.409
47.284
46.3
45.554
45.095
44.926
45.017
45.316
45.762
46.299
46.881
47.476
48.066
48.64
49.197
49.731
50.231
50.675
51.035
51.284
51.406
51.408
51.321
51.194
51.076
51.003
50.983
51.001
51.034
51.064
51.095
51.155
51.282
51.505
51.837
52.258
52.729
53.2
53.628
53.986
54.268
54.488
54.676
54.868
55.102
55.41
55.819
56.342
56.979
57.71
58.495
59.273
59.971
60.516
60.847
60.932
60.773
60.407
59.893
59.305
58.715
58.182
57.749
57.442
57.276
57.253
57.375
57.632
58.013
58.494
59.045
59.622
60.176
60.656
61.019
61.237
61.307
61.249
61.106
60.935
60.799
60.75
60.828
61.051
61.416
61.906
62.5
63.176
63.92
64.724
65.579
66.471
67.374
68.248
69.037
69.675
70.084
70.195
69.963
69.399
68.588
67.704
66.978
66.64
66.832
67.537
68.568
69.622
70.372
70.554
70.025
68.787
66.977
64.838
62.689
60.868
59.672
59.289
59.743
60.884
62.426
64.027
65.369
66.225
66.491
66.21
65.556
64.805
64.266
64.204
64.749
65.851
67.299
68.785
69.998
70.693
70.743
70.15
69.033
67.594
66.076
64.709
63.671
63.068
62.928
63.215
63.848
64.72
65.718
66.735
67.69
68.534
69.251
69.86
70.401
70.919
71.453
72.017
72.589
73.113
73.5
73.642
73.437
72.803
71.7
70.148
68.234
66.117
64.03
62.254
61.075
60.712
61.241
62.554
64.377
66.345
68.093
69.333
69.905
69.803
69.184
68.34
67.645
67.457
67.999
69.273
71.051
72.955
74.565
75.531
75.637
74.838
73.256
71.156
68.9
66.875
65.414
64.711
64.781
65.468
66.514
67.635
68.598
69.255
69.566
69.583
69.427
69.245
69.165
69.255
69.51
69.857
70.186
70.379
70.346
70.039
69.461
68.663
67.736
66.797
65.973
65.379
65.103
65.177
65.571
66.195
66.907
67.544
67.952
68.015
67.68
66.981
66.042
65.069
64.316
64.024
64.339
65.259
66.61
68.092
69.357
70.092
70.08
69.242
67.65
65.521
63.192
61.063
59.522
58.848
59.127
60.238
61.902
63.775
65.539
66.947
67.855
68.219
68.078
67.536
66.725
65.784
64.83
63.951
63.204
62.619
62.219
62.024
62.054
62.329
62.859
63.63
64.597
65.678
66.755
67.683
68.307
68.484
68.112
67.15
65.643
63.737
61.672
59.766
58.359
57.737
58.041
59.214
61.016
63.083
65.024
66.489
67.234
67.16
66.342
65.029
63.602
62.489
62.026
62.333
63.271
64.512
65.676
66.451
66.667
66.301
65.453
64.296
63.02
61.793
60.729
59.895
59.319
59.027
59.051
59.436
60.209
61.341
62.72
64.149
65.393
66.234
66.543
66.319
65.704
64.955
64.372
64.201
64.539
65.287
66.182
66.873
67.033
66.454
65.118
63.24
61.261
59.744
59.178
59.741
61.183
62.938
64.369
64.989
64.591
63.269
61.374
59.403
57.842
56.994
56.877
57.25
57.738
57.992
57.8
57.152
56.254
55.487
55.292
55.976
57.541
59.648
61.751
63.309
63.964
63.644
62.584
61.268
60.274
60.039
60.657
61.821
62.975
63.535
63.081
61.47
58.885
55.841
53.112
51.526
51.61
53.28
55.887
58.562
60.557
61.417
61.019
59.536
57.352
54.946
52.746
50.995
49.706
48.715
47.821
46.927
46.112
45.629
45.797
46.833
48.701
51.088
53.51
55.482
56.66
56.934
56.472
55.69
55.144
55.312
56.366
58.069
59.882
61.197
61.544
60.718
58.83
56.306
53.811
52.072
51.594
52.399
54.01
55.697
56.781
56.83
55.745
53.779
51.491
49.621
48.832
49.392
51.019
53.05
54.751
55.57
55.251
53.862
51.78
49.622
48.094
47.731
48.632
50.407
52.381
53.881
54.431
53.846
52.26
50.109
48.054
46.799
46.806
48.054
50.067
52.168
53.752
54.442
54.127
52.954
51.275
49.564
48.288
47.759
48.022
48.866
49.939
50.895
51.486
51.592
51.205
50.392
49.257
47.923
46.537
45.283
44.39
44.086
44.515
45.644
47.233
48.899
50.231
50.897
50.722
49.741
48.21
46.591
45.449
45.263
46.191
47.967
50.029
51.761
52.708
52.701
51.909
50.809
50.046
50.154
51.255
52.966
54.593
55.442
55.059
53.359
50.659
47.641
45.205
44.133
44.678
46.402
48.468
50.065
50.664
50.099
48.564
46.549
44.711
43.636
43.56
44.242
45.123
45.644
45.493
44.724
43.728
43.08
43.24
44.262
45.731
46.986
47.42
46.682
44.781
42.105
39.38
37.501
37.168
38.458
40.79
43.315
45.316
46.387
46.473
45.847
45.04
44.684
45.253
46.821
49.021
51.232
52.836
53.382
52.677
50.802
48.103
45.147
42.632
41.192
41.139
42.305
44.145
46.005
47.33
47.758
47.144
45.566
43.322
40.921
39.014
38.208
38.783
40.508
42.771
44.864
46.226
46.547
45.808
44.274
42.448
40.937
40.244
40.53
41.551
42.826
43.891
44.467
44.51
44.177
43.731
43.418
43.36
43.509
43.686
43.674
43.314
42.559
41.495
40.324
39.302
38.671
38.57
38.988
39.777
40.714
41.574
42.181
42.437
42.322
41.895
41.269
40.581
39.954
39.451
39.043
38.621
38.026
37.119
35.827
34.192
32.38
30.665
29.368
28.758
28.946
29.846
31.253
32.942
34.741
36.541
38.258
39.797
41.028
41.799
41.979
41.519
40.515
39.242
38.131
37.646
38.076
39.364
41.138
42.909
44.273
45.026
45.176
44.889
44.377
43.786
43.129
42.3
41.169
39.699
38.029
36.483
35.463
35.25
35.81
36.787
37.687
38.1
37.864
37.131
36.346
36.088
36.784
38.424
40.548
42.504
43.744
44.006
43.381
42.287
41.335
41.061
41.639
42.785
43.95
44.615
44.503
43.648
42.343
41.017
40.035
39.534
39.384
39.303
39.042
38.503
37.768
37.022
36.44
36.086
35.892
35.734
35.543
35.388
35.452
35.922
36.833
37.987
39.011
39.522
39.292
38.364
37.095
36.08
35.906
36.81
38.51
40.387
41.826
42.454
42.224
41.378
40.325
39.451
38.934
38.679
38.432
37.975
37.28
36.545
36.092
36.167
36.758
37.569
38.172
38.216
37.57
36.386
35.063
34.114
33.923
34.519
35.567
36.589
37.212
37.315
37.04
36.694
36.569
36.754
37.07
37.189
36.843
36.009
34.986
34.322
34.538
35.768
37.614
39.374
40.385
40.259
38.978
36.915
34.761
33.319
33.113
34.059
35.546
36.84
37.417
37.088
35.997
34.558
33.333
32.834
33.293
34.565
36.243
37.864
39.051
39.558
39.262
38.151
36.331
34.052
31.745
30.012
29.467
30.405
32.554
35.231
37.695
39.391
40.044
39.69
38.651
37.443
36.586
36.35
36.603
36.905
36.769
35.915
34.393
32.597
31.134
30.522
30.836
31.641
32.282
32.258
31.437
30.116
28.942
28.625
29.46
31.073
32.682
33.547
33.262
31.874
29.918
28.325
28.042
29.358
31.652
33.909
35.324
35.569
34.832
33.743
33.103
33.428
34.562
35.809
36.408
35.949
34.556
32.878
31.843
32.085
33.423
34.999
35.906
35.663
34.392
32.788
31.825
32.154
33.563
35.159
36.019
35.67
34.25
32.479
31.376
31.652
33.127
34.885
35.94
35.698
34.114
31.678
29.281
27.868
27.856
28.826
29.919
30.456
30.228
29.503
28.864
28.88
29.733
31.109
32.459
33.341
33.605
33.4
33.057
32.902
33.087
33.549
34.134
34.75
35.416
36.184
36.994
37.602
37.652
36.864
35.24
33.213
31.635
31.434
32.934
35.536
38.182
39.975
40.471
39.717
38.159
36.441
35.104
34.327
33.912
33.548
33.116
32.792
32.892
33.561
34.573
35.425
35.627
34.964
33.62
32.144
31.217
31.239
32.022
32.926
33.285
32.733
31.327
29.526
28.022
27.406
27.782
28.722
29.604
29.981
29.733
29.042
28.268
27.754
27.641
27.817
28.035
28.095
27.956
27.735
27.615
27.711
27.986
28.279
28.412
28.315
28.089
27.984
28.277
29.104
30.338
31.636
32.586
32.875
32.407
31.385
30.319
29.898
30.633
32.479
34.833
36.898
38.036
37.954
36.767
34.974
33.322
32.494
32.722
33.677
34.768
35.537
35.839
35.79
35.58
35.285
34.802
33.965
32.753
31.45
30.619
30.777
31.948
33.55
34.76
34.951
33.946
32.103
30.239
29.294
29.717
31.093
32.511
33.195
32.83
31.61
30.108
28.993
28.636
28.87
29.168
29.038
28.304
27.172
26.125
25.669
26.016
26.946
27.998
28.737
28.91
28.454
27.456
26.1
24.648
23.422
22.75
22.831
23.594
24.705
25.737
26.363
26.487
26.272
26.069
26.226
26.854
27.737
28.482
28.759
28.476
27.827
27.205
26.996
27.349
28.1
28.934
29.602
30.034
30.302
30.491
30.603
30.554
30.277
29.846
29.52
29.629
30.342
31.516
32.774
33.736
34.222
34.302
34.213
34.172
34.217
34.198
33.928
33.386
32.82
32.653
33.215
34.471
36.009
37.295
37.937
37.818
37.075
35.999
34.896
33.989
33.398
33.184
33.357
33.835
34.404
34.761
34.653
34.038
33.164
32.496
32.452
33.088
34.043
34.816
35.117
35.042
34.995
35.37
36.183
36.977
37.103
36.112
34.052
31.579
29.816
29.736
31.338
33.645
35.542
36.374
36.082
35.09
34.06
33.554
33.742
34.39
35.101
35.552
35.568
35.069
34.014
32.414
30.418
28.386
26.853
26.279
26.693
27.636
28.514
28.972
29.049
29.082
29.431
30.164
30.956
31.297
30.788
29.342
27.241
25.067
23.479
22.876
23.166
23.929
24.783
25.553
26.233
26.848
27.367
27.699
27.745
27.46
26.861
26.021
25.054
24.113
23.396
23.077
23.202
23.594
23.918
23.844
23.238
22.278
21.436
21.246
21.892
23.008
23.942
24.167
23.513
22.219
20.837
19.95
19.744
19.827
19.546
18.424
16.414
14.034
12.418
12.752
14.853
17.422
19.377
20.152
19.599
17.93
15.711
13.848
13.277
14.14
15.579
16.599
16.608
