22.929
23.754
24.209
24.408
24.612
24.979
25.404
25.607
25.373
24.753
24.104
23.887
24.31
25.127
25.847
26.101
25.881
25.533
25.506
25.98
26.685
27.125
26.98
26.376
25.916
26.341
27.911
30.121
32.085
33.081
32.846
31.645
30.194
29.356
29.638
30.847
32.319
33.434
33.917
33.861
33.587
33.442
33.618
34.105
34.777
35.51
36.229
36.883
37.395
37.659
37.598
37.238
36.763
36.478
36.684
37.497
38.753
40.081
41.077
41.483
41.29
40.754
40.307
40.356
41.031
42.099
43.103
43.634
43.561
43.112
42.778
43.034
44.005
45.353
46.493
46.948
46.604
45.773
45.046
44.951
45.613
46.688
47.648
48.154
48.244
48.267
48.61
49.376
50.264
50.757
50.454
49.328
47.788
46.531
46.171
46.861
48.215
49.627
50.639
51.123
51.232
51.208
51.194
51.148
50.931
50.469
49.867
49.38
49.25
49.518
49.963
50.221
50.007
49.279
48.28
47.431
47.106
47.408
48.115
48.834
49.237
49.225
48.957
48.738
48.83
49.272
49.851
50.221
50.104
49.436
48.416
47.417
46.797
46.699
46.965
47.264
47.309
47.024
46.572
46.231
46.203
46.46
46.778
46.901
46.733
46.413
46.217
46.353
46.772
47.164
47.151
46.534
45.443
44.312
43.647
43.688
44.207
44.645
44.472
43.491
41.959
40.481
39.679
39.769
40.381
40.838
40.607
39.598
38.231
37.239
37.233
38.243
39.686
40.793
41.05
40.396
39.211
38.1
37.549
37.615
37.926
38.003
37.606
36.894
36.343
36.438
37.298
38.56
39.633
40.068
39.803
39.197
38.856
39.275
40.484
42.017
43.225
43.621
43.078
41.843
40.414
39.3
38.776
38.782
39.07
39.453
39.947
40.722
41.9
43.373
44.78
45.665
45.69
44.803
43.31
41.827
41.057
41.419
42.77
44.492
45.858
46.36
45.877
44.702
43.451
42.824
43.23
44.528
46.117
47.285
47.528
46.714
45.1
43.246
41.797
41.183
41.394
42.044
42.655
42.922
42.823
42.549
42.345
42.33
42.421
42.391
42.029
41.272
40.254
39.255
38.564
38.321
38.461
38.779
39.072
39.243
39.319
39.38
39.473
39.565
39.567
39.427
39.209
39.106
39.352
40.069
41.145
42.26
43.019
43.134
42.55
41.489
40.409
39.838
40.127
41.256
42.862
44.459
45.655
46.265
46.326
46.041
45.684
45.496
45.596
45.956
46.441
46.887
47.176
47.288
47.297
47.326
47.478
47.755
48.041
48.143
47.885
47.198
46.178
45.067
44.157
43.651
43.55
43.661
43.721
43.547
43.13
42.624
42.242
42.111
42.173
42.219
42.018
41.465
40.666
39.912
39.529
39.682
40.246
40.87
41.182
40.993
40.408
39.807
39.675
40.321
41.667
43.289
44.669
45.46
45.618
45.402
45.227
45.437
46.092
46.936
47.566
47.674
47.201
46.367
45.554
45.097
45.09
45.351
45.584
45.595
45.434
45.369
45.704
46.545
47.677
48.651
49.016
48.522
47.238
45.542
43.994
43.082
42.965
43.395
43.901
44.074
43.759
43.111
42.497
42.302
42.701
43.54
44.429
44.954
44.873
44.218
43.305
42.62
42.602
43.392
44.734
46.102
46.949
46.92
45.966
44.38
42.747
41.764
41.925
43.229
45.192
47.137
48.507
49.039
48.797
48.116
47.449
47.156
47.326
47.733
47.982
47.719
46.79
45.315
43.647
42.243
41.459
41.377
41.773
42.278
42.576
42.535
42.22
41.83
41.572
41.548
41.709
41.903
41.986
41.913
41.773
41.745
41.992
42.556
43.305
43.999
44.407
44.429
44.166
43.899
43.984
44.671
45.952
47.549
49.041
50.04
50.327
49.914
49.037
48.088
47.481
47.489
48.117
49.106
50.051
50.552
50.334
49.317
47.639
45.651
43.855
42.758
42.661
43.494
44.842
46.15
46.949
47
46.359
45.357
44.503
44.273
44.864
46.066
47.375
48.247
48.336
47.619
46.432
45.379
45.093
45.906
47.645
49.744
51.555
52.608
52.728
52.023
50.8
49.426
48.179
47.163
46.325
45.571
44.876
44.343
44.152
44.439
45.182
46.174
47.109
47.713
47.854
47.591
47.158
46.87
46.99
47.6
48.565
49.613
50.473
50.989
51.177
51.192
51.242
51.475
51.896
52.37
52.699
52.725
52.414
51.864
51.26
50.785
50.531
50.46
50.437
50.307
49.973
49.435
48.782
48.15
47.661
47.373
47.271
47.285
47.333
47.357
47.338
47.299
47.283
47.338
47.494
47.757
48.11
48.51
48.903
49.229
49.445
49.54
49.549
49.549
49.629
49.852
50.205
50.591
50.853
50.841
50.477
49.807
49
48.305
47.949
48.035
48.481
49.051
49.457
49.474
49.022
48.21
47.315
46.703
46.676
47.322
48.444
49.64
50.479
50.673
50.194
49.316
48.565
48.524
49.551
51.556
54.043
56.354
57.919
58.407
57.767
56.202
54.086
51.853
49.869
48.334
47.261
46.536
46.022
45.646
45.419
45.413
45.697
46.286
47.112
48.038
48.898
49.549
49.907
49.972
49.832
49.645
49.595
49.835
50.425
51.312
52.336
53.289
53.981
54.296
54.227
53.877
53.425
53.065
52.929
53.033
53.265
53.439
53.365
52.936
52.172
51.241
50.424
50.038
50.311
51.274
52.729
54.323
55.676
56.497
56.666
56.267
55.557
54.893
54.596
54.817
55.471
56.283
56.912
57.082
56.669
55.721
54.434
53.084
51.94
51.179
50.835
50.815
50.955
51.103
51.177
51.187
51.226
51.43
51.909
52.691
53.691
54.728
55.579
56.053
56.052
55.607
54.889
54.16
53.698
53.688
54.144
54.899
55.676
56.19
56.244
55.775
54.872
53.747
52.676
51.917
51.625
51.797
52.289
52.882
53.389
53.735
54.001
54.405
55.202
56.552
58.4
60.462
62.319
63.556
63.899
63.291
61.909
60.129
58.416
57.174
56.599
56.614
56.939
57.235
57.245
56.88
56.233
55.545
55.122
55.215
55.914
57.101
58.494
59.751
60.585
60.829
60.466
59.606
58.43
57.131
55.857
54.692
53.678
52.851
52.271
52.029
52.201
52.805
53.763
54.905
56.009
56.862
57.317
57.326
56.958
56.376
55.788
55.374
55.221
55.295
55.478
55.641
55.716
55.726
55.767
55.944
56.305
56.796
57.281
57.597
57.631
57.364
56.897
56.419
56.141
56.204
56.601
57.156
57.574
57.549
56.892
55.623
54.028
52.618
51.969
52.446
53.979
56.065
57.998
59.135
59.063
57.67
55.153
51.99
48.87
46.561
45.661
46.331
48.218
50.653
52.953
54.615
55.404
55.368
54.806
54.17
53.903
54.255
55.162
56.292
57.206
57.533
57.086
55.895
54.193
52.353
50.797
49.884
49.806
50.538
51.876
53.525
55.199
56.681
57.856
58.705
59.277
59.651
59.888
60.001
59.948
59.654
59.051
58.109
56.87
55.448
54.012
52.752
51.839
51.379
51.389
51.797
52.463
53.213
53.876
54.324
54.502
54.438
54.251
54.11
54.183
54.56
55.206
55.962
56.595
56.878
56.661
55.912
54.736
53.358
52.079
51.215
51.009
51.562
52.794
54.469
56.269
57.87
59.011
59.537
59.424
58.768
57.758
56.625
55.573
54.727
54.109
53.658
53.274
52.871
52.413
51.923
51.477
51.182
51.146
51.451
52.126
53.124
54.328
55.56
56.616
57.305
57.486
57.103
56.2
54.925
53.505
52.194
51.217
50.694
50.621
50.875
51.274
51.629
51.798
51.705
51.354
50.833
50.301
49.946
49.931
50.316
51.016
51.82
52.451
52.664
52.316
51.407
50.089
48.628
47.348
46.55
46.426
47.004
48.149
49.608
51.083
52.292
53.031
53.21
52.875
52.199
51.438
50.846
50.575
50.617
50.809
50.914
50.708
50.06
48.953
47.48
45.811
44.145
42.664
41.504
40.727
40.331
40.26
40.439
40.787
41.238
41.74
42.252
42.737
43.162
43.494
43.718
43.838
43.884
43.909
43.976
44.136
44.405
44.757
45.118
45.389
45.47
45.291
44.836
44.153
43.344
42.544
41.88
41.431
41.21
41.163
41.197
41.215
41.145
40.962
40.686
40.38
40.128
40.018
40.102
40.383
40.809
41.282
41.696
41.97
42.063
41.995
41.83
41.661
41.582
41.66
41.912
42.305
42.759
43.17
43.433
43.464
43.216
42.681
41.892
40.911
39.82
38.71
37.667
36.772
36.094
35.68
35.557
35.718
36.127
36.711
37.375
38.007
38.498
38.768
38.782
38.567
38.219
37.874
37.677
37.73
38.046
38.551
39.101
39.538
39.728
39.596
39.142
38.45
37.68
37.049
36.775
37.013
37.781
38.956
40.306
41.577
42.558
43.12
43.232
42.948
42.383
41.686
41.004
40.452
40.094
39.937
39.933
40.005
40.075
40.089
40.035
39.936
39.835
39.773
39.765
39.797
39.826
39.805
39.69
39.464
39.138
38.756
38.396
38.158
38.139
38.403
38.944
39.681
40.475
41.169
41.633
41.791
41.635
41.221
40.647
40.032
39.487
39.101
38.92
38.953
39.172
39.523
39.943
40.364
40.728
40.979
41.072
40.974
40.664
40.144
39.444
38.62
37.755
36.942
36.28
35.857
35.734
35.93
36.407
37.065
37.761
38.336
38.651
38.619
38.225
37.526
36.645
35.741
34.983
34.516
34.433
34.757
35.436
36.354
37.356
38.284
39
39.413
39.485
39.231
38.71
38.006
37.215
36.436
35.759
35.26
34.998
35.011
35.314
35.902
36.75
37.802
38.965
40.107
41.069
41.692
41.848
41.473
40.583
39.283
37.746
36.191
34.84
33.884
33.442
33.547
34.136
35.072
36.165
37.216
38.051
38.55
38.669
38.438
37.951
37.334
36.714
36.186
35.798
35.551
35.415
35.345
35.291
35.217
35.102
34.953
34.801
34.701
34.714
34.882
35.213
35.676
36.206
36.732
37.193
37.553
37.805
37.966
38.069
38.15
38.245
38.38
38.572
38.822
39.117
39.432
39.735
39.993
40.176
40.262
40.239
40.1
39.851
39.499
39.058
38.541
37.965
37.349
36.725
36.14
35.661
35.366
35.32
35.551
36.023
36.635
37.25
37.73
37.973
37.942
37.666
37.229
36.746
36.333
36.09
36.085
36.363
36.944
37.819
38.942
40.225
41.538
42.732
43.666
44.229
44.366
44.077
43.416
42.477
41.378
40.24
39.17
38.255
37.555
37.103
36.91
36.959
37.211
37.607
38.068
38.512
38.859
39.05
39.05
38.857
38.506
38.062
37.619
37.288
37.175
37.36
37.875
38.695
39.741
40.899
42.042
43.052
43.831
44.314
44.47
44.313
43.9
43.323
42.698
42.141
41.745
41.554
41.563
41.725
41.971
42.227
42.429
42.523
42.475
42.266
41.907
41.435
40.916
40.431
40.055
39.842
39.807
39.928
40.16
40.448
40.744
41.018
41.255
41.458
41.642
41.825
42.024
42.246
42.483
42.719
42.937
43.133
43.314
43.508
43.754
44.098
44.584
45.248
46.108
47.153
48.336
49.572
50.751
51.755
52.482
52.864
52.877
52.538
51.903
51.05
50.081
49.108
48.249
47.617
47.296
47.328
47.699
48.34
49.155
50.032
50.868
51.569
52.056
52.266
52.157
51.718
50.974
49.989
48.858
47.69
46.59
45.648
44.931
44.488
44.353
44.541
45.042
45.813
46.774
47.824
48.856
49.774
50.505
51.007
51.27
51.313
51.181
50.94
50.668
50.446
50.337
50.382
50.582
50.899
51.267
51.607
51.839
51.905
51.781
51.482
51.066
50.624
50.267
50.095
50.18
50.537
51.125
51.846
52.569
53.153
53.469
53.423
52.971
52.133
50.995
49.702
48.447
47.435
46.853
46.822
47.377
48.456
49.917
51.568
53.195
54.593
55.588
56.06
55.961
55.327
54.277
53.006
51.755
50.768
50.234
50.238
50.735
51.57
52.521
53.359
53.897
54.017
53.688
52.962
51.971
50.903
49.987
49.455
49.502
50.234
51.632
53.542
55.702
57.803
59.547
60.706
61.154
60.887
60.021
58.77
57.405
56.213
55.438
55.238
55.659
56.629
57.983
59.499
60.938
62.086
62.782
62.942
62.563
61.719
60.541
59.192
57.833
56.6
55.588
54.842
54.37
54.148
54.138
54.3
54.594
54.989
55.454
55.963
56.486
56.993
57.452
57.828
58.09
58.217
58.206
58.075
57.87
57.653
57.488
57.417
57.444
57.536
57.63
57.661
57.591
57.418
57.182
56.943
56.764
56.689
56.73
56.869
57.073
57.301
57.515
57.693
57.823
57.91
57.966
58.013
58.079
58.191
58.375
58.651
59.026
59.49
60.012
60.541
61.015
61.372
61.562
61.56
61.364
60.991
60.47
59.836
59.123
58.373
57.632
56.959
56.423
56.091
56.025
56.26
56.797
57.594
58.568
59.599
60.553
61.306
61.76
61.869
61.647
61.162
60.529
59.887
59.371
59.085
59.086
59.377
59.914
60.63
61.455
62.332
63.228
64.126
65.014
65.88
66.692
67.404
67.945
68.237
68.202
67.783
66.975
65.847
64.555
63.332
62.437
62.068
62.281
62.947
63.791
64.48
64.722
64.33
63.262
61.61
59.582
57.466
55.584
54.236
53.635
53.838
54.73
56.044
57.446
58.611
59.301
59.405
58.956
58.127
57.194
56.474
56.239
56.63
57.606
58.964
60.405
61.624
62.381
62.545
62.111
61.181
59.944
58.623
57.436
56.548
56.059
55.994
56.324
56.981
57.876
58.914
60.003
61.069
62.06
62.952
63.746
64.462
65.128
65.766
66.385
66.968
67.467
67.813
67.918
67.695
67.076
66.028
64.57
62.779
60.795
58.818
57.088
55.85
55.293
55.489
56.355
57.663
59.108
60.377
61.223
61.506
61.22
60.493
59.57
58.766
58.386
58.629
59.511
60.854
62.343
63.627
64.408
64.505
63.883
62.645
61.017
59.293
57.774
56.709
56.229
56.328
56.881
57.693
58.557
59.303
59.83
60.111
60.192
60.164
60.132
60.179
60.337
60.581
60.843
61.035
61.075
60.912
60.53
59.953
59.236
58.458
57.71
57.082
56.652
56.469
56.542
56.828
57.239
57.653
57.935
57.971
57.688
57.077
56.209
55.227
54.334
53.753
53.669
54.168
55.2
56.579
58.029
59.25
59.982
60.049
59.396
58.093
56.336
54.421
52.689
51.465
50.968
51.258
52.228
53.659
55.287
56.872
58.225
59.223
59.804
59.961
59.727
59.168
58.367
57.421
56.432
55.497
54.704
54.119
53.784
53.711
53.884
54.266
54.803
55.439
56.109
56.748
57.281
57.626
57.704
57.442
56.801
55.793
54.502
53.09
51.792
50.877
50.576
51.011
52.134
53.73
55.478
57.028
58.075
58.418
57.999
56.934
55.503
54.113
53.198
53.069
53.783
55.124
56.701
58.1
59.009
59.273
58.895
58.012
56.834
55.591
54.476
53.61
53.03
52.71
52.599
52.659
52.881
53.28
53.864
54.598
55.388
56.094
56.566
56.703
56.49
56.017
55.465
55.052
54.956
55.246
55.841
56.524
57.01
57.032
56.416
55.158
53.456
51.704
50.397
49.948
50.477
51.723
53.166
54.254
54.597
54.065
52.795
51.139
49.545
48.404
47.908
47.991
48.391
48.775
48.87
48.541
47.834
46.987
46.398
46.496
47.551
49.5
51.945
54.309
56.055
56.847
56.635
55.674
54.466
53.599
53.524
54.338
55.741
57.189
58.122
58.14
57.091
55.111
52.62
50.262
48.748
48.584
49.804
51.951
54.321
56.257
57.325
57.368
56.485
54.956
53.14
51.36
49.801
48.485
47.316
46.184
45.062
44.06
43.416
43.409
44.215
45.793
47.86
49.985
51.735
52.791
53.039
52.603
51.833
51.206
51.15
51.847
53.129
54.558
55.625
55.935
55.325
53.906
52.047
50.287
49.17
49.021
49.79
51.072
52.308
52.995
52.838
51.816
50.194
48.477
47.275
47.068
47.966
49.643
51.504
52.943
53.522
53.066
51.674
49.704
47.699
46.247
45.768
46.322
47.582
49.001
50.038
50.318
49.708
48.335
46.569
44.939
43.983
44.029
45.038
46.633
48.295
49.556
50.118
49.891
48.97
47.597
46.09
44.764
43.844
43.414
43.416
43.701
44.097
44.455
44.663
44.64
44.325
43.678
42.709
41.503
40.26
39.278
38.889
39.311
40.524
42.243
44.025
45.42
46.098
45.917
44.965
43.56
42.216
41.509
41.853
43.276
45.392
47.59
49.277
50.059
49.836
48.831
47.56
46.681
46.722
47.788
49.481
51.111
52.01
51.748
50.244
47.787
44.99
42.657
41.494
41.757
43.101
44.813
46.176
46.707
46.232
44.88
43.033
41.214
39.913
39.374
39.472
39.809
39.95
39.647
38.951
38.202
37.886
38.361
39.602
41.187
42.497
42.986
42.35
40.612
38.146
35.642
33.959
33.76
35.109
37.434
39.922
41.891
42.956
43.061
42.462
41.669
41.304
41.856
43.42
45.64
47.889
49.529
50.09
49.361
47.417
44.62
41.579
39.04
37.657
37.685
38.838
40.482
41.953
42.766
42.675
41.665
39.925
37.817
35.82
34.431
34.003
34.576
35.864
37.399
38.716
39.481
39.542
38.94
37.899
36.773
35.951
35.717
36.129
37.005
38.029
38.897
39.416
39.543
39.372
39.077
38.841
38.781
38.907
39.128
39.297
39.277
38.985
38.423
37.681
36.912
36.302
36.01
36.119
36.606
37.35
38.178
38.913
39.423
39.641
39.572
39.283
38.877
38.456
38.082
37.757
37.415
36.953
36.269
35.301
34.058
32.629
31.17
29.88
28.953
28.525
28.642
29.253
30.248
31.494
32.859
34.213
35.426
36.368
36.918
36.996
36.588
35.786
34.799
33.933
33.508
33.731
34.587
35.84
37.15
38.212
38.848
39.036
38.883
38.552
38.182
37.818
37.403
36.829
36.016
34.983
33.867
32.887
32.249
32.037
32.158
32.39
32.497
32.348
31.985
31.624
31.566
32.045
33.074
34.411
35.672
36.494
36.666
36.203
35.34
34.473
33.998
34.12
34.742
35.53
36.108
36.22
35.823
35.068
34.234
33.594
33.29
33.277
33.37
33.362
33.125
32.65
32.023
31.368
30.779
30.291
29.896
29.597
29.458
29.591
30.092
30.944
31.965
32.854
33.306
33.126
32.327
31.17
30.131
29.726
30.239
31.518
33.077
34.372
35.035
34.963
34.311
33.405
32.596
32.091
31.866
31.725
31.461
31.002
30.473
30.125
30.191
30.709
31.47
32.124
32.347
31.982
31.113
30.053
29.249
29.078
29.618
30.598
31.567
32.137
32.139
31.675
31.057
30.65
30.661
31
31.342
31.341
30.844
30.009
29.279
29.177
29.966
31.419
32.949
33.93
33.951
32.932
31.145
29.159
27.669
27.175
27.668
28.659
29.525
29.821
29.39
28.353
27.044
25.892
25.264
25.308
25.913
26.809
27.715
28.418
28.78
28.712
28.152
27.087
25.6
23.951
22.632
22.281
23.322
25.593
28.438
31.098
32.979
33.761
33.436
32.304
30.914
29.89
29.634
30.081
30.758
31.1
30.736
29.634
28.103
26.694
25.943
26.043
26.706
27.387
27.633
27.286
26.53
25.807
25.589
26.069
27.006
27.878
28.181
27.647
26.358
24.78
23.673
23.748
25.142
27.297
29.405
30.841
31.353
31.076
30.462
30.077
30.288
31.01
31.781
32.081
31.647
30.634
29.61
29.3
30.091
31.682
33.294
34.16
33.886
32.585
30.877
29.674
29.675
30.826
32.375
33.453
33.555
32.711
31.454
30.586
30.709
31.772
33.118
33.949
33.75
32.453
30.442
28.433
27.173
26.988
27.554
28.185
28.31
27.74
26.708
25.752
25.432
25.961
27.056
28.177
28.879
29.005
28.715
28.38
28.384
28.908
29.854
30.973
32.049
32.998
33.822
34.5
34.902
34.817
34.088
32.785
31.336
30.488
30.941
32.796
35.415
37.851
39.334
39.506
38.473
36.725
34.95
33.705
33.115
32.866
32.515
31.856
31.066
30.58
30.758
31.547
32.466
32.922
32.537
31.321
29.69
28.3
27.694
27.921
28.505
28.812
28.438
27.386
26.056
25.082
24.972
25.751
26.96
28.016
28.53
28.425
27.904
27.315
26.964
26.951
27.136
27.276
27.198
26.904
26.56
26.393
26.538
26.934
27.359
27.563
27.403
26.927
26.373
26.077
26.303
27.067
28.107
29.015
29.428
29.17
28.341
27.35
26.817
27.287
28.838
30.987
33.001
34.248
34.402
33.508
31.982
30.488
29.678
29.825
30.682
31.727
32.533
32.948
33.061
33.023
32.877
32.49
31.675
30.391
28.913
27.822
27.705
28.675
30.193
31.439
31.782
31.049
29.597
28.21
27.722
28.424
29.812
31.013
31.358
30.654
29.223
27.759
26.986
27.181
27.984
28.729
28.914
28.432
27.569
26.83
26.642
27.081
27.857
28.565
28.926
28.873
28.503
27.948
27.288
26.531
25.699
24.91
24.399
24.391
24.918
25.749
26.528
26.988
27.094
27.048
27.157
27.609
28.31
28.943
29.178
28.876
28.18
27.452
27.072
27.184
27.609
28.002
28.12
27.971
27.783
27.822
28.178
28.686
29.077
29.186
29.088
29.045
29.309
29.916
30.637
31.161
31.316
31.189
31.059
31.192
31.62
32.103
32.329
32.161
31.777
31.606
32.049
33.16
34.584
35.795
36.402
36.31
35.699
34.887
34.141
33.565
33.132
32.82
32.7
32.882
33.367
33.964
34.385
34.439
34.19
33.947
34.068
34.668
35.501
36.137
36.283
35.997
35.671
35.75
36.333
37.002
37.071
36.012
33.811
31.137
29.248
29.317
31.373
34.265
36.688
37.872
37.703
36.597
35.241
34.238
33.802
33.738
33.697
33.456
32.984
32.333
31.507
30.43
29.072
27.616
26.501
26.219
26.915
28.196
29.42
30.12
30.229
30.068
30.104
30.579
31.278
31.655
31.187
29.657
27.284
24.705
22.775
22.096
22.576
23.577
24.507
25.135
25.552
25.967
26.482
26.999
27.291
27.157
26.533
25.539
24.446
23.586
23.217
23.38
23.862
24.288
24.285
23.628
22.346
20.793
19.615
19.444
20.379
21.841
23.023
23.34
22.611
21.085
19.373
18.208
17.962
18.306
18.515
18.012
16.673
14.928
13.745
14.119
16.018
18.431
20.345
21.154
20.661
19.067
16.98
15.389
15.225
16.492
18.23
19.42
19.477
