41.34
43.293
44.779
45.595
45.894
45.976
46.037
46.032
45.799
45.291
44.745
44.601
45.184
46.396
47.732
48.63
48.838
48.569
48.354
48.636
49.392
50.136
50.34
49.94
49.57
50.298
52.814
56.706
60.639
63.159
63.378
61.322
58.023
55.271
54.75
56.826
60.291
63.441
65.146
65.225
64.319
63.474
63.53
64.659
66.407
68.156
69.539
70.521
71.223
71.679
71.769
71.375
70.635
70.06
70.351
71.932
74.55
77.35
79.363
80.024
79.451
78.41
77.935
78.711
80.609
82.798
84.322
84.663
84.009
83.153
83.064
84.296
86.617
89.185
91.078
91.769
91.33
90.34
89.571
89.57
90.37
91.552
92.589
93.218
93.586
94.135
95.252
96.923
98.639
99.627
99.267
97.44
94.694
92.116
90.88
91.6
93.948
96.907
99.402
100.81
101.11
100.73
100.17
99.724
99.336
98.788
98
97.208
96.857
97.265
98.295
99.348
99.701
98.959
97.342
95.65
94.85
95.459
97.164
99.031
100.11
100
99.009
97.968
97.688
98.401
99.593
100.37
100.03
98.482
96.282
94.325
93.311
93.305
93.749
93.91
93.37
92.251
91.079
90.389
90.332
90.575
90.582
90.027
89.039
88.133
87.836
88.26
88.939
89.103
88.147
86.015
83.308
81.038
80.068
80.527
81.696
82.487
82.086
80.345
77.83
75.528
74.289
74.276
74.871
75.134
74.411
72.704
70.684
69.358
69.453
70.899
72.872
74.335
74.604
73.615
71.892
70.256
69.362
69.31
69.638
69.707
69.169
68.211
67.472
67.643
68.954
70.951
72.774
73.68
73.453
72.538
71.862
72.315
74.148
76.743
78.99
79.896
79.019
76.629
73.594
71.026
69.731
69.794
70.674
71.731
72.712
73.843
75.531
77.88
80.419
82.256
82.526
80.851
77.632
74.083
71.859
72.161
74.846
78.506
81.412
82.381
81.156
78.438
75.632
74.24
75.009
77.453
80.246
82.051
82.095
80.349
77.437
74.355
72.051
70.982
70.949
71.336
71.541
71.284
70.659
69.989
69.579
69.503
69.553
69.37
68.653
67.325
65.585
63.848
62.571
62.045
62.256
62.919
63.643
64.108
64.166
63.846
63.285
62.647
62.065
61.635
61.448
61.619
62.257
63.385
64.845
66.285
67.246
67.328
66.358
64.521
62.393
60.815
60.542
61.808
64.152
66.683
68.538
69.224
68.747
67.573
66.425
65.938
66.336
67.333
68.361
68.927
68.863
68.383
67.938
67.945
68.513
69.36
69.98
69.91
68.958
67.286
65.341
63.659
62.604
62.191
62.114
61.962
61.457
60.59
59.598
58.818
58.478
58.554
58.774
58.78
58.325
57.401
56.257
55.295
54.871
55.088
55.727
56.373
56.637
56.355
55.685
55.062
55.018
55.892
57.622
59.76
61.721
63.049
63.591
63.53
63.284
63.291
63.773
64.614
65.434
65.825
65.564
64.733
63.676
62.827
62.482
62.637
63.03
63.346
63.442
63.437
63.625
64.25
65.281
66.346
66.895
66.463
64.892
62.449
59.786
57.713
56.813
57.093
57.995
58.759
58.838
58.133
57
56.071
55.903
56.62
57.819
58.812
59.008
58.211
56.737
55.352
54.943
55.998
58.234
60.739
62.466
62.677
61.183
58.427
55.419
53.439
53.419
55.338
58.269
61.036
62.785
63.223
62.596
61.518
60.684
60.533
61.04
61.781
62.208
61.921
60.821
59.113
57.209
55.566
54.502
54.086
54.153
54.432
54.682
54.774
54.696
54.511
54.299
54.119
53.991
53.911
53.878
53.911
54.05
54.34
54.796
55.387
56.021
56.577
56.939
57.057
56.98
56.874
56.978
57.514
58.565
59.995
61.468
62.558
62.9
62.328
60.962
59.217
57.708
57.017
57.388
58.559
59.876
60.593
60.156
58.372
55.488
52.17
49.371
47.993
48.404
50.192
52.443
54.241
54.993
54.548
53.188
51.533
50.342
50.176
51.105
52.671
54.165
54.97
54.787
53.723
52.26
51.106
50.896
51.869
53.735
55.863
57.605
58.528
58.494
57.631
56.24
54.661
53.149
51.806
50.614
49.523
48.55
47.825
47.536
47.82
48.65
49.808
50.96
51.779
52.058
51.778
51.114
50.392
49.973
50.109
50.828
51.925
53.076
53.982
54.491
54.632
54.585
54.577
54.766
55.148
55.566
55.792
55.648
55.092
54.243
53.332
52.594
52.162
51.994
51.913
51.7
51.207
50.424
49.483
48.61
48.021
47.833
48.007
48.379
48.744
48.952
48.968
48.877
48.846
49.037
49.519
50.223
50.968
51.535
51.765
51.623
51.214
50.742
50.429
50.406
50.652
51.001
51.218
51.102
50.559
49.635
48.498
47.379
46.493
45.958
45.754
45.745
45.737
45.556
45.105
44.392
43.529
42.708
42.141
41.982
42.256
42.83
43.459
43.869
43.866
43.413
42.675
42.002
41.82
42.435
43.853
45.742
47.578
48.84
49.165
48.423
46.723
44.386
41.864
39.609
37.936
36.911
36.368
36.041
35.714
35.308
34.887
34.605
34.616
34.986
35.649
36.433
37.125
37.557
37.661
37.5
37.252
37.15
37.384
38.008
38.905
39.843
40.576
40.936
40.882
40.501
39.967
39.471
39.147
39.019
39.007
38.976
38.793
38.383
37.749
36.973
36.192
35.565
35.227
35.249
35.613
36.218
36.904
37.501
37.864
37.908
37.632
37.123
36.541
36.078
35.891
36.031
36.415
36.854
37.124
37.047
36.539
35.641
34.504
33.351
32.407
31.824
31.619
31.685
31.844
31.937
31.878
31.688
31.475
31.385
31.526
31.9
32.388
32.791
32.917
32.648
31.999
31.122
30.266
29.694
29.569
29.868
30.405
30.924
31.199
31.111
30.657
29.938
29.118
28.369
27.815
27.495
27.366
27.334
27.313
27.266
27.225
27.28
27.533
28.042
28.778
29.619
30.395
30.941
31.146
30.979
30.496
29.82
29.107
28.503
28.102
27.92
27.903
27.957
27.985
27.915
27.718
27.405
27.029
26.666
26.4
26.3
26.398
26.67
27.044
27.414
27.663
27.694
27.448
26.917
26.15
25.244
24.331
23.551
23.017
22.786
22.845
23.125
23.523
23.939
24.287
24.512
24.586
24.504
24.286
23.963
23.579
23.18
22.806
22.487
22.235
22.045
21.896
21.766
21.636
21.494
21.343
21.191
21.047
20.915
20.791
20.668
20.54
20.404
20.269
20.15
20.063
20.012
19.986
19.95
19.861
19.681
19.404
19.069
18.764
18.602
18.675
19.001
19.501
20.025
20.4
20.483
20.193
19.532
18.587
17.531
16.603
16.056
16.061
16.609
17.51
18.487
19.284
19.73
19.774
19.485
19.039
18.663
18.552
18.766
19.208
19.673
19.952
19.905
19.492
18.777
17.911
17.099
16.544
16.379
16.608
17.114
17.717
18.246
18.588
18.705
18.634
18.461
18.282
18.16
18.092
18.018
17.849
17.517
17.001
16.343
15.636
14.995
14.524
14.281
14.259
14.399
14.619
14.839
15.002
15.082
15.085
15.042
14.998
14.996
15.057
15.179
15.337
15.496
15.623
15.695
15.7
15.634
15.5
15.311
15.087
14.862
14.685
14.612
14.696
14.968
15.416
15.981
16.564
17.052
17.348
17.387
17.161
16.72
16.161
15.608
15.171
14.911
14.82
14.838
14.886
14.9
14.849
14.743
14.624
14.556
14.61
14.835
15.235
15.759
16.311
16.782
17.079
17.145
16.98
16.63
16.178
15.722
15.344
15.09
14.966
14.944
14.983
15.046
15.107
15.155
15.184
15.197
15.2
15.207
15.232
15.292
15.395
15.535
15.686
15.81
15.861
15.801
15.614
15.312
14.936
14.552
14.238
14.066
14.085
14.304
14.69
15.172
15.658
16.059
16.301
16.354
16.232
16.001
15.754
15.585
15.544
15.617
15.737
15.809
15.758
15.546
15.185
14.725
14.246
13.836
13.567
13.482
13.583
13.834
14.174
14.538
14.87
15.14
15.341
15.486
15.597
15.694
15.783
15.859
15.91
15.926
15.904
15.856
15.804
15.771
15.776
15.819
15.885
15.941
15.954
15.897
15.765
15.579
15.38
15.218
15.138
15.162
15.279
15.454
15.635
15.774
15.838
15.817
15.731
15.625
15.558
15.584
15.724
15.958
16.228
16.458
16.581
16.559
16.39
16.114
15.794
15.506
15.316
15.262
15.345
15.523
15.733
15.9
15.961
15.876
15.642
15.293
14.893
14.518
14.242
14.106
14.118
14.25
14.459
14.704
14.953
15.185
15.389
15.558
15.686
15.77
15.809
15.808
15.776
15.733
15.7
15.7
15.743
15.829
15.936
16.035
16.092
16.08
15.989
15.828
15.633
15.462
15.389
15.486
15.802
16.338
17.042
17.825
18.58
19.213
19.653
19.866
19.853
19.65
19.313
18.911
18.514
18.176
17.925
17.759
17.656
17.578
17.495
17.392
17.275
17.165
17.093
17.081
17.141
17.264
17.43
17.606
17.761
17.875
17.941
17.976
18.014
18.103
18.281
18.566
18.938
19.346
19.725
20.013
20.172
20.188
20.08
19.888
19.663
19.463
19.336
19.316
19.414
19.616
19.884
20.165
20.401
20.545
20.563
20.443
20.192
19.834
19.408
18.956
18.527
18.166
17.911
17.79
17.819
17.992
18.282
18.635
18.982
19.244
19.351
19.259
18.954
18.462
17.845
17.19
16.596
16.159
15.956
16.028
16.369
16.927
17.609
18.303
18.901
19.316
19.499
19.447
19.199
18.824
18.413
18.058
17.841
17.817
18.014
18.427
19.022
19.75
20.551
21.366
22.14
22.823
23.369
23.734
23.883
23.792
23.463
22.925
22.238
21.49
20.777
20.196
19.825
19.707
19.845
20.2
20.697
21.24
21.731
22.089
22.261
22.238
22.047
21.748
21.413
21.109
20.884
20.753
20.706
20.712
20.731
20.722
20.654
20.513
20.31
20.082
19.883
19.775
19.801
19.971
20.263
20.628
21.007
21.351
21.625
21.816
21.924
21.965
21.967
21.969
22.008
22.117
22.31
22.576
22.88
23.169
23.389
23.498
23.474
23.317
23.046
22.695
22.303
21.905
21.53
21.197
20.922
20.717
20.597
20.577
20.674
20.889
21.205
21.583
21.962
22.277
22.469
22.502
22.369
22.093
21.722
21.315
20.935
20.643
20.493
20.529
20.778
21.241
21.882
22.627
23.375
24.019
24.467
24.654
24.556
24.19
23.605
22.876
22.091
21.34
20.699
20.228
19.958
19.894
20.012
20.268
20.607
20.976
21.327
21.625
21.848
21.987
22.05
22.053
22.024
21.993
21.998
22.068
22.227
22.481
22.824
23.238
23.692
24.155
24.593
24.974
25.272
25.468
25.55
25.523
25.402
25.22
25.015
24.828
24.689
24.614
24.6
24.627
24.668
24.692
24.67
24.578
24.4
24.132
23.783
23.379
22.959
22.571
22.259
22.054
21.97
21.996
22.109
22.274
22.459
22.639
22.796
22.925
23.032
23.126
23.219
23.318
23.424
23.531
23.629
23.71
23.77
23.814
23.854
23.907
23.998
24.15
24.384
24.713
25.128
25.604
26.098
26.559
26.938
27.194
27.302
27.251
27.048
26.714
26.289
25.833
25.419
25.123
25.005
25.092
25.372
25.792
26.277
26.747
27.128
27.359
27.398
27.221
26.83
26.253
25.545
24.783
24.051
23.421
22.947
22.652
22.532
22.569
22.733
22.991
23.306
23.638
23.955
24.23
24.457
24.64
24.791
24.923
25.045
25.16
25.267
25.368
25.466
25.564
25.664
25.76
25.843
25.904
25.937
25.936
25.903
25.839
25.75
25.649
25.559
25.511
25.535
25.652
25.858
26.124
26.405
26.648
26.81
26.863
26.795
26.608
26.313
25.936
25.512
25.095
24.747
24.531
24.489
24.634
24.943
25.37
25.856
26.344
26.784
27.13
27.341
27.388
27.262
26.979
26.594
26.186
25.843
25.636
25.596
25.703
25.902
26.122
26.296
26.381
26.353
26.21
25.968
25.66
25.341
25.082
24.965
25.063
25.414
26.006
26.776
27.622
28.43
29.097
29.543
29.729
29.656
29.364
28.929
28.448
28.026
27.753
27.687
27.845
28.2
28.692
29.243
29.768
30.191
30.451
30.512
30.363
30.024
29.537
28.96
28.356
27.782
27.282
26.884
26.597
26.424
26.359
26.392
26.512
26.705
26.952
27.233
27.522
27.794
28.022
28.189
28.281
28.296
28.242
28.137
28.007
27.878
27.776
27.719
27.709
27.739
27.789
27.833
27.852
27.835
27.785
27.719
27.66
27.634
27.659
27.744
27.885
28.065
28.265
28.465
28.648
28.804
28.929
29.021
29.082
29.114
29.121
29.11
29.089
29.068
29.055
29.055
29.065
29.08
29.087
29.078
29.045
28.984
28.893
28.771
28.62
28.448
28.269
28.106
27.989
27.95
28.019
28.21
28.523
28.936
29.406
29.882
30.306
30.627
30.813
30.855
30.766
30.585
30.359
30.139
29.963
29.852
29.811
29.826
29.879
29.952
30.037
30.134
30.255
30.414
30.618
30.864
31.13
31.383
31.578
31.672
31.63
31.433
31.088
30.635
30.147
29.727
29.482
29.487
29.748
30.185
30.653
30.982
31.026
30.698
29.99
28.968
27.761
26.542
25.495
24.785
24.526
24.749
25.392
26.317
27.346
28.302
29.044
29.489
29.628
29.521
29.28
29.042
28.928
29.008
29.282
29.687
30.121
30.475
30.667
30.652
30.433
30.055
29.597
29.149
28.791
28.579
28.533
28.646
28.891
29.233
29.636
30.069
30.501
30.913
31.291
31.637
31.967
32.302
32.664
33.064
33.489
33.908
34.264
34.496
34.543
34.362
33.935
33.276
32.434
31.482
30.517
29.65
28.992
28.641
28.656
29.04
29.724
30.579
31.444
32.16
32.607
32.723
32.522
32.084
31.547
31.073
30.807
30.838
31.169
31.719
32.352
32.913
33.264
33.315
33.031
32.443
31.641
30.757
29.943
29.337
29.026
29.033
29.311
29.77
30.302
30.811
31.228
31.517
31.679
31.743
31.754
31.762
31.801
31.883
31.99
32.083
32.113
32.039
31.836
31.503
31.065
30.573
30.092
29.696
29.456
29.421
29.61
30.001
30.531
31.107
31.622
31.983
32.12
32.01
31.681
31.213
30.721
30.335
30.163
30.264
30.624
31.165
31.762
32.28
32.598
32.631
32.345
31.763
30.964
30.081
29.278
28.716
28.515
28.715
29.267
30.054
30.931
31.763
32.444
32.909
33.131
33.116
32.9
32.534
32.083
31.613
31.186
30.847
30.625
30.525
30.534
30.629
30.785
30.985
31.219
31.487
31.785
32.102
32.408
32.653
32.776
32.715
32.424
31.892
31.157
30.311
29.495
28.876
28.604
28.765
29.337
30.195
31.148
31.99
32.547
32.713
32.467
31.884
31.127
30.415
29.965
29.918
30.281
30.926
31.65
32.253
32.593
32.612
32.336
31.853
31.276
30.715
30.245
29.898
29.665
29.521
29.446
29.443
29.538
29.774
30.175
30.729
31.375
32.011
32.526
32.837
32.913
32.795
32.578
32.387
32.328
32.447
32.704
32.991
33.159
33.075
32.661
31.933
31.011
30.113
29.498
29.372
29.779
30.564
31.44
32.103
32.336
32.061
31.354
30.412
29.499
28.847
28.575
28.645
28.898
29.132
29.181
28.965
28.51
27.954
27.522
27.462
27.943
28.958
30.305
31.675
32.765
33.376
33.466
33.168
32.744
32.506
32.675
33.279
34.131
34.924
35.349
35.199
34.414
33.107
31.552
30.14
29.279
29.228
29.96
31.176
32.456
33.424
33.841
33.628
32.862
31.726
30.454
29.258
28.262
27.481
26.848
26.277
25.731
25.252
24.962
25.012
25.508
26.442
27.667
28.948
30.028
30.713
30.922
30.72
30.32
30.025
30.118
30.713
31.689
32.74
33.51
33.724
33.261
32.18
30.717
29.236
28.129
27.668
27.88
28.536
29.273
29.749
29.742
29.193
28.22
27.108
26.249
26.013
26.562
27.754
29.216
30.523
31.342
31.502
31.015
30.064
28.967
28.093
27.726
27.944
28.583
29.325
29.844
29.906
29.43
28.497
27.34
26.301
25.729
25.829
26.557
27.647
28.746
29.551
29.883
29.712
29.14
28.371
27.646
27.166
27.024
27.182
27.505
27.835
28.05
28.09
27.951
27.662
27.255
26.751
26.158
25.5
24.844
24.316
24.081
24.281
24.947
25.965
27.101
28.086
28.697
28.811
28.433
27.704
26.878
26.256
26.088
26.456
27.229
28.138
28.893
29.292
29.284
28.982
28.64
28.555
28.934
29.761
30.795
31.673
32.057
31.74
30.706
29.142
27.424
26.021
25.331
25.472
26.217
27.145
27.851
28.086
27.787
27.065
26.153
25.331
24.811
24.644
24.705
24.773
24.65
24.262
23.699
23.198
23.04
23.396
24.202
25.174
25.949
26.222
25.835
24.819
23.397
21.956
20.953
20.731
21.324
22.447
23.686
24.694
25.276
25.407
25.212
24.922
24.806
25.063
25.738
26.696
27.688
28.448
28.766
28.534
27.765
26.593
25.261
24.078
23.336
23.202
23.63
24.387
25.163
25.677
25.741
25.287
24.364
23.142
21.878
20.873
20.371
20.45
20.981
21.694
22.309
22.619
22.542
22.12
21.508
20.93
20.599
20.632
20.996
21.538
22.073
22.459
22.644
22.657
22.583
22.516
22.513
22.574
22.648
22.667
22.573
22.344
21.998
21.577
21.137
20.731
20.403
20.182
20.091
20.142
20.331
20.628
20.973
21.282
21.473
21.489
21.32
21.019
20.683
20.42
20.296
20.298
20.332
20.262
19.974
19.417
18.635
17.762
16.988
16.5
16.404
16.678
17.203
17.831
18.452
19.009
19.492
19.909
20.253
20.493
20.578
20.463
20.147
19.704
19.284
19.086
19.269
19.865
20.748
21.7
22.506
23.03
23.243
23.216
23.065
22.897
22.751
22.587
22.32
21.886
21.289
20.624
20.041
19.675
19.568
19.636
19.711
19.629
19.313
18.813
18.3
18.011
18.127
18.658
19.431
20.175
20.651
20.737
20.463
20.006
19.63
19.578
19.937
20.591
21.296
21.809
21.986
21.819
21.416
20.947
20.569
20.356
20.278
20.24
20.151
19.968
19.712
19.435
19.177
18.943
18.701
18.422
18.126
17.897
17.865
18.132
18.691
19.4
20.037
20.388
20.328
19.876
19.211
18.637
18.471
18.869
19.719
20.713
21.523
21.931
21.879
21.464
20.882
20.343
19.97
19.751
19.574
19.317
18.932
18.479
18.094
17.901
17.927
18.068
18.148
18.008
17.587
16.958
16.315
15.901
15.886
16.257
16.82
17.322
17.571
17.508
17.219
16.897
16.745
16.862
17.17
17.471
17.563
17.358
16.936
16.541
16.466
16.881
17.686
18.573
19.193
19.306
18.852
17.969
16.968
16.235
16.051
16.414
17.054
17.618
17.848
17.655
17.121
16.459
15.944
15.795
16.072
16.662
17.355
17.953
18.322
18.394
18.158
17.634
16.87
15.948
15.011
14.276
14.005
14.379
15.364
16.701
18.039
19.066
19.583
19.536
19.03
18.308
17.68
17.391
17.481
17.766
17.96
17.847
17.376
16.689
16.071
15.808
15.996
16.467
16.903
17.027
16.735
16.133
15.505
15.193
15.377
15.934
16.515
16.756
16.435
15.549
14.334
13.25
12.814
13.253
14.287
15.383
16.105
16.261
15.928
15.416
15.151
15.424
16.172
17.028
17.577
17.573
17.034
16.254
15.707
15.781
16.47
17.372
17.993
18.02
17.435
16.532
15.812
15.722
16.305
17.164
17.791
17.862
17.362
16.581
16.002
16.02
16.637
17.46
17.996
17.919
17.168
15.96
14.728
13.959
13.898
14.36
14.908
15.177
15.028
14.569
14.078
13.867
14.084
14.624
15.229
15.667
15.847
15.828
15.767
15.824
16.064
16.433
16.819
17.138
17.382
17.598
17.824
18.027
18.103
17.935
17.493
16.902
16.437
16.409
16.944
17.863
18.793
19.383
19.444
18.999
18.258
17.518
17.014
16.795
16.732
16.662
16.536
16.466
16.63
17.1
17.745
18.28
18.428
18.053
17.23
16.24
15.47
15.204
15.412
15.779
15.934
15.659
14.969
14.111
13.473
13.372
13.832
14.574
15.236
15.57
15.512
15.164
14.729
14.412
14.314
14.385
14.485
14.481
14.329
14.092
13.901
13.877
14.051
14.344
14.613
14.744
14.707
14.582
14.528
14.701
15.151
15.771
16.348
16.667
16.608
16.205
15.675
15.363
15.578
16.372
17.477
18.483
19.045
19.002
18.42
17.578
16.876
16.647
16.946
17.538
18.101
18.434
18.531
18.532
18.593
18.748
18.877
18.799
18.416
17.818
17.281
17.124
17.468
18.109
18.649
18.738
18.242
17.309
16.335
15.792
15.926
16.553
17.227
17.551
17.362
16.757
16.027
15.506
15.372
15.534
15.73
15.723
15.431
14.948
14.487
14.262
14.361
14.706
15.122
15.441
15.559
15.438
15.086
14.553
13.934
13.375
13.055
13.102
13.504
14.09
14.627
14.942
14.996
14.905
14.876
15.089
15.561
16.125
16.549
16.667
16.472
16.117
15.836
15.805
16.023
16.326
16.527
16.546
16.457
16.423
16.565
16.851
17.115
17.179
16.992
16.68
16.499
16.67
17.216
17.938
18.576
18.969
19.124
19.169
19.246
19.391
19.521
19.52
19.36
19.166
19.162
19.514
20.188
20.959
21.554
21.803
21.705
21.39
21.026
20.708
20.426
20.125
19.803
19.557
19.52
19.735
20.087
20.37
20.429
20.272
20.076
20.062
20.31
20.677
20.899
20.797
20.424
20.071
20.085
20.573
21.254
21.639
21.325
20.223
18.666
17.383
17.164
18.203
19.891
21.393
22.149
22.002
21.155
20.065
19.254
19.045
19.397
19.998
20.504
20.691
20.471
19.859
18.947
17.901
16.962
16.39
16.334
16.713
17.259
17.688
17.859
17.822
17.772
17.898
18.229
18.588
18.703
18.363
17.529
16.363
15.182
14.339
14.032
14.199
14.607
15.036
15.383
15.651
15.884
16.119
16.35
16.537
16.613
16.509
16.174
15.613
14.918
14.279
13.91
13.912
14.168
14.395
14.326
13.865
13.171
12.628
12.637
13.273
14.189
14.895
15.053
14.593
13.717
12.815
12.257
12.121
12.126
11.882
11.159
10.031
8.9024
8.4036
8.9
10.065
11.276
12.078
12.272
11.863
11.015
10.023
9.2598
9.0387
9.3896
10.025
10.561
10.718
