26.511
27.34
27.85
28.126
28.325
28.549
28.775
28.901
28.869
28.759
28.761
29.041
29.588
30.191
30.586
30.66
30.556
30.602
31.072
31.919
32.757
33.104
32.723
31.85
31.217
31.703
33.648
36.488
39.155
40.708
40.686
39.249
37.162
35.573
35.442
36.86
39.033
40.963
42.023
42.133
41.667
41.206
41.217
41.821
42.817
43.902
44.877
45.69
46.348
46.816
47.003
46.855
46.479
46.201
46.444
47.47
49.15
50.996
52.421
53.04
52.846
52.217
51.741
51.899
52.777
54.044
55.208
55.932
56.208
56.316
56.623
57.322
58.301
59.225
59.777
59.855
59.639
59.482
59.687
60.32
61.178
61.957
62.468
62.761
63.075
63.662
64.576
65.589
66.302
66.365
65.667
64.423
63.109
62.265
62.239
63.032
64.342
65.775
67.044
68.041
68.794
69.364
69.759
69.924
69.798
69.401
68.877
68.467
68.396
68.744
69.38
70.011
70.328
70.155
69.541
68.758
68.189
68.145
68.703
69.665
70.677
71.415
71.73
71.689
71.506
71.395
71.439
71.545
71.509
71.153
70.435
69.475
68.489
67.671
67.097
66.716
66.425
66.158
65.931
65.802
65.802
65.887
65.963
65.968
65.931
65.957
66.123
66.361
66.436
66.041
64.99
63.381
61.647
60.398
60.092
60.705
61.696
62.316
62.015
60.707
58.819
57.11
56.261
56.436
57.171
57.709
57.485
56.445
55.086
54.225
54.502
55.933
57.882
59.486
60.128
59.68
58.505
57.252
56.504
56.438
56.765
56.988
56.775
56.182
55.632
55.655
56.509
57.977
59.495
60.507
60.77
60.484
60.181
60.434
61.494
63.111
64.693
65.636
65.606
64.648
63.126
61.553
60.362
59.762
59.752
60.264
61.286
62.843
64.861
67.042
68.885
69.86
69.635
68.266
66.271
64.525
63.901
64.777
66.763
68.931
70.327
70.39
69.15
67.225
65.615
65.245
66.438
68.704
71.054
72.531
72.575
71.166
68.786
66.237
64.332
63.531
63.754
64.505
65.222
65.555
65.462
65.123
64.767
64.494
64.218
63.733
62.863
61.592
60.109
58.741
57.81
57.474
57.66
58.133
58.633
58.988
59.146
59.131
58.976
58.689
58.28
57.829
57.538
57.702
58.562
60.128
62.078
63.849
64.848
64.68
63.318
61.189
59.117
58.068
58.675
60.851
63.846
66.693
68.644
69.379
69.037
68.105
67.209
66.85
67.197
68.058
69.047
69.82
70.222
70.311
70.282
70.33
70.531
70.799
70.94
70.755
70.137
69.118
67.859
66.578
65.46
64.592
63.944
63.426
62.958
62.53
62.202
62.047
62.077
62.197
62.226
61.98
61.374
60.493
59.587
58.974
58.886
59.314
59.993
60.525
60.586
60.101
59.322
58.771
59.012
60.332
62.543
65.065
67.225
68.552
68.949
68.697
68.323
68.333
68.936
69.933
70.857
71.251
70.912
69.977
68.839
67.931
67.483
67.417
67.461
67.405
67.299
67.467
68.292
69.897
71.946
73.74
74.525
73.807
71.566
68.311
64.973
62.569
61.707
62.224
63.336
64.155
64.149
63.333
62.209
61.49
61.692
62.794
64.252
65.326
65.478
64.63
63.226
62.097
62.068
63.461
65.841
68.253
69.704
69.565
67.769
64.866
61.913
60.126
60.287
62.272
65.186
67.958
69.846
70.619
70.516
70.049
69.731
69.819
70.206
70.531
70.398
69.581
68.117
66.283
64.489
63.113
62.367
62.239
62.554
63.082
63.636
64.103
64.425
64.573
64.524
64.27
63.844
63.343
62.928
62.781
63.036
63.705
64.653
65.629
66.351
66.6
66.301
65.567
64.694
64.096
64.173
65.142
66.92
69.131
71.239
72.719
73.208
72.605
71.12
69.254
67.687
67.03
67.533
68.926
70.529
71.548
71.366
69.732
66.853
63.389
60.324
58.638
58.816
60.537
62.878
64.817
65.646
65.156
63.677
61.98
61.011
61.446
63.273
65.787
67.978
68.994
68.437
66.491
63.918
61.869
61.417
62.954
65.945
69.296
71.945
73.235
73.023
71.61
69.575
67.522
65.839
64.57
63.49
62.33
60.986
59.626
58.616
58.319
58.868
60.048
61.399
62.432
62.83
62.557
61.863
61.189
60.983
61.494
62.643
64.083
65.387
66.247
66.598
66.618
66.62
66.883
67.484
68.246
68.83
68.912
68.338
67.194
65.784
64.498
63.639
63.28
63.244
63.221
62.932
62.256
61.266
60.181
59.26
58.68
58.459
58.462
58.487
58.365
58.043
57.604
57.234
57.14
57.458
58.182
59.163
60.172
60.982
61.448
61.538
61.331
60.985
60.67
60.515
60.556
60.729
60.898
60.906
60.63
60.032
59.175
58.219
57.374
56.831
56.681
56.874
57.225
57.49
57.45
57.003
56.212
55.316
54.679
54.653
55.409
56.814
58.452
59.792
60.386
60.043
58.935
57.599
56.8
57.203
58.983
61.694
64.495
66.529
67.202
66.302
64.009
60.824
57.422
54.448
52.298
50.985
50.218
49.617
48.928
48.119
47.368
46.947
47.08
47.807
48.955
50.209
51.238
51.814
51.878
51.558
51.124
50.888
51.068
51.691
52.581
53.456
54.057
54.248
54.051
53.622
53.172
52.873
52.785
52.834
52.856
52.668
52.14
51.235
50.022
48.67
47.415
46.513
46.175
46.493
47.41
48.718
50.128
51.336
52.105
52.314
51.993
51.326
50.61
50.161
50.189
50.693
51.45
52.11
52.331
51.895
50.776
49.148
47.342
45.754
44.711
44.343
44.543
45.036
45.515
45.775
45.771
45.63
45.59
45.885
46.621
47.695
48.823
49.654
49.906
49.468
48.451
47.171
46.055
45.472
45.566
46.185
46.967
47.514
47.547
46.974
45.897
44.566
43.294
42.358
41.9
41.883
42.129
42.407
42.54
42.472
42.294
42.215
42.476
43.225
44.422
45.832
47.115
47.944
48.112
47.586
46.512
45.182
43.947
43.102
42.78
42.913
43.279
43.615
43.709
43.456
42.879
42.114
41.376
40.904
40.883
41.387
42.339
43.542
44.741
45.69
46.204
46.183
45.614
44.572
43.204
41.706
40.301
39.202
38.567
38.46
38.833
39.546
40.411
41.238
41.873
42.226
42.282
42.098
41.783
41.473
41.272
41.216
41.244
41.229
41.025
40.533
39.761
38.829
37.954
37.369
37.23
37.539
38.141
38.797
39.281
39.45
39.279
38.867
38.401
38.104
38.145
38.561
39.22
39.864
40.203
40.026
39.293
38.186
37.098
36.518
36.804
37.969
39.643
41.263
42.293
42.376
41.389
39.454
36.919
34.324
32.319
31.468
31.98
33.577
35.666
37.621
38.969
39.472
39.143
38.239
37.202
36.521
36.529
37.232
38.319
39.332
39.873
39.716
38.841
37.414
35.738
34.174
33.052
32.579
32.774
33.492
34.499
35.561
36.512
37.271
37.838
38.258
38.578
38.807
38.906
38.8
38.417
37.731
36.782
35.682
34.584
33.641
32.966
32.601
32.52
32.654
32.918
33.241
33.579
33.916
34.256
34.616
35.012
35.443
35.894
36.335
36.734
37.06
37.29
37.405
37.387
37.219
36.892
36.417
35.838
35.237
34.736
34.481
34.61
35.21
36.271
37.666
39.176
40.529
41.467
41.8
41.446
40.456
39.01
37.392
35.916
34.844
34.29
34.2
34.394
34.66
34.833
34.838
34.699
34.53
34.506
34.807
35.544
36.693
38.077
39.411
40.386
40.759
40.407
39.365
37.827
36.11
34.577
33.527
33.092
33.198
33.628
34.13
34.503
34.636
34.514
34.203
33.839
33.593
33.62
33.997
34.67
35.464
36.136
36.454
36.269
35.552
34.41
33.067
31.821
30.975
30.749
31.209
32.264
33.704
35.274
36.723
37.843
38.497
38.643
38.34
37.751
37.097
36.596
36.384
36.456
36.683
36.864
36.811
36.405
35.62
34.517
33.226
31.911
30.738
29.849
29.331
29.215
29.469
30.018
30.758
31.579
32.374
33.053
33.544
33.803
33.816
33.603
33.221
32.757
32.319
32.013
31.918
32.064
32.42
32.897
33.378
33.748
33.918
33.846
33.544
33.07
32.514
31.974
31.527
31.214
31.034
30.951
30.913
30.875
30.814
30.736
30.681
30.7
30.839
31.113
31.49
31.893
32.22
32.38
32.313
32.014
31.533
30.964
30.423
30.019
29.824
29.854
30.061
30.349
30.598
30.69
30.54
30.112
29.429
28.571
27.659
26.822
26.169
25.756
25.585
25.613
25.781
26.036
26.338
26.662
26.988
27.297
27.564
27.764
27.875
27.884
27.797
27.64
27.459
27.306
27.229
27.251
27.365
27.534
27.7
27.8
27.783
27.62
27.322
26.947
26.606
26.447
26.616
27.196
28.166
29.395
30.689
31.849
32.715
33.196
33.271
32.978
32.397
31.632
30.795
29.989
29.299
28.781
28.452
28.293
28.259
28.298
28.364
28.432
28.491
28.54
28.582
28.612
28.622
28.597
28.525
28.399
28.221
28.01
27.809
27.676
27.673
27.838
28.164
28.588
29.007
29.309
29.407
29.259
28.875
28.313
27.665
27.034
26.519
26.196
26.11
26.261
26.607
27.069
27.554
27.968
28.24
28.327
28.224
27.953
27.562
27.109
26.655
26.253
25.943
25.75
25.682
25.738
25.901
26.149
26.443
26.731
26.949
27.033
26.93
26.617
26.108
25.452
24.734
24.054
23.513
23.202
23.179
23.463
24.025
24.783
25.62
26.4
26.997
27.319
27.32
27.011
26.45
25.737
24.991
24.328
23.849
23.619
23.666
23.985
24.538
25.267
26.1
26.952
27.733
28.359
28.753
28.864
28.672
28.194
27.485
26.636
25.756
24.962
24.355
24.007
23.948
24.164
24.596
25.157
25.746
26.267
26.648
26.846
26.862
26.727
26.497
26.231
25.98
25.776
25.623
25.505
25.391
25.241
25.02
24.706
24.297
23.822
23.341
22.93
22.669
22.609
22.758
23.077
23.496
23.932
24.311
24.581
24.711
24.695
24.549
24.306
24.017
23.748
23.563
23.517
23.635
23.903
24.273
24.673
25.027
25.269
25.357
25.276
25.033
24.656
24.187
23.673
23.167
22.724
22.402
22.253
22.316
22.599
23.069
23.654
24.252
24.758
25.08
25.16
24.984
24.581
24.02
23.391
22.792
22.313
22.027
21.976
22.176
22.61
23.228
23.951
24.68
25.308
25.743
25.919
25.808
25.421
24.803
24.027
23.177
22.34
21.587
20.974
20.529
20.262
20.163
20.211
20.376
20.625
20.926
21.244
21.552
21.827
22.052
22.222
22.339
22.416
22.472
22.535
22.636
22.806
23.064
23.418
23.853
24.335
24.816
25.247
25.582
25.787
25.846
25.763
25.558
25.273
24.961
24.681
24.486
24.41
24.459
24.608
24.807
25
25.129
25.151
25.039
24.787
24.406
23.929
23.406
22.896
22.46
22.146
21.981
21.96
22.053
22.215
22.396
22.554
22.665
22.724
22.742
22.748
22.773
22.846
22.977
23.163
23.382
23.608
23.814
23.983
24.108
24.194
24.255
24.316
24.411
24.575
24.836
25.202
25.657
26.156
26.642
27.056
27.353
27.504
27.503
27.361
27.103
26.774
26.431
26.149
25.999
26.037
26.281
26.705
27.244
27.811
28.323
28.711
28.925
28.935
28.73
28.316
27.722
26.996
26.209
25.436
24.75
24.201
23.811
23.578
23.483
23.504
23.619
23.809
24.054
24.337
24.644
24.965
25.301
25.651
26.011
26.365
26.693
26.975
27.199
27.363
27.48
27.563
27.623
27.663
27.676
27.651
27.578
27.455
27.286
27.086
26.877
26.691
26.57
26.552
26.671
26.941
27.347
27.847
28.38
28.872
29.253
29.46
29.45
29.202
28.724
28.059
27.285
26.505
25.834
25.374
25.184
25.275
25.61
26.12
26.722
27.335
27.877
28.277
28.479
28.454
28.217
27.828
27.388
27.019
26.825
26.863
27.119
27.522
27.971
28.366
28.628
28.71
28.596
28.299
27.858
27.345
26.86
26.524
26.451
26.719
27.334
28.219
29.237
30.223
31.024
31.529
31.679
31.48
30.992
30.323
29.61
28.998
28.609
28.521
28.753
29.264
29.963
30.734
31.454
32.013
32.328
32.352
32.081
31.55
30.828
30.001
29.161
28.386
27.733
27.234
26.901
26.728
26.709
26.831
27.084
27.453
27.919
28.457
29.031
29.601
30.124
30.558
30.87
31.041
31.069
30.974
30.79
30.566
30.35
30.178
30.067
30.009
29.979
29.943
29.878
29.773
29.638
29.499
29.384
29.323
29.33
29.409
29.552
29.743
29.964
30.195
30.418
30.617
30.783
30.907
30.987
31.025
31.028
31.006
30.97
30.936
30.914
30.911
30.927
30.958
30.999
31.042
31.085
31.124
31.159
31.185
31.198
31.192
31.168
31.132
31.097
31.084
31.115
31.205
31.361
31.576
31.827
32.08
32.297
32.443
32.496
32.45
32.322
32.145
31.963
31.821
31.75
31.764
31.856
32.004
32.179
32.355
32.522
32.686
32.867
33.09
33.375
33.728
34.134
34.56
34.954
35.26
35.423
35.404
35.198
34.844
34.43
34.088
33.954
34.122
34.596
35.274
35.98
36.519
36.727
36.512
35.867
34.868
33.659
32.43
31.387
30.712
30.523
30.835
31.546
32.469
33.38
34.075
34.408
34.321
33.85
33.122
32.332
31.698
31.406
31.549
32.099
32.917
33.808
34.572
35.053
35.159
34.879
34.274
33.462
32.596
31.824
31.257
30.954
30.914
31.094
31.43
31.858
32.322
32.778
33.199
33.574
33.908
34.219
34.527
34.849
35.19
35.537
35.863
36.13
36.293
36.314
36.159
35.813
35.276
34.572
33.747
32.868
32.025
31.316
30.837
30.657
30.798
31.222
31.829
32.487
33.054
33.417
33.508
33.326
32.933
32.452
32.042
31.859
32.01
32.512
33.279
34.149
34.931
35.452
35.594
35.314
34.651
33.719
32.687
31.746
31.074
30.789
30.923
31.422
32.167
33.012
33.819
34.48
34.929
35.153
35.185
35.092
34.956
34.851
34.817
34.853
34.92
34.956
34.898
34.706
34.366
33.905
33.377
32.864
32.454
32.232
32.254
32.531
33.024
33.644
34.274
34.785
35.07
35.062
34.748
34.182
33.474
32.782
32.277
32.096
32.301
32.856
33.636
34.462
35.151
35.547
35.55
35.133
34.341
33.294
32.173
31.188
30.534
30.34
30.628
31.315
32.244
33.241
34.154
34.87
35.328
35.512
35.444
35.174
34.773
34.317
33.879
33.518
33.273
33.155
33.161
33.273
33.47
33.739
34.071
34.467
34.923
35.422
35.928
36.38
36.701
36.806
36.627
36.125
35.316
34.279
33.159
32.16
31.497
31.342
31.751
32.637
33.797
34.973
35.921
36.456
36.485
36.021
35.183
34.187
33.295
32.753
32.694
33.093
33.778
34.512
35.079
35.344
35.269
34.909
34.374
33.794
33.274
32.866
32.564
32.325
32.1
31.87
31.66
31.543
31.608
31.921
32.485
33.219
33.985
34.632
35.044
35.181
35.089
34.894
34.763
34.842
35.199
35.789
36.456
36.991
37.193
36.931
36.195
35.118
33.97
33.095
32.777
33.099
33.886
34.78
35.408
35.506
34.994
33.983
32.739
31.608
30.891
30.726
31.035
31.584
32.09
32.326
32.177
31.667
30.96
30.342
30.141
30.593
31.708
33.243
34.807
36.017
36.617
36.548
35.96
35.187
34.638
34.642
35.282
36.351
37.461
38.206
38.294
37.615
36.263
34.531
32.868
31.764
31.554
32.24
33.496
34.844
35.858
36.278
36.044
35.267
34.176
33.037
32.057
31.314
30.756
30.249
29.674
28.995
28.293
27.755
27.606
28.007
28.955
30.266
31.635
32.751
33.382
33.444
33.03
32.402
31.93
31.948
32.59
33.705
34.934
35.868
36.195
35.775
34.672
33.142
31.582
30.425
29.976
30.264
31.032
31.87
32.394
32.35
31.676
30.505
29.154
28.056
27.615
28.006
29.072
30.411
31.57
32.207
32.151
31.433
30.264
29
28.052
27.735
28.125
29.019
30.051
30.85
31.154
30.861
30.045
28.937
27.887
27.262
27.298
27.987
29.088
30.251
31.165
31.635
31.61
31.174
30.513
29.857
29.41
29.284
29.468
29.85
30.273
30.595
30.725
30.621
30.288
29.748
29.04
28.21
27.333
26.528
25.955
25.786
26.126
26.949
28.079
29.244
30.167
30.632
30.54
29.933
28.998
28.047
27.436
27.435
28.087
29.184
30.364
31.269
31.659
31.475
30.867
30.164
29.779
30.028
30.947
32.252
33.484
34.205
34.132
33.206
31.608
29.743
28.152
27.329
27.471
28.362
29.517
30.441
30.793
30.45
29.496
28.196
26.925
26.05
25.771
26.021
26.517
26.928
27.034
26.804
26.405
26.126
26.233
26.802
27.654
28.447
28.828
28.569
27.634
26.205
24.656
23.471
23.051
23.497
24.55
25.769
26.748
27.244
27.209
26.782
26.247
25.948
26.158
26.937
28.099
29.307
30.209
30.544
30.198
29.223
27.836
26.385
25.269
24.806
25.08
25.901
26.919
27.778
28.215
28.094
27.409
26.274
24.903
23.585
22.622
22.237
22.469
23.158
24.02
24.763
25.167
25.124
24.652
23.886
23.055
22.422
22.191
22.415
22.98
23.673
24.286
24.692
24.869
24.886
24.864
24.913
25.081
25.331
25.563
25.658
25.53
25.152
24.571
23.895
23.269
22.824
22.644
22.733
23.022
23.406
23.779
24.066
24.229
24.265
24.196
24.054
23.868
23.658
23.426
23.161
22.837
22.423
21.892
21.233
20.462
19.625
18.804
18.105
17.636
17.481
17.674
18.193
18.97
19.915
20.926
21.908
22.763
23.405
23.765
23.807
23.545
23.062
22.509
22.08
21.955
22.216
22.805
23.543
24.215
24.647
24.762
24.588
24.238
23.854
23.539
23.306
23.079
22.743
22.218
21.511
20.736
20.077
19.705
19.685
19.924
20.225
20.395
20.337
20.095
19.852
19.85
20.268
21.093
22.123
23.061
23.653
23.776
23.477
22.965
22.545
22.482
22.855
23.508
24.144
24.485
24.375
23.833
23.031
22.229
21.662
21.424
21.43
21.482
21.389
21.056
20.509
19.866
19.279
18.852
18.606
18.485
18.422
18.391
18.43
18.603
18.939
19.381
19.792
20.007
19.918
19.532
19.002
18.6
18.603
19.128
20.041
21.032
21.78
22.08
21.9
21.377
20.763
20.311
20.147
20.199
20.259
20.12
19.689
19.041
18.393
17.997
17.995
18.314
18.708
18.906
18.739
18.21
17.497
16.903
16.715
17.04
17.729
18.479
19.009
19.17
18.978
18.591
18.228
18.056
18.09
18.188
18.159
17.885
17.407
16.937
16.766
17.087
17.83
18.696
19.324
19.455
19.017
18.149
17.177
16.509
16.439
16.948
17.726
18.39
18.661
18.444
17.825
17.039
16.393
16.15
16.401
17.031
17.809
18.508
18.964
19.09
18.854
18.27
17.393
16.338
15.309
14.599
14.515
15.19
16.466
17.978
19.338
20.252
20.573
20.324
19.691
18.976
18.495
18.418
18.671
18.99
19.089
18.81
18.185
17.44
16.904
16.83
17.218
17.806
18.248
18.299
17.911
17.259
16.678
16.504
16.853
17.515
18.094
18.225
17.716
16.617
15.242
14.125
13.806
14.425
15.579
16.678
17.295
17.289
16.813
16.256
16.072
16.491
17.334
18.158
18.554
18.341
17.643
16.864
16.526
16.924
17.869
18.847
19.375
19.232
18.53
17.691
17.268
17.59
18.484
19.424
19.908
19.698
18.9
17.939
17.386
17.606
18.458
19.409
19.918
19.681
18.709
17.311
16.018
15.35
15.474
16.076
16.644
16.817
16.516
15.94
15.461
15.42
15.886
16.616
17.247
17.511
17.342
16.875
16.377
16.114
16.197
16.538
16.952
17.296
17.544
17.755
17.976
18.162
18.18
17.901
17.315
16.628
16.239
16.537
17.59
19.052
20.415
21.271
21.447
21.016
20.244
19.464
18.902
18.564
18.284
17.905
17.445
17.115
17.188
17.746
18.568
19.258
19.473
19.083
18.233
17.306
16.763
16.852
17.411
18
18.209
17.843
16.986
15.96
15.202
15.02
15.383
15.968
16.421
16.551
16.369
16.046
15.79
15.721
15.799
15.878
15.82
15.595
15.304
15.116
15.159
15.419
15.739
15.921
15.845
15.53
15.142
14.929
15.082
15.607
16.318
16.948
17.275
17.193
16.743
16.11
15.592
15.498
15.984
16.941
18.058
18.983
19.452
19.356
18.767
17.931
17.2
16.882
17.07
17.591
18.158
18.55
18.702
18.68
18.588
18.469
18.271
17.898
17.333
16.721
16.355
16.509
17.191
18.09
18.764
18.877
18.344
17.379
16.451
16.082
16.478
17.353
18.172
18.509
18.212
17.432
16.54
15.955
15.878
16.153
16.412
16.345
15.864
15.132
14.491
14.276
14.589
15.226
15.851
16.189
16.124
15.682
14.991
14.22
13.527
13.03
12.802
12.86
13.16
13.591
14.011
14.296
14.4
14.375
14.354
14.477
14.787
15.195
15.528
15.639
15.493
15.19
14.926
14.885
15.12
15.528
15.941
16.238
16.404
16.503
16.598
16.689
16.709
16.585
16.323
16.049
15.959
16.186
16.696
17.293
17.753
17.952
17.909
17.755
17.631
17.586
17.553
17.435
17.213
17.015
17.063
17.517
18.337
19.286
20.08
20.53
20.598
20.372
20.002
19.615
19.278
19.018
18.87
18.886
19.083
19.38
19.603
19.576
19.226
18.665
18.163
18.003
18.267
18.767
19.184
19.306
19.154
18.968
19.03
19.422
19.921
20.142
19.798
18.876
17.716
16.916
16.992
17.933
19.215
20.236
20.639
20.391
19.727
19.016
18.571
18.495
18.671
18.904
19.045
19.027
18.815
18.367
17.653
16.712
15.724
14.991
14.784
15.128
15.748
16.28
16.5
16.419
16.253
16.262
16.538
16.913
17.066
16.724
15.804
14.464
13.082
12.139
11.94
12.393
13.131
13.828
14.344
14.688
14.931
15.122
15.25
15.262
15.104
14.756
14.249
13.673
13.164
12.86
12.83
13.01
13.211
13.212
12.873
12.22
11.49
11.069
11.258
11.98
12.826
13.352
13.294
12.636
11.604
10.597
9.9953
9.8755
9.9395
9.7878
9.2004
8.2549
7.357
7.1212
7.8444
9.148
10.449
11.346
11.653
11.353
10.57
9.5655
8.7153
8.3913
8.6909
9.322
9.8469
9.9381
