34.732
36.438
37.711
38.392
38.65
38.778
38.947
39.098
39.064
38.789
38.466
38.448
38.971
39.929
40.917
41.528
41.641
41.497
41.526
41.989
42.724
43.259
43.205
42.646
42.265
43.023
45.403
48.89
52.275
54.368
54.526
52.883
50.366
48.417
48.26
50.047
52.8
55.251
56.603
56.788
56.343
56.058
56.505
57.731
59.338
60.844
61.988
62.79
63.41
63.952
64.375
64.576
64.581
64.661
65.256
66.702
68.935
71.447
73.545
74.714
74.882
74.475
74.224
74.756
76.196
78.082
79.687
80.486
80.46
80.131
80.278
81.443
83.541
85.893
87.654
88.306
87.92
87.131
86.789
87.451
89.02
90.848
92.211
92.784
92.831
93.035
94.019
95.849
97.91
99.244
99.11
97.402
94.794
92.522
91.808
93.149
96.035
99.362
102.12
103.82
104.55
104.74
104.76
104.72
104.47
103.86
102.96
102.17
101.99
102.64
103.83
104.87
105.08
104.23
102.72
101.48
101.42
102.87
105.26
107.51
108.66
108.38
107.1
105.82
105.5
106.45
108.14
109.51
109.69
108.38
106.06
103.68
102.17
101.9
102.47
103.09
103.11
102.38
101.25
100.29
99.87
99.92
100.05
99.912
99.463
99.04
99.066
99.669
100.48
100.8
100.04
98.112
95.601
93.535
92.816
93.583
95.057
96.021
95.539
93.44
90.419
87.735
86.508
86.974
88.306
89.209
88.737
86.801
84.232
82.403
82.426
84.365
87.184
89.459
90.165
89.084
86.805
84.392
82.817
82.403
82.711
82.966
82.67
81.938
81.422
81.841
83.409
85.592
87.437
88.164
87.626
86.454
85.783
86.603
89.056
92.273
94.904
95.834
94.66
91.81
88.371
85.61
84.337
84.507
85.433
86.422
87.271
88.324
90.077
92.635
95.432
97.449
97.74
95.941
92.56
88.956
86.86
87.418
90.362
94.181
97.09
97.902
96.428
93.498
90.645
89.418
90.493
93.257
96.261
98.081
97.92
95.795
92.446
89.016
86.56
85.564
85.765
86.438
86.885
86.776
86.197
85.488
84.965
84.698
84.466
83.902
82.717
80.872
78.628
76.45
74.817
74.012
74.003
74.506
75.149
75.639
75.832
75.711
75.33
74.761
74.088
73.443
73.034
73.121
73.905
75.389
77.3
79.139
80.355
80.542
79.613
77.884
76.043
74.954
75.286
77.156
80.042
83.074
85.423
86.596
86.551
85.661
84.563
83.884
83.97
84.744
85.801
86.672
87.075
87.041
86.864
86.909
87.373
88.125
88.748
88.745
87.793
85.914
83.51
81.229
79.681
79.121
79.315
79.689
79.669
78.973
77.718
76.346
75.368
75.059
75.282
75.574
75.431
74.598
73.223
71.811
70.983
71.109
72.053
73.237
73.978
73.863
72.981
71.936
71.6
72.635
75.048
78.154
80.968
82.708
83.102
82.477
81.595
81.281
81.96
83.404
84.894
85.675
85.352
84.073
82.445
81.219
80.867
81.321
82.079
82.602
82.682
82.571
82.806
83.806
85.504
87.282
88.273
87.784
85.622
82.229
78.586
75.853
74.795
75.321
76.58
77.522
77.467
76.377
74.83
73.727
73.788
75.088
76.993
78.546
78.978
78.072
76.289
74.646
74.291
75.831
78.89
82.301
84.731
85.237
83.567
80.268
76.596
74.144
74.101
76.513
80.287
83.941
86.334
87.008
86.208
84.698
83.415
83.023
83.585
84.575
85.213
84.864
83.293
80.732
77.79
75.232
73.676
73.329
73.933
74.957
75.876
76.366
76.355
75.971
75.43
74.92
74.534
74.271
74.088
73.976
74
74.276
74.894
75.84
76.946
77.938
78.54
78.608
78.225
77.727
77.608
78.311
79.98
82.332
84.75
86.522
87.103
86.308
84.399
82.047
80.15
79.466
80.226
81.972
83.788
84.705
84.058
81.668
77.915
73.688
70.184
68.479
68.978
71.164
73.93
76.151
77.085
76.53
74.829
72.752
71.241
71.009
72.164
74.15
76.064
77.09
76.807
75.334
73.311
71.707
71.422
72.813
75.484
78.531
81.002
82.242
82.033
80.57
78.326
75.856
73.588
71.689
70.084
68.607
67.179
65.905
65.038
64.824
65.322
66.319
67.4
68.124
68.198
67.585
66.521
65.449
64.848
65.023
65.956
67.318
68.646
69.549
69.856
69.655
69.23
68.912
68.908
69.19
69.52
69.585
69.153
68.187
66.858
65.471
64.324
63.569
63.147
62.84
62.398
61.663
60.639
59.482
58.43
57.687
57.34
57.318
57.444
57.515
57.401
57.082
56.656
56.284
56.118
56.228
56.568
56.997
57.345
57.486
57.383
57.097
56.752
56.476
56.335
56.296
56.238
55.998
55.439
54.499
53.227
51.779
50.378
49.253
48.553
48.293
48.346
48.49
48.495
48.199
47.56
46.683
45.802
45.215
45.173
45.742
46.747
47.818
48.538
48.601
47.935
46.77
45.615
45.101
45.683
47.349
49.604
51.726
53.065
53.227
52.141
50.034
47.355
44.644
42.353
40.702
39.628
38.89
38.246
37.584
36.956
36.519
36.437
36.773
37.442
38.235
38.907
39.26
39.213
38.831
38.312
37.93
37.93
38.409
39.268
40.257
41.093
41.568
41.614
41.31
40.84
40.418
40.203
40.242
40.457
40.696
40.793
40.628
40.153
39.397
38.464
37.509
36.714
36.248
36.225
36.659
37.452
38.412
39.309
39.932
40.147
39.928
39.379
38.709
38.174
37.979
38.181
38.654
39.15
39.398
39.208
38.529
37.461
36.223
35.082
34.263
33.861
33.816
33.955
34.088
34.087
33.932
33.712
33.584
33.7
34.126
34.794
35.521
36.078
36.277
36.039
35.421
34.611
33.869
33.434
33.42
33.763
34.263
34.674
34.801
34.557
33.972
33.168
32.323
31.607
31.132
30.92
30.904
30.968
31.003
30.954
30.848
30.794
30.948
31.447
32.326
33.487
34.717
35.756
36.382
36.466
36.003
35.124
34.058
33.081
32.423
32.185
32.303
32.592
32.833
32.852
32.574
32.034
31.371
30.787
30.489
30.608
31.142
31.952
32.814
33.497
33.825
33.713
33.177
32.319
31.298
30.285
29.424
28.798
28.428
28.288
28.331
28.514
28.8
29.154
29.533
29.888
30.164
30.316
30.32
30.186
29.95
29.67
29.402
29.18
29.009
28.867
28.728
28.585
28.462
28.404
28.457
28.635
28.91
29.214
29.469
29.614
29.633
29.559
29.465
29.441
29.549
29.791
30.093
30.318
30.315
29.981
29.315
28.456
27.678
27.309
27.58
28.478
29.735
30.944
31.724
31.819
31.146
29.802
28.051
26.296
24.999
24.532
25
26.182
27.663
29.026
29.971
30.362
30.242
29.814
29.381
29.242
29.552
30.25
31.091
31.77
32.045
31.799
31.067
30.012
28.887
27.965
27.461
27.465
27.921
28.674
29.537
30.36
31.056
31.609
32.056
32.446
32.811
33.133
33.351
33.377
33.14
32.616
31.847
30.935
30.025
29.263
28.756
28.547
28.606
28.853
29.19
29.522
29.784
29.94
29.994
29.98
29.959
29.998
30.155
30.457
30.887
31.388
31.873
32.252
32.45
32.427
32.187
31.784
31.313
30.899
30.673
30.748
31.181
31.96
32.995
34.139
35.219
36.073
36.579
36.68
36.39
35.79
35.01
34.192
33.457
32.872
32.444
32.133
31.88
31.64
31.399
31.178
31.029
31.019
31.213
31.645
32.303
33.115
33.962
34.694
35.167
35.269
34.951
34.237
33.23
32.094
31.024
30.199
29.73
29.631
29.829
30.195
30.59
30.9
31.049
31.012
30.82
30.561
30.364
30.362
30.639
31.182
31.871
32.519
32.938
32.993
32.641
31.947
31.063
30.204
29.59
29.393
29.681
30.408
31.423
32.525
33.505
34.197
34.51
34.45
34.127
33.723
33.438
33.412
33.658
34.061
34.428
34.563
34.337
33.712
32.742
31.56
30.338
29.254
28.454
28.026
27.982
28.27
28.793
29.437
30.098
30.693
31.169
31.5
31.685
31.741
31.699
31.601
31.494
31.426
31.433
31.535
31.721
31.951
32.16
32.272
32.218
31.955
31.478
30.826
30.081
29.351
28.749
28.358
28.214
28.293
28.524
28.817
29.085
29.266
29.341
29.334
29.307
29.343
29.517
29.863
30.359
30.929
31.468
31.878
32.097
32.113
31.968
31.749
31.557
31.485
31.587
31.86
32.243
32.631
32.907
32.966
32.742
32.228
31.472
30.573
29.659
28.857
28.261
27.915
27.81
27.899
28.122
28.424
28.757
29.083
29.37
29.588
29.709
29.716
29.609
29.408
29.16
28.929
28.784
28.779
28.933
29.226
29.6
29.974
30.266
30.412
30.377
30.172
29.853
29.523
29.311
29.339
29.683
30.333
31.197
32.128
32.966
33.583
33.9
33.896
33.602
33.089
32.453
31.796
31.214
30.774
30.507
30.399
30.399
30.441
30.464
30.43
30.332
30.19
30.042
29.927
29.877
29.901
29.995
30.136
30.295
30.448
30.578
30.691
30.808
30.96
31.169
31.436
31.731
31.998
32.178
32.219
32.102
31.841
31.478
31.076
30.703
30.419
30.27
30.276
30.439
30.73
31.101
31.489
31.819
32.025
32.056
31.882
31.506
30.959
30.297
29.592
28.924
28.372
27.999
27.849
27.937
28.242
28.705
29.233
29.711
30.023
30.078
29.826
29.27
28.471
27.532
26.587
25.773
25.213
24.991
25.139
25.629
26.375
27.25
28.106
28.806
29.244
29.364
29.165
28.694
28.044
27.327
26.664
26.163
25.905
25.936
26.265
26.864
27.683
28.652
29.695
30.726
31.655
32.389
32.84
32.942
32.662
32.011
31.054
29.896
28.677
27.543
26.628
26.028
25.787
25.891
26.268
26.808
27.38
27.859
28.15
28.203
28.02
27.653
27.183
26.7
26.281
25.968
25.769
25.664
25.614
25.57
25.49
25.338
25.101
24.789
24.447
24.139
23.941
23.912
24.073
24.403
24.843
25.322
25.77
26.134
26.386
26.515
26.534
26.47
26.366
26.276
26.254
26.341
26.554
26.878
27.264
27.648
27.961
28.146
28.168
28.018
27.707
27.265
26.73
26.144
25.55
24.993
24.522
24.19
24.047
24.126
24.425
24.894
25.444
25.961
26.341
26.507
26.427
26.119
25.643
25.084
24.534
24.078
23.78
23.687
23.826
24.202
24.789
25.521
26.299
27.006
27.53
27.782
27.718
27.34
26.694
25.857
24.926
24.001
23.17
22.499
22.029
21.772
21.712
21.813
22.026
22.294
22.562
22.786
22.931
22.978
22.921
22.769
22.541
22.268
21.991
21.757
21.615
21.607
21.756
22.064
22.508
23.043
23.616
24.166
24.639
24.989
25.18
25.199
25.05
24.763
24.391
24.001
23.66
23.421
23.309
23.322
23.427
23.579
23.726
23.816
23.806
23.666
23.383
22.97
22.469
21.942
21.463
21.101
20.899
20.87
20.992
21.22
21.501
21.782
22.023
22.199
22.304
22.35
22.363
22.37
22.397
22.453
22.539
22.643
22.757
22.875
22.995
23.124
23.267
23.434
23.637
23.888
24.191
24.539
24.909
25.267
25.576
25.806
25.938
25.966
25.894
25.728
25.484
25.186
24.876
24.612
24.452
24.438
24.576
24.834
25.147
25.446
25.67
25.774
25.733
25.531
25.166
24.644
23.994
23.265
22.526
21.849
21.293
20.888
20.637
20.524
20.529
20.643
20.857
21.158
21.52
21.91
22.291
22.636
22.936
23.188
23.397
23.561
23.679
23.747
23.765
23.743
23.695
23.634
23.569
23.5
23.423
23.335
23.231
23.11
22.973
22.822
22.669
22.537
22.459
22.474
22.611
22.878
23.255
23.694
24.132
24.508
24.769
24.878
24.817
24.59
24.224
23.769
23.296
22.891
22.634
22.581
22.75
23.12
23.635
24.224
24.81
25.317
25.68
25.847
25.787
25.501
25.026
24.438
23.84
23.339
23.02
22.923
23.026
23.268
23.559
23.817
23.973
23.985
23.841
23.553
23.167
22.751
22.398
22.208
22.269
22.631
23.287
24.172
25.171
26.152
26.988
27.578
27.863
27.835
27.537
27.055
26.503
26.006
25.672
25.573
25.736
26.139
26.72
27.393
28.06
28.629
29.023
29.192
29.12
28.822
28.341
27.739
27.081
26.428
25.828
25.316
24.91
24.625
24.464
24.431
24.523
24.728
25.03
25.402
25.806
26.203
26.551
26.813
26.961
26.983
26.881
26.679
26.417
26.149
25.926
25.791
25.763
25.831
25.961
26.109
26.236
26.324
26.374
26.408
26.454
26.541
26.683
26.884
27.135
27.422
27.726
28.029
28.31
28.553
28.743
28.873
28.942
28.963
28.955
28.943
28.953
29.005
29.104
29.243
29.401
29.545
29.646
29.676
29.621
29.479
29.258
28.98
28.671
28.364
28.095
27.899
27.807
27.845
28.021
28.333
28.756
29.251
29.768
30.252
30.655
30.94
31.088
31.103
31.011
30.849
30.661
30.489
30.36
30.288
30.271
30.296
30.347
30.412
30.487
30.578
30.698
30.855
31.051
31.273
31.499
31.695
31.826
31.858
31.766
31.538
31.185
30.75
30.316
29.992
29.887
30.062
30.496
31.075
31.628
31.976
31.98
31.574
30.775
29.677
28.43
27.218
26.232
25.628
25.501
25.854
26.592
27.554
28.546
29.393
29.97
30.219
30.164
29.896
29.56
29.31
29.277
29.522
30.026
30.696
31.397
31.993
32.37
32.463
32.259
31.795
31.151
30.426
29.722
29.122
28.682
28.43
28.372
28.497
28.787
29.212
29.734
30.304
30.875
31.399
31.84
32.178
32.408
32.543
32.604
32.611
32.575
32.489
32.327
32.057
31.648
31.087
30.384
29.582
28.751
27.984
27.385
27.054
27.064
27.427
28.088
28.926
29.783
30.503
30.964
31.107
30.94
30.549
30.073
29.681
29.522
29.683
30.155
30.835
31.564
32.169
32.505
32.487
32.098
31.396
30.495
29.553
28.731
28.166
27.931
28.027
28.388
28.911
29.486
30.02
30.445
30.732
30.884
30.93
30.915
30.888
30.881
30.907
30.955
30.999
31.002
30.932
30.771
30.515
30.18
29.799
29.418
29.094
28.886
28.841
28.986
29.313
29.774
30.29
30.76
31.086
31.191
31.041
30.653
30.1
29.505
29.017
28.778
28.879
29.327
30.041
30.872
31.646
32.203
32.425
32.257
31.715
30.887
29.925
29.017
28.35
28.057
28.184
28.672
29.394
30.198
30.945
31.537
31.92
32.081
32.037
31.827
31.504
31.119
30.725
30.365
30.076
29.885
29.811
29.861
30.032
30.311
30.674
31.092
31.528
31.944
32.294
32.531
32.608
32.482
32.123
31.526
30.719
29.775
28.812
27.981
27.443
27.319
27.652
28.383
29.361
30.387
31.262
31.82
31.963
31.673
31.029
30.2
29.418
28.917
28.851
29.226
29.901
30.656
31.272
31.602
31.588
31.265
30.731
30.113
29.53
29.065
28.747
28.565
28.485
28.483
28.557
28.739
29.07
29.577
30.245
30.998
31.724
32.299
32.639
32.722
32.606
32.416
32.307
32.406
32.761
33.31
33.899
34.335
34.439
34.107
33.344
32.29
31.212
30.438
30.241
30.693
31.614
32.655
33.446
33.723
33.39
32.526
31.357
30.188
29.308
28.879
28.886
29.159
29.471
29.625
29.514
29.15
28.659
28.257
28.186
28.602
29.485
30.628
31.719
32.459
32.663
32.319
31.598
30.825
30.375
30.51
31.246
32.34
33.413
34.099
34.153
33.499
32.244
30.675
29.222
28.35
28.365
29.248
30.663
32.138
33.258
33.768
33.592
32.824
31.672
30.393
29.209
28.239
27.478
26.834
26.214
25.589
25.034
24.713
24.817
25.463
26.613
28.074
29.566
30.809
31.606
31.887
31.731
31.357
31.065
31.122
31.634
32.488
33.403
34.054
34.191
33.709
32.68
31.34
30.043
29.159
28.934
29.364
30.204
31.088
31.677
31.751
31.259
30.328
29.246
28.397
28.131
28.598
29.659
30.965
32.12
32.813
32.891
32.374
31.44
30.387
29.542
29.152
29.278
29.766
30.336
30.693
30.63
30.075
29.112
27.967
26.966
26.433
26.555
27.285
28.366
29.455
30.255
30.58
30.388
29.767
28.911
28.065
27.453
27.202
27.301
27.625
28
28.274
28.361
28.241
27.944
27.521
27.015
26.451
25.851
25.256
24.751
24.462
24.516
24.979
25.796
26.797
27.75
28.434
28.702
28.52
27.982
27.302
26.772
26.659
27.089
27.974
29.05
29.998
30.563
30.635
30.285
29.758
29.393
29.483
30.113
31.089
32.035
32.554
32.374
31.42
29.852
28.045
26.52
25.754
25.936
26.843
27.99
28.891
29.222
28.875
27.956
26.753
25.653
25.006
24.96
25.378
25.929
26.268
26.19
25.698
25.009
24.476
24.425
24.962
25.886
26.807
27.327
27.191
26.354
25.001
23.532
22.467
22.25
22.983
24.369
25.917
27.184
27.901
28.002
27.615
27.028
26.609
26.669
27.31
28.368
29.501
30.338
30.598
30.155
29.058
27.527
25.918
24.642
24.024
24.145
24.807
25.65
26.319
26.562
26.265
25.446
24.239
22.873
21.63
20.786
20.51
20.794
21.456
22.232
22.877
23.222
23.2
22.848
22.292
21.719
21.324
21.24
21.491
21.987
22.578
23.114
23.498
23.694
23.728
23.657
23.548
23.45
23.378
23.317
23.23
23.077
22.833
22.495
22.089
21.672
21.319
21.112
21.111
21.333
21.737
22.231
22.694
23.019
23.135
23.036
22.781
22.48
22.246
22.151
22.176
22.218
22.131
21.785
21.119
20.171
19.077
18.048
17.305
16.995
17.121
17.561
18.147
18.753
19.327
19.881
20.452
21.053
21.644
22.131
22.401
22.368
22.021
21.456
20.87
20.514
20.582
21.102
21.915
22.765
23.426
23.779
23.843
23.739
23.623
23.6
23.659
23.69
23.546
23.138
22.487
21.735
21.101
20.774
20.805
21.076
21.361
21.454
21.267
20.872
20.488
20.391
20.765
21.572
22.567
23.417
23.855
23.762
23.216
22.473
21.892
21.78
22.219
23.014
23.826
24.349
24.43
24.099
23.538
22.999
22.687
22.657
22.802
22.93
22.874
22.567
22.052
21.45
20.893
20.463
20.158
19.924
19.715
19.548
19.505
19.684
20.115
20.706
21.268
21.591
21.541
21.127
20.53
20.061
20.036
20.587
21.565
22.633
23.448
23.796
23.647
23.137
22.505
21.979
21.661
21.486
21.28
20.887
20.267
19.528
18.884
18.539
18.557
18.805
19.031
19.003
18.611
17.912
17.124
16.55
16.435
16.811
17.471
18.108
18.471
18.457
18.132
17.696
17.39
17.366
17.589
17.869
17.992
17.852
17.528
17.27
17.379
18.011
19.043
20.144
20.959
21.252
20.977
20.279
19.455
18.836
18.632
18.811
19.136
19.319
19.171
18.663
17.928
17.205
16.747
16.695
17.01
17.522
18.03
18.391
18.539
18.47
18.204
17.764
17.168
16.459
15.741
15.204
15.087
15.553
16.557
17.843
19.07
19.941
20.283
20.084
19.496
18.801
18.311
18.216
18.466
18.817
18.983
18.787
18.245
17.555
17.026
16.906
17.214
17.72
18.097
18.105
17.693
17.022
16.415
16.198
16.491
17.102
17.655
17.805
17.375
16.426
15.264
14.379
14.229
14.89
15.987
16.993
17.524
17.448
16.895
16.218
15.847
16.038
16.678
17.379
17.749
17.602
17.036
16.417
16.22
16.708
17.699
18.705
19.251
19.092
18.286
17.19
16.345
16.18
16.677
17.39
17.8
17.612
16.874
15.964
15.441
15.693
16.601
17.637
18.254
18.142
17.297
16.024
14.862
14.364
14.714
15.577
16.416
16.834
16.712
16.187
15.582
15.248
15.362
15.82
16.342
16.673
16.703
16.496
16.227
16.084
16.155
16.397
16.698
16.98
17.241
17.535
17.885
18.221
18.387
18.228
17.696
16.932
16.272
16.124
16.689
17.784
18.973
19.836
20.145
19.901
19.305
18.649
18.168
17.916
17.77
17.571
17.272
16.999
16.963
17.288
17.875
18.445
18.701
18.493
17.885
17.148
16.644
16.61
16.979
17.43
17.609
17.319
16.596
15.707
15.046
14.931
15.374
16.09
16.713
17.001
16.906
16.555
16.174
15.968
16.011
16.211
16.401
16.447
16.323
16.115
15.966
15.983
16.166
16.402
16.544
16.494
16.269
16.011
15.931
16.193
16.794
17.542
18.155
18.389
18.138
17.491
16.749
16.352
16.645
17.617
18.885
19.949
20.427
20.172
19.303
18.189
17.339
17.144
17.616
18.396
19.057
19.352
19.285
19.047
18.865
18.832
18.844
18.699
18.276
17.667
17.18
17.165
17.723
18.576
19.245
19.328
18.681
17.477
16.197
15.445
15.565
16.333
17.169
17.568
17.326
16.565
15.662
15.074
15.052
15.466
15.936
16.126
15.906
15.378
14.8
14.445
14.439
14.691
14.996
15.174
15.15
14.949
14.646
14.309
13.982
13.695
13.495
13.447
13.592
13.9
14.269
14.577
14.76
14.85
14.954
15.178
15.539
15.929
16.181
16.173
15.908
15.532
15.267
15.281
15.56
15.925
16.165
16.177
16.018
15.865
15.885
16.104
16.379
16.515
16.408
16.138
15.939
16.068
16.607
17.395
18.148
18.642
18.814
18.765
18.673
18.679
18.796
18.929
18.974
18.916
18.853
18.937
19.267
19.811
20.424
20.931
21.204
21.188
20.889
20.358
19.686
19.014
18.523
18.374
18.601
19.055
19.47
19.613
19.407
18.986
18.644
18.649
19.042
19.585
19.946
19.922
19.567
19.173
19.084
19.41
19.904
20.121
19.705
18.604
17.162
16.073
16.029
17.111
18.707
20.068
20.727
20.579
19.833
18.896
18.19
17.957
18.15
18.54
18.889
19.037
18.905
18.453
17.68
16.66
15.581
14.74
14.416
14.669
15.275
15.902
16.317
16.486
16.535
16.626
16.81
16.963
16.86
16.321
15.322
14.037
12.812
12.027
11.871
12.213
12.756
13.275
13.704
14.082
14.453
14.801
15.042
15.081
14.862
14.403
13.799
13.2
12.776
12.645
12.809
13.139
13.421
13.456
13.138
12.523
11.852
11.49
11.709
12.444
13.334
13.98
14.137
13.778
13.07
12.303
11.727
11.397
11.14
10.712
9.9851
9.0518
8.2389
7.9703
8.4176
9.3118
10.218
10.813
10.944
10.603
9.8994
9.0446
8.3298
8.03
8.2155
8.6674
9.0378
9.0516
