25.727
26.69
27.352
27.676
27.817
27.973
28.22
28.453
28.501
28.309
28.037
27.995
28.414
29.235
30.126
30.72
30.87
30.738
30.684
30.989
31.599
32.156
32.291
31.959
31.585
31.893
33.368
35.77
38.247
39.876
40.118
39.025
37.276
35.956
35.985
37.442
39.553
41.345
42.234
42.21
41.74
41.468
41.836
42.841
44.139
45.349
46.28
46.953
47.462
47.838
48.019
47.946
47.719
47.646
48.11
49.308
51.055
52.845
54.14
54.649
54.479
54.101
54.11
54.874
56.301
57.905
59.135
59.686
59.655
59.484
59.723
60.694
62.28
63.996
65.279
65.784
65.538
64.918
64.463
64.587
65.343
66.427
67.413
68.037
68.357
68.689
69.372
70.476
71.678
72.412
72.188
70.897
68.953
67.208
66.577
67.505
69.667
72.213
74.296
75.468
75.777
75.618
75.435
75.444
75.55
75.515
75.214
74.791
74.586
74.869
75.58
76.307
76.526
75.948
74.741
73.511
72.988
73.56
74.982
76.536
77.501
77.57
77.002
76.462
76.607
77.631
79.116
80.309
80.58
79.751
78.169
76.517
75.434
75.151
75.398
75.661
75.554
75.047
74.431
74.071
74.125
74.426
74.621
74.456
73.976
73.518
73.476
73.984
74.759
75.243
74.941
73.737
72.014
70.509
69.914
70.412
71.514
72.37
72.263
70.98
68.918
66.904
65.754
65.761
66.49
67.1
66.896
65.72
64.051
62.785
62.717
63.991
65.98
67.71
68.409
67.849
66.387
64.771
63.735
63.579
64.019
64.464
64.469
64.043
63.65
63.906
65.12
67.011
68.868
69.989
70.098
69.519
69.061
69.578
71.395
74.029
76.474
77.764
77.409
75.582
73.041
70.811
69.689
69.837
70.824
72.083
73.365
74.845
76.862
79.48
82.236
84.279
84.79
83.419
80.574
77.443
75.622
76.245
79.16
83.009
86.119
87.329
86.388
83.987
81.501
80.385
81.348
83.918
86.81
88.715
88.867
87.234
84.43
81.436
79.178
78.123
78.118
78.622
79.092
79.265
79.184
79.057
79.039
79.084
78.961
78.39
77.216
75.518
73.61
71.926
70.84
70.495
70.756
71.31
71.833
72.118
72.116
71.89
71.545
71.165
70.807
70.532
70.46
70.767
71.612
73.017
74.776
76.47
77.594
77.739
76.77
74.933
72.87
71.457
71.455
73.095
75.923
79.048
81.575
82.943
83.062
82.303
81.326
80.793
81.058
82.01
83.189
84.081
84.397
84.195
83.824
83.709
84.086
84.837
85.537
85.675
84.915
83.254
81.042
78.854
77.232
76.426
76.281
76.37
76.256
75.725
74.864
73.975
73.378
73.2
73.284
73.282
72.862
71.901
70.572
69.283
68.474
68.368
68.814
69.368
69.542
69.081
68.122
67.189
66.979
67.983
70.162
72.947
75.552
77.348
78.111
78.062
77.736
77.697
78.22
79.138
79.968
80.216
79.665
78.496
77.2
76.313
76.098
76.398
76.773
76.832
76.515
76.157
76.297
77.285
78.964
80.664
81.515
80.855
78.519
74.957
71.143
68.24
67.031
67.445
68.635
69.554
69.52
68.479
66.974
65.86
65.818
66.91
68.522
69.737
69.834
68.615
66.531
64.568
63.838
64.928
67.451
70.269
72.117
72.138
70.15
66.725
63.106
60.825
60.94
63.331
66.827
70.029
71.973
72.368
71.545
70.246
69.27
69.081
69.587
70.248
70.416
69.656
67.907
65.481
62.942
60.889
59.711
59.439
59.785
60.337
60.751
60.855
60.648
60.233
59.743
59.279
58.881
58.55
58.275
58.072
57.988
58.078
58.375
58.849
59.409
59.918
60.256
60.371
60.328
60.313
60.584
61.359
62.699
64.428
66.169
67.463
67.927
67.387
65.963
64.086
62.403
61.542
61.805
62.969
64.378
65.242
64.942
63.222
60.274
56.734
53.562
51.726
51.713
53.218
55.344
57.111
57.837
57.302
55.754
53.83
52.348
51.959
52.784
54.344
55.843
56.562
56.125
54.622
52.601
50.919
50.408
51.42
53.61
56.173
58.284
59.396
59.342
58.302
56.682
54.94
53.413
52.208
51.23
50.321
49.412
48.608
48.138
48.218
48.893
49.967
51.076
51.841
52.01
51.55
50.654
49.694
49.085
49.108
49.779
50.848
51.942
52.744
53.116
53.128
53.006
52.999
53.245
53.684
54.093
54.206
53.851
53.038
51.962
50.93
50.221
49.944
49.993
50.101
49.988
49.484
48.596
47.501
46.471
45.763
45.506
45.648
45.996
46.319
46.451
46.348
46.094
45.854
45.795
45.998
46.42
46.913
47.298
47.448
47.344
47.085
46.843
46.786
46.994
47.414
47.875
48.163
48.104
47.625
46.779
45.734
44.721
43.961
43.581
43.567
43.771
43.975
43.97
43.626
42.928
41.991
41.041
40.352
40.146
40.491
41.244
42.105
42.732
42.874
42.468
41.691
40.935
40.687
41.295
42.757
44.701
46.557
47.789
48.051
47.249
45.538
43.269
40.891
38.811
37.27
36.269
35.637
35.16
34.706
34.273
33.965
33.909
34.176
34.722
35.399
36.012
36.392
36.459
36.249
35.92
35.704
35.822
36.386
37.337
38.477
39.554
40.356
40.778
40.834
40.64
40.356
40.134
40.058
40.125
40.263
40.369
40.352
40.161
39.799
39.321
38.82
38.411
38.205
38.28
38.648
39.247
39.942
40.563
40.944
40.972
40.628
40.001
39.277
38.692
38.441
38.589
39.03
39.535
39.837
39.737
39.161
38.181
36.993
35.862
35.032
34.636
34.648
34.906
35.199
35.356
35.313
35.128
34.958
34.989
35.338
35.983
36.748
37.376
37.63
37.385
36.676
35.704
34.782
34.22
34.188
34.628
35.291
35.859
36.076
35.819
35.112
34.11
33.044
32.153
31.608
31.457
31.617
31.927
32.22
32.394
32.448
32.485
32.672
33.165
34.021
35.152
36.346
37.341
37.914
37.944
37.442
36.548
35.499
34.561
33.946
33.739
33.875
34.187
34.482
34.612
34.518
34.233
33.875
33.609
33.59
33.909
34.55
35.391
36.243
36.912
37.244
37.16
36.66
35.819
34.762
33.644
32.613
31.795
31.273
31.083
31.217
31.627
32.233
32.935
33.626
34.201
34.575
34.699
34.571
34.241
33.808
33.396
33.117
33.036
33.142
33.363
33.596
33.756
33.805
33.758
33.669
33.598
33.583
33.621
33.681
33.719
33.707
33.649
33.587
33.581
33.683
33.907
34.204
34.471
34.579
34.43
34.005
33.403
32.838
32.573
32.81
33.564
34.635
35.683
36.353
36.381
35.652
34.221
32.311
30.289
28.611
27.705
27.79
28.759
30.236
31.761
32.95
33.576
33.602
33.177
32.591
32.178
32.179
32.62
33.303
33.909
34.144
33.833
32.961
31.674
30.236
28.971
28.174
28.015
28.483
29.41
30.558
31.699
32.677
33.417
33.928
34.27
34.517
34.717
34.865
34.904
34.756
34.36
33.702
32.832
31.857
30.913
30.131
29.604
29.365
29.39
29.611
29.943
30.304
30.627
30.873
31.033
31.132
31.219
31.357
31.601
31.976
32.461
32.995
33.482
33.822
33.933
33.775
33.358
32.752
32.076
31.482
31.13
31.143
31.568
32.353
33.356
34.379
35.222
35.723
35.794
35.437
34.747
33.882
33.027
32.336
31.888
31.67
31.602
31.578
31.52
31.394
31.225
31.084
31.07
31.282
31.785
32.578
33.579
34.642
35.587
36.245
36.502
36.316
35.736
34.887
33.945
33.091
32.466
32.131
32.06
32.164
32.33
32.455
32.468
32.339
32.077
31.733
31.389
31.147
31.095
31.277
31.661
32.143
32.57
32.793
32.703
32.266
31.527
30.608
29.681
28.927
28.498
28.471
28.832
29.482
30.264
31.007
31.557
31.81
31.739
31.4
30.926
30.485
30.227
30.214
30.399
30.643
30.777
30.663
30.233
29.503
28.562
27.548
26.617
25.904
25.499
25.424
25.635
26.046
26.557
27.075
27.539
27.919
28.214
28.444
28.638
28.819
28.998
29.177
29.348
29.502
29.631
29.729
29.787
29.792
29.722
29.55
29.254
28.824
28.272
27.638
26.988
26.398
25.941
25.661
25.567
25.627
25.781
25.956
26.087
26.132
26.078
25.947
25.794
25.69
25.694
25.837
26.097
26.413
26.699
26.879
26.908
26.784
26.549
26.279
26.061
25.972
26.054
26.295
26.632
26.961
27.169
27.158
26.875
26.319
25.55
24.674
23.822
23.117
22.642
22.421
22.422
22.585
22.836
23.116
23.379
23.592
23.738
23.806
23.798
23.728
23.62
23.506
23.422
23.398
23.452
23.585
23.779
23.999
24.203
24.348
24.402
24.349
24.199
23.993
23.799
23.704
23.792
24.109
24.648
25.339
26.071
26.725
27.201
27.435
27.411
27.152
26.715
26.178
25.63
25.155
24.815
24.638
24.61
24.681
24.782
24.85
24.84
24.741
24.571
24.365
24.166
24.005
23.897
23.836
23.804
23.775
23.73
23.661
23.583
23.528
23.54
23.654
23.877
24.178
24.495
24.75
24.879
24.84
24.632
24.284
23.85
23.4
23.003
22.717
22.58
22.599
22.745
22.963
23.183
23.336
23.373
23.269
23.028
22.68
22.269
21.842
21.447
21.117
20.877
20.735
20.694
20.749
20.89
21.098
21.344
21.584
21.766
21.837
21.755
21.504
21.096
20.576
20.011
19.482
19.072
18.855
18.883
19.171
19.687
20.351
21.051
21.663
22.08
22.231
22.098
21.709
21.137
20.481
19.851
19.346
19.039
18.969
19.138
19.511
20.032
20.631
21.237
21.789
22.236
22.54
22.673
22.619
22.373
21.951
21.387
20.736
20.069
19.465
18.995
18.716
18.655
18.808
19.137
19.577
20.042
20.449
20.721
20.815
20.718
20.458
20.09
19.69
19.33
19.066
18.923
18.896
18.952
19.041
19.113
19.124
19.048
18.885
18.658
18.416
18.217
18.114
18.142
18.304
18.577
18.916
19.271
19.595
19.857
20.039
20.141
20.178
20.18
20.183
20.221
20.318
20.482
20.698
20.933
21.148
21.306
21.377
21.347
21.217
20.998
20.71
20.374
20.013
19.644
19.285
18.956
18.679
18.481
18.388
18.414
18.551
18.768
19.008
19.211
19.32
19.303
19.157
18.911
18.612
18.32
18.09
17.968
17.99
18.175
18.528
19.027
19.622
20.239
20.784
21.171
21.332
21.233
20.879
20.31
19.596
18.819
18.063
17.403
16.893
16.561
16.408
16.415
16.544
16.747
16.98
17.205
17.394
17.534
17.623
17.666
17.677
17.67
17.664
17.678
17.732
17.844
18.031
18.302
18.658
19.09
19.575
20.086
20.585
21.036
21.401
21.649
21.761
21.732
21.579
21.339
21.062
20.807
20.625
20.551
20.593
20.732
20.933
21.144
21.312
21.384
21.317
21.085
20.684
20.139
19.499
18.832
18.209
17.692
17.318
17.1
17.025
17.066
17.19
17.364
17.563
17.765
17.959
18.143
18.319
18.491
18.658
18.818
18.968
19.107
19.238
19.369
19.511
19.673
19.868
20.107
20.402
20.759
21.173
21.622
22.071
22.48
22.809
23.029
23.127
23.097
22.949
22.698
22.372
22.015
21.682
21.438
21.332
21.393
21.608
21.937
22.319
22.693
23.005
23.212
23.281
23.191
22.935
22.528
22.009
21.436
20.879
20.402
20.049
19.837
19.765
19.82
19.985
20.241
20.563
20.922
21.283
21.617
21.906
22.144
22.339
22.498
22.626
22.724
22.792
22.831
22.848
22.855
22.861
22.867
22.871
22.861
22.827
22.762
22.665
22.543
22.408
22.28
22.183
22.145
22.193
22.341
22.584
22.897
23.237
23.55
23.788
23.91
23.889
23.716
23.398
22.958
22.441
21.909
21.434
21.092
20.941
21.011
21.295
21.753
22.326
22.943
23.531
24.022
24.356
24.493
24.418
24.152
23.752
23.303
22.905
22.641
22.555
22.643
22.852
23.107
23.33
23.46
23.458
23.311
23.029
22.649
22.229
21.847
21.591
21.548
21.775
22.282
23.025
23.912
24.822
25.636
26.25
26.6
26.663
26.465
26.077
25.599
25.147
24.827
24.716
24.85
25.212
25.747
26.373
26.999
27.535
27.913
28.088
28.049
27.818
27.442
26.984
26.507
26.066
25.696
25.416
25.231
25.137
25.132
25.214
25.381
25.63
25.952
26.332
26.744
27.156
27.53
27.83
28.027
28.102
28.052
27.894
27.658
27.391
27.139
26.943
26.825
26.782
26.793
26.824
26.844
26.833
26.788
26.723
26.658
26.615
26.61
26.649
26.734
26.858
27.01
27.176
27.341
27.488
27.605
27.685
27.731
27.755
27.775
27.813
27.887
28.008
28.174
28.367
28.561
28.72
28.81
28.805
28.694
28.478
28.178
27.824
27.454
27.108
26.823
26.63
26.551
26.599
26.773
27.055
27.418
27.82
28.216
28.56
28.813
28.953
28.973
28.889
28.733
28.55
28.385
28.279
28.26
28.336
28.501
28.738
29.026
29.346
29.687
30.046
30.425
30.826
31.242
31.658
32.045
32.367
32.587
32.668
32.583
32.326
31.916
31.407
30.893
30.494
30.326
30.459
30.877
31.478
32.094
32.546
32.692
32.453
31.832
30.905
29.808
28.714
27.807
27.239
27.103
27.404
28.053
28.899
29.762
30.475
30.916
31.031
30.837
30.426
29.943
29.555
29.408
29.576
30.043
30.704
31.404
31.984
32.315
32.325
32.001
31.394
30.6
29.74
28.94
28.307
27.913
27.79
27.93
28.301
28.85
29.514
30.228
30.929
31.565
32.101
32.52
32.828
33.046
33.206
33.338
33.463
33.577
33.657
33.66
33.539
33.252
32.777
32.115
31.297
30.387
29.48
28.693
28.154
27.966
28.169
28.717
29.484
30.298
30.988
31.421
31.533
31.334
30.911
30.409
30.002
29.85
30.046
30.582
31.353
32.182
32.881
33.289
33.308
32.916
32.173
31.208
30.196
29.324
28.746
28.548
28.729
29.209
29.862
30.559
31.188
31.68
32.004
32.176
32.239
32.256
32.286
32.368
32.512
32.699
32.893
33.052
33.14
33.14
33.05
32.89
32.692
32.499
32.355
32.305
32.378
32.583
32.901
33.285
33.664
33.957
34.088
34.006
33.695
33.189
32.566
31.948
31.477
31.281
31.437
31.941
32.703
33.566
34.351
34.891
35.066
34.825
34.193
33.273
32.233
31.277
30.605
30.356
30.572
31.191
32.076
33.063
34
34.774
35.317
35.606
35.657
35.519
35.258
34.949
34.656
34.428
34.289
34.24
34.267
34.35
34.47
34.621
34.806
35.036
35.323
35.663
36.035
36.39
36.658
36.757
36.612
36.175
35.441
34.467
33.374
32.336
31.554
31.2
31.361
32
32.965
34.04
34.998
35.654
35.893
35.69
35.125
34.369
33.66
33.232
33.238
33.68
34.411
35.2
35.82
36.116
36.031
35.603
34.943
34.19
33.473
32.879
32.439
32.137
31.939
31.82
31.784
31.867
32.122
32.585
33.245
34.031
34.82
35.479
35.909
36.074
36.023
35.876
35.786
35.885
36.227
36.76
37.334
37.754
37.835
37.46
36.624
35.464
34.258
33.367
33.112
33.612
34.704
36.015
37.13
37.733
37.678
37.011
35.933
34.736
33.707
33.029
32.724
32.671
32.674
32.56
32.23
31.7
31.103
30.669
30.653
31.231
32.383
33.887
35.393
36.561
37.165
37.155
36.681
36.051
35.636
35.715
36.335
37.287
38.206
38.722
38.579
37.693
36.177
34.341
32.646
31.596
31.529
32.436
33.96
35.583
36.84
37.426
37.237
36.353
35.002
33.483
32.084
30.99
30.231
29.708
29.277
28.838
28.393
28.051
27.983
28.343
29.175
30.372
31.708
32.914
33.767
34.155
34.111
33.817
33.554
33.599
34.097
34.976
35.977
36.767
37.06
36.711
35.752
34.395
32.997
31.964
31.601
31.969
32.848
33.852
34.589
34.784
34.346
33.384
32.197
31.212
30.836
31.266
32.373
33.773
35.012
35.729
35.742
35.07
33.923
32.655
31.664
31.257
31.508
32.225
33.058
33.645
33.733
33.229
32.218
30.952
29.79
29.095
29.081
29.701
30.687
31.68
32.377
32.611
32.37
31.778
31.05
30.418
30.053
30.007
30.203
30.498
30.74
30.832
30.745
30.505
30.161
29.755
29.298
28.786
28.223
27.666
27.239
27.115
27.439
28.237
29.379
30.609
31.638
32.23
32.268
31.785
30.971
30.142
29.657
29.78
30.551
31.755
33.034
34.031
34.508
34.405
33.864
33.196
32.787
32.926
33.65
34.703
35.66
36.113
35.799
34.682
32.969
31.081
29.557
28.856
29.112
30.066
31.227
32.126
32.459
32.133
31.256
30.085
28.953
28.149
27.799
27.813
27.955
27.975
27.739
27.293
26.848
26.692
27.03
27.846
28.881
29.761
30.143
29.83
28.82
27.325
25.744
24.579
24.241
24.829
26.076
27.525
28.754
29.498
29.69
29.449
29.051
28.849
29.143
30.031
31.357
32.782
33.924
34.473
34.265
33.31
31.797
30.073
28.577
27.702
27.626
28.218
29.114
29.903
30.262
30.023
29.18
27.874
26.367
24.994
24.073
23.788
24.107
24.802
25.566
26.131
26.329
26.122
25.587
24.9
24.279
23.917
23.908
24.212
24.694
25.187
25.565
25.774
25.83
25.797
25.749
25.739
25.778
25.836
25.861
25.8
25.619
25.309
24.889
24.407
23.93
23.537
23.306
23.298
23.53
23.966
24.516
25.06
25.475
25.672
25.619
25.349
24.958
24.565
24.268
24.094
23.982
23.802
23.422
22.756
21.812
20.699
19.616
18.79
18.399
18.485
18.951
19.63
20.37
21.083
21.747
22.375
22.973
23.508
23.907
24.077
23.95
23.527
22.916
22.334
22.054
22.294
23.086
24.249
25.487
26.517
27.164
27.392
27.287
27.002
26.682
26.39
26.092
25.69
25.103
24.33
23.485
22.758
22.335
22.284
22.506
22.782
22.886
22.697
22.251
21.75
21.492
21.731
22.517
23.648
24.783
25.593
25.884
25.642
25.04
24.385
23.995
24.045
24.466
24.994
25.331
25.281
24.827
24.124
23.433
22.999
22.921
23.102
23.32
23.356
23.092
22.547
21.85
21.179
20.683
20.421
20.361
20.441
20.628
20.941
21.423
22.071
22.792
23.41
23.731
23.617
23.064
22.241
21.476
21.152
21.505
22.454
23.653
24.684
25.243
25.217
24.69
23.901
23.137
22.602
22.324
22.162
21.925
21.498
20.917
20.347
19.991
19.957
20.168
20.408
20.435
20.107
19.448
18.649
18.01
17.795
18.076
18.674
19.28
19.63
19.612
19.303
18.926
18.743
18.898
19.311
19.731
19.892
19.664
19.135
18.607
18.468
18.951
19.936
21.018
21.745
21.813
21.154
19.965
18.678
17.832
17.788
18.471
19.438
20.193
20.414
20.023
19.177
18.208
17.514
17.375
17.804
18.559
19.325
19.859
20.05
19.9
19.475
18.856
18.105
17.27
16.427
15.725
15.397
15.665
16.57
17.904
19.303
20.411
20.99
20.975
20.493
19.833
19.351
19.291
19.639
20.131
20.432
20.31
19.74
18.912
18.165
17.823
17.989
18.465
18.897
18.991
18.645
17.99
17.343
17.057
17.298
17.91
18.519
18.751
18.397
17.487
16.316
15.391
15.216
15.929
17.172
18.386
19.135
19.246
18.831
18.254
17.98
18.308
19.14
20.052
20.586
20.477
19.77
18.832
18.227
18.401
19.316
20.47
21.274
21.356
20.689
19.597
18.649
18.375
18.872
19.728
20.364
20.39
19.76
18.781
17.992
17.862
18.44
19.309
19.921
19.906
19.203
18.06
16.951
16.361
16.472
17.031
17.572
17.734
17.413
16.776
16.18
15.99
16.343
17.056
17.78
18.235
18.321
18.145
17.946
17.968
18.317
18.911
19.569
20.138
20.568
20.896
21.167
21.364
21.382
21.104
20.503
19.738
19.163
19.177
19.947
21.239
22.572
23.493
23.757
23.379
22.604
21.787
21.215
20.949
20.826
20.626
20.265
19.868
19.687
19.903
20.444
21.003
21.229
20.914
20.1
19.079
18.278
18.024
18.3
18.761
18.986
18.717
17.956
16.962
16.152
15.885
16.223
16.897
17.528
17.85
17.795
17.472
17.091
16.848
16.817
16.93
17.048
17.059
16.946
16.781
16.675
16.705
16.856
17.038
17.141
17.106
16.962
16.823
16.839
17.112
17.629
18.249
18.771
19.013
18.889
18.456
17.936
17.659
17.907
18.716
19.817
20.793
21.276
21.088
20.294
19.211
18.315
18.021
18.401
19.146
19.823
20.153
20.112
19.886
19.715
19.712
19.776
19.686
19.3
18.708
18.243
18.299
19.002
20.043
20.882
21.063
20.415
19.128
17.745
16.964
17.187
18.155
19.195
19.725
19.502
18.656
17.612
16.9
16.837
17.293
17.839
18.071
17.818
17.176
16.432
15.917
15.81
16.045
16.388
16.61
16.588
16.313
15.849
15.283
14.7
14.197
13.884
13.861
14.144
14.626
15.111
15.416
15.47
15.355
15.277
15.447
15.918
16.523
16.986
17.084
16.778
16.248
15.832
15.838
16.319
17.036
17.651
17.949
17.929
17.78
17.746
17.951
18.313
18.634
18.767
18.732
18.717
18.945
19.501
20.254
20.96
21.423
21.601
21.604
21.594
21.665
21.775
21.809
21.705
21.542
21.528
21.859
22.556
23.424
24.171
24.564
24.53
24.15
23.589
22.997
22.459
22.006
21.686
21.584
21.766
22.182
22.645
22.919
22.873
22.575
22.282
22.278
22.654
23.212
23.61
23.613
23.26
22.866
22.825
23.277
23.943
24.301
23.929
22.758
21.197
20.059
20.13
21.478
23.385
24.982
25.73
25.528
24.658
23.618
22.884
22.665
22.833
23.101
23.24
23.155
22.846
22.318
21.562
20.603
19.582
18.773
18.466
18.749
19.406
20.072
20.474
20.564
20.508
20.536
20.742
20.98
20.953
20.404
19.277
17.779
16.343
15.46
15.369
15.902
16.67
17.375
17.912
18.321
18.665
18.953
19.127
19.112
18.865
18.402
17.784
17.108
16.488
16.048
15.882
15.986
16.219
16.351
16.179
15.65
14.937
14.418
14.461
15.11
15.998
16.619
16.62
15.944
14.848
13.827
13.337
13.425
13.663
13.513
12.665
11.196
9.6299
8.8926
9.6117
11.298
13.028
14.185
14.519
14.052
13.02
11.823
10.942
10.732
11.161
11.847
12.341
12.347
