34.794
36.059
36.944
37.369
37.525
37.683
37.968
38.266
38.353
38.114
37.689
37.406
37.555
38.133
38.832
39.272
39.282
39.017
38.842
39.029
39.502
39.878
39.796
39.278
38.871
39.396
41.316
44.23
47.092
48.834
48.857
47.265
44.881
43.001
42.73
44.196
46.504
48.509
49.506
49.456
48.862
48.437
48.683
49.622
50.894
52.081
52.955
53.512
53.845
54.001
53.947
53.657
53.251
53.027
53.333
54.324
55.797
57.274
58.271
58.552
58.256
57.825
57.767
58.351
59.435
60.581
61.34
61.511
61.244
60.961
61.118
61.934
63.245
64.609
65.555
65.819
65.457
64.81
64.335
64.364
64.932
65.787
66.581
67.105
67.402
67.721
68.315
69.211
70.123
70.584
70.207
68.931
67.133
65.529
64.855
65.442
67.014
68.894
70.421
71.256
71.443
71.263
70.992
70.715
70.322
69.679
68.823
68.032
67.686
67.98
68.729
69.432
69.571
68.931
67.759
66.678
66.348
67.039
68.432
69.843
70.652
70.637
70.055
69.463
69.369
69.897
70.707
71.247
71.1
70.216
68.926
67.743
67.059
66.913
67
66.923
66.458
65.687
64.922
64.476
64.442
64.625
64.698
64.437
63.889
63.34
63.119
63.336
63.763
63.949
63.503
62.345
60.811
59.518
59.031
59.467
60.381
61.033
60.811
59.553
57.629
55.793
54.787
54.863
55.603
56.22
56.072
55.019
53.507
52.367
52.331
53.514
55.313
56.826
57.376
56.803
55.498
54.189
53.531
53.701
54.309
54.726
54.542
53.83
53.124
53.093
54.055
55.697
57.283
58.123
57.987
57.243
56.713
57.204
58.936
61.336
63.409
64.294
63.647
61.754
59.408
57.552
56.78
57.016
57.693
58.263
58.598
59.031
60.047
61.816
63.94
65.624
66.107
65.057
62.786
60.23
58.614
58.783
60.606
63.074
64.976
65.506
64.533
62.593
60.673
59.776
60.364
62.097
64.093
65.448
65.6
64.458
62.363
59.938
57.867
56.623
56.294
56.604
57.127
57.514
57.62
57.495
57.287
57.119
56.992
56.784
56.326
55.513
54.391
53.17
52.156
51.621
51.662
52.16
52.852
53.468
53.839
53.937
53.832
53.629
53.404
53.203
53.081
53.148
53.562
54.448
55.774
57.284
58.553
59.149
58.819
57.638
56.062
54.829
54.656
55.83
58.004
60.406
62.255
63.092
62.908
62.108
61.321
61.096
61.62
62.642
63.677
64.304
64.378
64.068
63.737
63.721
64.119
64.734
65.186
65.124
64.386
63.072
61.488
60.013
58.922
58.276
57.923
57.622
57.198
56.625
56.023
55.563
55.346
55.319
55.29
55.027
54.383
53.387
52.263
51.346
50.93
51.097
51.652
52.215
52.417
52.078
51.314
50.525
50.245
50.869
52.402
54.439
56.382
57.731
58.283
58.188
57.871
57.823
58.326
59.285
60.296
60.887
60.774
60.008
58.948
58.088
57.789
58.072
58.641
59.107
59.254
59.166
59.163
59.562
60.417
61.411
61.999
61.687
60.285
58.032
55.568
53.697
52.991
53.43
54.425
55.208
55.246
54.465
53.255
52.279
52.112
52.876
54.149
55.226
55.516
54.817
53.431
52.08
51.605
52.48
54.462
56.721
58.3
58.528
57.235
54.819
52.177
50.428
50.384
52.043
54.632
57.141
58.82
59.389
59.021
58.199
57.48
57.236
57.487
57.937
58.17
57.867
56.93
55.501
53.895
52.472
51.498
51.052
51.022
51.196
51.368
51.417
51.328
51.163
51.014
50.951
50.991
51.104
51.238
51.356
51.465
51.617
51.878
52.287
52.819
53.376
53.825
54.062
54.083
54.021
54.122
54.648
55.74
57.305
59.018
60.439
61.179
61.047
60.131
58.811
57.659
57.217
57.723
58.961
60.351
61.219
61.049
59.646
57.203
54.283
51.703
50.255
50.328
51.677
53.58
55.228
56.044
55.824
54.754
53.349
52.281
52.1
52.951
54.49
56.084
57.115
57.226
56.433
55.139
54.012
53.731
54.644
56.57
58.918
61.001
62.307
62.625
62.046
60.876
59.484
58.155
56.994
55.941
54.886
53.799
52.809
52.175
52.146
52.802
53.967
55.267
56.291
56.75
56.582
55.978
55.322
55.052
55.457
56.535
57.994
59.41
60.426
60.892
60.911
60.772
60.806
61.207
61.915
62.655
63.079
62.946
62.231
61.145
60.043
59.264
58.963
59.039
59.204
59.148
58.693
57.864
56.879
56.041
55.601
55.634
56.004
56.442
56.678
56.559
56.102
55.49
55.001
54.883
55.248
56.011
56.945
57.784
58.343
58.59
58.644
58.719
59.022
59.641
60.504
61.397
62.06
62.291
62.013
61.312
60.409
59.601
59.158
59.22
59.744
60.516
61.242
61.643
61.553
60.964
60.046
59.118
58.551
58.636
59.433
60.718
62.059
62.982
63.15
62.499
61.307
60.158
59.766
60.643
62.794
65.679
68.473
70.392
70.92
69.904
67.551
64.358
60.975
58.015
55.858
54.54
53.82
53.366
52.95
52.534
52.247
52.29
52.802
53.767
54.996
56.201
57.105
57.539
57.503
57.178
56.863
56.871
57.39
58.39
59.642
60.823
61.65
61.978
61.831
61.378
60.856
60.481
60.364
60.48
60.696
60.831
60.726
60.288
59.516
58.496
57.39
56.408
55.766
55.63
56.063
56.986
58.197
59.415
60.361
60.835
60.774
60.281
59.603
59.06
58.918
59.267
59.966
60.696
61.091
60.873
59.942
58.407
56.557
54.779
53.435
52.732
52.652
52.982
53.434
53.773
53.899
53.882
53.919
54.244
55.003
56.158
57.479
58.626
59.275
59.243
58.555
57.451
56.321
55.568
55.435
55.894
56.672
57.383
57.688
57.4
56.522
55.223
53.769
52.44
51.439
50.833
50.554
50.452
50.384
50.29
50.235
50.395
50.991
52.168
53.9
55.962
57.991
59.599
60.483
60.494
59.675
58.248
56.564
55.01
53.899
53.367
53.345
53.61
53.893
53.979
53.765
53.277
52.657
52.114
51.861
52.039
52.66
53.598
54.629
55.499
55.988
55.957
55.369
54.284
52.843
51.239
49.689
48.392
47.505
47.114
47.226
47.768
48.607
49.579
50.513
51.259
51.711
51.822
51.614
51.178
50.653
50.194
49.922
49.889
50.057
50.331
50.6
50.788
50.881
50.92
50.972
51.086
51.266
51.46
51.592
51.594
51.442
51.179
50.902
50.731
50.762
51.007
51.377
51.692
51.749
51.4
50.633
49.62
48.704
48.294
48.687
49.889
51.581
53.239
54.331
54.465
53.474
51.448
48.727
45.872
43.567
42.433
42.753
44.316
46.535
48.725
50.334
51.056
50.873
50.04
49.016
48.315
48.294
48.981
50.073
51.095
51.609
51.355
50.307
48.66
46.786
45.142
44.15
44.062
44.879
46.366
48.167
49.936
51.421
52.504
53.199
53.613
53.879
54.092
54.263
54.315
54.133
53.621
52.761
51.627
50.382
49.232
48.37
47.921
47.914
48.285
48.904
49.617
50.282
50.795
51.111
51.244
51.269
51.294
51.431
51.753
52.265
52.898
53.526
53.999
54.185
54.004
53.444
52.574
51.535
50.527
49.777
49.499
49.837
50.819
52.335
54.153
55.974
57.497
58.482
58.793
58.427
57.511
56.269
54.968
53.836
53.006
52.485
52.185
51.977
51.759
51.493
51.212
51.018
51.044
51.425
52.24
53.477
55.014
56.63
58.058
59.048
59.423
59.127
58.234
56.942
55.524
54.263
53.372
52.94
52.923
53.181
53.54
53.843
53.986
53.924
53.677
53.326
52.993
52.824
52.932
53.355
54.024
54.767
55.363
55.607
55.365
54.62
53.473
52.128
50.848
49.897
49.473
49.66
50.407
51.544
52.824
53.981
54.781
55.074
54.823
54.12
53.166
52.217
51.5
51.128
51.055
51.108
51.064
50.733
50.018
48.933
47.59
46.17
44.873
43.885
43.328
43.247
43.594
44.258
45.089
45.941
46.697
47.288
47.69
47.921
48.026
48.056
48.06
48.075
48.126
48.221
48.358
48.517
48.665
48.754
48.726
48.526
48.11
47.466
46.623
45.65
44.654
43.751
43.049
42.611
42.448
42.519
42.742
43.027
43.29
43.477
43.575
43.612
43.653
43.773
44.029
44.428
44.917
45.397
45.753
45.894
45.781
45.443
44.966
44.478
44.111
43.967
44.091
44.45
44.942
45.419
45.716
45.696
45.278
44.457
43.312
41.995
40.697
39.604
38.855
38.506
38.53
38.842
39.33
39.887
40.424
40.868
41.166
41.285
41.214
40.973
40.61
40.202
39.836
39.591
39.515
39.606
39.818
40.067
40.258
40.308
40.165
39.817
39.31
38.742
38.26
38.029
38.192
38.808
39.825
41.083
42.364
43.449
44.17
44.434
44.233
43.626
42.73
41.689
40.655
39.764
39.107
38.719
38.568
38.567
38.61
38.603
38.494
38.283
38.015
37.757
37.573
37.497
37.526
37.622
37.726
37.777
37.728
37.564
37.318
37.072
36.942
37.034
37.403
38.015
38.756
39.463
39.981
40.204
40.097
39.695
39.088
38.402
37.769
37.311
37.111
37.202
37.55
38.064
38.616
39.072
39.32
39.296
38.987
38.429
37.696
36.878
36.069
35.35
34.78
34.395
34.207
34.211
34.383
34.684
35.057
35.422
35.687
35.758
35.562
35.069
34.299
33.331
32.285
31.309
30.55
30.135
30.147
30.606
31.454
32.56
33.734
34.769
35.479
35.736
35.493
34.792
33.748
32.535
31.344
30.355
29.709
29.485
29.694
30.287
31.166
32.21
33.294
34.306
35.154
35.767
36.09
36.087
35.739
35.055
34.081
32.904
31.644
30.447
29.457
28.796
28.545
28.726
29.296
30.156
31.159
32.135
32.929
33.42
33.552
33.338
32.855
32.222
31.57
31.015
30.629
30.432
30.395
30.455
30.531
30.539
30.417
30.137
29.719
29.234
28.779
28.459
28.34
28.432
28.685
29.012
29.318
29.531
29.603
29.526
29.317
29.027
28.729
28.513
28.466
28.642
29.045
29.614
30.24
30.801
31.184
31.318
31.178
30.785
30.196
29.487
28.742
28.035
27.424
26.948
26.628
26.472
26.471
26.613
26.871
27.212
27.591
27.955
28.25
28.427
28.459
28.343
28.101
27.779
27.429
27.102
26.844
26.696
26.7
26.893
27.295
27.888
28.602
29.325
29.92
30.261
30.26
29.883
29.157
28.16
27.006
25.829
24.758
23.906
23.349
23.12
23.2
23.524
23.996
24.513
24.98
25.329
25.525
25.565
25.478
25.309
25.119
24.97
24.916
24.994
25.219
25.581
26.05
26.585
27.138
27.669
28.145
28.545
28.857
29.073
29.192
29.215
29.149
29.005
28.805
28.579
28.359
28.175
28.048
27.985
27.975
27.999
28.026
28.023
27.961
27.814
27.567
27.216
26.78
26.295
25.812
25.392
25.087
24.93
24.929
25.063
25.292
25.57
25.85
26.094
26.28
26.398
26.457
26.474
26.475
26.487
26.53
26.619
26.758
26.95
27.188
27.467
27.779
28.119
28.481
28.866
29.27
29.687
30.096
30.467
30.761
30.941
30.978
30.858
30.586
30.182
29.679
29.123
28.568
28.08
27.725
27.561
27.616
27.879
28.303
28.81
29.311
29.725
29.983
30.035
29.854
29.438
28.813
28.033
27.18
26.347
25.626
25.079
24.738
24.597
24.627
24.792
25.055
25.379
25.731
26.078
26.394
26.665
26.893
27.089
27.266
27.434
27.591
27.731
27.846
27.932
27.992
28.03
28.053
28.064
28.063
28.053
28.036
28.018
28.001
27.987
27.975
27.969
27.982
28.029
28.128
28.283
28.484
28.701
28.895
29.025
29.059
28.978
28.774
28.457
28.049
27.591
27.141
26.77
26.547
26.519
26.701
27.067
27.562
28.122
28.679
29.175
29.553
29.761
29.759
29.527
29.086
28.499
27.87
27.323
26.965
26.852
26.973
27.259
27.613
27.943
28.177
28.27
28.204
27.981
27.626
27.195
26.77
26.456
26.358
26.549
27.046
27.799
28.704
29.633
30.457
31.074
31.416
31.461
31.231
30.793
30.246
29.709
29.298
29.102
29.167
29.486
30.006
30.641
31.293
31.862
32.264
32.437
32.355
32.023
31.486
30.813
30.088
29.397
28.811
28.379
28.122
28.041
28.125
28.352
28.7
29.142
29.652
30.195
30.739
31.246
31.682
32.02
32.24
32.336
32.317
32.205
32.037
31.856
31.705
31.618
31.608
31.667
31.767
31.868
31.934
31.942
31.89
31.794
31.686
31.6
31.562
31.587
31.677
31.824
32.018
32.249
32.51
32.794
33.09
33.384
33.656
33.886
34.06
34.174
34.235
34.257
34.259
34.252
34.238
34.209
34.151
34.048
33.891
33.676
33.409
33.102
32.769
32.432
32.113
31.84
31.645
31.557
31.596
31.771
32.07
32.462
32.902
33.333
33.703
33.969
34.108
34.122
34.03
33.871
33.683
33.503
33.355
33.249
33.187
33.169
33.198
33.289
33.466
33.761
34.202
34.798
35.534
36.359
37.199
37.965
38.571
38.943
39.034
38.832
38.368
37.721
37.022
36.432
36.112
36.165
36.586
37.252
37.955
38.467
38.597
38.241
37.388
36.127
34.624
33.094
31.77
30.858
30.496
30.71
31.41
32.416
33.504
34.464
35.134
35.437
35.383
35.07
34.657
34.333
34.255
34.507
35.071
35.84
36.656
37.357
37.811
37.944
37.744
37.26
36.584
35.833
35.125
34.554
34.181
34.03
34.094
34.347
34.746
35.241
35.771
36.28
36.719
37.054
37.279
37.413
37.496
37.573
37.68
37.828
37.989
38.104
38.096
37.892
37.442
36.734
35.798
34.708
33.576
32.542
31.764
31.389
31.516
32.154
33.207
34.492
35.786
36.878
37.614
37.923
37.825
37.434
36.929
36.522
36.404
36.687
37.367
38.323
39.359
40.255
40.821
40.929
40.535
39.687
38.51
37.191
35.94
34.948
34.347
34.176
34.389
34.877
35.509
36.162
36.745
37.201
37.514
37.699
37.794
37.847
37.901
37.984
38.098
38.225
38.328
38.365
38.297
38.102
37.775
37.34
36.841
36.348
35.944
35.712
35.713
35.967
36.439
37.035
37.625
38.069
38.25
38.101
37.625
36.9
36.076
35.345
34.907
34.903
35.374
36.237
37.309
38.365
39.182
39.593
39.504
38.919
37.931
36.719
35.517
34.564
34.043
34.032
34.481
35.249
36.158
37.043
37.782
38.306
38.597
38.672
38.578
38.371
38.107
37.835
37.583
37.366
37.186
37.043
36.94
36.89
36.916
37.046
37.302
37.69
38.192
38.759
39.317
39.771
40.028
40.007
39.664
39.009
38.118
37.141
36.283
35.768
35.771
36.352
37.422
38.768
40.117
41.208
41.843
41.923
41.463
40.602
39.585
38.717
38.285
38.453
39.197
40.317
41.527
42.555
43.214
43.43
43.233
42.734
42.076
41.396
40.789
40.296
39.911
39.614
39.392
39.265
39.279
39.488
39.919
40.54
41.254
41.916
42.382
42.553
42.412
42.042
41.604
41.294
41.272
41.59
42.163
42.796
43.242
43.284
42.795
41.786
40.426
39.032
37.99
37.619
38.009
38.96
40.069
40.91
41.173
40.746
39.722
38.362
37.013
35.99
35.459
35.383
35.559
35.729
35.678
35.299
34.623
33.827
33.204
33.087
33.701
35.032
36.805
38.598
39.998
40.731
40.728
40.142
39.313
38.661
38.523
38.995
39.889
40.831
41.43
41.403
40.647
39.262
37.538
35.915
34.869
34.73
35.511
36.898
38.408
39.589
40.134
39.933
39.058
37.719
36.189
34.723
33.473
32.464
31.623
30.857
30.13
29.503
29.126
29.178
29.776
30.894
32.346
33.844
35.091
35.865
36.083
35.84
35.407
35.158
35.423
36.317
37.664
39.069
40.094
40.403
39.853
38.519
36.692
34.823
33.413
32.832
33.143
34.074
35.174
36.004
36.268
35.869
34.922
33.743
32.78
32.469
33.032
34.345
36.005
37.526
38.512
38.747
38.233
37.175
35.938
34.948
34.542
34.823
35.611
36.539
37.216
37.349
36.815
35.685
34.219
32.822
31.933
31.847
32.567
33.798
35.108
36.101
36.528
36.322
35.586
34.556
33.53
32.776
32.442
32.513
32.837
33.212
33.462
33.478
33.223
32.717
32.004
31.143
30.2
29.267
28.482
28.029
28.09
28.762
29.976
31.498
33.001
34.16
34.734
34.621
33.883
32.75
31.594
30.834
30.782
31.493
32.726
34.075
35.137
35.643
35.518
34.908
34.148
33.667
33.807
34.633
35.877
37.074
37.759
37.622
36.591
34.85
32.821
31.064
30.08
30.068
30.807
31.816
32.608
32.872
32.522
31.682
30.63
29.697
29.143
29.035
29.226
29.446
29.445
29.113
28.53
27.957
27.73
28.089
29.013
30.21
31.257
31.773
31.534
30.532
28.99
27.331
26.084
25.686
26.247
27.49
28.941
30.159
30.872
31.004
30.672
30.142
29.763
29.838
30.495
31.617
32.905
33.995
34.58
34.478
33.664
32.28
30.619
29.079
28.058
27.793
28.242
29.105
29.974
30.487
30.412
29.671
28.349
26.677
25.006
23.734
23.18
23.427
24.274
25.355
26.308
26.874
26.944
26.558
25.883
25.166
24.662
24.533
24.784
25.28
25.821
26.239
26.452
26.472
26.381
26.285
26.26
26.327
26.442
26.525
26.496
26.303
25.935
25.422
24.826
24.23
23.721
23.379
23.261
23.384
23.722
24.202
24.72
25.165
25.445
25.509
25.367
25.08
24.744
24.447
24.228
24.049
23.811
23.395
22.713
21.751
20.592
19.403
18.406
17.804
17.699
18.052
18.72
19.54
20.386
21.182
21.888
22.471
22.884
23.063
22.944
22.501
21.779
20.931
20.215
19.93
20.273
21.212
22.487
23.749
24.704
25.188
25.198
24.861
24.384
23.964
23.7
23.564
23.434
23.185
22.767
22.23
21.708
21.341
21.201
21.236
21.303
21.242
20.963
20.495
19.992
19.687
19.781
20.321
21.16
22.03
22.667
22.912
22.757
22.347
21.931
21.756
21.938
22.402
22.929
23.288
23.341
23.095
22.685
22.311
22.134
22.197
22.41
22.608
22.649
22.473
22.111
21.661
21.235
20.907
20.693
20.567
20.505
20.522
20.666
20.988
21.483
22.061
22.566
22.837
22.77
22.378
21.812
21.326
21.182
21.505
22.2
23.006
23.638
23.906
23.77
23.336
22.786
22.294
21.93
21.641
21.308
20.844
20.267
19.712
19.363
19.337
19.589
19.916
20.065
19.847
19.21
18.27
17.29
16.603
16.455
16.846
17.534
18.192
18.58
18.627
18.444
18.274
18.363
18.802
19.45
20.017
20.221
19.925
19.22
18.421
17.978
18.224
19.124
20.288
21.233
21.607
21.291
20.413
19.311
18.426
18.098
18.362
18.942
19.458
19.624
19.343
18.7
17.912
17.244
16.901
16.936
17.253
17.684
18.081
18.353
18.459
18.383
18.108
17.614
16.909
16.075
15.303
14.891
15.123
16.063
17.476
18.96
20.13
20.73
20.684
20.116
19.327
18.703
18.533
18.831
19.328
19.654
19.546
18.956
18.075
17.268
16.9
17.095
17.633
18.116
18.212
17.802
17.023
16.231
15.839
16.06
16.724
17.404
17.678
17.303
16.292
14.929
13.744
13.322
13.882
15.061
16.242
16.945
16.969
16.413
15.648
15.193
15.425
16.278
17.301
18.001
18.101
17.647
17.002
16.716
17.177
18.281
19.513
20.318
20.377
19.709
18.682
17.891
17.835
18.532
19.505
20.171
20.182
19.556
18.672
18.115
18.32
19.22
20.297
20.965
20.865
19.96
18.543
17.161
16.402
16.519
17.23
17.98
18.323
18.093
17.41
16.615
16.115
16.154
16.663
17.346
17.905
18.194
18.253
18.246
18.351
18.65
19.094
19.569
19.993
20.365
20.742
21.156
21.542
21.742
21.59
21.022
20.167
19.363
19.036
19.436
20.425
21.576
22.442
22.77
22.554
22.004
21.412
20.996
20.769
20.574
20.244
19.76
19.3
19.138
19.432
20.06
20.684
20.956
20.699
19.989
19.13
18.521
18.413
18.721
19.093
19.152
18.7
17.801
16.765
16.028
15.914
16.4
17.149
17.769
18.019
17.875
17.488
17.103
16.917
16.977
17.173
17.335
17.35
17.227
17.078
17.045
17.201
17.494
17.779
17.909
17.817
17.565
17.333
17.337
17.715
18.418
19.228
19.861
20.08
19.787
19.076
18.259
17.811
18.14
19.29
20.876
22.341
23.226
23.301
22.623
21.527
20.54
20.152
20.512
21.343
22.184
22.698
22.805
22.643
22.436
22.309
22.199
21.921
21.339
20.533
19.822
19.616
20.093
20.995
21.789
21.993
21.404
20.191
18.879
18.159
18.436
19.474
20.611
21.247
21.102
20.258
19.089
18.099
17.652
17.734
18.007
18.098
17.833
17.301
16.778
16.561
16.77
17.273
17.809
18.152
18.207
17.998
17.614
17.147
16.66
16.203
15.848
15.698
15.839
16.266
16.858
17.442
17.889
18.178
18.399
18.68
19.082
19.547
19.922
20.067
19.953
19.693
19.492
19.524
19.81
20.211
20.537
20.685
20.702
20.733
20.903
21.201
21.481
21.571
21.417
21.151
21.042
21.333
22.052
22.996
23.873
24.489
24.824
24.995
25.14
25.299
25.396
25.326
25.084
24.834
24.844
25.309
26.185
27.199
28.016
28.419
28.385
28.053
27.611
27.179
26.765
26.327
25.881
25.549
25.485
25.741
26.176
26.539
26.633
26.451
26.177
26.063
26.222
26.532
26.733
26.643
26.327
26.078
26.211
26.769
27.41
27.61
26.975
25.487
23.606
22.196
22.078
23.335
25.237
26.883
27.717
27.627
26.873
25.912
25.173
24.856
24.902
25.121
25.343
25.463
25.395
25.036
24.304
23.23
22.042
21.138
20.885
21.337
22.165
22.909
23.28
23.291
23.209
23.346
23.795
24.329
24.542
24.097
22.903
21.178
19.41
18.188
17.885
18.408
19.335
20.259
20.961
21.398
21.612
21.665
21.596
21.427
21.158
20.778
20.268
19.637
18.968
18.433
18.218
18.382
18.744
18.96
18.71
17.893
16.749
15.847
15.808
16.75
18.127
19.189
19.423
18.707
17.324
15.877
15.009
14.925
15.192
15.148
14.376
12.906
11.27
10.418
11.029
12.682
14.414
15.532
15.731
15.019
13.657
12.124
11.047
10.913
11.652
12.691
13.425
13.476
