29.514
30.809
31.685
32.095
32.245
32.388
32.603
32.755
32.657
32.295
31.923
31.926
32.515
33.512
34.46
34.954
34.907
34.606
34.507
34.874
35.533
36.002
35.897
35.286
34.788
35.27
37.159
39.98
42.672
44.236
44.176
42.666
40.538
39.006
39.021
40.6
42.885
44.863
45.937
46.072
45.678
45.329
45.452
46.126
47.14
48.204
49.125
49.841
50.346
50.616
50.607
50.332
49.949
49.774
50.16
51.276
52.96
54.762
56.167
56.835
56.752
56.25
55.865
56.069
56.986
58.312
59.515
60.155
60.13
59.741
59.547
60.032
61.272
62.851
64.119
64.565
64.092
63.073
62.166
61.941
62.527
63.545
64.431
64.832
64.835
64.885
65.447
66.602
67.916
68.677
68.328
66.807
64.657
62.85
62.302
63.293
65.306
67.43
68.93
69.55
69.496
69.194
68.973
68.875
68.706
68.27
67.592
66.952
66.709
67.018
67.671
68.204
68.194
67.527
66.492
65.647
65.492
66.145
67.259
68.265
68.719
68.539
68.019
67.643
67.776
68.422
69.216
69.658
69.397
68.408
66.999
65.654
64.778
64.481
64.546
64.605
64.385
63.853
63.2
62.698
62.497
62.531
62.573
62.411
62.006
61.524
61.218
61.225
61.428
61.493
61.077
60.058
58.66
57.388
56.76
56.954
57.646
58.191
58.006
56.88
55.097
53.315
52.23
52.121
52.656
53.128
52.93
51.908
50.452
49.318
49.181
50.159
51.708
53.008
53.446
52.884
51.678
50.474
49.835
49.894
50.304
50.544
50.312
49.741
49.328
49.614
50.763
52.393
53.823
54.492
54.273
53.566
53.114
53.585
55.093
57.093
58.729
59.302
58.577
56.853
54.834
53.3
52.7
52.933
53.537
54.104
54.586
55.285
56.571
58.501
60.653
62.305
62.798
61.861
59.791
57.448
55.976
56.209
58.101
60.744
62.965
63.91
63.331
61.633
59.733
58.685
59.121
60.857
63.038
64.67
65.076
64.1
62.113
59.849
58.111
57.391
57.642
58.379
59.038
59.282
59.11
58.771
58.555
58.583
58.721
58.67
58.165
57.139
55.794
54.519
53.715
53.577
54.003
54.679
55.281
55.629
55.735
55.728
55.734
55.78
55.801
55.725
55.6
55.636
56.127
57.266
58.96
60.81
62.266
62.869
62.447
61.229
59.819
59.006
59.401
61.094
63.604
66.175
68.143
69.169
69.299
68.885
68.42
68.312
68.714
69.488
70.329
70.952
71.234
71.259
71.246
71.427
71.894
72.534
73.061
73.149
72.573
71.319
69.605
67.819
66.366
65.484
65.137
65.054
64.898
64.46
63.756
63.01
62.503
62.39
62.578
62.764
62.608
61.94
60.873
59.797
59.198
59.387
60.285
61.444
62.302
62.482
61.999
61.282
61.014
61.767
63.634
66.145
68.541
70.168
70.761
70.527
70.038
69.94
70.589
71.833
73.129
73.88
73.761
72.877
71.698
70.809
70.58
70.955
71.548
71.949
72.021
72.003
72.349
73.39
75.02
76.675
77.593
77.187
75.318
72.411
69.358
67.193
66.566
67.35
68.757
69.855
70.058
69.355
68.263
67.555
67.819
69.075
70.753
72.036
72.303
71.424
69.868
68.563
68.485
70.076
72.903
75.888
77.863
78.037
76.254
73.076
69.693
67.569
67.738
70.159
73.775
77.219
79.467
80.119
79.408
78.025
76.811
76.361
76.738
77.482
77.917
77.495
76.034
73.765
71.243
69.125
67.892
67.632
68.046
68.65
69.031
69.002
68.621
68.106
67.698
67.528
67.57
67.685
67.735
67.687
67.653
67.848
68.459
69.518
70.839
72.079
72.886
73.072
72.72
72.209
72.091
72.85
74.626
77.095
79.597
81.413
82.031
81.319
79.588
77.53
76.007
75.694
76.724
78.593
80.411
81.283
80.61
78.25
74.569
70.402
66.884
65.062
65.383
67.416
70.126
72.423
73.554
73.276
71.873
70.065
68.772
68.722
70.059
72.252
74.381
75.581
75.366
73.802
71.523
69.576
69.021
70.373
73.281
76.757
79.708
81.356
81.409
80.048
77.79
75.277
73.025
71.259
69.911
68.789
67.79
67.018
66.737
67.181
68.354
69.948
71.45
72.354
72.358
71.477
70.066
68.717
68.051
68.433
69.791
71.666
73.468
74.744
75.348
75.457
75.451
75.711
76.395
77.349
78.198
78.552
78.21
77.266
76.073
75.088
74.647
74.786
75.23
75.55
75.388
74.61
73.361
71.989
70.897
70.355
70.379
70.74
71.099
71.172
70.853
70.251
69.64
69.341
69.576
70.36
71.502
72.691
73.646
74.211
74.407
74.396
74.401
74.6
75.042
75.631
76.173
76.458
76.344
75.796
74.897
73.821
72.778
71.954
71.452
71.262
71.267
71.285
71.139
70.717
70.023
69.191
68.468
68.125
68.354
69.149
70.274
71.331
71.902
71.713
70.764
69.396
68.243
68.024
69.198
71.672
74.812
77.721
79.583
79.885
78.52
75.778
72.261
68.714
65.797
63.852
62.809
62.308
61.936
61.443
60.82
60.262
60.04
60.338
61.141
62.226
63.251
63.898
63.989
63.55
62.813
62.136
61.865
62.176
62.986
63.996
64.833
65.206
65.007
64.337
63.451
62.654
62.176
62.075
62.231
62.404
62.344
61.872
60.93
59.589
58.031
56.514
55.314
54.663
54.684
55.343
56.456
57.734
58.86
59.565
59.686
59.216
58.306
57.248
56.385
55.989
56.137
56.667
57.244
57.493
57.137
56.079
54.429
52.474
50.601
49.175
48.41
48.292
48.611
49.071
49.422
49.547
49.487
49.411
49.536
50.009
50.819
51.78
52.6
52.999
52.815
52.075
50.997
49.929
49.226
49.098
49.511
50.215
50.866
51.164
50.947
50.22
49.13
47.92
46.843
46.093
45.741
45.726
45.903
46.111
46.248
46.319
46.437
46.781
47.507
48.657
50.108
51.597
52.801
53.439
53.348
52.525
51.132
49.461
47.866
46.657
46
45.871
46.083
46.382
46.548
46.458
46.113
45.628
45.194
45.014
45.231
45.861
46.78
47.76
48.542
48.911
48.743
48.031
46.873
45.45
43.977
42.655
41.63
40.971
40.683
40.727
41.046
41.578
42.255
42.995
43.702
44.272
44.608
44.648
44.38
43.853
43.176
42.489
41.926
41.569
41.423
41.42
41.463
41.462
41.37
41.188
40.952
40.706
40.476
40.269
40.075
39.891
39.732
39.635
39.648
39.798
40.072
40.39
40.63
40.656
40.38
39.812
39.098
38.504
38.338
38.81
39.904
41.355
42.752
43.683
43.844
43.11
41.548
39.422
37.166
35.313
34.36
34.56
35.781
37.577
39.396
40.768
41.415
41.283
40.555
39.596
38.846
38.643
39.059
39.869
40.671
41.074
40.83
39.887
38.388
36.633
35.003
33.859
33.427
33.719
34.551
35.648
36.746
37.668
38.339
38.772
39.027
39.162
39.196
39.091
38.774
38.178
37.287
36.159
34.924
33.759
32.832
32.257
32.057
32.169
32.476
32.855
33.204
33.47
33.645
33.768
33.901
34.108
34.43
34.867
35.38
35.903
36.367
36.709
36.888
36.878
36.675
36.291
35.761
35.144
34.529
34.029
33.763
33.834
34.29
35.098
36.138
37.227
38.159
38.755
38.904
38.584
37.872
36.921
35.921
35.043
34.382
33.939
33.635
33.362
33.032
32.608
32.114
31.627
31.252
31.088
31.199
31.574
32.126
32.713
33.171
33.366
33.223
32.744
32.009
31.153
30.327
29.659
29.219
29.007
28.971
29.035
29.126
29.189
29.195
29.132
29.007
28.842
28.668
28.526
28.454
28.472
28.573
28.719
28.844
28.876
28.754
28.453
27.99
27.43
26.87
26.423
26.193
26.243
26.577
27.136
27.806
28.445
28.914
29.109
28.987
28.583
28.003
27.4
26.922
26.652
26.578
26.593
26.551
26.319
25.825
25.067
24.115
23.091
22.142
21.412
21.002
20.944
21.19
21.63
22.128
22.562
22.848
22.956
22.903
22.742
22.541
22.358
22.227
22.152
22.116
22.092
22.059
22.007
21.936
21.851
21.754
21.631
21.46
21.21
20.862
20.415
19.897
19.362
18.879
18.514
18.306
18.259
18.338
18.481
18.621
18.702
18.692
18.588
18.423
18.252
18.135
18.113
18.186
18.313
18.425
18.451
18.349
18.114
17.784
17.427
17.128
16.956
16.947
17.087
17.312
17.531
17.646
17.581
17.3
16.817
16.201
15.558
15.01
14.647
14.504
14.544
14.688
14.849
14.961
14.987
14.923
14.786
14.604
14.408
14.223
14.059
13.916
13.783
13.645
13.498
13.345
13.203
13.089
13.014
12.976
12.957
12.93
12.869
12.758
12.597
12.412
12.257
12.196
12.289
12.557
12.969
13.443
13.879
14.179
14.281
14.158
13.828
13.345
12.79
12.259
11.845
11.612
11.58
11.711
11.924
12.127
12.242
12.227
12.08
11.837
11.561
11.318
11.158
11.101
11.129
11.201
11.267
11.283
11.229
11.108
10.956
10.833
10.8
10.895
11.109
11.389
11.654
11.831
11.869
11.754
11.507
11.177
10.832
10.542
10.363
10.322
10.402
10.55
10.693
10.759
10.702
10.506
10.189
9.7955
9.3825
9.0002
8.6806
8.4326
8.2464
8.1031
7.9831
7.8724
7.7677
7.6796
7.633
7.6575
7.7704
7.9597
8.1814
8.3723
8.4721
8.4412
8.2708
7.9834
7.6271
7.2675
6.9768
6.8201
6.8374
7.0258
7.3359
7.6867
7.9901
8.1734
8.1942
8.047
7.7627
7.3999
7.0307
6.7231
6.5246
6.4532
6.4981
6.6287
6.8048
6.9865
7.1439
7.2651
7.3584
7.4461
7.5488
7.6683
7.7795
7.8383
7.7992
7.6342
7.3438
6.9584
6.5328
6.1359
5.839
5.702
5.7576
5.9969
6.3683
6.7912
7.1771
7.4497
7.5597
7.4942
7.2792
6.9756
6.6651
6.4285
6.3201
6.3498
6.4871
6.6793
6.8708
7.0143
7.0754
7.0374
6.9065
6.7154
6.5196
6.3833
6.3535
6.4368
6.5954
6.7669
6.8907
6.9261
6.8582
6.6959
6.4668
6.2106
5.9724
5.7937
5.7018
5.6999
5.7655
5.8589
5.9379
5.9712
5.9464
5.871
5.7686
5.6716
5.6114
5.6093
5.6706
5.7834
5.9215
6.051
6.1387
6.161
6.113
6.0143
5.9084
5.8511
5.8877
6.0288
6.2429
6.472
6.6563
6.7539
6.7477
6.6452
6.4716
6.2635
6.0637
5.9186
5.8734
5.9631
6.1967
6.5485
6.9623
7.3682
7.701
7.9133
7.9833
7.9164
7.7419
7.5064
7.2629
7.059
6.9252
6.8696
6.8782
6.9237
6.9746
7.004
6.996
6.9492
6.8776
6.8088
6.7771
6.8119
6.9262
7.1081
7.3243
7.5303
7.6834
7.7541
7.7326
7.6315
7.4841
7.3387
7.2479
7.2557
7.3837
7.6249
7.9464
8.2989
8.6278
8.8838
9.0307
9.0523
8.9562
8.7741
8.5571
8.3647
8.2483
8.2364
8.3272
8.4931
8.6923
8.8803
9.0171
9.0721
9.0274
8.8815
8.6529
8.38
8.1153
7.9136
7.8156
7.8353
7.9575
8.1472
8.3639
8.5716
8.7448
8.8711
8.9528
9.0065
9.0594
9.1404
9.2677
9.4393
9.6317
9.8084
9.933
9.9807
9.9447
9.8371
9.6866
9.5349
9.432
9.4285
9.5639
9.8512
10.269
10.763
11.262
11.696
12.006
12.158
12.14
11.965
11.664
11.287
10.895
10.555
10.331
10.266
10.367
10.605
10.925
11.264
11.566
11.793
11.922
11.946
11.873
11.723
11.53
11.334
11.177
11.089
11.076
11.12
11.187
11.243
11.267
11.255
11.219
11.183
11.173
11.212
11.322
11.512
11.783
12.115
12.475
12.817
13.096
13.277
13.345
13.306
13.187
13.025
12.865
12.745
12.693
12.723
12.831
12.996
13.188
13.374
13.525
13.629
13.691
13.73
13.776
13.858
13.997
14.198
14.451
14.733
15.007
15.233
15.366
15.375
15.241
14.973
14.605
14.199
13.831
13.58
13.512
13.665
14.041
14.606
15.297
16.03
16.711
17.252
17.586
17.674
17.521
17.17
16.696
16.201
15.785
15.535
15.498
15.675
16.019
16.45
16.872
17.196
17.354
17.313
17.078
16.698
16.252
15.841
15.569
15.526
15.768
16.301
17.073
17.984
18.908
19.712
20.288
20.569
20.54
20.242
19.765
19.228
18.759
18.474
18.449
18.713
19.24
19.958
20.762
21.533
22.16
22.556
22.674
22.511
22.108
21.542
20.907
20.3
19.802
19.473
19.337
19.393
19.616
19.967
20.402
20.876
21.354
21.807
22.216
22.573
22.873
23.121
23.318
23.467
23.564
23.606
23.591
23.529
23.443
23.365
23.329
23.352
23.426
23.519
23.591
23.608
23.562
23.47
23.374
23.32
23.345
23.468
23.687
23.983
24.33
24.698
25.056
25.373
25.621
25.781
25.851
25.846
25.797
25.748
25.747
25.831
26.019
26.308
26.668
27.051
27.403
27.671
27.819
27.834
27.725
27.526
27.284
27.052
26.88
26.807
26.857
27.035
27.331
27.718
28.158
28.609
29.027
29.377
29.636
29.796
29.864
29.861
29.821
29.776
29.761
29.799
29.899
30.058
30.259
30.478
30.69
30.878
31.036
31.174
31.313
31.477
31.686
31.949
32.259
32.599
32.937
33.241
33.469
33.583
33.554
33.378
33.084
32.748
32.48
32.392
32.555
32.96
33.507
34.041
34.397
34.447
34.132
33.467
32.537
31.478
30.456
29.643
29.183
29.159
29.571
30.326
31.265
32.203
32.971
33.451
33.593
33.425
33.046
32.61
32.289
32.234
32.527
33.15
33.996
34.897
35.677
36.19
36.35
36.141
35.615
34.874
34.051
33.275
32.655
32.26
32.121
32.228
32.545
33.019
33.582
34.171
34.727
35.213
35.615
35.943
36.229
36.51
36.822
37.181
37.578
37.977
38.318
38.527
38.535
38.286
37.748
36.927
35.864
34.647
33.406
32.305
31.515
31.169
31.317
31.898
32.753
33.678
34.474
34.991
35.148
34.949
34.48
33.904
33.435
33.286
33.601
34.396
35.541
36.803
37.914
38.644
38.844
38.469
37.58
36.333
34.952
33.69
32.78
32.375
32.512
33.11
34.001
34.99
35.899
36.598
37.021
37.169
37.098
36.904
36.689
36.537
36.489
36.541
36.649
36.751
36.79
36.728
36.555
36.291
35.98
35.68
35.458
35.366
35.437
35.667
36.014
36.405
36.751
36.962
36.965
36.725
36.245
35.58
34.83
34.133
33.638
33.474
33.708
34.313
35.173
36.103
36.902
37.389
37.442
37.016
36.151
34.972
33.668
32.464
31.576
31.157
31.259
31.82
32.7
33.724
34.726
35.578
36.198
36.558
36.677
36.607
36.423
36.199
35.994
35.837
35.732
35.662
35.604
35.542
35.478
35.433
35.441
35.544
35.772
36.132
36.6
37.117
37.593
37.927
38.027
37.83
37.32
36.544
35.611
34.682
33.939
33.543
33.582
34.043
34.809
35.7
36.517
37.088
37.297
37.107
36.572
35.83
35.083
34.538
34.343
34.525
34.982
35.53
35.971
36.161
36.036
35.617
34.988
34.267
33.569
32.983
32.553
32.281
32.146
32.121
32.197
32.383
32.699
33.152
33.719
34.331
34.89
35.299
35.493
35.471
35.301
35.105
35.022
35.161
35.553
36.135
36.764
37.257
37.446
37.228
36.603
35.703
34.783
34.154
34.064
34.566
35.472
36.433
37.088
37.182
36.635
35.551
34.178
32.841
31.835
31.322
31.281
31.542
31.876
32.083
32.043
31.748
31.31
30.941
30.899
31.367
32.351
33.647
34.918
35.826
36.146
35.834
35.044
34.102
33.401
33.252
33.732
34.643
35.617
36.269
36.315
35.635
34.298
32.569
30.877
29.727
29.501
30.246
31.637
33.161
34.341
34.867
34.633
33.721
32.359
30.841
29.444
28.341
27.554
26.987
26.504
26.018
25.544
25.208
25.205
25.705
26.751
28.204
29.789
31.188
32.139
32.506
32.318
31.769
31.174
30.868
31.053
31.697
32.55
33.268
33.553
33.246
32.365
31.105
29.81
28.878
28.618
29.093
30.079
31.182
31.998
32.242
31.81
30.794
29.481
28.285
27.617
27.7
28.44
29.49
30.43
30.933
30.837
30.168
29.116
27.997
27.159
26.864
27.162
27.871
28.669
29.227
29.315
28.854
27.931
26.792
25.786
25.255
25.378
26.077
27.065
27.993
28.58
28.678
28.28
27.506
26.562
25.691
25.105
24.919
25.12
25.59
26.167
26.701
27.085
27.261
27.207
26.921
26.422
25.746
24.973
24.234
23.709
23.582
23.956
24.784
25.874
26.952
27.757
28.103
27.92
27.268
26.335
25.418
24.855
24.905
25.625
26.827
28.174
29.314
29.989
30.102
29.739
29.158
28.714
28.709
29.232
30.088
30.905
31.299
31.017
30.013
28.46
26.728
25.294
24.563
24.663
25.374
26.274
26.952
27.14
26.75
25.871
24.741
23.69
23.037
22.946
23.332
23.919
24.393
24.547
24.354
23.982
23.72
23.84
24.427
25.312
26.155
26.608
26.439
25.599
24.246
22.736
21.555
21.15
21.685
22.934
24.442
25.763
26.595
26.827
26.543
26.005
25.589
25.65
26.348
27.544
28.876
29.925
30.358
30.003
28.88
27.197
25.33
23.745
22.853
22.809
23.428
24.313
25.057
25.373
25.127
24.331
23.122
21.739
20.489
19.681
19.517
19.993
20.906
21.954
22.858
23.423
23.566
23.313
22.787
22.175
21.68
21.447
21.515
21.81
22.192
22.525
22.724
22.775
22.722
22.643
22.616
22.687
22.859
23.092
23.324
23.487
23.531
23.435
23.21
22.904
22.598
22.391
22.378
22.612
23.083
23.709
24.355
24.879
25.164
25.155
24.873
24.403
23.874
23.404
23.053
22.793
22.523
22.118
21.486
20.604
19.541
18.444
17.505
16.909
16.761
17.054
17.69
18.539
19.495
20.483
21.453
22.352
23.108
23.629
23.824
23.64
23.097
22.327
21.567
21.11
21.177
21.785
22.731
23.7
24.407
24.692
24.545
24.083
23.499
22.968
22.575
22.281
21.968
21.517
20.885
20.138
19.44
18.982
18.885
19.126
19.546
19.943
20.172
20.22
20.215
20.383
20.927
21.892
23.114
24.302
25.167
25.533
25.397
24.933
24.44
24.214
24.396
24.892
25.44
25.76
25.681
25.201
24.471
23.73
23.189
22.936
22.9
22.912
22.817
22.551
22.162
21.782
21.554
21.549
21.738
22.014
22.269
22.463
22.645
22.922
23.377
23.993
24.635
25.101
25.218
24.934
24.367
23.79
23.531
23.798
24.536
25.457
26.199
26.495
26.257
25.586
24.716
23.91
23.339
23.005
22.775
22.494
22.097
21.655
21.334
21.288
21.545
21.963
22.299
22.33
21.953
21.241
20.447
19.935
20.007
20.713
21.804
22.895
23.659
23.947
23.817
23.497
23.27
23.316
23.603
23.911
23.989
23.714
23.19
22.728
22.711
23.332
24.435
25.595
26.35
26.391
25.659
24.362
22.939
21.92
21.681
22.201
23.099
23.9
24.267
24.096
23.509
22.795
22.307
22.303
22.828
23.705
24.664
25.462
25.952
26.082
25.865
25.346
24.58
23.648
22.688
21.924
21.644
22.072
23.213
24.8
26.419
27.666
28.278
28.191
27.555
26.697
26.008
25.754
25.922
26.235
26.325
25.931
25.019
23.815
22.728
22.172
22.306
22.916
23.574
23.902
23.747
23.235
22.713
22.576
23.017
23.868
24.698
25.054
24.664
23.556
22.102
20.977
20.878
22.015
23.915
25.806
27.063
27.409
26.954
26.146
25.597
25.743
26.534
27.474
27.978
27.709
26.748
25.599
24.996
25.436
26.745
28.207
29.062
28.88
27.707
26.072
24.825
24.681
25.664
27.095
28.146
28.313
27.582
26.402
25.505
25.49
26.383
27.617
28.468
28.445
27.457
25.822
24.168
23.176
23.161
23.84
24.586
24.861
24.469
23.601
22.743
22.437
22.92
23.954
25.022
25.679
25.757
25.405
25.005
24.966
25.472
26.389
27.399
28.239
28.83
29.261
29.651
30.008
30.175
29.931
29.167
28.052
27.069
26.843
27.723
29.46
31.369
32.748
33.179
32.62
31.378
29.96
28.841
28.214
27.933
27.718
27.424
27.168
27.229
27.783
28.685
29.502
29.762
29.194
27.87
26.225
24.925
24.508
24.991
25.836
26.357
26.098
25.005
23.441
22.088
21.633
22.292
23.64
24.976
25.76
25.793
25.214
24.412
23.854
23.83
24.297
24.944
25.425
25.55
25.354
25.05
24.899
25.053
25.461
25.914
26.192
26.195
26.007
25.862
26.024
26.612
27.495
28.35
28.82
28.69
28.003
27.111
26.6
27.016
28.469
30.519
32.448
33.62
33.697
32.711
31.07
29.445
28.513
28.568
29.352
30.308
30.972
31.192
31.1
30.941
30.859
30.782
30.493
29.846
28.947
28.192
28.064
28.766
29.981
31.054
31.374
30.656
29.07
27.232
25.991
25.94
26.936
28.237
29.072
29.038
28.2
27.014
26.102
25.885
26.3
26.885
27.142
26.825
26.039
25.173
24.697
24.885
25.645
26.619
27.426
27.822
27.738
27.232
26.431
25.492
24.604
23.975
23.785
24.092
24.764
25.528
26.109
26.371
26.387
26.396
26.658
27.257
28.026
28.651
28.877
28.668
28.243
27.972
28.147
28.776
29.582
30.218
30.489
30.444
30.309
30.309
30.496
30.715
30.759
30.56
30.291
30.285
30.799
31.793
32.94
33.849
34.308
34.383
34.347
34.47
34.81
35.169
35.257
34.936
34.369
33.975
34.186
35.125
36.491
37.758
38.478
38.47
37.834
36.86
35.865
35.069
34.556
34.327
34.363
34.616
34.965
35.204
35.139
34.719
34.131
33.744
33.89
34.598
35.534
36.232
36.41
36.155
35.877
36.029
36.718
37.543
37.833
37.057
35.143
32.621
30.55
30.009
31.253
33.471
35.513
36.594
36.504
35.539
34.289
33.347
33.021
33.239
33.705
34.118
34.275
34.039
33.296
31.977
30.148
28.111
26.404
25.588
25.856
26.843
27.917
28.609
28.824
28.802
28.894
29.264
29.726
29.862
29.294
27.901
25.914
23.86
22.366
21.812
22.102
22.813
23.562
24.185
24.702
25.181
25.632
25.992
26.173
26.118
25.82
25.302
24.607
23.804
23.016
22.404
22.083
22.013
21.979
21.704
21.046
20.148
19.458
19.502
20.447
21.885
23.132
23.636
23.19
21.993
20.572
19.54
19.192
19.25
19.112
18.3
16.748
14.916
13.737
14.061
15.729
17.759
19.249
19.709
19.055
17.554
15.796
14.571
14.467
15.352
16.5
17.192
17.021
