45.207
47.176
48.555
49.207
49.384
49.471
49.669
49.864
49.788
49.334
48.761
48.6
49.264
50.672
52.249
53.345
53.671
53.481
53.389
53.893
54.935
55.914
56.197
55.689
55.107
55.691
58.288
62.49
66.815
69.637
69.972
67.87
64.492
61.784
61.486
63.871
67.587
70.846
72.528
72.545
71.679
71.064
71.505
73.028
75.035
76.864
78.204
79.14
79.892
80.517
80.834
80.622
79.942
79.312
79.526
81.145
84.007
87.231
89.725
90.765
90.348
89.2
88.429
88.905
90.703
93.093
95.071
95.987
95.88
95.445
95.631
97.047
99.543
102.3
104.33
105.01
104.38
103.06
101.99
101.89
102.88
104.45
105.86
106.69
107.01
107.37
108.34
110.03
111.92
113.1
112.78
110.75
107.65
104.75
103.42
104.32
106.97
110.13
112.61
113.82
113.91
113.5
113.19
113.17
113.14
112.68
111.63
110.36
109.57
109.77
110.87
112.11
112.56
111.71
109.84
107.95
107.19
108.17
110.42
112.77
114.08
113.89
112.66
111.42
111.17
112.19
113.81
114.94
114.7
112.94
110.32
107.9
106.58
106.51
107.1
107.48
107.07
105.91
104.53
103.55
103.25
103.4
103.48
103.12
102.35
101.62
101.38
101.76
102.32
102.34
101.27
99.09
96.448
94.365
93.656
94.349
95.614
96.28
95.5
93.176
90.016
87.216
85.799
85.954
86.906
87.475
86.817
84.879
82.443
80.745
80.745
82.442
84.861
86.705
87.069
85.808
83.539
81.319
80.069
80.029
80.668
81.138
80.884
79.998
79.161
79.198
80.471
82.56
84.522
85.498
85.22
84.195
83.493
84.138
86.388
89.484
92.12
93.155
92.121
89.388
86.008
83.257
81.979
82.159
83.111
84.126
85.011
86.139
88.041
90.825
93.877
96.107
96.512
94.705
91.218
87.472
85.276
85.815
88.782
92.591
95.417
96.088
94.469
91.45
88.6
87.445
88.595
91.368
94.315
96.064
95.871
93.775
90.477
87.042
84.461
83.22
83.144
83.624
84.029
84.022
83.621
83.082
82.676
82.491
82.362
81.967
81.002
79.361
77.214
74.984
73.198
72.266
72.283
72.996
73.941
74.671
74.912
74.626
73.966
73.182
72.522
72.165
72.218
72.746
73.781
75.281
77.073
78.817
80.071
80.426
79.686
78.016
76
74.522
74.422
76.024
78.9
82.098
84.617
85.808
85.567
84.33
82.878
82.003
82.112
83.051
84.256
85.124
85.33
84.949
84.361
84.003
84.092
84.488
84.781
84.528
83.493
81.764
79.712
77.825
76.471
75.728
75.381
75.094
74.618
73.923
73.176
72.619
72.384
72.395
72.393
72.085
71.314
70.171
68.981
68.171
68.043
68.592
69.484
70.229
70.431
69.99
69.183
68.578
68.79
70.14
72.444
75.1
77.4
78.847
79.339
79.182
78.936
79.13
79.965
81.201
82.304
82.76
82.336
81.195
79.813
78.74
78.295
78.4
78.68
78.752
78.506
78.196
78.281
79.095
80.541
82.052
82.854
82.334
80.328
77.241
73.959
71.521
70.596
71.079
72.186
72.966
72.817
71.74
70.307
69.376
69.596
70.973
72.84
74.251
74.48
73.345
71.329
69.447
68.818
70.007
72.604
75.452
77.283
77.253
75.221
71.822
68.345
66.296
66.622
69.087
72.489
75.465
77.121
77.26
76.318
75.113
74.442
74.675
75.573
76.483
76.713
75.855
73.916
71.29
68.606
66.48
65.275
64.975
65.265
65.738
66.09
66.193
66.074
65.839
65.588
65.369
65.181
65.01
64.871
64.828
64.978
65.4
66.096
66.966
67.822
68.444
68.664
68.444
67.916
67.385
67.246
67.833
69.248
71.266
73.402
75.08
75.833
75.459
74.109
72.285
70.713
70.066
70.623
72.083
73.692
74.581
74.094
71.992
68.542
64.513
61.031
59.199
59.53
61.609
64.372
66.695
67.815
67.488
66
64.063
62.582
62.274
63.291
65.134
66.952
67.961
67.744
66.384
64.455
62.856
62.453
63.623
66.038
68.878
71.261
72.575
72.609
71.528
69.752
67.774
65.966
64.462
63.174
61.937
60.682
59.532
58.767
58.675
59.357
60.621
62.047
63.161
63.622
63.343
62.522
61.592
61.058
61.289
62.326
63.874
65.464
66.671
67.288
67.374
67.201
67.102
67.295
67.759
68.25
68.448
68.126
67.276
66.126
65.045
64.369
64.228
64.476
64.774
64.775
64.282
63.331
62.177
61.181
60.655
60.708
61.204
61.833
62.272
62.317
61.966
61.408
60.949
60.872
61.298
62.122
63.062
63.796
64.099
63.935
63.465
62.973
62.742
62.912
63.409
63.977
64.301
64.137
63.403
62.209
60.82
59.574
58.758
58.504
58.742
59.239
59.698
59.868
59.613
58.954
58.065
57.233
56.774
56.912
57.666
58.822
59.998
60.784
60.892
60.271
59.166
58.09
57.673
58.382
60.247
62.814
65.35
67.135
67.672
66.786
64.637
61.659
58.447
55.589
53.476
52.189
51.53
51.189
50.924
50.663
50.499
50.612
51.145
52.107
53.338
54.566
55.504
55.956
55.884
55.439
54.922
54.679
54.963
55.808
57.013
58.236
59.144
59.53
59.37
58.812
58.111
57.528
57.234
57.246
57.44
57.611
57.556
57.141
56.339
55.236
54.024
52.962
52.328
52.328
53.025
54.295
55.853
57.334
58.395
58.799
58.482
57.579
56.41
55.394
54.902
55.094
55.827
56.725
57.337
57.315
56.514
55.037
53.204
51.462
50.239
49.78
50.046
50.754
51.519
52.022
52.12
51.883
51.567
51.506
51.959
52.959
54.274
55.501
56.239
56.239
55.503
54.29
53.047
52.241
52.154
52.739
53.661
54.467
54.779
54.41
53.395
51.961
50.443
49.179
48.394
48.127
48.238
48.491
48.667
48.666
48.548
48.519
48.847
49.727
51.161
52.923
54.634
55.901
56.434
56.12
55.044
53.46
51.724
50.187
49.087
48.475
48.229
48.13
47.97
47.622
47.078
46.437
45.872
45.572
45.672
46.199
47.059
48.058
48.966
49.57
49.72
49.353
48.491
47.233
45.734
44.177
42.747
41.604
40.858
40.559
40.689
41.174
41.896
42.717
43.497
44.108
44.455
44.482
44.184
43.611
42.865
42.078
41.386
40.89
40.629
40.571
40.636
40.73
40.777
40.741
40.623
40.447
40.243
40.036
39.835
39.644
39.467
39.316
39.211
39.169
39.189
39.24
39.255
39.145
38.828
38.268
37.508
36.695
36.052
35.809
36.096
36.854
37.84
38.711
39.138
38.893
37.901
36.248
34.182
32.086
30.417
29.582
29.769
30.837
32.388
33.944
35.106
35.635
35.49
34.831
33.986
33.345
33.208
33.629
34.391
35.125
35.474
35.215
34.308
32.894
31.256
29.755
28.731
28.386
28.707
29.492
30.449
31.318
31.934
32.257
32.356
32.367
32.424
32.592
32.823
32.981
32.9
32.46
31.635
30.512
29.279
28.17
27.402
27.097
27.247
27.722
28.337
28.91
29.306
29.458
29.37
29.114
28.804
28.565
28.486
28.595
28.844
29.141
29.38
29.473
29.371
29.068
28.59
27.991
27.347
26.741
26.265
26
26.009
26.312
26.87
27.589
28.33
28.941
29.29
29.298
28.956
28.335
27.57
26.823
26.231
25.861
25.686
25.61
25.518
25.322
24.989
24.55
24.093
23.742
23.622
23.817
24.331
25.07
25.871
26.549
26.947
26.976
26.634
26.001
25.226
24.476
23.896
23.555
23.44
23.474
23.558
23.606
23.568
23.433
23.217
22.956
22.692
22.464
22.295
22.192
22.14
22.109
22.063
21.959
21.764
21.453
21.02
20.476
19.859
19.223
18.638
18.172
17.885
17.802
17.913
18.166
18.475
18.745
18.887
18.848
18.621
18.256
17.848
17.507
17.315
17.287
17.363
17.439
17.407
17.2
16.804
16.262
15.665
15.128
14.765
14.657
14.824
15.217
15.736
16.266
16.707
16.996
17.12
17.112
17.035
16.961
16.943
16.993
17.086
17.17
17.195
17.128
16.97
16.748
16.512
16.308
16.165
16.08
16.02
15.934
15.775
15.518
15.172
14.778
14.399
14.103
13.936
13.908
13.991
14.126
14.248
14.301
14.258
14.125
13.94
13.767
13.673
13.7
13.85
14.077
14.31
14.476
14.525
14.441
14.25
14.012
13.805
13.701
13.742
13.913
14.152
14.365
14.463
14.382
14.106
13.668
13.144
12.638
12.247
12.031
11.993
12.081
12.219
12.336
12.384
12.344
12.222
12.045
11.85
11.668
11.524
11.421
11.346
11.278
11.199
11.102
10.997
10.903
10.842
10.825
10.847
10.887
10.913
10.892
10.807
10.661
10.481
10.321
10.241
10.293
10.492
10.808
11.18
11.533
11.8
11.937
11.923
11.768
11.507
11.202
10.929
10.764
10.756
10.904
11.159
11.44
11.669
11.792
11.794
11.696
11.546
11.402
11.312
11.298
11.355
11.45
11.537
11.575
11.533
11.407
11.215
11.003
10.827
10.734
10.739
10.824
10.939
11.027
11.046
10.973
10.815
10.599
10.368
10.171
10.055
10.049
10.159
10.359
10.605
10.842
11.027
11.131
11.151
11.104
11.014
10.911
10.816
10.738
10.674
10.618
10.559
10.495
10.431
10.384
10.369
10.397
10.46
10.531
10.568
10.529
10.387
10.134
9.7907
9.3998
9.0201
8.719
8.5624
8.5988
8.842
9.2605
9.7824
10.315
10.769
11.076
11.202
11.15
10.958
10.685
10.402
10.172
10.039
10.02
10.109
10.281
10.501
10.733
10.951
11.143
11.314
11.476
11.638
11.796
11.928
12.001
11.986
11.866
11.647
11.361
11.057
10.794
10.63
10.608
10.746
11.026
11.401
11.802
12.152
12.39
12.475
12.402
12.198
11.916
11.624
11.388
11.254
11.235
11.317
11.46
11.618
11.744
11.806
11.791
11.708
11.592
11.493
11.469
11.556
11.76
12.048
12.362
12.64
12.829
12.903
12.857
12.715
12.515
12.308
12.147
12.074
12.113
12.263
12.498
12.775
13.046
13.268
13.413
13.473
13.456
13.384
13.284
13.18
13.093
13.029
12.988
12.961
12.938
12.916
12.904
12.925
13.01
13.183
13.443
13.76
14.075
14.32
14.442
14.413
14.237
13.949
13.602
13.257
12.969
12.788
12.753
12.885
13.176
13.585
14.036
14.438
14.704
14.774
14.624
14.27
13.765
13.185
12.615
12.133
11.799
11.644
11.669
11.849
12.139
12.484
12.832
13.144
13.395
13.577
13.7
13.782
13.843
13.904
13.978
14.07
14.183
14.316
14.47
14.647
14.855
15.099
15.382
15.699
16.037
16.372
16.678
16.922
17.08
17.133
17.073
16.913
16.676
16.403
16.142
15.936
15.816
15.794
15.86
15.988
16.14
16.278
16.367
16.377
16.291
16.109
15.85
15.55
15.259
15.024
14.885
14.859
14.943
15.116
15.347
15.603
15.858
16.091
16.293
16.469
16.629
16.788
16.955
17.128
17.3
17.457
17.59
17.697
17.787
17.875
17.982
18.126
18.329
18.607
18.966
19.398
19.875
20.35
20.768
21.078
21.244
21.252
21.109
20.842
20.487
20.092
19.712
19.405
19.225
19.21
19.369
19.675
20.073
20.492
20.864
21.132
21.259
21.224
21.026
20.68
20.22
19.698
19.173
18.709
18.352
18.128
18.04
18.068
18.188
18.374
18.606
18.863
19.127
19.382
19.617
19.829
20.023
20.203
20.37
20.517
20.63
20.697
20.712
20.679
20.612
20.528
20.446
20.382
20.347
20.348
20.389
20.47
20.587
20.733
20.899
21.079
21.269
21.472
21.688
21.917
22.147
22.361
22.536
22.648
22.678
22.611
22.443
22.177
21.835
21.45
21.075
20.774
20.611
20.637
20.876
21.319
21.926
22.635
23.371
24.053
24.604
24.958
25.07
24.924
24.543
23.987
23.352
22.749
22.287
22.039
22.03
22.225
22.553
22.921
23.238
23.433
23.46
23.306
22.993
22.578
22.146
21.801
21.644
21.754
22.162
22.839
23.702
24.63
25.495
26.182
26.609
26.741
26.596
26.24
25.776
25.323
24.996
24.875
24.997
25.344
25.858
26.448
27.012
27.451
27.688
27.676
27.411
26.928
26.3
25.623
24.991
24.484
24.151
24.002
24.024
24.181
24.433
24.742
25.075
25.408
25.722
26.007
26.257
26.465
26.628
26.741
26.799
26.8
26.745
26.644
26.511
26.374
26.259
26.196
26.201
26.273
26.391
26.52
26.626
26.683
26.687
26.653
26.612
26.595
26.629
26.728
26.891
27.112
27.379
27.678
27.995
28.309
28.6
28.844
29.023
29.127
29.161
29.141
29.094
29.045
29.017
29.018
29.045
29.082
29.107
29.098
29.036
28.91
28.715
28.455
28.143
27.8
27.456
27.15
26.921
26.804
26.823
26.988
27.289
27.696
28.167
28.652
29.101
29.473
29.743
29.904
29.97
29.966
29.926
29.883
29.863
29.881
29.941
30.043
30.185
30.367
30.596
30.886
31.246
31.683
32.187
32.737
33.295
33.814
34.246
34.546
34.679
34.631
34.411
34.066
33.68
33.357
33.201
33.268
33.54
33.92
34.256
34.389
34.2
33.636
32.721
31.551
30.277
29.076
28.126
27.567
27.476
27.84
28.555
29.46
30.368
31.112
31.576
31.714
31.561
31.219
30.839
30.58
30.569
30.854
31.399
32.093
32.789
33.342
33.642
33.633
33.312
32.736
31.996
31.204
30.469
29.878
29.485
29.312
29.357
29.6
30.011
30.549
31.165
31.807
32.424
32.97
33.412
33.731
33.93
34.025
34.045
34.019
33.964
33.883
33.757
33.556
33.247
32.811
32.248
31.585
30.874
30.194
29.646
29.332
29.338
29.693
30.356
31.211
32.096
32.848
33.337
33.494
33.328
32.925
32.431
32.027
31.881
32.096
32.673
33.507
34.421
35.217
35.722
35.825
35.495
34.787
33.825
32.786
31.859
31.209
30.931
31.035
31.456
32.077
32.769
33.418
33.944
34.306
34.508
34.591
34.615
34.647
34.733
34.887
35.087
35.281
35.407
35.409
35.255
34.937
34.484
33.947
33.403
32.939
32.637
32.562
32.74
33.147
33.709
34.316
34.846
35.186
35.262
35.052
34.595
33.988
33.372
32.902
32.707
32.851
33.309
33.974
34.685
35.27
35.584
35.531
35.086
34.296
33.274
32.188
31.226
30.557
30.286
30.429
30.914
31.62
32.41
33.166
33.801
34.266
34.54
34.628
34.555
34.356
34.076
33.763
33.469
33.237
33.103
33.086
33.189
33.399
33.694
34.053
34.458
34.895
35.355
35.821
36.261
36.625
36.843
36.844
36.569
35.989
35.133
34.091
33.02
32.12
31.587
31.551
32.021
32.875
33.898
34.845
35.503
35.727
35.468
34.789
33.857
32.925
32.267
32.086
32.426
33.157
34.03
34.786
35.231
35.279
34.952
34.358
33.646
32.962
32.41
32.027
31.79
31.647
31.546
31.469
31.442
31.527
31.791
32.27
32.939
33.709
34.456
35.063
35.467
35.676
35.772
35.876
36.105
36.516
37.074
37.658
38.096
38.224
37.941
37.248
36.276
35.279
34.576
34.434
34.937
35.925
37.065
37.99
38.424
38.252
37.538
36.489
35.398
34.537
34.072
33.998
34.171
34.382
34.444
34.255
33.824
33.285
32.865
32.823
33.334
34.387
35.762
37.112
38.092
38.468
38.187
37.4
36.432
35.689
35.493
35.933
36.812
37.75
38.349
38.316
37.536
36.094
34.274
32.526
31.361
31.156
31.956
33.439
35.094
36.445
37.168
37.138
36.418
35.21
33.794
32.44
31.324
30.486
29.852
29.31
28.787
28.303
27.968
27.938
28.335
29.171
30.321
31.561
32.646
33.381
33.683
33.605
33.333
33.132
33.248
33.787
34.659
35.611
36.338
36.592
36.258
35.391
34.204
33.028
32.216
32.008
32.42
33.236
34.112
34.714
34.819
34.364
33.465
32.399
31.532
31.192
31.518
32.38
33.444
34.327
34.729
34.511
33.715
32.555
31.369
30.523
30.275
30.653
31.448
32.313
32.91
33.006
32.523
31.552
30.347
29.273
28.701
28.858
29.709
30.984
32.314
33.373
33.958
34.015
33.621
32.953
32.231
31.654
31.342
31.307
31.477
31.74
31.995
32.174
32.242
32.178
31.96
31.56
30.965
30.207
29.394
28.717
28.408
28.643
29.445
30.644
31.937
33.002
33.591
33.588
33.036
32.137
31.217
30.639
30.666
31.333
32.422
33.569
34.41
34.707
34.412
33.69
32.89
32.437
32.637
33.499
34.711
35.795
36.312
35.994
34.82
33.019
31.04
29.441
28.677
28.865
29.72
30.747
31.488
31.666
31.225
30.313
29.221
28.296
27.805
27.811
28.15
28.534
28.7
28.528
28.09
27.62
27.422
27.7
28.43
29.351
30.098
30.35
29.939
28.896
27.453
26.005
25
24.76
25.313
26.388
27.586
28.561
29.116
29.225
29.018
28.739
28.665
28.997
29.769
30.826
31.893
32.678
32.957
32.625
31.714
30.399
28.975
27.797
27.175
27.242
27.883
28.797
29.626
30.067
29.939
29.201
27.954
26.432
24.966
23.912
23.522
23.816
24.569
25.427
26.059
26.245
25.922
25.191
24.292
23.54
23.212
23.411
24.014
24.752
25.346
25.622
25.545
25.213
24.805
24.503
24.413
24.521
24.713
24.842
24.79
24.509
24.022
23.411
22.788
22.26
21.903
21.755
21.816
22.061
22.451
22.93
23.43
23.868
24.166
24.265
24.151
23.868
23.51
23.19
22.992
22.926
22.91
22.808
22.488
21.877
20.996
19.97
19.001
18.31
18.053
18.248
18.784
19.491
20.22
20.885
21.451
21.918
22.28
22.515
22.577
22.429
22.078
21.602
21.168
20.985
21.221
21.899
22.876
23.906
24.753
25.268
25.425
25.311
25.068
24.829
24.645
24.472
24.203
23.748
23.088
22.309
21.567
21.027
20.768
20.735
20.772
20.705
20.439
20.009
19.579
19.39
19.63
20.312
21.25
22.152
22.75
22.898
22.618
22.101
21.647
21.54
21.89
22.566
23.273
23.716
23.718
23.273
22.54
21.776
21.23
21.022
21.087
21.237
21.268
21.066
20.627
20.047
19.46
18.976
18.64
18.436
18.327
18.303
18.397
18.652
19.07
19.575
20.022
20.257
20.187
19.831
19.345
18.988
19.008
19.501
20.334
21.224
21.884
22.141
21.976
21.518
20.977
20.548
20.309
20.191
20.043
19.739
19.262
18.723
18.308
18.167
18.309
18.58
18.751
18.634
18.167
17.452
16.736
16.324
16.423
16.998
17.792
18.485
18.847
18.809
18.481
18.108
17.955
18.154
18.613
19.075
19.281
19.107
18.636
18.143
17.979
18.355
19.172
20.083
20.696
20.749
20.194
19.204
18.136
17.398
17.244
17.612
18.183
18.607
18.665
18.327
17.732
17.125
16.747
16.726
17.026
17.495
17.973
18.353
18.602
18.721
18.707
18.518
18.093
17.393
16.474
15.545
14.977
15.152
16.181
17.779
19.452
20.74
21.349
21.203
20.448
19.431
18.602
18.307
18.571
19.088
19.447
19.363
18.792
17.943
17.193
16.902
17.163
17.73
18.198
18.247
17.776
16.936
16.091
15.66
15.855
16.507
17.189
17.48
17.139
16.173
14.854
13.694
13.265
13.795
14.955
16.153
16.922
17.062
16.662
16.064
15.734
16.001
16.804
17.746
18.385
18.465
18.02
17.37
17
17.27
18.125
19.139
19.829
19.909
19.406
18.65
18.144
18.272
18.999
19.904
20.499
20.494
19.917
19.097
18.532
18.597
19.262
20.113
20.648
20.533
19.708
18.381
16.974
15.96
15.609
15.799
16.139
16.265
16.02
15.489
14.933
14.655
14.809
15.303
15.887
16.325
16.51
16.484
16.385
16.365
16.51
16.813
17.22
17.699
18.257
18.897
19.554
20.076
20.271
20.003
19.298
18.412
17.803
17.927
18.899
20.374
21.801
22.733
22.967
22.568
21.811
21.052
20.545
20.307
20.167
19.937
19.592
19.303
19.323
19.767
20.475
21.092
21.271
20.851
19.929
18.851
18.074
17.906
18.273
18.774
18.973
18.623
17.757
16.678
15.852
15.669
16.167
17.015
17.78
18.171
18.114
17.738
17.288
17.004
16.992
17.18
17.391
17.47
17.368
17.157
16.979
16.96
17.126
17.39
17.614
17.691
17.611
17.473
17.441
17.663
18.168
18.835
19.447
19.784
19.725
19.305
18.742
18.396
18.599
19.432
20.638
21.775
22.439
22.419
21.753
20.739
19.845
19.499
19.822
20.557
21.296
21.748
21.856
21.77
21.704
21.765
21.871
21.823
21.48
20.896
20.347
20.191
20.593
21.358
22.038
22.212
21.696
20.633
19.474
18.791
18.919
19.677
20.53
20.981
20.807
20.111
19.25
18.656
18.569
18.878
19.238
19.329
19.033
18.469
17.919
17.67
17.835
18.296
18.806
19.147
19.209
18.989
18.552
17.987
17.395
16.892
16.616
16.676
17.079
17.687
18.271
18.626
18.676
18.518
18.396
18.56
19.094
19.834
20.476
20.765
20.631
20.231
19.879
19.873
20.289
20.929
21.483
21.727
21.638
21.38
21.191
21.22
21.442
21.704
21.875
21.957
22.078
22.39
22.923
23.551
24.068
24.333
24.349
24.25
24.202
24.276
24.401
24.441
24.328
24.151
24.128
24.46
25.171
26.058
26.815
27.201
27.138
26.712
26.11
25.514
25.038
24.721
24.581
24.642
24.896
25.257
25.553
25.61
25.368
24.956
24.651
24.715
25.18
25.798
26.215
26.211
25.849
25.459
25.426
25.871
26.5
26.79
26.313
24.999
23.251
21.888
21.742
22.972
24.913
26.669
27.635
27.641
26.89
25.82
24.902
24.431
24.416
24.668
24.954
25.101
24.99
24.546
23.745
22.673
21.57
20.789
20.612
21.039
21.759
22.382
22.673
22.667
22.606
22.747
23.144
23.566
23.644
23.096
21.881
20.257
18.717
17.783
17.688
18.219
18.952
19.569
19.979
20.253
20.494
20.735
20.91
20.916
20.683
20.213
19.579
18.896
18.291
17.878
17.718
17.778
17.918
17.929
17.631
16.979
16.132
15.45
15.317
15.848
16.748
17.531
17.813
17.462
16.626
15.658
14.927
14.564
14.359
13.933
13.027
11.689
10.352
9.7618
10.401
11.903
13.493
14.58
14.88
14.373
13.27
11.985
11.059
10.902
11.455
12.236
12.728
12.622
