44.973
47.055
48.631
49.467
49.706
49.684
49.669
49.692
49.607
49.308
48.909
48.726
49.047
49.875
50.891
51.694
52.105
52.289
52.617
53.317
54.213
54.803
54.66
53.864
53.197
53.834
56.483
60.66
64.927
67.752
68.207
66.311
63.107
60.395
59.881
61.99
65.587
68.976
70.982
71.362
70.714
70.07
70.295
71.612
73.603
75.632
77.271
78.427
79.201
79.666
79.771
79.45
78.849
78.445
78.899
80.634
83.449
86.532
88.897
89.894
89.541
88.539
87.958
88.623
90.578
93.067
95.068
95.922
95.697
95.153
95.327
96.87
99.582
102.53
104.63
105.25
104.5
103.18
102.38
102.84
104.52
106.69
108.45
109.35
109.6
109.93
111.03
113.02
115.25
116.65
116.32
114.09
110.68
107.53
106.12
107.15
110.08
113.59
116.4
117.92
118.28
118.09
117.91
117.9
117.78
117.19
116.08
114.89
114.3
114.78
116.09
117.41
117.76
116.7
114.57
112.49
111.71
112.83
115.33
117.92
119.34
119.09
117.61
116.02
115.45
116.32
118.02
119.39
119.45
117.97
115.49
113.09
111.66
111.43
111.84
112.04
111.48
110.22
108.86
108.04
108
108.41
108.6
108.12
107.02
105.89
105.37
105.73
106.53
106.88
106.01
103.79
100.85
98.356
97.376
98.113
99.724
100.86
100.47
98.34
95.165
92.258
90.807
91.091
92.284
93.059
92.432
90.296
87.504
85.474
85.364
87.26
90.099
92.41
93.135
92.059
89.811
87.513
86.162
86.047
86.635
87.052
86.737
85.813
85.022
85.237
86.81
89.252
91.545
92.784
92.712
91.884
91.419
92.351
94.9
98.261
101.09
102.26
101.32
98.688
95.447
92.84
91.637
91.756
92.509
93.249
93.877
94.872
96.837
99.877
103.29
105.86
106.45
104.59
100.8
96.554
93.823
94.001
96.925
100.97
104.13
105.01
103.3
99.833
96.287
94.445
95.224
98.089
101.49
103.78
103.99
101.99
98.435
94.509
91.398
89.792
89.602
90.155
90.675
90.695
90.186
89.438
88.8
88.431
88.193
87.738
86.725
85.025
82.813
80.526
78.686
77.665
77.512
77.958
78.582
79.029
79.13
78.913
78.518
78.09
77.718
77.442
77.332
77.538
78.267
79.651
81.589
83.681
85.327
85.941
85.206
83.257
80.76
78.781
78.375
80.003
83.209
86.881
89.839
91.311
91.147
89.815
88.19
87.173
87.245
88.246
89.541
90.441
90.588
90.101
89.475
89.274
89.775
90.76
91.633
91.734
90.677
88.52
85.769
83.171
81.375
80.605
80.564
80.653
80.339
79.424
78.109
76.858
76.108
75.996
76.251
76.359
75.86
74.602
72.846
71.177
70.231
70.327
71.246
72.35
72.942
72.633
71.542
70.296
69.779
70.656
72.945
75.977
78.791
80.617
81.176
80.747
80.019
79.739
80.3
81.51
82.734
83.297
82.844
81.512
79.852
78.539
77.988
78.12
78.47
78.557
78.224
77.764
77.738
78.57
80.171
81.888
82.822
82.258
79.991
76.464
72.676
69.832
68.741
69.32
70.679
71.731
71.778
70.782
69.332
68.328
68.472
69.799
71.638
73.024
73.222
72.066
70.07
68.293
67.872
69.332
72.184
75.207
77.11
77.06
74.938
71.395
67.729
65.453
65.541
67.802
71.075
74.025
75.761
76.049
75.245
74.049
73.162
72.942
73.259
73.63
73.523
72.616
70.919
68.738
66.554
64.82
63.794
63.457
63.575
63.841
64.008
63.954
63.675
63.246
62.769
62.332
61.99
61.764
61.66
61.682
61.842
62.155
62.619
63.195
63.789
64.268
64.5
64.412
64.057
63.636
63.47
63.876
64.997
66.68
68.491
69.869
70.337
69.676
68.037
65.949
64.182
63.447
64.01
65.501
67.098
67.908
67.296
65.072
61.547
57.506
54.05
52.211
52.408
54.17
56.465
58.275
58.96
58.374
56.846
55.063
53.838
53.749
54.819
56.518
58.072
58.825
58.476
57.161
55.418
54.026
53.678
54.622
56.528
58.7
60.435
61.271
61.079
60.022
58.446
56.725
55.118
53.695
52.375
51.045
49.689
48.445
47.565
47.283
47.661
48.525
49.525
50.284
50.541
50.235
49.525
48.747
48.289
48.428
49.195
50.357
51.538
52.395
52.749
52.636
52.277
51.97
51.934
52.192
52.559
52.742
52.498
51.749
50.622
49.401
48.406
47.835
47.667
47.683
47.595
47.188
46.412
45.392
44.373
43.603
43.22
43.184
43.313
43.376
43.211
42.785
42.213
41.7
41.45
41.56
41.964
42.469
42.844
42.933
42.712
42.297
41.889
41.676
41.736
41.996
42.266
42.335
42.06
41.418
40.514
39.544
38.728
38.227
38.089
38.234
38.501
38.715
38.744
38.535
38.125
37.64
37.257
37.156
37.449
38.117
38.997
39.832
40.359
40.397
39.93
39.146
38.422
38.209
38.826
40.26
42.144
43.93
45.1
45.315
44.477
42.735
40.437
38.035
35.957
34.455
33.531
32.985
32.569
32.118
31.616
31.172
30.946
31.048
31.469
32.074
32.657
33.02
33.05
32.762
32.304
31.919
31.845
32.205
32.935
33.815
34.576
35.013
35.054
34.77
34.336
33.956
33.778
33.831
34.026
34.214
34.253
34.062
33.636
33.038
32.376
31.773
31.335
31.14
31.218
31.553
32.082
32.705
33.3
33.742
33.933
33.835
33.49
33.023
32.618
32.447
32.597
33.01
33.507
33.855
33.858
33.423
32.584
31.498
30.392
29.498
28.961
28.792
28.88
29.057
29.187
29.215
29.186
29.217
29.437
29.907
30.576
31.286
31.832
32.043
31.851
31.321
30.645
30.086
29.873
30.095
30.653
31.319
31.837
32.02
31.795
31.205
30.385
29.515
28.766
28.248
27.984
27.918
27.956
28.014
28.057
28.12
28.294
28.685
29.366
30.32
31.438
32.543
33.442
33.982
34.08
33.746
33.074
32.229
31.405
30.774
30.435
30.389
30.548
30.777
30.949
30.98
30.853
30.617
30.379
30.267
30.386
30.778
31.389
32.089
32.709
33.089
33.123
32.782
32.115
31.239
30.308
29.472
28.844
28.472
28.343
28.407
28.596
28.852
29.124
29.374
29.567
29.67
29.657
29.521
29.275
28.962
28.646
28.399
28.271
28.276
28.385
28.536
28.668
28.742
28.759
28.752
28.763
28.826
28.939
29.071
29.178
29.223
29.204
29.155
29.136
29.214
29.419
29.725
30.043
30.25
30.235
29.956
29.478
28.984
28.726
28.925
29.641
30.72
31.846
32.669
32.906
32.416
31.223
29.525
27.677
26.137
25.342
25.512
26.516
27.955
29.357
30.345
30.711
30.445
29.731
28.906
28.359
28.367
28.947
29.852
30.707
31.173
31.052
30.326
29.141
27.776
26.578
25.862
25.804
26.372
27.366
28.517
29.591
30.44
31.021
31.379
31.615
31.828
32.069
32.313
32.474
32.444
32.147
31.577
30.803
29.956
29.193
28.644
28.376
28.38
28.587
28.898
29.22
29.489
29.675
29.788
29.865
29.961
30.128
30.408
30.811
31.319
31.888
32.453
32.941
33.283
33.424
33.338
33.034
32.57
32.046
31.598
31.378
31.508
32.046
32.949
34.078
35.231
36.19
36.778
36.888
36.511
35.739
34.739
33.721
32.87
32.299
32.013
31.932
31.94
31.932
31.858
31.726
31.603
31.59
31.796
32.293
33.084
34.088
35.149
36.082
36.717
36.941
36.726
36.137
35.314
34.443
33.707
33.235
33.067
33.158
33.405
33.689
33.906
33.987
33.907
33.682
33.367
33.05
32.83
32.792
32.972
33.339
33.79
34.186
34.387
34.297
33.885
33.201
32.363
31.537
30.901
30.602
30.713
31.219
32.012
32.924
33.767
34.372
34.625
34.499
34.058
33.454
32.884
32.523
32.456
32.643
32.935
33.147
33.118
32.763
32.084
31.163
30.141
29.181
28.444
28.045
28.029
28.366
28.961
29.691
30.433
31.096
31.63
32.025
32.302
32.495
32.639
32.757
32.86
32.949
33.022
33.075
33.11
33.124
33.109
33.045
32.905
32.661
32.292
31.8
31.215
30.594
30.013
29.546
29.248
29.139
29.194
29.358
29.557
29.719
29.796
29.773
29.671
29.551
29.487
29.542
29.739
30.047
30.388
30.664
30.79
30.722
30.468
30.087
29.673
29.332
29.15
29.171
29.379
29.7
30.017
30.206
30.16
29.821
29.193
28.345
27.403
26.513
25.813
25.386
25.249
25.359
25.636
25.998
26.377
26.722
27
27.192
27.291
27.299
27.233
27.119
26.99
26.884
26.832
26.856
26.959
27.129
27.337
27.545
27.713
27.807
27.81
27.726
27.591
27.468
27.444
27.604
27.997
28.615
29.386
30.187
30.887
31.375
31.583
31.497
31.149
30.608
29.969
29.329
28.782
28.394
28.195
28.168
28.256
28.381
28.469
28.47
28.374
28.202
28.001
27.82
27.697
27.647
27.663
27.716
27.773
27.803
27.79
27.747
27.717
27.762
27.942
28.286
28.766
29.305
29.798
30.145
30.279
30.184
29.887
29.457
28.979
28.542
28.224
28.075
28.11
28.302
28.588
28.879
29.085
29.134
28.983
28.633
28.115
27.491
26.834
26.216
25.7
25.329
25.124
25.083
25.19
25.411
25.702
26.008
26.267
26.413
26.388
26.154
25.707
25.079
24.343
23.598
22.954
22.519
22.372
22.559
23.071
23.848
24.781
25.726
26.535
27.082
27.284
27.118
26.625
25.894
25.052
24.238
23.579
23.174
23.078
23.293
23.78
24.465
25.256
26.064
26.81
27.433
27.883
28.122
28.12
27.862
27.355
26.637
25.779
24.879
24.054
23.414
23.047
23.001
23.277
23.823
24.544
25.316
26.006
26.498
26.711
26.621
26.259
25.704
25.067
24.462
23.982
23.679
23.559
23.588
23.702
23.827
23.891
23.842
23.661
23.368
23.023
22.711
22.515
22.494
22.656
22.967
23.357
23.75
24.076
24.286
24.354
24.281
24.095
23.845
23.598
23.422
23.371
23.466
23.69
23.997
24.32
24.596
24.776
24.831
24.752
24.548
24.239
23.851
23.413
22.953
22.5
22.083
21.734
21.482
21.354
21.368
21.522
21.792
22.132
22.484
22.786
22.99
23.069
23.023
22.873
22.661
22.437
22.252
22.155
22.192
22.396
22.781
23.333
23.997
24.685
25.291
25.711
25.868
25.721
25.278
24.588
23.733
22.816
21.939
21.193
20.645
20.327
20.24
20.354
20.613
20.948
21.29
21.577
21.767
21.842
21.806
21.684
21.514
21.345
21.221
21.184
21.26
21.461
21.78
22.192
22.662
23.144
23.593
23.966
24.232
24.371
24.379
24.268
24.063
23.802
23.529
23.288
23.115
23.032
23.04
23.121
23.239
23.348
23.403
23.365
23.205
22.912
22.494
21.974
21.394
20.808
20.275
19.847
19.56
19.426
19.431
19.54
19.71
19.897
20.068
20.204
20.302
20.376
20.446
20.539
20.676
20.866
21.109
21.397
21.712
22.04
22.367
22.687
23.001
23.318
23.654
24.03
24.455
24.929
25.429
25.916
26.341
26.656
26.822
26.816
26.634
26.287
25.804
25.233
24.638
24.095
23.683
23.467
23.478
23.709
24.116
24.634
25.189
25.71
26.131
26.395
26.459
26.299
25.921
25.364
24.694
23.994
23.345
22.807
22.416
22.179
22.09
22.133
22.286
22.523
22.807
23.096
23.355
23.562
23.71
23.807
23.864
23.895
23.907
23.909
23.913
23.936
23.995
24.102
24.252
24.428
24.604
24.751
24.846
24.881
24.856
24.783
24.684
24.59
24.537
24.561
24.685
24.911
25.212
25.543
25.843
26.058
26.14
26.065
25.826
25.441
24.949
24.413
23.911
23.53
23.342
23.389
23.675
24.162
24.789
25.482
26.164
26.765
27.22
27.479
27.513
27.321
26.945
26.462
25.974
25.584
25.371
25.359
25.519
25.782
26.061
26.277
26.371
26.315
26.106
25.77
25.355
24.934
24.59
24.414
24.479
24.821
25.429
26.24
27.149
28.036
28.788
29.311
29.554
29.51
29.218
28.756
28.227
27.743
27.4
27.267
27.367
27.686
28.171
28.748
29.328
29.827
30.172
30.317
30.245
29.975
29.55
29.033
28.491
27.984
27.553
27.225
27.009
26.902
26.896
26.98
27.139
27.358
27.618
27.9
28.183
28.448
28.676
28.854
28.973
29.03
29.028
28.976
28.887
28.776
28.658
28.543
28.435
28.33
28.216
28.08
27.916
27.725
27.523
27.338
27.204
27.153
27.21
27.383
27.667
28.043
28.481
28.947
29.405
29.819
30.157
30.398
30.533
30.566
30.52
30.427
30.328
30.262
30.26
30.338
30.493
30.702
30.928
31.125
31.248
31.255
31.124
30.848
30.447
29.962
29.451
28.981
28.618
28.415
28.4
28.576
28.916
29.366
29.859
30.323
30.696
30.933
31.022
30.974
30.831
30.648
30.482
30.381
30.368
30.447
30.6
30.802
31.03
31.272
31.533
31.83
32.188
32.624
33.138
33.709
34.297
34.846
35.295
35.586
35.672
35.529
35.166
34.632
34.025
33.479
33.133
33.08
33.33
33.79
34.294
34.657
34.73
34.43
33.758
32.793
31.671
30.566
29.653
29.084
28.946
29.244
29.893
30.74
31.604
32.319
32.76
32.874
32.677
32.258
31.755
31.324
31.101
31.158
31.486
31.997
32.556
33.019
33.267
33.231
32.899
32.316
31.569
30.77
30.032
29.446
29.076
28.947
29.058
29.384
29.884
30.502
31.176
31.844
32.454
32.973
33.395
33.74
34.041
34.339
34.657
34.994
35.315
35.561
35.661
35.556
35.208
34.615
33.807
32.851
31.839
30.891
30.138
29.705
29.677
30.067
30.796
31.708
32.615
33.34
33.759
33.82
33.556
33.075
32.543
32.147
32.049
32.335
32.985
33.878
34.828
35.634
36.129
36.211
35.856
35.125
34.15
33.112
32.199
31.57
31.311
31.421
31.825
32.406
33.036
33.613
34.067
34.372
34.542
34.623
34.672
34.743
34.866
35.04
35.233
35.394
35.472
35.428
35.244
34.929
34.514
34.047
33.591
33.209
32.958
32.878
32.977
33.23
33.576
33.931
34.2
34.3
34.178
33.825
33.283
32.647
32.045
31.621
31.495
31.727
32.291
33.083
33.942
34.693
35.178
35.294
34.998
34.328
33.391
32.352
31.405
30.728
30.441
30.57
31.054
31.772
32.586
33.374
34.046
34.549
34.862
34.99
34.959
34.807
34.577
34.319
34.076
33.888
33.782
33.773
33.86
34.032
34.27
34.551
34.857
35.176
35.497
35.805
36.078
36.281
36.367
36.284
35.995
35.484
34.785
33.982
33.211
32.642
32.435
32.688
33.394
34.438
35.626
36.737
37.572
37.995
37.955
37.504
36.795
36.063
35.565
35.495
35.908
36.692
37.625
38.46
39.003
39.158
38.934
38.422
37.765
37.111
36.576
36.219
36.043
36.009
36.068
36.186
36.358
36.607
36.96
37.426
37.97
38.514
38.956
39.207
39.227
39.044
38.753
38.487
38.367
38.455
38.721
39.047
39.267
39.217
38.783
37.951
36.825
35.639
34.708
34.331
34.647
35.55
36.721
37.77
38.373
38.358
37.731
36.66
35.419
34.299
33.511
33.115
33.019
33.043
33.007
32.792
32.386
31.887
31.491
31.428
31.872
32.835
34.137
35.469
36.508
37.026
36.959
36.43
35.723
35.186
35.098
35.529
36.302
37.089
37.54
37.404
36.587
35.179
33.452
31.828
30.783
30.666
31.505
32.985
34.615
35.924
36.596
36.505
35.715
34.438
32.969
31.594
30.498
29.715
29.151
28.665
28.164
27.657
27.259
27.147
27.474
28.28
29.453
30.754
31.91
32.695
33
32.87
32.51
32.227
32.319
32.926
33.942
35.065
35.927
36.232
35.839
34.802
33.362
31.906
30.86
30.529
30.951
31.876
32.902
33.639
33.828
33.396
32.471
31.363
30.498
30.267
30.839
32.061
33.543
34.846
35.627
35.717
35.143
34.106
32.938
32.015
31.623
31.841
32.512
33.323
33.944
34.129
33.774
32.936
31.818
30.732
30.004
29.854
30.292
31.117
32.026
32.732
33.05
32.931
32.449
31.769
31.086
30.571
30.312
30.295
30.435
30.615
30.736
30.738
30.599
30.321
29.912
29.379
28.734
28.021
27.336
26.835
26.7
27.067
27.941
29.165
30.471
31.567
32.217
32.296
31.823
30.96
29.994
29.269
29.071
29.501
30.42
31.522
32.468
33.008
33.049
32.687
32.186
31.899
32.116
32.905
34.052
35.158
35.805
35.697
34.743
33.084
31.087
29.276
28.168
28.03
28.722
29.801
30.769
31.268
31.148
30.465
29.44
28.389
27.607
27.252
27.272
27.449
27.527
27.344
26.909
26.408
26.129
26.314
26.997
27.958
28.827
29.242
28.977
28.005
26.519
24.914
23.697
23.297
23.822
25.001
26.368
27.493
28.115
28.169
27.781
27.227
26.858
26.973
27.673
28.812
30.069
31.086
31.587
31.43
30.638
29.39
27.996
26.83
26.209
26.267
26.882
27.753
28.533
28.942
28.813
28.111
26.929
25.475
24.049
22.982
22.535
22.769
23.52
24.474
25.308
25.78
25.781
25.338
24.612
23.854
23.329
23.209
23.494
24.019
24.553
24.904
24.985
24.83
24.56
24.323
24.225
24.279
24.408
24.491
24.426
24.168
23.749
23.261
22.824
22.541
22.461
22.569
22.802
23.084
23.359
23.602
23.809
23.982
24.11
24.168
24.126
23.972
23.725
23.436
23.163
22.944
22.762
22.548
22.206
21.658
20.889
19.968
19.046
18.323
17.974
18.077
18.575
19.321
20.15
20.935
21.604
22.125
22.485
22.667
22.644
22.389
21.908
21.271
20.637
20.234
20.284
20.883
21.929
23.165
24.301
25.111
25.492
25.468
25.161
24.737
24.329
23.99
23.682
23.325
22.862
22.307
21.747
21.304
21.064
21.015
21.05
21.022
20.821
20.439
19.991
19.689
19.744
20.241
21.073
21.985
22.701
23.033
22.942
22.555
22.129
21.944
22.162
22.725
23.392
23.871
23.953
23.579
22.854
22.001
21.272
20.838
20.704
20.728
20.715
20.521
20.109
19.543
18.953
18.47
18.174
18.072
18.12
18.265
18.477
18.748
19.065
19.385
19.633
19.727
19.624
19.359
19.068
18.948
19.169
19.774
20.63
21.501
22.151
22.436
22.341
21.966
21.478
21.027
20.677
20.387
20.056
19.613
19.078
18.573
18.265
18.262
18.527
18.886
19.117
19.055
18.655
18.015
17.347
16.899
16.832
17.124
17.592
18.001
18.187
18.123
17.918
17.762
17.819
18.114
18.513
18.796
18.792
18.471
17.991
17.653
17.754
18.383
19.333
20.226
20.707
20.572
19.827
18.69
17.548
16.824
16.761
17.26
17.973
18.535
18.721
18.489
17.957
17.347
16.896
16.764
16.973
17.424
17.969
18.484
18.884
19.112
19.12
18.858
18.29
17.43
16.396
15.442
14.935
15.19
16.228
17.737
19.269
20.439
21.022
20.985
20.481
19.802
19.275
19.1
19.231
19.417
19.361
18.882
18.006
16.977
16.182
15.953
16.331
17.022
17.611
17.788
17.463
16.778
16.064
15.694
15.86
16.421
17.006
17.231
16.868
15.909
14.603
13.429
12.949
13.42
14.546
15.749
16.554
16.752
16.428
15.931
15.743
16.186
17.163
18.231
18.907
18.908
18.262
17.331
16.715
16.928
17.97
19.327
20.376
20.722
20.317
19.462
18.701
18.548
19.117
20.035
20.751
20.88
20.363
19.474
18.718
18.557
19.08
19.933
20.595
20.68
20.073
18.941
17.664
16.684
16.262
16.311
16.484
16.441
16.033
15.357
14.705
14.413
14.648
15.284
16.019
16.574
16.824
16.811
16.689
16.636
16.75
17.015
17.359
17.728
18.136
18.627
19.194
19.733
20.061
20.017
19.571
18.899
18.377
18.413
19.167
20.4
21.639
22.46
22.649
22.254
21.537
20.851
20.448
20.34
20.331
20.207
19.905
19.574
19.469
19.75
20.319
20.858
21.026
20.637
19.755
18.693
17.897
17.696
18.059
18.614
18.922
18.712
17.977
16.97
16.116
15.809
16.149
16.882
17.606
18.015
18.002
17.654
17.192
16.865
16.82
17.036
17.357
17.61
17.693
17.612
17.459
17.353
17.368
17.497
17.66
17.763
17.759
17.689
17.674
17.862
18.331
19.015
19.712
20.172
20.207
19.793
19.127
18.613
18.697
19.559
20.938
22.299
23.132
23.148
22.368
21.131
20.013
19.573
19.984
20.908
21.806
22.303
22.335
22.108
21.93
21.98
22.174
22.243
21.96
21.327
20.625
20.283
20.563
21.306
22.025
22.226
21.67
20.494
19.191
18.431
18.621
19.548
20.574
21.11
20.886
20.004
18.869
18.007
17.759
18.044
18.456
18.594
18.285
17.634
16.953
16.588
16.71
17.205
17.795
18.219
18.338
18.137
17.676
17.043
16.341
15.697
15.278
15.245
15.649
16.36
17.115
17.654
17.841
17.732
17.556
17.604
18.033
18.741
19.431
19.804
19.723
19.28
18.761
18.5
18.668
19.159
19.692
20.026
20.094
20.019
20.002
20.167
20.467
20.733
20.82
20.734
20.653
20.823
21.383
22.255
23.196
23.954
24.401
24.556
24.537
24.476
24.444
24.455
24.506
24.633
24.905
25.365
25.969
26.592
27.089
27.366
27.418
27.292
27.038
26.663
26.158
25.555
24.989
24.665
24.739
25.175
25.731
26.105
26.12
25.827
25.486
25.396
25.674
26.156
26.53
26.574
26.317
26.035
26.054
26.463
26.994
27.182
26.665
25.427
23.892
22.828
22.916
24.179
25.96
27.459
28.165
27.977
27.146
26.128
25.365
25.081
25.218
25.552
25.857
25.975
25.804
25.264
24.319
23.042
21.676
20.607
20.185
20.469
21.153
21.804
22.129
22.113
21.961
21.927
22.093
22.28
22.169
21.509
20.279
18.732
17.323
16.489
16.366
16.71
17.159
17.509
17.782
18.115
18.599
19.172
19.652
19.853
19.679
19.162
18.433
17.681
17.091
16.796
16.831
17.109
17.435
17.58
17.374
16.805
16.072
15.563
15.643
16.353
17.339
18.101
18.272
17.762
16.777
15.745
15.095
14.948
15.008
14.803
14.016
12.658
11.14
10.225
10.55
11.902
13.485
14.629
14.99
14.522
13.422
12.109
11.146
10.974
11.549
12.37
12.886
12.757
