29.478
30.674
31.416
31.668
31.663
31.698
31.886
32.087
32.068
31.751
31.331
31.177
31.541
32.314
33.097
33.502
33.438
33.173
33.139
33.567
34.253
34.708
34.562
33.931
33.502
34.181
36.344
39.404
42.22
43.784
43.633
42.012
39.832
38.364
38.53
40.23
42.515
44.374
45.287
45.326
44.985
44.855
45.283
46.227
47.396
48.505
49.423
50.148
50.695
51.011
51.018
50.726
50.339
50.244
50.826
52.208
54.116
56.012
57.37
57.917
57.754
57.307
57.129
57.606
58.72
60.079
61.168
61.652
61.561
61.295
61.425
62.352
64.018
65.913
67.372
67.93
67.554
66.678
65.997
66.09
67.063
68.51
69.832
70.646
71.012
71.357
72.146
73.49
74.978
75.901
75.669
74.176
71.944
69.971
69.258
70.204
72.365
74.815
76.747
77.832
78.232
78.352
78.502
78.695
78.701
78.312
77.6
76.961
76.89
77.613
78.848
79.942
80.256
79.556
78.174
76.892
76.515
77.365
79.046
80.731
81.686
81.668
81.015
80.431
80.543
81.472
82.747
83.622
83.529
82.392
80.665
79.1
78.325
78.469
79.119
79.641
79.609
79.032
78.301
77.908
78.095
78.687
79.244
79.394
79.096
78.671
78.558
78.969
79.667
80.082
79.679
78.328
76.462
74.927
74.506
75.356
76.838
77.906
77.726
76.104
73.601
71.296
70.197
70.56
71.694
72.462
72.019
70.277
67.993
66.424
66.586
68.494
71.133
73.173
73.704
72.601
70.507
68.508
67.537
67.792
68.669
69.279
69.089
68.256
67.537
67.807
69.403
71.824
74.065
75.262
75.168
74.301
73.714
74.399
76.599
79.599
82.188
83.337
82.635
80.412
77.574
75.196
73.989
73.971
74.644
75.509
76.47
77.839
79.968
82.803
85.713
87.743
88.087
86.492
83.485
80.328
78.577
79.235
82.042
85.649
88.465
89.411
88.268
85.71
83.068
81.785
82.635
85.247
88.388
90.695
91.264
89.892
87.064
83.75
81.034
79.648
79.644
80.473
81.395
81.895
81.859
81.506
81.168
81.032
81.005
80.775
80.013
78.582
76.66
74.692
73.216
72.603
72.872
73.71
74.675
75.418
75.803
75.886
75.803
75.66
75.486
75.292
75.172
75.362
76.165
77.76
79.999
82.371
84.161
84.738
83.817
81.642
79.006
77.058
76.816
78.583
81.741
85.138
87.684
88.768
88.388
87.086
85.69
84.946
85.161
86.096
87.183
87.882
87.958
87.551
87.058
86.882
87.181
87.764
88.191
88.006
86.959
85.127
82.884
80.756
79.191
78.346
78.042
77.897
77.561
76.893
76.011
75.196
74.7
74.578
74.623
74.485
73.87
72.722
71.294
70.072
69.539
69.893
70.892
71.974
72.551
72.316
71.409
70.408
70.102
71.065
73.286
76.146
78.764
80.431
80.889
80.406
79.634
79.29
79.757
80.866
82.016
82.555
82.127
80.838
79.188
77.806
77.096
77.016
77.176
77.162
76.861
76.555
76.746
77.765
79.45
81.129
81.947
81.264
78.955
75.518
71.966
69.456
68.691
69.489
70.941
72.014
72.091
71.197
69.932
69.148
69.454
70.81
72.543
73.755
73.8
72.588
70.676
69.098
68.901
70.496
73.336
76.217
77.908
77.629
75.299
71.6
67.864
65.646
65.94
68.524
72.162
75.435
77.387
77.749
76.893
75.601
74.704
74.676
75.402
76.302
76.678
76.059
74.371
71.95
69.418
67.44
66.456
66.498
67.232
68.177
68.935
69.315
69.334
69.132
68.871
68.648
68.472
68.301
68.112
67.955
67.961
68.283
69.003
70.055
71.213
72.177
72.69
72.661
72.237
71.787
71.784
72.59
74.256
76.45
78.589
80.062
80.447
79.652
77.964
75.998
74.51
74.097
74.892
76.474
78.062
78.842
78.243
76.09
72.663
68.673
65.127
63.008
62.82
64.296
66.558
68.591
69.645
69.42
68.111
66.334
64.93
64.613
65.603
67.481
69.434
70.649
70.645
69.441
67.574
65.96
65.536
66.766
69.363
72.476
75.149
76.697
76.869
75.832
74.042
72.035
70.209
68.695
67.389
66.122
64.855
63.774
63.222
63.496
64.63
66.312
68.001
69.161
69.454
68.861
67.685
66.47
65.791
66.008
67.089
68.644
70.148
71.194
71.642
71.652
71.569
71.736
72.293
73.096
73.791
74.008
73.55
72.489
71.146
69.958
69.268
69.157
69.41
69.645
69.509
68.834
67.695
66.361
65.178
64.418
64.16
64.279
64.528
64.675
64.605
64.363
64.117
64.073
64.37
65.004
65.828
66.616
67.158
67.347
67.204
66.868
66.535
66.374
66.459
66.74
67.059
67.217
67.041
66.439
65.432
64.153
62.825
61.696
60.961
60.694
60.808
61.089
61.276
61.151
60.615
59.737
58.742
57.959
57.693
58.077
58.985
60.056
60.843
60.996
60.415
59.335
58.301
57.99
58.885
60.98
63.743
66.374
68.134
68.553
67.525
65.288
62.341
59.29
56.662
54.73
53.463
52.628
51.971
51.366
50.86
50.613
50.778
51.39
52.313
53.287
54.024
54.317
54.117
53.552
52.898
52.487
52.568
53.192
54.195
55.277
56.139
56.591
56.597
56.262
55.767
55.295
54.959
54.776
54.679
54.563
54.328
53.904
53.264
52.42
51.422
50.364
49.377
48.62
48.244
48.331
48.85
49.635
50.426
50.948
50.997
50.514
49.616
48.578
47.75
47.406
47.611
48.169
48.713
48.866
48.379
47.211
45.539
43.707
42.12
41.091
40.717
40.847
41.176
41.396
41.32
40.936
40.409
40.012
40.01
40.524
41.453
42.508
43.336
43.657
43.359
42.539
41.48
40.563
40.119
40.283
40.931
41.758
42.425
42.683
42.435
41.738
40.761
39.731
38.857
38.266
37.978
37.915
37.956
38
38.019
38.069
38.274
38.774
39.645
40.846
42.21
43.491
44.434
44.849
44.652
43.891
42.742
41.469
40.36
39.638
39.385
39.522
39.85
40.145
40.231
40.033
39.594
39.06
38.645
38.559
38.926
39.729
40.799
41.881
42.713
43.098
42.948
42.291
41.26
40.05
38.865
37.87
37.154
36.733
36.576
36.644
36.904
37.335
37.906
38.565
39.231
39.805
40.195
40.34
40.239
39.95
39.587
39.281
39.136
39.184
39.378
39.618
39.804
39.876
39.84
39.754
39.69
39.699
39.78
39.889
39.962
39.961
39.892
39.813
39.808
39.946
40.23
40.58
40.84
40.834
40.439
39.653
38.64
37.72
37.273
37.574
38.615
40.087
41.505
42.398
42.438
41.507
39.712
37.386
35.045
33.296
32.65
33.267
34.869
36.897
38.777
40.084
40.62
40.434
39.805
39.17
38.968
39.447
40.528
41.858
42.986
43.541
43.337
42.404
40.964
39.376
38.044
37.296
37.282
37.928
39.002
40.225
41.368
42.303
43.002
43.515
43.92
44.269
44.553
44.703
44.617
44.21
43.458
42.416
41.219
40.04
39.049
38.364
38.026
37.995
38.184
38.49
38.824
39.122
39.351
39.509
39.618
39.715
39.847
40.062
40.392
40.846
41.399
41.989
42.525
42.905
43.042
42.886
42.445
41.797
41.083
40.493
40.22
40.411
41.108
42.226
43.568
44.875
45.893
46.429
46.39
45.802
44.806
43.626
42.507
41.651
41.149
40.968
40.986
41.053
41.052
40.936
40.732
40.532
40.462
40.65
41.173
42.027
43.112
44.254
45.244
45.892
46.073
45.749
44.981
43.921
42.774
41.754
41.026
40.663
40.634
40.825
41.087
41.28
41.3
41.094
40.67
40.095
39.489
39
38.769
38.871
39.279
39.861
40.417
40.743
40.691
40.208
39.349
38.267
37.18
36.323
35.887
35.965
36.527
37.43
38.466
39.41
40.073
40.345
40.211
39.766
39.19
38.695
38.444
38.491
38.752
39.046
39.176
38.992
38.437
37.551
36.455
35.316
34.307
33.564
33.158
33.087
33.287
33.663
34.119
34.581
35.007
35.385
35.721
36.028
36.31
36.56
36.764
36.91
36.998
37.044
37.076
37.123
37.197
37.28
37.324
37.257
37.008
36.531
35.822
34.932
33.959
33.028
32.258
31.733
31.472
31.43
31.518
31.629
31.671
31.59
31.379
31.077
30.761
30.516
30.404
30.437
30.571
30.722
30.796
30.727
30.496
30.138
29.731
29.373
29.157
29.141
29.322
29.638
29.982
30.228
30.266
30.03
29.51
28.758
27.878
26.997
26.235
25.674
25.342
25.219
25.257
25.406
25.624
25.883
26.161
26.438
26.687
26.876
26.976
26.968
26.856
26.671
26.47
26.327
26.309
26.451
26.74
27.119
27.5
27.788
27.907
27.817
27.524
27.095
26.648
26.335
26.305
26.643
27.331
28.252
29.226
30.07
30.645
30.876
30.76
30.356
29.77
29.134
28.579
28.211
28.082
28.176
28.418
28.695
28.9
28.956
28.838
28.573
28.224
27.869
27.573
27.37
27.26
27.214
27.191
27.15
27.065
26.934
26.781
26.651
26.593
26.642
26.793
27.001
27.19
27.277
27.204
26.95
26.538
26.029
25.501
25.037
24.703
24.541
24.556
24.723
24.996
25.316
25.63
25.892
26.074
26.159
26.143
26.027
25.82
25.537
25.199
24.838
24.489
24.195
24.001
23.953
24.082
24.389
24.833
25.325
25.75
25.991
25.962
25.627
25.015
24.208
23.331
22.531
21.95
21.702
21.847
22.376
23.206
24.201
25.201
26.06
26.666
26.964
26.955
26.69
26.252
25.74
25.248
24.855
24.615
24.558
24.688
24.997
25.463
26.064
26.772
27.546
28.323
29.016
29.52
29.735
29.591
29.068
28.208
27.112
25.924
24.81
23.923
23.383
23.25
23.515
24.101
24.877
25.689
26.384
26.847
27.016
26.896
26.55
26.085
25.616
25.24
25.011
24.934
24.973
25.07
25.164
25.199
25.141
24.983
24.751
24.498
24.29
24.187
24.214
24.355
24.556
24.748
24.871
24.891
24.802
24.629
24.413
24.203
24.049
23.988
24.043
24.214
24.478
24.791
25.102
25.36
25.53
25.591
25.542
25.398
25.182
24.917
24.623
24.311
23.983
23.639
23.278
22.92
22.604
22.394
22.363
22.565
23.007
23.631
24.334
24.995
25.509
25.814
25.897
25.788
25.551
25.262
25.002
24.849
24.871
25.119
25.611
26.312
27.136
27.956
28.635
29.055
29.143
28.879
28.299
27.484
26.545
25.598
24.751
24.088
23.656
23.472
23.52
23.759
24.135
24.589
25.065
25.517
25.907
26.212
26.42
26.533
26.559
26.522
26.452
26.389
26.38
26.471
26.701
27.092
27.64
28.315
29.063
29.813
30.487
31.014
31.334
31.414
31.247
30.86
30.315
29.696
29.097
28.606
28.28
28.137
28.157
28.291
28.48
28.664
28.791
28.824
28.738
28.534
28.233
27.885
27.551
27.296
27.165
27.175
27.307
27.519
27.759
27.981
28.153
28.267
28.333
28.377
28.431
28.519
28.652
28.817
28.985
29.119
29.189
29.18
29.097
28.966
28.827
28.733
28.74
28.899
29.244
29.774
30.449
31.19
31.899
32.481
32.859
32.991
32.871
32.523
31.996
31.364
30.716
30.157
29.791
29.701
29.922
30.431
31.149
31.968
32.776
33.478
34.002
34.3
34.35
34.155
33.744
33.173
32.514
31.847
31.238
30.726
30.325
30.028
29.832
29.741
29.773
29.944
30.259
30.706
31.258
31.883
32.543
33.202
33.821
34.356
34.766
35.02
35.109
35.054
34.897
34.697
34.512
34.387
34.344
34.383
34.486
34.622
34.756
34.856
34.902
34.891
34.847
34.81
34.83
34.95
35.183
35.512
35.885
36.23
36.468
36.528
36.355
35.926
35.251
34.378
33.397
32.427
31.608
31.071
30.913
31.173
31.825
32.783
33.918
35.081
36.12
36.904
37.334
37.367
37.021
36.38
35.581
34.794
34.184
33.874
33.913
34.268
34.837
35.48
36.053
36.431
36.531
36.323
35.834
35.145
34.386
33.717
33.3
33.272
33.709
34.603
35.86
37.316
38.771
40.03
40.932
41.381
41.361
40.934
40.229
39.424
38.707
38.243
38.143
38.448
39.123
40.069
41.144
42.192
43.064
43.643
43.861
43.707
43.224
42.495
41.63
40.742
39.927
39.257
38.772
38.486
38.39
38.463
38.674
38.99
39.378
39.804
40.236
40.643
40.997
41.273
41.451
41.521
41.479
41.33
41.094
40.802
40.497
40.228
40.033
39.934
39.921
39.961
40.012
40.039
40.027
39.992
39.966
39.988
40.084
40.256
40.489
40.753
41.018
41.262
41.474
41.651
41.791
41.892
41.954
41.977
41.972
41.958
41.962
42.012
42.128
42.31
42.538
42.773
42.969
43.083
43.087
42.974
42.754
42.451
42.102
41.743
41.419
41.17
41.038
41.057
41.251
41.624
42.16
42.818
43.538
44.249
44.879
45.367
45.674
45.792
45.744
45.579
45.364
45.168
45.048
45.035
45.135
45.324
45.565
45.814
46.04
46.232
46.399
46.567
46.771
47.033
47.363
47.75
48.163
48.556
48.876
49.072
49.106
48.974
48.716
48.433
48.258
48.327
48.712
49.382
50.192
50.928
51.366
51.335
50.762
49.678
48.212
46.57
44.998
43.741
43.006
42.907
43.436
44.464
45.766
47.087
48.194
48.927
49.218
49.109
48.734
48.288
47.982
47.982
48.356
49.053
49.917
50.739
51.312
51.48
51.17
50.402
49.279
47.968
46.657
45.526
44.71
44.286
44.273
44.641
45.326
46.24
47.281
48.344
49.337
50.189
50.862
51.358
51.709
51.972
52.206
52.459
52.747
53.045
53.294
53.411
53.31
52.921
52.207
51.177
49.886
48.441
46.995
45.731
44.836
44.449
44.618
45.269
46.225
47.252
48.125
48.673
48.815
48.571
48.063
47.496
47.113
47.139
47.696
48.763
50.161
51.618
52.836
53.572
53.678
53.131
52.03
50.577
49.039
47.698
46.788
46.448
46.69
47.413
48.448
49.601
50.701
51.623
52.301
52.728
52.941
53.004
52.984
52.932
52.871
52.793
52.675
52.484
52.196
51.802
51.314
50.765
50.206
49.704
49.33
49.149
49.207
49.509
50.01
50.619
51.209
51.642
51.799
51.604
51.043
50.176
49.139
48.125
47.351
47.008
47.201
47.908
48.97
50.139
51.135
51.711
51.702
51.049
49.819
48.192
46.441
44.889
43.838
43.491
43.898
44.953
46.442
48.111
49.728
51.111
52.136
52.743
52.921
52.707
52.17
51.401
50.504
49.585
48.743
48.062
47.603
47.402
47.466
47.779
48.303
48.99
49.782
50.616
51.419
52.11
52.603
52.813
52.672
52.144
51.246
50.066
48.765
47.567
46.716
46.418
46.764
47.7
49.029
50.473
51.737
52.575
52.83
52.465
51.579
50.402
49.251
48.454
48.234
48.62
49.436
50.38
51.143
51.501
51.362
50.767
49.858
48.829
47.865
47.098
46.58
46.291
46.167
46.144
46.188
46.315
46.574
47.014
47.643
48.402
49.171
49.81
50.212
50.347
50.289
50.198
50.27
50.665
51.436
52.487
53.6
54.488
54.883
54.605
53.631
52.131
50.461
49.09
48.44
48.681
49.626
50.821
51.743
51.998
51.429
50.131
48.411
46.686
45.345
44.614
44.482
44.736
45.08
45.244
45.07
44.552
43.848
43.261
43.151
43.778
45.155
47.003
48.865
50.286
50.972
50.877
50.229
49.465
49.086
49.437
50.533
52.046
53.459
54.269
54.132
52.949
50.895
48.414
46.154
44.8
44.779
46.03
48.027
50.061
51.515
52.018
51.477
50.05
48.074
45.96
44.066
42.59
41.529
40.731
40.014
39.276
38.563
38.06
38.027
38.663
39.983
41.77
43.644
45.198
46.127
46.317
45.893
45.201
44.718
44.86
45.776
47.259
48.842
50.01
50.378
49.791
48.362
46.458
44.62
43.413
43.199
43.956
45.292
46.643
47.499
47.554
46.77
45.391
43.896
42.87
42.777
43.722
45.391
47.216
48.626
49.22
48.845
47.617
45.894
44.201
43.089
42.918
43.688
45.045
46.452
47.407
47.575
46.862
45.424
43.645
42.06
41.19
41.332
42.412
44.033
45.681
46.914
47.465
47.276
46.472
45.323
44.168
43.325
42.995
43.204
43.818
44.614
45.366
45.902
46.119
45.979
45.486
44.677
43.623
42.443
41.323
40.505
40.231
40.65
41.725
43.221
44.781
46.032
46.688
46.611
45.847
44.628
43.351
42.483
42.411
43.262
44.824
46.642
48.209
49.137
49.264
48.705
47.827
47.138
47.073
47.765
48.948
50.082
50.597
50.098
48.484
45.986
43.147
40.701
39.331
39.331
40.435
41.992
43.318
43.938
43.672
42.636
41.199
39.872
39.127
39.171
39.845
40.722
41.348
41.458
41.074
40.499
40.187
40.503
41.49
42.812
43.919
44.29
43.614
41.879
39.398
36.772
34.763
34.009
34.672
36.343
38.327
39.994
40.96
41.135
40.71
40.092
39.784
40.182
41.377
43.097
44.845
46.098
46.473
45.808
44.197
41.979
39.689
37.934
37.189
37.573
38.8
40.35
41.697
42.454
42.421
41.582
40.094
38.258
36.488
35.224
34.798
35.284
36.454
37.883
39.117
39.797
39.738
38.951
37.65
36.207
35.068
34.589
34.882
35.768
36.888
37.881
38.509
38.705
38.553
38.236
37.951
37.832
37.897
38.058
38.164
38.07
37.693
37.038
36.202
35.364
34.736
34.507
34.776
35.514
36.569
37.72
38.74
39.448
39.743
39.623
39.177
38.565
37.969
37.528
37.275
37.125
36.902
36.413
35.521
34.2
32.558
30.833
29.345
28.415
28.242
28.828
29.995
31.497
33.113
34.692
36.148
37.426
38.472
39.217
39.596
39.581
39.225
38.688
38.223
38.101
38.493
39.378
40.536
41.655
42.464
42.825
42.768
42.455
42.086
41.793
41.566
41.268
40.719
39.817
38.621
37.369
36.405
36.023
36.293
37.006
37.775
38.237
38.208
37.76
37.213
37.006
37.48
38.655
40.2
41.601
42.407
42.401
41.683
40.654
39.881
39.84
40.644
41.97
43.26
44.009
43.958
43.162
41.947
40.78
40.06
39.921
40.183
40.479
40.472
40.007
39.158
38.175
37.365
36.938
36.91
37.133
37.422
37.687
37.991
38.489
39.293
40.342
41.382
42.062
42.104
41.447
40.33
39.265
38.85
39.454
40.959
42.831
44.421
45.254
45.167
44.318
43.095
41.944
41.154
40.731
40.441
39.997
39.254
38.304
37.443
37.003
37.143
37.718
38.352
38.632
38.305
37.38
36.144
35.073
34.621
34.974
35.932
37.04
37.854
38.136
37.926
37.496
37.198
37.261
37.647
38.081
38.236
37.94
37.31
36.734
36.703
37.504
38.993
40.649
41.845
42.113
41.294
39.596
37.555
35.894
35.219
35.679
36.877
38.151
38.918
38.878
38.056
36.773
35.539
34.874
35.086
36.119
37.614
39.106
40.198
40.628
40.286
39.19
37.48
35.42
33.42
32.006
31.698
32.741
34.927
37.683
40.342
42.355
43.403
43.44
42.689
41.577
40.589
40.054
39.982
40.067
39.889
39.146
37.815
36.189
34.784
34.086
34.248
34.969
35.694
35.944
35.546
34.709
33.942
33.803
34.527
35.823
37.038
37.509
36.851
35.113
32.848
31.034
30.677
32.093
34.615
37.143
38.794
39.188
38.506
37.39
36.675
36.914
37.983
39.192
39.779
39.357
38.121
36.819
36.407
37.394
39.387
41.382
42.425
42.065
40.522
38.657
37.635
38.213
40.123
42.306
43.676
43.66
42.373
40.566
39.326
39.451
40.859
42.66
43.798
43.591
41.94
39.331
36.674
34.929
34.545
35.147
35.889
36.057
35.428
34.312
33.373
33.248
34.098
35.492
36.747
37.338
37.124
36.355
35.53
35.125
35.322
35.949
36.683
37.325
37.92
38.656
39.637
40.701
41.451
41.479
40.635
39.215
37.969
37.796
39.146
41.618
44.246
46.084
46.593
45.758
44.027
42.11
40.649
39.888
39.602
39.376
38.962
38.449
38.163
38.365
38.976
39.562
39.591
38.736
37.061
35.047
33.419
32.751
33.062
33.793
34.223
33.89
32.781
31.324
30.211
30.023
30.837
32.201
33.483
34.24
34.358
34.029
33.602
33.392
33.509
33.834
34.141
34.269
34.213
34.112
34.146
34.409
34.843
35.275
35.53
35.536
35.372
35.244
35.385
35.923
36.79
37.736
38.424
38.572
38.072
37.071
35.992
35.431
35.87
37.35
39.391
41.264
42.336
42.292
41.231
39.638
38.218
37.569
37.849
38.718
39.646
40.262
40.502
40.522
40.486
40.372
39.955
38.993
37.488
35.852
34.831
35.068
36.528
38.424
39.724
39.693
38.173
35.675
33.289
32.23
32.989
34.883
36.679
37.421
36.78
35.072
33.093
31.754
31.539
32.172
32.913
33.111
32.538
31.428
30.318
29.748
29.937
30.675
31.526
32.11
32.239
31.901
31.186
30.214
29.135
28.155
27.546
27.542
28.178
29.203
30.197
30.794
30.873
30.621
30.454
30.76
31.608
32.665
33.419
33.492
32.861
31.896
31.213
31.31
32.211
33.459
34.478
34.927
34.84
34.542
34.41
34.601
34.957
35.175
35.079
34.785
34.657
35.063
36.085
37.447
38.72
39.595
40.02
40.148
40.168
40.129
39.914
39.383
38.576
37.824
37.626
38.324
39.798
41.508
42.829
43.366
43.094
42.3
41.39
40.659
40.158
39.769
39.392
39.08
38.987
39.196
39.587
39.89
39.889
39.605
39.308
39.336
39.811
40.511
41.032
41.109
40.833
40.626
40.931
41.79
42.694
42.869
41.736
39.277
36.231
34.007
33.978
36.294
39.717
42.726
44.336
44.283
42.927
41.04
39.48
38.8
39.004
39.668
40.267
40.41
39.892
38.66
36.805
34.589
32.468
31.004
30.589
31.157
32.208
33.169
33.719
33.913
34.056
34.436
35.044
35.526
35.389
34.283
32.189
29.485
26.87
25.107
24.607
25.172
26.246
27.36
28.311
29.094
29.754
30.286
30.63
30.715
30.506
30.021
29.321
28.515
27.765
27.272
27.184
27.469
27.861
27.957
27.433
26.239
24.726
23.595
23.527
24.609
26.197
27.429
27.726
26.997
25.631
24.313
23.615
23.55
23.548
22.913
21.27
18.796
16.315
15.143
16.077
18.393
20.75
22.231
22.454
21.462
19.625
17.571
16.057
15.639
16.236
17.208
17.849
17.723
