18.781
20.426
21.673
22.479
23.081
23.732
24.469
25.094
25.365
25.217
24.845
24.589
24.672
24.996
25.219
25.045
24.474
23.854
23.668
24.117
24.896
25.412
25.23
24.371
23.388
23.112
24.015
25.722
27.33
28.054
27.583
26.167
24.523
23.519
23.612
24.508
25.514
26.122
26.257
26.198
26.318
26.787
27.49
28.187
28.758
29.29
29.973
30.893
31.91
32.736
33.136
33.106
32.914
32.978
33.612
34.807
36.254
37.551
38.426
38.831
38.913
38.911
39.024
39.334
39.791
40.273
40.656
40.868
40.923
40.924
41.033
41.398
42.046
42.833
43.483
43.724
43.438
42.748
41.999
41.587
41.731
42.327
43.044
43.578
43.858
44.071
44.501
45.258
46.125
46.652
46.425
45.334
43.707
42.245
41.692
42.366
43.934
45.682
46.989
47.594
47.618
47.388
47.193
47.106
47.001
46.725
46.279
45.865
45.748
46.038
46.55
46.905
46.768
46.074
45.107
44.382
44.351
45.085
46.21
47.16
47.509
47.187
46.495
45.944
45.954
46.578
47.464
48.091
48.06
47.286
46.025
44.752
43.921
43.708
43.933
44.21
44.214
43.853
43.291
42.811
42.621
42.711
42.88
42.897
42.683
42.365
42.186
42.308
42.65
42.907
42.738
41.983
40.805
39.645
39.001
39.081
39.617
40.032
39.793
38.716
37.074
35.511
34.709
34.914
35.733
36.429
36.408
35.535
34.198
33.146
33.069
34.09
35.674
37.05
37.672
37.434
36.652
35.871
35.545
35.76
36.218
36.517
36.453
36.165
36.039
36.435
37.383
38.526
39.349
39.488
38.942
38.104
37.598
37.93
39.136
40.761
42.169
42.883
42.763
41.999
40.98
40.094
39.548
39.33
39.342
39.568
40.139
41.222
42.816
44.631
46.165
46.901
46.517
45.027
42.849
40.76
39.654
40.08
41.865
44.239
46.32
47.494
47.584
46.862
45.963
45.63
46.338
47.993
49.99
51.564
52.142
51.534
49.979
48.066
46.509
45.819
46.035
46.757
47.457
47.802
47.784
47.656
47.728
48.127
48.699
49.102
49.018
48.34
47.242
46.114
45.372
45.239
45.632
46.251
46.797
47.13
47.302
47.463
47.718
48.029
48.247
48.241
48.044
47.9
48.17
49.095
50.587
52.209
53.376
53.623
52.814
51.242
49.584
48.663
49.045
50.69
53.007
55.246
56.858
57.665
57.829
57.713
57.676
57.897
58.318
58.735
58.954
58.926
58.77
58.71
58.941
59.509
60.264
60.92
61.172
60.808
59.795
58.295
56.628
55.183
54.261
53.945
54.065
54.289
54.295
53.919
53.217
52.427
51.838
51.622
51.724
51.888
51.809
51.316
50.474
49.582
49.028
49.064
49.634
50.386
50.884
50.855
50.357
49.795
49.745
50.633
52.425
54.627
56.555
57.683
57.86
57.36
56.76
56.656
57.319
58.524
59.707
60.309
60.063
59.111
57.931
57.082
56.895
57.287
57.871
58.258
58.334
58.326
58.654
59.608
61.085
62.58
63.438
63.176
61.707
59.413
57.049
55.437
55.039
55.676
56.674
57.301
57.146
56.276
55.177
54.507
54.711
55.732
57.037
57.936
57.943
56.991
55.488
54.188
53.849
54.786
56.64
58.581
59.738
59.556
57.966
55.43
52.847
51.264
51.371
53.084
55.632
58.065
59.69
60.257
59.942
59.221
58.645
58.584
59.05
59.724
60.147
59.953
59.013
57.483
55.749
54.294
53.498
53.487
54.091
54.963
55.757
56.259
56.419
56.329
56.137
55.974
55.9
55.907
55.967
56.078
56.294
56.696
57.332
58.157
59.017
59.694
60.002
59.881
59.46
59.045
59.023
59.686
61.062
62.865
64.606
65.784
66.054
65.345
63.896
62.212
60.917
60.515
61.138
62.464
63.865
64.671
64.394
62.86
60.264
57.166
54.392
52.791
52.847
54.391
56.707
58.916
60.336
60.658
59.996
58.836
57.874
57.725
58.607
60.207
61.855
62.87
62.843
61.798
60.212
58.877
58.576
59.666
61.862
64.416
66.523
67.634
67.58
66.555
64.98
63.309
61.843
60.631
59.532
58.387
57.187
56.141
55.594
55.831
56.869
58.401
59.924
60.954
61.21
60.703
59.741
58.827
58.469
58.945
60.177
61.791
63.328
64.46
65.101
65.403
65.644
66.066
66.728
67.471
68.005
68.069
67.557
66.581
65.422
64.419
63.811
63.63
63.707
63.778
63.621
63.15
62.435
61.651
60.993
60.585
60.437
60.463
60.539
60.574
60.549
60.516
60.566
60.772
61.152
61.656
62.19
62.651
62.97
63.128
63.155
63.118
63.099
63.167
63.365
63.691
64.088
64.447
64.631
64.513
64.026
63.197
62.168
61.159
60.41
60.076
60.163
60.51
60.868
60.994
60.765
60.236
59.642
59.327
59.595
60.545
61.976
63.449
64.462
64.651
63.958
62.71
61.584
61.39
62.673
65.376
68.839
72.128
74.408
75.165
74.285
72.033
68.954
65.71
62.882
60.783
59.4
58.492
57.787
57.146
56.618
56.384
56.631
57.423
58.634
59.984
61.146
61.862
62.022
61.703
61.141
60.658
60.544
60.937
61.767
62.802
63.749
64.376
64.582
64.413
64.04
63.684
63.543
63.716
64.174
64.775
65.317
65.599
65.475
64.901
63.946
62.806
61.77
61.163
61.24
62.08
63.534
65.258
66.826
67.857
68.129
67.634
66.599
65.425
64.567
64.351
64.827
65.743
66.663
67.147
66.906
65.875
64.228
62.317
60.569
59.343
58.807
58.887
59.332
59.842
60.202
60.35
60.39
60.529
60.968
61.789
62.889
64
64.797
65.013
64.541
63.48
62.112
60.821
59.957
59.694
59.964
60.501
60.967
61.08
60.7
59.847
58.677
57.421
56.312
55.514
55.07
54.91
54.89
54.872
54.792
54.696
54.739
55.125
56.002
57.367
59.022
60.629
61.807
62.247
61.798
60.508
58.629
56.56
54.754
53.577
53.175
53.43
54.033
54.62
54.904
54.745
54.182
53.406
52.713
52.406
52.68
53.534
54.764
56.037
57.008
57.417
57.139
56.199
54.747
53.007
51.221
49.595
48.272
47.331
46.803
46.694
46.988
47.638
48.547
49.566
50.511
51.193
51.461
51.238
50.551
49.532
48.399
47.396
46.718
46.435
46.477
46.673
46.84
46.857
46.701
46.439
46.177
46.009
45.968
46.017
46.08
46.078
45.976
45.793
45.592
45.445
45.382
45.364
45.275
44.968
44.33
43.352
42.182
41.117
40.521
40.666
41.567
42.943
44.333
45.263
45.387
44.557
42.849
40.56
38.178
36.297
35.438
35.803
37.159
38.967
40.639
41.73
42.028
41.576
40.642
39.643
38.995
38.933
39.402
40.097
40.627
40.675
40.091
38.916
37.353
35.715
34.348
33.528
33.383
33.847
34.713
35.724
36.656
37.373
37.841
38.108
38.262
38.379
38.482
38.524
38.416
38.064
37.421
36.506
35.408
34.264
33.227
32.424
31.928
31.75
31.846
32.14
32.546
32.983
33.385
33.706
33.92
34.026
34.049
34.032
34.034
34.105
34.266
34.495
34.726
34.866
34.823
34.539
34.013
33.305
32.539
31.879
31.497
31.524
31.999
32.851
33.91
34.956
35.781
36.232
36.247
35.86
35.193
34.413
33.687
33.122
32.743
32.493
32.281
32.024
31.684
31.28
30.876
30.564
30.426
30.513
30.818
31.278
31.789
32.235
32.517
32.574
32.396
32.017
31.503
30.935
30.389
29.92
29.562
29.323
29.196
29.158
29.181
29.234
29.282
29.296
29.258
29.164
29.037
28.917
28.854
28.886
29.016
29.199
29.351
29.374
29.191
28.77
28.145
27.411
26.706
26.18
25.948
26.056
26.468
27.071
27.711
28.233
28.516
28.5
28.208
27.739
27.25
26.899
26.783
26.892
27.11
27.269
27.218
26.865
26.205
25.312
24.315
23.364
22.591
22.073
21.819
21.778
21.867
22.008
22.149
22.278
22.416
22.6
22.861
23.198
23.578
23.936
24.207
24.341
24.326
24.188
23.986
23.791
23.654
23.591
23.566
23.513
23.357
23.043
22.561
21.952
21.307
20.744
20.373
20.26
20.4
20.719
21.096
21.409
21.562
21.509
21.265
20.898
20.515
20.227
20.107
20.164
20.338
20.535
20.66
20.655
20.511
20.27
20.011
19.829
19.81
19.995
20.367
20.847
21.319
21.663
21.785
21.644
21.26
20.709
20.102
19.554
19.149
18.918
18.841
18.869
18.955
19.068
19.202
19.367
19.578
19.841
20.145
20.462
20.748
20.96
21.068
21.066
20.983
20.871
20.794
20.802
20.912
21.101
21.313
21.477
21.53
21.438
21.202
20.875
20.555
20.367
20.43
20.805
21.464
22.293
23.133
23.829
24.269
24.397
24.217
23.787
23.198
22.559
21.971
21.511
21.212
21.062
21.011
20.991
20.946
20.842
20.683
20.495
20.322
20.2
20.145
20.148
20.179
20.195
20.156
20.037
19.834
19.573
19.306
19.105
19.035
19.134
19.39
19.747
20.12
20.429
20.618
20.665
20.582
20.408
20.19
19.975
19.8
19.679
19.611
19.582
19.571
19.563
19.55
19.532
19.511
19.489
19.459
19.41
19.328
19.208
19.051
18.874
18.699
18.561
18.501
18.559
18.758
19.091
19.512
19.939
20.279
20.448
20.396
20.121
19.666
19.115
18.573
18.15
17.939
17.998
18.332
18.89
19.579
20.286
20.902
21.349
21.589
21.625
21.5
21.273
21.009
20.76
20.566
20.45
20.423
20.489
20.643
20.882
21.204
21.615
22.114
22.684
23.279
23.817
24.199
24.333
24.157
23.658
22.882
21.924
20.916
19.996
19.29
18.879
18.791
18.993
19.403
19.908
20.392
20.759
20.95
20.956
20.813
20.594
20.377
20.224
20.158
20.163
20.195
20.203
20.146
20.004
19.778
19.493
19.191
18.929
18.77
18.763
18.93
19.255
19.686
20.147
20.564
20.88
21.063
21.116
21.066
20.96
20.852
20.793
20.815
20.93
21.127
21.375
21.639
21.883
22.081
22.224
22.31
22.345
22.337
22.286
22.187
22.03
21.804
21.502
21.128
20.7
20.258
19.87
19.62
19.587
19.819
20.296
20.933
21.596
22.15
22.487
22.556
22.363
21.968
21.47
20.982
20.612
20.449
20.55
20.929
21.555
22.35
23.201
23.982
24.577
24.903
24.922
24.644
24.119
23.427
22.657
21.893
21.203
20.628
20.188
19.879
19.686
19.589
19.571
19.625
19.749
19.942
20.196
20.488
20.787
21.053
21.247
21.344
21.337
21.24
21.094
20.962
20.921
21.039
21.358
21.874
22.534
23.249
23.917
24.444
24.758
24.822
24.633
24.229
23.68
23.083
22.552
22.186
22.056
22.178
22.517
22.997
23.526
24.016
24.391
24.595
24.6
24.411
24.064
23.629
23.197
22.859
22.68
22.681
22.836
23.082
23.345
23.564
23.697
23.736
23.699
23.628
23.575
23.592
23.709
23.929
24.224
24.546
24.843
25.075
25.221
25.286
25.296
25.29
25.321
25.44
25.693
26.097
26.638
27.264
27.9
28.46
28.87
29.077
29.063
28.836
28.433
27.912
27.352
26.841
26.465
26.293
26.354
26.631
27.065
27.571
28.064
28.469
28.732
28.823
28.73
28.461
28.043
27.518
26.94
26.366
25.84
25.394
25.039
24.78
24.618
24.561
24.62
24.801
25.096
25.486
25.937
26.41
26.865
27.261
27.559
27.724
27.735
27.589
27.31
26.95
26.579
26.276
26.105
26.11
26.295
26.637
27.085
27.573
28.033
28.408
28.66
28.781
28.797
28.763
28.75
28.827
29.04
29.396
29.863
30.372
30.836
31.168
31.292
31.164
30.777
30.168
29.417
28.637
27.959
27.507
27.377
27.614
28.202
29.069
30.097
31.147
32.077
32.764
33.121
33.116
32.772
32.169
31.43
30.701
30.124
29.809
29.803
30.088
30.577
31.143
31.646
31.967
32.026
31.801
31.33
30.702
30.049
29.519
29.252
29.354
29.875
30.787
31.99
33.331
34.628
35.712
36.451
36.777
36.695
36.28
35.664
35.007
34.473
34.194
34.252
34.661
35.371
36.277
37.241
38.118
38.778
39.13
39.132
38.797
38.187
37.4
36.552
35.755
35.105
34.665
34.468
34.51
34.763
35.18
35.702
36.273
36.837
37.353
37.792
38.144
38.412
38.61
38.76
38.882
38.99
39.097
39.213
39.347
39.511
39.708
39.93
40.15
40.329
40.426
40.417
40.304
40.121
39.93
39.802
39.796
39.945
40.246
40.665
41.151
41.648
42.109
42.504
42.821
43.063
43.244
43.384
43.507
43.634
43.788
43.985
44.235
44.533
44.863
45.193
45.488
45.716
45.857
45.909
45.883
45.798
45.673
45.523
45.362
45.204
45.066
44.973
44.954
45.036
45.238
45.568
46.01
46.53
47.072
47.569
47.956
48.18
48.219
48.084
47.825
47.519
47.26
47.139
47.222
47.538
48.072
48.77
49.557
50.357
51.112
51.792
52.395
52.942
53.459
53.968
54.474
54.958
55.38
55.679
55.789
55.657
55.272
54.686
54.026
53.473
53.214
53.367
53.921
54.725
55.532
56.08
56.164
55.682
54.653
53.205
51.555
49.969
48.725
48.054
48.084
48.8
50.037
51.531
52.984
54.132
54.795
54.911
54.537
53.848
53.097
52.562
52.471
52.932
53.889
55.149
56.444
57.507
58.139
58.242
57.829
57.01
55.96
54.879
53.949
53.303
53.01
53.076
53.46
54.085
54.858
55.679
56.462
57.14
57.678
58.072
58.351
58.563
58.763
59.001
59.308
59.684
60.093
60.465
60.709
60.727
60.432
59.766
58.719
57.337
55.735
54.092
52.64
51.626
51.245
51.581
52.556
53.955
55.482
56.835
57.774
58.163
57.989
57.37
56.539
55.803
55.464
55.724
56.604
57.921
59.358
60.553
61.205
61.13
60.294
58.81
56.916
54.932
53.201
52.018
51.561
51.85
52.753
54.036
55.437
56.718
57.712
58.334
58.586
58.536
58.292
57.967
57.648
57.38
57.161
56.956
56.72
56.412
56.012
55.526
54.98
54.423
53.915
53.519
53.293
53.274
53.468
53.843
54.326
54.815
55.2
55.38
55.289
54.913
54.299
53.556
52.841
52.336
52.206
52.549
53.356
54.507
55.787
56.939
57.722
57.955
57.55
56.534
55.04
53.297
51.588
50.201
49.365
49.191
49.654
50.614
51.862
53.178
54.369
55.291
55.856
56.032
55.836
55.328
54.598
53.753
52.907
52.16
51.592
51.252
51.155
51.29
51.621
52.105
52.694
53.34
53.996
54.609
55.117
55.451
55.538
55.316
54.754
53.866
52.735
51.512
50.404
49.639
49.407
49.795
50.755
52.103
53.57
54.866
55.737
56.015
55.651
54.738
53.506
52.284
51.419
51.155
51.541
52.406
53.441
54.313
54.769
54.686
54.073
53.049
51.795
50.51
49.362
48.466
47.875
47.594
47.602
47.877
48.404
49.164
50.114
51.169
52.201
53.058
53.606
53.77
53.562
53.091
52.536
52.099
51.932
52.082
52.469
52.906
53.159
53.019
52.365
51.223
49.783
48.388
47.444
47.26
47.886
49.063
50.331
51.216
51.387
50.732
49.369
47.599
45.814
44.368
43.466
43.099
43.087
43.182
43.17
42.944
42.535
42.114
41.947
42.304
43.32
44.904
46.744
48.425
49.576
49.986
49.674
48.889
48.051
47.603
47.826
48.698
49.905
50.99
51.523
51.228
50.053
48.189
46.064
44.265
43.371
43.694
45.109
47.114
49.078
50.468
50.972
50.527
49.288
47.564
45.712
44.032
42.677
41.628
40.759
39.94
39.127
38.414
38.006
38.138
38.946
40.368
42.135
43.864
45.177
45.813
45.704
45.003
44.067
43.361
43.279
43.953
45.172
46.486
47.407
47.573
46.844
45.338
43.408
41.579
40.391
40.185
40.926
42.218
43.507
44.292
44.263
43.361
41.791
39.99
38.532
37.932
38.399
39.719
41.38
42.819
43.609
43.546
42.67
41.252
39.732
38.622
38.318
38.923
40.186
41.628
42.738
43.12
42.576
41.143
39.096
36.929
35.258
34.614
35.179
36.681
38.56
40.235
41.276
41.464
40.79
39.435
37.727
36.085
34.918
34.494
34.839
35.737
36.84
37.802
38.366
38.402
37.9
36.966
35.794
34.64
33.781
33.447
33.75
34.642
35.923
37.305
38.495
39.249
39.42
38.98
38.036
36.825
35.692
35.009
35.048
35.855
37.208
38.724
40.001
40.757
40.903
40.574
40.094
39.868
40.195
41.098
42.289
43.309
43.717
43.246
41.882
39.886
37.75
36.072
35.33
35.644
36.707
37.983
38.953
39.277
38.854
37.816
36.492
35.312
34.646
34.625
35.065
35.575
35.764
35.42
34.605
33.656
33.058
33.204
34.132
35.475
36.66
37.164
36.685
35.216
33.063
30.821
29.247
28.958
30.055
32.056
34.24
35.993
36.964
37.104
36.649
36.06
35.886
36.518
37.976
39.896
41.719
42.925
43.178
42.388
40.715
38.534
36.362
34.717
33.937
34.034
34.717
35.564
36.193
36.353
35.94
34.983
33.617
32.068
30.618
29.555
29.095
29.292
29.999
30.927
31.748
32.194
32.125
31.564
30.7
29.852
29.363
29.453
30.104
31.072
32.02
32.666
32.872
32.663
32.205
31.729
31.443
31.442
31.675
31.984
32.174
32.097
31.695
31.02
30.217
29.496
29.059
29.037
29.433
30.125
30.925
31.643
32.139
32.34
32.248
31.923
31.463
30.983
30.58
30.308
30.15
30.024
29.802
29.353
28.586
27.484
26.129
24.701
23.459
22.679
22.561
23.142
24.288
25.78
27.404
28.999
30.461
31.721
32.712
33.361
33.594
33.37
32.728
31.835
30.987
30.557
30.838
31.877
33.426
35.07
36.404
37.164
37.275
36.844
36.098
35.286
34.578
34
33.456
32.814
32.003
31.079
30.219
29.643
29.495
29.744
30.189
30.563
30.673
30.5
30.23
30.19
30.687
31.805
33.323
34.822
35.888
36.278
36.015
35.393
34.883
34.924
35.673
36.904
38.151
38.953
39.039
38.41
37.319
36.169
35.349
35.053
35.192
35.48
35.607
35.382
34.797
34.001
33.217
32.642
32.369
32.378
32.6
32.997
33.59
34.417
35.452
36.54
37.421
37.827
37.598
36.797
35.746
34.969
34.971
35.93
37.56
39.272
40.488
40.863
40.374
39.309
38.146
37.341
37.095
37.253
37.436
37.281
36.641
35.656
34.688
34.143
34.228
34.806
35.472
35.785
35.475
34.554
33.332
32.319
32.006
32.579
33.794
35.148
36.165
36.59
36.454
36.017
35.624
35.506
35.644
35.799
35.684
35.168
34.403
33.798
33.832
34.738
36.304
37.969
39.115
39.305
38.417
36.671
34.596
32.887
32.127
32.464
33.533
34.721
35.5
35.601
35.051
34.125
33.248
32.84
33.14
34.109
35.475
36.88
38
38.602
38.554
37.827
36.504
34.807
33.124
31.981
31.886
33.054
35.24
37.854
40.236
41.868
42.481
42.086
40.965
39.593
38.474
37.919
37.884
38.016
37.865
37.124
35.765
34.067
32.527
31.632
31.576
32.127
32.794
33.135
32.978
32.489
32.098
32.261
33.154
34.511
35.765
36.337
35.884
34.441
32.483
30.864
30.485
31.695
33.994
36.438
38.209
38.922
38.681
38.001
37.565
37.833
38.734
39.726
40.179
39.757
38.618
37.393
36.895
37.578
39.14
40.729
41.488
40.984
39.383
37.437
36.194
36.386
37.847
39.654
40.817
40.797
39.701
38.226
37.361
37.791
39.366
41.224
42.385
42.238
40.734
38.388
36.13
34.905
35.087
36.199
37.326
37.715
37.11
35.809
34.534
34.073
34.781
36.322
37.961
39.043
39.297
38.885
38.287
38.044
38.458
39.448
40.684
41.854
42.824
43.619
44.273
44.691
44.637
43.875
42.387
40.547
39.123
38.96
40.389
42.9
45.486
47.219
47.605
46.676
44.917
43.041
41.64
40.883
40.5
40.101
39.528
39.005
38.964
39.673
40.937
42.157
42.675
42.116
40.556
38.534
36.853
36.161
36.51
37.324
37.83
37.512
36.328
34.71
33.38
32.975
33.627
34.899
36.128
36.825
36.854
36.406
35.857
35.544
35.581
35.82
36
35.939
35.655
35.35
35.285
35.596
36.193
36.81
37.158
37.087
36.671
36.186
35.995
36.346
37.207
38.256
39.038
39.168
38.501
37.23
35.906
35.294
35.983
37.955
40.561
42.913
44.296
44.381
43.301
41.602
40.068
39.373
39.709
40.725
41.85
42.668
43.085
43.24
43.291
43.229
42.849
41.938
40.517
39.007
38.131
38.483
40
41.908
43.2
43.163
41.671
39.274
37.079
36.25
37.186
39.164
40.971
41.683
41.018
39.36
37.563
36.524
36.62
37.455
38.231
38.315
37.552
36.293
35.198
34.868
35.463
36.632
37.813
38.561
38.691
38.242
37.368
36.24
35.017
33.883
33.075
32.83
33.236
34.116
35.086
35.758
35.941
35.742
35.504
35.601
36.17
36.993
37.652
37.81
37.42
36.774
36.348
36.509
37.247
38.2
38.921
39.163
38.98
38.647
38.444
38.449
38.508
38.4
38.061
37.685
37.622
38.117
39.091
40.18
40.987
41.329
41.323
41.263
41.381
41.642
41.772
41.492
40.777
39.976
39.675
40.309
41.806
43.607
45.031
45.643
45.405
44.621
43.735
43.077
42.717
42.525
42.365
42.232
42.223
42.38
42.588
42.616
42.303
41.717
41.166
41.011
41.39
42.081
42.677
42.893
42.784
42.705
43.016
43.718
44.338
44.186
42.777
40.161
37.083
34.843
34.604
36.401
39.095
41.345
42.342
41.973
40.696
39.26
38.324
38.121
38.431
38.844
39.05
38.906
38.355
37.327
35.747
33.65
31.338
29.414
28.554
29.024
30.414
31.965
33.101
33.677
33.946
34.301
34.935
35.649
35.962
35.408
33.797
31.336
28.614
26.436
25.441
25.694
26.695
27.826
28.7
29.215
29.455
29.554
29.598
29.589
29.453
29.083
28.399
27.413
26.275
25.267
24.692
24.661
24.956
25.131
24.779
23.777
22.435
21.456
21.552
22.819
24.584
25.949
26.294
25.474
23.834
22.085
20.966
20.709
20.836
20.571
19.396
17.317
14.98
13.633
14.321
16.61
19.185
21.044
21.703
21.105
19.54
17.617
16.174
15.918
16.843
18.22
19.21
19.267
