24.181
25.125
25.696
25.916
25.989
26.115
26.317
26.439
26.302
25.894
25.434
25.258
25.562
26.214
26.848
27.126
26.969
26.596
26.377
26.547
26.999
27.371
27.349
26.941
26.555
26.795
27.992
29.87
31.713
32.814
32.797
31.745
30.189
28.929
28.638
29.414
30.757
31.992
32.67
32.712
32.35
31.968
31.894
32.244
32.907
33.659
34.302
34.727
34.905
34.854
34.618
34.269
33.926
33.75
33.899
34.436
35.267
36.156
36.818
37.047
36.818
36.321
35.902
35.9
36.439
37.33
38.187
38.658
38.618
38.249
37.954
38.125
38.872
39.933
40.847
41.247
41.063
40.552
40.158
40.228
40.783
41.519
42.054
42.207
42.118
42.146
42.607
43.494
44.436
44.92
44.599
43.499
42.052
40.938
40.725
41.521
42.935
44.395
45.492
46.126
46.441
46.645
46.841
46.96
46.858
46.468
45.905
45.433
45.315
45.615
46.133
46.515
46.469
45.931
45.125
44.459
44.31
44.787
45.662
46.515
46.981
46.937
46.538
46.133
46.059
46.433
47.074
47.623
47.753
47.35
46.573
45.767
45.282
45.26
45.552
45.839
45.842
45.49
44.947
44.5
44.366
44.544
44.832
44.994
44.933
44.76
44.704
44.921
45.335
45.651
45.54
44.854
43.766
42.722
42.218
42.468
43.223
43.93
44.077
43.469
42.327
41.178
40.556
40.646
41.15
41.504
41.264
40.363
39.172
38.318
38.315
39.179
40.413
41.351
41.536
40.915
39.825
38.808
38.308
38.39
38.741
38.938
38.755
38.313
38.009
38.251
39.151
40.418
41.552
42.163
42.186
41.92
41.88
42.491
43.787
45.375
46.67
47.208
46.831
45.733
44.366
43.237
42.673
42.687
43.06
43.566
44.145
44.908
45.99
47.363
48.756
49.749
49.976
49.311
47.991
46.602
45.878
46.312
47.821
49.77
51.347
51.953
51.422
50.081
48.656
47.971
48.499
50.047
51.89
53.212
53.473
52.582
50.885
49.026
47.664
47.155
47.383
47.903
48.267
48.265
47.981
47.68
47.607
47.806
48.087
48.152
47.776
46.938
45.833
44.79
44.102
43.884
44.033
44.324
44.565
44.682
44.724
44.778
44.88
44.979
44.981
44.85
44.684
44.71
45.177
46.185
47.578
48.974
49.934
50.139
49.526
48.337
47.075
46.342
46.572
47.804
49.677
51.639
53.205
54.103
54.316
54.043
53.607
53.326
53.391
53.799
54.381
54.91
55.215
55.263
55.161
55.095
55.212
55.513
55.834
55.915
55.53
54.618
53.331
51.999
50.987
50.513
50.522
50.725
50.783
50.491
49.879
49.177
48.677
48.545
48.701
48.868
48.744
48.181
47.287
46.391
45.882
45.979
46.571
47.282
47.693
47.574
47.023
46.442
46.363
47.141
48.708
50.608
52.257
53.232
53.44
53.128
52.75
52.723
53.186
53.919
54.503
54.574
54.024
53.057
52.085
51.502
51.452
51.761
52.084
52.167
52.021
51.925
52.247
53.168
54.501
55.749
56.355
55.96
54.558
52.53
50.522
49.183
48.832
49.281
49.99
50.411
50.268
49.658
48.978
48.706
49.112
50.082
51.172
51.861
51.81
51.019
49.851
48.926
48.834
49.798
51.504
53.27
54.384
54.384
53.211
51.251
49.257
48.1
48.354
49.945
52.219
54.348
55.715
56.091
55.649
54.848
54.224
54.127
54.537
55.1
55.336
54.881
53.639
51.821
49.877
48.326
47.53
47.527
48.042
48.672
49.087
49.155
48.936
48.611
48.365
48.295
48.372
48.493
48.565
48.583
48.642
48.892
49.438
50.263
51.205
52.021
52.499
52.556
52.298
51.999
52.004
52.576
53.751
55.3
56.826
57.919
58.303
57.912
56.925
55.716
54.757
54.433
54.874
55.872
56.973
57.658
57.526
56.41
54.445
52.067
49.934
48.725
48.819
50.078
51.913
53.594
54.541
54.498
53.582
52.249
51.15
50.863
51.584
53.006
54.496
55.421
55.41
54.498
53.133
52.036
51.901
53.012
55.065
57.365
59.192
60.074
59.889
58.842
57.333
55.784
54.463
53.4
52.45
51.454
50.388
49.422
48.847
48.906
49.621
50.75
51.891
52.661
52.845
52.467
51.779
51.172
51.016
51.493
52.513
53.775
54.926
55.718
56.091
56.161
56.148
56.251
56.544
56.944
57.27
57.342
57.079
56.535
55.871
55.276
54.875
54.678
54.585
54.45
54.162
53.692
53.101
52.506
52.031
51.752
51.679
51.764
51.936
52.135
52.335
52.547
52.804
53.144
53.588
54.134
54.751
55.39
55.989
56.494
56.867
57.105
57.248
57.364
57.532
57.795
58.135
58.456
58.621
58.503
58.051
57.327
56.507
55.83
55.502
55.604
56.038
56.564
56.896
56.814
56.248
55.322
54.331
53.659
53.624
54.312
55.509
56.784
57.668
57.841
57.27
56.253
55.363
55.248
56.311
58.465
61.161
63.657
65.3
65.705
64.804
62.825
60.206
57.466
55.054
53.22
51.979
51.177
50.624
50.207
49.928
49.875
50.15
50.794
51.742
52.835
53.867
54.652
55.074
55.125
54.91
54.621
54.483
54.673
55.255
56.149
57.162
58.059
58.648
58.836
58.654
58.246
57.815
57.552
57.554
57.781
58.072
58.205
57.982
57.306
56.22
54.924
53.736
53.012
53.012
53.789
55.144
56.7
58.04
58.841
58.955
58.455
57.611
56.807
56.405
56.592
57.289
58.196
58.924
59.148
58.701
57.611
56.077
54.401
52.899
51.798
51.177
50.961
50.987
51.086
51.156
51.191
51.272
51.521
52.034
52.822
53.786
54.743
55.477
55.819
55.7
55.183
54.457
53.78
53.401
53.458
53.923
54.61
55.256
55.614
55.527
54.968
54.036
52.929
51.885
51.113
50.729
50.722
50.974
51.317
51.617
51.835
52.06
52.475
53.278
54.567
56.255
58.07
59.638
60.607
60.751
60.041
58.656
56.95
55.349
54.215
53.715
53.761
54.077
54.337
54.288
53.832
53.043
52.139
51.416
51.139
51.441
52.262
53.371
54.456
55.225
55.487
55.174
54.341
53.126
51.7
50.231
48.854
47.672
46.775
46.245
46.151
46.518
47.296
48.353
49.495
50.507
51.207
51.488
51.35
50.903
50.35
49.923
49.8
50.032
50.518
51.058
51.443
51.545
51.36
50.997
50.629
50.404
50.38
50.505
50.645
50.663
50.483
50.124
49.703
49.384
49.307
49.508
49.882
50.205
50.218
49.732
48.721
47.377
46.098
45.362
45.514
46.56
48.126
49.634
50.521
50.411
49.179
46.975
44.201
41.46
39.434
38.665
39.298
41.01
43.197
45.245
46.711
47.388
47.32
46.77
46.132
45.795
45.976
46.622
47.445
48.067
48.176
47.62
46.442
44.854
43.189
41.809
41.003
40.901
41.441
42.418
43.57
44.665
45.545
46.148
46.485
46.616
46.61
46.504
46.295
45.943
45.403
44.652
43.713
42.659
41.596
40.637
39.874
39.363
39.108
39.078
39.213
39.445
39.703
39.93
40.083
40.146
40.134
40.09
40.073
40.146
40.342
40.654
41.018
41.338
41.506
41.436
41.098
40.525
39.822
39.146
38.684
38.6
38.996
39.866
41.095
42.486
43.807
44.846
45.45
45.557
45.204
44.515
43.668
42.851
42.208
41.799
41.598
41.521
41.468
41.363
41.18
40.941
40.715
40.597
40.681
41.032
41.657
42.488
43.392
44.193
44.714
44.816
44.435
43.594
42.414
41.083
39.824
38.835
38.23
38.014
38.089
38.301
38.491
38.53
38.344
37.923
37.326
36.67
36.112
35.798
35.804
36.093
36.516
36.863
36.937
36.617
35.892
34.867
33.739
32.753
32.138
32.04
32.478
33.348
34.453
35.564
36.465
36.997
37.091
36.781
36.206
35.573
35.098
34.914
35.026
35.308
35.563
35.608
35.33
34.705
33.799
32.735
31.663
30.725
30.028
29.625
29.521
29.678
30.033
30.518
31.069
31.627
32.148
32.592
32.928
33.137
33.214
33.178
33.066
32.933
32.834
32.81
32.869
32.983
33.091
33.114
32.982
32.653
32.132
31.471
30.766
30.13
29.661
29.415
29.385
29.509
29.698
29.863
29.94
29.909
29.793
29.647
29.55
29.565
29.726
30.008
30.341
30.627
30.773
30.721
30.464
30.047
29.558
29.099
28.762
28.601
28.622
28.776
28.987
29.163
29.226
29.125
28.846
28.412
27.873
27.292
26.731
26.236
25.831
25.53
25.338
25.264
25.318
25.51
25.836
26.276
26.785
27.302
27.756
28.085
28.252
28.263
28.165
28.042
27.985
28.063
28.291
28.623
28.964
29.209
29.267
29.089
28.683
28.116
27.507
27.018
26.808
26.992
27.585
28.497
29.556
30.569
31.369
31.846
31.962
31.745
31.276
30.664
30.029
29.472
29.061
28.818
28.723
28.724
28.759
28.78
28.76
28.703
28.63
28.568
28.535
28.53
28.534
28.521
28.462
28.34
28.156
27.93
27.704
27.531
27.464
27.534
27.736
28.024
28.327
28.563
28.67
28.617
28.409
28.085
27.705
27.331
27.018
26.802
26.695
26.693
26.777
26.925
27.118
27.335
27.56
27.766
27.922
27.992
27.944
27.759
27.441
27.02
26.546
26.089
25.728
25.538
25.574
25.853
26.339
26.938
27.519
27.946
28.107
27.941
27.453
26.711
25.834
24.971
24.274
23.871
23.839
24.189
24.861
25.737
26.672
27.523
28.176
28.564
28.673
28.537
28.221
27.806
27.374
26.995
26.727
26.609
26.665
26.902
27.311
27.874
28.565
29.351
30.181
30.983
31.662
32.116
32.255
32.026
31.433
30.537
29.454
28.336
27.341
26.607
26.225
26.224
26.564
27.151
27.851
28.523
29.042
29.325
29.345
29.131
28.757
28.318
27.903
27.574
27.352
27.226
27.164
27.132
27.096
27.034
26.938
26.813
26.686
26.597
26.589
26.696
26.924
27.25
27.621
27.979
28.268
28.453
28.523
28.488
28.373
28.212
28.042
27.894
27.794
27.759
27.793
27.886
28.019
28.16
28.275
28.33
28.298
28.163
27.926
27.599
27.205
26.773
26.332
25.915
25.558
25.309
25.225
25.36
25.747
26.37
27.155
27.985
28.728
29.266
29.531
29.507
29.241
28.82
28.361
27.978
27.767
27.791
28.077
28.611
29.346
30.202
31.081
31.876
32.488
32.845
32.906
32.667
32.159
31.442
30.592
29.692
28.823
28.052
27.427
26.977
26.713
26.632
26.721
26.962
27.324
27.768
28.243
28.693
29.065
29.319
29.434
29.416
29.295
29.128
28.992
28.973
29.149
29.569
30.232
31.085
32.032
32.953
33.731
34.273
34.521
34.461
34.121
33.572
32.914
32.263
31.729
31.394
31.297
31.422
31.716
32.099
32.486
32.802
32.987
33.004
32.838
32.503
32.041
31.52
31.019
30.616
30.363
30.278
30.342
30.513
30.741
30.983
31.215
31.431
31.641
31.865
32.124
32.43
32.778
33.147
33.504
33.813
34.046
34.195
34.276
34.323
34.388
34.526
34.791
35.219
35.824
36.582
37.438
38.311
39.107
39.74
40.148
40.298
40.191
39.857
39.352
38.747
38.127
37.584
37.203
37.049
37.152
37.494
38.016
38.63
39.244
39.777
40.166
40.369
40.365
40.152
39.745
39.18
38.506
37.785
37.08
36.444
35.919
35.533
35.306
35.257
35.401
35.743
36.273
36.957
37.74
38.552
39.322
39.981
40.478
40.78
40.877
40.784
40.541
40.206
39.849
39.54
39.332
39.255
39.307
39.459
39.66
39.856
39.999
40.059
40.037
39.963
39.895
39.909
40.079
40.458
41.058
41.838
42.715
43.569
44.27
44.698
44.766
44.433
43.719
42.708
41.543
40.415
39.529
39.068
39.153
39.809
40.96
42.454
44.093
45.667
46.983
47.887
48.28
48.131
47.489
46.478
45.289
44.155
43.305
42.911
43.031
43.593
44.416
45.264
45.911
46.183
45.989
45.327
44.28
43.002
41.701
40.613
39.973
39.976
40.718
42.161
44.129
46.344
48.495
50.297
51.538
52.113
52.027
51.394
50.413
49.328
48.388
47.801
47.694
48.096
48.935
50.058
51.269
52.365
53.175
53.579
53.533
53.061
52.252
51.237
50.16
49.154
48.32
47.712
47.342
47.193
47.225
47.398
47.674
48.029
48.444
48.906
49.403
49.919
50.433
50.916
51.336
51.658
51.85
51.893
51.788
51.56
51.257
50.937
50.652
50.428
50.26
50.12
49.973
49.802
49.615
49.447
49.349
49.365
49.52
49.805
50.183
50.6
50.993
51.306
51.497
51.55
51.472
51.296
51.073
50.867
50.736
50.731
50.878
51.179
51.606
52.105
52.602
53.015
53.272
53.321
53.148
52.775
52.256
51.665
51.075
50.553
50.145
49.878
49.765
49.806
49.995
50.317
50.754
51.277
51.849
52.428
52.965
53.414
53.737
53.911
53.936
53.833
53.646
53.429
53.24
53.126
53.118
53.226
53.443
53.754
54.143
54.597
55.117
55.704
56.357
57.064
57.797
58.505
59.123
59.573
59.771
59.647
59.163
58.335
57.259
56.117
55.153
54.611
54.649
55.258
56.249
57.313
58.116
58.389
57.988
56.909
55.285
53.36
51.453
49.905
49.006
48.922
49.638
50.959
52.57
54.124
55.316
55.94
55.924
55.332
54.366
53.328
52.556
52.336
52.803
53.891
55.352
56.846
58.038
58.673
58.623
57.897
56.63
55.046
53.412
51.988
50.969
50.464
50.484
50.96
51.772
52.776
53.826
54.798
55.607
56.224
56.674
57.028
57.379
57.806
58.353
59.001
59.676
60.266
60.642
60.685
60.311
59.478
58.196
56.528
54.59
52.547
50.606
48.994
47.925
47.542
47.869
48.784
50.051
51.379
52.494
53.188
53.357
53.016
52.3
51.445
50.741
50.461
50.771
51.666
52.962
54.354
55.511
56.151
56.097
55.31
53.882
52.029
50.053
48.291
47.044
46.504
46.706
47.525
48.735
50.071
51.299
52.246
52.821
53.018
52.901
52.588
52.213
51.894
51.703
51.65
51.688
51.736
51.705
51.525
51.163
50.626
49.965
49.265
48.628
48.158
47.938
48.006
48.342
48.872
49.478
50.023
50.379
50.452
50.205
49.671
48.957
48.24
47.732
47.631
48.061
49.013
50.341
51.797
53.097
53.984
54.279
53.909
52.92
51.466
49.8
48.225
47.046
46.491
46.657
47.479
48.771
50.282
51.767
53.024
53.923
54.406
54.482
54.211
53.685
53.011
52.285
51.582
50.955
50.429
50.021
49.743
49.618
49.673
49.94
50.434
51.142
52.007
52.926
53.759
54.348
54.549
54.261
53.453
52.19
50.639
49.06
47.769
47.072
47.168
48.078
49.63
51.51
53.354
54.821
55.65
55.704
54.993
53.688
52.11
50.672
49.769
49.635
50.244
51.329
52.5
53.392
53.761
53.518
52.718
51.524
50.149
48.806
47.661
46.808
46.274
46.04
46.071
46.348
46.861
47.603
48.538
49.582
50.604
51.455
52.013
52.222
52.127
51.868
51.654
51.689
52.103
52.884
53.871
54.797
55.361
55.318
54.551
53.121
51.304
49.555
48.398
48.21
49.022
50.474
51.987
53.004
53.16
52.361
50.779
48.798
46.901
45.518
44.878
44.933
45.416
45.974
46.307
46.243
45.786
45.119
44.57
44.513
45.204
46.634
48.499
50.328
51.664
52.215
51.941
51.073
50.052
49.392
49.464
50.321
51.666
53
53.82
53.777
52.753
50.904
48.649
46.61
45.445
45.574
46.952
49.084
51.286
52.953
53.701
53.414
52.218
50.413
48.376
46.451
44.843
43.579
42.554
41.631
40.742
39.952
39.456
39.5
40.259
41.714
43.628
45.617
47.282
48.327
48.637
48.321
47.696
47.198
47.222
47.93
49.161
50.504
51.477
51.701
51.01
49.495
47.499
45.544
44.188
43.807
44.407
45.628
46.923
47.792
47.926
47.276
46.065
44.738
43.838
43.797
44.722
46.336
48.114
49.515
50.142
49.832
48.672
46.987
45.272
44.059
43.723
44.31
45.513
46.828
47.755
47.942
47.263
45.832
43.992
42.248
41.129
40.987
41.825
43.306
44.925
46.216
46.864
46.756
45.967
44.731
43.377
42.25
41.605
41.538
41.966
42.682
43.45
44.064
44.388
44.352
43.942
43.191
42.181
41.056
40.029
39.356
39.271
39.887
41.12
42.697
44.247
45.41
45.923
45.679
44.748
43.385
41.987
41.014
40.824
41.514
42.861
44.425
45.734
46.444
46.437
45.863
45.104
44.66
44.927
45.978
47.492
48.905
49.645
49.324
47.842
45.429
42.623
40.167
38.774
38.773
39.912
41.527
42.907
43.554
43.274
42.181
40.644
39.178
38.252
38.075
38.483
39.049
39.32
39.034
38.229
37.247
36.614
36.781
37.838
39.423
40.912
41.702
41.404
39.943
37.585
34.93
32.818
32.041
32.887
34.941
37.398
39.501
40.78
41.102
40.665
39.944
39.549
39.979
41.357
43.352
45.354
46.744
47.078
46.187
44.2
41.539
38.855
36.873
36.118
36.637
37.985
39.504
40.614
40.949
40.377
38.975
36.992
34.804
32.858
31.564
31.162
31.615
32.631
33.806
34.765
35.251
35.16
34.557
33.66
32.797
32.312
32.427
33.137
34.214
35.319
36.14
36.493
36.357
35.868
35.268
34.824
34.718
34.973
35.446
35.9
36.102
35.902
35.274
34.324
33.268
32.372
31.868
31.857
32.273
32.917
33.549
33.976
34.103
33.945
33.605
33.223
32.924
32.764
32.711
32.663
32.492
32.093
31.419
30.492
29.404
28.291
27.312
26.608
26.279
26.368
26.862
27.713
28.85
30.186
31.615
33.006
34.209
35.073
35.475
35.355
34.746
33.803
32.795
32.054
31.863
32.326
33.307
34.51
35.615
36.401
36.805
36.911
36.886
36.886
36.96
37.019
36.882
36.368
35.4
34.06
32.595
31.351
30.624
30.502
30.798
31.154
31.225
30.837
30.06
29.211
28.742
29.014
30.06
31.54
32.94
33.81
33.933
33.377
32.488
31.774
31.676
32.317
33.428
34.519
35.145
35.073
34.347
33.253
32.201
31.555
31.443
31.71
32.032
32.112
31.805
31.162
30.379
29.7
29.3
29.205
29.317
29.512
29.737
30.042
30.527
31.239
32.086
32.841
33.228
33.058
32.331
31.301
30.43
30.216
30.905
32.309
33.92
35.193
35.77
35.571
34.787
33.789
32.961
32.512
32.378
32.301
32.015
31.419
30.641
29.988
29.773
30.113
30.823
31.519
31.818
31.503
30.611
29.434
28.429
28.018
28.346
29.185
30.089
30.654
30.694
30.289
29.732
29.376
29.418
29.771
30.122
30.139
29.679
28.893
28.207
28.126
28.908
30.346
31.886
32.935
33.098
32.291
30.754
28.995
27.634
27.121
27.469
28.272
28.987
29.209
28.793
27.85
26.694
25.727
25.292
25.522
26.311
27.401
28.513
29.422
29.954
29.978
29.398
28.184
26.437
24.465
22.844
22.301
23.295
25.595
28.443
31.028
32.757
33.342
32.816
31.513
29.998
28.882
28.532
28.858
29.404
29.661
29.342
28.492
27.467
26.774
26.783
27.468
28.418
29.102
29.15
28.482
27.339
26.205
25.6
25.764
26.482
27.224
27.46
26.89
25.559
23.873
22.527
22.196
23.053
24.612
26.115
26.979
27.001
26.389
25.685
25.523
26.215
27.505
28.753
29.349
29.006
27.878
26.551
25.82
26.196
27.474
28.892
29.669
29.389
28.144
26.52
25.399
25.445
26.562
27.979
28.855
28.727
27.662
26.235
25.311
25.532
26.794
28.335
29.303
29.17
27.861
25.757
23.596
22.217
22.051
22.784
23.662
24.055
23.733
22.893
22.046
21.754
22.265
23.343
24.485
25.27
25.545
25.443
25.28
25.365
25.815
26.513
27.242
27.852
28.348
28.833
29.37
29.869
30.093
29.802
28.937
27.757
26.845
26.853
28.031
29.975
31.911
33.141
33.31
32.473
31.048
29.642
28.757
28.505
28.591
28.609
28.353
27.945
27.719
27.943
28.562
29.19
29.356
28.77
27.482
25.898
24.637
24.196
24.58
25.301
25.749
25.541
24.673
23.492
22.553
22.312
22.816
23.692
24.449
24.767
24.611
24.197
23.855
23.833
24.144
24.579
24.871
24.865
24.598
24.277
24.154
24.369
24.843
25.331
25.569
25.417
24.934
24.364
24.043
24.221
24.897
25.805
26.56
26.839
26.504
25.664
24.688
24.099
24.331
25.42
26.956
28.344
29.096
29
28.175
27.042
26.17
25.991
26.523
27.387
28.109
28.412
28.311
28.045
27.878
27.884
27.891
27.622
26.938
26.007
25.3
25.325
26.207
27.515
28.544
28.727
27.888
26.335
24.812
24.18
24.824
26.304
27.755
28.472
28.188
27.098
25.748
24.774
24.521
24.815
25.14
25.029
24.325
23.235
22.231
21.798
22.119
22.962
23.882
24.503
24.643
24.304
23.604
22.696
21.739
20.901
20.362
20.282
20.696
21.46
22.297
22.937
23.253
23.313
23.346
23.602
24.171
24.906
25.512
25.739
25.518
25.006
24.515
24.328
24.526
24.948
25.345
25.562
25.627
25.687
25.862
26.113
26.259
26.119
25.683
25.184
25.007
25.441
26.441
27.645
28.634
29.174
29.309
29.288
29.375
29.643
29.928
29.973
29.65
29.102
28.714
28.887
29.742
31.001
32.185
32.885
32.937
32.427
31.605
30.736
29.989
29.422
29.048
28.896
28.996
29.296
29.627
29.77
29.596
29.177
28.776
28.69
29.025
29.586
30.023
30.081
29.792
29.459
29.448
29.865
30.406
30.533
29.821
28.236
26.265
24.83
24.789
26.198
28.246
29.946
30.687
30.37
29.338
28.191
27.488
27.446
27.867
28.36
28.606
28.463
27.929
27.059
25.928
24.65
23.433
22.558
22.246
22.482
22.992
23.423
23.573
23.5
23.469
23.748
24.362
25.026
25.301
24.836
23.52
21.545
19.379
17.65
16.873
17.119
18.012
19.086
20.036
20.748
21.21
21.452
21.501
21.379
21.102
20.686
20.153
19.565
19.045
18.761
18.833
19.21
19.64
19.786
19.408
18.518
17.466
16.864
17.205
18.398
19.808
20.741
20.782
19.918
18.524
17.238
16.622
16.713
16.982
16.785
15.762
13.994
12.064
10.995
11.568
13.371
15.373
16.818
17.357
16.947
15.78
14.247
12.901
12.292
12.596
13.428
14.165
14.323
