25.485
26.609
27.244
27.36
27.204
27.093
27.169
27.302
27.245
26.882
26.374
26.095
26.349
27.092
27.947
28.496
28.571
28.354
28.237
28.505
29.073
29.543
29.545
29.074
28.621
28.948
30.488
32.885
35.221
36.596
36.538
35.173
33.226
31.803
31.8
33.234
35.289
37.017
37.874
37.849
37.347
36.927
36.993
37.601
38.525
39.48
40.294
40.923
41.365
41.588
41.535
41.213
40.783
40.56
40.868
41.821
43.2
44.557
45.449
45.659
45.297
44.758
44.533
44.931
45.88
46.99
47.798
48.041
47.786
47.403
47.373
47.992
49.166
50.462
51.375
51.605
51.211
50.583
50.244
50.542
51.424
52.493
53.304
53.648
53.682
53.817
54.425
55.531
56.732
57.426
57.152
55.863
54.005
52.385
51.786
52.498
54.148
56.011
57.472
58.292
58.598
58.69
58.793
58.91
58.873
58.534
57.94
57.362
57.131
57.385
57.929
58.332
58.199
57.434
56.333
55.465
55.35
56.102
57.346
58.462
58.968
58.762
58.149
57.655
57.694
58.296
59.094
59.573
59.393
58.569
57.455
56.552
56.207
56.401
56.792
56.972
56.727
56.153
55.573
55.31
55.454
55.801
56.006
55.83
55.309
54.739
54.482
54.688
55.153
55.421
55.07
53.978
52.44
51.062
50.437
50.739
51.57
52.218
52.083
50.993
49.29
47.675
46.828
46.96
47.653
48.178
47.976
46.97
45.624
44.719
44.885
46.131
47.832
49.16
49.546
48.909
47.649
46.432
45.822
45.936
46.411
46.721
46.564
46.06
45.683
45.948
47.009
48.504
49.793
50.353
50.083
49.386
48.993
49.551
51.152
53.243
54.975
55.662
55.071
53.481
51.566
50.085
49.494
49.721
50.339
50.96
51.527
52.312
53.642
55.544
57.593
59.096
59.435
58.381
56.266
53.973
52.638
53.031
55.004
57.578
59.583
60.22
59.321
57.382
55.392
54.432
55.062
56.96
59.167
60.672
60.849
59.621
57.433
55.078
53.38
52.798
53.205
54.048
54.725
54.906
54.617
54.152
53.858
53.908
54.193
54.397
54.192
53.423
52.194
50.834
49.753
49.249
49.36
49.868
50.449
50.842
50.945
50.807
50.559
50.321
50.16
50.104
50.193
50.518
51.195
52.268
53.622
54.963
55.905
56.123
55.499
54.22
52.782
51.863
52.021
53.383
55.548
57.82
59.542
60.335
60.189
59.423
58.556
58.082
58.245
58.947
59.843
60.562
60.896
60.874
60.714
60.681
60.92
61.359
61.738
61.75
61.197
60.098
58.692
57.35
56.405
55.989
55.973
56.061
55.971
55.581
54.98
54.396
54.054
54.016
54.135
54.137
53.783
53.021
52.043
51.218
50.904
51.229
51.985
52.733
53.041
52.709
51.888
51.057
50.821
51.585
53.281
55.399
57.284
58.452
58.78
58.529
58.203
58.285
58.96
60.004
60.944
61.336
61.008
60.131
59.132
58.46
58.329
58.602
58.93
59.015
58.833
58.67
58.945
59.905
61.388
62.846
63.611
63.203
61.538
58.997
56.335
54.404
53.725
54.187
55.145
55.851
55.843
55.123
54.112
53.43
53.538
54.447
55.696
56.637
56.775
56.007
54.689
53.535
53.302
54.344
56.35
58.507
59.931
60.025
58.686
56.356
53.95
52.557
52.907
54.909
57.741
60.384
62.094
62.603
62.12
61.187
60.434
60.275
60.712
61.361
61.692
61.3
60.068
58.206
56.177
54.522
53.635
53.592
54.148
54.907
55.518
55.805
55.778
55.573
55.353
55.22
55.172
55.14
55.044
54.874
54.704
54.671
54.894
55.393
56.051
56.654
56.985
56.934
56.566
56.136
56.001
56.469
57.619
59.234
60.875
62.059
62.434
61.896
60.645
59.142
57.983
57.661
58.317
59.649
61.05
61.868
61.633
60.189
57.751
54.887
52.412
51.114
51.375
52.941
55.07
56.928
57.905
57.771
56.707
55.26
54.162
54.035
55.057
56.852
58.704
59.912
60.065
59.176
57.699
56.397
56.039
57.006
59.059
61.496
63.533
64.612
64.539
63.474
61.814
60.025
58.446
57.18
56.124
55.124
54.136
53.313
52.936
53.249
54.27
55.726
57.161
58.126
58.346
57.817
56.81
55.796
55.266
55.518
56.505
57.885
59.207
60.135
60.563
60.636
60.646
60.866
61.393
62.082
62.631
62.743
62.277
61.315
60.143
59.118
58.507
58.349
58.451
58.5
58.231
57.538
56.513
55.39
54.44
53.851
53.648
53.7
53.802
53.789
53.6
53.307
53.073
53.076
53.42
54.089
54.95
55.816
56.525
56.996
57.251
57.392
57.551
57.833
58.267
58.793
59.286
59.597
59.605
59.253
58.572
57.686
56.784
56.078
55.731
55.792
56.17
56.662
57.022
57.052
56.671
55.952
55.126
54.515
54.419
54.964
56.02
57.224
58.129
58.38
57.862
56.784
55.672
55.211
55.931
57.892
60.61
63.298
65.192
65.782
64.91
62.769
59.836
56.731
54.034
52.092
50.922
50.282
49.866
49.48
49.115
48.915
49.068
49.674
50.671
51.838
52.883
53.549
53.709
53.411
52.875
52.428
52.385
52.905
53.919
55.16
56.292
57.037
57.271
57.042
56.537
56.002
55.649
55.575
55.735
55.981
56.123
56.007
55.552
54.775
53.786
52.767
51.942
51.523
51.654
52.353
53.497
54.842
56.098
56.998
57.373
57.201
56.623
55.918
55.416
55.372
55.846
56.66
57.47
57.903
57.687
56.732
55.156
53.254
51.417
50.011
49.248
49.109
49.379
49.763
50.016
50.033
49.877
49.751
49.9
50.491
51.51
52.741
53.852
54.521
54.561
53.992
53.049
52.122
51.608
51.744
52.483
53.529
54.473
54.966
54.818
54.044
52.838
51.51
50.388
49.706
49.527
49.729
50.081
50.35
50.405
50.276
50.157
50.339
51.08
52.461
54.313
56.267
57.882
58.794
58.806
57.94
56.424
54.642
53.019
51.892
51.387
51.395
51.644
51.83
51.736
51.291
50.577
49.807
49.248
49.134
49.572
50.488
51.656
52.777
53.576
53.865
53.577
52.764
51.565
50.166
48.753
47.478
46.449
45.734
45.375
45.392
45.775
46.473
47.38
48.348
49.207
49.803
50.027
49.847
49.318
48.575
47.804
47.187
46.839
46.771
46.893
47.063
47.156
47.111
46.943
46.723
46.535
46.428
46.397
46.395
46.361
46.26
46.11
45.979
45.956
46.106
46.425
46.815
47.105
47.104
46.679
45.829
44.725
43.704
43.172
43.422
44.464
45.984
47.477
48.43
48.474
47.457
45.467
42.822
40.041
37.75
36.513
36.586
37.772
39.539
41.275
42.497
42.946
42.621
41.763
40.788
40.156
40.17
40.825
41.816
42.695
43.068
42.708
41.606
39.955
38.11
36.5
35.519
35.385
36.072
37.338
38.852
40.312
41.52
42.402
42.993
43.39
43.701
43.977
44.192
44.25
44.033
43.46
42.529
41.334
40.046
38.872
37.999
37.541
37.51
37.827
38.353
38.937
39.444
39.783
39.91
39.837
39.626
39.372
39.181
39.139
39.285
39.594
39.984
40.337
40.528
40.461
40.086
39.413
38.52
37.541
36.653
36.047
35.878
36.219
37.026
38.143
39.34
40.371
41.028
41.186
40.823
40.025
38.967
37.871
36.944
36.316
36.006
35.939
35.988
36.034
36.01
35.907
35.78
35.726
35.851
36.237
36.901
37.775
38.714
39.533
40.055
40.155
39.792
39.023
37.992
36.897
35.944
35.29
34.999
35.033
35.285
35.619
35.911
36.074
36.066
35.891
35.597
35.268
35.008
34.906
35.009
35.287
35.645
35.94
36.035
35.831
35.302
34.499
33.546
32.609
31.862
31.449
31.438
31.811
32.467
33.249
33.983
34.513
34.734
34.615
34.209
33.644
33.087
32.691
32.535
32.595
32.755
32.861
32.778
32.429
31.813
30.997
30.097
29.256
28.609
28.256
28.24
28.539
29.076
29.744
30.432
31.047
31.53
31.856
32.031
32.082
32.048
31.97
31.884
31.816
31.782
31.784
31.812
31.839
31.828
31.735
31.52
31.156
30.64
30.002
29.303
28.626
28.061
27.679
27.514
27.554
27.742
27.996
28.231
28.376
28.392
28.277
28.07
27.841
27.671
27.624
27.722
27.933
28.181
28.376
28.44
28.336
28.071
27.7
27.303
26.969
26.767
26.728
26.832
27.013
27.181
27.239
27.113
26.772
26.231
25.559
24.857
24.241
23.808
23.611
23.65
23.879
24.231
24.634
25.026
25.365
25.62
25.779
25.835
25.795
25.669
25.475
25.239
24.988
24.75
24.549
24.399
24.301
24.24
24.191
24.122
24.005
23.824
23.585
23.317
23.081
22.955
23.017
23.311
23.827
24.495
25.202
25.827
26.268
26.461
26.389
26.079
25.592
25.014
24.441
23.962
23.64
23.495
23.498
23.581
23.659
23.654
23.523
23.267
22.921
22.55
22.222
21.991
21.881
21.888
21.98
22.112
22.237
22.32
22.352
22.351
22.363
22.443
22.63
22.927
23.29
23.648
23.919
24.04
23.982
23.753
23.392
22.962
22.534
22.175
21.94
21.854
21.912
22.075
22.277
22.444
22.507
22.416
22.149
21.715
21.144
20.487
19.803
19.152
18.587
18.151
17.873
17.764
17.817
18.003
18.27
18.551
18.769
18.852
18.749
18.439
17.939
17.302
16.607
15.953
15.438
15.151
15.144
15.428
15.957
16.641
17.361
17.996
18.445
18.646
18.579
18.274
17.798
17.239
16.696
16.255
15.981
15.906
16.033
16.334
16.766
17.274
17.805
18.311
18.751
19.088
19.293
19.338
19.207
18.896
18.425
17.834
17.188
16.56
16.028
15.654
15.481
15.519
15.746
16.106
16.526
16.921
17.219
17.369
17.353
17.19
16.925
16.622
16.343
16.131
16.003
15.946
15.926
15.9
15.826
15.674
15.431
15.108
14.738
14.376
14.084
13.919
13.912
14.062
14.333
14.672
15.023
15.335
15.577
15.732
15.806
15.823
15.817
15.83
15.896
16.028
16.215
16.424
16.607
16.718
16.722
16.606
16.376
16.056
15.681
15.29
14.917
14.589
14.322
14.122
13.987
13.912
13.893
13.925
14.002
14.113
14.24
14.356
14.433
14.447
14.384
14.25
14.061
13.846
13.637
13.465
13.353
13.324
13.398
13.587
13.885
14.264
14.668
15.028
15.274
15.353
15.24
14.94
14.49
13.946
13.375
12.845
12.412
12.113
11.963
11.954
12.058
12.232
12.43
12.608
12.735
12.793
12.779
12.702
12.578
12.427
12.269
12.117
11.985
11.881
11.814
11.788
11.811
11.884
12.008
12.176
12.374
12.582
12.775
12.926
13.01
13.009
12.914
12.731
12.481
12.196
11.916
11.681
11.523
11.459
11.488
11.596
11.753
11.928
12.085
12.194
12.233
12.192
12.076
11.909
11.726
11.57
11.477
11.469
11.548
11.698
11.887
12.079
12.245
12.362
12.419
12.422
12.386
12.33
12.275
12.237
12.22
12.224
12.24
12.259
12.277
12.29
12.302
12.32
12.354
12.418
12.518
12.654
12.818
12.99
13.144
13.258
13.31
13.289
13.192
13.022
12.793
12.529
12.259
12.021
11.852
11.776
11.801
11.914
12.082
12.265
12.426
12.531
12.558
12.496
12.343
12.113
11.83
11.527
11.242
11.005
10.836
10.737
10.696
10.698
10.728
10.773
10.827
10.885
10.948
11.018
11.1
11.202
11.325
11.468
11.616
11.753
11.859
11.921
11.937
11.914
11.865
11.807
11.754
11.719
11.71
11.729
11.774
11.838
11.909
11.977
12.032
12.076
12.112
12.153
12.208
12.286
12.386
12.503
12.624
12.734
12.814
12.841
12.798
12.674
12.47
12.206
11.915
11.643
11.433
11.323
11.333
11.464
11.703
12.024
12.388
12.746
13.043
13.228
13.263
13.135
12.859
12.48
12.065
11.687
11.413
11.282
11.301
11.445
11.669
11.917
12.134
12.271
12.295
12.195
11.985
11.704
11.414
11.185
11.085
11.159
11.42
11.843
12.37
12.929
13.44
13.835
14.067
14.116
13.997
13.753
13.449
13.16
12.954
12.884
12.977
13.229
13.611
14.071
14.548
14.977
15.3
15.48
15.502
15.376
15.133
14.818
14.482
14.169
13.915
13.741
13.655
13.654
13.728
13.862
14.039
14.24
14.447
14.644
14.818
14.96
15.067
15.141
15.188
15.217
15.239
15.267
15.316
15.398
15.522
15.687
15.876
16.062
16.211
16.292
16.29
16.209
16.072
15.915
15.779
15.696
15.688
15.76
15.906
16.11
16.346
16.587
16.804
16.973
17.08
17.124
17.116
17.081
17.049
17.049
17.105
17.228
17.412
17.638
17.876
18.093
18.263
18.368
18.405
18.38
18.308
18.206
18.091
17.98
17.888
17.831
17.823
17.878
18.004
18.204
18.474
18.802
19.168
19.548
19.912
20.229
20.477
20.639
20.714
20.714
20.661
20.588
20.526
20.504
20.541
20.645
20.811
21.026
21.274
21.537
21.806
22.074
22.339
22.602
22.862
23.114
23.345
23.537
23.667
23.714
23.671
23.552
23.396
23.265
23.224
23.314
23.535
23.834
24.122
24.3
24.288
24.045
23.578
22.935
22.198
21.474
20.876
20.504
20.425
20.651
21.131
21.762
22.419
22.983
23.368
23.533
23.492
23.309
23.085
22.937
22.964
23.219
23.689
24.294
24.919
25.44
25.761
25.825
25.632
25.228
24.693
24.13
23.636
23.287
23.132
23.186
23.438
23.855
24.394
25.003
25.633
26.24
26.795
27.281
27.695
28.044
28.342
28.6
28.83
29.033
29.203
29.324
29.371
29.316
29.131
28.8
28.322
27.717
27.035
26.35
25.759
25.363
25.242
25.426
25.879
26.51
27.192
27.8
28.232
28.429
28.385
28.15
27.821
27.532
27.419
27.58
28.036
28.716
29.48
30.157
30.595
30.694
30.424
29.829
29.018
28.146
27.382
26.879
26.733
26.965
27.517
28.277
29.111
29.893
30.53
30.968
31.202
31.268
31.229
31.154
31.101
31.101
31.151
31.223
31.272
31.258
31.152
30.947
30.656
30.318
29.987
29.727
29.601
29.653
29.899
30.31
30.82
31.336
31.754
31.984
31.969
31.695
31.201
30.578
29.962
29.506
29.343
29.548
30.105
30.908
31.792
32.573
33.094
33.246
32.988
32.355
31.448
30.427
29.484
28.8
28.504
28.637
29.141
29.891
30.736
31.537
32.191
32.638
32.864
32.89
32.762
32.537
32.274
32.018
31.804
31.646
31.55
31.515
31.54
31.626
31.778
32.001
32.301
32.673
33.101
33.55
33.97
34.295
34.457
34.394
34.071
33.49
32.702
31.807
30.953
30.304
30.009
30.15
30.714
31.588
32.595
33.534
34.225
34.543
34.441
33.964
33.248
32.498
31.936
31.731
31.934
32.458
33.124
33.732
34.128
34.231
34.042
33.626
33.084
32.523
32.029
31.655
31.414
31.3
31.298
31.406
31.637
32.008
32.521
33.142
33.798
34.386
34.805
34.994
34.947
34.73
34.462
34.283
34.304
34.568
35.02
35.528
35.918
36.028
35.754
35.094
34.165
33.202
32.498
32.299
32.677
33.484
34.409
35.117
35.36
35.042
34.233
33.136
32.03
31.176
30.726
30.678
30.89
31.161
31.311
31.239
30.955
30.583
30.336
30.447
31.06
32.141
33.473
34.738
35.634
35.976
35.75
35.127
34.423
34.005
34.133
34.833
35.881
36.911
37.562
37.585
36.905
35.637
34.078
32.662
31.835
31.873
32.732
34.075
35.442
36.43
36.791
36.461
35.538
34.243
32.846
31.589
30.611
29.918
29.417
28.991
28.572
28.183
27.94
28.005
28.499
29.435
30.677
31.992
33.127
33.889
34.204
34.141
33.899
33.747
33.919
34.498
35.367
36.262
36.881
36.99
36.497
35.477
34.166
32.907
32.052
31.817
32.181
32.894
33.597
33.966
33.81
33.114
32.054
30.96
30.232
30.184
30.883
32.109
33.469
34.563
35.102
34.963
34.21
33.074
31.916
31.128
30.991
31.54
32.545
33.626
34.407
34.62
34.17
33.145
31.808
30.547
29.764
29.719
30.395
31.52
32.713
33.632
34.064
33.951
33.38
32.543
31.69
31.048
30.759
30.831
31.156
31.567
31.905
32.06
31.985
31.684
31.19
30.549
29.816
29.059
28.378
27.908
27.791
28.12
28.88
29.926
31.026
31.929
32.435
32.445
31.99
31.233
30.449
29.955
29.997
30.633
31.696
32.866
33.801
34.254
34.141
33.573
32.842
32.33
32.353
32.989
34.012
35.01
35.56
35.378
34.392
32.771
30.897
29.284
28.4
28.44
29.214
30.275
31.163
31.561
31.361
30.66
29.719
28.872
28.401
28.4
28.732
29.11
29.258
29.037
28.512
27.936
27.654
27.917
28.717
29.767
30.643
30.965
30.52
29.316
27.606
25.854
24.63
24.381
25.161
26.605
28.168
29.386
29.986
29.921
29.351
28.614
28.128
28.238
29.04
30.329
31.704
32.749
33.158
32.794
31.713
30.149
28.481
27.147
26.497
26.633
27.363
28.315
29.11
29.47
29.258
28.478
27.262
25.853
24.56
23.696
23.461
23.853
24.669
25.601
26.357
26.735
26.66
26.19
25.502
24.849
24.479
24.536
24.997
25.693
26.4
26.937
27.217
27.259
27.16
27.046
27.016
27.097
27.239
27.345
27.316
27.095
26.687
26.16
25.626
25.211
25.013
25.07
25.352
25.776
26.237
26.638
26.909
27.016
26.954
26.752
26.455
26.121
25.802
25.529
25.298
25.065
24.761
24.316
23.687
22.879
21.962
21.06
20.331
19.919
19.901
20.265
20.924
21.759
22.66
23.546
24.358
25.043
25.547
25.813
25.794
25.484
24.939
24.297
23.768
23.569
23.833
24.525
25.458
26.371
27.039
27.338
27.267
26.93
26.479
26.047
25.677
25.318
24.867
24.238
23.436
22.575
21.85
21.453
21.462
21.784
22.198
22.469
22.452
22.144
21.691
21.341
21.328
21.742
22.464
23.232
23.772
23.921
23.684
23.239
22.88
22.882
23.348
24.14
24.968
25.54
25.682
25.391
24.818
24.207
23.784
23.65
23.739
23.875
23.876
23.643
23.19
22.623
22.084
21.683
21.454
21.364
21.358
21.413
21.551
21.81
22.19
22.615
22.943
23.023
22.766
22.205
21.524
21.015
20.958
21.45
22.332
23.276
23.956
24.175
23.915
23.326
22.664
22.167
21.938
21.895
21.839
21.587
21.085
20.44
19.887
19.66
19.851
20.334
20.834
21.084
20.936
20.419
19.734
19.19
19.058
19.414
20.089
20.781
21.224
21.3
21.07
20.738
20.546
20.634
20.948
21.277
21.39
21.178
20.724
20.292
20.206
20.642
21.484
22.382
22.942
22.898
22.194
21.011
19.728
18.806
18.563
18.969
19.678
20.274
20.471
20.188
19.541
18.788
18.227
18.067
18.327
18.853
19.422
19.854
20.049
19.983
19.669
19.134
18.406
17.537
16.648
15.952
15.73
16.186
17.287
18.748
20.18
21.244
21.735
21.622
21.047
20.293
19.689
19.452
19.572
19.826
19.931
19.701
19.135
18.418
17.844
17.658
17.885
18.313
18.627
18.59
18.149
17.458
16.829
16.581
16.832
17.397
17.909
18.029
17.585
16.647
15.546
14.8
14.869
15.794
17.156
18.406
19.152
19.257
18.844
18.249
17.877
17.975
18.459
18.982
19.183
18.893
18.237
17.608
17.493
18.128
19.277
20.417
21.069
21.014
20.358
19.513
19.033
19.281
20.146
21.137
21.737
21.675
21.01
20.119
19.539
19.654
20.405
21.336
21.922
21.832
21.031
19.779
18.546
17.811
17.77
18.198
18.644
18.733
18.334
17.584
16.816
16.405
16.535
17.078
17.716
18.163
18.3
18.195
18.035
18.007
18.181
18.486
18.791
19.012
19.17
19.36
19.653
20.012
20.288
20.317
20.036
19.575
19.24
19.371
20.102
21.235
22.362
23.101
23.249
22.842
22.106
21.354
20.82
20.533
20.347
20.093
19.734
19.415
19.357
19.671
20.226
20.706
20.788
20.314
19.365
18.258
17.421
17.155
17.406
17.808
17.952
17.607
16.814
15.87
15.208
15.155
15.689
16.473
17.117
17.386
17.261
16.908
16.579
16.47
16.605
16.841
16.981
16.907
16.645
16.351
16.229
16.394
16.794
17.234
17.504
17.485
17.211
16.858
16.678
16.858
17.393
18.083
18.644
18.845
18.605
18.03
17.406
17.116
17.432
18.322
19.46
20.43
20.92
20.821
20.25
19.521
19.02
19.005
19.443
20.061
20.548
20.734
20.643
20.438
20.284
20.218
20.122
19.822
19.247
18.533
18.009
18.01
18.595
19.447
20.079
20.106
19.413
18.218
17.031
16.452
16.758
17.657
18.553
18.961
18.701
17.922
17.016
16.432
16.395
16.756
17.137
17.216
16.893
16.319
15.808
15.667
15.994
16.62
17.254
17.649
17.686
17.373
16.798
16.087
15.376
14.802
14.494
14.535
14.911
15.49
16.073
16.481
16.636
16.587
16.49
16.521
16.756
17.118
17.423
17.511
17.336
17.007
16.733
16.699
16.948
17.35
17.718
17.93
17.996
18.021
18.107
18.262
18.382
18.335
18.071
17.689
17.41
17.445
17.847
18.459
19.036
19.397
19.505
19.451
19.365
19.316
19.271
19.157
18.963
18.802
18.871
19.311
20.074
20.934
21.617
21.944
21.897
21.599
21.234
20.944
20.768
20.674
20.627
20.64
20.746
20.932
21.102
21.124
20.922
20.553
20.207
20.093
20.288
20.662
20.981
21.077
20.975
20.871
20.983
21.34
21.709
21.729
21.14
19.964
18.589
17.691
17.849
19.035
20.633
21.952
22.578
22.45
21.8
21.023
20.488
20.349
20.509
20.741
20.846
20.724
20.355
19.751
18.948
18.028
17.148
16.514
16.274
16.404
16.702
16.939
17.01
16.995
17.095
17.455
18.016
18.508
18.612
18.122
17.041
15.598
14.193
13.238
12.928
13.124
13.539
13.98
14.414
14.893
15.423
15.919
16.235
16.253
15.943
15.377
14.703
14.089
13.669
13.5
13.551
13.719
13.855
13.811
13.496
12.931
12.296
11.886
11.952
12.48
13.17
13.641
13.634
13.105
12.237
11.368
10.819
10.652
10.612
10.345
9.6464
8.5864
7.5578
7.1758
7.7676
8.9625
10.157
10.948
11.178
10.88
10.236
9.5255
9.0475
8.9792
9.2598
9.6422
9.8575
9.7394
