37.386
38.936
40.208
40.992
41.316
41.349
41.235
41.008
40.633
40.15
39.76
39.757
40.306
41.259
42.206
42.749
42.762
42.489
42.387
42.774
43.533
44.176
44.241
43.713
43.21
43.727
45.884
49.284
52.705
54.854
54.965
53.103
50.219
47.897
47.553
49.387
52.261
54.702
55.813
55.552
54.598
53.909
54.138
55.244
56.665
57.829
58.526
58.925
59.32
59.813
60.209
60.209
59.733
59.121
59.039
60.052
62.154
64.697
66.785
67.785
67.625
66.814
66.173
66.362
67.469
68.999
70.276
70.893
70.934
70.889
71.324
72.492
74.149
75.724
76.677
76.796
76.289
75.656
75.416
75.808
76.683
77.658
78.403
78.857
79.251
79.928
81.063
82.463
83.611
83.919
83.042
81.095
78.699
76.79
76.199
77.182
79.292
81.705
83.702
84.966
85.587
85.858
86.005
86.023
85.733
85.01
84.006
83.175
83.043
83.822
85.175
86.365
86.69
85.904
84.409
83.12
82.962
84.263
86.496
88.643
89.835
89.808
88.999
88.267
88.353
89.367
90.718
91.537
91.228
89.812
87.915
86.418
85.921
86.355
87.076
87.351
86.835
85.75
84.718
84.328
84.714
85.464
85.934
85.704
84.846
83.881
83.429
83.75
84.512
84.995
84.557
83.039
80.902
79.036
78.256
78.752
79.93
80.813
80.639
79.249
77.159
75.279
74.379
74.568
75.214
75.398
74.511
72.617
70.493
69.263
69.718
71.723
74.29
76.214
76.701
75.656
73.666
71.705
70.621
70.652
71.34
71.941
71.973
71.512
71.134
71.518
72.922
74.938
76.744
77.622
77.389
76.555
76.114
76.986
79.368
82.528
85.24
86.432
85.63
83.108
79.773
76.797
75.061
74.731
75.319
76.207
77.134
78.307
80.098
82.576
85.251
87.244
87.733
86.39
83.636
80.62
78.799
79.147
81.477
84.563
86.931
87.6
86.415
84.056
81.748
80.694
81.409
83.428
85.655
87.001
86.837
85.141
82.423
79.499
77.162
75.861
75.542
75.777
76.046
75.992
75.526
74.781
73.988
73.329
72.833
72.364
71.706
70.68
69.25
67.563
65.921
64.669
64.05
64.093
64.597
65.235
65.689
65.762
65.414
64.747
63.947
63.226
62.776
62.74
63.19
64.095
65.291
66.483
67.295
67.382
66.569
64.968
63.044
61.531
61.157
62.236
64.432
66.931
68.852
69.625
69.172
67.915
66.603
65.966
66.317
67.381
68.5
69.044
68.741
67.786
66.737
66.205
66.482
67.34
68.162
68.292
67.347
65.374
62.829
60.392
58.664
57.869
57.763
57.836
57.632
56.96
55.925
54.812
53.889
53.238
52.722
52.088
51.16
49.963
48.748
47.88
47.628
47.979
48.622
49.102
49.062
48.407
47.377
46.48
46.283
47.104
48.805
50.865
52.666
53.754
53.986
53.544
52.84
52.337
52.319
52.755
53.343
53.705
53.58
52.94
51.973
50.976
50.201
49.739
49.51
49.374
49.26
49.225
49.394
49.832
50.42
50.863
50.796
49.962
48.339
46.2
44.053
42.459
41.747
41.818
42.213
42.408
42.084
41.261
40.272
39.591
39.563
40.162
40.997
41.539
41.395
40.492
39.133
37.917
37.479
38.107
39.518
41.014
41.868
41.61
40.175
37.935
35.641
34.189
34.162
35.436
37.294
38.926
39.8
39.778
39.079
38.15
37.463
37.294
37.59
38.04
38.265
38.002
37.188
35.965
34.622
33.497
32.851
32.769
33.138
33.719
34.262
34.581
34.593
34.324
33.883
33.422
33.084
32.951
33.015
33.198
33.395
33.534
33.606
33.664
33.785
34.011
34.313
34.591
34.734
34.687
34.505
34.357
34.451
34.916
35.7
36.565
37.187
37.297
36.794
35.804
34.658
33.786
33.514
33.876
34.578
35.161
35.213
34.524
33.142
31.369
29.692
28.616
28.423
29.007
29.957
30.795
31.187
31.023
30.424
29.686
29.171
29.142
29.631
30.423
31.177
31.59
31.504
30.956
30.174
29.507
29.3
29.726
30.695
31.91
33.013
33.719
33.881
33.498
32.692
31.653
30.579
29.622
28.85
28.267
27.847
27.578
27.477
27.568
27.846
28.247
28.653
28.931
28.981
28.781
28.409
28.028
27.842
28.006
28.55
29.357
30.218
30.93
31.369
31.533
31.528
31.512
31.614
31.859
32.161
32.367
32.353
32.085
31.653
31.226
30.978
30.985
31.181
31.391
31.424
31.169
30.649
30.018
29.505
29.314
29.515
30.008
30.573
30.976
31.062
30.809
30.332
29.845
29.578
29.67
30.1
30.706
31.264
31.596
31.637
31.447
31.181
31.01
31.035
31.239
31.495
31.639
31.547
31.186
30.63
30.027
29.545
29.299
29.305
29.472
29.651
29.696
29.51
29.075
28.462
27.816
27.324
27.16
27.416
28.05
28.898
29.723
30.298
30.471
30.215
29.654
29.053
28.745
28.999
29.871
31.161
32.506
33.532
33.967
33.698
32.776
31.39
29.812
28.315
27.093
26.213
25.621
25.218
24.933
24.766
24.774
25.021
25.52
26.197
26.91
27.492
27.81
27.809
27.538
27.149
26.85
26.831
27.168
27.784
28.486
29.063
29.37
29.385
29.201
28.987
28.908
29.044
29.348
29.68
29.867
29.778
29.366
28.68
27.85
27.05
26.451
26.171
26.245
26.619
27.183
27.808
28.379
28.807
29.046
29.085
28.96
28.749
28.558
28.502
28.661
29.045
29.576
30.115
30.502
30.61
30.379
29.836
29.092
28.308
27.655
27.255
27.143
27.267
27.524
27.815
28.092
28.369
28.712
29.188
29.82
30.551
31.247
31.745
31.907
31.676
31.113
30.39
29.754
29.442
29.573
30.095
30.807
31.458
31.837
31.831
31.442
30.77
29.975
29.232
28.678
28.37
28.281
28.327
28.419
28.507
28.609
28.802
29.193
29.858
30.785
31.864
32.908
33.714
34.119
34.04
33.497
32.607
31.563
30.579
29.837
29.422
29.306
29.373
29.471
29.477
29.327
29.031
28.663
28.341
28.186
28.279
28.629
29.162
29.745
30.227
30.48
30.426
30.055
29.414
28.604
27.753
26.989
26.416
26.099
26.052
26.251
26.639
27.146
27.695
28.207
28.611
28.851
28.895
28.744
28.438
28.051
27.68
27.411
27.296
27.326
27.441
27.549
27.57
27.458
27.221
26.91
26.602
26.365
26.239
26.225
26.291
26.392
26.493
26.578
26.647
26.713
26.777
26.82
26.8
26.664
26.377
25.95
25.465
25.064
24.912
25.118
25.665
26.397
27.076
27.464
27.39
26.789
25.716
24.344
22.939
21.816
21.25
21.365
22.063
23.084
24.115
24.904
25.313
25.345
25.137
24.923
24.941
25.324
26.023
26.828
27.473
27.733
27.497
26.787
25.75
24.63
23.699
23.181
23.171
23.603
24.296
25.035
25.646
26.034
26.195
26.207
26.189
26.257
26.458
26.753
27.028
27.145
26.996
26.546
25.839
24.991
24.156
23.477
23.048
22.883
22.927
23.08
23.236
23.312
23.262
23.09
22.848
22.627
22.535
22.658
23.025
23.59
24.241
24.839
25.256
25.402
25.241
24.798
24.155
23.438
22.805
22.41
22.374
22.746
23.485
24.469
25.532
26.498
27.219
27.598
27.603
27.276
26.72
26.079
25.493
25.064
24.822
24.727
24.702
24.667
24.576
24.427
24.256
24.129
24.114
24.264
24.595
25.079
25.647
26.207
26.662
26.933
26.977
26.789
26.405
25.894
25.34
24.825
24.412
24.133
23.988
23.949
23.976
24.023
24.049
24.024
23.937
23.796
23.63
23.49
23.432
23.498
23.695
23.981
24.275
24.475
24.498
24.299
23.889
23.339
22.76
22.286
22.031
22.062
22.376
22.899
23.509
24.067
24.445
24.561
24.393
23.998
23.497
23.053
22.809
22.828
23.064
23.382
23.619
23.643
23.387
22.864
22.15
21.367
20.65
20.116
19.831
19.798
19.965
20.245
20.548
20.804
20.977
21.068
21.103
21.125
21.17
21.263
21.403
21.577
21.763
21.946
22.121
22.295
22.477
22.668
22.854
23.003
23.071
23.019
22.82
22.478
22.032
21.544
21.092
20.743
20.537
20.474
20.518
20.614
20.702
20.739
20.709
20.627
20.535
20.488
20.531
20.678
20.903
21.142
21.32
21.376
21.283
21.061
20.769
20.496
20.331
20.343
20.55
20.909
21.33
21.694
21.88
21.797
21.403
20.713
19.809
18.822
17.912
17.223
16.842
16.777
16.966
17.316
17.744
18.191
18.62
19.013
19.357
19.643
19.867
20.031
20.149
20.241
20.338
20.465
20.642
20.869
21.125
21.368
21.548
21.614
21.532
21.291
20.913
20.454
20.001
19.666
19.561
19.766
20.297
21.094
22.038
22.987
23.804
24.386
24.674
24.658
24.372
23.894
23.332
22.809
22.433
22.27
22.322
22.524
22.773
22.96
23.006
22.877
22.586
22.189
21.76
21.374
21.087
20.924
20.881
20.93
21.03
21.144
21.246
21.334
21.43
21.572
21.793
22.109
22.497
22.904
23.258
23.495
23.571
23.477
23.234
22.892
22.518
22.181
21.945
21.854
21.921
22.125
22.416
22.727
22.991
23.152
23.182
23.078
22.862
22.574
22.264
21.978
21.756
21.623
21.586
21.639
21.758
21.91
22.054
22.146
22.143
22.014
21.74
21.325
20.795
20.199
19.6
19.071
18.678
18.476
18.499
18.753
19.216
19.839
20.548
21.26
21.89
22.365
22.637
22.683
22.514
22.166
21.699
21.187
20.707
20.329
20.111
20.088
20.273
20.655
21.195
21.836
22.499
23.095
23.54
23.762
23.72
23.411
22.872
22.176
21.421
20.716
20.162
19.836
19.775
19.974
20.384
20.922
21.486
21.977
22.312
22.443
22.36
22.091
21.69
21.227
20.773
20.381
20.086
19.903
19.825
19.831
19.89
19.969
20.046
20.109
20.168
20.238
20.336
20.461
20.592
20.691
20.716
20.637
20.444
20.153
19.805
19.45
19.146
18.943
18.88
18.974
19.215
19.568
19.978
20.375
20.695
20.887
20.924
20.804
20.552
20.207
19.818
19.433
19.091
18.817
18.623
18.512
18.482
18.533
18.67
18.897
19.214
19.61
20.053
20.497
20.888
21.176
21.329
21.334
21.204
20.974
20.695
20.424
20.221
20.138
20.214
20.46
20.858
21.358
21.888
22.367
22.719
22.89
22.851
22.604
22.176
21.616
20.982
20.334
19.728
19.201
18.775
18.453
18.222
18.063
17.951
17.868
17.801
17.747
17.707
17.686
17.69
17.722
17.785
17.876
17.997
18.146
18.33
18.554
18.829
19.16
19.546
19.976
20.426
20.863
21.247
21.543
21.722
21.774
21.705
21.546
21.343
21.15
21.024
21.009
21.128
21.379
21.732
22.133
22.514
22.804
22.936
22.866
22.578
22.089
21.452
20.743
20.052
19.462
19.037
18.808
18.772
18.901
19.149
19.462
19.789
20.086
20.326
20.501
20.617
20.693
20.752
20.811
20.884
20.973
21.079
21.203
21.343
21.503
21.688
21.905
22.167
22.485
22.867
23.307
23.782
24.254
24.673
24.989
25.161
25.158
24.97
24.604
24.089
23.477
22.843
22.276
21.866
21.685
21.767
22.101
22.637
23.298
24.002
24.663
25.203
25.553
25.663
25.508
25.099
24.481
23.729
22.936
22.191
21.564
21.1
20.817
20.715
20.786
21.011
21.358
21.782
22.232
22.658
23.028
23.323
23.542
23.693
23.783
23.816
23.793
23.719
23.605
23.473
23.347
23.253
23.207
23.219
23.287
23.4
23.546
23.706
23.868
24.022
24.163
24.296
24.432
24.579
24.743
24.917
25.086
25.225
25.31
25.319
25.238
25.066
24.811
24.495
24.152
23.83
23.582
23.458
23.498
23.716
24.097
24.6
25.166
25.727
26.217
26.575
26.758
26.742
26.537
26.181
25.751
25.344
25.059
24.972
25.107
25.433
25.872
26.321
26.683
26.881
26.869
26.635
26.203
25.625
24.986
24.394
23.966
23.816
24.013
24.565
25.405
26.405
27.41
28.269
28.863
29.122
29.037
28.658
28.087
27.46
26.925
26.614
26.617
26.96
27.605
28.46
29.4
30.293
31.016
31.48
31.634
31.476
31.047
30.424
29.705
28.991
28.366
27.89
27.588
27.461
27.491
27.646
27.894
28.202
28.54
28.877
29.187
29.444
29.626
29.717
29.708
29.6
29.406
29.152
28.874
28.619
28.441
28.385
28.479
28.721
29.077
29.489
29.889
30.221
30.452
30.576
30.614
30.601
30.58
30.587
30.649
30.784
30.994
31.271
31.594
31.93
32.243
32.495
32.66
32.724
32.692
32.584
32.436
32.284
32.164
32.101
32.104
32.166
32.267
32.384
32.49
32.569
32.605
32.592
32.525
32.401
32.226
32.01
31.778
31.563
31.409
31.356
31.441
31.683
32.08
32.608
33.218
33.848
34.427
34.891
35.191
35.307
35.245
35.044
34.761
34.463
34.217
34.074
34.065
34.198
34.459
34.825
35.262
35.743
36.238
36.725
37.181
37.583
37.907
38.13
38.228
38.188
38.011
37.722
37.375
37.047
36.828
36.791
36.966
37.312
37.727
38.07
38.194
37.992
37.414
36.48
35.277
33.947
32.667
31.622
30.974
30.823
31.179
31.951
32.97
34.032
34.945
35.564
35.818
35.722
35.371
34.926
34.571
34.474
34.725
35.316
36.141
37.035
37.82
38.349
38.532
38.349
37.846
37.12
36.304
35.53
34.911
34.522
34.389
34.502
34.824
35.301
35.87
36.469
37.041
37.54
37.941
38.24
38.45
38.601
38.722
38.832
38.928
38.983
38.953
38.782
38.422
37.847
37.059
36.098
35.035
33.973
33.036
32.357
32.054
32.2
32.797
33.76
34.933
36.123
37.14
37.838
38.138
38.046
37.654
37.121
36.648
36.422
36.565
37.089
37.894
38.804
39.619
40.17
40.345
40.115
39.53
38.711
37.825
37.052
36.543
36.383
36.571
37.032
37.644
38.273
38.809
39.183
39.372
39.401
39.326
39.222
39.158
39.18
39.298
39.488
39.7
39.876
39.962
39.923
39.751
39.461
39.094
38.711
38.383
38.179
38.154
38.331
38.693
39.18
39.698
40.137
40.396
40.401
40.125
39.601
38.921
38.23
37.697
37.475
37.652
38.215
39.049
39.969
40.761
41.237
41.269
40.803
39.875
38.604
37.175
35.812
34.734
34.101
33.976
34.312
34.982
35.822
36.681
37.439
38.02
38.386
38.528
38.458
38.205
37.805
37.308
36.776
36.28
35.897
35.699
35.733
36.014
36.516
37.178
37.918
38.653
39.31
39.838
40.204
40.394
40.406
40.247
39.929
39.481
38.948
38.396
37.919
37.622
37.599
37.909
38.543
39.42
40.392
41.282
41.914
42.158
41.955
41.349
40.485
39.596
38.946
38.747
39.074
39.835
40.809
41.733
42.387
42.642
42.476
41.96
41.228
40.44
39.739
39.226
38.938
38.864
38.958
39.175
39.484
39.873
40.344
40.886
41.464
42.016
42.465
42.744
42.824
42.732
42.546
42.375
42.323
42.444
42.716
43.043
43.275
43.26
42.89
42.142
41.114
40.021
39.152
38.776
39.017
39.778
40.776
41.655
42.115
41.997
41.308
40.209
38.956
37.818
36.99
36.526
36.347
36.29
36.188
35.937
35.528
35.061
34.73
34.76
35.315
36.401
37.839
39.321
40.52
41.207
41.314
40.965
40.451
40.129
40.283
40.974
42.009
43.022
43.623
43.526
42.616
40.992
38.963
37.011
35.687
35.399
36.204
37.767
39.545
41.013
41.808
41.773
40.953
39.559
37.898
36.289
34.966
34.012
33.357
32.856
32.38
31.903
31.525
31.441
31.857
32.868
34.383
36.139
37.793
39.033
39.669
39.686
39.262
38.723
38.444
38.679
39.431
40.44
41.309
41.67
41.312
40.247
38.716
37.151
36.046
35.769
36.365
37.533
38.779
39.623
39.746
39.057
37.723
36.152
34.921
34.571
35.335
36.981
38.946
40.608
41.494
41.377
40.308
38.609
36.815
35.541
35.237
35.948
37.287
38.658
39.509
39.487
38.506
36.754
34.679
32.909
32.062
32.435
33.825
35.665
37.336
38.385
38.61
38.059
36.989
35.789
34.854
34.438
34.55
34.98
35.432
35.669
35.597
35.275
34.86
34.514
34.308
34.18
33.975
33.545
32.862
32.079
31.52
31.55
32.372
33.865
35.623
37.14
37.983
37.916
36.947
35.346
33.622
32.408
32.217
33.153
34.84
36.648
37.987
38.496
38.116
37.108
36.011
35.469
35.931
37.356
39.227
40.833
41.566
41.093
39.429
36.95
34.356
32.503
32.037
32.981
34.721
36.43
37.456
37.474
36.503
34.869
33.118
31.85
31.45
31.865
32.65
33.24
33.228
32.509
31.324
30.203
29.753
30.309
31.685
33.275
34.4
34.569
33.6
31.663
29.268
27.199
26.252
26.779
28.421
30.414
32.048
32.9
32.872
32.164
31.21
30.56
30.658
31.615
33.158
34.802
36.07
36.642
36.402
35.433
33.98
32.387
31.009
30.107
29.778
29.947
30.429
31.016
31.521
31.79
31.708
31.2
30.25
28.934
27.443
26.083
25.215
25.111
25.79
26.981
28.256
29.207
29.564
29.25
28.4
27.341
26.502
26.249
26.694
27.631
28.67
29.442
29.736
29.545
29.048
28.53
28.268
28.392
28.831
29.358
29.712
29.703
29.279
28.529
27.664
26.946
26.6
26.715
27.216
27.909
28.578
29.061
29.288
29.283
29.134
28.953
28.829
28.796
28.824
28.835
28.732
28.432
27.884
27.08
26.064
24.93
23.814
22.875
22.257
22.049
22.255
22.802
23.577
24.47
25.398
26.304
27.144
27.865
28.398
28.662
28.595
28.179
27.483
26.675
26.012
25.759
26.076
26.918
28.055
29.182
30.041
30.498
30.56
30.344
30.008
29.668
29.336
28.928
28.323
27.453
26.371
25.269
24.416
24.036
24.163
24.603
25.039
25.193
24.941
24.368
23.751
23.457
23.759
24.648
25.835
26.907
27.523
27.53
27.006
26.244
25.653
25.571
26.065
26.889
27.64
27.969
27.717
26.965
25.998
25.198
24.868
25.058
25.549
26.002
26.137
25.843
25.19
24.39
23.687
23.252
23.097
23.104
23.125
23.084
23.023
23.066
23.323
23.789
24.318
24.684
24.7
24.315
23.678
23.111
22.997
23.557
24.687
26.02
27.127
27.694
27.608
26.962
26.01
25.065
24.37
23.993
23.826
23.69
23.464
23.15
22.852
22.696
22.727
22.864
22.937
22.781
22.326
21.645
20.945
20.495
20.484
20.91
21.566
22.169
22.494
22.468
22.182
21.853
21.71
21.865
22.234
22.59
22.709
22.492
22.04
21.633
21.6
22.116
23.059
24.075
24.768
24.867
24.312
23.268
22.086
21.187
20.867
21.132
21.708
22.232
22.437
22.231
21.692
21.025
20.478
20.245
20.397
20.865
21.503
22.149
22.66
22.919
22.829
22.315
21.354
20.01
18.494
17.19
16.592
17.039
18.422
20.248
21.946
23.087
23.455
23.071
22.173
21.172
20.502
20.401
20.753
21.178
21.274
20.813
19.831
18.626
17.673
17.382
17.804
18.589
19.253
19.462
19.152
18.547
18.064
18.097
18.74
19.701
20.506
20.755
20.277
19.186
17.893
17.011
17.053
18.031
19.445
20.671
21.287
21.179
20.556
19.877
19.658
20.14
21.097
21.999
22.351
21.919
20.825
19.561
18.83
19.126
20.3
21.687
22.599
22.658
21.889
20.718
19.824
19.774
20.579
21.689
22.434
22.402
21.583
20.369
19.422
19.328
20.134
21.318
22.205
22.34
21.62
20.288
18.859
17.919
17.787
18.289
18.933
19.279
19.144
18.633
18.052
17.753
17.922
18.473
19.142
19.679
19.973
20.065
20.09
20.174
20.357
20.588
20.791
20.94
21.087
21.311
21.631
21.946
22.071
21.842
21.235
20.441
19.85
19.861
20.602
21.794
22.945
23.625
23.636
23.054
22.181
21.404
20.987
20.919
20.971
20.911
20.689
20.481
20.56
21.065
21.842
22.521
22.733
22.292
21.296
20.115
19.266
19.125
19.641
20.387
20.867
20.784
20.128
19.163
18.312
17.951
18.179
18.761
19.335
19.625
19.55
19.21
18.805
18.525
18.445
18.502
18.563
18.525
18.371
18.176
18.048
18.058
18.188
18.339
18.396
18.29
18.052
17.805
17.721
17.929
18.423
19.047
19.563
19.752
19.509
18.902
18.196
17.799
18.064
19.034
20.382
21.624
22.354
22.382
21.773
20.836
20.024
19.719
20.005
20.632
21.238
21.582
21.642
21.563
21.516
21.545
21.523
21.249
20.621
19.763
19.031
18.839
19.339
20.246
21.036
21.259
20.745
19.678
18.551
17.966
18.231
19.102
20.002
20.431
20.185
19.391
18.429
17.747
17.587
17.821
18.082
18.04
17.586
16.867
16.216
15.969
16.249
16.887
17.564
18.005
18.069
17.746
17.126
16.346
15.568
14.959
14.663
14.749
15.162
15.731
16.248
16.565
16.657
16.636
16.694
16.983
17.493
18.049
18.414
18.431
18.109
17.626
17.254
17.196
17.448
17.816
18.074
18.113
18
17.913
17.996
18.236
18.459
18.474
18.217
17.832
17.62
17.854
18.56
19.49
20.303
20.776
20.889
20.805
20.739
20.813
20.976
21.071
20.983
20.753
20.584
20.715
21.242
22.03
22.793
23.263
23.308
22.954
22.343
21.653
21.032
20.574
20.334
20.342
20.582
20.964
21.33
21.527
21.496
21.325
21.217
21.363
21.792
22.331
22.724
22.812
22.634
22.41
22.386
22.623
22.91
22.888
22.28
21.08
19.645
18.61
18.552
19.496
20.883
22.035
22.526
22.283
21.547
20.739
20.255
20.252
20.594
20.993
21.203
21.101
20.681
20.005
19.174
18.32
17.605
17.179
17.109
17.314
17.62
17.865
18.004
18.127
18.378
18.819
19.338
19.691
19.628
19.018
17.909
16.533
15.236
14.341
13.985
14.077
14.418
14.862
15.349
15.853
16.323
16.674
16.824
16.74
16.456
16.056
15.64
15.297
15.098
15.084
15.25
15.512
15.704
15.635
15.174
14.345
13.379
12.683
12.61
13.153
13.909
14.395
14.315
13.654
12.683
11.851
11.53
11.699
11.963
11.886
11.258
10.188
9.1145
8.677
9.2296
10.448
11.722
12.604
12.885
12.546
11.719
10.666
9.7535
9.3438
9.5612
10.16
10.715
10.88
