1.5023e+06
1.5102e+06
1.5113e+06
1.52e+06
1.5457e+06
1.5852e+06
1.6245e+06
1.6491e+06
1.6546e+06
1.6492e+06
1.6483e+06
1.6638e+06
1.6953e+06
1.7316e+06
1.7599e+06
1.7757e+06
1.7852e+06
1.799e+06
1.8237e+06
1.8558e+06
1.885e+06
1.9033e+06
1.9112e+06
1.9187e+06
1.9372e+06
1.9707e+06
2.0116e+06
2.0472e+06
2.069e+06
2.0794e+06
2.0898e+06
2.1127e+06
2.1511e+06
2.1961e+06
2.2334e+06
2.2537e+06
2.2593e+06
2.2625e+06
2.2767e+06
2.3072e+06
2.3476e+06
2.3858e+06
2.4133e+06
2.4309e+06
2.4469e+06
2.47e+06
2.5014e+06
2.5343e+06
2.5594e+06
2.5732e+06
2.5816e+06
2.5959e+06
2.6251e+06
2.6682e+06
2.7145e+06
2.7515e+06
2.7731e+06
2.7836e+06
2.7939e+06
2.814e+06
2.8455e+06
2.8816e+06
2.9127e+06
2.934e+06
2.9485e+06
2.964e+06
2.9873e+06
3.0184e+06
3.0511e+06
3.0783e+06
3.0973e+06
3.1115e+06
3.1275e+06
3.1494e+06
3.1758e+06
3.2014e+06
3.2214e+06
3.2359e+06
3.2496e+06
3.2685e+06
3.2949e+06
3.3253e+06
3.3532e+06
3.3741e+06
3.388e+06
3.3996e+06
3.4135e+06
3.4311e+06
3.4496e+06
3.4651e+06
3.4767e+06
3.488e+06
3.5043e+06
3.528e+06
3.5557e+06
3.5795e+06
3.5929e+06
3.5948e+06
3.5915e+06
3.5922e+06
3.6035e+06
3.6246e+06
3.6484e+06
3.6672e+06
3.6779e+06
3.6837e+06
3.6912e+06
3.7045e+06
3.722e+06
3.7373e+06
3.7445e+06
3.7424e+06
3.7357e+06
3.7313e+06
3.7335e+06
3.7402e+06
3.7455e+06
3.7443e+06
3.7362e+06
3.7263e+06
3.7206e+06
3.7216e+06
3.7256e+06
3.726e+06
3.7183e+06
3.7039e+06
3.69e+06
3.6836e+06
3.6862e+06
3.6918e+06
3.6901e+06
3.6738e+06
3.6433e+06
3.6071e+06
3.5766e+06
3.5591e+06
3.5536e+06
3.552e+06
3.5457e+06
3.5308e+06
3.5094e+06
3.4873e+06
3.4682e+06
3.4511e+06
3.4314e+06
3.4051e+06
3.3724e+06
3.3384e+06
3.3093e+06
3.2877e+06
3.2705e+06
3.2511e+06
3.2243e+06
3.1904e+06
3.1556e+06
3.1274e+06
3.1098e+06
3.1001e+06
3.0904e+06
3.0737e+06
3.048e+06
3.0177e+06
2.9907e+06
2.9723e+06
2.962e+06
2.9544e+06
2.9431e+06
2.9257e+06
2.9056e+06
2.8893e+06
2.8819e+06
2.8831e+06
2.8878e+06
2.8898e+06
2.8865e+06
2.8807e+06
2.878e+06
2.883e+06
2.895e+06
2.9084e+06
2.9172e+06
2.9195e+06
2.9199e+06
2.9272e+06
2.948e+06
2.9817e+06
3.0198e+06
3.0505e+06
3.0667e+06
3.0702e+06
3.0714e+06
3.0836e+06
3.1143e+06
3.1604e+06
3.2104e+06
3.252e+06
3.2793e+06
3.2956e+06
3.3107e+06
3.3339e+06
3.3674e+06
3.4058e+06
3.4403e+06
3.4656e+06
3.4835e+06
3.5013e+06
3.5263e+06
3.5591e+06
3.5934e+06
3.6196e+06
3.6321e+06
3.6336e+06
3.6342e+06
3.6451e+06
3.6705e+06
3.7048e+06
3.7359e+06
3.7529e+06
3.753e+06
3.7429e+06
3.7337e+06
3.7337e+06
3.7427e+06
3.7525e+06
3.7539e+06
3.743e+06
3.7248e+06
3.7096e+06
3.7056e+06
3.7123e+06
3.72e+06
3.7154e+06
3.6904e+06
3.6473e+06
3.5979e+06
3.5569e+06
3.5337e+06
3.5261e+06
3.5233e+06
3.5126e+06
3.4871e+06
3.4495e+06
3.4092e+06
3.3759e+06
3.3538e+06
3.3399e+06
3.3267e+06
3.3085e+06
3.2852e+06
3.2619e+06
3.2452e+06
3.2379e+06
3.2372e+06
3.2364e+06
3.2299e+06
3.2169e+06
3.2029e+06
3.1959e+06
3.2018e+06
3.2205e+06
3.246e+06
3.2707e+06
3.2899e+06
3.305e+06
3.3215e+06
3.345e+06
3.3767e+06
3.4116e+06
3.4419e+06
3.4619e+06
3.4721e+06
3.4798e+06
3.4946e+06
3.5228e+06
3.5629e+06
3.6063e+06
3.6431e+06
3.6675e+06
3.6819e+06
3.6948e+06
3.7153e+06
3.7469e+06
3.7852e+06
3.8203e+06
3.8431e+06
3.8509e+06
3.848e+06
3.8431e+06
3.8432e+06
3.8493e+06
3.8563e+06
3.8569e+06
3.8468e+06
3.8278e+06
3.8065e+06
3.7896e+06
3.7793e+06
3.7719e+06
3.7605e+06
3.7399e+06
3.71e+06
3.6768e+06
3.6478e+06
3.6278e+06
3.6153e+06
3.6036e+06
3.5855e+06
3.5579e+06
3.5243e+06
3.493e+06
3.472e+06
3.4647e+06
3.4675e+06
3.4725e+06
3.4724e+06
3.4653e+06
3.455e+06
3.449e+06
3.453e+06
3.4677e+06
3.488e+06
3.5063e+06
3.5179e+06
3.5241e+06
3.5319e+06
3.5499e+06
3.5826e+06
3.6271e+06
3.6742e+06
3.7134e+06
3.7384e+06
3.7511e+06
3.7595e+06
3.7738e+06
3.8e+06
3.8366e+06
3.8758e+06
3.9088e+06
3.9304e+06
3.9421e+06
3.9497e+06
3.9587e+06
3.9708e+06
3.9823e+06
3.9866e+06
3.9797e+06
3.9624e+06
3.9406e+06
3.922e+06
3.9105e+06
3.9044e+06
3.8968e+06
3.8806e+06
3.8531e+06
3.818e+06
3.7835e+06
3.7574e+06
3.7422e+06
3.7338e+06
3.7237e+06
3.7045e+06
3.6742e+06
3.638e+06
3.6052e+06
3.5847e+06
3.5797e+06
3.5866e+06
3.5972e+06
3.6038e+06
3.6037e+06
3.6003e+06
3.6014e+06
3.6138e+06
3.6397e+06
3.6751e+06
3.7121e+06
3.7438e+06
3.7679e+06
3.7877e+06
3.8098e+06
3.8392e+06
3.876e+06
3.9151e+06
3.949e+06
3.9723e+06
3.9853e+06
3.9934e+06
4.0038e+06
4.0206e+06
4.042e+06
4.061e+06
4.0697e+06
4.0644e+06
4.0477e+06
4.0274e+06
4.012e+06
4.0051e+06
4.0034e+06
3.998e+06
3.9805e+06
3.9475e+06
3.9032e+06
3.8576e+06
3.8212e+06
3.7995e+06
3.7903e+06
3.7852e+06
3.7748e+06
3.7543e+06
3.7259e+06
3.698e+06
3.6805e+06
3.6794e+06
3.6941e+06
3.7172e+06
3.7393e+06
3.754e+06
3.7607e+06
3.7651e+06
3.7757e+06
3.7989e+06
3.8352e+06
3.8791e+06
3.9218e+06
3.9561e+06
3.9798e+06
3.9961e+06
4.011e+06
4.0299e+06
4.054e+06
4.0798e+06
4.1016e+06
4.1142e+06
4.116e+06
4.1085e+06
4.0945e+06
4.0762e+06
4.0535e+06
4.0254e+06
3.9912e+06
3.953e+06
3.9157e+06
3.8847e+06
3.8629e+06
3.8485e+06
3.8357e+06
3.8175e+06
3.79e+06
3.7549e+06
3.7196e+06
3.6943e+06
3.6869e+06
3.6988e+06
3.7242e+06
3.7525e+06
3.7741e+06
3.7846e+06
3.7873e+06
3.7912e+06
3.8066e+06
3.8391e+06
3.8861e+06
3.938e+06
3.9831e+06
4.013e+06
4.0272e+06
4.0322e+06
4.0383e+06
4.053e+06
4.0771e+06
4.1035e+06
4.1217e+06
4.1237e+06
4.1083e+06
4.0817e+06
4.0539e+06
4.0335e+06
4.0221e+06
4.0141e+06
3.9998e+06
3.9712e+06
3.9273e+06
3.8747e+06
3.8253e+06
3.7908e+06
3.7768e+06
3.7802e+06
3.7914e+06
3.7993e+06
3.7974e+06
3.7864e+06
3.7737e+06
3.7699e+06
3.7831e+06
3.8142e+06
3.8568e+06
3.9001e+06
3.9343e+06
3.9552e+06
3.9658e+06
3.974e+06
3.9883e+06
4.0125e+06
4.0437e+06
4.0737e+06
4.0937e+06
4.0987e+06
4.09e+06
4.074e+06
4.0585e+06
4.0482e+06
4.0418e+06
4.0336e+06
4.0165e+06
3.9866e+06
3.9455e+06
3.8997e+06
3.8579e+06
3.8264e+06
3.807e+06
3.7959e+06
3.7871e+06
3.7754e+06
3.7598e+06
3.7434e+06
3.7322e+06
3.7316e+06
3.7434e+06
3.7651e+06
3.7907e+06
3.8144e+06
3.8332e+06
3.8488e+06
3.8657e+06
3.8887e+06
3.9192e+06
3.9534e+06
3.9835e+06
4.0016e+06
4.0031e+06
3.9895e+06
3.9673e+06
3.9454e+06
3.9301e+06
3.922e+06
3.9162e+06
3.9047e+06
3.8813e+06
3.8449e+06
3.8002e+06
3.7559e+06
3.721e+06
3.7005e+06
3.6936e+06
3.6948e+06
3.6971e+06
3.6958e+06
3.6911e+06
3.6879e+06
3.6937e+06
3.7144e+06
3.7514e+06
3.7999e+06
3.8509e+06
3.8948e+06
3.9256e+06
3.9424e+06
3.9496e+06
3.9539e+06
3.9607e+06
3.9713e+06
3.9823e+06
3.988e+06
3.9832e+06
3.9661e+06
3.9393e+06
3.9081e+06
3.8779e+06
3.8519e+06
3.8298e+06
3.8088e+06
3.7863e+06
3.7615e+06
3.7368e+06
3.717e+06
3.7072e+06
3.7101e+06
3.7254e+06
3.7493e+06
3.7767e+06
3.8033e+06
3.8276e+06
3.851e+06
3.8763e+06
3.9058e+06
3.9391e+06
3.9727e+06
4.001e+06
4.0191e+06
4.0253e+06
4.0216e+06
4.0131e+06
4.005e+06
3.9999e+06
3.9961e+06
3.9881e+06
3.9697e+06
3.937e+06
3.8913e+06
3.8388e+06
3.7888e+06
3.7505e+06
3.7293e+06
3.725e+06
3.7324e+06
3.7445e+06
3.7555e+06
3.7633e+06
3.7704e+06
3.7819e+06
3.8031e+06
3.8366e+06
3.8802e+06
3.9273e+06
3.97e+06
4.0018e+06
4.0201e+06
4.0266e+06
4.0263e+06
4.0237e+06
4.0211e+06
4.0168e+06
4.0066e+06
3.9862e+06
3.9545e+06
3.9143e+06
3.8726e+06
3.8376e+06
3.8157e+06
3.809e+06
3.8147e+06
3.8268e+06
3.8389e+06
3.8473e+06
3.8517e+06
3.8558e+06
3.8649e+06
3.8836e+06
3.9131e+06
3.9508e+06
3.9908e+06
4.0263e+06
4.0526e+06
4.0686e+06
4.0764e+06
4.0804e+06
4.0839e+06
4.0879e+06
4.0901e+06
4.0861e+06
4.0723e+06
4.0475e+06
4.0142e+06
3.9774e+06
3.9433e+06
3.9164e+06
3.8985e+06
3.8886e+06
3.8837e+06
3.8813e+06
3.8806e+06
3.8832e+06
3.8925e+06
3.9118e+06
3.9422e+06
3.9818e+06
4.0256e+06
4.0671e+06
4.1009e+06
4.1241e+06
4.1375e+06
4.144e+06
4.1469e+06
4.148e+06
4.1455e+06
4.1359e+06
4.115e+06
4.0813e+06
4.0374e+06
3.9901e+06
3.9487e+06
3.9221e+06
3.9158e+06
3.9294e+06
3.9577e+06
3.9922e+06
4.0247e+06
4.0498e+06
4.0664e+06
4.0779e+06
4.09e+06
4.1086e+06
4.1368e+06
4.1731e+06
4.2122e+06
4.2468e+06
4.2706e+06
4.2803e+06
4.2759e+06
4.2609e+06
4.2392e+06
4.2142e+06
4.1874e+06
4.1586e+06
4.1273e+06
4.0941e+06
4.0617e+06
4.0342e+06
4.0162e+06
4.011e+06
4.0196e+06
4.0395e+06
4.0664e+06
4.0952e+06
4.1221e+06
4.1459e+06
4.1678e+06
4.1907e+06
4.2171e+06
4.2469e+06
4.2768e+06
4.3011e+06
4.3137e+06
4.3104e+06
4.2913e+06
4.2603e+06
4.2245e+06
4.1914e+06
4.1664e+06
4.1515e+06
4.1448e+06
4.1427e+06
4.1417e+06
4.1407e+06
4.141e+06
4.1464e+06
4.1614e+06
4.1888e+06
4.228e+06
4.2744e+06
4.3204e+06
4.3581e+06
4.3816e+06
4.3892e+06
4.3836e+06
4.3707e+06
4.3569e+06
4.3461e+06
4.3384e+06
4.3305e+06
4.317e+06
4.2938e+06
4.2603e+06
4.22e+06
4.1798e+06
4.1485e+06
4.1332e+06
4.138e+06
4.1618e+06
4.1994e+06
4.243e+06
4.2851e+06
4.3202e+06
4.3462e+06
4.3642e+06
4.3769e+06
4.3868e+06
4.3944e+06
4.398e+06
4.3944e+06
4.3806e+06
4.3558e+06
4.3221e+06
4.2843e+06
4.2484e+06
4.22e+06
4.2021e+06
4.1949e+06
4.1961e+06
4.2021e+06
4.2099e+06
4.2181e+06
4.2276e+06
4.2409e+06
4.2608e+06
4.2889e+06
4.3237e+06
4.3613e+06
4.3957e+06
4.421e+06
4.4333e+06
4.432e+06
4.419e+06
4.3984e+06
4.3743e+06
4.3497e+06
4.3257e+06
4.3022e+06
4.2789e+06
4.2564e+06
4.2374e+06
4.2261e+06
4.2274e+06
4.2452e+06
4.2803e+06
4.3296e+06
4.3857e+06
4.439e+06
4.48e+06
4.5021e+06
4.5031e+06
4.4856e+06
4.456e+06
4.422e+06
4.3896e+06
4.3617e+06
4.3376e+06
4.3143e+06
4.2892e+06
4.2617e+06
4.2341e+06
4.2119e+06
4.2015e+06
4.2088e+06
4.2359e+06
4.2803e+06
4.335e+06
4.3899e+06
4.4348e+06
4.462e+06
4.4687e+06
4.4568e+06
4.4325e+06
4.4034e+06
4.3762e+06
4.3543e+06
4.3373e+06
4.3224e+06
4.3064e+06
4.2876e+06
4.2673e+06
4.2495e+06
4.2394e+06
4.242e+06
4.2594e+06
4.2905e+06
4.33e+06
4.3704e+06
4.4037e+06
4.4243e+06
4.4299e+06
4.4222e+06
4.4062e+06
4.3873e+06
4.3697e+06
4.3546e+06
4.3401e+06
4.3226e+06
4.2991e+06
4.2688e+06
4.2345e+06
4.2021e+06
4.1789e+06
4.172e+06
4.1853e+06
4.2187e+06
4.2669e+06
4.3211e+06
4.3713e+06
4.4089e+06
4.429e+06
4.4311e+06
4.4193e+06
4.3997e+06
4.3786e+06
4.3601e+06
4.3453e+06
4.3324e+06
4.3188e+06
4.3026e+06
4.2839e+06
4.2654e+06
4.2516e+06
4.2476e+06
4.257e+06
4.2808e+06
4.3162e+06
4.3573e+06
4.3961e+06
4.425e+06
4.4388e+06
4.4357e+06
4.418e+06
4.3906e+06
4.3597e+06
4.3307e+06
4.3064e+06
4.2876e+06
4.2729e+06
4.2603e+06
4.2486e+06
4.2376e+06
4.2288e+06
4.2242e+06
4.226e+06
4.2354e+06
4.2516e+06
4.2719e+06
4.2917e+06
4.3061e+06
4.3108e+06
4.3038e+06
4.2854e+06
4.2582e+06
4.2261e+06
4.1934e+06
4.1633e+06
4.1381e+06
4.1188e+06
4.1056e+06
4.0988e+06
4.0987e+06
4.1063e+06
4.1221e+06
4.146e+06
4.1763e+06
4.209e+06
4.2384e+06
4.2581e+06
4.2624e+06
4.2481e+06
4.2159e+06
4.1703e+06
4.1188e+06
4.0703e+06
4.0325e+06
4.0105e+06
4.0051e+06
4.0139e+06
4.0316e+06
4.0521e+06
4.0701e+06
4.0824e+06
4.0886e+06
4.091e+06
4.093e+06
4.0976e+06
4.1052e+06
4.1132e+06
4.1163e+06
4.1082e+06
4.0846e+06
4.0443e+06
3.9909e+06
3.9315e+06
3.8759e+06
3.8342e+06
3.8141e+06
3.819e+06
3.847e+06
3.8914e+06
3.9422e+06
3.9889e+06
4.0223e+06
4.0372e+06
4.0324e+06
4.0111e+06
3.9789e+06
3.9421e+06
3.9062e+06
3.8744e+06
3.8478e+06
3.8261e+06
3.8085e+06
3.7947e+06
3.7854e+06
3.782e+06
3.7859e+06
3.798e+06
3.8174e+06
3.8413e+06
3.8652e+06
3.8835e+06
3.8915e+06
3.8863e+06
3.8686e+06
3.8418e+06
3.812e+06
3.7861e+06
3.7699e+06
3.7667e+06
3.7765e+06
3.7962e+06
3.8204e+06
3.8431e+06
3.859e+06
3.8649e+06
3.8607e+06
3.8487e+06
3.8335e+06
3.8196e+06
3.81e+06
3.8052e+06
3.8029e+06
3.7993e+06
3.7912e+06
3.7767e+06
3.7567e+06
3.7343e+06
3.714e+06
3.7009e+06
3.6986e+06
3.7085e+06
3.7291e+06
3.7559e+06
3.7823e+06
3.8015e+06
3.808e+06
3.7989e+06
3.7749e+06
3.74e+06
3.7001e+06
3.6619e+06
3.6309e+06
3.6106e+06
3.6019e+06
3.603e+06
3.6109e+06
3.6218e+06
3.6322e+06
3.64e+06
3.6444e+06
3.6459e+06
3.6456e+06
3.6441e+06
3.6408e+06
3.634e+06
3.6215e+06
3.6016e+06
3.574e+06
3.5406e+06
3.5051e+06
3.4725e+06
3.448e+06
3.4355e+06
3.4372e+06
3.4523e+06
3.4772e+06
3.5064e+06
3.5335e+06
3.5527e+06
3.5605e+06
3.5559e+06
3.5411e+06
3.5203e+06
3.4988e+06
3.4816e+06
3.472e+06
3.4714e+06
3.479e+06
3.492e+06
3.507e+06
3.5205e+06
3.5301e+06
3.535e+06
3.5355e+06
3.5334e+06
3.5304e+06
3.5275e+06
3.5245e+06
3.5201e+06
3.513e+06
3.5022e+06
3.488e+06
3.4722e+06
3.4573e+06
3.4466e+06
3.4426e+06
3.4469e+06
3.4591e+06
3.4765e+06
3.4949e+06
3.5088e+06
3.5134e+06
3.5052e+06
3.4839e+06
3.4518e+06
3.4142e+06
3.3778e+06
3.3495e+06
3.3344e+06
3.3349e+06
3.35e+06
3.3754e+06
3.4048e+06
3.4309e+06
3.4474e+06
3.4503e+06
3.4387e+06
3.4148e+06
3.3834e+06
3.3505e+06
3.3216e+06
3.3005e+06
3.2889e+06
3.2861e+06
3.2898e+06
3.2968e+06
3.3041e+06
3.3092e+06
3.3109e+06
3.3095e+06
3.3062e+06
3.3028e+06
3.3003e+06
3.2985e+06
3.2958e+06
3.2897e+06
3.2782e+06
3.2601e+06
3.2362e+06
3.209e+06
3.1823e+06
3.1606e+06
3.1478e+06
3.1468e+06
3.1578e+06
3.1788e+06
3.2048e+06
3.2291e+06
3.2451e+06
3.2473e+06
3.2336e+06
3.2051e+06
3.1661e+06
3.1236e+06
3.085e+06
3.0572e+06
3.0445e+06
3.0483e+06
3.0663e+06
3.093e+06
3.1217e+06
3.145e+06
3.1576e+06
3.1565e+06
3.1422e+06
3.1183e+06
3.0902e+06
3.064e+06
3.045e+06
3.0366e+06
3.0394e+06
3.0514e+06
3.0687e+06
3.0865e+06
3.0998e+06
3.1051e+06
3.1007e+06
3.0875e+06
3.0682e+06
3.0468e+06
3.0275e+06
3.0134e+06
3.0063e+06
3.0062e+06
3.0116e+06
3.0206e+06
3.0309e+06
3.0406e+06
3.0481e+06
3.053e+06
3.0556e+06
3.0566e+06
3.0571e+06
3.0576e+06
3.0581e+06
3.0581e+06
3.0569e+06
3.0542e+06
3.0502e+06
3.0458e+06
3.0424e+06
3.0417e+06
3.0449e+06
3.0525e+06
3.0639e+06
3.0777e+06
3.0909e+06
3.1004e+06
3.1031e+06
3.097e+06
3.0817e+06
3.059e+06
3.0321e+06
3.0056e+06
2.9839e+06
2.9708e+06
2.9686e+06
2.977e+06
2.994e+06
3.0155e+06
3.0363e+06
3.0515e+06
3.0573e+06
3.0521e+06
3.0367e+06
3.0144e+06
2.9896e+06
2.9677e+06
2.953e+06
2.9482e+06
2.9537e+06
2.9672e+06
2.9847e+06
3.0009e+06
3.011e+06
3.0111e+06
2.9998e+06
2.9782e+06
2.9498e+06
2.9197e+06
2.8937e+06
2.8766e+06
2.8717e+06
2.8795e+06
2.8983e+06
2.9238e+06
2.9504e+06
2.9723e+06
2.985e+06
2.9856e+06
2.9741e+06
2.9528e+06
2.9262e+06
2.8995e+06
2.8777e+06
2.8645e+06
2.8615e+06
2.8683e+06
2.8822e+06
2.8993e+06
2.915e+06
2.9252e+06
2.9271e+06
2.92e+06
2.9053e+06
2.8863e+06
2.8671e+06
2.8518e+06
2.8435e+06
2.8436e+06
2.8516e+06
2.8657e+06
2.8827e+06
2.8992e+06
2.9119e+06
2.9185e+06
2.9186e+06
2.913e+06
2.9045e+06
2.8965e+06
2.8923e+06
2.8942e+06
2.903e+06
2.9176e+06
2.9357e+06
2.9539e+06
2.9683e+06
2.9755e+06
2.9736e+06
2.962e+06
2.9424e+06
2.9185e+06
2.895e+06
2.8766e+06
2.8675e+06
2.8699e+06
2.8838e+06
2.9072e+06
2.9362e+06
2.9659e+06
2.9914e+06
3.0085e+06
3.0145e+06
3.009e+06
2.9937e+06
2.9723e+06
2.9494e+06
2.9298e+06
2.9174e+06
2.9145e+06
2.9214e+06
2.9365e+06
2.9566e+06
2.9774e+06
2.9948e+06
3.0052e+06
3.0068e+06
2.9995e+06
2.9854e+06
2.9678e+06
2.9506e+06
2.9376e+06
2.9314e+06
2.9331e+06
2.9424e+06
2.957e+06
2.9735e+06
2.9882e+06
2.9977e+06
2.9995e+06
2.9931e+06
2.9798e+06
2.9623e+06
2.9443e+06
2.9295e+06
2.9208e+06
2.92e+06
2.9269e+06
2.9399e+06
2.9557e+06
2.9705e+06
2.9805e+06
2.9829e+06
2.9767e+06
2.9631e+06
2.9451e+06
2.9269e+06
2.913e+06
2.9068e+06
2.9106e+06
2.9246e+06
2.947e+06
2.9741e+06
3.0014e+06
3.0239e+06
3.0378e+06
3.0407e+06
3.033e+06
3.0171e+06
2.9974e+06
2.9793e+06
2.9676e+06
2.9661e+06
2.9763e+06
2.9971e+06
3.0252e+06
3.0556e+06
3.0826e+06
3.1011e+06
3.1079e+06
3.102e+06
3.0852e+06
3.0618e+06
3.0374e+06
3.018e+06
3.0085e+06
3.012e+06
3.0288e+06
3.0564e+06
3.0902e+06
3.1242e+06
3.1525e+06
3.1704e+06
3.1755e+06
3.1679e+06
3.1503e+06
3.1274e+06
3.1047e+06
3.0875e+06
3.0793e+06
3.0818e+06
3.0938e+06
3.1121e+06
3.1321e+06
3.1488e+06
3.1578e+06
3.1566e+06
3.145e+06
3.1247e+06
3.0995e+06
3.0741e+06
3.0528e+06
3.0391e+06
3.0346e+06
3.0391e+06
3.0502e+06
3.0646e+06
3.0783e+06
3.0878e+06
3.0909e+06
3.0868e+06
3.0768e+06
3.0634e+06
3.0495e+06
3.0381e+06
3.0312e+06
3.0299e+06
3.0341e+06
3.0425e+06
3.0532e+06
3.0642e+06
3.0734e+06
3.0794e+06
3.0817e+06
3.0805e+06
3.0768e+06
3.0717e+06
3.0659e+06
3.0601e+06
3.0542e+06
3.0482e+06
3.0422e+06
3.0366e+06
3.0321e+06
3.0294e+06
3.0292e+06
3.0319e+06
3.0374e+06
3.0448e+06
3.0525e+06
3.0581e+06
3.0589e+06
3.053e+06
3.0394e+06
3.0188e+06
2.9936e+06
2.9675e+06
2.9447e+06
2.9291e+06
2.9235e+06
2.9287e+06
2.9437e+06
2.9653e+06
2.989e+06
3.0097e+06
3.0232e+06
3.0265e+06
3.0191e+06
3.0031e+06
2.9822e+06
2.9614e+06
2.9458e+06
2.9391e+06
2.9432e+06
2.9577e+06
2.9799e+06
3.0055e+06
3.03e+06
3.049e+06
3.0599e+06
3.0619e+06
3.056e+06
3.0453e+06
3.033e+06
3.0228e+06
3.0171e+06
3.0173e+06
3.0233e+06
3.034e+06
3.0475e+06
3.0617e+06
3.0745e+06
3.0849e+06
3.0921e+06
3.0965e+06
3.0984e+06
3.0983e+06
3.0962e+06
3.0919e+06
3.0853e+06
3.0763e+06
3.0658e+06
3.0555e+06
3.0474e+06
3.0437e+06
3.0464e+06
3.0563e+06
3.0729e+06
3.0942e+06
3.1167e+06
3.1363e+06
3.1489e+06
3.1516e+06
3.1433e+06
3.1253e+06
3.1009e+06
3.075e+06
3.053e+06
3.0394e+06
3.0369e+06
3.0458e+06
3.0639e+06
3.087e+06
3.1097e+06
3.1273e+06
3.1358e+06
3.1339e+06
3.1222e+06
3.1036e+06
3.0821e+06
3.0618e+06
3.0463e+06
3.0373e+06
3.0352e+06
3.039e+06
3.0468e+06
3.0565e+06
3.0663e+06
3.0752e+06
3.0829e+06
3.0896e+06
3.0959e+06
3.1016e+06
3.1059e+06
3.107e+06
3.1029e+06
3.0921e+06
3.0746e+06
3.0519e+06
3.0272e+06
3.0049e+06
2.9892e+06
2.9838e+06
2.9902e+06
3.0077e+06
3.033e+06
3.0612e+06
3.0867e+06
3.1046e+06
3.1118e+06
3.1077e+06
3.0945e+06
3.0765e+06
3.0589e+06
3.0464e+06
3.0424e+06
3.048e+06
3.062e+06
3.0816e+06
3.1031e+06
3.1229e+06
3.1383e+06
3.1481e+06
3.1527e+06
3.1534e+06
3.1521e+06
3.1502e+06
3.1482e+06
3.1452e+06
3.1401e+06
3.1319e+06
3.1202e+06
3.1063e+06
3.0925e+06
3.082e+06
3.0778e+06
3.0818e+06
3.0945e+06
3.1137e+06
3.1357e+06
3.1555e+06
3.1681e+06
3.1699e+06
3.1595e+06
3.1383e+06
3.1098e+06
3.0793e+06
3.0519e+06
3.0316e+06
3.0203e+06
3.018e+06
3.0227e+06
3.0314e+06
3.0412e+06
3.0498e+06
3.0566e+06
3.0618e+06
3.0668e+06
3.0731e+06
3.0811e+06
3.0901e+06
3.0977e+06
3.1011e+06
3.0978e+06
3.0867e+06
3.069e+06
3.0477e+06
3.0275e+06
3.013e+06
3.008e+06
3.0143e+06
3.0308e+06
3.0542e+06
3.0792e+06
3.1007e+06
3.1143e+06
3.1179e+06
3.1119e+06
3.0992e+06
3.0837e+06
3.0696e+06
3.0594e+06
3.0543e+06
3.0531e+06
3.0538e+06
3.0543e+06
3.053e+06
3.0498e+06
3.0458e+06
3.0433e+06
3.0446e+06
3.0513e+06
3.0632e+06
3.0782e+06
3.0923e+06
3.1009e+06
3.1002e+06
3.0886e+06
3.0667e+06
3.038e+06
3.0074e+06
2.9803e+06
2.9611e+06
2.9519e+06
2.9526e+06
2.9609e+06
2.9734e+06
2.9866e+06
2.998e+06
3.0065e+06
3.0127e+06
3.018e+06
3.0237e+06
3.0302e+06
3.0366e+06
3.0408e+06
3.0403e+06
3.0336e+06
3.0208e+06
3.0037e+06
2.9862e+06
2.9724e+06
2.9663e+06
2.9701e+06
2.9835e+06
3.0039e+06
3.0266e+06
3.0466e+06
3.0594e+06
3.0628e+06
3.057e+06
3.0443e+06
3.0285e+06
3.0132e+06
3.0005e+06
2.9907e+06
2.9825e+06
2.9737e+06
2.9624e+06
2.9481e+06
2.932e+06
2.9168e+06
2.9057e+06
2.9017e+06
2.9064e+06
2.9191e+06
2.9366e+06
2.9546e+06
2.968e+06
2.9732e+06
2.9687e+06
2.9554e+06
2.9364e+06
2.9155e+06
2.8965e+06
2.8815e+06
2.8709e+06
2.8635e+06
2.8578e+06
2.8522e+06
2.8465e+06
2.8419e+06
2.8403e+06
2.844e+06
2.8541e+06
2.8699e+06
2.8887e+06
2.9058e+06
2.9163e+06
2.9165e+06
2.9049e+06
2.8829e+06
2.8546e+06
2.8254e+06
2.8005e+06
2.7835e+06
2.7751e+06
2.7741e+06
2.7772e+06
2.7812e+06
2.7836e+06
2.7836e+06
2.7821e+06
2.7816e+06
2.7846e+06
2.7925e+06
2.805e+06
2.8194e+06
2.8316e+06
2.8373e+06
2.8339e+06
2.8209e+06
2.8004e+06
2.7764e+06
2.7536e+06
2.7356e+06
2.7244e+06
2.7198e+06
2.7201e+06
2.7229e+06
2.7265e+06
2.7301e+06
2.7345e+06
2.7413e+06
2.752e+06
2.7668e+06
2.7842e+06
2.8005e+06
2.8115e+06
2.8131e+06
2.8036e+06
2.7835e+06
2.7562e+06
2.7269e+06
2.7008e+06
2.6817e+06
2.6712e+06
2.6681e+06
2.6697e+06
2.673e+06
2.6757e+06
2.6772e+06
2.6786e+06
2.6825e+06
2.691e+06
2.705e+06
2.7231e+06
2.7416e+06
2.7555e+06
2.7606e+06
2.7544e+06
2.7378e+06
2.7141e+06
2.6883e+06
2.6656e+06
2.6492e+06
2.6399e+06
2.636e+06
2.6346e+06
2.6328e+06
2.6292e+06
2.6243e+06
2.6206e+06
2.6214e+06
2.6294e+06
2.6452e+06
2.6665e+06
2.6886e+06
2.7056e+06
2.7124e+06
2.7067e+06
2.6894e+06
2.6645e+06
2.6378e+06
2.6148e+06
2.5986e+06
2.5896e+06
2.5854e+06
2.5825e+06
2.5778e+06
2.5701e+06
2.5607e+06
2.5525e+06
2.5493e+06
2.5542e+06
2.5678e+06
2.5882e+06
2.6109e+06
2.6308e+06
2.6436e+06
2.6474e+06
2.6428e+06
2.6329e+06
2.6212e+06
2.6107e+06
2.6024e+06
2.595e+06
2.5863e+06
2.574e+06
2.5576e+06
2.5386e+06
2.5203e+06
2.5071e+06
2.5024e+06
2.5079e+06
2.5223e+06
2.5421e+06
2.5625e+06
2.579e+06
2.589e+06
2.5924e+06
2.5914e+06
2.5889e+06
2.5875e+06
2.5881e+06
2.5892e+06
2.5877e+06
2.581e+06
2.5674e+06
2.5481e+06
2.5261e+06
2.5058e+06
2.4915e+06
2.4856e+06
2.4882e+06
2.4969e+06
2.5086e+06
2.5197e+06
2.5285e+06
2.5349e+06
2.5404e+06
2.5471e+06
2.5566e+06
2.5687e+06
2.5811e+06
2.5904e+06
2.5929e+06
2.5869e+06
2.5727e+06
2.5527e+06
2.5309e+06
2.5109e+06
2.495e+06
2.4834e+06
2.4748e+06
2.4671e+06
2.4593e+06
2.4513e+06
2.4452e+06
2.4434e+06
2.4483e+06
2.461e+06
2.48e+06
2.5022e+06
2.5234e+06
2.5398e+06
2.5496e+06
2.5529e+06
2.5519e+06
2.5497e+06
2.5482e+06
2.5481e+06
2.5475e+06
2.5439e+06
2.5348e+06
2.5194e+06
2.4991e+06
2.4773e+06
2.4582e+06
2.4453e+06
2.4405e+06
2.443e+06
2.4505e+06
2.4599e+06
2.4686e+06
2.4755e+06
2.4812e+06
2.4874e+06
2.4957e+06
2.507e+06
2.5202e+06
2.5329e+06
2.5422e+06
2.546e+06
2.5436e+06
2.5362e+06
2.5259e+06
2.5149e+06
2.5044e+06
2.4942e+06
2.4828e+06
2.469e+06
2.4524e+06
2.4339e+06
2.4162e+06
2.4024e+06
2.3955e+06
2.3964e+06
2.4045e+06
2.4172e+06
2.4315e+06
2.4449e+06
2.4567e+06
2.4673e+06
2.4785e+06
2.4916e+06
2.5067e+06
2.5219e+06
2.5341e+06
2.5401e+06
2.5377e+06
2.5273e+06
2.5112e+06
2.4929e+06
2.4757e+06
2.4615e+06
2.4501e+06
2.4399e+06
2.429e+06
2.4167e+06
2.4039e+06
2.3931e+06
2.3874e+06
2.3889e+06
2.398e+06
2.4126e+06
2.4289e+06
2.4433e+06
2.4531e+06
2.4586e+06
2.4618e+06
2.4661e+06
2.4737e+06
2.4848e+06
2.4964e+06
2.5042e+06
2.5037e+06
2.4931e+06
2.4736e+06
2.4494e+06
2.426e+06
2.4082e+06
2.3977e+06
2.393e+06
2.3903e+06
2.3855e+06
2.3762e+06
2.3633e+06
2.3501e+06
2.3414e+06
2.3415e+06
2.3515e+06
2.3694e+06
2.3904e+06
2.4091e+06
2.4216e+06
2.4274e+06
2.4288e+06
2.43e+06
2.4345e+06
2.4434e+06
2.4542e+06
2.4623e+06
2.463e+06
2.4537e+06
2.4353e+06
2.412e+06
2.3893e+06
2.3718e+06
2.3609e+06
2.3551e+06
2.3506e+06
2.3435e+06
2.3322e+06
2.3181e+06
2.3051e+06
2.2979e+06
2.3e+06
2.3117e+06
2.3298e+06
2.3496e+06
2.366e+06
2.3768e+06
2.3825e+06
2.3864e+06
2.3928e+06
2.4041e+06
2.4197e+06
2.4359e+06
2.4473e+06
2.4496e+06
2.4414e+06
2.4247e+06
2.4043e+06
2.3852e+06
2.3709e+06
2.3617e+06
2.355e+06
2.3476e+06
2.3366e+06
2.3221e+06
2.3062e+06
2.2925e+06
2.2844e+06
2.2833e+06
2.2884e+06
2.297e+06
2.3062e+06
2.3146e+06
2.3223e+06
2.3314e+06
2.3439e+06
2.3607e+06
2.3805e+06
2.4e+06
2.4152e+06
2.4236e+06
2.4248e+06
2.4211e+06
2.4161e+06
2.413e+06
2.4128e+06
2.4137e+06
2.4124e+06
2.4053e+06
2.3909e+06
2.3704e+06
2.3471e+06
2.3251e+06
2.3075e+06
2.2954e+06
2.2878e+06
2.2826e+06
2.2779e+06
2.2736e+06
2.2708e+06
2.2715e+06
2.277e+06
2.2871e+06
2.3001e+06
2.3133e+06
2.3245e+06
2.3333e+06
2.3414e+06
2.3514e+06
2.3655e+06
2.3834e+06
2.4024e+06
2.418e+06
2.4259e+06
2.4244e+06
2.4147e+06
2.401e+06
2.3882e+06
2.3797e+06
2.3755e+06
2.3725e+06
2.3663e+06
2.3534e+06
2.3334e+06
2.3091e+06
2.2853e+06
2.2668e+06
2.256e+06
2.2523e+06
2.2522e+06
2.2519e+06
2.2488e+06
2.243e+06
2.237e+06
2.2344e+06
2.2378e+06
2.2477e+06
2.262e+06
2.2774e+06
2.2909e+06
2.3014e+06
2.3101e+06
2.3191e+06
2.3298e+06
2.342e+06
2.353e+06
2.3596e+06
2.3594e+06
2.3526e+06
2.342e+06
2.3319e+06
2.3258e+06
2.3245e+06
2.3256e+06
2.3248e+06
2.3182e+06
2.3044e+06
2.2854e+06
2.2655e+06
2.2493e+06
2.2396e+06
2.2358e+06
2.2347e+06
2.2322e+06
2.226e+06
2.2163e+06
2.2063e+06
2.2002e+06
2.2013e+06
2.2104e+06
2.2248e+06
2.2404e+06
2.2534e+06
2.2621e+06
2.2678e+06
2.2736e+06
2.2827e+06
2.296e+06
2.3118e+06
2.3265e+06
2.3366e+06
2.3402e+06
2.3382e+06
2.3334e+06
2.3286e+06
2.3249e+06
2.3214e+06
2.3153e+06
2.3043e+06
2.2881e+06
2.2687e+06
2.2494e+06
2.2336e+06
2.2223e+06
2.2143e+06
2.2064e+06
2.1958e+06
2.1819e+06
2.1662e+06
2.1522e+06
2.1435e+06
2.1415e+06
2.1452e+06
2.1514e+06
2.1568e+06
2.1592e+06
2.1593e+06
2.1594e+06
2.1627e+06
2.1712e+06
2.1847e+06
2.201e+06
2.2172e+06
2.2314e+06
2.2434e+06
2.2543e+06
2.2656e+06
2.2775e+06
2.2886e+06
2.2965e+06
2.2994e+06
2.297e+06
2.2913e+06
2.285e+06
2.2799e+06
2.2761e+06
2.2711e+06
2.2621e+06
2.2472e+06
2.2273e+06
2.206e+06
2.1876e+06
2.1752e+06
2.1683e+06
2.1634e+06
2.1556e+06
2.1416e+06
2.1215e+06
2.0988e+06
2.0792e+06
2.0675e+06
2.0652e+06
2.0696e+06
2.0759e+06
2.0796e+06
2.0788e+06
2.0754e+06
2.074e+06
2.0788e+06
2.0916e+06
2.1104e+06
2.1307e+06
2.1477e+06
2.1592e+06
2.1662e+06
2.1723e+06
2.1808e+06
2.1932e+06
2.2078e+06
2.2208e+06
2.229e+06
2.2314e+06
2.2303e+06
2.229e+06
2.2304e+06
2.2343e+06
2.2379e+06
2.237e+06
2.229e+06
2.2145e+06
2.1971e+06
2.1812e+06
2.1695e+06
2.1614e+06
2.1531e+06
2.1403e+06
2.1208e+06
2.0959e+06
2.0699e+06
2.0482e+06
2.0337e+06
2.0259e+06
2.0207e+06
2.0135e+06
2.0017e+06
1.9862e+06
1.9709e+06
1.9605e+06
1.9578e+06
1.9624e+06
1.9708e+06
1.979e+06
1.9844e+06
1.9876e+06
1.9911e+06
1.9979e+06
2.0093e+06
2.0236e+06
2.0378e+06
2.0491e+06
2.0569e+06
2.0633e+06
2.0714e+06
2.0833e+06
2.0983e+06
2.1129e+06
2.1231e+06
2.1268e+06
2.1252e+06
2.1221e+06
2.1215e+06
2.1253e+06
2.1315e+06
2.1354e+06
2.1328e+06
2.1227e+06
2.1077e+06
2.0929e+06
2.0828e+06
2.0782e+06
2.0757e+06
2.0695e+06
2.0557e+06
2.034e+06
2.0085e+06
1.9855e+06
1.9696e+06
1.9614e+06
1.9567e+06
1.9497e+06
1.9363e+06
1.9164e+06
1.8939e+06
1.8746e+06
1.8625e+06
1.8581e+06
1.858e+06
1.8574e+06
1.8535e+06
1.8466e+06
1.8399e+06
1.8372e+06
1.8403e+06
1.8483e+06
1.8576e+06
1.8653e+06
1.8705e+06
1.8752e+06
1.8823e+06
1.8938e+06
1.9086e+06
1.9228e+06
1.9326e+06
1.9364e+06
1.9362e+06
1.9372e+06
1.9442e+06
1.9587e+06
1.9776e+06
1.9946e+06
2.0045e+06
2.0056e+06
2.0009e+06
1.9961e+06
1.996e+06
2.0015e+06
2.0089e+06
2.0127e+06
2.0093e+06
1.9989e+06
1.9858e+06
1.9755e+06
1.971e+06
1.9708e+06
1.9701e+06
1.9641e+06
1.9505e+06
1.9314e+06
1.9111e+06
1.8942e+06
1.8817e+06
1.8716e+06
1.86e+06
1.8444e+06
1.8253e+06
1.8058e+06
1.7894e+06
1.7774e+06
1.7682e+06
1.7582e+06
1.7447e+06
1.7278e+06
1.7105e+06
1.6971e+06
1.6899e+06
1.6878e+06
1.6868e+06
1.6827e+06
1.6742e+06
1.6633e+06
1.655e+06
1.6535e+06
1.6596e+06
1.6701e+06
1.6794e+06
1.6835e+06
1.6819e+06
1.6783e+06
1.6784e+06
1.6857e+06
1.6998e+06
1.7163e+06
1.7299e+06
1.7377e+06
1.7408e+06
1.7434e+06
1.7498e+06
1.7614e+06
1.7757e+06
1.7883e+06
1.7961e+06
1.7992e+06
1.8013e+06
1.8066e+06
1.8171e+06
1.831e+06
1.8435e+06
1.8507e+06
1.8519e+06
1.85e+06
1.8495e+06
1.8534e+06
1.8606e+06
1.8668e+06
1.8677e+06
1.8621e+06
1.8529e+06
1.8453e+06
1.8431e+06
1.846e+06
1.8492e+06
1.8473e+06
1.8373e+06
1.8214e+06
1.8052e+06
1.7945e+06
1.7907e+06
1.7904e+06
1.787e+06
1.7756e+06
1.7563e+06
1.7339e+06
1.715e+06
1.7038e+06
1.699e+06
1.695e+06
1.6853e+06
1.6674e+06
1.6435e+06
1.6197e+06
1.6016e+06
1.5913e+06
1.5859e+06
1.5802e+06
1.5697e+06
1.5536e+06
1.5346e+06
1.5167e+06
1.5027e+06
1.4926e+06
1.4846e+06
1.4763e+06
1.4672e+06
1.4582e+06
1.4507e+06
1.4447e+06
1.439e+06
1.4321e+06
1.4236e+06
1.4158e+06
1.4118e+06
1.4137e+06
1.4207e+06
1.4289e+06
1.4334e+06
1.4319e+06
1.4257e+06
1.4196e+06
1.4188e+06
1.4252e+06
1.4364e+06
1.447e+06
1.4524e+06
1.4517e+06
1.4487e+06
1.4493e+06
1.4576e+06
1.4733e+06
1.4913e+06
1.5057e+06
1.5132e+06
1.5153e+06
1.5168e+06
1.5225e+06
1.5343e+06
1.5497e+06
1.564e+06
1.5737e+06
1.5785e+06
1.5813e+06
1.5859e+06
1.5939e+06
1.6044e+06
1.6146e+06
1.6225e+06
1.6282e+06
1.6337e+06
1.6411e+06
1.6501e+06
1.6589e+06
1.6651e+06
1.6681e+06
1.67e+06
1.6737e+06
1.6809e+06
1.6902e+06
1.6976e+06
1.6998e+06
1.6964e+06
1.6913e+06
1.6896e+06
1.6948e+06
1.7054e+06
1.7158e+06
1.72e+06
1.7155e+06
1.7046e+06
1.6936e+06
1.6881e+06
1.6898e+06
1.6954e+06
1.6994e+06
1.6982e+06
1.692e+06
1.6842e+06
1.6786e+06
1.6766e+06
1.676e+06
1.6737e+06
1.6677e+06
1.6592e+06
1.651e+06
1.6455e+06
1.6424e+06
1.6394e+06
1.6337e+06
1.6249e+06
1.6151e+06
1.6072e+06
1.6024e+06
1.5988e+06
1.5931e+06
1.5828e+06
1.5687e+06
1.5548e+06
1.5451e+06
1.5408e+06
1.5386e+06
1.5334e+06
1.5217e+06
1.5044e+06
1.4864e+06
1.4732e+06
1.4669e+06
1.4645e+06
1.4601e+06
1.4491e+06
1.4312e+06
1.411e+06
1.3944e+06
1.3847e+06
1.3803e+06
1.3762e+06
1.368e+06
1.3544e+06
1.3379e+06
1.3228e+06
1.3114e+06
1.3031e+06
1.295e+06
1.2849e+06
1.2727e+06
1.26e+06
1.2486e+06
1.2383e+06
1.2272e+06
1.2135e+06
1.1976e+06
1.1819e+06
1.1695e+06
1.1611e+06
1.1543e+06
1.145e+06
1.1305e+06
1.112e+06
1.094e+06
1.0814e+06
1.0753e+06
1.0725e+06
1.0671e+06
1.0552e+06
1.0374e+06
1.0187e+06
1.0047e+06
9.9771e+05
9.9457e+05
9.8943e+05
9.7793e+05
9.6032e+05
9.4117e+05
9.2612e+05
9.1773e+05
9.1377e+05
9.0923e+05
9.0021e+05
8.8662e+05
8.7174e+05
8.5951e+05
8.5136e+05
8.4538e+05
8.3819e+05
8.2789e+05
8.1544e+05
8.036e+05
7.9435e+05
7.871e+05
7.7916e+05
7.6831e+05
7.549e+05
7.4194e+05
7.3276e+05
7.2805e+05
7.25e+05
7.194e+05
7.0894e+05
6.9521e+05
6.8262e+05
6.7505e+05
6.724e+05
6.7041e+05
6.6393e+05
6.5102e+05
