1.6971e+06
1.7137e+06
1.7283e+06
1.7468e+06
1.7737e+06
1.8086e+06
1.8455e+06
1.8759e+06
1.8943e+06
1.9014e+06
1.9042e+06
1.9122e+06
1.932e+06
1.9633e+06
1.9996e+06
2.0329e+06
2.0579e+06
2.0741e+06
2.0856e+06
2.0972e+06
2.1121e+06
2.1312e+06
2.1536e+06
2.1786e+06
2.2058e+06
2.2347e+06
2.264e+06
2.2913e+06
2.3146e+06
2.3342e+06
2.3531e+06
2.3753e+06
2.4034e+06
2.4367e+06
2.4714e+06
2.5029e+06
2.5286e+06
2.55e+06
2.5708e+06
2.5951e+06
2.6248e+06
2.6587e+06
2.6935e+06
2.7267e+06
2.757e+06
2.7848e+06
2.811e+06
2.8357e+06
2.859e+06
2.8813e+06
2.9048e+06
2.9317e+06
2.9637e+06
2.9992e+06
3.0343e+06
3.0641e+06
3.0863e+06
3.1022e+06
3.1167e+06
3.1353e+06
3.161e+06
3.1923e+06
3.2249e+06
3.2548e+06
3.2807e+06
3.3048e+06
3.3307e+06
3.3604e+06
3.393e+06
3.4248e+06
3.452e+06
3.4736e+06
3.4922e+06
3.5119e+06
3.536e+06
3.5644e+06
3.5942e+06
3.6214e+06
3.6437e+06
3.6626e+06
3.682e+06
3.7063e+06
3.7372e+06
3.7732e+06
3.8097e+06
3.8415e+06
3.8648e+06
3.8789e+06
3.8861e+06
3.8905e+06
3.8967e+06
3.9087e+06
3.9283e+06
3.9547e+06
3.985e+06
4.015e+06
4.0405e+06
4.0592e+06
4.0711e+06
4.0783e+06
4.084e+06
4.0909e+06
4.1005e+06
4.1124e+06
4.1256e+06
4.1392e+06
4.153e+06
4.1669e+06
4.1808e+06
4.1938e+06
4.2043e+06
4.2113e+06
4.2146e+06
4.2155e+06
4.2162e+06
4.219e+06
4.2253e+06
4.2356e+06
4.2488e+06
4.2628e+06
4.2745e+06
4.2804e+06
4.2768e+06
4.2617e+06
4.2354e+06
4.2014e+06
4.1663e+06
4.1374e+06
4.1204e+06
4.1164e+06
4.1215e+06
4.1279e+06
4.1274e+06
4.1146e+06
4.0891e+06
4.0555e+06
4.0214e+06
3.9942e+06
3.9778e+06
3.9714e+06
3.9696e+06
3.9655e+06
3.9529e+06
3.9295e+06
3.8971e+06
3.8606e+06
3.8261e+06
3.7979e+06
3.7772e+06
3.762e+06
3.7481e+06
3.7322e+06
3.7125e+06
3.6893e+06
3.6639e+06
3.6375e+06
3.6095e+06
3.5785e+06
3.5429e+06
3.5025e+06
3.4593e+06
3.4172e+06
3.3802e+06
3.3515e+06
3.3319e+06
3.3199e+06
3.3131e+06
3.3087e+06
3.3044e+06
3.2988e+06
3.2911e+06
3.2815e+06
3.2711e+06
3.2625e+06
3.2585e+06
3.2612e+06
3.2707e+06
3.2847e+06
3.2991e+06
3.3103e+06
3.3171e+06
3.3212e+06
3.3266e+06
3.3371e+06
3.3539e+06
3.3745e+06
3.3948e+06
3.4113e+06
3.4242e+06
3.4377e+06
3.4579e+06
3.4891e+06
3.5308e+06
3.5773e+06
3.6205e+06
3.6542e+06
3.6773e+06
3.6942e+06
3.7121e+06
3.737e+06
3.7703e+06
3.8085e+06
3.8457e+06
3.8773e+06
3.9021e+06
3.9225e+06
3.9422e+06
3.9633e+06
3.9853e+06
4.0059e+06
4.0232e+06
4.0377e+06
4.0515e+06
4.0669e+06
4.0837e+06
4.0991e+06
4.1085e+06
4.1093e+06
4.1024e+06
4.0926e+06
4.086e+06
4.0862e+06
4.0923e+06
4.0992e+06
4.1012e+06
4.0954e+06
4.0836e+06
4.0709e+06
4.062e+06
4.0575e+06
4.0536e+06
4.0434e+06
4.0216e+06
3.9876e+06
3.946e+06
3.9047e+06
3.8702e+06
3.8448e+06
3.8259e+06
3.8081e+06
3.7868e+06
3.7607e+06
3.7314e+06
3.702e+06
3.6744e+06
3.6485e+06
3.6227e+06
3.5961e+06
3.5699e+06
3.5469e+06
3.5302e+06
3.5204e+06
3.5155e+06
3.5111e+06
3.504e+06
3.4939e+06
3.4844e+06
3.4813e+06
3.4888e+06
3.5071e+06
3.5316e+06
3.5554e+06
3.5726e+06
3.5818e+06
3.5864e+06
3.5927e+06
3.6065e+06
3.6296e+06
3.6594e+06
3.6908e+06
3.7191e+06
3.7434e+06
3.7656e+06
3.7893e+06
3.8167e+06
3.8468e+06
3.8759e+06
3.9004e+06
3.919e+06
3.9337e+06
3.9488e+06
3.9681e+06
3.9918e+06
4.0167e+06
4.0374e+06
4.0495e+06
4.0523e+06
4.0487e+06
4.0437e+06
4.0409e+06
4.0406e+06
4.0398e+06
4.0341e+06
4.0205e+06
3.999e+06
3.973e+06
3.9469e+06
3.9245e+06
3.907e+06
3.8933e+06
3.881e+06
3.8678e+06
3.8522e+06
3.8337e+06
3.8118e+06
3.7861e+06
3.7563e+06
3.7235e+06
3.6901e+06
3.6593e+06
3.6342e+06
3.6161e+06
3.604e+06
3.5954e+06
3.5879e+06
3.5809e+06
3.5762e+06
3.5768e+06
3.5852e+06
3.6013e+06
3.6221e+06
3.643e+06
3.6601e+06
3.6725e+06
3.6823e+06
3.6936e+06
3.7098e+06
3.7311e+06
3.7546e+06
3.7755e+06
3.7903e+06
3.7995e+06
3.8076e+06
3.821e+06
3.8444e+06
3.8774e+06
3.9143e+06
3.9466e+06
3.9668e+06
3.9719e+06
3.9647e+06
3.9517e+06
3.94e+06
3.9334e+06
3.9313e+06
3.93e+06
3.9251e+06
3.9142e+06
3.8984e+06
3.8799e+06
3.8612e+06
3.8425e+06
3.8221e+06
3.798e+06
3.7698e+06
3.7394e+06
3.711e+06
3.6881e+06
3.6723e+06
3.6614e+06
3.6514e+06
3.6382e+06
3.6204e+06
3.5998e+06
3.5806e+06
3.5674e+06
3.5625e+06
3.5647e+06
3.5704e+06
3.5755e+06
3.578e+06
3.5787e+06
3.5808e+06
3.5884e+06
3.6037e+06
3.6263e+06
3.6533e+06
3.681e+06
3.7067e+06
3.7298e+06
3.7512e+06
3.7722e+06
3.7926e+06
3.8105e+06
3.8234e+06
3.8293e+06
3.8282e+06
3.8228e+06
3.8168e+06
3.8135e+06
3.8143e+06
3.818e+06
3.8221e+06
3.8238e+06
3.8219e+06
3.816e+06
3.8065e+06
3.793e+06
3.774e+06
3.748e+06
3.7146e+06
3.6759e+06
3.6363e+06
3.6016e+06
3.5762e+06
3.5614e+06
3.5545e+06
3.5504e+06
3.5441e+06
3.5335e+06
3.52e+06
3.5083e+06
3.5036e+06
3.5094e+06
3.5255e+06
3.5479e+06
3.5712e+06
3.591e+06
3.6058e+06
3.6176e+06
3.6306e+06
3.6487e+06
3.6736e+06
3.704e+06
3.736e+06
3.7657e+06
3.7904e+06
3.8101e+06
3.8265e+06
3.8419e+06
3.8573e+06
3.8719e+06
3.8832e+06
3.8886e+06
3.8863e+06
3.8764e+06
3.8605e+06
3.8407e+06
3.819e+06
3.7963e+06
3.7724e+06
3.7471e+06
3.7202e+06
3.6919e+06
3.6628e+06
3.6334e+06
3.6041e+06
3.5753e+06
3.548e+06
3.5238e+06
3.5045e+06
3.4921e+06
3.4872e+06
3.489e+06
3.4954e+06
3.5037e+06
3.5122e+06
3.5205e+06
3.5296e+06
3.5415e+06
3.5573e+06
3.5763e+06
3.5961e+06
3.6135e+06
3.6261e+06
3.6337e+06
3.6384e+06
3.6441e+06
3.6539e+06
3.6686e+06
3.6856e+06
3.7002e+06
3.7075e+06
3.7049e+06
3.6929e+06
3.6748e+06
3.6549e+06
3.636e+06
3.6186e+06
3.6005e+06
3.5791e+06
3.553e+06
3.5238e+06
3.4955e+06
3.4728e+06
3.4588e+06
3.4534e+06
3.4532e+06
3.4533e+06
3.4497e+06
3.4419e+06
3.4328e+06
3.4279e+06
3.4331e+06
3.4512e+06
3.4805e+06
3.5155e+06
3.5491e+06
3.5756e+06
3.5932e+06
3.6039e+06
3.6123e+06
3.6228e+06
3.6373e+06
3.6538e+06
3.6676e+06
3.6737e+06
3.6691e+06
3.6545e+06
3.633e+06
3.6092e+06
3.5861e+06
3.564e+06
3.5408e+06
3.5139e+06
3.4818e+06
3.4459e+06
3.4101e+06
3.3796e+06
3.3581e+06
3.3468e+06
3.3433e+06
3.3433e+06
3.3427e+06
3.3392e+06
3.3333e+06
3.328e+06
3.3269e+06
3.3324e+06
3.3445e+06
3.3607e+06
3.3772e+06
3.3906e+06
3.3993e+06
3.4039e+06
3.4063e+06
3.4083e+06
3.4103e+06
3.4107e+06
3.4068e+06
3.3964e+06
3.3788e+06
3.3556e+06
3.3302e+06
3.3057e+06
3.2838e+06
3.2641e+06
3.2439e+06
3.2205e+06
3.1922e+06
3.1594e+06
3.1249e+06
3.0925e+06
3.0659e+06
3.0471e+06
3.0361e+06
3.0312e+06
3.0299e+06
3.0303e+06
3.0318e+06
3.0348e+06
3.0401e+06
3.048e+06
3.0581e+06
3.0686e+06
3.0777e+06
3.0841e+06
3.0873e+06
3.0881e+06
3.0872e+06
3.0851e+06
3.0812e+06
3.0739e+06
3.0616e+06
3.0437e+06
3.0211e+06
2.9963e+06
2.9723e+06
2.9514e+06
2.9344e+06
2.9199e+06
2.9052e+06
2.8878e+06
2.8663e+06
2.8415e+06
2.816e+06
2.7937e+06
2.7782e+06
2.7719e+06
2.7751e+06
2.7862e+06
2.8023e+06
2.8203e+06
2.8379e+06
2.8535e+06
2.8662e+06
2.8754e+06
2.881e+06
2.8825e+06
2.8802e+06
2.8745e+06
2.8666e+06
2.8575e+06
2.848e+06
2.8375e+06
2.8247e+06
2.808e+06
2.7863e+06
2.7596e+06
2.7301e+06
2.7008e+06
2.6754e+06
2.6562e+06
2.644e+06
2.6374e+06
2.6341e+06
2.6316e+06
2.6291e+06
2.6273e+06
2.6284e+06
2.635e+06
2.6484e+06
2.6677e+06
2.6896e+06
2.7095e+06
2.723e+06
2.7277e+06
2.7239e+06
2.7144e+06
2.7028e+06
2.6924e+06
2.6839e+06
2.6759e+06
2.6652e+06
2.6491e+06
2.6267e+06
2.5996e+06
2.5718e+06
2.5478e+06
2.5313e+06
2.5233e+06
2.5222e+06
2.5245e+06
2.5262e+06
2.525e+06
2.5203e+06
2.5142e+06
2.5095e+06
2.5091e+06
2.5142e+06
2.524e+06
2.5359e+06
2.5466e+06
2.5537e+06
2.5563e+06
2.5552e+06
2.5521e+06
2.5481e+06
2.5435e+06
2.5371e+06
2.5268e+06
2.5111e+06
2.4898e+06
2.4645e+06
2.4379e+06
2.4132e+06
2.3928e+06
2.3775e+06
2.3666e+06
2.3587e+06
2.3524e+06
2.3475e+06
2.3449e+06
2.3465e+06
2.3537e+06
2.3668e+06
2.3842e+06
2.4025e+06
2.418e+06
2.4276e+06
2.4302e+06
2.4269e+06
2.4205e+06
2.4137e+06
2.4082e+06
2.4034e+06
2.3971e+06
2.3866e+06
2.3702e+06
2.3482e+06
2.3235e+06
2.3008e+06
2.2848e+06
2.2786e+06
2.2826e+06
2.2942e+06
2.3091e+06
2.3228e+06
2.3324e+06
2.3376e+06
2.3401e+06
2.3432e+06
2.3498e+06
2.3609e+06
2.3749e+06
2.3882e+06
2.3965e+06
2.3967e+06
2.3883e+06
2.3733e+06
2.3557e+06
2.3397e+06
2.3283e+06
2.3221e+06
2.3194e+06
2.3176e+06
2.3143e+06
2.3086e+06
2.3013e+06
2.2949e+06
2.2921e+06
2.2947e+06
2.3031e+06
2.3157e+06
2.3299e+06
2.3431e+06
2.3538e+06
2.3619e+06
2.3687e+06
2.3761e+06
2.3853e+06
2.396e+06
2.4062e+06
2.4133e+06
2.4147e+06
2.4095e+06
2.3985e+06
2.3844e+06
2.3706e+06
2.3602e+06
2.3551e+06
2.3553e+06
2.3596e+06
2.3662e+06
2.3737e+06
2.382e+06
2.3917e+06
2.4042e+06
2.4204e+06
2.4401e+06
2.4616e+06
2.4821e+06
2.4986e+06
2.5087e+06
2.5121e+06
2.5099e+06
2.505e+06
2.5002e+06
2.4977e+06
2.4978e+06
2.4995e+06
2.5009e+06
2.5003e+06
2.497e+06
2.4922e+06
2.488e+06
2.4872e+06
2.4919e+06
2.5028e+06
2.5186e+06
2.537e+06
2.5551e+06
2.5704e+06
2.582e+06
2.5906e+06
2.5978e+06
2.6056e+06
2.6149e+06
2.6253e+06
2.635e+06
2.6418e+06
2.6438e+06
2.6405e+06
2.6335e+06
2.6254e+06
2.6195e+06
2.6183e+06
2.6231e+06
2.6332e+06
2.6467e+06
2.661e+06
2.6741e+06
2.685e+06
2.6941e+06
2.7028e+06
2.7126e+06
2.7241e+06
2.737e+06
2.7495e+06
2.7592e+06
2.7642e+06
2.7635e+06
2.7576e+06
2.7485e+06
2.7384e+06
2.7293e+06
2.7222e+06
2.7169e+06
2.7125e+06
2.708e+06
2.7034e+06
2.6996e+06
2.6985e+06
2.7025e+06
2.7131e+06
2.7304e+06
2.7524e+06
2.7756e+06
2.7958e+06
2.8092e+06
2.8142e+06
2.811e+06
2.8023e+06
2.7917e+06
2.7823e+06
2.7761e+06
2.7728e+06
2.7708e+06
2.7676e+06
2.7617e+06
2.753e+06
2.7431e+06
2.7353e+06
2.7328e+06
2.7381e+06
2.7516e+06
2.771e+06
2.7921e+06
2.81e+06
2.8205e+06
2.8213e+06
2.813e+06
2.7985e+06
2.782e+06
2.7677e+06
2.7578e+06
2.7526e+06
2.7502e+06
2.7477e+06
2.7429e+06
2.735e+06
2.7251e+06
2.7158e+06
2.7106e+06
2.7121e+06
2.7215e+06
2.7376e+06
2.7574e+06
2.7766e+06
2.7914e+06
2.7992e+06
2.7998e+06
2.7947e+06
2.7871e+06
2.7797e+06
2.7748e+06
2.7727e+06
2.7723e+06
2.7719e+06
2.7703e+06
2.7671e+06
2.7639e+06
2.7631e+06
2.7677e+06
2.7798e+06
2.8e+06
2.8265e+06
2.8559e+06
2.8836e+06
2.9053e+06
2.9182e+06
2.9217e+06
2.9177e+06
2.9095e+06
2.901e+06
2.8951e+06
2.8931e+06
2.8946e+06
2.8978e+06
2.9006e+06
2.9018e+06
2.9013e+06
2.9005e+06
2.9019e+06
2.9077e+06
2.9196e+06
2.9376e+06
2.9596e+06
2.9825e+06
3.0023e+06
3.0157e+06
3.0211e+06
3.0186e+06
3.0103e+06
2.9993e+06
2.9888e+06
2.9814e+06
2.9783e+06
2.9795e+06
2.9842e+06
2.9914e+06
3.0003e+06
3.0107e+06
3.0227e+06
3.0366e+06
3.0523e+06
3.0688e+06
3.0845e+06
3.0972e+06
3.1047e+06
3.1057e+06
3.1002e+06
3.0895e+06
3.0759e+06
3.0625e+06
3.0515e+06
3.0443e+06
3.041e+06
3.0404e+06
3.0409e+06
3.0408e+06
3.0396e+06
3.0375e+06
3.0358e+06
3.0363e+06
3.0406e+06
3.0491e+06
3.0608e+06
3.073e+06
3.082e+06
3.0841e+06
3.0769e+06
3.06e+06
3.0355e+06
3.0073e+06
2.9805e+06
2.96e+06
2.9491e+06
2.9494e+06
2.9601e+06
2.9785e+06
3.0012e+06
3.0244e+06
3.0454e+06
3.0629e+06
3.0767e+06
3.0876e+06
3.0966e+06
3.1046e+06
3.1112e+06
3.1159e+06
3.1173e+06
3.1149e+06
3.1089e+06
3.1006e+06
3.0926e+06
3.0876e+06
3.0882e+06
3.0958e+06
3.1105e+06
3.1305e+06
3.153e+06
3.1745e+06
3.1917e+06
3.2025e+06
3.2061e+06
3.2034e+06
3.1961e+06
3.1867e+06
3.1774e+06
3.1695e+06
3.1638e+06
3.16e+06
3.1579e+06
3.157e+06
3.1569e+06
3.1579e+06
3.1602e+06
3.1637e+06
3.1684e+06
3.1732e+06
3.177e+06
3.178e+06
3.1748e+06
3.1664e+06
3.1532e+06
3.1365e+06
3.1186e+06
3.1025e+06
3.0906e+06
3.0848e+06
3.0856e+06
3.0923e+06
3.103e+06
3.1154e+06
3.1271e+06
3.1362e+06
3.1418e+06
3.1439e+06
3.1432e+06
3.1406e+06
3.1369e+06
3.1323e+06
3.1264e+06
3.1188e+06
3.1093e+06
3.0986e+06
3.088e+06
3.0797e+06
3.0763e+06
3.0799e+06
3.0916e+06
3.1111e+06
3.1364e+06
3.1639e+06
3.1896e+06
3.2093e+06
3.22e+06
3.2205e+06
3.2115e+06
3.1957e+06
3.1767e+06
3.1587e+06
3.145e+06
3.1377e+06
3.1372e+06
3.1427e+06
3.1522e+06
3.1635e+06
3.1745e+06
3.184e+06
3.1913e+06
3.1966e+06
3.2003e+06
3.2026e+06
3.2032e+06
3.2013e+06
3.1956e+06
3.1854e+06
3.1706e+06
3.1525e+06
3.1333e+06
3.116e+06
3.1036e+06
3.0988e+06
3.1026e+06
3.1145e+06
3.1321e+06
3.1517e+06
3.1688e+06
3.1795e+06
3.181e+06
3.1725e+06
3.1554e+06
3.1326e+06
3.1082e+06
3.0866e+06
3.0711e+06
3.0636e+06
3.0643e+06
3.0717e+06
3.0833e+06
3.0962e+06
3.1076e+06
3.1157e+06
3.1198e+06
3.1202e+06
3.1177e+06
3.1134e+06
3.1079e+06
3.1014e+06
3.0939e+06
3.0849e+06
3.0745e+06
3.0633e+06
3.0523e+06
3.0428e+06
3.0362e+06
3.0334e+06
3.0349e+06
3.0399e+06
3.0467e+06
3.0528e+06
3.0555e+06
3.0526e+06
3.0433e+06
3.028e+06
3.0089e+06
2.9892e+06
2.9728e+06
2.9627e+06
2.9612e+06
2.9682e+06
2.982e+06
2.9992e+06
3.0153e+06
3.0259e+06
3.0278e+06
3.019e+06
3.0001e+06
2.9735e+06
2.9431e+06
2.9133e+06
2.8885e+06
2.8717e+06
2.8643e+06
2.8661e+06
2.8751e+06
2.8888e+06
2.904e+06
2.9178e+06
2.9282e+06
2.9338e+06
2.9345e+06
2.9306e+06
2.9228e+06
2.9122e+06
2.8993e+06
2.8848e+06
2.8697e+06
2.8547e+06
2.8413e+06
2.8309e+06
2.8247e+06
2.8237e+06
2.8282e+06
2.8373e+06
2.8495e+06
2.8623e+06
2.8729e+06
2.8784e+06
2.8769e+06
2.8678e+06
2.8518e+06
2.8314e+06
2.8099e+06
2.7911e+06
2.778e+06
2.773e+06
2.7764e+06
2.787e+06
2.8022e+06
2.8183e+06
2.8315e+06
2.8388e+06
2.8385e+06
2.8305e+06
2.8165e+06
2.7991e+06
2.7818e+06
2.7675e+06
2.7584e+06
2.7555e+06
2.7581e+06
2.7642e+06
2.7714e+06
2.7769e+06
2.7783e+06
2.7746e+06
2.7657e+06
2.753e+06
2.7386e+06
2.7249e+06
2.714e+06
2.7071e+06
2.7047e+06
2.7064e+06
2.7111e+06
2.7173e+06
2.7235e+06
2.7283e+06
2.731e+06
2.7314e+06
2.73e+06
2.7274e+06
2.7246e+06
2.7222e+06
2.7206e+06
2.7195e+06
2.7189e+06
2.7184e+06
2.7179e+06
2.7175e+06
2.717e+06
2.7165e+06
2.716e+06
2.7152e+06
2.714e+06
2.7115e+06
2.7071e+06
2.7001e+06
2.6901e+06
2.6771e+06
2.6621e+06
2.6466e+06
2.6325e+06
2.6219e+06
2.6163e+06
2.6165e+06
2.6223e+06
2.6323e+06
2.6445e+06
2.6562e+06
2.6649e+06
2.6685e+06
2.6659e+06
2.6576e+06
2.6452e+06
2.6311e+06
2.6184e+06
2.6096e+06
2.6065e+06
2.6096e+06
2.6179e+06
2.6292e+06
2.6405e+06
2.6488e+06
2.6516e+06
2.6475e+06
2.6364e+06
2.62e+06
2.601e+06
2.5827e+06
2.5683e+06
2.5601e+06
2.5591e+06
2.5648e+06
2.575e+06
2.5865e+06
2.5958e+06
2.5999e+06
2.5968e+06
2.586e+06
2.5689e+06
2.548e+06
2.5271e+06
2.5095e+06
2.4982e+06
2.4948e+06
2.4993e+06
2.5099e+06
2.5238e+06
2.5372e+06
2.5466e+06
2.5494e+06
2.5444e+06
2.5321e+06
2.5147e+06
2.4955e+06
2.4781e+06
2.4659e+06
2.461e+06
2.464e+06
2.4741e+06
2.4889e+06
2.5049e+06
2.5188e+06
2.5273e+06
2.5287e+06
2.5224e+06
2.5098e+06
2.4934e+06
2.4768e+06
2.4634e+06
2.4558e+06
2.4554e+06
2.4622e+06
2.4745e+06
2.4893e+06
2.5032e+06
2.5128e+06
2.5156e+06
2.5104e+06
2.4978e+06
2.4797e+06
2.4593e+06
2.4401e+06
2.4254e+06
2.4172e+06
2.4165e+06
2.4224e+06
2.433e+06
2.4452e+06
2.4556e+06
2.4612e+06
2.4603e+06
2.4522e+06
2.438e+06
2.4202e+06
2.4017e+06
2.3858e+06
2.375e+06
2.3709e+06
2.3736e+06
2.3819e+06
2.3935e+06
2.4054e+06
2.4146e+06
2.4187e+06
2.4166e+06
2.4086e+06
2.3963e+06
2.3822e+06
2.3693e+06
2.3604e+06
2.3571e+06
2.36e+06
2.3683e+06
2.3799e+06
2.3919e+06
2.4012e+06
2.4053e+06
2.4028e+06
2.3935e+06
2.3787e+06
2.3609e+06
2.343e+06
2.3282e+06
2.3186e+06
2.3154e+06
2.3184e+06
2.3258e+06
2.335e+06
2.3429e+06
2.3469e+06
2.3451e+06
2.3372e+06
2.3243e+06
2.3089e+06
2.2941e+06
2.2831e+06
2.2783e+06
2.281e+06
2.2908e+06
2.3056e+06
2.3224e+06
2.3375e+06
2.3471e+06
2.3489e+06
2.3415e+06
2.3259e+06
2.3044e+06
2.2806e+06
2.2587e+06
2.2423e+06
2.2342e+06
2.2354e+06
2.2448e+06
2.2601e+06
2.2775e+06
2.2931e+06
2.3035e+06
2.3063e+06
2.3011e+06
2.2888e+06
2.2721e+06
2.2544e+06
2.239e+06
2.2287e+06
2.2248e+06
2.2273e+06
2.2344e+06
2.2433e+06
2.2506e+06
2.2535e+06
2.2499e+06
2.2391e+06
2.2221e+06
2.2008e+06
2.1784e+06
2.1579e+06
2.1419e+06
2.132e+06
2.1285e+06
2.1302e+06
2.1351e+06
2.1405e+06
2.144e+06
2.1438e+06
2.139e+06
2.13e+06
2.1184e+06
2.1061e+06
2.0952e+06
2.0873e+06
2.0833e+06
2.0831e+06
2.086e+06
2.0904e+06
2.0947e+06
2.0971e+06
2.0967e+06
2.0927e+06
2.0856e+06
2.0762e+06
2.0657e+06
2.0552e+06
2.0453e+06
2.0363e+06
2.028e+06
2.0203e+06
2.0128e+06
2.0056e+06
1.999e+06
1.9931e+06
1.9884e+06
1.9854e+06
1.9843e+06
1.985e+06
1.9868e+06
1.9886e+06
1.989e+06
1.987e+06
1.982e+06
1.974e+06
1.9642e+06
1.9541e+06
1.9456e+06
1.9405e+06
1.9398e+06
1.9437e+06
1.9513e+06
1.9609e+06
1.9699e+06
1.9758e+06
1.9766e+06
1.9714e+06
1.9606e+06
1.946e+06
1.9302e+06
1.9163e+06
1.9071e+06
1.9044e+06
1.9087e+06
1.9188e+06
1.9326e+06
1.9467e+06
1.9581e+06
1.9639e+06
1.9628e+06
1.9547e+06
1.9409e+06
1.9238e+06
1.9062e+06
1.8909e+06
1.8798e+06
1.8739e+06
1.8728e+06
1.8755e+06
1.8802e+06
1.8851e+06
1.8886e+06
1.8897e+06
1.8883e+06
1.8849e+06
1.8803e+06
1.8755e+06
1.871e+06
1.867e+06
1.8632e+06
1.8592e+06
1.8545e+06
1.849e+06
1.8429e+06
1.8367e+06
1.8313e+06
1.8273e+06
1.8253e+06
1.8252e+06
1.8262e+06
1.827e+06
1.826e+06
1.8219e+06
1.8141e+06
1.8028e+06
1.7893e+06
1.7754e+06
1.7633e+06
1.755e+06
1.7514e+06
1.7527e+06
1.7574e+06
1.7634e+06
1.7681e+06
1.7688e+06
1.7638e+06
1.7528e+06
1.7368e+06
1.7179e+06
1.6992e+06
1.6836e+06
1.6736e+06
1.6704e+06
1.6736e+06
1.6818e+06
1.6925e+06
1.7027e+06
1.7102e+06
1.7131e+06
1.7108e+06
1.7038e+06
1.6935e+06
1.6814e+06
1.6691e+06
1.6577e+06
1.6475e+06
1.6387e+06
1.6312e+06
1.6249e+06
1.62e+06
1.6169e+06
1.6162e+06
1.6184e+06
1.6237e+06
1.6317e+06
1.6412e+06
1.6504e+06
1.6571e+06
1.6595e+06
1.6563e+06
1.6475e+06
1.6342e+06
1.6186e+06
1.6036e+06
1.5918e+06
1.585e+06
1.584e+06
1.588e+06
1.5951e+06
1.6025e+06
1.6074e+06
1.6075e+06
1.6018e+06
1.5906e+06
1.5754e+06
1.5585e+06
1.5424e+06
1.529e+06
1.5195e+06
1.5139e+06
1.5114e+06
1.5107e+06
1.5107e+06
1.5103e+06
1.5091e+06
1.5072e+06
1.5049e+06
1.5031e+06
1.5019e+06
1.5011e+06
1.4999e+06
1.497e+06
1.4911e+06
1.4816e+06
1.4688e+06
1.4541e+06
1.4395e+06
1.4273e+06
1.4197e+06
1.4178e+06
1.4214e+06
1.4295e+06
1.4395e+06
1.4489e+06
1.4551e+06
1.4565e+06
1.4524e+06
1.4436e+06
1.4319e+06
1.4193e+06
1.4077e+06
1.3986e+06
1.3923e+06
1.3888e+06
1.3874e+06
1.3874e+06
1.3881e+06
1.3893e+06
1.3909e+06
1.3933e+06
1.3967e+06
1.4009e+06
1.4052e+06
1.4081e+06
1.4081e+06
1.4037e+06
1.3939e+06
1.3792e+06
1.3611e+06
1.3419e+06
1.3247e+06
1.3119e+06
1.3053e+06
1.3052e+06
1.3106e+06
1.3196e+06
1.3295e+06
1.3377e+06
1.3425e+06
1.3429e+06
1.3392e+06
1.3327e+06
1.3246e+06
1.3162e+06
1.3079e+06
1.2997e+06
1.2909e+06
1.2813e+06
1.271e+06
1.2606e+06
1.2514e+06
1.245e+06
1.2428e+06
1.2457e+06
1.2534e+06
1.2649e+06
1.2779e+06
1.2896e+06
1.2976e+06
1.2998e+06
1.2958e+06
1.2862e+06
1.2727e+06
1.2578e+06
1.2437e+06
1.2321e+06
1.2239e+06
1.219e+06
1.2168e+06
1.2163e+06
1.2168e+06
1.2177e+06
1.219e+06
1.2207e+06
1.223e+06
1.2256e+06
1.2278e+06
1.2283e+06
1.2258e+06
1.2193e+06
1.2087e+06
1.195e+06
1.1799e+06
1.1659e+06
1.1554e+06
1.1503e+06
1.1512e+06
1.1575e+06
1.1676e+06
1.1789e+06
1.1891e+06
1.1962e+06
1.1992e+06
1.1982e+06
1.1941e+06
1.1882e+06
1.1815e+06
1.1747e+06
1.1673e+06
1.1589e+06
1.1489e+06
1.1373e+06
1.1247e+06
1.1126e+06
1.1028e+06
1.0968e+06
1.0957e+06
1.0995e+06
1.1072e+06
1.117e+06
1.1265e+06
1.1335e+06
1.1368e+06
1.1358e+06
1.1309e+06
1.1235e+06
1.1148e+06
1.1059e+06
1.0974e+06
1.0891e+06
1.0809e+06
1.0726e+06
1.0646e+06
1.0576e+06
1.0528e+06
1.0512e+06
1.0536e+06
1.06e+06
1.0696e+06
1.0804e+06
1.0903e+06
1.0972e+06
1.0994e+06
1.0968e+06
1.0898e+06
1.0802e+06
1.0696e+06
1.0598e+06
1.0514e+06
1.0448e+06
1.0395e+06
1.0349e+06
1.0309e+06
1.0276e+06
1.0255e+06
1.0256e+06
1.0284e+06
1.0342e+06
1.0423e+06
1.0512e+06
1.059e+06
1.0637e+06
1.0637e+06
1.0586e+06
1.0489e+06
1.0361e+06
1.0222e+06
1.0088e+06
9.9718e+05
9.8759e+05
9.7986e+05
9.7353e+05
9.683e+05
9.6424e+05
9.6183e+05
9.618e+05
9.6478e+05
9.709e+05
9.7949e+05
9.8907e+05
9.9765e+05
1.0033e+06
1.0046e+06
1.0012e+06
9.9394e+05
9.8438e+05
9.7441e+05
9.6559e+05
9.5873e+05
9.5377e+05
9.5008e+05
9.4693e+05
9.4387e+05
9.4106e+05
9.3923e+05
9.3944e+05
9.4263e+05
9.4908e+05
9.5808e+05
9.6791e+05
9.7626e+05
9.8091e+05
9.8038e+05
9.7446e+05
9.642e+05
9.5159e+05
9.3887e+05
9.2781e+05
9.1921e+05
9.1284e+05
9.0782e+05
9.0322e+05
8.986e+05
8.9428e+05
8.9131e+05
8.911e+05
8.9492e+05
9.032e+05
9.1514e+05
9.2876e+05
9.4134e+05
9.5022e+05
9.5364e+05
9.5118e+05
9.4386e+05
9.3374e+05
9.2315e+05
9.1384e+05
9.0648e+05
9.0062e+05
8.9515e+05
8.89e+05
8.8176e+05
8.7387e+05
8.6659e+05
8.6155e+05
8.6016e+05
8.6306e+05
8.6975e+05
8.7867e+05
8.8766e+05
8.9466e+05
8.9833e+05
8.9841e+05
8.957e+05
8.9155e+05
8.8724e+05
8.8337e+05
8.7966e+05
8.7524e+05
8.6915e+05
8.6101e+05
8.5134e+05
8.4155e+05
8.3355e+05
8.2915e+05
8.2946e+05
8.3444e+05
8.4291e+05
8.5291e+05
8.6233e+05
8.6953e+05
8.7383e+05
8.7555e+05
8.7575e+05
8.7567e+05
8.7602e+05
8.7663e+05
8.7654e+05
8.7444e+05
8.6937e+05
8.6124e+05
8.5097e+05
8.4025e+05
8.3097e+05
8.2459e+05
8.2167e+05
8.2183e+05
8.2397e+05
8.268e+05
8.2939e+05
8.3146e+05
8.3343e+05
8.3619e+05
8.4057e+05
8.4678e+05
8.5413e+05
8.6109e+05
8.6583e+05
8.6689e+05
8.637e+05
8.5681e+05
8.4766e+05
8.3798e+05
8.2922e+05
8.22e+05
8.1616e+05
8.1101e+05
8.059e+05
8.0069e+05
7.9593e+05
7.9278e+05
7.9258e+05
7.9635e+05
8.0423e+05
8.1528e+05
8.277e+05
8.3935e+05
8.4847e+05
8.5417e+05
8.5663e+05
8.569e+05
8.5633e+05
8.5585e+05
8.5555e+05
8.5465e+05
8.5192e+05
8.464e+05
8.3792e+05
8.2732e+05
8.163e+05
8.0688e+05
8.0077e+05
7.9884e+05
8.0085e+05
8.057e+05
8.1184e+05
8.1789e+05
8.2307e+05
8.2732e+05
8.3119e+05
8.3544e+05
8.4056e+05
8.4642e+05
8.5221e+05
8.5677e+05
8.5899e+05
8.5831e+05
8.5483e+05
8.4923e+05
8.4242e+05
8.3517e+05
8.2785e+05
8.2049e+05
8.1297e+05
8.0527e+05
7.9776e+05
7.9116e+05
7.8639e+05
7.843e+05
7.8535e+05
7.8946e+05
7.9599e+05
8.0401e+05
8.1255e+05
8.2091e+05
8.2874e+05
8.3598e+05
8.4268e+05
8.4871e+05
8.5365e+05
8.5687e+05
8.5776e+05
8.5598e+05
8.5168e+05
8.4545e+05
8.3816e+05
8.3071e+05
8.2375e+05
8.1762e+05
8.124e+05
8.0814e+05
8.0495e+05
8.0317e+05
8.0321e+05
8.0544e+05
8.0993e+05
8.1637e+05
8.2408e+05
8.3219e+05
8.399e+05
8.4668e+05
8.5232e+05
8.5688e+05
8.604e+05
8.6274e+05
8.6354e+05
8.6233e+05
8.5885e+05
8.5325e+05
8.4624e+05
8.3881e+05
8.3193e+05
8.261e+05
8.2119e+05
8.1656e+05
8.1144e+05
8.0545e+05
7.9892e+05
7.9296e+05
7.8922e+05
7.8926e+05
7.9398e+05
8.0311e+05
8.1521e+05
8.2816e+05
8.399e+05
8.4913e+05
8.5567e+05
8.6041e+05
8.647e+05
8.6957e+05
8.7511e+05
8.8032e+05
8.8357e+05
8.8347e+05
8.7955e+05
8.7261e+05
8.6441e+05
8.5693e+05
8.5147e+05
8.4812e+05
8.4584e+05
8.4312e+05
8.3883e+05
8.3295e+05
8.2668e+05
8.2212e+05
8.2141e+05
8.2573e+05
8.3473e+05
8.4652e+05
8.5845e+05
8.6816e+05
8.7456e+05
8.7816e+05
8.8079e+05
8.8468e+05
8.9118e+05
8.9996e+05
9.0898e+05
9.1546e+05
9.1711e+05
9.132e+05
9.0486e+05
8.9458e+05
8.8508e+05
8.7809e+05
8.7364e+05
8.7024e+05
8.6587e+05
8.5916e+05
8.502e+05
8.4058e+05
8.3284e+05
8.2936e+05
8.3132e+05
8.3811e+05
8.4768e+05
8.5746e+05
8.6548e+05
8.7113e+05
8.7532e+05
8.7991e+05
8.8674e+05
8.9648e+05
9.0814e+05
9.1942e+05
9.2773e+05
9.3139e+05
9.304e+05
9.2641e+05
9.2197e+05
9.1931e+05
9.1927e+05
9.2092e+05
9.2214e+05
9.2077e+05
9.1568e+05
9.073e+05
8.9739e+05
8.8835e+05
8.8218e+05
8.7971e+05
8.8044e+05
8.8298e+05
8.8581e+05
8.8805e+05
8.8971e+05
8.9159e+05
8.9478e+05
9.0002e+05
9.0735e+05
9.1602e+05
9.2492e+05
9.3302e+05
9.3983e+05
9.4548e+05
9.5048e+05
9.553e+05
9.6007e+05
9.6439e+05
9.6755e+05
9.6885e+05
9.6785e+05
9.6449e+05
9.5907e+05
9.5202e+05
9.4384e+05
9.3502e+05
9.2613e+05
9.1782e+05
9.1079e+05
9.056e+05
9.0243e+05
9.01e+05
9.0071e+05
9.0091e+05
9.0122e+05
9.0184e+05
9.034e+05
9.0674e+05
9.124e+05
9.2028e+05
9.2955e+05
9.3899e+05
9.4758e+05
9.5498e+05
9.617e+05
9.6874e+05
9.7693e+05
9.8621e+05
9.9539e+05
1.0026e+06
1.0061e+06
1.0053e+06
1.0012e+06
9.9586e+05
9.9184e+05
9.9056e+05
9.9165e+05
9.9305e+05
9.9211e+05
9.8696e+05
9.775e+05
9.6555e+05
9.5416e+05
9.4616e+05
9.428e+05
9.4322e+05
9.4498e+05
9.4542e+05
9.431e+05
9.3856e+05
9.3416e+05
9.33e+05
9.3727e+05
9.4704e+05
9.6003e+05
9.7266e+05
9.818e+05
9.8616e+05
9.8688e+05
9.8699e+05
9.8982e+05
9.9722e+05
1.0084e+06
1.0205e+06
1.0295e+06
1.0331e+06
1.0307e+06
1.0245e+06
1.0176e+06
1.013e+06
1.0116e+06
1.0122e+06
1.012e+06
1.0084e+06
1.0004e+06
9.8899e+05
9.7651e+05
9.6569e+05
9.5829e+05
9.544e+05
9.5263e+05
9.5112e+05
9.4855e+05
9.4481e+05
9.4096e+05
9.3859e+05
9.3902e+05
9.4262e+05
9.4869e+05
9.5586e+05
9.6275e+05
9.6857e+05
9.7335e+05
9.7778e+05
9.8281e+05
9.8922e+05
9.9734e+05
1.0069e+06
1.0174e+06
1.0277e+06
1.0368e+06
1.0436e+06
1.0474e+06
1.0481e+06
1.0463e+06
1.0433e+06
1.0407e+06
1.0394e+06
1.0396e+06
1.04e+06
1.0386e+06
1.034e+06
1.0257e+06
1.0149e+06
1.0039e+06
9.9499e+05
9.8921e+05
9.859e+05
9.8291e+05
9.7792e+05
9.6979e+05
9.593e+05
9.4898e+05
9.4191e+05
9.4008e+05
9.4321e+05
9.488e+05
9.5341e+05
9.5449e+05
9.517e+05
9.4728e+05
9.4505e+05
9.4848e+05
9.5869e+05
9.7365e+05
9.8911e+05
1.0008e+06
1.0064e+06
1.0067e+06
1.005e+06
1.0056e+06
1.0111e+06
1.0213e+06
1.0332e+06
1.0427e+06
1.047e+06
1.0459e+06
1.0418e+06
1.038e+06
1.0368e+06
1.0384e+06
1.0404e+06
1.0396e+06
1.0342e+06
1.0242e+06
1.0123e+06
1.0016e+06
9.9453e+05
9.9131e+05
9.8988e+05
9.8725e+05
9.8119e+05
9.7132e+05
9.5922e+05
9.4757e+05
9.3879e+05
9.3395e+05
9.3246e+05
9.3269e+05
9.3295e+05
9.3236e+05
9.3104e+05
9.2985e+05
9.2973e+05
9.313e+05
9.3462e+05
9.3942e+05
9.4529e+05
9.5188e+05
9.5876e+05
9.6542e+05
9.7129e+05
9.7606e+05
9.7997e+05
9.8389e+05
9.8902e+05
9.9615e+05
1.005e+06
1.0139e+06
1.0208e+06
1.0242e+06
1.0237e+06
1.0212e+06
1.0191e+06
1.0196e+06
1.023e+06
1.0274e+06
1.0298e+06
1.0278e+06
1.021e+06
1.0115e+06
1.0027e+06
9.9742e+05
9.9608e+05
9.9644e+05
9.9484e+05
9.8837e+05
9.7663e+05
9.6204e+05
9.487e+05
9.4009e+05
9.3711e+05
9.3752e+05
9.3736e+05
9.3327e+05
9.2429e+05
9.1238e+05
9.0134e+05
8.9472e+05
8.9392e+05
8.9739e+05
9.0177e+05
9.0388e+05
9.0242e+05
8.9847e+05
8.9478e+05
8.9408e+05
8.9756e+05
9.0428e+05
9.1191e+05
9.1825e+05
9.2242e+05
9.2522e+05
9.2837e+05
9.3339e+05
9.406e+05
9.4904e+05
9.572e+05
9.6392e+05
9.6907e+05
9.7329e+05
9.7745e+05
9.8189e+05
9.8633e+05
9.9016e+05
9.9303e+05
9.9508e+05
9.9675e+05
9.9819e+05
9.9891e+05
9.98e+05
9.9485e+05
9.8986e+05
9.8455e+05
9.8085e+05
9.7982e+05
9.8072e+05
9.8116e+05
9.7838e+05
9.709e+05
9.5949e+05
9.4692e+05
9.3642e+05
9.2976e+05
9.2606e+05
9.2235e+05
9.1556e+05
9.0446e+05
8.9064e+05
8.7773e+05
8.6929e+05
8.6661e+05
8.6772e+05
8.6861e+05
8.6567e+05
8.5767e+05
8.4648e+05
8.3595e+05
8.2972e+05
8.2901e+05
8.3193e+05
8.3482e+05
8.3452e+05
8.3024e+05
8.2387e+05
8.189e+05
8.1831e+05
8.2277e+05
8.3038e+05
8.3795e+05
8.4295e+05
8.4482e+05
8.4504e+05
8.46e+05
8.4947e+05
8.5558e+05
8.6298e+05
8.6987e+05
8.7514e+05
8.7885e+05
8.8188e+05
8.8511e+05
8.8883e+05
8.9276e+05
8.9664e+05
9.0066e+05
9.0547e+05
9.1155e+05
9.1847e+05
9.2483e+05
9.2897e+05
9.3012e+05
9.291e+05
9.2805e+05
9.2915e+05
9.3306e+05
9.3832e+05
9.4213e+05
9.4217e+05
9.3819e+05
9.3232e+05
9.2775e+05
9.2667e+05
9.2858e+05
9.3055e+05
9.2909e+05
9.2255e+05
9.1225e+05
9.0191e+05
8.953e+05
8.9372e+05
8.95e+05
8.949e+05
8.8981e+05
8.7906e+05
8.6532e+05
8.5308e+05
8.4586e+05
8.4391e+05
8.4411e+05
8.4207e+05
8.3487e+05
8.2269e+05
8.0859e+05
7.9659e+05
7.8926e+05
7.8625e+05
7.8475e+05
7.8151e+05
7.7472e+05
7.6492e+05
7.5439e+05
7.4571e+05
7.4028e+05
7.3779e+05
7.3671e+05
7.3535e+05
7.3269e+05
7.2854e+05
7.2333e+05
7.1769e+05
7.1239e+05
7.0832e+05
7.0641e+05
7.0721e+05
7.1038e+05
7.1446e+05
7.174e+05
7.176e+05
7.1492e+05
7.1104e+05
7.0865e+05
7.0989e+05
7.149e+05
7.2154e+05
7.2677e+05
7.286e+05
7.2744e+05
7.2603e+05
7.278e+05
7.3449e+05
7.448e+05
7.551e+05
7.6176e+05
7.6341e+05
7.6188e+05
7.6116e+05
7.6493e+05
7.7408e+05
7.8607e+05
7.9659e+05
8.0234e+05
8.0288e+05
8.0076e+05
7.9992e+05
8.0322e+05
8.1072e+05
8.1992e+05
8.2761e+05
8.3186e+05
8.3293e+05
8.3276e+05
8.3359e+05
8.3659e+05
8.4148e+05
8.4705e+05
8.521e+05
8.5593e+05
8.5835e+05
8.5938e+05
8.591e+05
8.5789e+05
8.567e+05
8.5679e+05
8.5902e+05
8.6307e+05
8.6723e+05
8.6934e+05
8.6811e+05
8.6414e+05
8.5972e+05
8.5744e+05
8.5836e+05
8.612e+05
8.6321e+05
8.621e+05
8.5775e+05
8.5237e+05
8.4897e+05
8.4908e+05
8.5148e+05
8.5291e+05
8.5039e+05
8.4338e+05
8.3436e+05
8.2733e+05
8.2511e+05
8.2732e+05
8.3057e+05
8.3082e+05
8.2598e+05
8.1712e+05
8.076e+05
8.0083e+05
7.9805e+05
7.9773e+05
7.9702e+05
7.938e+05
7.8797e+05
7.8106e+05
7.7485e+05
7.7003e+05
7.6595e+05
7.615e+05
7.5623e+05
7.5067e+05
7.4572e+05
7.4156e+05
7.3726e+05
7.3148e+05
7.2368e+05
7.1483e+05
7.0697e+05
7.017e+05
6.9886e+05
6.9646e+05
6.9217e+05
6.8506e+05
6.764e+05
6.6878e+05
6.6408e+05
6.6185e+05
6.5948e+05
6.5411e+05
6.4486e+05
6.3368e+05
6.242e+05
6.1913e+05
6.1808e+05
6.1766e+05
6.1381e+05
6.0459e+05
5.9147e+05
5.7849e+05
5.6958e+05
5.6593e+05
5.6522e+05
5.6355e+05
5.5824e+05
5.4942e+05
5.3965e+05
5.3196e+05
5.277e+05
5.2571e+05
5.2348e+05
5.1908e+05
5.1226e+05
5.0434e+05
4.9694e+05
4.9089e+05
4.8589e+05
4.8123e+05
4.7656e+05
4.7205e+05
4.6784e+05
4.6348e+05
4.5801e+05
4.5079e+05
4.4237e+05
4.3456e+05
4.2927e+05
4.2689e+05
4.2568e+05
4.2274e+05
4.161e+05
4.0627e+05
3.9619e+05
3.8944e+05
3.8755e+05
3.8859e+05
3.8859e+05
3.8434e+05
3.756e+05
3.6528e+05
3.5757e+05
3.5488e+05
3.5591e+05
3.5672e+05
3.5377e+05
3.4629e+05
3.3669e+05
3.2887e+05
3.2538e+05
3.2548e+05
3.2591e+05
3.2355e+05
