1.5737e+06
1.591e+06
1.6047e+06
1.6204e+06
1.6441e+06
1.6778e+06
1.7173e+06
1.7542e+06
1.7809e+06
1.7952e+06
1.8018e+06
1.8096e+06
1.8268e+06
1.8561e+06
1.8933e+06
1.931e+06
1.9625e+06
1.9852e+06
2.001e+06
2.0138e+06
2.0276e+06
2.0449e+06
2.0666e+06
2.0928e+06
2.1233e+06
2.1572e+06
2.1923e+06
2.225e+06
2.2527e+06
2.275e+06
2.2945e+06
2.3161e+06
2.3438e+06
2.378e+06
2.415e+06
2.4487e+06
2.4745e+06
2.4916e+06
2.504e+06
2.5181e+06
2.5393e+06
2.569e+06
2.6042e+06
2.6396e+06
2.6705e+06
2.6952e+06
2.7158e+06
2.7364e+06
2.7611e+06
2.792e+06
2.8287e+06
2.8686e+06
2.9087e+06
2.9463e+06
2.9802e+06
3.0105e+06
3.038e+06
3.0642e+06
3.0901e+06
3.117e+06
3.1458e+06
3.1771e+06
3.2112e+06
3.2477e+06
3.2851e+06
3.3214e+06
3.3548e+06
3.3847e+06
3.4119e+06
3.4386e+06
3.4671e+06
3.4981e+06
3.5302e+06
3.5605e+06
3.5861e+06
3.6057e+06
3.621e+06
3.6357e+06
3.6535e+06
3.6765e+06
3.7044e+06
3.7346e+06
3.7648e+06
3.7934e+06
3.8203e+06
3.846e+06
3.8704e+06
3.893e+06
3.9133e+06
3.9318e+06
3.9504e+06
3.9718e+06
3.9978e+06
4.0278e+06
4.0593e+06
4.089e+06
4.1149e+06
4.137e+06
4.157e+06
4.1768e+06
4.1966e+06
4.2152e+06
4.2311e+06
4.244e+06
4.2556e+06
4.2684e+06
4.2844e+06
4.303e+06
4.3211e+06
4.335e+06
4.3423e+06
4.3436e+06
4.3417e+06
4.3396e+06
4.3387e+06
4.3382e+06
4.3361e+06
4.3314e+06
4.3248e+06
4.3186e+06
4.3152e+06
4.3146e+06
4.3146e+06
4.3118e+06
4.3041e+06
4.2918e+06
4.2778e+06
4.2659e+06
4.2583e+06
4.2547e+06
4.2521e+06
4.247e+06
4.2368e+06
4.2207e+06
4.2e+06
4.1772e+06
4.1552e+06
4.1367e+06
4.1232e+06
4.1147e+06
4.1086e+06
4.1004e+06
4.0854e+06
4.0605e+06
4.0265e+06
3.9881e+06
3.9517e+06
3.9225e+06
3.901e+06
3.8827e+06
3.861e+06
3.8309e+06
3.7926e+06
3.751e+06
3.7135e+06
3.6854e+06
3.6666e+06
3.6527e+06
3.6371e+06
3.6158e+06
3.5888e+06
3.56e+06
3.5333e+06
3.5104e+06
3.4898e+06
3.4689e+06
3.4464e+06
3.4246e+06
3.4079e+06
3.4e+06
3.4008e+06
3.406e+06
3.4092e+06
3.4067e+06
3.3996e+06
3.3939e+06
3.3965e+06
3.4107e+06
3.4336e+06
3.4579e+06
3.4758e+06
3.4844e+06
3.4872e+06
3.4916e+06
3.5044e+06
3.5273e+06
3.5553e+06
3.5811e+06
3.5996e+06
3.6121e+06
3.6261e+06
3.6503e+06
3.6894e+06
3.7403e+06
3.7938e+06
3.8401e+06
3.8746e+06
3.9001e+06
3.9244e+06
3.9552e+06
3.995e+06
4.0395e+06
4.0811e+06
4.1136e+06
4.1361e+06
4.1527e+06
4.1689e+06
4.1875e+06
4.2066e+06
4.222e+06
4.2313e+06
4.2372e+06
4.2467e+06
4.2665e+06
4.2972e+06
4.3314e+06
4.3559e+06
4.3597e+06
4.3397e+06
4.3035e+06
4.2657e+06
4.2409e+06
4.2355e+06
4.245e+06
4.2576e+06
4.2622e+06
4.2548e+06
4.2393e+06
4.2242e+06
4.2155e+06
4.213e+06
4.2096e+06
4.1966e+06
4.1688e+06
4.1284e+06
4.0828e+06
4.0413e+06
4.009e+06
3.9853e+06
3.9654e+06
3.9441e+06
3.9197e+06
3.8944e+06
3.872e+06
3.8548e+06
3.8413e+06
3.8275e+06
3.8099e+06
3.7879e+06
3.7649e+06
3.7463e+06
3.7353e+06
3.7314e+06
3.7294e+06
3.7233e+06
3.7097e+06
3.6908e+06
3.6732e+06
3.6654e+06
3.6728e+06
3.6954e+06
3.7279e+06
3.7627e+06
3.7942e+06
3.8206e+06
3.8436e+06
3.8664e+06
3.8905e+06
3.9154e+06
3.9391e+06
3.9603e+06
3.98e+06
4.0009e+06
4.0262e+06
4.0562e+06
4.0883e+06
4.118e+06
4.1417e+06
4.1588e+06
4.1726e+06
4.1878e+06
4.2071e+06
4.2294e+06
4.2498e+06
4.2628e+06
4.2658e+06
4.2613e+06
4.2554e+06
4.2545e+06
4.2607e+06
4.2709e+06
4.2774e+06
4.2731e+06
4.2549e+06
4.2256e+06
4.1923e+06
4.1622e+06
4.1391e+06
4.1218e+06
4.1052e+06
4.0847e+06
4.0583e+06
4.028e+06
3.9978e+06
3.9713e+06
3.949e+06
3.9287e+06
3.9074e+06
3.8832e+06
3.8571e+06
3.8323e+06
3.812e+06
3.7975e+06
3.7877e+06
3.78e+06
3.7723e+06
3.7649e+06
3.7603e+06
3.7616e+06
3.7707e+06
3.7862e+06
3.805e+06
3.8233e+06
3.8398e+06
3.8563e+06
3.8766e+06
3.9043e+06
3.9394e+06
3.9778e+06
4.0129e+06
4.0394e+06
4.0557e+06
4.0656e+06
4.0762e+06
4.0943e+06
4.1219e+06
4.1555e+06
4.1873e+06
4.21e+06
4.2198e+06
4.2185e+06
4.2114e+06
4.2046e+06
4.2008e+06
4.1983e+06
4.1925e+06
4.1792e+06
4.1572e+06
4.1291e+06
4.0994e+06
4.072e+06
4.0475e+06
4.0234e+06
3.9962e+06
3.964e+06
3.9282e+06
3.8927e+06
3.8617e+06
3.8366e+06
3.8152e+06
3.7926e+06
3.7639e+06
3.7277e+06
3.687e+06
3.6484e+06
3.619e+06
3.6032e+06
3.6007e+06
3.607e+06
3.6161e+06
3.6237e+06
3.6292e+06
3.6353e+06
3.6458e+06
3.6632e+06
3.6866e+06
3.7123e+06
3.7356e+06
3.7532e+06
3.765e+06
3.7732e+06
3.7812e+06
3.7909e+06
3.8022e+06
3.8129e+06
3.8205e+06
3.8243e+06
3.8255e+06
3.8264e+06
3.8288e+06
3.8319e+06
3.8328e+06
3.8277e+06
3.8142e+06
3.7926e+06
3.7657e+06
3.7373e+06
3.7099e+06
3.6834e+06
3.6558e+06
3.6246e+06
3.5896e+06
3.5531e+06
3.5195e+06
3.4927e+06
3.4737e+06
3.4599e+06
3.4457e+06
3.4263e+06
3.3999e+06
3.3692e+06
3.341e+06
3.3228e+06
3.3193e+06
3.33e+06
3.3494e+06
3.3695e+06
3.3838e+06
3.39e+06
3.3912e+06
3.3935e+06
3.4035e+06
3.4241e+06
3.4533e+06
3.4851e+06
3.5129e+06
3.5323e+06
3.5435e+06
3.55e+06
3.5572e+06
3.5686e+06
3.5841e+06
3.6001e+06
3.611e+06
3.6124e+06
3.6024e+06
3.5825e+06
3.556e+06
3.5269e+06
3.498e+06
3.47e+06
3.4424e+06
3.4143e+06
3.3851e+06
3.3551e+06
3.3255e+06
3.2975e+06
3.2722e+06
3.2508e+06
3.2341e+06
3.2226e+06
3.2167e+06
3.216e+06
3.2191e+06
3.2241e+06
3.2291e+06
3.2334e+06
3.2375e+06
3.2434e+06
3.2534e+06
3.2692e+06
3.2903e+06
3.3143e+06
3.3377e+06
3.3574e+06
3.3722e+06
3.3829e+06
3.3921e+06
3.4018e+06
3.4124e+06
3.4219e+06
3.4267e+06
3.4238e+06
3.4122e+06
3.3938e+06
3.3726e+06
3.3524e+06
3.3347e+06
3.3179e+06
3.2982e+06
3.2716e+06
3.237e+06
3.1972e+06
3.1581e+06
3.1268e+06
3.1084e+06
3.1032e+06
3.1071e+06
3.1132e+06
3.1155e+06
3.1112e+06
3.102e+06
3.0935e+06
3.0921e+06
3.1019e+06
3.1229e+06
3.1503e+06
3.1771e+06
3.1973e+06
3.2082e+06
3.2115e+06
3.2117e+06
3.2141e+06
3.2214e+06
3.2328e+06
3.2443e+06
3.251e+06
3.2499e+06
3.2408e+06
3.2265e+06
3.2108e+06
3.1964e+06
3.1835e+06
3.1698e+06
3.1525e+06
3.1295e+06
3.1013e+06
3.0707e+06
3.0418e+06
3.0181e+06
3.0014e+06
2.9908e+06
2.9841e+06
2.9792e+06
2.9749e+06
2.9721e+06
2.9726e+06
2.9784e+06
2.99e+06
3.0064e+06
3.0252e+06
3.0436e+06
3.0602e+06
3.0746e+06
3.0881e+06
3.1016e+06
3.1154e+06
3.128e+06
3.1368e+06
3.1393e+06
3.1346e+06
3.1239e+06
3.1102e+06
3.0968e+06
3.0856e+06
3.0766e+06
3.0677e+06
3.0561e+06
3.04e+06
3.02e+06
2.9989e+06
2.9804e+06
2.9679e+06
2.9628e+06
2.9637e+06
2.9676e+06
2.9712e+06
2.9726e+06
2.9724e+06
2.9731e+06
2.9786e+06
2.9916e+06
3.0128e+06
3.0398e+06
3.0686e+06
3.0946e+06
3.1144e+06
3.1273e+06
3.1342e+06
3.1374e+06
3.1389e+06
3.1396e+06
3.1389e+06
3.1355e+06
3.1285e+06
3.1182e+06
3.1058e+06
3.0933e+06
3.082e+06
3.0723e+06
3.0635e+06
3.0542e+06
3.0438e+06
3.0327e+06
3.0224e+06
3.0155e+06
3.0139e+06
3.0187e+06
3.0296e+06
3.0452e+06
3.0637e+06
3.0837e+06
3.1049e+06
3.1276e+06
3.152e+06
3.1774e+06
3.2019e+06
3.2228e+06
3.2377e+06
3.2455e+06
3.2471e+06
3.2451e+06
3.2426e+06
3.2417e+06
3.242e+06
3.241e+06
3.2354e+06
3.2222e+06
3.2012e+06
3.1748e+06
3.1484e+06
3.1276e+06
3.1169e+06
3.1177e+06
3.1279e+06
3.1435e+06
3.1598e+06
3.1739e+06
3.1859e+06
3.1982e+06
3.2143e+06
3.2375e+06
3.268e+06
3.3034e+06
3.3387e+06
3.3687e+06
3.3893e+06
3.3996e+06
3.4011e+06
3.3972e+06
3.3912e+06
3.3848e+06
3.3776e+06
3.3679e+06
3.354e+06
3.3358e+06
3.3149e+06
3.295e+06
3.2796e+06
3.2713e+06
3.2703e+06
3.2747e+06
3.2812e+06
3.287e+06
3.2905e+06
3.2926e+06
3.2958e+06
3.3032e+06
3.3169e+06
3.3372e+06
3.362e+06
3.3877e+06
3.4105e+06
3.4276e+06
3.4385e+06
3.4441e+06
3.4463e+06
3.4464e+06
3.4448e+06
3.4404e+06
3.4317e+06
3.4174e+06
3.3979e+06
3.3751e+06
3.3517e+06
3.331e+06
3.315e+06
3.3046e+06
3.2992e+06
3.2978e+06
3.2993e+06
3.3036e+06
3.3113e+06
3.3233e+06
3.3401e+06
3.3611e+06
3.3843e+06
3.4067e+06
3.4253e+06
3.4382e+06
3.4448e+06
3.4461e+06
3.4437e+06
3.439e+06
3.4322e+06
3.4223e+06
3.4078e+06
3.3881e+06
3.3636e+06
3.3371e+06
3.3128e+06
3.2951e+06
3.287e+06
3.2897e+06
3.3014e+06
3.3188e+06
3.3381e+06
3.3565e+06
3.3732e+06
3.3892e+06
3.4069e+06
3.4285e+06
3.4546e+06
3.4838e+06
3.5123e+06
3.5355e+06
3.5499e+06
3.5537e+06
3.5479e+06
3.5358e+06
3.5211e+06
3.5069e+06
3.4948e+06
3.484e+06
3.473e+06
3.4604e+06
3.4461e+06
3.4318e+06
3.4206e+06
3.416e+06
3.4204e+06
3.4343e+06
3.4558e+06
3.4817e+06
3.5079e+06
3.5317e+06
3.5518e+06
3.5688e+06
3.5847e+06
3.6011e+06
3.6183e+06
3.635e+06
3.648e+06
3.6542e+06
3.6515e+06
3.6397e+06
3.6211e+06
3.5994e+06
3.5789e+06
3.5626e+06
3.5518e+06
3.5464e+06
3.5449e+06
3.5463e+06
3.5502e+06
3.5576e+06
3.5703e+06
3.5897e+06
3.6158e+06
3.6467e+06
3.6783e+06
3.7058e+06
3.7245e+06
3.7322e+06
3.729e+06
3.7177e+06
3.7027e+06
3.688e+06
3.676e+06
3.6666e+06
3.6576e+06
3.6463e+06
3.6306e+06
3.6107e+06
3.5889e+06
3.5691e+06
3.556e+06
3.5525e+06
3.5597e+06
3.5755e+06
3.5961e+06
3.6165e+06
3.6329e+06
3.643e+06
3.6471e+06
3.6473e+06
3.6464e+06
3.6462e+06
3.6468e+06
3.6463e+06
3.6419e+06
3.6309e+06
3.6124e+06
3.5876e+06
3.56e+06
3.5343e+06
3.5149e+06
3.5048e+06
3.5048e+06
3.5134e+06
3.5277e+06
3.5446e+06
3.5615e+06
3.5773e+06
3.5923e+06
3.6074e+06
3.6238e+06
3.6414e+06
3.6588e+06
3.6739e+06
3.684e+06
3.6871e+06
3.6827e+06
3.6715e+06
3.6557e+06
3.6378e+06
3.62e+06
3.604e+06
3.5906e+06
3.5803e+06
3.5737e+06
3.5717e+06
3.5756e+06
3.5866e+06
3.6053e+06
3.6309e+06
3.6607e+06
3.6909e+06
3.7165e+06
3.7335e+06
3.7391e+06
3.733e+06
3.7173e+06
3.6954e+06
3.6714e+06
3.6482e+06
3.6275e+06
3.6092e+06
3.5923e+06
3.576e+06
3.5603e+06
3.5465e+06
3.5371e+06
3.5348e+06
3.5417e+06
3.558e+06
3.5819e+06
3.6092e+06
3.6347e+06
3.6532e+06
3.6611e+06
3.6572e+06
3.6432e+06
3.6226e+06
3.5996e+06
3.5782e+06
3.5604e+06
3.5468e+06
3.5363e+06
3.5275e+06
3.5195e+06
3.5124e+06
3.5076e+06
3.5068e+06
3.5119e+06
3.5238e+06
3.5419e+06
3.5639e+06
3.5865e+06
3.6061e+06
3.6199e+06
3.6263e+06
3.6255e+06
3.6189e+06
3.6083e+06
3.5958e+06
3.5822e+06
3.5682e+06
3.5538e+06
3.5393e+06
3.5257e+06
3.5147e+06
3.5083e+06
3.5085e+06
3.5163e+06
3.5311e+06
3.5509e+06
3.5721e+06
3.5908e+06
3.6037e+06
3.6089e+06
3.6065e+06
3.5983e+06
3.5868e+06
3.5748e+06
3.5639e+06
3.5542e+06
3.5447e+06
3.5339e+06
3.5209e+06
3.5059e+06
3.4906e+06
3.4781e+06
3.4716e+06
3.474e+06
3.4864e+06
3.5076e+06
3.5342e+06
3.561e+06
3.5826e+06
3.5945e+06
3.5946e+06
3.5832e+06
3.5632e+06
3.5389e+06
3.515e+06
3.4951e+06
3.4809e+06
3.4727e+06
3.469e+06
3.4682e+06
3.4687e+06
3.4696e+06
3.4709e+06
3.4732e+06
3.477e+06
3.4823e+06
3.4884e+06
3.4936e+06
3.4958e+06
3.4929e+06
3.4835e+06
3.4676e+06
3.4466e+06
3.4228e+06
3.3988e+06
3.3773e+06
3.3596e+06
3.3465e+06
3.3378e+06
3.3327e+06
3.3306e+06
3.3312e+06
3.3343e+06
3.3401e+06
3.3488e+06
3.3596e+06
3.371e+06
3.3806e+06
3.3854e+06
3.383e+06
3.372e+06
3.3531e+06
3.3283e+06
3.3015e+06
3.2767e+06
3.2576e+06
3.2464e+06
3.2435e+06
3.2475e+06
3.2558e+06
3.2653e+06
3.2736e+06
3.2791e+06
3.2817e+06
3.2822e+06
3.2819e+06
3.2816e+06
3.2811e+06
3.2787e+06
3.2722e+06
3.2598e+06
3.2404e+06
3.2151e+06
3.1863e+06
3.1582e+06
3.1351e+06
3.1207e+06
3.1171e+06
3.1243e+06
3.1396e+06
3.1592e+06
3.1782e+06
3.1927e+06
3.2e+06
3.1995e+06
3.1926e+06
3.1817e+06
3.1697e+06
3.1589e+06
3.1504e+06
3.1442e+06
3.1394e+06
3.1351e+06
3.1305e+06
3.126e+06
3.1224e+06
3.1211e+06
3.1236e+06
3.1305e+06
3.1413e+06
3.154e+06
3.1657e+06
3.173e+06
3.1732e+06
3.1652e+06
3.1498e+06
3.13e+06
3.1095e+06
3.0927e+06
3.0829e+06
3.0816e+06
3.0887e+06
3.1018e+06
3.1178e+06
3.1331e+06
3.1447e+06
3.1511e+06
3.1521e+06
3.1487e+06
3.1427e+06
3.1356e+06
3.1281e+06
3.1198e+06
3.1101e+06
3.0979e+06
3.0833e+06
3.067e+06
3.0513e+06
3.0389e+06
3.033e+06
3.0355e+06
3.0474e+06
3.0672e+06
3.0917e+06
3.1162e+06
3.1354e+06
3.1451e+06
3.1428e+06
3.1283e+06
3.1042e+06
3.0748e+06
3.0455e+06
3.0211e+06
3.0051e+06
2.9992e+06
3.0028e+06
3.0135e+06
3.0282e+06
3.0434e+06
3.0565e+06
3.0657e+06
3.0705e+06
3.0714e+06
3.069e+06
3.064e+06
3.0566e+06
3.0463e+06
3.033e+06
3.0166e+06
2.9982e+06
2.9795e+06
2.9632e+06
2.9519e+06
2.9479e+06
2.9523e+06
2.9646e+06
2.9828e+06
3.0032e+06
3.0217e+06
3.0341e+06
3.0377e+06
3.0313e+06
3.0161e+06
2.9952e+06
2.9727e+06
2.9529e+06
2.9395e+06
2.9343e+06
2.9375e+06
2.9476e+06
2.9617e+06
2.9764e+06
2.989e+06
2.9973e+06
3.0009e+06
3.0002e+06
2.9967e+06
2.992e+06
2.9873e+06
2.9832e+06
2.9795e+06
2.9759e+06
2.9723e+06
2.9688e+06
2.9659e+06
2.9646e+06
2.966e+06
2.9707e+06
2.9789e+06
2.9897e+06
3.0014e+06
3.0113e+06
3.0165e+06
3.0147e+06
3.0045e+06
2.9866e+06
2.9632e+06
2.938e+06
2.9153e+06
2.8992e+06
2.8923e+06
2.8956e+06
2.9079e+06
2.9259e+06
2.9455e+06
2.9621e+06
2.9719e+06
2.973e+06
2.9652e+06
2.9503e+06
2.9317e+06
2.9134e+06
2.8989e+06
2.8908e+06
2.8901e+06
2.8962e+06
2.9073e+06
2.9208e+06
2.9339e+06
2.9442e+06
2.9502e+06
2.9513e+06
2.9482e+06
2.9421e+06
2.934e+06
2.9249e+06
2.9151e+06
2.9047e+06
2.8936e+06
2.8821e+06
2.8711e+06
2.8618e+06
2.8554e+06
2.8532e+06
2.8559e+06
2.8634e+06
2.8744e+06
2.887e+06
2.8981e+06
2.9049e+06
2.905e+06
2.8972e+06
2.8822e+06
2.8623e+06
2.8408e+06
2.822e+06
2.8097e+06
2.8064e+06
2.8131e+06
2.8286e+06
2.85e+06
2.873e+06
2.893e+06
2.9063e+06
2.9101e+06
2.9041e+06
2.8897e+06
2.8701e+06
2.8492e+06
2.8312e+06
2.8192e+06
2.8149e+06
2.8184e+06
2.828e+06
2.8408e+06
2.8536e+06
2.8634e+06
2.8681e+06
2.867e+06
2.8609e+06
2.8515e+06
2.8412e+06
2.8322e+06
2.8264e+06
2.8244e+06
2.8261e+06
2.8307e+06
2.8367e+06
2.8427e+06
2.8474e+06
2.8499e+06
2.8501e+06
2.8485e+06
2.8458e+06
2.8432e+06
2.8412e+06
2.8402e+06
2.8403e+06
2.8412e+06
2.8428e+06
2.8449e+06
2.8475e+06
2.8505e+06
2.8539e+06
2.8576e+06
2.8612e+06
2.8643e+06
2.8661e+06
2.8657e+06
2.8625e+06
2.8559e+06
2.8461e+06
2.8341e+06
2.8214e+06
2.8101e+06
2.802e+06
2.7988e+06
2.801e+06
2.8082e+06
2.8191e+06
2.8312e+06
2.842e+06
2.8487e+06
2.8496e+06
2.8438e+06
2.832e+06
2.8162e+06
2.7993e+06
2.7843e+06
2.7741e+06
2.7703e+06
2.7734e+06
2.7819e+06
2.7933e+06
2.8045e+06
2.812e+06
2.8133e+06
2.8073e+06
2.7941e+06
2.7758e+06
2.7554e+06
2.7366e+06
2.7227e+06
2.7162e+06
2.7178e+06
2.7267e+06
2.7405e+06
2.7558e+06
2.7687e+06
2.7759e+06
2.7755e+06
2.7671e+06
2.7522e+06
2.7338e+06
2.7156e+06
2.7012e+06
2.6937e+06
2.6943e+06
2.7029e+06
2.7176e+06
2.7351e+06
2.7516e+06
2.7633e+06
2.7676e+06
2.7632e+06
2.7507e+06
2.7324e+06
2.712e+06
2.6932e+06
2.6797e+06
2.6736e+06
2.6758e+06
2.6855e+06
2.7003e+06
2.717e+06
2.7322e+06
2.7428e+06
2.7469e+06
2.7439e+06
2.7351e+06
2.723e+06
2.7107e+06
2.7015e+06
2.6978e+06
2.7009e+06
2.7104e+06
2.7247e+06
2.7412e+06
2.7565e+06
2.768e+06
2.7735e+06
2.7724e+06
2.7656e+06
2.755e+06
2.7439e+06
2.7355e+06
2.7324e+06
2.7363e+06
2.7473e+06
2.7641e+06
2.7841e+06
2.8039e+06
2.8202e+06
2.8302e+06
2.8322e+06
2.8263e+06
2.814e+06
2.7981e+06
2.782e+06
2.769e+06
2.7617e+06
2.7614e+06
2.7682e+06
2.7804e+06
2.7954e+06
2.8099e+06
2.821e+06
2.8262e+06
2.8248e+06
2.8173e+06
2.8058e+06
2.7931e+06
2.7824e+06
2.7764e+06
2.7767e+06
2.7836e+06
2.796e+06
2.8113e+06
2.8263e+06
2.8375e+06
2.8422e+06
2.8386e+06
2.8269e+06
2.8086e+06
2.7867e+06
2.7648e+06
2.7465e+06
2.7346e+06
2.7306e+06
2.7345e+06
2.7447e+06
2.7585e+06
2.7723e+06
2.7829e+06
2.788e+06
2.7868e+06
2.7798e+06
2.7692e+06
2.7578e+06
2.7488e+06
2.7447e+06
2.7468e+06
2.7552e+06
2.7681e+06
2.7828e+06
2.796e+06
2.8045e+06
2.8061e+06
2.8002e+06
2.7877e+06
2.7711e+06
2.7542e+06
2.7407e+06
2.7338e+06
2.7356e+06
2.7462e+06
2.7638e+06
2.7852e+06
2.8065e+06
2.8234e+06
2.833e+06
2.8335e+06
2.8253e+06
2.8108e+06
2.7933e+06
2.7773e+06
2.7665e+06
2.7638e+06
2.7701e+06
2.7846e+06
2.8046e+06
2.8261e+06
2.845e+06
2.8578e+06
2.8621e+06
2.8575e+06
2.8453e+06
2.8285e+06
2.8109e+06
2.7961e+06
2.7871e+06
2.7855e+06
2.7909e+06
2.8015e+06
2.8144e+06
2.8261e+06
2.8337e+06
2.835e+06
2.8294e+06
2.8178e+06
2.8024e+06
2.7859e+06
2.7713e+06
2.7606e+06
2.7552e+06
2.7549e+06
2.7587e+06
2.7646e+06
2.7706e+06
2.7748e+06
2.776e+06
2.7741e+06
2.7697e+06
2.7643e+06
2.7595e+06
2.7565e+06
2.7558e+06
2.7574e+06
2.7606e+06
2.7645e+06
2.768e+06
2.7704e+06
2.7714e+06
2.7712e+06
2.7703e+06
2.7693e+06
2.7692e+06
2.7701e+06
2.772e+06
2.7738e+06
2.7744e+06
2.7726e+06
2.7679e+06
2.7602e+06
2.7508e+06
2.7411e+06
2.7331e+06
2.7285e+06
2.7285e+06
2.733e+06
2.7409e+06
2.7498e+06
2.7568e+06
2.759e+06
2.7543e+06
2.7419e+06
2.7229e+06
2.6999e+06
2.6766e+06
2.6569e+06
2.6444e+06
2.6411e+06
2.6472e+06
2.6609e+06
2.6787e+06
2.6963e+06
2.7096e+06
2.7153e+06
2.712e+06
2.7003e+06
2.6825e+06
2.6624e+06
2.644e+06
2.6309e+06
2.6254e+06
2.6279e+06
2.6371e+06
2.6507e+06
2.6655e+06
2.6785e+06
2.6875e+06
2.6915e+06
2.691e+06
2.6875e+06
2.6829e+06
2.6791e+06
2.6773e+06
2.6777e+06
2.6796e+06
2.6819e+06
2.6833e+06
2.6829e+06
2.6803e+06
2.676e+06
2.6708e+06
2.666e+06
2.6627e+06
2.6614e+06
2.6616e+06
2.6623e+06
2.6617e+06
2.6583e+06
2.6512e+06
2.6406e+06
2.6278e+06
2.615e+06
2.6049e+06
2.5997e+06
2.601e+06
2.6086e+06
2.6209e+06
2.6351e+06
2.6476e+06
2.6549e+06
2.6545e+06
2.6459e+06
2.6301e+06
2.6098e+06
2.5889e+06
2.571e+06
2.5593e+06
2.5553e+06
2.5586e+06
2.5673e+06
2.5785e+06
2.5889e+06
2.5958e+06
2.5976e+06
2.5942e+06
2.5868e+06
2.5774e+06
2.5683e+06
2.5611e+06
2.5564e+06
2.5537e+06
2.552e+06
2.5498e+06
2.546e+06
2.5404e+06
2.5334e+06
2.5262e+06
2.5205e+06
2.518e+06
2.5192e+06
2.5239e+06
2.5303e+06
2.5358e+06
2.5375e+06
2.5335e+06
2.5229e+06
2.5069e+06
2.4881e+06
2.4698e+06
2.4558e+06
2.4487e+06
2.4497e+06
2.458e+06
2.4711e+06
2.4854e+06
2.497e+06
2.503e+06
2.5019e+06
2.4941e+06
2.4817e+06
2.4679e+06
2.4561e+06
2.4488e+06
2.4471e+06
2.4508e+06
2.458e+06
2.4664e+06
2.4737e+06
2.4783e+06
2.4796e+06
2.4781e+06
2.4752e+06
2.4725e+06
2.4711e+06
2.4711e+06
2.4716e+06
2.4707e+06
2.4665e+06
2.4577e+06
2.4443e+06
2.4276e+06
2.4101e+06
2.3951e+06
2.3853e+06
2.3827e+06
2.3874e+06
2.3978e+06
2.4106e+06
2.4221e+06
2.4285e+06
2.4276e+06
2.4189e+06
2.4036e+06
2.3849e+06
2.3661e+06
2.3506e+06
2.3406e+06
2.3366e+06
2.3381e+06
2.343e+06
2.3495e+06
2.3556e+06
2.3603e+06
2.3635e+06
2.366e+06
2.3688e+06
2.3725e+06
2.377e+06
2.3812e+06
2.3832e+06
2.3808e+06
2.3728e+06
2.3591e+06
2.3413e+06
2.3221e+06
2.305e+06
2.2933e+06
2.2893e+06
2.2935e+06
2.3046e+06
2.3199e+06
2.3358e+06
2.3489e+06
2.3568e+06
2.3586e+06
2.3548e+06
2.3471e+06
2.3379e+06
2.3287e+06
2.3205e+06
2.3132e+06
2.3057e+06
2.2972e+06
2.2872e+06
2.2759e+06
2.2647e+06
2.2552e+06
2.2494e+06
2.2487e+06
2.2532e+06
2.2618e+06
2.272e+06
2.2807e+06
2.285e+06
2.2827e+06
2.2737e+06
2.2592e+06
2.2417e+06
2.2246e+06
2.2106e+06
2.2017e+06
2.1985e+06
2.2001e+06
2.2052e+06
2.2121e+06
2.2193e+06
2.2263e+06
2.2332e+06
2.2405e+06
2.2487e+06
2.2575e+06
2.2657e+06
2.2716e+06
2.2729e+06
2.2682e+06
2.2574e+06
2.2415e+06
2.2234e+06
2.2063e+06
2.1937e+06
2.1878e+06
2.1891e+06
2.1966e+06
2.2075e+06
2.2186e+06
2.2269e+06
2.2305e+06
2.2291e+06
2.2237e+06
2.2167e+06
2.2099e+06
2.2049e+06
2.2015e+06
2.1983e+06
2.1935e+06
2.1852e+06
2.173e+06
2.1579e+06
2.1422e+06
2.1289e+06
2.1213e+06
2.1211e+06
2.1287e+06
2.1423e+06
2.1587e+06
2.174e+06
2.1847e+06
2.1887e+06
2.1856e+06
2.1769e+06
2.165e+06
2.1526e+06
2.1416e+06
2.1326e+06
2.125e+06
2.1177e+06
2.1097e+06
2.1007e+06
2.0915e+06
2.0839e+06
2.08e+06
2.0815e+06
2.0888e+06
2.1008e+06
2.1149e+06
2.1274e+06
2.135e+06
2.1355e+06
2.1282e+06
2.1145e+06
2.0972e+06
2.0796e+06
2.0644e+06
2.0531e+06
2.0456e+06
2.0409e+06
2.0373e+06
2.0336e+06
2.0295e+06
2.0255e+06
2.0229e+06
2.0234e+06
2.0276e+06
2.0353e+06
2.0448e+06
2.0536e+06
2.0588e+06
2.0583e+06
2.0514e+06
2.0392e+06
2.0237e+06
2.0077e+06
1.9936e+06
1.9828e+06
1.9753e+06
1.9702e+06
1.9662e+06
1.9623e+06
1.9584e+06
1.9551e+06
1.9539e+06
1.9561e+06
1.9621e+06
1.9715e+06
1.9822e+06
1.9915e+06
1.9966e+06
1.9957e+06
1.9885e+06
1.9763e+06
1.9617e+06
1.9475e+06
1.9361e+06
1.9282e+06
1.9235e+06
1.9205e+06
1.9177e+06
1.9142e+06
1.9102e+06
1.9072e+06
1.9072e+06
1.9122e+06
1.9227e+06
1.938e+06
1.9551e+06
1.9705e+06
1.9803e+06
1.9823e+06
1.9761e+06
1.9633e+06
1.9472e+06
1.9311e+06
1.9177e+06
1.908e+06
1.9014e+06
1.8962e+06
1.8907e+06
1.8839e+06
1.8764e+06
1.87e+06
1.867e+06
1.8694e+06
1.8779e+06
1.8912e+06
1.9064e+06
1.9195e+06
1.9268e+06
1.9264e+06
1.9182e+06
1.9043e+06
1.8882e+06
1.8734e+06
1.8622e+06
1.8549e+06
1.8502e+06
1.8457e+06
1.8393e+06
1.8302e+06
1.8192e+06
1.8084e+06
1.8007e+06
1.7983e+06
1.8023e+06
1.8118e+06
1.8245e+06
1.8371e+06
1.8468e+06
1.852e+06
1.8526e+06
1.85e+06
1.8459e+06
1.8417e+06
1.8377e+06
1.8329e+06
1.8257e+06
1.8147e+06
1.7998e+06
1.7822e+06
1.7643e+06
1.7492e+06
1.7395e+06
1.7364e+06
1.7394e+06
1.7466e+06
1.7551e+06
1.7624e+06
1.7674e+06
1.7701e+06
1.7719e+06
1.7746e+06
1.7792e+06
1.7856e+06
1.7919e+06
1.7955e+06
1.794e+06
1.7861e+06
1.7726e+06
1.756e+06
1.7395e+06
1.7263e+06
1.7181e+06
1.7151e+06
1.7157e+06
1.7178e+06
1.7192e+06
1.7194e+06
1.7187e+06
1.719e+06
1.7222e+06
1.7297e+06
1.7411e+06
1.7545e+06
1.7671e+06
1.7757e+06
1.7783e+06
1.7749e+06
1.7668e+06
1.7566e+06
1.7466e+06
1.7379e+06
1.7303e+06
1.7224e+06
1.7128e+06
1.7007e+06
1.6871e+06
1.6742e+06
1.6649e+06
1.6618e+06
1.6659e+06
1.6763e+06
1.6903e+06
1.7043e+06
1.7152e+06
1.7213e+06
1.723e+06
1.7225e+06
1.7224e+06
1.7247e+06
1.7296e+06
1.7353e+06
1.7387e+06
1.7367e+06
1.7279e+06
1.7127e+06
1.6936e+06
1.6744e+06
1.6583e+06
1.6473e+06
1.6413e+06
1.6386e+06
1.6369e+06
1.6345e+06
1.631e+06
1.6274e+06
1.6259e+06
1.6285e+06
1.636e+06
1.6476e+06
1.6606e+06
1.6719e+06
1.6785e+06
1.6794e+06
1.6751e+06
1.6678e+06
1.6598e+06
1.6527e+06
1.6466e+06
1.64e+06
1.6312e+06
1.6187e+06
1.6027e+06
1.585e+06
1.5688e+06
1.5571e+06
1.5517e+06
1.5528e+06
1.5586e+06
1.5661e+06
1.5727e+06
1.5772e+06
1.5798e+06
1.5823e+06
1.5867e+06
1.5943e+06
1.6045e+06
1.6151e+06
1.6225e+06
1.624e+06
1.6183e+06
1.6062e+06
1.5906e+06
1.5747e+06
1.5613e+06
1.5512e+06
1.5434e+06
1.5357e+06
1.5262e+06
1.5145e+06
1.5019e+06
1.491e+06
1.4849e+06
1.4855e+06
1.4928e+06
1.5046e+06
1.5176e+06
1.5285e+06
1.5356e+06
1.5389e+06
1.5404e+06
1.5428e+06
1.5481e+06
1.5564e+06
1.5656e+06
1.5722e+06
1.5731e+06
1.567e+06
1.5548e+06
1.5393e+06
1.524e+06
1.5113e+06
1.502e+06
1.4945e+06
1.4864e+06
1.4757e+06
1.4621e+06
1.4472e+06
1.4343e+06
1.4268e+06
1.4267e+06
1.4339e+06
1.446e+06
1.4593e+06
1.4703e+06
1.4773e+06
1.481e+06
1.4835e+06
1.488e+06
1.496e+06
1.5072e+06
1.5186e+06
1.5264e+06
1.5273e+06
1.5203e+06
1.507e+06
1.491e+06
1.4763e+06
1.4655e+06
1.4586e+06
1.4536e+06
1.4471e+06
1.437e+06
1.4229e+06
1.4066e+06
1.3916e+06
1.3816e+06
1.3785e+06
1.3823e+06
1.3907e+06
1.4004e+06
1.4086e+06
1.4142e+06
1.4181e+06
1.4224e+06
1.4292e+06
1.4391e+06
1.4509e+06
1.4614e+06
1.4674e+06
1.4669e+06
1.4598e+06
1.4486e+06
1.4364e+06
1.4262e+06
1.419e+06
1.4138e+06
1.4078e+06
1.3988e+06
1.3857e+06
1.3693e+06
1.3523e+06
1.3377e+06
1.328e+06
1.324e+06
1.3246e+06
1.3276e+06
1.331e+06
1.3337e+06
1.3359e+06
1.3389e+06
1.344e+06
1.3519e+06
1.3619e+06
1.3723e+06
1.3811e+06
1.3869e+06
1.3896e+06
1.3904e+06
1.3909e+06
1.3921e+06
1.3936e+06
1.3941e+06
1.3913e+06
1.3839e+06
1.3715e+06
1.3557e+06
1.3387e+06
1.3227e+06
1.3091e+06
1.2977e+06
1.2876e+06
1.2777e+06
1.2675e+06
1.2578e+06
1.2499e+06
1.2455e+06
1.2456e+06
1.2498e+06
1.2569e+06
1.2651e+06
1.273e+06
1.2804e+06
1.2878e+06
1.2963e+06
1.3066e+06
1.3183e+06
1.3297e+06
1.3387e+06
1.3438e+06
1.3446e+06
1.3424e+06
1.3393e+06
1.3368e+06
1.3354e+06
1.3337e+06
1.3294e+06
1.3206e+06
1.3066e+06
1.2889e+06
1.2704e+06
1.2541e+06
1.2422e+06
1.2347e+06
1.2299e+06
1.2253e+06
1.2191e+06
1.211e+06
1.2026e+06
1.1966e+06
1.1953e+06
1.1998e+06
1.2092e+06
1.2211e+06
1.2327e+06
1.2422e+06
1.2494e+06
1.2558e+06
1.2629e+06
1.272e+06
1.2824e+06
1.2921e+06
1.2986e+06
1.3003e+06
1.2973e+06
1.2915e+06
1.2859e+06
1.2824e+06
1.2815e+06
1.2812e+06
1.2788e+06
1.272e+06
1.2601e+06
1.2444e+06
1.2276e+06
1.2125e+06
1.2006e+06
1.1916e+06
1.184e+06
1.1762e+06
1.1672e+06
1.1577e+06
1.1496e+06
1.1449e+06
1.1448e+06
1.1491e+06
1.1561e+06
1.1638e+06
1.1707e+06
1.1767e+06
1.1831e+06
1.1915e+06
1.2028e+06
1.2166e+06
1.2307e+06
1.2424e+06
1.2497e+06
1.2521e+06
1.2507e+06
1.248e+06
1.246e+06
1.2454e+06
1.2451e+06
1.2433e+06
1.2381e+06
1.2291e+06
1.2169e+06
1.2036e+06
1.1908e+06
1.1795e+06
1.1693e+06
1.159e+06
1.1476e+06
1.1352e+06
1.1229e+06
1.1122e+06
1.1046e+06
1.1005e+06
1.0994e+06
1.0997e+06
1.1003e+06
1.1006e+06
1.1013e+06
1.1037e+06
1.1088e+06
1.1168e+06
1.1272e+06
1.1385e+06
1.1495e+06
1.1597e+06
1.1695e+06
1.1799e+06
1.1913e+06
1.2031e+06
1.2137e+06
1.2213e+06
1.2245e+06
1.2239e+06
1.2209e+06
1.2177e+06
1.2157e+06
1.2147e+06
1.2129e+06
1.2083e+06
1.1997e+06
1.1876e+06
1.1743e+06
1.1622e+06
1.153e+06
1.1465e+06
1.1406e+06
1.1327e+06
1.1212e+06
1.1065e+06
1.0907e+06
1.0771e+06
1.0681e+06
1.0644e+06
1.0644e+06
1.0657e+06
1.066e+06
1.0648e+06
1.0636e+06
1.0649e+06
1.0712e+06
1.083e+06
1.0985e+06
1.1147e+06
1.1283e+06
1.1378e+06
1.1438e+06
1.1486e+06
1.155e+06
1.1647e+06
1.177e+06
1.1896e+06
1.1998e+06
1.2057e+06
1.2074e+06
1.2063e+06
1.2047e+06
1.2038e+06
1.2037e+06
1.2031e+06
1.2007e+06
1.1955e+06
1.1879e+06
1.1788e+06
1.1692e+06
1.1595e+06
1.1495e+06
1.1384e+06
1.1262e+06
1.1132e+06
1.1004e+06
1.0889e+06
1.0791e+06
1.0705e+06
1.0624e+06
1.0542e+06
1.046e+06
1.0388e+06
1.034e+06
1.0325e+06
1.0343e+06
1.0386e+06
1.0437e+06
1.0489e+06
1.054e+06
1.06e+06
1.068e+06
1.0784e+06
1.0904e+06
1.1026e+06
1.1134e+06
1.1221e+06
1.1297e+06
1.1381e+06
1.1489e+06
1.1625e+06
1.1772e+06
1.1902e+06
1.1991e+06
1.2031e+06
1.2035e+06
1.2031e+06
1.2045e+06
1.2084e+06
1.2133e+06
1.2166e+06
1.2157e+06
1.2102e+06
1.2017e+06
1.1928e+06
1.1858e+06
1.1812e+06
1.1772e+06
1.1712e+06
1.1615e+06
1.1481e+06
1.1332e+06
1.1196e+06
1.1093e+06
1.1021e+06
1.0962e+06
1.0891e+06
1.0792e+06
1.0669e+06
1.0545e+06
1.0445e+06
1.0389e+06
1.0376e+06
1.039e+06
1.0406e+06
1.0412e+06
1.0406e+06
1.0402e+06
1.0417e+06
1.0463e+06
1.054e+06
1.0635e+06
1.0737e+06
1.0836e+06
1.0934e+06
1.1034e+06
1.1141e+06
1.1253e+06
1.1363e+06
1.1465e+06
1.1561e+06
1.1658e+06
1.1766e+06
1.1888e+06
1.2014e+06
1.2128e+06
1.2214e+06
1.2268e+06
1.2299e+06
1.2326e+06
1.2365e+06
1.2414e+06
1.2458e+06
1.2476e+06
1.2454e+06
1.24e+06
1.2337e+06
1.2293e+06
1.2278e+06
1.2281e+06
1.2273e+06
1.2222e+06
1.2117e+06
1.1974e+06
1.1825e+06
1.1702e+06
1.1617e+06
1.1554e+06
1.1482e+06
1.1373e+06
1.1225e+06
1.1058e+06
1.0908e+06
1.08e+06
1.0739e+06
1.07e+06
1.0654e+06
1.0578e+06
1.0474e+06
1.0365e+06
1.0278e+06
1.0233e+06
1.0227e+06
1.0238e+06
1.0242e+06
1.0229e+06
1.0208e+06
1.0199e+06
1.0223e+06
1.029e+06
1.0386e+06
1.0491e+06
1.0586e+06
1.0668e+06
1.0746e+06
1.0834e+06
1.0941e+06
1.1062e+06
1.1185e+06
1.13e+06
1.1406e+06
1.1515e+06
1.1638e+06
1.1777e+06
1.192e+06
1.2048e+06
1.2148e+06
1.2225e+06
1.2303e+06
1.2406e+06
1.2544e+06
1.2701e+06
1.2838e+06
1.2925e+06
1.2952e+06
1.2944e+06
1.2947e+06
1.2997e+06
1.3099e+06
1.322e+06
1.3309e+06
1.3329e+06
1.3283e+06
1.3207e+06
1.3153e+06
1.3153e+06
1.3198e+06
1.3245e+06
1.3245e+06
1.3175e+06
1.305e+06
1.2914e+06
1.2811e+06
1.276e+06
1.2741e+06
1.2714e+06
1.2648e+06
1.2537e+06
1.2406e+06
1.2289e+06
1.2205e+06
1.2147e+06
1.2087e+06
1.1995e+06
1.1861e+06
1.1704e+06
1.1554e+06
1.1437e+06
1.1359e+06
1.1301e+06
1.1237e+06
1.1149e+06
1.1038e+06
1.0923e+06
1.0822e+06
1.0747e+06
1.0694e+06
1.0649e+06
1.0603e+06
1.0553e+06
1.0502e+06
1.0457e+06
1.0421e+06
1.0389e+06
1.0363e+06
1.035e+06
1.0362e+06
1.0412e+06
1.0496e+06
1.0593e+06
1.0672e+06
1.0712e+06
1.0711e+06
1.0696e+06
1.0706e+06
1.077e+06
1.089e+06
1.1036e+06
1.1167e+06
1.1255e+06
1.1306e+06
1.1351e+06
1.1427e+06
1.1557e+06
1.1725e+06
1.1897e+06
1.2038e+06
1.2137e+06
1.2216e+06
1.2309e+06
1.2443e+06
1.2614e+06
1.2791e+06
1.2937e+06
1.3034e+06
1.3093e+06
1.315e+06
1.3238e+06
1.3371e+06
1.3532e+06
1.3688e+06
1.3813e+06
1.3899e+06
1.3962e+06
1.4024e+06
1.4102e+06
1.4196e+06
1.4299e+06
1.4401e+06
1.4499e+06
1.4594e+06
1.4682e+06
1.4754e+06
1.48e+06
1.4819e+06
1.4827e+06
1.4848e+06
1.4905e+06
1.4994e+06
1.5087e+06
1.5149e+06
1.5155e+06
1.5112e+06
1.5056e+06
1.503e+06
1.5058e+06
1.5127e+06
1.52e+06
1.5239e+06
1.5231e+06
1.5195e+06
1.5163e+06
1.5157e+06
1.5172e+06
1.5182e+06
1.5162e+06
1.5107e+06
1.5037e+06
1.4984e+06
1.497e+06
1.4986e+06
1.5004e+06
1.4993e+06
1.4939e+06
1.4856e+06
1.4771e+06
1.4705e+06
1.4661e+06
1.4626e+06
1.4581e+06
1.4519e+06
1.4447e+06
1.4375e+06
1.4308e+06
1.4241e+06
1.4164e+06
1.4072e+06
1.3977e+06
1.3892e+06
1.3827e+06
1.3772e+06
1.3707e+06
1.3614e+06
1.3495e+06
1.3371e+06
1.3272e+06
1.3209e+06
1.3169e+06
1.312e+06
1.3033e+06
1.2906e+06
1.2766e+06
1.265e+06
1.258e+06
1.2544e+06
1.2504e+06
1.2427e+06
1.2303e+06
1.2157e+06
1.2026e+06
1.1936e+06
1.1878e+06
1.1818e+06
1.1719e+06
1.1573e+06
1.1401e+06
1.1245e+06
1.1135e+06
1.1071e+06
1.1024e+06
1.0959e+06
1.086e+06
1.0736e+06
1.0614e+06
1.0515e+06
1.0441e+06
1.0377e+06
1.03e+06
1.0201e+06
1.0084e+06
9.9634e+05
9.8486e+05
9.7421e+05
9.6406e+05
9.5432e+05
9.454e+05
9.3771e+05
9.3089e+05
9.2353e+05
9.1407e+05
9.0202e+05
8.8874e+05
8.768e+05
8.6813e+05
8.6243e+05
8.5709e+05
8.4901e+05
8.3694e+05
8.2263e+05
8.0994e+05
8.0212e+05
7.993e+05
7.9819e+05
7.9433e+05
7.8512e+05
7.7153e+05
7.574e+05
7.4673e+05
7.4093e+05
7.379e+05
7.3389e+05
7.2639e+05
7.1582e+05
7.0496e+05
6.9669e+05
6.9171e+05
6.8805e+05
6.8277e+05
