1.4653e+06
1.4653e+06
1.4646e+06
1.4758e+06
1.5041e+06
1.5425e+06
1.5765e+06
1.5951e+06
1.5973e+06
1.5934e+06
1.5977e+06
1.6181e+06
1.6511e+06
1.685e+06
1.7096e+06
1.7233e+06
1.7327e+06
1.7468e+06
1.7689e+06
1.7946e+06
1.8157e+06
1.8279e+06
1.8349e+06
1.8459e+06
1.8685e+06
1.9018e+06
1.9367e+06
1.9628e+06
1.9762e+06
1.9822e+06
1.9918e+06
2.0135e+06
2.0467e+06
2.0823e+06
2.1106e+06
2.1278e+06
2.139e+06
2.1536e+06
2.1779e+06
2.2103e+06
2.2429e+06
2.2686e+06
2.2863e+06
2.3023e+06
2.3242e+06
2.3546e+06
2.3884e+06
2.4168e+06
2.4345e+06
2.4445e+06
2.4564e+06
2.4796e+06
2.5161e+06
2.5581e+06
2.5943e+06
2.6175e+06
2.6297e+06
2.6404e+06
2.6592e+06
2.689e+06
2.7241e+06
2.7555e+06
2.7779e+06
2.7939e+06
2.8114e+06
2.837e+06
2.8705e+06
2.9052e+06
2.9331e+06
2.9515e+06
2.9652e+06
2.9826e+06
3.009e+06
3.0418e+06
3.0725e+06
3.0935e+06
3.1041e+06
3.1111e+06
3.1244e+06
3.149e+06
3.1811e+06
3.2111e+06
3.2309e+06
3.2404e+06
3.2473e+06
3.2611e+06
3.2854e+06
3.3144e+06
3.3371e+06
3.3456e+06
3.3419e+06
3.337e+06
3.3443e+06
3.3693e+06
3.4061e+06
3.441e+06
3.4627e+06
3.4689e+06
3.4676e+06
3.4705e+06
3.4843e+06
3.5063e+06
3.5271e+06
3.5386e+06
3.54e+06
3.5387e+06
3.5444e+06
3.5616e+06
3.5858e+06
3.6073e+06
3.618e+06
3.6168e+06
3.6104e+06
3.6071e+06
3.611e+06
3.619e+06
3.6241e+06
3.6212e+06
3.6118e+06
3.6028e+06
3.601e+06
3.6072e+06
3.6149e+06
3.6149e+06
3.6021e+06
3.5793e+06
3.5562e+06
3.5428e+06
3.5425e+06
3.5502e+06
3.556e+06
3.5521e+06
3.5375e+06
3.5174e+06
3.499e+06
3.4855e+06
3.475e+06
3.4624e+06
3.445e+06
3.4245e+06
3.4058e+06
3.3929e+06
3.3844e+06
3.3743e+06
3.3563e+06
3.3286e+06
3.296e+06
3.267e+06
3.2476e+06
3.2367e+06
3.2262e+06
3.207e+06
3.1752e+06
3.1355e+06
3.0984e+06
3.073e+06
3.0611e+06
3.0553e+06
3.0447e+06
3.0224e+06
2.9899e+06
2.9567e+06
2.9332e+06
2.924e+06
2.9242e+06
2.9237e+06
2.9138e+06
2.8936e+06
2.8698e+06
2.8521e+06
2.8465e+06
2.8504e+06
2.8553e+06
2.853e+06
2.8415e+06
2.827e+06
2.8197e+06
2.827e+06
2.8477e+06
2.8732e+06
2.8926e+06
2.9002e+06
2.8986e+06
2.8964e+06
2.9024e+06
2.9189e+06
2.9409e+06
2.9596e+06
2.9695e+06
2.973e+06
2.9787e+06
2.9957e+06
3.0269e+06
3.0661e+06
3.1021e+06
3.1259e+06
3.1372e+06
3.1439e+06
3.1577e+06
3.1853e+06
3.2238e+06
3.2625e+06
3.2905e+06
3.3036e+06
3.3072e+06
3.3128e+06
3.3295e+06
3.358e+06
3.3903e+06
3.4152e+06
3.427e+06
3.429e+06
3.4311e+06
3.4428e+06
3.4655e+06
3.4914e+06
3.5084e+06
3.5089e+06
3.495e+06
3.4774e+06
3.469e+06
3.4753e+06
3.4911e+06
3.5036e+06
3.5018e+06
3.4837e+06
3.4576e+06
3.4372e+06
3.4315e+06
3.4386e+06
3.4465e+06
3.441e+06
3.4148e+06
3.3719e+06
3.3254e+06
3.2896e+06
3.2711e+06
3.2653e+06
3.2605e+06
3.246e+06
3.2191e+06
3.1854e+06
3.155e+06
3.1347e+06
3.1234e+06
3.114e+06
3.0982e+06
3.0735e+06
3.0446e+06
3.0209e+06
3.0099e+06
3.0116e+06
3.0183e+06
3.0196e+06
3.0092e+06
2.9889e+06
2.9682e+06
2.9583e+06
2.9656e+06
2.9872e+06
3.0134e+06
3.034e+06
3.0443e+06
3.0476e+06
3.0525e+06
3.0668e+06
3.0921e+06
3.1227e+06
3.1496e+06
3.1666e+06
3.175e+06
3.1823e+06
3.1978e+06
3.2259e+06
3.2628e+06
3.299e+06
3.3251e+06
3.3381e+06
3.3429e+06
3.3492e+06
3.3648e+06
3.3902e+06
3.4182e+06
3.4387e+06
3.4454e+06
3.44e+06
3.4311e+06
3.4287e+06
3.4378e+06
3.4545e+06
3.4692e+06
3.4724e+06
3.4609e+06
3.4393e+06
3.4166e+06
3.4002e+06
3.3913e+06
3.3842e+06
3.3709e+06
3.3469e+06
3.3144e+06
3.281e+06
3.2549e+06
3.2395e+06
3.231e+06
3.2212e+06
3.2032e+06
3.1755e+06
3.1434e+06
3.1154e+06
3.098e+06
3.0913e+06
3.0896e+06
3.0851e+06
3.0736e+06
3.0572e+06
3.0432e+06
3.04e+06
3.0508e+06
3.0718e+06
3.0945e+06
3.1104e+06
3.117e+06
3.119e+06
3.1257e+06
3.1453e+06
3.1788e+06
3.2195e+06
3.2561e+06
3.2802e+06
3.2908e+06
3.2954e+06
3.3058e+06
3.3307e+06
3.3701e+06
3.4149e+06
3.4522e+06
3.4734e+06
3.4781e+06
3.4748e+06
3.4749e+06
3.4858e+06
3.5057e+06
3.5253e+06
3.5338e+06
3.5254e+06
3.5036e+06
3.4787e+06
3.4617e+06
3.4576e+06
3.4618e+06
3.4634e+06
3.4521e+06
3.4242e+06
3.3848e+06
3.3452e+06
3.316e+06
3.3017e+06
3.2978e+06
3.2947e+06
3.2835e+06
3.261e+06
3.2315e+06
3.2034e+06
3.1844e+06
3.1772e+06
3.178e+06
3.1803e+06
3.1787e+06
3.173e+06
3.1681e+06
3.1708e+06
3.1855e+06
3.211e+06
3.2412e+06
3.2684e+06
3.2885e+06
3.3029e+06
3.3178e+06
3.3399e+06
3.3719e+06
3.4099e+06
3.4455e+06
3.4706e+06
3.482e+06
3.4838e+06
3.4849e+06
3.4935e+06
3.5124e+06
3.5362e+06
3.5553e+06
3.5608e+06
3.5505e+06
3.5297e+06
3.5082e+06
3.4947e+06
3.491e+06
3.4911e+06
3.485e+06
3.4646e+06
3.4289e+06
3.3847e+06
3.3435e+06
3.315e+06
3.3017e+06
3.2983e+06
3.2947e+06
3.2824e+06
3.2592e+06
3.2304e+06
3.2062e+06
3.1957e+06
3.2025e+06
3.2223e+06
3.2461e+06
3.2654e+06
3.2763e+06
3.2822e+06
3.2904e+06
3.3088e+06
3.3399e+06
3.38e+06
3.4206e+06
3.4537e+06
3.4758e+06
3.4898e+06
3.5029e+06
3.5222e+06
3.5501e+06
3.5827e+06
3.6121e+06
3.6309e+06
3.6363e+06
3.6314e+06
3.6227e+06
3.616e+06
3.6132e+06
3.6108e+06
3.6033e+06
3.5863e+06
3.5605e+06
3.5309e+06
3.5044e+06
3.4854e+06
3.4731e+06
3.4621e+06
3.4457e+06
3.4203e+06
3.3881e+06
3.3569e+06
3.3358e+06
3.3308e+06
3.3413e+06
3.3599e+06
3.3768e+06
3.3849e+06
3.3836e+06
3.3797e+06
3.3838e+06
3.4042e+06
3.4425e+06
3.4913e+06
3.5383e+06
3.5722e+06
3.5887e+06
3.5923e+06
3.594e+06
3.6053e+06
3.6313e+06
3.6676e+06
3.7024e+06
3.7228e+06
3.7218e+06
3.7013e+06
3.6709e+06
3.6432e+06
3.6267e+06
3.6212e+06
3.6188e+06
3.6085e+06
3.583e+06
3.5424e+06
3.4945e+06
3.451e+06
3.4218e+06
3.4099e+06
3.411e+06
3.4158e+06
3.4163e+06
3.4094e+06
3.3987e+06
3.3924e+06
3.3988e+06
3.4215e+06
3.4574e+06
3.498e+06
3.5337e+06
3.5585e+06
3.5725e+06
3.5815e+06
3.5933e+06
3.6135e+06
3.6423e+06
3.6741e+06
3.7012e+06
3.7178e+06
3.7229e+06
3.7203e+06
3.716e+06
3.7144e+06
3.7153e+06
3.714e+06
3.7043e+06
3.6824e+06
3.649e+06
3.6096e+06
3.5723e+06
3.5436e+06
3.5255e+06
3.5152e+06
3.5073e+06
3.4971e+06
3.4837e+06
3.4706e+06
3.4641e+06
3.47e+06
3.4903e+06
3.5218e+06
3.5576e+06
3.5899e+06
3.6144e+06
3.6315e+06
3.6459e+06
3.664e+06
3.6899e+06
3.7225e+06
3.756e+06
3.7822e+06
3.795e+06
3.7932e+06
3.7811e+06
3.7661e+06
3.7546e+06
3.7491e+06
3.7465e+06
3.7405e+06
3.7252e+06
3.6987e+06
3.6642e+06
3.6283e+06
3.5982e+06
3.5778e+06
3.5662e+06
3.5586e+06
3.5493e+06
3.535e+06
3.5172e+06
3.5017e+06
3.4963e+06
3.5074e+06
3.5364e+06
3.5785e+06
3.6254e+06
3.6682e+06
3.7013e+06
3.7242e+06
3.7409e+06
3.7568e+06
3.7754e+06
3.7962e+06
3.8145e+06
3.8243e+06
3.8217e+06
3.8066e+06
3.7834e+06
3.7582e+06
3.7359e+06
3.7175e+06
3.6999e+06
3.6785e+06
3.65e+06
3.6154e+06
3.5802e+06
3.5525e+06
3.5393e+06
3.543e+06
3.5601e+06
3.5824e+06
3.6011e+06
3.6105e+06
3.6108e+06
3.6084e+06
3.6131e+06
3.6334e+06
3.6716e+06
3.7221e+06
3.7732e+06
3.8123e+06
3.8314e+06
3.8302e+06
3.8161e+06
3.8008e+06
3.7942e+06
3.7993e+06
3.8109e+06
3.8183e+06
3.8108e+06
3.7833e+06
3.7385e+06
3.6859e+06
3.6387e+06
3.6075e+06
3.5966e+06
3.6025e+06
3.6162e+06
3.6282e+06
3.6326e+06
3.6297e+06
3.6256e+06
3.6289e+06
3.6467e+06
3.6811e+06
3.7271e+06
3.7753e+06
3.8158e+06
3.8423e+06
3.8544e+06
3.857e+06
3.8574e+06
3.8609e+06
3.868e+06
3.874e+06
3.8715e+06
3.8547e+06
3.8225e+06
3.7796e+06
3.7348e+06
3.6978e+06
3.675e+06
3.6674e+06
3.6709e+06
3.6787e+06
3.6851e+06
3.6879e+06
3.6891e+06
3.6937e+06
3.7068e+06
3.7313e+06
3.7656e+06
3.8041e+06
3.8398e+06
3.8671e+06
3.8841e+06
3.893e+06
3.8986e+06
3.9052e+06
3.9139e+06
3.9215e+06
3.922e+06
3.9093e+06
3.881e+06
3.8393e+06
3.7913e+06
3.7459e+06
3.7108e+06
3.6893e+06
3.6795e+06
3.6759e+06
3.6727e+06
3.6664e+06
3.6578e+06
3.6514e+06
3.654e+06
3.6707e+06
3.7029e+06
3.7465e+06
3.7938e+06
3.8358e+06
3.8663e+06
3.8835e+06
3.8906e+06
3.8934e+06
3.8972e+06
3.9036e+06
3.9095e+06
3.9089e+06
3.8956e+06
3.8671e+06
3.826e+06
3.7803e+06
3.74e+06
3.7141e+06
3.707e+06
3.7168e+06
3.737e+06
3.7591e+06
3.776e+06
3.7853e+06
3.789e+06
3.7933e+06
3.8054e+06
3.8304e+06
3.8682e+06
3.9134e+06
3.9571e+06
3.9903e+06
4.0071e+06
4.0064e+06
3.9916e+06
3.9685e+06
3.9425e+06
3.9162e+06
3.8896e+06
3.8605e+06
3.8273e+06
3.7907e+06
3.7547e+06
3.7252e+06
3.7086e+06
3.7086e+06
3.7252e+06
3.7541e+06
3.7885e+06
3.8214e+06
3.848e+06
3.8674e+06
3.8822e+06
3.8968e+06
3.9154e+06
3.9389e+06
3.9644e+06
3.9858e+06
3.9965e+06
3.9924e+06
3.973e+06
3.9424e+06
3.9069e+06
3.873e+06
3.8451e+06
3.824e+06
3.8078e+06
3.7936e+06
3.7799e+06
3.7674e+06
3.7599e+06
3.7626e+06
3.7796e+06
3.8123e+06
3.8572e+06
3.9069e+06
3.9521e+06
3.9845e+06
3.9996e+06
3.9979e+06
3.9847e+06
3.9679e+06
3.9542e+06
3.9468e+06
3.944e+06
3.9407e+06
3.9309e+06
3.9112e+06
3.8821e+06
3.8485e+06
3.8183e+06
3.799e+06
3.796e+06
3.81e+06
3.8374e+06
3.8714e+06
3.9049e+06
3.9325e+06
3.9525e+06
3.9667e+06
3.9789e+06
3.9927e+06
4.0091e+06
4.0258e+06
4.0374e+06
4.0385e+06
4.0253e+06
3.9986e+06
3.9631e+06
3.9263e+06
3.8961e+06
3.8782e+06
3.8742e+06
3.8814e+06
3.8949e+06
3.9094e+06
3.9211e+06
3.9293e+06
3.9364e+06
3.9462e+06
3.9624e+06
3.9865e+06
4.0163e+06
4.0466e+06
4.0708e+06
4.0835e+06
4.0823e+06
4.0688e+06
4.0476e+06
4.0244e+06
4.0038e+06
3.9877e+06
3.975e+06
3.963e+06
3.949e+06
3.9324e+06
3.915e+06
3.9016e+06
3.8976e+06
3.9079e+06
3.9339e+06
3.973e+06
4.0184e+06
4.0615e+06
4.094e+06
4.111e+06
4.112e+06
4.1006e+06
4.0832e+06
4.0656e+06
4.0514e+06
4.04e+06
4.0283e+06
4.0124e+06
3.9899e+06
3.9619e+06
3.933e+06
3.9106e+06
3.9024e+06
3.9136e+06
3.945e+06
3.9919e+06
4.0453e+06
4.0946e+06
4.1302e+06
4.1468e+06
4.1443e+06
4.1271e+06
4.1027e+06
4.0784e+06
4.0586e+06
4.0436e+06
4.0303e+06
4.0142e+06
3.9923e+06
3.9646e+06
3.9348e+06
3.9095e+06
3.8957e+06
3.8991e+06
3.9212e+06
3.959e+06
4.0055e+06
4.0516e+06
4.0889e+06
4.1117e+06
4.1187e+06
4.1126e+06
4.0984e+06
4.0815e+06
4.0653e+06
4.0503e+06
4.0345e+06
4.0152e+06
3.9909e+06
3.9627e+06
3.9349e+06
3.9136e+06
3.905e+06
3.9135e+06
3.9397e+06
3.98e+06
4.0271e+06
4.0723e+06
4.1075e+06
4.1277e+06
4.1318e+06
4.1226e+06
4.1052e+06
4.085e+06
4.0653e+06
4.0466e+06
4.0271e+06
4.0042e+06
3.9766e+06
3.9456e+06
3.9153e+06
3.892e+06
3.8821e+06
3.8905e+06
3.9178e+06
3.9602e+06
4.0099e+06
4.0569e+06
4.0916e+06
4.1076e+06
4.103e+06
4.0809e+06
4.0482e+06
4.013e+06
3.9823e+06
3.9596e+06
3.9446e+06
3.9341e+06
3.9241e+06
3.912e+06
3.8973e+06
3.8823e+06
3.8711e+06
3.868e+06
3.8762e+06
3.896e+06
3.9243e+06
3.9554e+06
3.9824e+06
3.9993e+06
4.0029e+06
3.9935e+06
3.9747e+06
3.952e+06
3.9308e+06
3.9146e+06
3.9043e+06
3.8986e+06
3.895e+06
3.8916e+06
3.8877e+06
3.8845e+06
3.885e+06
3.893e+06
3.9113e+06
3.9403e+06
3.977e+06
4.0149e+06
4.0455e+06
4.0609e+06
4.0562e+06
4.0309e+06
3.9894e+06
3.9402e+06
3.8931e+06
3.8572e+06
3.838e+06
3.8369e+06
3.8508e+06
3.8742e+06
3.9003e+06
3.9236e+06
3.941e+06
3.9525e+06
3.9606e+06
3.9692e+06
3.9812e+06
3.997e+06
4.0138e+06
4.026e+06
4.0278e+06
4.015e+06
3.9868e+06
3.9467e+06
3.9016e+06
3.8605e+06
3.8317e+06
3.8216e+06
3.832e+06
3.8606e+06
3.9009e+06
3.9443e+06
3.9822e+06
4.0079e+06
4.0182e+06
4.0134e+06
3.9971e+06
3.9744e+06
3.9504e+06
3.9292e+06
3.9129e+06
3.9018e+06
3.8958e+06
3.8942e+06
3.897e+06
3.9047e+06
3.9177e+06
3.9359e+06
3.958e+06
3.9816e+06
4.0027e+06
4.0168e+06
4.0201e+06
4.01e+06
3.9868e+06
3.9535e+06
3.9154e+06
3.879e+06
3.8505e+06
3.8342e+06
3.8319e+06
3.8426e+06
3.8634e+06
3.8896e+06
3.9168e+06
3.941e+06
3.96e+06
3.973e+06
3.9806e+06
3.9839e+06
3.9834e+06
3.9785e+06
3.9677e+06
3.9492e+06
3.9222e+06
3.8877e+06
3.8489e+06
3.8109e+06
3.7797e+06
3.7608e+06
3.7579e+06
3.7718e+06
3.8e+06
3.8372e+06
3.8762e+06
3.9096e+06
3.9318e+06
3.9395e+06
3.933e+06
3.9152e+06
3.891e+06
3.8654e+06
3.8431e+06
3.8266e+06
3.8171e+06
3.814e+06
3.816e+06
3.8218e+06
3.8303e+06
3.8415e+06
3.8557e+06
3.8734e+06
3.8943e+06
3.9168e+06
3.9372e+06
3.9511e+06
3.9538e+06
3.9424e+06
3.9165e+06
3.8792e+06
3.8363e+06
3.7955e+06
3.7645e+06
3.7495e+06
3.7536e+06
3.776e+06
3.812e+06
3.854e+06
3.8934e+06
3.9224e+06
3.9359e+06
3.9321e+06
3.9133e+06
3.8846e+06
3.8526e+06
3.8238e+06
3.8029e+06
3.7922e+06
3.7914e+06
3.798e+06
3.8085e+06
3.8193e+06
3.8277e+06
3.8324e+06
3.8339e+06
3.8338e+06
3.8339e+06
3.8351e+06
3.8369e+06
3.8375e+06
3.8346e+06
3.8263e+06
3.8124e+06
3.7947e+06
3.7764e+06
3.7617e+06
3.7545e+06
3.7576e+06
3.7716e+06
3.7947e+06
3.8224e+06
3.8489e+06
3.8676e+06
3.8737e+06
3.8646e+06
3.8411e+06
3.8076e+06
3.7707e+06
3.7379e+06
3.7161e+06
3.7098e+06
3.7204e+06
3.7456e+06
3.7805e+06
3.8184e+06
3.8523e+06
3.8765e+06
3.888e+06
3.8861e+06
3.8732e+06
3.853e+06
3.8302e+06
3.8086e+06
3.7909e+06
3.7787e+06
3.7722e+06
3.7711e+06
3.7746e+06
3.7818e+06
3.792e+06
3.8046e+06
3.819e+06
3.8344e+06
3.8494e+06
3.8618e+06
3.8686e+06
3.8671e+06
3.8553e+06
3.8332e+06
3.8031e+06
3.7693e+06
3.7373e+06
3.7131e+06
3.7013e+06
3.705e+06
3.7239e+06
3.7551e+06
3.7929e+06
3.8301e+06
3.8594e+06
3.8753e+06
3.8749e+06
3.8591e+06
3.8316e+06
3.7989e+06
3.7681e+06
3.746e+06
3.7368e+06
3.7421e+06
3.7601e+06
3.7864e+06
3.815e+06
3.8396e+06
3.8553e+06
3.8593e+06
3.8516e+06
3.8347e+06
3.8129e+06
3.791e+06
3.7733e+06
3.7629e+06
3.7609e+06
3.7671e+06
3.7794e+06
3.7949e+06
3.8104e+06
3.8229e+06
3.8306e+06
3.833e+06
3.8305e+06
3.8247e+06
3.817e+06
3.8086e+06
3.8003e+06
3.7922e+06
3.7847e+06
3.778e+06
3.7725e+06
3.7687e+06
3.7671e+06
3.7678e+06
3.7709e+06
3.7756e+06
3.781e+06
3.7852e+06
3.7866e+06
3.7836e+06
3.7754e+06
3.7628e+06
3.7477e+06
3.7332e+06
3.7228e+06
3.7195e+06
3.7251e+06
3.7395e+06
3.7608e+06
3.7853e+06
3.8079e+06
3.8235e+06
3.828e+06
3.819e+06
3.7971e+06
3.7657e+06
3.7302e+06
3.6975e+06
3.6741e+06
3.6647e+06
3.6714e+06
3.6932e+06
3.7258e+06
3.7627e+06
3.7965e+06
3.8203e+06
3.8295e+06
3.8226e+06
3.8015e+06
3.7712e+06
3.7388e+06
3.7119e+06
3.6967e+06
3.6971e+06
3.7135e+06
3.743e+06
3.7795e+06
3.8156e+06
3.8439e+06
3.8585e+06
3.8568e+06
3.8393e+06
3.81e+06
3.7756e+06
3.7432e+06
3.72e+06
3.7108e+06
3.7177e+06
3.7393e+06
3.7713e+06
3.8074e+06
3.8402e+06
3.8634e+06
3.8727e+06
3.8669e+06
3.8484e+06
3.8219e+06
3.794e+06
3.7711e+06
3.7584e+06
3.759e+06
3.7732e+06
3.7988e+06
3.8314e+06
3.8653e+06
3.8945e+06
3.914e+06
3.9211e+06
3.9154e+06
3.8993e+06
3.877e+06
3.8534e+06
3.8333e+06
3.82e+06
3.8154e+06
3.8195e+06
3.8304e+06
3.8452e+06
3.8601e+06
3.8716e+06
3.877e+06
3.8756e+06
3.8683e+06
3.8572e+06
3.8457e+06
3.8365e+06
3.832e+06
3.8332e+06
3.8399e+06
3.8508e+06
3.8634e+06
3.8747e+06
3.8818e+06
3.8824e+06
3.8759e+06
3.8632e+06
3.8465e+06
3.829e+06
3.8141e+06
3.8047e+06
3.8025e+06
3.8082e+06
3.8209e+06
3.8382e+06
3.857e+06
3.8737e+06
3.8853e+06
3.8898e+06
3.887e+06
3.8781e+06
3.8656e+06
3.8526e+06
3.842e+06
3.8363e+06
3.8372e+06
3.845e+06
3.8588e+06
3.8761e+06
3.8936e+06
3.9077e+06
3.9159e+06
3.9167e+06
3.9109e+06
3.9005e+06
3.8888e+06
3.8791e+06
3.8748e+06
3.8782e+06
3.8903e+06
3.9107e+06
3.937e+06
3.9654e+06
3.9914e+06
4.0108e+06
4.0205e+06
4.0197e+06
4.0092e+06
3.9916e+06
3.9705e+06
3.9497e+06
3.9328e+06
3.9223e+06
3.9192e+06
3.9224e+06
3.929e+06
3.935e+06
3.9363e+06
3.9303e+06
3.9167e+06
3.8973e+06
3.8761e+06
3.8575e+06
3.846e+06
3.8446e+06
3.8549e+06
3.8761e+06
3.9054e+06
3.9379e+06
3.9676e+06
3.9883e+06
3.9954e+06
3.9867e+06
3.9633e+06
3.9296e+06
3.8922e+06
3.8585e+06
3.8353e+06
3.8273e+06
3.8363e+06
3.8603e+06
3.8943e+06
3.931e+06
3.9622e+06
3.9811e+06
3.9832e+06
3.9676e+06
3.9375e+06
3.8989e+06
3.8597e+06
3.8283e+06
3.8111e+06
3.812e+06
3.8307e+06
3.8635e+06
3.9036e+06
3.9429e+06
3.9735e+06
3.9898e+06
3.9893e+06
3.9732e+06
3.9461e+06
3.9148e+06
3.8868e+06
3.8684e+06
3.8638e+06
3.8735e+06
3.8949e+06
3.9222e+06
3.9488e+06
3.9681e+06
3.9753e+06
3.9686e+06
3.9495e+06
3.9221e+06
3.8928e+06
3.8681e+06
3.8533e+06
3.8515e+06
3.8629e+06
3.8846e+06
3.9115e+06
3.9377e+06
3.9574e+06
3.9668e+06
3.9644e+06
3.9517e+06
3.9326e+06
3.9123e+06
3.8958e+06
3.887e+06
3.8876e+06
3.897e+06
3.9127e+06
3.9309e+06
3.9477e+06
3.9593e+06
3.9636e+06
3.96e+06
3.9499e+06
3.9357e+06
3.9206e+06
3.9071e+06
3.8963e+06
3.8884e+06
3.8824e+06
3.877e+06
3.8713e+06
3.8651e+06
3.8589e+06
3.8538e+06
3.8512e+06
3.8526e+06
3.8584e+06
3.868e+06
3.8791e+06
3.8881e+06
3.8912e+06
3.8851e+06
3.8687e+06
3.843e+06
3.8117e+06
3.7803e+06
3.7548e+06
3.7406e+06
3.741e+06
3.7565e+06
3.7841e+06
3.8181e+06
3.8508e+06
3.8746e+06
3.8836e+06
3.8749e+06
3.8496e+06
3.8125e+06
3.7708e+06
3.733e+06
3.7066e+06
3.6963e+06
3.7033e+06
3.725e+06
3.7556e+06
3.7876e+06
3.8135e+06
3.8278e+06
3.8275e+06
3.8136e+06
3.7898e+06
3.7622e+06
3.737e+06
3.7193e+06
3.7115e+06
3.7137e+06
3.7233e+06
3.7362e+06
3.7484e+06
3.7562e+06
3.7577e+06
3.753e+06
3.744e+06
3.7334e+06
3.7244e+06
3.7186e+06
3.716e+06
3.715e+06
3.713e+06
3.7077e+06
3.6981e+06
3.6848e+06
3.6702e+06
3.6579e+06
3.6517e+06
3.6546e+06
3.6676e+06
3.6892e+06
3.7154e+06
3.7402e+06
3.7573e+06
3.762e+06
3.752e+06
3.7285e+06
3.696e+06
3.6614e+06
3.6323e+06
3.6152e+06
3.6137e+06
3.6277e+06
3.6534e+06
3.6841e+06
3.7118e+06
3.7297e+06
3.7332e+06
3.7215e+06
3.6973e+06
3.6661e+06
3.6348e+06
3.6099e+06
3.5955e+06
3.5927e+06
3.5998e+06
3.6127e+06
3.6269e+06
3.638e+06
3.6436e+06
3.6433e+06
3.6389e+06
3.6338e+06
3.6311e+06
3.6331e+06
3.6392e+06
3.6468e+06
3.652e+06
3.651e+06
3.6418e+06
3.6248e+06
3.6032e+06
3.5821e+06
3.5671e+06
3.5633e+06
3.5732e+06
3.5962e+06
3.6276e+06
3.6604e+06
3.686e+06
3.6974e+06
3.6904e+06
3.6649e+06
3.6254e+06
3.5795e+06
3.5365e+06
3.5047e+06
3.4898e+06
3.4932e+06
3.5126e+06
3.542e+06
3.5746e+06
3.6033e+06
3.6233e+06
3.6326e+06
3.632e+06
3.6248e+06
3.6152e+06
3.6067e+06
3.6007e+06
3.5962e+06
3.5908e+06
3.5817e+06
3.5673e+06
3.5482e+06
3.527e+06
3.508e+06
3.4961e+06
3.4954e+06
3.5075e+06
3.5313e+06
3.562e+06
3.5928e+06
3.6163e+06
3.6264e+06
3.6203e+06
3.5988e+06
3.5663e+06
3.5297e+06
3.4964e+06
3.4723e+06
3.4605e+06
3.461e+06
3.471e+06
3.4858e+06
3.5008e+06
3.5125e+06
3.5192e+06
3.5215e+06
3.5219e+06
3.5231e+06
3.5268e+06
3.5331e+06
3.5395e+06
3.5426e+06
3.5389e+06
3.5267e+06
3.5069e+06
3.483e+06
3.4603e+06
3.4447e+06
3.4409e+06
3.4509e+06
3.4733e+06
3.5036e+06
3.5351e+06
3.5607e+06
3.5751e+06
3.576e+06
3.5645e+06
3.5449e+06
3.5233e+06
3.5053e+06
3.4948e+06
3.4925e+06
3.4966e+06
3.5033e+06
3.5088e+06
3.5103e+06
3.5069e+06
3.5001e+06
3.4931e+06
3.4896e+06
3.4926e+06
3.5031e+06
3.5187e+06
3.535e+06
3.5461e+06
3.5472e+06
3.536e+06
3.5133e+06
3.4833e+06
3.4522e+06
3.4264e+06
3.411e+06
3.4085e+06
3.4182e+06
3.4367e+06
3.4593e+06
3.4812e+06
3.499e+06
3.5114e+06
3.5193e+06
3.5244e+06
3.5287e+06
3.5328e+06
3.5356e+06
3.5347e+06
3.5275e+06
3.5125e+06
3.4906e+06
3.4649e+06
3.4408e+06
3.4242e+06
3.4199e+06
3.4304e+06
3.4545e+06
3.4876e+06
3.5229e+06
3.5529e+06
3.5719e+06
3.5771e+06
3.5695e+06
3.5529e+06
3.5332e+06
3.5156e+06
3.5034e+06
3.4969e+06
3.4938e+06
3.491e+06
3.4855e+06
3.4766e+06
3.4655e+06
3.4559e+06
3.4521e+06
3.458e+06
3.4753e+06
3.5026e+06
3.5352e+06
3.5663e+06
3.5892e+06
3.5987e+06
3.5933e+06
3.5747e+06
3.548e+06
3.5192e+06
3.4942e+06
3.4764e+06
3.4664e+06
3.4627e+06
3.4623e+06
3.4628e+06
3.4631e+06
3.4638e+06
3.4671e+06
3.4756e+06
3.4909e+06
3.5122e+06
3.5363e+06
3.5579e+06
3.5713e+06
3.5724e+06
3.5601e+06
3.5367e+06
3.5078e+06
3.4802e+06
3.4601e+06
3.451e+06
3.4531e+06
3.4635e+06
3.4775e+06
3.4903e+06
3.499e+06
3.503e+06
3.5042e+06
3.5062e+06
3.5125e+06
3.5247e+06
3.5416e+06
3.5592e+06
3.5717e+06
3.5739e+06
3.5629e+06
3.5393e+06
3.5072e+06
3.4727e+06
3.4423e+06
3.4208e+06
3.4097e+06
3.4078e+06
3.4117e+06
3.4173e+06
3.422e+06
3.425e+06
3.4276e+06
3.4327e+06
3.4426e+06
3.4581e+06
3.4771e+06
3.495e+06
3.5062e+06
3.5063e+06
3.4938e+06
3.4705e+06
3.4419e+06
3.4149e+06
3.3957e+06
3.3878e+06
3.3909e+06
3.4013e+06
3.4138e+06
3.4234e+06
3.4273e+06
3.4261e+06
3.4233e+06
3.4239e+06
3.4325e+06
3.4505e+06
3.4755e+06
3.5014e+06
3.5206e+06
3.5265e+06
3.5164e+06
3.4921e+06
3.4595e+06
3.4268e+06
3.4013e+06
3.3875e+06
3.385e+06
3.3903e+06
3.3977e+06
3.4023e+06
3.4021e+06
3.3984e+06
3.3957e+06
3.3998e+06
3.4152e+06
3.4429e+06
3.4793e+06
3.5166e+06
3.5459e+06
3.5599e+06
3.5557e+06
3.5351e+06
3.5048e+06
3.4736e+06
3.4494e+06
3.4365e+06
3.4343e+06
3.4388e+06
3.4439e+06
3.445e+06
3.4402e+06
3.4314e+06
3.423e+06
3.4201e+06
3.4266e+06
3.4431e+06
3.4664e+06
3.4908e+06
3.51e+06
3.5195e+06
3.5183e+06
3.5089e+06
3.4961e+06
3.485e+06
3.4785e+06
3.4763e+06
3.4753e+06
3.4711e+06
3.4606e+06
3.4436e+06
3.4231e+06
3.4045e+06
3.3939e+06
3.3954e+06
3.4094e+06
3.4326e+06
3.4584e+06
3.4802e+06
3.4929e+06
3.4954e+06
3.4903e+06
3.4826e+06
3.4779e+06
3.479e+06
3.4849e+06
3.4913e+06
3.4921e+06
3.4827e+06
3.4617e+06
3.4322e+06
3.4004e+06
3.3741e+06
3.3591e+06
3.3578e+06
3.3677e+06
3.3834e+06
3.3982e+06
3.4074e+06
3.4094e+06
3.4065e+06
3.4036e+06
3.4059e+06
3.4163e+06
3.4337e+06
3.4533e+06
3.4685e+06
3.4735e+06
3.4658e+06
3.4472e+06
3.4227e+06
3.3986e+06
3.38e+06
3.3686e+06
3.3626e+06
3.358e+06
3.351e+06
3.34e+06
3.3269e+06
3.3166e+06
3.3151e+06
3.327e+06
3.353e+06
3.3893e+06
3.4283e+06
3.4615e+06
3.4827e+06
3.4897e+06
3.4856e+06
3.477e+06
3.4713e+06
3.4733e+06
3.4829e+06
3.4956e+06
3.5041e+06
3.5021e+06
3.487e+06
3.4611e+06
3.431e+06
3.405e+06
3.3902e+06
3.3897e+06
3.4018e+06
3.4208e+06
3.4396e+06
3.4527e+06
3.4582e+06
3.4577e+06
3.4559e+06
3.4576e+06
3.4658e+06
3.4796e+06
3.495e+06
3.5065e+06
3.5095e+06
3.5028e+06
3.4879e+06
3.4692e+06
3.4509e+06
3.4354e+06
3.4225e+06
3.4093e+06
3.3929e+06
3.3718e+06
3.3473e+06
3.3235e+06
3.3058e+06
3.2989e+06
3.3043e+06
3.3198e+06
3.3401e+06
3.359e+06
3.3722e+06
3.3785e+06
3.3803e+06
3.3824e+06
3.3895e+06
3.403e+06
3.4209e+06
3.4372e+06
3.4455e+06
3.4412e+06
3.4235e+06
3.3963e+06
3.3664e+06
3.3405e+06
3.3229e+06
3.3137e+06
3.3095e+06
3.3053e+06
3.2975e+06
3.2853e+06
3.2719e+06
3.2624e+06
3.262e+06
3.273e+06
3.294e+06
3.3199e+06
3.3441e+06
3.3612e+06
3.3695e+06
3.3709e+06
3.3701e+06
3.3721e+06
3.3791e+06
3.3898e+06
3.3993e+06
3.4021e+06
3.3946e+06
3.377e+06
3.3533e+06
3.33e+06
3.3126e+06
3.3035e+06
3.3008e+06
3.3e+06
3.2957e+06
3.2855e+06
3.2703e+06
3.2552e+06
3.2466e+06
3.25e+06
3.2666e+06
3.2931e+06
3.3227e+06
3.348e+06
3.3642e+06
3.3709e+06
3.372e+06
3.3734e+06
3.38e+06
3.393e+06
3.4087e+06
3.4206e+06
3.4223e+06
3.4105e+06
3.387e+06
3.3573e+06
3.3289e+06
3.3076e+06
3.2948e+06
3.2879e+06
3.2815e+06
3.2708e+06
3.2541e+06
3.2336e+06
3.2147e+06
3.2033e+06
3.2029e+06
3.2129e+06
3.2288e+06
3.2444e+06
3.2545e+06
3.2574e+06
3.2553e+06
3.2535e+06
3.257e+06
3.2682e+06
3.2849e+06
3.3016e+06
3.3118e+06
3.3111e+06
3.2992e+06
3.2799e+06
3.259e+06
3.2415e+06
3.229e+06
3.2194e+06
3.2082e+06
3.1913e+06
3.1675e+06
3.1393e+06
3.1116e+06
3.0901e+06
3.078e+06
3.0746e+06
3.0761e+06
3.0775e+06
3.0754e+06
3.0696e+06
3.0636e+06
3.0627e+06
3.0712e+06
3.0898e+06
3.1149e+06
3.1399e+06
3.158e+06
3.1655e+06
3.163e+06
3.1553e+06
3.1485e+06
3.147e+06
3.1511e+06
3.1564e+06
3.157e+06
3.1481e+06
3.1284e+06
3.1014e+06
3.0735e+06
3.0508e+06
3.0366e+06
3.03e+06
3.0266e+06
3.0216e+06
3.0122e+06
2.9995e+06
2.9877e+06
2.9823e+06
2.987e+06
3.0017e+06
3.0225e+06
3.0434e+06
3.0594e+06
3.0686e+06
3.0736e+06
3.0791e+06
3.09e+06
3.108e+06
3.1306e+06
3.1517e+06
3.1653e+06
3.1678e+06
3.1601e+06
3.147e+06
3.1344e+06
3.1263e+06
3.1228e+06
3.1198e+06
3.1118e+06
3.0947e+06
3.0688e+06
3.0383e+06
3.0096e+06
2.9886e+06
2.9772e+06
2.973e+06
2.9707e+06
2.9652e+06
2.9539e+06
2.9388e+06
2.9245e+06
2.9167e+06
2.919e+06
2.9307e+06
2.9477e+06
2.9643e+06
2.9761e+06
2.9821e+06
2.9847e+06
2.9878e+06
2.9946e+06
3.0053e+06
3.0169e+06
3.025e+06
3.0262e+06
3.0202e+06
3.0097e+06
2.999e+06
2.9913e+06
2.9871e+06
2.9833e+06
2.9758e+06
2.9614e+06
2.9404e+06
2.9163e+06
2.8939e+06
2.8773e+06
2.8671e+06
2.8603e+06
2.8521e+06
2.8388e+06
2.8201e+06
2.7995e+06
2.7829e+06
2.7757e+06
2.7797e+06
2.7921e+06
2.8069e+06
2.8179e+06
2.822e+06
2.8204e+06
2.8184e+06
2.8218e+06
2.834e+06
2.8537e+06
2.8751e+06
2.8915e+06
2.8984e+06
2.8956e+06
2.8877e+06
2.8805e+06
2.8783e+06
2.8809e+06
2.8837e+06
2.8805e+06
2.8673e+06
2.8445e+06
2.817e+06
2.7918e+06
2.7742e+06
2.7648e+06
2.7595e+06
2.7523e+06
2.7381e+06
2.7164e+06
2.6912e+06
2.6689e+06
2.6553e+06
2.6521e+06
2.6563e+06
2.6624e+06
2.6649e+06
2.662e+06
2.6555e+06
2.6505e+06
2.6517e+06
2.6611e+06
2.6766e+06
2.6936e+06
2.7075e+06
2.7164e+06
2.7222e+06
2.7289e+06
2.7401e+06
2.7563e+06
2.7741e+06
2.7879e+06
2.7931e+06
2.789e+06
2.7786e+06
2.7677e+06
2.761e+06
2.7596e+06
2.7599e+06
2.7564e+06
2.7447e+06
2.7244e+06
2.6993e+06
2.6754e+06
2.6575e+06
2.6461e+06
2.6374e+06
2.6257e+06
2.6067e+06
2.5802e+06
2.5506e+06
2.5241e+06
2.5058e+06
2.4966e+06
2.493e+06
2.4892e+06
2.4807e+06
2.467e+06
2.4521e+06
2.4422e+06
2.4423e+06
2.4531e+06
2.4706e+06
2.4882e+06
2.5004e+06
2.5056e+06
2.5065e+06
2.5085e+06
2.5162e+06
2.5306e+06
2.5483e+06
2.564e+06
2.5736e+06
2.5766e+06
2.5763e+06
2.5772e+06
2.5822e+06
2.5899e+06
2.5957e+06
2.5942e+06
2.5829e+06
2.5639e+06
2.5432e+06
2.527e+06
2.5181e+06
2.5142e+06
2.5092e+06
2.4968e+06
2.4747e+06
2.4458e+06
2.4167e+06
2.3946e+06
2.3823e+06
2.3774e+06
2.3736e+06
2.3645e+06
2.3475e+06
2.3251e+06
2.3037e+06
2.2897e+06
2.2861e+06
2.291e+06
2.2985e+06
2.303e+06
2.3021e+06
2.2978e+06
2.2951e+06
2.2989e+06
2.3107e+06
2.3275e+06
2.3439e+06
2.3551e+06
2.36e+06
2.3618e+06
2.3658e+06
2.3761e+06
2.3925e+06
2.411e+06
2.4256e+06
2.4323e+06
2.4311e+06
2.4263e+06
2.423e+06
2.4243e+06
2.4292e+06
2.4331e+06
2.4314e+06
2.4221e+06
2.4076e+06
2.3926e+06
2.3812e+06
2.3741e+06
2.3676e+06
2.3565e+06
2.3373e+06
2.311e+06
2.2825e+06
2.2578e+06
2.2404e+06
2.2288e+06
2.2175e+06
2.2004e+06
2.1751e+06
2.144e+06
2.1138e+06
2.0911e+06
2.0791e+06
2.0749e+06
2.0722e+06
2.0649e+06
2.0507e+06
2.0326e+06
2.017e+06
2.0094e+06
2.0115e+06
2.0193e+06
2.0267e+06
2.0284e+06
2.024e+06
2.0179e+06
2.0167e+06
2.0249e+06
2.0416e+06
2.0612e+06
2.0765e+06
2.0832e+06
2.0828e+06
2.0815e+06
2.0863e+06
2.1007e+06
2.1219e+06
2.143e+06
2.1565e+06
2.1596e+06
2.1551e+06
2.1498e+06
2.1497e+06
2.1567e+06
2.1669e+06
2.1738e+06
2.1725e+06
2.163e+06
2.1499e+06
2.1391e+06
2.1342e+06
2.1336e+06
2.1323e+06
2.1248e+06
2.1096e+06
2.0897e+06
2.0706e+06
2.0566e+06
2.0479e+06
2.0406e+06
2.0293e+06
2.0112e+06
1.988e+06
1.9648e+06
1.947e+06
1.9364e+06
1.93e+06
1.9223e+06
1.909e+06
1.8896e+06
1.8681e+06
1.8505e+06
1.8404e+06
1.8371e+06
1.836e+06
1.8317e+06
1.8218e+06
1.8084e+06
1.797e+06
1.7928e+06
1.7973e+06
1.807e+06
1.8159e+06
1.8193e+06
1.8165e+06
1.8115e+06
1.8103e+06
1.8167e+06
1.8303e+06
1.8462e+06
1.8591e+06
1.8664e+06
1.87e+06
1.875e+06
1.8858e+06
1.903e+06
1.9225e+06
1.9384e+06
1.9467e+06
1.9484e+06
1.9489e+06
1.9545e+06
1.9682e+06
1.9872e+06
2.0049e+06
2.0148e+06
2.0152e+06
2.0096e+06
2.0049e+06
2.0066e+06
2.0151e+06
2.0258e+06
2.0321e+06
2.0305e+06
2.0222e+06
2.0126e+06
2.0072e+06
2.0076e+06
2.0107e+06
2.0107e+06
2.0033e+06
1.989e+06
1.9721e+06
1.9583e+06
1.9502e+06
1.9461e+06
1.9406e+06
1.9297e+06
1.9128e+06
1.8935e+06
1.8773e+06
1.867e+06
1.861e+06
1.854e+06
1.8411e+06
1.8208e+06
1.7964e+06
1.7737e+06
1.7574e+06
1.7481e+06
1.7415e+06
1.7323e+06
1.7173e+06
1.6977e+06
1.6779e+06
1.6627e+06
1.654e+06
1.6496e+06
1.6452e+06
1.6371e+06
1.6252e+06
1.612e+06
1.6009e+06
1.5938e+06
1.5897e+06
1.5857e+06
1.5798e+06
1.5723e+06
1.5661e+06
1.564e+06
1.567e+06
1.5729e+06
1.5777e+06
1.5781e+06
1.5742e+06
1.5689e+06
1.5666e+06
1.5699e+06
1.5781e+06
1.5875e+06
1.5946e+06
1.5981e+06
1.6001e+06
1.6046e+06
1.6139e+06
1.6276e+06
1.6421e+06
1.6536e+06
1.6609e+06
1.666e+06
1.673e+06
1.685e+06
1.7014e+06
1.7185e+06
1.7319e+06
1.7397e+06
1.7437e+06
1.7485e+06
1.758e+06
1.7725e+06
1.789e+06
1.8028e+06
1.8115e+06
1.8162e+06
1.8209e+06
1.8295e+06
1.8428e+06
1.8582e+06
1.8715e+06
1.8803e+06
1.8856e+06
1.8905e+06
1.8981e+06
1.9085e+06
1.9189e+06
1.9258e+06
1.928e+06
1.9277e+06
1.9294e+06
1.9361e+06
1.9472e+06
1.9585e+06
1.9646e+06
1.9633e+06
1.9562e+06
1.9484e+06
1.9446e+06
1.9461e+06
1.9506e+06
1.9538e+06
1.9531e+06
1.9489e+06
1.9436e+06
1.9396e+06
1.9366e+06
1.9324e+06
1.9248e+06
1.9141e+06
1.9032e+06
1.8959e+06
1.8935e+06
1.8937e+06
1.8919e+06
1.8841e+06
1.8706e+06
1.8554e+06
1.8437e+06
1.8381e+06
1.8367e+06
1.8344e+06
1.8269e+06
1.8136e+06
1.7984e+06
1.7864e+06
1.7805e+06
1.7787e+06
1.7762e+06
1.7689e+06
1.7563e+06
1.742e+06
1.7303e+06
1.7235e+06
1.7194e+06
1.7135e+06
1.7027e+06
1.6873e+06
1.6711e+06
1.6585e+06
1.651e+06
1.6459e+06
1.6389e+06
1.6269e+06
1.6106e+06
1.5935e+06
1.5795e+06
1.5692e+06
1.56e+06
1.5485e+06
1.5331e+06
1.5157e+06
1.5001e+06
1.4889e+06
1.4808e+06
1.4715e+06
1.4568e+06
1.4359e+06
1.4126e+06
1.3923e+06
1.3787e+06
1.3708e+06
1.3636e+06
1.3522e+06
1.3352e+06
1.3156e+06
1.2983e+06
1.2866e+06
1.2795e+06
1.2726e+06
1.2617e+06
1.2459e+06
1.2278e+06
1.2117e+06
1.1999e+06
1.1913e+06
1.1824e+06
1.1703e+06
1.1553e+06
1.1399e+06
1.1273e+06
1.118e+06
1.1099e+06
1.0999e+06
1.0868e+06
1.0719e+06
1.0582e+06
1.0474e+06
1.0385e+06
1.0284e+06
1.0145e+06
9.9732e+05
9.8028e+05
9.6717e+05
9.5895e+05
9.5264e+05
9.4352e+05
9.2886e+05
9.1024e+05
8.9276e+05
8.8131e+05
8.7662e+05
8.7446e+05
8.689e+05
8.5678e+05
8.4001e+05
8.2426e+05
8.1459e+05
8.1136e+05
8.0983e+05
8.0402e+05
7.9134e+05
