1.5835e+06
1.5943e+06
1.5967e+06
1.6021e+06
1.6198e+06
1.6507e+06
1.6866e+06
1.717e+06
1.7365e+06
1.7475e+06
1.7578e+06
1.7751e+06
1.8011e+06
1.8319e+06
1.8611e+06
1.8857e+06
1.9066e+06
1.9272e+06
1.9494e+06
1.9721e+06
1.9923e+06
2.0088e+06
2.0241e+06
2.0432e+06
2.0696e+06
2.102e+06
2.1349e+06
2.1625e+06
2.1832e+06
2.2009e+06
2.2226e+06
2.2529e+06
2.2902e+06
2.3277e+06
2.3584e+06
2.3798e+06
2.3955e+06
2.4124e+06
2.4359e+06
2.4662e+06
2.4993e+06
2.5307e+06
2.5593e+06
2.5881e+06
2.6205e+06
2.6568e+06
2.6931e+06
2.7239e+06
2.7469e+06
2.7651e+06
2.7855e+06
2.814e+06
2.8507e+06
2.8891e+06
2.9215e+06
2.9442e+06
2.9608e+06
2.98e+06
3.0092e+06
3.049e+06
3.0922e+06
3.1295e+06
3.1556e+06
3.1731e+06
3.1904e+06
3.2155e+06
3.2502e+06
3.2888e+06
3.3224e+06
3.3456e+06
3.3604e+06
3.3742e+06
3.3942e+06
3.4221e+06
3.4527e+06
3.4782e+06
3.4937e+06
3.5013e+06
3.5082e+06
3.5226e+06
3.5475e+06
3.5801e+06
3.6139e+06
3.6437e+06
3.6685e+06
3.6906e+06
3.7128e+06
3.7353e+06
3.756e+06
3.7728e+06
3.7863e+06
3.7998e+06
3.8174e+06
3.8401e+06
3.8648e+06
3.8863e+06
3.901e+06
3.9101e+06
3.9187e+06
3.9328e+06
3.9543e+06
3.98e+06
4.0034e+06
4.0196e+06
4.0283e+06
4.0339e+06
4.0421e+06
4.0555e+06
4.0723e+06
4.0878e+06
4.0979e+06
4.1019e+06
4.1027e+06
4.1036e+06
4.1059e+06
4.1083e+06
4.1084e+06
4.1055e+06
4.1019e+06
4.1008e+06
4.1036e+06
4.108e+06
4.1094e+06
4.1042e+06
4.0933e+06
4.0821e+06
4.0766e+06
4.0786e+06
4.0835e+06
4.0822e+06
4.0671e+06
4.0376e+06
4.0005e+06
3.9667e+06
3.9442e+06
3.933e+06
3.9258e+06
3.9135e+06
3.8921e+06
3.8651e+06
3.8414e+06
3.828e+06
3.8244e+06
3.8225e+06
3.8114e+06
3.7847e+06
3.7444e+06
3.7003e+06
3.6631e+06
3.6385e+06
3.6233e+06
3.6088e+06
3.5866e+06
3.5542e+06
3.5159e+06
3.4794e+06
3.4503e+06
3.4289e+06
3.4105e+06
3.3895e+06
3.3634e+06
3.3341e+06
3.306e+06
3.2827e+06
3.2646e+06
3.2495e+06
3.2349e+06
3.2203e+06
3.2077e+06
3.1991e+06
3.1945e+06
3.1913e+06
3.1862e+06
3.1779e+06
3.1693e+06
3.1657e+06
3.1712e+06
3.1849e+06
3.2006e+06
3.2106e+06
3.2111e+06
3.2059e+06
3.2056e+06
3.2212e+06
3.2566e+06
3.3046e+06
3.3501e+06
3.3786e+06
3.385e+06
3.3772e+06
3.3724e+06
3.3879e+06
3.4304e+06
3.4919e+06
3.5547e+06
3.602e+06
3.6277e+06
3.6383e+06
3.6483e+06
3.6709e+06
3.7097e+06
3.7573e+06
3.8011e+06
3.8318e+06
3.8492e+06
3.8607e+06
3.876e+06
3.8998e+06
3.9286e+06
3.9539e+06
3.969e+06
3.9742e+06
3.9774e+06
3.9889e+06
4.0146e+06
4.0514e+06
4.0891e+06
4.1164e+06
4.1268e+06
4.122e+06
4.1092e+06
4.0961e+06
4.087e+06
4.0814e+06
4.0765e+06
4.0709e+06
4.0659e+06
4.0636e+06
4.064e+06
4.0629e+06
4.0533e+06
4.0298e+06
3.9925e+06
3.9481e+06
3.9066e+06
3.8757e+06
3.8559e+06
3.8407e+06
3.821e+06
3.7912e+06
3.7527e+06
3.7133e+06
3.6815e+06
3.6609e+06
3.6477e+06
3.6332e+06
3.6099e+06
3.5765e+06
3.5393e+06
3.5082e+06
3.4906e+06
3.4863e+06
3.4876e+06
3.4844e+06
3.4706e+06
3.4483e+06
3.4264e+06
3.4159e+06
3.423e+06
3.4452e+06
3.4733e+06
3.4973e+06
3.5125e+06
3.5218e+06
3.5333e+06
3.5548e+06
3.5881e+06
3.6278e+06
3.665e+06
3.693e+06
3.7119e+06
3.7286e+06
3.7519e+06
3.7866e+06
3.8297e+06
3.872e+06
3.904e+06
3.9217e+06
3.9293e+06
3.9368e+06
3.9532e+06
3.9811e+06
4.0146e+06
4.0434e+06
4.0597e+06
4.0631e+06
4.0606e+06
4.0617e+06
4.0719e+06
4.0885e+06
4.1021e+06
4.1026e+06
4.0855e+06
4.0554e+06
4.0229e+06
3.9985e+06
3.9862e+06
3.9811e+06
3.9733e+06
3.9543e+06
3.9227e+06
3.8849e+06
3.8512e+06
3.8296e+06
3.8201e+06
3.8153e+06
3.8051e+06
3.7827e+06
3.7488e+06
3.7107e+06
3.6788e+06
3.6599e+06
3.6546e+06
3.6569e+06
3.6593e+06
3.6571e+06
3.6508e+06
3.6453e+06
3.6459e+06
3.655e+06
3.6704e+06
3.6873e+06
3.7018e+06
3.7141e+06
3.7281e+06
3.7495e+06
3.781e+06
3.8204e+06
3.8608e+06
3.8951e+06
3.92e+06
3.9383e+06
3.9575e+06
3.9852e+06
4.0241e+06
4.07e+06
4.1136e+06
4.1462e+06
4.1638e+06
4.1697e+06
4.1713e+06
4.1759e+06
4.186e+06
4.1978e+06
4.2044e+06
4.2006e+06
4.1861e+06
4.1661e+06
4.1473e+06
4.1337e+06
4.1237e+06
4.1106e+06
4.0877e+06
4.0524e+06
4.0086e+06
3.9655e+06
3.932e+06
3.9123e+06
3.9028e+06
3.8949e+06
3.8797e+06
3.8531e+06
3.8181e+06
3.7827e+06
3.7555e+06
3.7412e+06
3.7385e+06
3.7412e+06
3.7428e+06
3.7408e+06
3.7379e+06
3.7407e+06
3.7552e+06
3.7832e+06
3.8207e+06
3.86e+06
3.8941e+06
3.9204e+06
3.9417e+06
3.9644e+06
3.9939e+06
4.0312e+06
4.0722e+06
4.1097e+06
4.1382e+06
4.1571e+06
4.1701e+06
4.1833e+06
4.2003e+06
4.2195e+06
4.2351e+06
4.2402e+06
4.2321e+06
4.214e+06
4.1939e+06
4.1803e+06
4.1765e+06
4.1782e+06
4.1758e+06
4.1593e+06
4.1239e+06
4.0736e+06
4.0188e+06
3.9722e+06
3.942e+06
3.9285e+06
3.9238e+06
3.9175e+06
3.9019e+06
3.8765e+06
3.8476e+06
3.8254e+06
3.8182e+06
3.8284e+06
3.8514e+06
3.8784e+06
3.9014e+06
3.9168e+06
3.9268e+06
3.9378e+06
3.9561e+06
3.9847e+06
4.0213e+06
4.0601e+06
4.095e+06
4.1228e+06
4.1439e+06
4.1615e+06
4.1788e+06
4.1965e+06
4.2123e+06
4.2228e+06
4.226e+06
4.2225e+06
4.2156e+06
4.2088e+06
4.2035e+06
4.1974e+06
4.1856e+06
4.1637e+06
4.1302e+06
4.0883e+06
4.0444e+06
4.0053e+06
3.9751e+06
3.9529e+06
3.9347e+06
3.9157e+06
3.8935e+06
3.8699e+06
3.8499e+06
3.8387e+06
3.8392e+06
3.8499e+06
3.866e+06
3.8823e+06
3.896e+06
3.9085e+06
3.9248e+06
3.9507e+06
3.9886e+06
4.0358e+06
4.0851e+06
4.1278e+06
4.1585e+06
4.1771e+06
4.1896e+06
4.2039e+06
4.2261e+06
4.2562e+06
4.2878e+06
4.3116e+06
4.3198e+06
4.3102e+06
4.2871e+06
4.2587e+06
4.233e+06
4.2131e+06
4.1966e+06
4.177e+06
4.1486e+06
4.11e+06
4.0657e+06
4.024e+06
3.9934e+06
3.9778e+06
3.975e+06
3.9773e+06
3.9763e+06
3.967e+06
3.9501e+06
3.9323e+06
3.9228e+06
3.9291e+06
3.9526e+06
3.988e+06
4.0254e+06
4.0552e+06
4.0723e+06
4.0781e+06
4.0792e+06
4.0844e+06
4.0995e+06
4.1247e+06
4.1549e+06
4.1823e+06
4.2007e+06
4.2082e+06
4.2074e+06
4.2027e+06
4.198e+06
4.1934e+06
4.1858e+06
4.1704e+06
4.144e+06
4.1069e+06
4.0634e+06
4.0197e+06
3.9821e+06
3.954e+06
3.935e+06
3.9226e+06
3.9136e+06
3.9063e+06
3.9014e+06
3.9013e+06
3.9085e+06
3.9241e+06
3.9467e+06
3.9733e+06
4.0012e+06
4.0289e+06
4.0573e+06
4.0883e+06
4.1233e+06
4.1612e+06
4.198e+06
4.2279e+06
4.2458e+06
4.2491e+06
4.2394e+06
4.2211e+06
4.1993e+06
4.1771e+06
4.1542e+06
4.1277e+06
4.0943e+06
4.0534e+06
4.0083e+06
3.9661e+06
3.9344e+06
3.9184e+06
3.9175e+06
3.9258e+06
3.9343e+06
3.9346e+06
3.9232e+06
3.9026e+06
3.8808e+06
3.8687e+06
3.8752e+06
3.9036e+06
3.9496e+06
4.0031e+06
4.0525e+06
4.0893e+06
4.1104e+06
4.1184e+06
4.1195e+06
4.1198e+06
4.1217e+06
4.1233e+06
4.1195e+06
4.105e+06
4.0775e+06
4.0394e+06
3.9964e+06
3.9557e+06
3.9225e+06
3.8983e+06
3.8805e+06
3.8641e+06
3.845e+06
3.8212e+06
3.7942e+06
3.7679e+06
3.7468e+06
3.7345e+06
3.7326e+06
3.7398e+06
3.7537e+06
3.7716e+06
3.7913e+06
3.8118e+06
3.8322e+06
3.8515e+06
3.8682e+06
3.8804e+06
3.8871e+06
3.8883e+06
3.8861e+06
3.8828e+06
3.8803e+06
3.8785e+06
3.8747e+06
3.8646e+06
3.8447e+06
3.8137e+06
3.7741e+06
3.7316e+06
3.6934e+06
3.6656e+06
3.651e+06
3.648e+06
3.6521e+06
3.6572e+06
3.6593e+06
3.6572e+06
3.6536e+06
3.6533e+06
3.6613e+06
3.68e+06
3.7083e+06
3.7412e+06
3.7724e+06
3.7966e+06
3.8112e+06
3.8173e+06
3.8179e+06
3.8167e+06
3.8149e+06
3.8116e+06
3.8034e+06
3.7872e+06
3.7617e+06
3.7287e+06
3.6926e+06
3.6591e+06
3.6327e+06
3.615e+06
3.6048e+06
3.5986e+06
3.5928e+06
3.5854e+06
3.5769e+06
3.5701e+06
3.5687e+06
3.5754e+06
3.5906e+06
3.6116e+06
3.6339e+06
3.6528e+06
3.6651e+06
3.6704e+06
3.6706e+06
3.6682e+06
3.6648e+06
3.6599e+06
3.6506e+06
3.6334e+06
3.606e+06
3.569e+06
3.5261e+06
3.4829e+06
3.4455e+06
3.418e+06
3.4014e+06
3.3939e+06
3.392e+06
3.3925e+06
3.3943e+06
3.398e+06
3.4058e+06
3.4201e+06
3.4415e+06
3.4683e+06
3.4965e+06
3.5217e+06
3.5404e+06
3.5519e+06
3.5582e+06
3.5626e+06
3.5681e+06
3.5752e+06
3.5813e+06
3.5815e+06
3.571e+06
3.548e+06
3.5143e+06
3.4758e+06
3.4407e+06
3.4163e+06
3.4069e+06
3.4117e+06
3.4257e+06
3.4419e+06
3.454e+06
3.4586e+06
3.4565e+06
3.4523e+06
3.4527e+06
3.4634e+06
3.4867e+06
3.5201e+06
3.5568e+06
3.5886e+06
3.6084e+06
3.6128e+06
3.6022e+06
3.5805e+06
3.5526e+06
3.5232e+06
3.4944e+06
3.4667e+06
3.4396e+06
3.4131e+06
3.3886e+06
3.3691e+06
3.3578e+06
3.3569e+06
3.3663e+06
3.3834e+06
3.4035e+06
3.4215e+06
3.434e+06
3.4402e+06
3.4423e+06
3.4445e+06
3.4512e+06
3.4647e+06
3.4835e+06
3.5031e+06
3.5172e+06
3.5204e+06
3.51e+06
3.4871e+06
3.4558e+06
3.4216e+06
3.3898e+06
3.3635e+06
3.3436e+06
3.3292e+06
3.3191e+06
3.3129e+06
3.3117e+06
3.3181e+06
3.3343e+06
3.3611e+06
3.3967e+06
3.4366e+06
3.4744e+06
3.5041e+06
3.522e+06
3.5276e+06
3.5237e+06
3.5155e+06
3.5077e+06
3.5032e+06
3.5016e+06
3.5e+06
3.4946e+06
3.4829e+06
3.4649e+06
3.4438e+06
3.4248e+06
3.4134e+06
3.4132e+06
3.4249e+06
3.4459e+06
3.471e+06
3.4949e+06
3.5137e+06
3.5262e+06
3.5341e+06
3.541e+06
3.5503e+06
3.5635e+06
3.5788e+06
3.5918e+06
3.5972e+06
3.591e+06
3.5726e+06
3.5448e+06
3.5134e+06
3.4854e+06
3.4664e+06
3.4593e+06
3.4636e+06
3.4763e+06
3.493e+06
3.5104e+06
3.5268e+06
3.5426e+06
3.5599e+06
3.5809e+06
3.6061e+06
3.6341e+06
3.6611e+06
3.6824e+06
3.6942e+06
3.6948e+06
3.6857e+06
3.6706e+06
3.6542e+06
3.6399e+06
3.6291e+06
3.6208e+06
3.6124e+06
3.6017e+06
3.588e+06
3.5734e+06
3.562e+06
3.5594e+06
3.5701e+06
3.5958e+06
3.6342e+06
3.6789e+06
3.7214e+06
3.7535e+06
3.7699e+06
3.7696e+06
3.756e+06
3.7357e+06
3.7157e+06
3.7008e+06
3.6922e+06
3.6873e+06
3.6818e+06
3.6717e+06
3.6554e+06
3.6352e+06
3.6159e+06
3.6042e+06
3.6063e+06
3.6252e+06
3.6595e+06
3.7037e+06
3.7495e+06
3.7882e+06
3.8137e+06
3.8235e+06
3.8194e+06
3.8061e+06
3.7896e+06
3.7745e+06
3.7627e+06
3.7532e+06
3.7433e+06
3.7305e+06
3.7139e+06
3.6955e+06
3.6792e+06
3.6701e+06
3.6722e+06
3.6873e+06
3.7138e+06
3.7471e+06
3.7806e+06
3.8082e+06
3.8257e+06
3.8319e+06
3.8289e+06
3.8207e+06
3.8117e+06
3.8043e+06
3.7984e+06
3.7919e+06
3.7815e+06
3.7649e+06
3.7422e+06
3.7163e+06
3.6924e+06
3.6764e+06
3.6737e+06
3.6867e+06
3.7143e+06
3.7519e+06
3.7926e+06
3.8289e+06
3.8552e+06
3.8688e+06
3.87e+06
3.8618e+06
3.8482e+06
3.8326e+06
3.8166e+06
3.7999e+06
3.7816e+06
3.7606e+06
3.7377e+06
3.7153e+06
3.6975e+06
3.6889e+06
3.693e+06
3.7112e+06
3.7415e+06
3.779e+06
3.8169e+06
3.8483e+06
3.8679e+06
3.8735e+06
3.8663e+06
3.8503e+06
3.8307e+06
3.8121e+06
3.7973e+06
3.7865e+06
3.7783e+06
3.7704e+06
3.7617e+06
3.7523e+06
3.744e+06
3.7401e+06
3.7434e+06
3.7561e+06
3.7778e+06
3.8061e+06
3.8365e+06
3.8636e+06
3.8828e+06
3.8917e+06
3.8904e+06
3.8815e+06
3.8688e+06
3.8562e+06
3.8461e+06
3.8392e+06
3.8348e+06
3.8312e+06
3.8273e+06
3.8232e+06
3.8206e+06
3.8224e+06
3.832e+06
3.8516e+06
3.8814e+06
3.9183e+06
3.9563e+06
3.9879e+06
4.0062e+06
4.0066e+06
3.9887e+06
3.9561e+06
3.9158e+06
3.8762e+06
3.8449e+06
3.827e+06
3.8238e+06
3.833e+06
3.85e+06
3.8697e+06
3.8875e+06
3.9009e+06
3.91e+06
3.9168e+06
3.9238e+06
3.9331e+06
3.9444e+06
3.9547e+06
3.9595e+06
3.954e+06
3.9351e+06
3.903e+06
3.8614e+06
3.8171e+06
3.778e+06
3.7518e+06
3.7435e+06
3.7541e+06
3.7804e+06
3.816e+06
3.8525e+06
3.8821e+06
3.899e+06
3.9011e+06
3.8898e+06
3.8692e+06
3.8448e+06
3.8219e+06
3.8038e+06
3.7917e+06
3.7851e+06
3.7825e+06
3.7829e+06
3.7857e+06
3.7915e+06
3.8013e+06
3.816e+06
3.8353e+06
3.8578e+06
3.88e+06
3.8976e+06
3.9062e+06
3.9026e+06
3.8859e+06
3.8584e+06
3.8247e+06
3.7911e+06
3.7641e+06
3.7485e+06
3.7465e+06
3.7572e+06
3.7772e+06
3.8017e+06
3.8255e+06
3.8445e+06
3.8563e+06
3.8608e+06
3.8598e+06
3.856e+06
3.8517e+06
3.8478e+06
3.8434e+06
3.8363e+06
3.824e+06
3.805e+06
3.7801e+06
3.7521e+06
3.7257e+06
3.7061e+06
3.6982e+06
3.7048e+06
3.7256e+06
3.7575e+06
3.7946e+06
3.8297e+06
3.8559e+06
3.8682e+06
3.8646e+06
3.8464e+06
3.8178e+06
3.7845e+06
3.7526e+06
3.7275e+06
3.7122e+06
3.7078e+06
3.7134e+06
3.7266e+06
3.7445e+06
3.7642e+06
3.7835e+06
3.8007e+06
3.8148e+06
3.8251e+06
3.8307e+06
3.8308e+06
3.8246e+06
3.8117e+06
3.7933e+06
3.7716e+06
3.75e+06
3.7328e+06
3.7237e+06
3.7251e+06
3.7374e+06
3.7586e+06
3.7848e+06
3.8106e+06
3.8306e+06
3.841e+06
3.8397e+06
3.8278e+06
3.8086e+06
3.7871e+06
3.7684e+06
3.7563e+06
3.7528e+06
3.7571e+06
3.7667e+06
3.7779e+06
3.7867e+06
3.79e+06
3.7862e+06
3.7759e+06
3.7619e+06
3.748e+06
3.7382e+06
3.7349e+06
3.7379e+06
3.7448e+06
3.7516e+06
3.7544e+06
3.7511e+06
3.7413e+06
3.7275e+06
3.7133e+06
3.7034e+06
3.7016e+06
3.71e+06
3.7282e+06
3.7529e+06
3.7784e+06
3.798e+06
3.8055e+06
3.7972e+06
3.7726e+06
3.7352e+06
3.6915e+06
3.6497e+06
3.6182e+06
3.603e+06
3.6071e+06
3.6291e+06
3.6641e+06
3.7043e+06
3.7413e+06
3.7673e+06
3.7775e+06
3.7704e+06
3.7482e+06
3.7164e+06
3.6817e+06
3.6512e+06
3.6302e+06
3.6215e+06
3.6254e+06
3.6398e+06
3.6612e+06
3.6855e+06
3.7086e+06
3.7272e+06
3.7391e+06
3.7436e+06
3.7409e+06
3.7318e+06
3.7174e+06
3.6985e+06
3.676e+06
3.6509e+06
3.6249e+06
3.6003e+06
3.5802e+06
3.5679e+06
3.5658e+06
3.5756e+06
3.5968e+06
3.6271e+06
3.6622e+06
3.6965e+06
3.7241e+06
3.7399e+06
3.7408e+06
3.7265e+06
3.6995e+06
3.6646e+06
3.628e+06
3.5961e+06
3.5739e+06
3.5643e+06
3.5675e+06
3.581e+06
3.6003e+06
3.6201e+06
3.6353e+06
3.6422e+06
3.6393e+06
3.6274e+06
3.6095e+06
3.5896e+06
3.572e+06
3.5606e+06
3.5576e+06
3.5635e+06
3.577e+06
3.5956e+06
3.6158e+06
3.6342e+06
3.6481e+06
3.6557e+06
3.6567e+06
3.6519e+06
3.6426e+06
3.6306e+06
3.6173e+06
3.6039e+06
3.5915e+06
3.5809e+06
3.5725e+06
3.5668e+06
3.5641e+06
3.5645e+06
3.568e+06
3.5743e+06
3.5827e+06
3.592e+06
3.6005e+06
3.6064e+06
3.6086e+06
3.6066e+06
3.6011e+06
3.5941e+06
3.5881e+06
3.5856e+06
3.5886e+06
3.5981e+06
3.6137e+06
3.6332e+06
3.6533e+06
3.67e+06
3.6791e+06
3.6775e+06
3.6641e+06
3.6399e+06
3.6079e+06
3.573e+06
3.5406e+06
3.5155e+06
3.5013e+06
3.4993e+06
3.5084e+06
3.5254e+06
3.5454e+06
3.5634e+06
3.5745e+06
3.5761e+06
3.5675e+06
3.5508e+06
3.5299e+06
3.5101e+06
3.4964e+06
3.4924e+06
3.4999e+06
3.5177e+06
3.5424e+06
3.5689e+06
3.5913e+06
3.6048e+06
3.6062e+06
3.595e+06
3.5733e+06
3.5457e+06
3.5181e+06
3.4964e+06
3.4856e+06
3.4883e+06
3.5047e+06
3.5321e+06
3.5656e+06
3.5991e+06
3.6267e+06
3.6435e+06
3.647e+06
3.6374e+06
3.6176e+06
3.5922e+06
3.567e+06
3.5472e+06
3.5367e+06
3.5376e+06
3.5493e+06
3.5692e+06
3.5929e+06
3.6154e+06
3.632e+06
3.6396e+06
3.6368e+06
3.6247e+06
3.606e+06
3.5849e+06
3.5655e+06
3.5515e+06
3.5451e+06
3.5469e+06
3.5559e+06
3.5694e+06
3.584e+06
3.5962e+06
3.6028e+06
3.6024e+06
3.5951e+06
3.5824e+06
3.5672e+06
3.5527e+06
3.5419e+06
3.5368e+06
3.5384e+06
3.5463e+06
3.5587e+06
3.5731e+06
3.5866e+06
3.5966e+06
3.6017e+06
3.6016e+06
3.5974e+06
3.591e+06
3.585e+06
3.5816e+06
3.5827e+06
3.5888e+06
3.5995e+06
3.613e+06
3.6267e+06
3.6375e+06
3.6426e+06
3.6405e+06
3.6311e+06
3.6161e+06
3.5983e+06
3.5812e+06
3.568e+06
3.5615e+06
3.5631e+06
3.573e+06
3.59e+06
3.6112e+06
3.6332e+06
3.6519e+06
3.664e+06
3.6674e+06
3.6618e+06
3.6489e+06
3.6319e+06
3.6145e+06
3.6008e+06
3.5939e+06
3.5957e+06
3.6062e+06
3.6238e+06
3.6454e+06
3.6672e+06
3.6853e+06
3.6969e+06
3.7007e+06
3.6971e+06
3.688e+06
3.6764e+06
3.6656e+06
3.6585e+06
3.6575e+06
3.663e+06
3.6741e+06
3.688e+06
3.7012e+06
3.7099e+06
3.7114e+06
3.7046e+06
3.6909e+06
3.6729e+06
3.655e+06
3.6412e+06
3.6353e+06
3.6394e+06
3.6537e+06
3.6763e+06
3.7034e+06
3.7298e+06
3.7502e+06
3.7604e+06
3.7582e+06
3.7441e+06
3.7213e+06
3.6949e+06
3.671e+06
3.6554e+06
3.6522e+06
3.6628e+06
3.6858e+06
3.7169e+06
3.75e+06
3.7782e+06
3.7954e+06
3.7976e+06
3.7841e+06
3.7573e+06
3.7225e+06
3.6868e+06
3.6574e+06
3.6405e+06
3.6396e+06
3.6549e+06
3.6835e+06
3.7197e+06
3.7565e+06
3.7871e+06
3.8063e+06
3.8115e+06
3.8034e+06
3.7857e+06
3.7641e+06
3.745e+06
3.7343e+06
3.7357e+06
3.7503e+06
3.7759e+06
3.808e+06
3.8407e+06
3.868e+06
3.8852e+06
3.8897e+06
3.8819e+06
3.8646e+06
3.8424e+06
3.8205e+06
3.8035e+06
3.7943e+06
3.7936e+06
3.8e+06
3.8104e+06
3.8212e+06
3.8286e+06
3.8302e+06
3.8249e+06
3.8139e+06
3.7998e+06
3.7859e+06
3.7755e+06
3.7706e+06
3.7716e+06
3.7773e+06
3.7852e+06
3.7926e+06
3.7968e+06
3.7963e+06
3.791e+06
3.782e+06
3.7718e+06
3.7636e+06
3.76e+06
3.7628e+06
3.772e+06
3.7861e+06
3.8022e+06
3.8169e+06
3.8274e+06
3.8319e+06
3.8304e+06
3.8239e+06
3.8149e+06
3.8061e+06
3.8001e+06
3.7982e+06
3.8001e+06
3.804e+06
3.8068e+06
3.8058e+06
3.7992e+06
3.7867e+06
3.7701e+06
3.7526e+06
3.7383e+06
3.7312e+06
3.7341e+06
3.7477e+06
3.7705e+06
3.7984e+06
3.8258e+06
3.8469e+06
3.8571e+06
3.8541e+06
3.8385e+06
3.8138e+06
3.7858e+06
3.7609e+06
3.7452e+06
3.7425e+06
3.7537e+06
3.777e+06
3.8076e+06
3.8396e+06
3.867e+06
3.8853e+06
3.8922e+06
3.8884e+06
3.8769e+06
3.8622e+06
3.8489e+06
3.8404e+06
3.8384e+06
3.8423e+06
3.85e+06
3.8585e+06
3.865e+06
3.8675e+06
3.8656e+06
3.8603e+06
3.8538e+06
3.849e+06
3.8481e+06
3.8518e+06
3.8589e+06
3.8664e+06
3.8709e+06
3.8693e+06
3.8602e+06
3.8442e+06
3.8241e+06
3.8041e+06
3.7888e+06
3.7822e+06
3.7859e+06
3.7992e+06
3.8182e+06
3.8372e+06
3.8501e+06
3.8516e+06
3.8392e+06
3.8136e+06
3.7787e+06
3.7408e+06
3.7073e+06
3.6846e+06
3.6769e+06
3.6847e+06
3.7052e+06
3.7329e+06
3.7611e+06
3.7834e+06
3.7954e+06
3.7956e+06
3.7855e+06
3.7691e+06
3.7514e+06
3.7373e+06
3.7295e+06
3.7286e+06
3.7328e+06
3.7387e+06
3.7429e+06
3.7428e+06
3.7374e+06
3.7279e+06
3.717e+06
3.7082e+06
3.7046e+06
3.7075e+06
3.716e+06
3.7268e+06
3.7354e+06
3.7375e+06
3.7305e+06
3.7144e+06
3.6919e+06
3.6679e+06
3.6483e+06
3.6384e+06
3.6414e+06
3.6571e+06
3.6821e+06
3.7101e+06
3.7343e+06
3.7481e+06
3.7479e+06
3.7332e+06
3.7074e+06
3.6766e+06
3.6481e+06
3.6281e+06
3.6205e+06
3.6255e+06
3.64e+06
3.6586e+06
3.6755e+06
3.686e+06
3.6874e+06
3.6802e+06
3.667e+06
3.6522e+06
3.64e+06
3.6333e+06
3.6324e+06
3.6353e+06
3.6382e+06
3.6372e+06
3.6301e+06
3.6165e+06
3.5986e+06
3.5808e+06
3.5679e+06
3.564e+06
3.5712e+06
3.5882e+06
3.6108e+06
3.6327e+06
3.6473e+06
3.6496e+06
3.6377e+06
3.6131e+06
3.5803e+06
3.5459e+06
3.5162e+06
3.496e+06
3.487e+06
3.4877e+06
3.4944e+06
3.5022e+06
3.5069e+06
3.506e+06
3.4993e+06
3.4889e+06
3.4782e+06
3.471e+06
3.4694e+06
3.4734e+06
3.4806e+06
3.4873e+06
3.4896e+06
3.4853e+06
3.4746e+06
3.4603e+06
3.447e+06
3.4398e+06
3.443e+06
3.458e+06
3.4831e+06
3.5138e+06
3.5433e+06
3.5652e+06
3.5748e+06
3.5703e+06
3.5537e+06
3.5297e+06
3.5043e+06
3.4828e+06
3.4686e+06
3.4616e+06
3.4596e+06
3.4586e+06
3.4552e+06
3.4475e+06
3.4356e+06
3.4222e+06
3.4114e+06
3.4073e+06
3.413e+06
3.4284e+06
3.4503e+06
3.4729e+06
3.4897e+06
3.495e+06
3.4863e+06
3.4646e+06
3.4344e+06
3.4022e+06
3.3749e+06
3.3577e+06
3.3528e+06
3.3588e+06
3.3718e+06
3.3865e+06
3.3983e+06
3.4042e+06
3.4037e+06
3.3987e+06
3.3924e+06
3.3874e+06
3.3849e+06
3.3837e+06
3.3809e+06
3.3728e+06
3.3571e+06
3.3335e+06
3.3051e+06
3.2769e+06
3.2554e+06
3.2461e+06
3.2523e+06
3.2738e+06
3.3068e+06
3.3446e+06
3.3798e+06
3.4062e+06
3.4203e+06
3.422e+06
3.4145e+06
3.4027e+06
3.3915e+06
3.3835e+06
3.3784e+06
3.3735e+06
3.365e+06
3.35e+06
3.3277e+06
3.3004e+06
3.2726e+06
3.2501e+06
3.2382e+06
3.2397e+06
3.2543e+06
3.2782e+06
3.3054e+06
3.3291e+06
3.3442e+06
3.3483e+06
3.3425e+06
3.3302e+06
3.3163e+06
3.3052e+06
3.2987e+06
3.2965e+06
3.2957e+06
3.2932e+06
3.2866e+06
3.2756e+06
3.2624e+06
3.2507e+06
3.2448e+06
3.2474e+06
3.2586e+06
3.2752e+06
3.2916e+06
3.3015e+06
3.3001e+06
3.2856e+06
3.2597e+06
3.2276e+06
3.1959e+06
3.1706e+06
3.1554e+06
3.1501e+06
3.1515e+06
3.1548e+06
3.1553e+06
3.1502e+06
3.1397e+06
3.1264e+06
3.1148e+06
3.1094e+06
3.1126e+06
3.1238e+06
3.1393e+06
3.1531e+06
3.1597e+06
3.1552e+06
3.139e+06
3.1142e+06
3.0857e+06
3.0593e+06
3.0394e+06
3.0278e+06
3.0233e+06
3.0228e+06
3.0227e+06
3.0208e+06
3.0166e+06
3.0121e+06
3.0103e+06
3.0143e+06
3.0257e+06
3.043e+06
3.0623e+06
3.0783e+06
3.0862e+06
3.0831e+06
3.0697e+06
3.0496e+06
3.0285e+06
3.0117e+06
3.0027e+06
3.0021e+06
3.0072e+06
3.0139e+06
3.0179e+06
3.0171e+06
3.0119e+06
3.0053e+06
3.0018e+06
3.0055e+06
3.018e+06
3.0376e+06
3.0596e+06
3.0773e+06
3.0852e+06
3.0803e+06
3.0637e+06
3.0399e+06
3.0154e+06
2.9962e+06
2.9858e+06
2.984e+06
2.9871e+06
2.9901e+06
2.9888e+06
2.9815e+06
2.9696e+06
2.9577e+06
2.9516e+06
2.9561e+06
2.9728e+06
2.9991e+06
3.0284e+06
3.0527e+06
3.0651e+06
3.062e+06
3.0445e+06
3.0176e+06
2.9889e+06
2.9657e+06
2.9523e+06
2.9487e+06
2.9515e+06
2.9552e+06
2.9551e+06
2.9488e+06
2.9376e+06
2.9253e+06
2.9169e+06
2.9162e+06
2.9244e+06
2.9393e+06
2.9557e+06
2.9681e+06
2.9718e+06
2.9655e+06
2.9507e+06
2.9318e+06
2.9134e+06
2.8985e+06
2.8876e+06
2.8784e+06
2.8672e+06
2.851e+06
2.829e+06
2.8033e+06
2.7782e+06
2.759e+06
2.7497e+06
2.7517e+06
2.763e+06
2.779e+06
2.7942e+06
2.8043e+06
2.8078e+06
2.8059e+06
2.8023e+06
2.8009e+06
2.8041e+06
2.811e+06
2.8181e+06
2.8203e+06
2.8137e+06
2.7968e+06
2.7719e+06
2.7441e+06
2.7196e+06
2.7035e+06
2.6979e+06
2.7011e+06
2.709e+06
2.7165e+06
2.7198e+06
2.7181e+06
2.7135e+06
2.7103e+06
2.7132e+06
2.7249e+06
2.7447e+06
2.7686e+06
2.7905e+06
2.8049e+06
2.8085e+06
2.8019e+06
2.7886e+06
2.7738e+06
2.762e+06
2.755e+06
2.7519e+06
2.7492e+06
2.7436e+06
2.7333e+06
2.7194e+06
2.7055e+06
2.6967e+06
2.6973e+06
2.7086e+06
2.7288e+06
2.7526e+06
2.7739e+06
2.7878e+06
2.7922e+06
2.789e+06
2.7824e+06
2.7775e+06
2.7776e+06
2.7823e+06
2.7881e+06
2.7894e+06
2.7815e+06
2.7625e+06
2.7343e+06
2.7018e+06
2.6714e+06
2.6487e+06
2.636e+06
2.6321e+06
2.6331e+06
2.6344e+06
2.6325e+06
2.6267e+06
2.6189e+06
2.6128e+06
2.612e+06
2.6183e+06
2.6302e+06
2.6442e+06
2.6554e+06
2.66e+06
2.6567e+06
2.6468e+06
2.6338e+06
2.6211e+06
2.6108e+06
2.6025e+06
2.5939e+06
2.5823e+06
2.566e+06
2.5457e+06
2.5242e+06
2.5058e+06
2.4944e+06
2.4918e+06
2.4972e+06
2.5075e+06
2.5189e+06
2.5283e+06
2.5347e+06
2.5398e+06
2.5465e+06
2.5576e+06
2.5741e+06
2.5941e+06
2.6133e+06
2.6269e+06
2.6314e+06
2.626e+06
2.6133e+06
2.5977e+06
2.5837e+06
2.5741e+06
2.5686e+06
2.5648e+06
2.5592e+06
2.5497e+06
2.5364e+06
2.5221e+06
2.5108e+06
2.5062e+06
2.5099e+06
2.5206e+06
2.5345e+06
2.547e+06
2.5549e+06
2.5573e+06
2.5563e+06
2.5555e+06
2.5584e+06
2.5659e+06
2.5762e+06
2.5846e+06
2.5864e+06
2.5786e+06
2.5614e+06
2.5384e+06
2.515e+06
2.4957e+06
2.4827e+06
2.4743e+06
2.4665e+06
2.4548e+06
2.4368e+06
2.4134e+06
2.3887e+06
2.3684e+06
2.3574e+06
2.3581e+06
2.3685e+06
2.3837e+06
2.3981e+06
2.4072e+06
2.41e+06
2.4088e+06
2.4079e+06
2.4114e+06
2.4206e+06
2.4333e+06
2.4446e+06
2.449e+06
2.4434e+06
2.4281e+06
2.4068e+06
2.3849e+06
2.367e+06
2.3548e+06
2.3466e+06
2.3385e+06
2.3268e+06
2.3098e+06
2.2894e+06
2.2696e+06
2.2556e+06
2.2504e+06
2.2542e+06
2.2635e+06
2.2731e+06
2.2786e+06
2.2779e+06
2.2725e+06
2.2667e+06
2.2651e+06
2.2707e+06
2.2825e+06
2.2963e+06
2.3063e+06
2.3078e+06
2.2993e+06
2.2831e+06
2.2638e+06
2.2462e+06
2.2328e+06
2.223e+06
2.2132e+06
2.1994e+06
2.1796e+06
2.1546e+06
2.1282e+06
2.1054e+06
2.09e+06
2.083e+06
2.0824e+06
2.084e+06
2.084e+06
2.081e+06
2.0761e+06
2.0732e+06
2.0762e+06
2.0872e+06
2.1054e+06
2.1266e+06
2.1455e+06
2.1583e+06
2.1637e+06
2.1639e+06
2.1632e+06
2.1655e+06
2.1722e+06
2.1814e+06
2.1889e+06
2.1901e+06
2.1826e+06
2.1674e+06
2.1481e+06
2.1293e+06
2.1146e+06
2.1051e+06
2.0989e+06
2.093e+06
2.0849e+06
2.0742e+06
2.0626e+06
2.0535e+06
2.0497e+06
2.0522e+06
2.0596e+06
2.0688e+06
2.0769e+06
2.0822e+06
2.0854e+06
2.0891e+06
2.0956e+06
2.1062e+06
2.1193e+06
2.1313e+06
2.1385e+06
2.1384e+06
2.1313e+06
2.1203e+06
2.1093e+06
2.1011e+06
2.0962e+06
2.092e+06
2.0846e+06
2.071e+06
2.0508e+06
2.0264e+06
2.0021e+06
1.9823e+06
1.969e+06
1.9613e+06
1.956e+06
1.9497e+06
1.9404e+06
1.9287e+06
1.9176e+06
1.9107e+06
1.9107e+06
1.9176e+06
1.9289e+06
1.9408e+06
1.9503e+06
1.9565e+06
1.9607e+06
1.9658e+06
1.9741e+06
1.9859e+06
1.9989e+06
2.0095e+06
2.0147e+06
2.0136e+06
2.0081e+06
2.0017e+06
1.9975e+06
1.9964e+06
1.9964e+06
1.9939e+06
1.9857e+06
1.9708e+06
1.9513e+06
1.9313e+06
1.9147e+06
1.9035e+06
1.8966e+06
1.8906e+06
1.8821e+06
1.8696e+06
1.8547e+06
1.8412e+06
1.8336e+06
1.8344e+06
1.8427e+06
1.8548e+06
1.8659e+06
1.8725e+06
1.8744e+06
1.8741e+06
1.8761e+06
1.8839e+06
1.8979e+06
1.9151e+06
1.9307e+06
1.9402e+06
1.9422e+06
1.9383e+06
1.9329e+06
1.9298e+06
1.9306e+06
1.9333e+06
1.9336e+06
1.9274e+06
1.9128e+06
1.8919e+06
1.8689e+06
1.8487e+06
1.8338e+06
1.8236e+06
1.8145e+06
1.8027e+06
1.7861e+06
1.7659e+06
1.7456e+06
1.7298e+06
1.7212e+06
1.7196e+06
1.7221e+06
1.7247e+06
1.7245e+06
1.7213e+06
1.7174e+06
1.7161e+06
1.72e+06
1.7294e+06
1.7421e+06
1.7548e+06
1.7653e+06
1.7731e+06
1.7801e+06
1.7887e+06
1.8003e+06
1.8141e+06
1.8274e+06
1.8367e+06
1.8404e+06
1.8391e+06
1.8355e+06
1.8329e+06
1.8327e+06
1.8339e+06
1.8335e+06
1.8283e+06
1.8171e+06
1.8015e+06
1.7851e+06
1.7716e+06
1.7624e+06
1.7562e+06
1.7495e+06
1.7389e+06
1.7233e+06
1.7044e+06
1.6861e+06
1.6722e+06
1.6642e+06
1.6606e+06
1.6578e+06
1.6521e+06
1.6424e+06
1.6306e+06
1.6206e+06
1.6169e+06
1.6213e+06
1.6318e+06
1.644e+06
1.6531e+06
1.6564e+06
1.6548e+06
1.6521e+06
1.6526e+06
1.659e+06
1.67e+06
1.6818e+06
1.6902e+06
1.6928e+06
1.6905e+06
1.6866e+06
1.685e+06
1.6872e+06
1.6917e+06
1.6947e+06
1.6931e+06
1.6857e+06
1.6748e+06
1.6643e+06
1.6575e+06
1.6549e+06
1.6538e+06
1.6502e+06
1.6407e+06
1.6254e+06
1.607e+06
1.5901e+06
1.5782e+06
1.5719e+06
1.5687e+06
1.5648e+06
1.5573e+06
1.546e+06
1.5335e+06
1.5236e+06
1.519e+06
1.5198e+06
1.5235e+06
1.5269e+06
1.5277e+06
1.5263e+06
1.5254e+06
1.5282e+06
1.5363e+06
1.5485e+06
1.5617e+06
1.5723e+06
1.5786e+06
1.5819e+06
1.5855e+06
1.5924e+06
1.6037e+06
1.6173e+06
1.6294e+06
1.6365e+06
1.6381e+06
1.6363e+06
1.6348e+06
1.6364e+06
1.641e+06
1.6457e+06
1.6469e+06
1.6425e+06
1.6332e+06
1.6227e+06
1.6147e+06
1.6111e+06
1.6099e+06
1.6072e+06
1.5992e+06
1.5847e+06
1.5663e+06
1.5486e+06
1.5358e+06
1.5289e+06
1.525e+06
1.5194e+06
1.5084e+06
1.4916e+06
1.4722e+06
1.4552e+06
1.4443e+06
1.4401e+06
1.4395e+06
1.4378e+06
1.432e+06
1.4221e+06
1.4114e+06
1.4045e+06
1.4043e+06
1.4104e+06
1.4191e+06
1.4263e+06
1.4296e+06
1.4299e+06
1.4307e+06
1.4356e+06
1.4462e+06
1.4608e+06
1.4754e+06
1.4866e+06
1.4937e+06
1.4991e+06
1.5064e+06
1.5186e+06
1.5349e+06
1.552e+06
1.5652e+06
1.5719e+06
1.5727e+06
1.5711e+06
1.571e+06
1.5744e+06
1.5802e+06
1.5849e+06
1.5855e+06
1.5811e+06
1.5737e+06
1.5666e+06
1.5619e+06
1.5591e+06
1.5552e+06
1.5471e+06
1.5335e+06
1.5163e+06
1.499e+06
1.4851e+06
1.4753e+06
1.4672e+06
1.4573e+06
1.4435e+06
1.4264e+06
1.4094e+06
1.3964e+06
1.389e+06
1.3854e+06
1.3812e+06
1.3728e+06
1.3592e+06
1.3432e+06
1.3295e+06
1.322e+06
1.3211e+06
1.3236e+06
1.3246e+06
1.3211e+06
1.3134e+06
1.3051e+06
1.3013e+06
1.3047e+06
1.314e+06
1.3248e+06
1.3325e+06
1.3346e+06
1.3328e+06
1.3312e+06
1.3341e+06
1.343e+06
1.3557e+06
1.368e+06
1.3766e+06
1.3811e+06
1.3845e+06
1.3904e+06
1.401e+06
1.4151e+06
1.4288e+06
1.4387e+06
1.4439e+06
1.4466e+06
1.4509e+06
1.4597e+06
1.4726e+06
1.486e+06
1.496e+06
1.5007e+06
1.5015e+06
1.5026e+06
1.5072e+06
1.5157e+06
1.5251e+06
1.5307e+06
1.53e+06
1.5236e+06
1.5156e+06
1.5103e+06
1.5095e+06
1.5111e+06
1.5106e+06
1.5044e+06
1.4923e+06
1.4776e+06
1.4652e+06
1.4578e+06
1.4542e+06
1.4505e+06
1.4424e+06
1.4288e+06
1.4123e+06
1.3977e+06
1.3884e+06
1.384e+06
1.3808e+06
1.3736e+06
1.3601e+06
1.3419e+06
1.3237e+06
1.3105e+06
1.304e+06
1.3017e+06
1.2987e+06
1.2907e+06
1.2768e+06
1.2598e+06
1.2439e+06
1.2326e+06
1.226e+06
1.2216e+06
1.2163e+06
1.2083e+06
1.1983e+06
1.1884e+06
1.1806e+06
1.1751e+06
1.1709e+06
1.1668e+06
1.1625e+06
1.1595e+06
1.1595e+06
1.1627e+06
1.1677e+06
1.1716e+06
1.1724e+06
1.1703e+06
1.1681e+06
1.1693e+06
1.1757e+06
1.1862e+06
1.1969e+06
1.2042e+06
1.2073e+06
1.2083e+06
1.2116e+06
1.2203e+06
1.2341e+06
1.2492e+06
1.261e+06
1.2672e+06
1.2693e+06
1.2718e+06
1.2792e+06
1.2927e+06
1.3092e+06
1.3237e+06
1.3324e+06
1.3353e+06
1.3361e+06
1.3399e+06
1.3494e+06
1.3633e+06
1.3773e+06
1.3877e+06
1.3934e+06
1.3969e+06
1.402e+06
1.4111e+06
1.4236e+06
1.436e+06
1.4452e+06
1.4501e+06
1.4526e+06
1.4556e+06
1.4606e+06
1.4669e+06
1.472e+06
1.4739e+06
1.4731e+06
1.472e+06
1.4734e+06
1.4777e+06
1.4829e+06
1.4854e+06
1.4831e+06
1.4773e+06
1.4715e+06
1.4694e+06
1.4722e+06
1.4778e+06
1.4822e+06
1.483e+06
1.4804e+06
1.4775e+06
1.4769e+06
1.4791e+06
1.4814e+06
1.4803e+06
1.4742e+06
1.465e+06
1.457e+06
1.4537e+06
1.4552e+06
1.4579e+06
1.4569e+06
1.4497e+06
1.4379e+06
1.4258e+06
1.4178e+06
1.4146e+06
1.4133e+06
1.4092e+06
1.3997e+06
1.3859e+06
1.3722e+06
1.3626e+06
1.3581e+06
1.356e+06
1.3519e+06
1.3432e+06
1.3308e+06
1.3179e+06
1.3079e+06
1.3014e+06
1.2964e+06
1.2896e+06
1.2794e+06
1.2672e+06
1.2557e+06
1.2471e+06
1.2411e+06
1.2352e+06
1.2269e+06
1.2157e+06
1.2035e+06
1.1928e+06
1.1847e+06
1.1778e+06
1.1693e+06
1.1578e+06
1.1441e+06
1.1315e+06
1.1226e+06
1.1175e+06
1.1131e+06
1.1053e+06
1.0919e+06
1.0748e+06
1.0584e+06
1.0469e+06
1.0409e+06
1.0372e+06
1.031e+06
1.0194e+06
1.0035e+06
9.8746e+05
9.7561e+05
9.6912e+05
9.6537e+05
9.6005e+05
9.5036e+05
9.3676e+05
9.2237e+05
9.1044e+05
9.0199e+05
8.9535e+05
8.8785e+05
8.7811e+05
8.6695e+05
8.5653e+05
8.4835e+05
8.42e+05
8.356e+05
8.2751e+05
8.1765e+05
8.0747e+05
7.984e+05
7.9042e+05
7.8193e+05
7.7126e+05
7.5838e+05
7.4545e+05
7.3535e+05
7.2918e+05
7.2505e+05
7.1918e+05
7.0888e+05
6.9488e+05
6.8134e+05
6.731e+05
6.719e+05
6.7457e+05
6.7516e+05
6.6912e+05
6.5629e+05
6.4109e+05
6.2951e+05
6.2476e+05
6.2478e+05
6.2399e+05
6.1763e+05
