9.7082e+05
9.7398e+05
9.6674e+05
9.6252e+05
9.7321e+05
9.9944e+05
1.0301e+06
1.0516e+06
1.0579e+06
1.0537e+06
1.0514e+06
1.0615e+06
1.0844e+06
1.1109e+06
1.1303e+06
1.1388e+06
1.1416e+06
1.1486e+06
1.1659e+06
1.1905e+06
1.2134e+06
1.2271e+06
1.2317e+06
1.235e+06
1.2466e+06
1.2695e+06
1.2977e+06
1.3211e+06
1.3335e+06
1.3376e+06
1.3433e+06
1.3597e+06
1.388e+06
1.4197e+06
1.4437e+06
1.4546e+06
1.4565e+06
1.4604e+06
1.4754e+06
1.5022e+06
1.5321e+06
1.5548e+06
1.5662e+06
1.5713e+06
1.5804e+06
1.6009e+06
1.631e+06
1.6613e+06
1.6828e+06
1.6933e+06
1.6995e+06
1.7119e+06
1.736e+06
1.7679e+06
1.7973e+06
1.8153e+06
1.8217e+06
1.8247e+06
1.8353e+06
1.8586e+06
1.8901e+06
1.9189e+06
1.9367e+06
1.9439e+06
1.9492e+06
1.9629e+06
1.9893e+06
2.0228e+06
2.053e+06
2.0724e+06
2.082e+06
2.0898e+06
2.1049e+06
2.1297e+06
2.1585e+06
2.182e+06
2.195e+06
2.2004e+06
2.2075e+06
2.2246e+06
2.2527e+06
2.2846e+06
2.3109e+06
2.3266e+06
2.3345e+06
2.3426e+06
2.3573e+06
2.3783e+06
2.3992e+06
2.4126e+06
2.4173e+06
2.4194e+06
2.4283e+06
2.4494e+06
2.4796e+06
2.509e+06
2.5282e+06
2.535e+06
2.5352e+06
2.5387e+06
2.5513e+06
2.5706e+06
2.5879e+06
2.5958e+06
2.5934e+06
2.5883e+06
2.5902e+06
2.6041e+06
2.6262e+06
2.6462e+06
2.6554e+06
2.6527e+06
2.645e+06
2.6422e+06
2.6494e+06
2.6633e+06
2.6749e+06
2.6766e+06
2.6682e+06
2.6569e+06
2.6518e+06
2.6571e+06
2.6684e+06
2.6763e+06
2.6739e+06
2.6616e+06
2.6474e+06
2.6405e+06
2.6448e+06
2.6549e+06
2.6607e+06
2.6543e+06
2.6358e+06
2.6132e+06
2.5969e+06
2.592e+06
2.5955e+06
2.5983e+06
2.5929e+06
2.5784e+06
2.5605e+06
2.5474e+06
2.5423e+06
2.5417e+06
2.5377e+06
2.5245e+06
2.5028e+06
2.4799e+06
2.4637e+06
2.4572e+06
2.4551e+06
2.4482e+06
2.4296e+06
2.4003e+06
2.3684e+06
2.3447e+06
2.3345e+06
2.3344e+06
2.3348e+06
2.3269e+06
2.3087e+06
2.286e+06
2.2681e+06
2.2609e+06
2.2623e+06
2.2645e+06
2.2591e+06
2.2442e+06
2.225e+06
2.2109e+06
2.2085e+06
2.2166e+06
2.2272e+06
2.2311e+06
2.2246e+06
2.2123e+06
2.2036e+06
2.2063e+06
2.2208e+06
2.2395e+06
2.2519e+06
2.2528e+06
2.2456e+06
2.2407e+06
2.2487e+06
2.2723e+06
2.3042e+06
2.3316e+06
2.345e+06
2.3446e+06
2.3402e+06
2.3455e+06
2.3688e+06
2.4066e+06
2.4465e+06
2.4752e+06
2.4877e+06
2.4897e+06
2.4942e+06
2.5122e+06
2.5452e+06
2.5837e+06
2.6145e+06
2.6298e+06
2.6325e+06
2.6341e+06
2.6474e+06
2.6768e+06
2.7148e+06
2.7479e+06
2.7649e+06
2.765e+06
2.7578e+06
2.7573e+06
2.772e+06
2.7996e+06
2.8285e+06
2.8463e+06
2.8481e+06
2.8391e+06
2.8311e+06
2.8333e+06
2.8465e+06
2.862e+06
2.8686e+06
2.8605e+06
2.8411e+06
2.8211e+06
2.8107e+06
2.8126e+06
2.8197e+06
2.8204e+06
2.8066e+06
2.7792e+06
2.7475e+06
2.7233e+06
2.7132e+06
2.7134e+06
2.7134e+06
2.7029e+06
2.6789e+06
2.6475e+06
2.6198e+06
2.6048e+06
2.6031e+06
2.6069e+06
2.6059e+06
2.5938e+06
2.5728e+06
2.5514e+06
2.539e+06
2.5391e+06
2.5471e+06
2.5535e+06
2.5504e+06
2.5373e+06
2.5213e+06
2.5133e+06
2.5211e+06
2.5438e+06
2.573e+06
2.5977e+06
2.6117e+06
2.6168e+06
2.6212e+06
2.634e+06
2.659e+06
2.6917e+06
2.7226e+06
2.7436e+06
2.7533e+06
2.7577e+06
2.7671e+06
2.7884e+06
2.8211e+06
2.857e+06
2.8856e+06
2.9011e+06
2.9059e+06
2.9085e+06
2.9187e+06
2.9404e+06
2.969e+06
2.9951e+06
3.0104e+06
3.0132e+06
3.009e+06
3.0068e+06
3.0126e+06
3.0251e+06
3.0365e+06
3.0378e+06
3.0249e+06
3.0014e+06
2.9764e+06
2.9588e+06
2.9517e+06
2.9501e+06
2.945e+06
2.9293e+06
2.9026e+06
2.8716e+06
2.8455e+06
2.8302e+06
2.8241e+06
2.8193e+06
2.8066e+06
2.782e+06
2.7487e+06
2.7163e+06
2.6942e+06
2.6867e+06
2.6897e+06
2.6944e+06
2.6923e+06
2.6811e+06
2.6657e+06
2.6551e+06
2.6571e+06
2.6725e+06
2.6954e+06
2.7163e+06
2.7283e+06
2.7313e+06
2.7319e+06
2.7396e+06
2.7603e+06
2.7925e+06
2.828e+06
2.8571e+06
2.8743e+06
2.8818e+06
2.8878e+06
2.9018e+06
2.9281e+06
2.9628e+06
2.9964e+06
3.0195e+06
3.0283e+06
3.0267e+06
3.0237e+06
3.027e+06
3.0385e+06
3.0529e+06
3.0613e+06
3.0571e+06
3.0407e+06
3.0191e+06
3.0019e+06
2.9951e+06
2.9973e+06
3.0005e+06
2.9955e+06
2.9773e+06
2.9482e+06
2.9165e+06
2.8913e+06
2.8773e+06
2.8715e+06
2.8661e+06
2.8529e+06
2.8291e+06
2.7985e+06
2.77e+06
2.752e+06
2.7481e+06
2.7549e+06
2.7644e+06
2.7694e+06
2.7675e+06
2.7626e+06
2.7624e+06
2.7732e+06
2.7963e+06
2.8266e+06
2.8556e+06
2.8767e+06
2.8888e+06
2.8966e+06
2.9079e+06
2.9283e+06
2.9575e+06
2.9891e+06
3.0144e+06
3.0279e+06
3.0302e+06
3.0281e+06
3.03e+06
3.0411e+06
3.0597e+06
3.0779e+06
3.0868e+06
3.0817e+06
3.0647e+06
3.0438e+06
3.028e+06
3.0217e+06
3.0221e+06
3.0212e+06
3.0109e+06
2.9876e+06
2.955e+06
2.9218e+06
2.8968e+06
2.8841e+06
2.8805e+06
2.8779e+06
2.8686e+06
2.8495e+06
2.8242e+06
2.8015e+06
2.7901e+06
2.7943e+06
2.8112e+06
2.8328e+06
2.8508e+06
2.8609e+06
2.8652e+06
2.8707e+06
2.8853e+06
2.9127e+06
2.95e+06
2.9893e+06
3.022e+06
3.0435e+06
3.0549e+06
3.0627e+06
3.0741e+06
3.093e+06
3.1175e+06
3.1411e+06
3.157e+06
3.162e+06
3.1581e+06
3.151e+06
3.1466e+06
3.1465e+06
3.1473e+06
3.1428e+06
3.1278e+06
3.1016e+06
3.0692e+06
3.0384e+06
3.0162e+06
3.004e+06
2.998e+06
2.9907e+06
2.9764e+06
2.954e+06
2.9283e+06
2.9074e+06
2.8988e+06
2.9047e+06
2.921e+06
2.9398e+06
2.9534e+06
2.9587e+06
2.9588e+06
2.961e+06
2.973e+06
2.9982e+06
3.0331e+06
3.069e+06
3.0969e+06
3.1121e+06
3.1167e+06
3.1184e+06
3.1264e+06
3.146e+06
3.1749e+06
3.2046e+06
3.2251e+06
3.2302e+06
3.2204e+06
3.2024e+06
3.1852e+06
3.1746e+06
3.17e+06
3.1647e+06
3.1502e+06
3.1216e+06
3.0805e+06
3.0353e+06
2.9971e+06
2.9748e+06
2.97e+06
2.9769e+06
2.9855e+06
2.987e+06
2.9785e+06
2.9641e+06
2.9531e+06
2.9548e+06
2.974e+06
3.0079e+06
3.0477e+06
3.083e+06
3.1069e+06
3.1193e+06
3.1259e+06
3.1354e+06
3.1541e+06
3.1819e+06
3.2126e+06
3.2367e+06
3.2473e+06
3.243e+06
3.229e+06
3.2139e+06
3.2051e+06
3.2046e+06
3.208e+06
3.207e+06
3.1945e+06
3.1682e+06
3.132e+06
3.0942e+06
3.0637e+06
3.0455e+06
3.0388e+06
3.0385e+06
3.0383e+06
3.0344e+06
3.0279e+06
3.0238e+06
3.0281e+06
3.0446e+06
3.0725e+06
3.1062e+06
3.1385e+06
3.1641e+06
3.1823e+06
3.1969e+06
3.2143e+06
3.2393e+06
3.2719e+06
3.3067e+06
3.3354e+06
3.3507e+06
3.3503e+06
3.338e+06
3.3218e+06
3.3097e+06
3.3057e+06
3.3075e+06
3.3079e+06
3.2992e+06
3.2773e+06
3.2443e+06
3.2074e+06
3.1763e+06
3.1583e+06
3.1549e+06
3.1617e+06
3.1707e+06
3.1749e+06
3.1715e+06
3.1634e+06
3.1577e+06
3.1625e+06
3.1825e+06
3.2169e+06
3.2595e+06
3.3015e+06
3.3356e+06
3.359e+06
3.374e+06
3.3857e+06
3.3992e+06
3.4161e+06
3.4333e+06
3.445e+06
3.4457e+06
3.4334e+06
3.4107e+06
3.3837e+06
3.3586e+06
3.3391e+06
3.3244e+06
3.3102e+06
3.2917e+06
3.2667e+06
3.2371e+06
3.2088e+06
3.1888e+06
3.1821e+06
3.1894e+06
3.2062e+06
3.2258e+06
3.2421e+06
3.2523e+06
3.2589e+06
3.2676e+06
3.2845e+06
3.3126e+06
3.3494e+06
3.3873e+06
3.4174e+06
3.4332e+06
3.4338e+06
3.4245e+06
3.414e+06
3.4102e+06
3.4155e+06
3.4258e+06
3.4319e+06
3.4247e+06
3.3994e+06
3.358e+06
3.3095e+06
3.2661e+06
3.2385e+06
3.2317e+06
3.2428e+06
3.2635e+06
3.2838e+06
3.2963e+06
3.2997e+06
3.2979e+06
3.2989e+06
3.3102e+06
3.3354e+06
3.3724e+06
3.414e+06
3.4516e+06
3.4786e+06
3.4933e+06
3.4988e+06
3.5009e+06
3.5043e+06
3.51e+06
3.5144e+06
3.5114e+06
3.4958e+06
3.4663e+06
3.4265e+06
3.3845e+06
3.3491e+06
3.3266e+06
3.3184e+06
3.3208e+06
3.3271e+06
3.3313e+06
3.3303e+06
3.3253e+06
3.321e+06
3.323e+06
3.3354e+06
3.3584e+06
3.3882e+06
3.4187e+06
3.4441e+06
3.4617e+06
3.4722e+06
3.4791e+06
3.4863e+06
3.4953e+06
3.5041e+06
3.5078e+06
3.5013e+06
3.4817e+06
3.4504e+06
3.4128e+06
3.3765e+06
3.3483e+06
3.3313e+06
3.3245e+06
3.3236e+06
3.3234e+06
3.3208e+06
3.3161e+06
3.3131e+06
3.3177e+06
3.3345e+06
3.3646e+06
3.4045e+06
3.4468e+06
3.483e+06
3.5069e+06
3.5166e+06
3.5152e+06
3.5088e+06
3.5034e+06
3.5019e+06
3.5026e+06
3.5e+06
3.4882e+06
3.4636e+06
3.4276e+06
3.3864e+06
3.349e+06
3.3238e+06
3.3156e+06
3.3235e+06
3.3422e+06
3.3641e+06
3.3828e+06
3.3955e+06
3.4039e+06
3.413e+06
3.4289e+06
3.4553e+06
3.4913e+06
3.5313e+06
3.5667e+06
3.5899e+06
3.5967e+06
3.5881e+06
3.5696e+06
3.5485e+06
3.5306e+06
3.5176e+06
3.507e+06
3.4936e+06
3.4729e+06
3.4434e+06
3.4082e+06
3.3738e+06
3.3482e+06
3.3379e+06
3.3452e+06
3.3674e+06
3.398e+06
3.4293e+06
3.4554e+06
3.4741e+06
3.4874e+06
3.4998e+06
3.5163e+06
3.5388e+06
3.5648e+06
3.5883e+06
3.6018e+06
3.6002e+06
3.5823e+06
3.5524e+06
3.5177e+06
3.4865e+06
3.4643e+06
3.4525e+06
3.4483e+06
3.4469e+06
3.4438e+06
3.4373e+06
3.4297e+06
3.4259e+06
3.4318e+06
3.4515e+06
3.4847e+06
3.5264e+06
3.5681e+06
3.601e+06
3.6188e+06
3.6201e+06
3.6082e+06
3.5899e+06
3.5725e+06
3.5601e+06
3.5527e+06
3.5463e+06
3.5351e+06
3.5153e+06
3.4863e+06
3.4521e+06
3.4197e+06
3.3967e+06
3.3885e+06
3.3963e+06
3.4164e+06
3.4422e+06
3.4662e+06
3.4829e+06
3.4909e+06
3.4928e+06
3.4939e+06
3.4995e+06
3.512e+06
3.5295e+06
3.5459e+06
3.554e+06
3.5483e+06
3.5273e+06
3.495e+06
3.4586e+06
3.4272e+06
3.4074e+06
3.4021e+06
3.4093e+06
3.4235e+06
3.4386e+06
3.4498e+06
3.456e+06
3.4595e+06
3.4652e+06
3.4783e+06
3.5011e+06
3.5319e+06
3.5648e+06
3.5916e+06
3.605e+06
3.6015e+06
3.5823e+06
3.5531e+06
3.5219e+06
3.4958e+06
3.4785e+06
3.4695e+06
3.4647e+06
3.4593e+06
3.4496e+06
3.4355e+06
3.4206e+06
3.4111e+06
3.4135e+06
3.4322e+06
3.4667e+06
3.5114e+06
3.5567e+06
3.5926e+06
3.6116e+06
3.6114e+06
3.5951e+06
3.5704e+06
3.5459e+06
3.5281e+06
3.5189e+06
3.5152e+06
3.511e+06
3.5005e+06
3.4804e+06
3.4524e+06
3.4219e+06
3.3975e+06
3.3875e+06
3.397e+06
3.4256e+06
3.4673e+06
3.512e+06
3.549e+06
3.5699e+06
3.5717e+06
3.5567e+06
3.5317e+06
3.5054e+06
3.4845e+06
3.4722e+06
3.4668e+06
3.4637e+06
3.4579e+06
3.4466e+06
3.4305e+06
3.4134e+06
3.4015e+06
3.4006e+06
3.4141e+06
3.4413e+06
3.4776e+06
3.5152e+06
3.5464e+06
3.5654e+06
3.5704e+06
3.5641e+06
3.5519e+06
3.5401e+06
3.5331e+06
3.5316e+06
3.5327e+06
3.5314e+06
3.5233e+06
3.5065e+06
3.4828e+06
3.4575e+06
3.4376e+06
3.43e+06
3.4389e+06
3.4642e+06
3.5011e+06
3.5413e+06
3.576e+06
3.5977e+06
3.603e+06
3.5929e+06
3.5724e+06
3.548e+06
3.5258e+06
3.5088e+06
3.4967e+06
3.4864e+06
3.4742e+06
3.4576e+06
3.4367e+06
3.4148e+06
3.3969e+06
3.3889e+06
3.3948e+06
3.4158e+06
3.4489e+06
3.4877e+06
3.5241e+06
3.5508e+06
3.5628e+06
3.5591e+06
3.5424e+06
3.5177e+06
3.4909e+06
3.4666e+06
3.4469e+06
3.4315e+06
3.4189e+06
3.4072e+06
3.3959e+06
3.3857e+06
3.3792e+06
3.3792e+06
3.388e+06
3.4063e+06
3.4322e+06
3.4614e+06
3.4886e+06
3.5086e+06
3.518e+06
3.5163e+06
3.5056e+06
3.4898e+06
3.4734e+06
3.4596e+06
3.45e+06
3.4443e+06
3.4411e+06
3.439e+06
3.4374e+06
3.4373e+06
3.4409e+06
3.4509e+06
3.4694e+06
3.4965e+06
3.5293e+06
3.5622e+06
3.5883e+06
3.601e+06
3.5964e+06
3.5743e+06
3.5391e+06
3.4983e+06
3.4604e+06
3.4333e+06
3.4213e+06
3.4247e+06
3.44e+06
3.4614e+06
3.4822e+06
3.4972e+06
3.5039e+06
3.5027e+06
3.4971e+06
3.4918e+06
3.4911e+06
3.4965e+06
3.5063e+06
3.5157e+06
3.5189e+06
3.5111e+06
3.4904e+06
3.4589e+06
3.4221e+06
3.3873e+06
3.3623e+06
3.3527e+06
3.3608e+06
3.3847e+06
3.4188e+06
3.4555e+06
3.4872e+06
3.5078e+06
3.5146e+06
3.5078e+06
3.4905e+06
3.467e+06
3.4416e+06
3.4173e+06
3.3955e+06
3.3764e+06
3.3598e+06
3.3458e+06
3.3354e+06
3.3306e+06
3.3332e+06
3.3447e+06
3.3647e+06
3.3907e+06
3.4182e+06
3.4411e+06
3.4536e+06
3.4517e+06
3.4344e+06
3.4042e+06
3.3666e+06
3.3288e+06
3.2978e+06
3.2788e+06
3.2735e+06
3.2805e+06
3.2956e+06
3.3136e+06
3.3293e+06
3.3394e+06
3.3428e+06
3.3409e+06
3.3373e+06
3.3353e+06
3.3372e+06
3.3426e+06
3.3485e+06
3.3501e+06
3.3429e+06
3.3245e+06
3.2953e+06
3.259e+06
3.2218e+06
3.191e+06
3.1734e+06
3.173e+06
3.1903e+06
3.2215e+06
3.2594e+06
3.2952e+06
3.3208e+06
3.3309e+06
3.3236e+06
3.3014e+06
3.2698e+06
3.2358e+06
3.2062e+06
3.1856e+06
3.1763e+06
3.1773e+06
3.1859e+06
3.1985e+06
3.2116e+06
3.223e+06
3.2322e+06
3.24e+06
3.2479e+06
3.2571e+06
3.2674e+06
3.2769e+06
3.2826e+06
3.2813e+06
3.2712e+06
3.2524e+06
3.2279e+06
3.2021e+06
3.1808e+06
3.1689e+06
3.1697e+06
3.1835e+06
3.2075e+06
3.2363e+06
3.2629e+06
3.2808e+06
3.2855e+06
3.2755e+06
3.2528e+06
3.2222e+06
3.1903e+06
3.1635e+06
3.1463e+06
3.1408e+06
3.1462e+06
3.159e+06
3.1749e+06
3.1893e+06
3.1984e+06
3.2008e+06
3.1968e+06
3.1886e+06
3.1792e+06
3.1714e+06
3.1661e+06
3.1628e+06
3.1594e+06
3.1535e+06
3.1438e+06
3.1303e+06
3.1148e+06
3.1003e+06
3.0906e+06
3.0885e+06
3.096e+06
3.1124e+06
3.1348e+06
3.1581e+06
3.1765e+06
3.1846e+06
3.1792e+06
3.16e+06
3.13e+06
3.0949e+06
3.0618e+06
3.0373e+06
3.0263e+06
3.0304e+06
3.0481e+06
3.0748e+06
3.104e+06
3.129e+06
3.1443e+06
3.147e+06
3.1372e+06
3.1176e+06
3.0933e+06
3.0695e+06
3.0509e+06
3.04e+06
3.0373e+06
3.0415e+06
3.0502e+06
3.0606e+06
3.0702e+06
3.0774e+06
3.0818e+06
3.0839e+06
3.0849e+06
3.0859e+06
3.087e+06
3.0874e+06
3.0852e+06
3.0784e+06
3.0655e+06
3.0468e+06
3.0241e+06
3.001e+06
2.9816e+06
2.9701e+06
2.9695e+06
2.9808e+06
3.0025e+06
3.0305e+06
3.059e+06
3.0814e+06
3.0924e+06
3.0887e+06
3.0702e+06
3.04e+06
3.0038e+06
2.9682e+06
2.94e+06
2.924e+06
2.9223e+06
2.9338e+06
2.9544e+06
2.9782e+06
2.9987e+06
3.0102e+06
3.0096e+06
2.9963e+06
2.9727e+06
2.9433e+06
2.9137e+06
2.889e+06
2.8728e+06
2.8667e+06
2.8698e+06
2.8793e+06
2.8914e+06
2.9021e+06
2.9081e+06
2.9077e+06
2.9007e+06
2.8887e+06
2.8744e+06
2.8606e+06
2.8492e+06
2.8413e+06
2.8368e+06
2.8347e+06
2.8338e+06
2.8329e+06
2.8313e+06
2.8287e+06
2.8255e+06
2.8224e+06
2.8201e+06
2.8191e+06
2.819e+06
2.8185e+06
2.8161e+06
2.8101e+06
2.7996e+06
2.7848e+06
2.7673e+06
2.7495e+06
2.7346e+06
2.7254e+06
2.7238e+06
2.7304e+06
2.744e+06
2.7616e+06
2.7791e+06
2.7919e+06
2.7964e+06
2.7908e+06
2.7756e+06
2.7537e+06
2.7295e+06
2.7082e+06
2.6948e+06
2.6922e+06
2.7016e+06
2.7209e+06
2.7459e+06
2.7709e+06
2.7901e+06
2.7985e+06
2.7939e+06
2.7767e+06
2.7503e+06
2.72e+06
2.6922e+06
2.6726e+06
2.6654e+06
2.6717e+06
2.6898e+06
2.715e+06
2.7412e+06
2.7617e+06
2.771e+06
2.7661e+06
2.7468e+06
2.7163e+06
2.68e+06
2.6447e+06
2.6167e+06
2.601e+06
2.5996e+06
2.6116e+06
2.6334e+06
2.6593e+06
2.683e+06
2.6989e+06
2.7032e+06
2.6949e+06
2.6757e+06
2.6501e+06
2.6235e+06
2.6018e+06
2.5893e+06
2.5881e+06
2.5979e+06
2.6161e+06
2.6384e+06
2.6597e+06
2.6752e+06
2.6815e+06
2.6769e+06
2.6626e+06
2.6416e+06
2.6184e+06
2.5975e+06
2.5826e+06
2.5758e+06
2.5772e+06
2.5849e+06
2.5961e+06
2.6073e+06
2.615e+06
2.6166e+06
2.6109e+06
2.5985e+06
2.5817e+06
2.5639e+06
2.5488e+06
2.5393e+06
2.5368e+06
2.5411e+06
2.5508e+06
2.5632e+06
2.5755e+06
2.5848e+06
2.5888e+06
2.5866e+06
2.5786e+06
2.5667e+06
2.5537e+06
2.5429e+06
2.5366e+06
2.5361e+06
2.5411e+06
2.5502e+06
2.5611e+06
2.571e+06
2.5773e+06
2.5778e+06
2.5715e+06
2.5588e+06
2.5416e+06
2.5229e+06
2.5062e+06
2.4945e+06
2.4898e+06
2.4923e+06
2.5009e+06
2.5136e+06
2.5276e+06
2.5396e+06
2.5469e+06
2.5474e+06
2.5402e+06
2.5261e+06
2.5077e+06
2.4883e+06
2.4717e+06
2.461e+06
2.4578e+06
2.4621e+06
2.4727e+06
2.4871e+06
2.5024e+06
2.5152e+06
2.5227e+06
2.5234e+06
2.5169e+06
2.5048e+06
2.49e+06
2.4761e+06
2.4662e+06
2.463e+06
2.4674e+06
2.4789e+06
2.4957e+06
2.515e+06
2.5335e+06
2.5478e+06
2.5553e+06
2.5549e+06
2.5471e+06
2.5343e+06
2.52e+06
2.5081e+06
2.5016e+06
2.5025e+06
2.5109e+06
2.5252e+06
2.5428e+06
2.5599e+06
2.573e+06
2.5788e+06
2.5757e+06
2.5639e+06
2.5456e+06
2.5248e+06
2.5059e+06
2.4935e+06
2.4908e+06
2.4989e+06
2.5169e+06
2.5417e+06
2.5686e+06
2.5923e+06
2.608e+06
2.6121e+06
2.6033e+06
2.5831e+06
2.5553e+06
2.5254e+06
2.4995e+06
2.4831e+06
2.4798e+06
2.4905e+06
2.5135e+06
2.5445e+06
2.5776e+06
2.6065e+06
2.6254e+06
2.6308e+06
2.6217e+06
2.6002e+06
2.5707e+06
2.5392e+06
2.512e+06
2.4946e+06
2.4902e+06
2.4994e+06
2.5202e+06
2.5482e+06
2.5779e+06
2.6038e+06
2.6215e+06
2.6286e+06
2.6249e+06
2.6129e+06
2.5966e+06
2.5808e+06
2.57e+06
2.5677e+06
2.575e+06
2.5914e+06
2.614e+06
2.639e+06
2.6619e+06
2.6789e+06
2.6877e+06
2.6878e+06
2.6804e+06
2.6682e+06
2.6544e+06
2.6424e+06
2.6348e+06
2.633e+06
2.6373e+06
2.6466e+06
2.6588e+06
2.6712e+06
2.6811e+06
2.6866e+06
2.6868e+06
2.6816e+06
2.6722e+06
2.6602e+06
2.6474e+06
2.6354e+06
2.6258e+06
2.6196e+06
2.6176e+06
2.6198e+06
2.6258e+06
2.6348e+06
2.6453e+06
2.6557e+06
2.6646e+06
2.6704e+06
2.6717e+06
2.6677e+06
2.6579e+06
2.6431e+06
2.6248e+06
2.6056e+06
2.5885e+06
2.5765e+06
2.5718e+06
2.5754e+06
2.5869e+06
2.6043e+06
2.6244e+06
2.6434e+06
2.6575e+06
2.6636e+06
2.6603e+06
2.648e+06
2.6292e+06
2.6077e+06
2.5884e+06
2.5754e+06
2.5721e+06
2.5796e+06
2.597e+06
2.6211e+06
2.6477e+06
2.6718e+06
2.6892e+06
2.6972e+06
2.6948e+06
2.6835e+06
2.6662e+06
2.6466e+06
2.6288e+06
2.6158e+06
2.6097e+06
2.611e+06
2.6186e+06
2.6307e+06
2.6446e+06
2.6578e+06
2.6683e+06
2.675e+06
2.6777e+06
2.6768e+06
2.6727e+06
2.6655e+06
2.6552e+06
2.6417e+06
2.6257e+06
2.6081e+06
2.591e+06
2.5767e+06
2.5674e+06
2.5652e+06
2.5711e+06
2.5849e+06
2.6047e+06
2.6274e+06
2.6485e+06
2.6633e+06
2.6682e+06
2.6613e+06
2.6434e+06
2.6176e+06
2.5892e+06
2.5641e+06
2.5477e+06
2.5439e+06
2.5538e+06
2.5756e+06
2.605e+06
2.636e+06
2.6625e+06
2.6794e+06
2.6837e+06
2.6754e+06
2.657e+06
2.6332e+06
2.6092e+06
2.5898e+06
2.5786e+06
2.5769e+06
2.5843e+06
2.5986e+06
2.6169e+06
2.6361e+06
2.6538e+06
2.6684e+06
2.68e+06
2.6892e+06
2.6972e+06
2.7044e+06
2.7103e+06
2.7138e+06
2.7135e+06
2.7087e+06
2.7001e+06
2.6895e+06
2.68e+06
2.6749e+06
2.6773e+06
2.689e+06
2.7098e+06
2.7375e+06
2.7676e+06
2.7945e+06
2.8127e+06
2.8181e+06
2.8092e+06
2.7877e+06
2.7581e+06
2.7265e+06
2.6997e+06
2.6832e+06
2.6802e+06
2.691e+06
2.7129e+06
2.7412e+06
2.7704e+06
2.7954e+06
2.8126e+06
2.8209e+06
2.8214e+06
2.8168e+06
2.8101e+06
2.804e+06
2.7998e+06
2.7973e+06
2.7956e+06
2.7938e+06
2.7917e+06
2.7898e+06
2.7899e+06
2.7941e+06
2.8042e+06
2.8214e+06
2.8449e+06
2.8721e+06
2.8987e+06
2.9192e+06
2.9292e+06
2.9258e+06
2.9092e+06
2.8824e+06
2.8508e+06
2.8211e+06
2.7994e+06
2.79e+06
2.7944e+06
2.8113e+06
2.8368e+06
2.8658e+06
2.8934e+06
2.9157e+06
2.9309e+06
2.9394e+06
2.9428e+06
2.9435e+06
2.9433e+06
2.9428e+06
2.9411e+06
2.9369e+06
2.9295e+06
2.9191e+06
2.9076e+06
2.8981e+06
2.8944e+06
2.8997e+06
2.9158e+06
2.9418e+06
2.9743e+06
3.0079e+06
3.0359e+06
3.0528e+06
3.0549e+06
3.042e+06
3.017e+06
2.9856e+06
2.9543e+06
2.9292e+06
2.9142e+06
2.9106e+06
2.9169e+06
2.9297e+06
2.9453e+06
2.9604e+06
2.9729e+06
2.9825e+06
2.9905e+06
2.9985e+06
3.008e+06
3.019e+06
3.0298e+06
3.0372e+06
3.0384e+06
3.0312e+06
3.0162e+06
2.9958e+06
2.9748e+06
2.9583e+06
2.951e+06
2.9556e+06
2.972e+06
2.9976e+06
3.0279e+06
3.0579e+06
3.0833e+06
3.1018e+06
3.1132e+06
3.1193e+06
3.1228e+06
3.1259e+06
3.1294e+06
3.1322e+06
3.1326e+06
3.1285e+06
3.1193e+06
3.106e+06
3.0919e+06
3.0813e+06
3.0784e+06
3.0867e+06
3.1068e+06
3.1365e+06
3.1709e+06
3.2036e+06
3.2283e+06
3.2407e+06
3.2395e+06
3.2267e+06
3.207e+06
3.1859e+06
3.1683e+06
3.1568e+06
3.1517e+06
3.1511e+06
3.1525e+06
3.1536e+06
3.1537e+06
3.1539e+06
3.1567e+06
3.165e+06
3.1813e+06
3.2055e+06
3.2353e+06
3.2653e+06
3.2895e+06
3.3024e+06
3.3008e+06
3.2853e+06
3.2596e+06
3.2297e+06
3.2024e+06
3.1829e+06
3.1739e+06
3.175e+06
3.1837e+06
3.196e+06
3.2089e+06
3.2205e+06
3.2309e+06
3.2418e+06
3.2552e+06
3.2722e+06
3.2918e+06
3.3108e+06
3.3245e+06
3.3284e+06
3.3201e+06
3.2999e+06
3.2717e+06
3.2419e+06
3.2172e+06
3.2034e+06
3.2033e+06
3.216e+06
3.2376e+06
3.2625e+06
3.2856e+06
3.3032e+06
3.3147e+06
3.3218e+06
3.3279e+06
3.3362e+06
3.3481e+06
3.3621e+06
3.3742e+06
3.3798e+06
3.3752e+06
3.3595e+06
3.3352e+06
3.3078e+06
3.284e+06
3.2698e+06
3.2686e+06
3.28e+06
3.3005e+06
3.3247e+06
3.3473e+06
3.3646e+06
3.3758e+06
3.3828e+06
3.3892e+06
3.3983e+06
3.4114e+06
3.4266e+06
3.4395e+06
3.445e+06
3.4393e+06
3.4219e+06
3.3961e+06
3.368e+06
3.3451e+06
3.3335e+06
3.3358e+06
3.3506e+06
3.3728e+06
3.3959e+06
3.414e+06
3.424e+06
3.4264e+06
3.4252e+06
3.4259e+06
3.4331e+06
3.4481e+06
3.4677e+06
3.4852e+06
3.4931e+06
3.486e+06
3.4626e+06
3.4268e+06
3.3866e+06
3.3513e+06
3.3289e+06
3.3233e+06
3.3329e+06
3.352e+06
3.3733e+06
3.3904e+06
3.4e+06
3.4033e+06
3.4053e+06
3.4125e+06
3.4304e+06
3.4598e+06
3.4966e+06
3.5323e+06
3.5574e+06
3.5647e+06
3.552e+06
3.5229e+06
3.4858e+06
3.4507e+06
3.4263e+06
3.4171e+06
3.4219e+06
3.4353e+06
3.4505e+06
3.4619e+06
3.467e+06
3.4676e+06
3.4682e+06
3.4742e+06
3.4892e+06
3.5131e+06
3.5417e+06
3.5679e+06
3.585e+06
3.5889e+06
3.5794e+06
3.5609e+06
3.5397e+06
3.5221e+06
3.5115e+06
3.5076e+06
3.5071e+06
3.5058e+06
3.5006e+06
3.4918e+06
3.4828e+06
3.4793e+06
3.4865e+06
3.5075e+06
3.5406e+06
3.5803e+06
3.6183e+06
3.6471e+06
3.662e+06
3.6635e+06
3.656e+06
3.6467e+06
3.6419e+06
3.6444e+06
3.6521e+06
3.6597e+06
3.6604e+06
3.6504e+06
3.63e+06
3.604e+06
3.5808e+06
3.5686e+06
3.573e+06
3.594e+06
3.6269e+06
3.6634e+06
3.6953e+06
3.7172e+06
3.7284e+06
3.7328e+06
3.7372e+06
3.7476e+06
3.7668e+06
3.792e+06
3.8165e+06
3.8323e+06
3.8338e+06
3.8202e+06
3.7962e+06
3.77e+06
3.7502e+06
3.7421e+06
3.746e+06
3.7572e+06
3.7686e+06
3.7742e+06
3.7714e+06
3.7629e+06
3.7556e+06
3.7577e+06
3.7753e+06
3.8092e+06
3.8538e+06
3.8991e+06
3.9342e+06
3.9518e+06
3.9507e+06
3.936e+06
3.9169e+06
3.9031e+06
3.8998e+06
3.9058e+06
3.9143e+06
3.9164e+06
3.9051e+06
3.8789e+06
3.8424e+06
3.8049e+06
3.7769e+06
3.766e+06
3.7739e+06
3.7957e+06
3.8224e+06
3.8446e+06
3.8562e+06
3.8563e+06
3.8493e+06
3.8426e+06
3.8429e+06
3.8529e+06
3.8698e+06
3.8867e+06
3.8958e+06
3.892e+06
3.8752e+06
3.8499e+06
3.8237e+06
3.8032e+06
3.7914e+06
3.7866e+06
3.7838e+06
3.7774e+06
3.7647e+06
3.7469e+06
3.7293e+06
3.719e+06
3.7216e+06
3.7385e+06
3.7658e+06
3.7962e+06
3.8216e+06
3.8371e+06
3.8427e+06
3.8431e+06
3.8458e+06
3.857e+06
3.8778e+06
3.9034e+06
3.9246e+06
3.932e+06
3.9204e+06
3.8904e+06
3.8492e+06
3.8077e+06
3.7758e+06
3.7589e+06
3.7555e+06
3.7592e+06
3.7619e+06
3.7579e+06
3.7467e+06
3.7329e+06
3.7241e+06
3.7275e+06
3.7458e+06
3.7755e+06
3.8085e+06
3.8353e+06
3.8489e+06
3.8479e+06
3.8368e+06
3.8234e+06
3.8154e+06
3.816e+06
3.8221e+06
3.8261e+06
3.8198e+06
3.7981e+06
3.7623e+06
3.7193e+06
3.6791e+06
3.6503e+06
3.6365e+06
3.6346e+06
3.6368e+06
3.635e+06
3.6243e+06
3.6055e+06
3.5854e+06
3.5734e+06
3.5775e+06
3.6004e+06
3.6375e+06
3.6793e+06
3.7151e+06
3.7375e+06
3.7456e+06
3.7445e+06
3.7424e+06
3.7469e+06
3.7602e+06
3.7783e+06
3.7931e+06
3.7965e+06
3.7846e+06
3.7594e+06
3.7282e+06
3.7002e+06
3.6819e+06
3.6744e+06
3.6734e+06
3.6715e+06
3.6628e+06
3.6457e+06
3.6242e+06
3.6059e+06
3.5987e+06
3.6066e+06
3.6275e+06
3.6541e+06
3.6771e+06
3.6898e+06
3.6905e+06
3.6838e+06
3.6779e+06
3.6806e+06
3.695e+06
3.7175e+06
3.7395e+06
3.7515e+06
3.7475e+06
3.7278e+06
3.6985e+06
3.6686e+06
3.6456e+06
3.6319e+06
3.6241e+06
3.6154e+06
3.5994e+06
3.574e+06
3.5422e+06
3.5113e+06
3.4892e+06
3.4803e+06
3.4839e+06
3.4945e+06
3.5045e+06
3.5085e+06
3.5059e+06
3.5007e+06
3.5001e+06
3.5099e+06
3.5317e+06
3.5608e+06
3.589e+06
3.6079e+06
3.6133e+06
3.6069e+06
3.5952e+06
3.5864e+06
3.5857e+06
3.5922e+06
3.5997e+06
3.6e+06
3.5868e+06
3.5597e+06
3.5241e+06
3.4892e+06
3.4636e+06
3.4512e+06
3.4496e+06
3.4521e+06
3.4509e+06
3.442e+06
3.4265e+06
3.4102e+06
3.4009e+06
3.4038e+06
3.4192e+06
3.4418e+06
3.464e+06
3.4793e+06
3.486e+06
3.4874e+06
3.4898e+06
3.4992e+06
3.517e+06
3.5387e+06
3.5563e+06
3.5623e+06
3.5532e+06
3.532e+06
3.5061e+06
3.4842e+06
3.4713e+06
3.4662e+06
3.4623e+06
3.4517e+06
3.4293e+06
3.396e+06
3.3582e+06
3.3252e+06
3.3043e+06
3.2969e+06
3.2981e+06
3.2996e+06
3.2936e+06
3.2774e+06
3.254e+06
3.2313e+06
3.2178e+06
3.2187e+06
3.2332e+06
3.2548e+06
3.2752e+06
3.2882e+06
3.2922e+06
3.2905e+06
3.2886e+06
3.2909e+06
3.2976e+06
3.3048e+06
3.3068e+06
3.2996e+06
3.2833e+06
3.2624e+06
3.2434e+06
3.2307e+06
3.2248e+06
3.2213e+06
3.2139e+06
3.1979e+06
3.1732e+06
3.1438e+06
3.1166e+06
3.0966e+06
3.085e+06
3.0781e+06
3.0698e+06
3.0554e+06
3.0342e+06
3.0109e+06
2.9928e+06
2.9866e+06
2.9943e+06
3.0118e+06
3.0312e+06
3.0442e+06
3.0471e+06
3.042e+06
3.0363e+06
3.0383e+06
3.0529e+06
3.0784e+06
3.1072e+06
3.1298e+06
3.1395e+06
3.1355e+06
3.1228e+06
3.109e+06
3.1002e+06
3.0971e+06
3.0952e+06
3.0876e+06
3.0696e+06
3.0413e+06
3.0081e+06
2.9774e+06
2.9552e+06
2.942e+06
2.9334e+06
2.9224e+06
2.9041e+06
2.8786e+06
2.8508e+06
2.8288e+06
2.8188e+06
2.8221e+06
2.8344e+06
2.8481e+06
2.8565e+06
2.8572e+06
2.853e+06
2.8504e+06
2.8556e+06
2.871e+06
2.8939e+06
2.9179e+06
2.9373e+06
2.9496e+06
2.9576e+06
2.9665e+06
2.9811e+06
3.0019e+06
3.0242e+06
3.0407e+06
3.0456e+06
3.0379e+06
3.0222e+06
3.0063e+06
2.9969e+06
2.9953e+06
2.997e+06
2.9941e+06
2.9804e+06
2.9549e+06
2.9223e+06
2.8908e+06
2.8675e+06
2.8541e+06
2.8464e+06
2.8373e+06
2.8206e+06
2.7958e+06
2.7675e+06
2.7438e+06
2.7312e+06
2.7312e+06
2.739e+06
2.7467e+06
2.7479e+06
2.7414e+06
2.7319e+06
2.7277e+06
2.7357e+06
2.7575e+06
2.7877e+06
2.8168e+06
2.8366e+06
2.844e+06
2.8425e+06
2.8396e+06
2.8431e+06
2.8559e+06
2.8748e+06
2.8929e+06
2.9041e+06
2.9065e+06
2.9033e+06
2.9003e+06
2.9016e+06
2.9067e+06
2.9105e+06
2.9065e+06
2.8914e+06
2.8671e+06
2.8404e+06
2.8189e+06
2.8062e+06
2.7998e+06
2.7924e+06
2.7767e+06
2.7497e+06
2.7151e+06
2.6815e+06
2.6577e+06
2.6477e+06
2.6483e+06
2.6511e+06
2.6476e+06
2.6341e+06
2.6136e+06
2.5937e+06
2.5828e+06
2.5848e+06
2.5967e+06
2.6111e+06
2.6204e+06
2.6215e+06
2.6174e+06
2.6156e+06
2.6233e+06
2.643e+06
2.6709e+06
2.699e+06
2.7202e+06
2.732e+06
2.738e+06
2.745e+06
2.759e+06
2.7809e+06
2.806e+06
2.827e+06
2.8385e+06
2.8403e+06
2.8371e+06
2.8354e+06
2.8393e+06
2.8477e+06
2.8554e+06
2.8565e+06
2.8487e+06
2.8345e+06
2.8198e+06
2.8094e+06
2.8045e+06
2.8007e+06
2.792e+06
2.7739e+06
2.747e+06
2.7166e+06
2.6897e+06
2.6709e+06
2.6591e+06
2.6491e+06
2.6347e+06
2.6132e+06
2.5871e+06
2.5625e+06
2.5458e+06
2.5389e+06
2.5384e+06
2.5377e+06
2.5313e+06
2.518e+06
2.5023e+06
2.4912e+06
2.4902e+06
2.4995e+06
2.5139e+06
2.526e+06
2.5314e+06
2.531e+06
2.5309e+06
2.5383e+06
2.5567e+06
2.5829e+06
2.6091e+06
2.6271e+06
2.6339e+06
2.6332e+06
2.6337e+06
2.6437e+06
2.6657e+06
2.6948e+06
2.7217e+06
2.7383e+06
2.7425e+06
2.7393e+06
2.7369e+06
2.742e+06
2.7549e+06
2.7698e+06
2.7789e+06
2.7777e+06
2.7677e+06
2.7554e+06
2.7479e+06
2.7484e+06
2.7535e+06
2.7562e+06
2.7502e+06
2.7338e+06
2.7108e+06
2.6876e+06
2.6688e+06
2.6546e+06
2.6412e+06
2.6241e+06
2.6019e+06
2.5777e+06
2.557e+06
2.5438e+06
2.5374e+06
2.5326e+06
2.5229e+06
2.5052e+06
2.4817e+06
2.4594e+06
2.4455e+06
2.4425e+06
2.4466e+06
2.4499e+06
2.4455e+06
2.4321e+06
2.4146e+06
2.402e+06
2.4009e+06
2.412e+06
2.4286e+06
2.4419e+06
2.4457e+06
2.4407e+06
2.4338e+06
2.4335e+06
2.4445e+06
2.4646e+06
2.4859e+06
2.5005e+06
2.5055e+06
2.5048e+06
2.5065e+06
2.5172e+06
2.5371e+06
2.56e+06
2.5772e+06
2.5837e+06
2.5812e+06
2.5778e+06
2.5819e+06
2.5973e+06
2.6193e+06
2.6388e+06
2.6474e+06
2.6435e+06
2.6327e+06
2.6244e+06
2.6255e+06
2.6357e+06
2.6479e+06
2.6535e+06
2.6477e+06
2.633e+06
2.6169e+06
2.6067e+06
2.6046e+06
2.6062e+06
2.6041e+06
2.5928e+06
2.5727e+06
2.5494e+06
2.5295e+06
2.5162e+06
2.5069e+06
2.4958e+06
2.4778e+06
2.453e+06
2.4257e+06
2.4019e+06
2.3846e+06
2.3715e+06
2.3568e+06
2.3356e+06
2.3073e+06
2.2765e+06
2.25e+06
2.2318e+06
2.2204e+06
2.2099e+06
2.194e+06
2.1702e+06
2.1415e+06
2.1143e+06
2.0941e+06
2.082e+06
2.0745e+06
2.066e+06
2.0532e+06
2.0368e+06
2.0205e+06
2.0082e+06
2.0007e+06
1.9958e+06
1.99e+06
1.9821e+06
1.9742e+06
1.9707e+06
1.9746e+06
1.9847e+06
1.9959e+06
2.0023e+06
2.001e+06
1.9945e+06
1.989e+06
1.9906e+06
2.0015e+06
2.0183e+06
2.0346e+06
2.0456e+06
2.0514e+06
2.0563e+06
2.0659e+06
2.0825e+06
2.1034e+06
2.1227e+06
2.1356e+06
2.1418e+06
2.1461e+06
2.1547e+06
2.1711e+06
2.193e+06
2.2141e+06
2.2287e+06
2.2352e+06
2.2377e+06
2.2425e+06
2.2541e+06
2.2716e+06
2.2896e+06
2.3024e+06
2.3079e+06
2.3095e+06
2.3131e+06
2.323e+06
2.3384e+06
2.3544e+06
2.3652e+06
2.3689e+06
2.3682e+06
2.3687e+06
2.3742e+06
2.3836e+06
2.3921e+06
2.3948e+06
2.3907e+06
2.3839e+06
2.3806e+06
2.3847e+06
2.3945e+06
2.4036e+06
2.4057e+06
2.3984e+06
2.3851e+06
2.3724e+06
2.3655e+06
2.3651e+06
2.3673e+06
2.367e+06
2.3623e+06
2.3551e+06
2.3488e+06
2.3454e+06
2.3432e+06
2.3383e+06
2.328e+06
2.3137e+06
2.3e+06
2.2917e+06
2.2898e+06
2.2906e+06
2.2883e+06
2.2796e+06
2.2665e+06
2.2546e+06
2.2491e+06
2.2502e+06
2.2525e+06
2.2491e+06
2.2364e+06
2.2174e+06
2.1992e+06
2.1885e+06
2.1861e+06
2.1866e+06
2.1821e+06
2.1685e+06
2.1479e+06
2.1277e+06
2.1142e+06
2.1087e+06
2.1056e+06
2.0977e+06
2.081e+06
2.0582e+06
2.036e+06
2.0206e+06
2.0124e+06
2.006e+06
1.9943e+06
1.974e+06
1.9479e+06
1.9225e+06
1.903e+06
1.8892e+06
1.876e+06
1.8578e+06
1.8332e+06
1.8064e+06
1.7842e+06
1.77e+06
1.7612e+06
1.7504e+06
1.731e+06
1.7025e+06
1.6707e+06
1.6439e+06
1.6268e+06
1.6171e+06
1.6076e+06
1.5917e+06
1.5687e+06
1.544e+06
1.5245e+06
1.5137e+06
1.5079e+06
1.5e+06
1.4844e+06
1.4611e+06
1.436e+06
1.4155e+06
1.4022e+06
1.393e+06
1.3816e+06
1.3645e+06
1.3435e+06
1.3242e+06
1.3114e+06
1.3051e+06
1.3e+06
1.29e+06
1.2725e+06
1.2509e+06
1.2315e+06
1.2186e+06
1.2111e+06
1.2035e+06
1.1905e+06
1.1715e+06
1.1512e+06
1.1359e+06
1.1283e+06
1.1246e+06
1.1178e+06
1.1028e+06
1.0804e+06
1.057e+06
1.04e+06
1.0317e+06
1.0279e+06
1.0206e+06
1.0051e+06
9.8307e+05
9.6137e+05
9.4693e+05
9.4092e+05
9.3758e+05
9.2888e+05
9.1068e+05
