1.6757e+06
1.6824e+06
1.6836e+06
1.6919e+06
1.7169e+06
1.7572e+06
1.8009e+06
1.8342e+06
1.8498e+06
1.8515e+06
1.8512e+06
1.861e+06
1.8855e+06
1.9195e+06
1.9537e+06
1.9822e+06
2.0058e+06
2.0297e+06
2.0577e+06
2.0875e+06
2.1123e+06
2.1265e+06
2.1312e+06
2.1355e+06
2.151e+06
2.1835e+06
2.228e+06
2.2716e+06
2.3021e+06
2.3157e+06
2.3191e+06
2.3255e+06
2.3455e+06
2.3806e+06
2.4221e+06
2.4585e+06
2.4825e+06
2.4949e+06
2.5034e+06
2.5168e+06
2.5398e+06
2.571e+06
2.6056e+06
2.6386e+06
2.6681e+06
2.6946e+06
2.7198e+06
2.7445e+06
2.7692e+06
2.7946e+06
2.8216e+06
2.8502e+06
2.8785e+06
2.9028e+06
2.9202e+06
2.931e+06
2.9404e+06
2.9558e+06
2.9825e+06
3.0196e+06
3.0599e+06
3.0947e+06
3.1194e+06
3.1369e+06
3.1557e+06
3.1839e+06
3.223e+06
3.2668e+06
3.3056e+06
3.3328e+06
3.3495e+06
3.3637e+06
3.3839e+06
3.4133e+06
3.4473e+06
3.4774e+06
3.4976e+06
3.5097e+06
3.5224e+06
3.5452e+06
3.582e+06
3.6274e+06
3.6708e+06
3.7026e+06
3.7198e+06
3.7274e+06
3.7333e+06
3.744e+06
3.7604e+06
3.7796e+06
3.7985e+06
3.817e+06
3.8383e+06
3.8649e+06
3.8953e+06
3.9238e+06
3.9436e+06
3.9517e+06
3.9514e+06
3.9505e+06
3.9565e+06
3.9715e+06
3.9913e+06
4.0084e+06
4.0181e+06
4.0213e+06
4.0242e+06
4.0332e+06
4.0504e+06
4.0715e+06
4.0885e+06
4.0949e+06
4.0895e+06
4.0768e+06
4.0638e+06
4.0559e+06
4.054e+06
4.0552e+06
4.0555e+06
4.0526e+06
4.0462e+06
4.0374e+06
4.0265e+06
4.0131e+06
3.9967e+06
3.9791e+06
3.9637e+06
3.9545e+06
3.9531e+06
3.9563e+06
3.9578e+06
3.9503e+06
3.93e+06
3.8978e+06
3.8593e+06
3.8216e+06
3.7904e+06
3.768e+06
3.7531e+06
3.7427e+06
3.7331e+06
3.7209e+06
3.7036e+06
3.6795e+06
3.6489e+06
3.6141e+06
3.5795e+06
3.5494e+06
3.5262e+06
3.5081e+06
3.4905e+06
3.468e+06
3.4377e+06
3.4013e+06
3.3635e+06
3.3298e+06
3.3034e+06
3.2831e+06
3.2651e+06
3.2458e+06
3.2242e+06
3.2019e+06
3.182e+06
3.1663e+06
3.1538e+06
3.1417e+06
3.1272e+06
3.1098e+06
3.0915e+06
3.0757e+06
3.065e+06
3.0601e+06
3.0602e+06
3.0639e+06
3.0708e+06
3.0808e+06
3.093e+06
3.1046e+06
3.1117e+06
3.1115e+06
3.1058e+06
3.1012e+06
3.1071e+06
3.1301e+06
3.1696e+06
3.216e+06
3.2559e+06
3.2787e+06
3.2833e+06
3.2789e+06
3.2808e+06
3.3018e+06
3.3442e+06
3.3983e+06
3.4484e+06
3.4822e+06
3.498e+06
3.5043e+06
3.5151e+06
3.5401e+06
3.5789e+06
3.6218e+06
3.6568e+06
3.6783e+06
3.6905e+06
3.7044e+06
3.7302e+06
3.7695e+06
3.813e+06
3.8468e+06
3.8608e+06
3.8554e+06
3.8412e+06
3.8332e+06
3.8414e+06
3.8646e+06
3.8921e+06
3.9112e+06
3.9149e+06
3.9058e+06
3.8928e+06
3.8847e+06
3.8835e+06
3.8836e+06
3.8762e+06
3.856e+06
3.8257e+06
3.7946e+06
3.7724e+06
3.7632e+06
3.7617e+06
3.7576e+06
3.7415e+06
3.7112e+06
3.6722e+06
3.6344e+06
3.6053e+06
3.5859e+06
3.5705e+06
3.5517e+06
3.5253e+06
3.4932e+06
3.4613e+06
3.4354e+06
3.4168e+06
3.4015e+06
3.3836e+06
3.3597e+06
3.3314e+06
3.3049e+06
3.2866e+06
3.2785e+06
3.2773e+06
3.2761e+06
3.2697e+06
3.2582e+06
3.2478e+06
3.2469e+06
3.2604e+06
3.286e+06
3.3146e+06
3.3356e+06
3.3433e+06
3.3403e+06
3.3368e+06
3.3454e+06
3.3738e+06
3.4203e+06
3.4743e+06
3.5229e+06
3.5569e+06
3.5751e+06
3.5838e+06
3.5923e+06
3.6079e+06
3.6323e+06
3.6625e+06
3.6936e+06
3.723e+06
3.7505e+06
3.7776e+06
3.8041e+06
3.8272e+06
3.8424e+06
3.8472e+06
3.8433e+06
3.8369e+06
3.8355e+06
3.8434e+06
3.8583e+06
3.8722e+06
3.8761e+06
3.8651e+06
3.841e+06
3.8111e+06
3.7842e+06
3.7647e+06
3.7506e+06
3.7353e+06
3.7121e+06
3.679e+06
3.64e+06
3.6028e+06
3.574e+06
3.5547e+06
3.5404e+06
3.5235e+06
3.4984e+06
3.4649e+06
3.4285e+06
3.3964e+06
3.3741e+06
3.3617e+06
3.3548e+06
3.3478e+06
3.3376e+06
3.3262e+06
3.3192e+06
3.3223e+06
3.3376e+06
3.3618e+06
3.3881e+06
3.4104e+06
3.4266e+06
3.4395e+06
3.4553e+06
3.479e+06
3.511e+06
3.5465e+06
3.578e+06
3.5996e+06
3.611e+06
3.6173e+06
3.6266e+06
3.6451e+06
3.6734e+06
3.7061e+06
3.7355e+06
3.7558e+06
3.7664e+06
3.7717e+06
3.7778e+06
3.7884e+06
3.8023e+06
3.814e+06
3.8171e+06
3.8085e+06
3.7897e+06
3.766e+06
3.7432e+06
3.7238e+06
3.7065e+06
3.6873e+06
3.6629e+06
3.6335e+06
3.6029e+06
3.5769e+06
3.5593e+06
3.5502e+06
3.5454e+06
3.5392e+06
3.5274e+06
3.5094e+06
3.4883e+06
3.4687e+06
3.4538e+06
3.4444e+06
3.4388e+06
3.4349e+06
3.4324e+06
3.4341e+06
3.4443e+06
3.4662e+06
3.4995e+06
3.5397e+06
3.5798e+06
3.6136e+06
3.6384e+06
3.6564e+06
3.6731e+06
3.6938e+06
3.7211e+06
3.7529e+06
3.7838e+06
3.8084e+06
3.8241e+06
3.8321e+06
3.8358e+06
3.8386e+06
3.841e+06
3.8404e+06
3.8333e+06
3.8177e+06
3.7957e+06
3.7725e+06
3.7545e+06
3.7448e+06
3.7418e+06
3.7395e+06
3.7305e+06
3.7102e+06
3.6792e+06
3.6424e+06
3.6068e+06
3.5774e+06
3.5552e+06
3.5368e+06
3.5172e+06
3.4935e+06
3.4666e+06
3.4414e+06
3.4246e+06
3.4211e+06
3.4313e+06
3.4513e+06
3.4748e+06
3.4964e+06
3.5142e+06
3.5296e+06
3.5464e+06
3.5675e+06
3.5931e+06
3.6202e+06
3.6447e+06
3.6637e+06
3.6779e+06
3.6912e+06
3.7089e+06
3.7345e+06
3.7673e+06
3.8023e+06
3.8324e+06
3.8516e+06
3.8573e+06
3.8512e+06
3.8375e+06
3.8205e+06
3.8029e+06
3.7847e+06
3.7645e+06
3.7413e+06
3.716e+06
3.6908e+06
3.6685e+06
3.6505e+06
3.6359e+06
3.6223e+06
3.6069e+06
3.5884e+06
3.5681e+06
3.5487e+06
3.5333e+06
3.524e+06
3.5206e+06
3.522e+06
3.5269e+06
3.5358e+06
3.5509e+06
3.5748e+06
3.6085e+06
3.6495e+06
3.692e+06
3.7285e+06
3.7532e+06
3.765e+06
3.7682e+06
3.771e+06
3.7816e+06
3.8039e+06
3.8349e+06
3.8662e+06
3.8876e+06
3.8926e+06
3.8805e+06
3.8573e+06
3.8317e+06
3.8111e+06
3.7976e+06
3.7874e+06
3.7731e+06
3.7486e+06
3.7127e+06
3.6701e+06
3.6297e+06
3.6006e+06
3.5875e+06
3.5888e+06
3.5974e+06
3.6042e+06
3.6031e+06
3.5926e+06
3.5771e+06
3.5643e+06
3.5619e+06
3.5742e+06
3.6001e+06
3.6347e+06
3.6715e+06
3.7056e+06
3.7348e+06
3.7601e+06
3.783e+06
3.8041e+06
3.8222e+06
3.8344e+06
3.8386e+06
3.8342e+06
3.8238e+06
3.811e+06
3.7991e+06
3.7891e+06
3.7788e+06
3.764e+06
3.7417e+06
3.7111e+06
3.6753e+06
3.6397e+06
3.6099e+06
3.5891e+06
3.5767e+06
3.5689e+06
3.5611e+06
3.5504e+06
3.5373e+06
3.5252e+06
3.5196e+06
3.5247e+06
3.542e+06
3.5689e+06
3.6005e+06
3.6314e+06
3.6582e+06
3.6805e+06
3.7004e+06
3.7209e+06
3.7433e+06
3.7667e+06
3.7876e+06
3.8022e+06
3.8084e+06
3.8067e+06
3.8001e+06
3.7922e+06
3.7854e+06
3.779e+06
3.7701e+06
3.7546e+06
3.7303e+06
3.6977e+06
3.6603e+06
3.6234e+06
3.5919e+06
3.5681e+06
3.5516e+06
3.54e+06
3.5306e+06
3.5224e+06
3.5169e+06
3.5176e+06
3.5279e+06
3.5497e+06
3.5816e+06
3.6192e+06
3.6571e+06
3.6904e+06
3.7171e+06
3.7376e+06
3.7548e+06
3.7709e+06
3.7866e+06
3.7999e+06
3.807e+06
3.8046e+06
3.7915e+06
3.7695e+06
3.7428e+06
3.7163e+06
3.6934e+06
3.6747e+06
3.6584e+06
3.6419e+06
3.6234e+06
3.6035e+06
3.5849e+06
3.5714e+06
3.5659e+06
3.569e+06
3.5787e+06
3.5916e+06
3.6043e+06
3.6157e+06
3.627e+06
3.6416e+06
3.6626e+06
3.6909e+06
3.7235e+06
3.7548e+06
3.7777e+06
3.7873e+06
3.7828e+06
3.7681e+06
3.7503e+06
3.7365e+06
3.7306e+06
3.7313e+06
3.7331e+06
3.7288e+06
3.713e+06
3.6845e+06
3.6468e+06
3.6067e+06
3.5717e+06
3.5468e+06
3.5336e+06
3.53e+06
3.532e+06
3.5362e+06
3.5416e+06
3.5497e+06
3.5637e+06
3.5863e+06
3.6178e+06
3.6551e+06
3.6929e+06
3.7252e+06
3.7481e+06
3.761e+06
3.7667e+06
3.7692e+06
3.772e+06
3.7757e+06
3.7774e+06
3.7724e+06
3.7566e+06
3.7288e+06
3.6918e+06
3.6516e+06
3.6156e+06
3.5896e+06
3.5757e+06
3.5721e+06
3.5742e+06
3.5772e+06
3.5778e+06
3.5763e+06
3.5754e+06
3.58e+06
3.594e+06
3.6193e+06
3.6541e+06
3.6939e+06
3.7328e+06
3.7659e+06
3.7906e+06
3.8066e+06
3.8155e+06
3.8194e+06
3.8194e+06
3.8153e+06
3.8061e+06
3.7909e+06
3.7699e+06
3.7448e+06
3.7183e+06
3.6934e+06
3.6721e+06
3.6548e+06
3.6411e+06
3.6302e+06
3.622e+06
3.6176e+06
3.6191e+06
3.6287e+06
3.6474e+06
3.6743e+06
3.7058e+06
3.737e+06
3.7631e+06
3.781e+06
3.7901e+06
3.7926e+06
3.7917e+06
3.7901e+06
3.7882e+06
3.784e+06
3.7738e+06
3.7543e+06
3.7246e+06
3.6874e+06
3.6485e+06
3.615e+06
3.5933e+06
3.5868e+06
3.5945e+06
3.6122e+06
3.6343e+06
3.6554e+06
3.6728e+06
3.6864e+06
3.6989e+06
3.7139e+06
3.7341e+06
3.7599e+06
3.7888e+06
3.8163e+06
3.8379e+06
3.8505e+06
3.8533e+06
3.8481e+06
3.8374e+06
3.8238e+06
3.808e+06
3.7894e+06
3.7667e+06
3.7394e+06
3.7085e+06
3.6772e+06
3.6501e+06
3.6315e+06
3.6243e+06
3.6287e+06
3.6422e+06
3.661e+06
3.6811e+06
3.7e+06
3.7175e+06
3.7355e+06
3.7567e+06
3.7826e+06
3.8122e+06
3.8417e+06
3.8654e+06
3.878e+06
3.8764e+06
3.8611e+06
3.8359e+06
3.8065e+06
3.7785e+06
3.7554e+06
3.7379e+06
3.7242e+06
3.7119e+06
3.6997e+06
3.6885e+06
3.6819e+06
3.6845e+06
3.7009e+06
3.7324e+06
3.7766e+06
3.8267e+06
3.8739e+06
3.9095e+06
3.9277e+06
3.9273e+06
3.9118e+06
3.888e+06
3.8631e+06
3.8424e+06
3.8274e+06
3.8157e+06
3.8032e+06
3.7861e+06
3.7632e+06
3.7366e+06
3.7111e+06
3.6925e+06
3.6858e+06
3.6931e+06
3.7134e+06
3.7428e+06
3.7762e+06
3.8091e+06
3.8386e+06
3.8639e+06
3.886e+06
3.9057e+06
3.923e+06
3.936e+06
3.9416e+06
3.9367e+06
3.9202e+06
3.8937e+06
3.862e+06
3.8314e+06
3.8084e+06
3.797e+06
3.7982e+06
3.8092e+06
3.8255e+06
3.8421e+06
3.8555e+06
3.8645e+06
3.8707e+06
3.8775e+06
3.8882e+06
3.9046e+06
3.9256e+06
3.9472e+06
3.9641e+06
3.9714e+06
3.9667e+06
3.9511e+06
3.9285e+06
3.9042e+06
3.8829e+06
3.867e+06
3.8559e+06
3.8469e+06
3.8368e+06
3.8238e+06
3.8084e+06
3.7936e+06
3.7845e+06
3.7863e+06
3.8022e+06
3.8323e+06
3.8725e+06
3.9157e+06
3.9537e+06
3.9801e+06
3.9917e+06
3.9893e+06
3.9769e+06
3.9602e+06
3.9439e+06
3.9303e+06
3.9191e+06
3.908e+06
3.8945e+06
3.8777e+06
3.8589e+06
3.8419e+06
3.8318e+06
3.8332e+06
3.8487e+06
3.8774e+06
3.9149e+06
3.9546e+06
3.9891e+06
4.0128e+06
4.023e+06
4.0206e+06
4.0093e+06
3.9935e+06
3.9772e+06
3.9619e+06
3.9468e+06
3.9298e+06
3.9088e+06
3.8836e+06
3.856e+06
3.8302e+06
3.8112e+06
3.8036e+06
3.8096e+06
3.8282e+06
3.8555e+06
3.885e+06
3.9101e+06
3.9258e+06
3.93e+06
3.9236e+06
3.9104e+06
3.8949e+06
3.8806e+06
3.8689e+06
3.8585e+06
3.8468e+06
3.8313e+06
3.8114e+06
3.7889e+06
3.7681e+06
3.7544e+06
3.7535e+06
3.7686e+06
3.7999e+06
3.8435e+06
3.8928e+06
3.9397e+06
3.9767e+06
3.9988e+06
4.0045e+06
3.9959e+06
3.9772e+06
3.954e+06
3.9311e+06
3.9115e+06
3.8963e+06
3.8853e+06
3.8777e+06
3.873e+06
3.8718e+06
3.8752e+06
3.8843e+06
3.8998e+06
3.9211e+06
3.9463e+06
3.9721e+06
3.9949e+06
4.0114e+06
4.0194e+06
4.0186e+06
4.01e+06
3.9959e+06
3.979e+06
3.9613e+06
3.9442e+06
3.9284e+06
3.9143e+06
3.9022e+06
3.893e+06
3.8881e+06
3.8886e+06
3.8955e+06
3.9085e+06
3.9264e+06
3.9464e+06
3.9651e+06
3.9789e+06
3.9852e+06
3.9827e+06
3.9717e+06
3.9543e+06
3.9332e+06
3.9112e+06
3.8903e+06
3.8719e+06
3.8566e+06
3.8447e+06
3.8369e+06
3.8343e+06
3.8384e+06
3.8508e+06
3.8725e+06
3.9028e+06
3.939e+06
3.9764e+06
4.0087e+06
4.0292e+06
4.0331e+06
4.0181e+06
3.9859e+06
3.9413e+06
3.8922e+06
3.8467e+06
3.812e+06
3.7927e+06
3.7898e+06
3.8013e+06
3.823e+06
3.8499e+06
3.8776e+06
3.9032e+06
3.9257e+06
3.9454e+06
3.9637e+06
3.9815e+06
3.9982e+06
4.0117e+06
4.0186e+06
4.0159e+06
4.0014e+06
3.976e+06
3.9427e+06
3.9071e+06
3.8758e+06
3.8548e+06
3.8486e+06
3.8584e+06
3.8824e+06
3.9159e+06
3.9528e+06
3.9863e+06
4.011e+06
4.0231e+06
4.0216e+06
4.0073e+06
3.9827e+06
3.9511e+06
3.9157e+06
3.8797e+06
3.846e+06
3.8174e+06
3.7966e+06
3.7861e+06
3.7877e+06
3.8018e+06
3.8276e+06
3.8616e+06
3.8989e+06
3.9332e+06
3.9582e+06
3.9689e+06
3.9626e+06
3.9398e+06
3.9042e+06
3.8618e+06
3.8198e+06
3.7845e+06
3.7605e+06
3.7496e+06
3.7509e+06
3.7615e+06
3.7776e+06
3.7954e+06
3.8122e+06
3.827e+06
3.8401e+06
3.8528e+06
3.8661e+06
3.8797e+06
3.8917e+06
3.8986e+06
3.8966e+06
3.8828e+06
3.8568e+06
3.8206e+06
3.7791e+06
3.7388e+06
3.7064e+06
3.6879e+06
3.6863e+06
3.7014e+06
3.7294e+06
3.7638e+06
3.7966e+06
3.8205e+06
3.8303e+06
3.824e+06
3.8031e+06
3.772e+06
3.7366e+06
3.7028e+06
3.6756e+06
3.6578e+06
3.6503e+06
3.6521e+06
3.6609e+06
3.6742e+06
3.6898e+06
3.7062e+06
3.7224e+06
3.7377e+06
3.7514e+06
3.7619e+06
3.767e+06
3.7642e+06
3.752e+06
3.7301e+06
3.7004e+06
3.6667e+06
3.6343e+06
3.6087e+06
3.5943e+06
3.5937e+06
3.6067e+06
3.6299e+06
3.658e+06
3.6844e+06
3.703e+06
3.7095e+06
3.7026e+06
3.684e+06
3.6583e+06
3.6316e+06
3.6099e+06
3.5983e+06
3.5993e+06
3.6126e+06
3.6359e+06
3.6652e+06
3.6955e+06
3.7226e+06
3.7431e+06
3.7552e+06
3.7587e+06
3.755e+06
3.7457e+06
3.7325e+06
3.7168e+06
3.6992e+06
3.6803e+06
3.6612e+06
3.6436e+06
3.6299e+06
3.6229e+06
3.6249e+06
3.6373e+06
3.6597e+06
3.69e+06
3.724e+06
3.7562e+06
3.7808e+06
3.7929e+06
3.7895e+06
3.7707e+06
3.739e+06
3.6998e+06
3.6598e+06
3.6257e+06
3.603e+06
3.5948e+06
3.6012e+06
3.6195e+06
3.6447e+06
3.6707e+06
3.6916e+06
3.7028e+06
3.7018e+06
3.6885e+06
3.665e+06
3.6348e+06
3.6023e+06
3.5715e+06
3.5458e+06
3.5276e+06
3.5178e+06
3.5167e+06
3.5233e+06
3.536e+06
3.5529e+06
3.572e+06
3.5908e+06
3.607e+06
3.6183e+06
3.6224e+06
3.618e+06
3.6046e+06
3.5834e+06
3.557e+06
3.5294e+06
3.5051e+06
3.4887e+06
3.4835e+06
3.4908e+06
3.5099e+06
3.5378e+06
3.5695e+06
3.5992e+06
3.6212e+06
3.6311e+06
3.6271e+06
3.6101e+06
3.5834e+06
3.5527e+06
3.5241e+06
3.5034e+06
3.4945e+06
3.4989e+06
3.5154e+06
3.5402e+06
3.5681e+06
3.5934e+06
3.6112e+06
3.6184e+06
3.6142e+06
3.6003e+06
3.58e+06
3.5577e+06
3.5379e+06
3.5239e+06
3.5179e+06
3.5201e+06
3.529e+06
3.5421e+06
3.5562e+06
3.5683e+06
3.5759e+06
3.5781e+06
3.5749e+06
3.5674e+06
3.5572e+06
3.5458e+06
3.5345e+06
3.5243e+06
3.5159e+06
3.5097e+06
3.5056e+06
3.5035e+06
3.5032e+06
3.5043e+06
3.5064e+06
3.5092e+06
3.5122e+06
3.5146e+06
3.5156e+06
3.5144e+06
3.5105e+06
3.5044e+06
3.4973e+06
3.4911e+06
3.4878e+06
3.489e+06
3.4952e+06
3.5058e+06
3.5188e+06
3.5314e+06
3.5401e+06
3.5415e+06
3.5334e+06
3.5148e+06
3.487e+06
3.4534e+06
3.419e+06
3.3895e+06
3.3704e+06
3.3653e+06
3.3758e+06
3.4004e+06
3.4347e+06
3.4727e+06
3.5072e+06
3.5318e+06
3.5419e+06
3.5358e+06
3.5151e+06
3.4844e+06
3.4504e+06
3.4203e+06
3.4009e+06
3.3963e+06
3.408e+06
3.4336e+06
3.4679e+06
3.504e+06
3.5342e+06
3.5521e+06
3.5538e+06
3.5384e+06
3.5088e+06
3.4705e+06
3.4307e+06
3.3968e+06
3.3746e+06
3.3677e+06
3.3761e+06
3.3968e+06
3.4241e+06
3.4512e+06
3.4712e+06
3.479e+06
3.4722e+06
3.4519e+06
3.4219e+06
3.3887e+06
3.3592e+06
3.3398e+06
3.335e+06
3.3467e+06
3.3735e+06
3.4117e+06
3.4554e+06
3.498e+06
3.5331e+06
3.5559e+06
3.5639e+06
3.5577e+06
3.5399e+06
3.5155e+06
3.4899e+06
3.4682e+06
3.4543e+06
3.4504e+06
3.4562e+06
3.4697e+06
3.4874e+06
3.5052e+06
3.5191e+06
3.5263e+06
3.5255e+06
3.5173e+06
3.5034e+06
3.4869e+06
3.4707e+06
3.4575e+06
3.4491e+06
3.4463e+06
3.4485e+06
3.4542e+06
3.4612e+06
3.4676e+06
3.4717e+06
3.4729e+06
3.4716e+06
3.4688e+06
3.4663e+06
3.4655e+06
3.4676e+06
3.4731e+06
3.4816e+06
3.4917e+06
3.5011e+06
3.5076e+06
3.5089e+06
3.5038e+06
3.4923e+06
3.4759e+06
3.4569e+06
3.4381e+06
3.4224e+06
3.4119e+06
3.4077e+06
3.4099e+06
3.417e+06
3.4265e+06
3.4351e+06
3.4392e+06
3.4361e+06
3.4241e+06
3.4039e+06
3.3776e+06
3.3488e+06
3.3218e+06
3.3006e+06
3.2885e+06
3.2871e+06
3.2965e+06
3.3146e+06
3.3381e+06
3.3628e+06
3.3842e+06
3.399e+06
3.4053e+06
3.4031e+06
3.394e+06
3.3811e+06
3.3679e+06
3.3579e+06
3.3538e+06
3.357e+06
3.367e+06
3.3815e+06
3.3971e+06
3.41e+06
3.4171e+06
3.4168e+06
3.4093e+06
3.3967e+06
3.3825e+06
3.3704e+06
3.364e+06
3.3657e+06
3.3763e+06
3.3947e+06
3.418e+06
3.4419e+06
3.4618e+06
3.4738e+06
3.4757e+06
3.4674e+06
3.4512e+06
3.431e+06
3.4117e+06
3.398e+06
3.3934e+06
3.399e+06
3.4139e+06
3.4345e+06
3.4559e+06
3.4725e+06
3.4798e+06
3.4752e+06
3.4587e+06
3.433e+06
3.4029e+06
3.3744e+06
3.3537e+06
3.3452e+06
3.3513e+06
3.371e+06
3.4006e+06
3.4342e+06
3.4649e+06
3.4863e+06
3.494e+06
3.4863e+06
3.4649e+06
3.434e+06
3.3998e+06
3.3688e+06
3.3467e+06
3.3371e+06
3.3406e+06
3.3551e+06
3.3759e+06
3.397e+06
3.4127e+06
3.4186e+06
3.4127e+06
3.3959e+06
3.3716e+06
3.3448e+06
3.3212e+06
3.306e+06
3.3021e+06
3.3102e+06
3.3285e+06
3.3528e+06
3.3779e+06
3.3985e+06
3.4102e+06
3.4107e+06
3.4001e+06
3.3803e+06
3.355e+06
3.3284e+06
3.3041e+06
3.2849e+06
3.2724e+06
3.2671e+06
3.2682e+06
3.2743e+06
3.2837e+06
3.2948e+06
3.3061e+06
3.3172e+06
3.328e+06
3.3386e+06
3.3489e+06
3.3579e+06
3.3642e+06
3.3661e+06
3.3625e+06
3.3533e+06
3.3397e+06
3.3237e+06
3.3084e+06
3.2967e+06
3.2911e+06
3.2929e+06
3.3017e+06
3.3156e+06
3.331e+06
3.3437e+06
3.3497e+06
3.3467e+06
3.3344e+06
3.3147e+06
3.2914e+06
3.2694e+06
3.2534e+06
3.2471e+06
3.2518e+06
3.2667e+06
3.2882e+06
3.3115e+06
3.3309e+06
3.3419e+06
3.3419e+06
3.3309e+06
3.3116e+06
3.2886e+06
3.2677e+06
3.254e+06
3.2509e+06
3.2595e+06
3.2779e+06
3.3022e+06
3.3269e+06
3.3468e+06
3.3577e+06
3.3577e+06
3.3472e+06
3.329e+06
3.3074e+06
3.2868e+06
3.2708e+06
3.2613e+06
3.258e+06
3.2595e+06
3.2632e+06
3.2665e+06
3.2676e+06
3.2655e+06
3.2609e+06
3.2552e+06
3.2506e+06
3.2488e+06
3.2503e+06
3.2542e+06
3.2579e+06
3.2587e+06
3.254e+06
3.2427e+06
3.2257e+06
3.2054e+06
3.1856e+06
3.1703e+06
3.1629e+06
3.1651e+06
3.1763e+06
3.1934e+06
3.2117e+06
3.2258e+06
3.2313e+06
3.2255e+06
3.2087e+06
3.1839e+06
3.156e+06
3.131e+06
3.114e+06
3.1084e+06
3.1145e+06
3.1299e+06
3.1497e+06
3.1681e+06
3.1798e+06
3.1813e+06
3.1715e+06
3.1522e+06
3.1276e+06
3.1027e+06
3.0824e+06
3.0699e+06
3.0663e+06
3.0704e+06
3.0794e+06
3.0898e+06
3.0988e+06
3.1046e+06
3.1072e+06
3.1079e+06
3.1094e+06
3.114e+06
3.1232e+06
3.1364e+06
3.1512e+06
3.1641e+06
3.1714e+06
3.171e+06
3.1625e+06
3.148e+06
3.1315e+06
3.1178e+06
3.1111e+06
3.1143e+06
3.1275e+06
3.1482e+06
3.1716e+06
3.1919e+06
3.2037e+06
3.2037e+06
3.1914e+06
3.1691e+06
3.1417e+06
3.1148e+06
3.094e+06
3.0826e+06
3.0814e+06
3.0886e+06
3.1005e+06
3.1127e+06
3.1211e+06
3.1234e+06
3.119e+06
3.1094e+06
3.0974e+06
3.0857e+06
3.0763e+06
3.0696e+06
3.0639e+06
3.0571e+06
3.0467e+06
3.0319e+06
3.0133e+06
2.9934e+06
2.9762e+06
2.9654e+06
2.9643e+06
2.9738e+06
2.9923e+06
3.0158e+06
3.0385e+06
3.0548e+06
3.06e+06
3.0523e+06
3.0328e+06
3.0052e+06
2.975e+06
2.9478e+06
2.928e+06
2.9175e+06
2.9158e+06
2.9206e+06
2.9283e+06
2.9355e+06
2.9401e+06
2.9415e+06
2.9408e+06
2.94e+06
2.9414e+06
2.946e+06
2.953e+06
2.9601e+06
2.9636e+06
2.9607e+06
2.9497e+06
2.9315e+06
2.9093e+06
2.888e+06
2.8727e+06
2.8678e+06
2.875e+06
2.8936e+06
2.9196e+06
2.9474e+06
2.971e+06
2.9856e+06
2.989e+06
2.9817e+06
2.9669e+06
2.949e+06
2.9327e+06
2.921e+06
2.9147e+06
2.9125e+06
2.9121e+06
2.9109e+06
2.9076e+06
2.9023e+06
2.8965e+06
2.893e+06
2.8948e+06
2.9038e+06
2.92e+06
2.9409e+06
2.9622e+06
2.9785e+06
2.9856e+06
2.9812e+06
2.9658e+06
2.9427e+06
2.9172e+06
2.8947e+06
2.8795e+06
2.8737e+06
2.8769e+06
2.8863e+06
2.898e+06
2.9084e+06
2.9152e+06
2.9177e+06
2.9173e+06
2.9164e+06
2.9172e+06
2.9207e+06
2.9261e+06
2.9307e+06
2.9316e+06
2.9261e+06
2.9138e+06
2.8961e+06
2.8769e+06
2.861e+06
2.8533e+06
2.8567e+06
2.8717e+06
2.8957e+06
2.9236e+06
2.9497e+06
2.9684e+06
2.9766e+06
2.9736e+06
2.9618e+06
2.9451e+06
2.9277e+06
2.9126e+06
2.9009e+06
2.8917e+06
2.8829e+06
2.8725e+06
2.8599e+06
2.846e+06
2.8336e+06
2.8259e+06
2.8262e+06
2.836e+06
2.8545e+06
2.8784e+06
2.9027e+06
2.9222e+06
2.9327e+06
2.9323e+06
2.922e+06
2.9049e+06
2.8853e+06
2.8673e+06
2.8534e+06
2.8441e+06
2.8381e+06
2.8332e+06
2.8276e+06
2.8208e+06
2.8137e+06
2.8084e+06
2.8074e+06
2.8122e+06
2.8228e+06
2.8369e+06
2.8508e+06
2.8599e+06
2.861e+06
2.8528e+06
2.8367e+06
2.8164e+06
2.7969e+06
2.7827e+06
2.7764e+06
2.7781e+06
2.7855e+06
2.7954e+06
2.8043e+06
2.8102e+06
2.8133e+06
2.8152e+06
2.8189e+06
2.8272e+06
2.8413e+06
2.8599e+06
2.8797e+06
2.896e+06
2.9047e+06
2.9032e+06
2.8918e+06
2.8734e+06
2.8524e+06
2.8335e+06
2.8201e+06
2.8131e+06
2.8112e+06
2.8117e+06
2.8118e+06
2.8096e+06
2.8054e+06
2.8012e+06
2.7999e+06
2.8043e+06
2.8154e+06
2.8318e+06
2.8495e+06
2.8635e+06
2.8693e+06
2.8644e+06
2.8494e+06
2.8277e+06
2.8045e+06
2.785e+06
2.7726e+06
2.768e+06
2.7694e+06
2.773e+06
2.7754e+06
2.7744e+06
2.7702e+06
2.765e+06
2.7625e+06
2.7659e+06
2.7766e+06
2.7933e+06
2.8116e+06
2.8263e+06
2.8325e+06
2.8275e+06
2.8121e+06
2.7901e+06
2.7667e+06
2.7473e+06
2.7349e+06
2.7299e+06
2.7297e+06
2.7305e+06
2.7293e+06
2.7244e+06
2.7172e+06
2.7109e+06
2.7098e+06
2.7174e+06
2.7345e+06
2.7588e+06
2.7848e+06
2.8061e+06
2.8172e+06
2.8154e+06
2.8019e+06
2.7809e+06
2.7585e+06
2.7405e+06
2.73e+06
2.7272e+06
2.729e+06
2.7315e+06
2.7311e+06
2.7264e+06
2.7185e+06
2.7105e+06
2.7066e+06
2.7096e+06
2.7204e+06
2.7373e+06
2.7561e+06
2.7723e+06
2.7822e+06
2.7845e+06
2.7801e+06
2.7722e+06
2.7639e+06
2.7576e+06
2.7535e+06
2.7498e+06
2.7439e+06
2.7335e+06
2.7183e+06
2.6999e+06
2.6817e+06
2.6676e+06
2.6607e+06
2.6617e+06
2.6692e+06
2.6797e+06
2.6891e+06
2.6944e+06
2.6946e+06
2.6906e+06
2.6852e+06
2.681e+06
2.6795e+06
2.6799e+06
2.6795e+06
2.6748e+06
2.6632e+06
2.6444e+06
2.6206e+06
2.5961e+06
2.5758e+06
2.5634e+06
2.5602e+06
2.5644e+06
2.5726e+06
2.5803e+06
2.5846e+06
2.5845e+06
2.5815e+06
2.5788e+06
2.5797e+06
2.5861e+06
2.5973e+06
2.6103e+06
2.6207e+06
2.6245e+06
2.6197e+06
2.6072e+06
2.5899e+06
2.5717e+06
2.5559e+06
2.5437e+06
2.5341e+06
2.5248e+06
2.5136e+06
2.4996e+06
2.4841e+06
2.4703e+06
2.4619e+06
2.4619e+06
2.4709e+06
2.4865e+06
2.5045e+06
2.5199e+06
2.5292e+06
2.5311e+06
2.5272e+06
2.5209e+06
2.5157e+06
2.5137e+06
2.5142e+06
2.5141e+06
2.5095e+06
2.4975e+06
2.4776e+06
2.4523e+06
2.4259e+06
2.4035e+06
2.3888e+06
2.3826e+06
2.383e+06
2.3862e+06
2.3885e+06
2.3876e+06
2.3836e+06
2.3787e+06
2.3762e+06
2.3791e+06
2.3883e+06
2.4021e+06
2.4168e+06
2.4287e+06
2.435e+06
2.4353e+06
2.431e+06
2.4248e+06
2.419e+06
2.4143e+06
2.4094e+06
2.4021e+06
2.3907e+06
2.3749e+06
2.3566e+06
2.3395e+06
2.3276e+06
2.3233e+06
2.3268e+06
2.3357e+06
2.346e+06
2.3539e+06
2.3575e+06
2.3572e+06
2.356e+06
2.3573e+06
2.3638e+06
2.3752e+06
2.3885e+06
2.3988e+06
2.4017e+06
2.395e+06
2.38e+06
2.3609e+06
2.3431e+06
2.3307e+06
2.3248e+06
2.3232e+06
2.3214e+06
2.3152e+06
2.3026e+06
2.2854e+06
2.2678e+06
2.2556e+06
2.2533e+06
2.2618e+06
2.2782e+06
2.2966e+06
2.3109e+06
2.3171e+06
2.3151e+06
2.3083e+06
2.3023e+06
2.3019e+06
2.3087e+06
2.3198e+06
2.3294e+06
2.3313e+06
2.3219e+06
2.3019e+06
2.2759e+06
2.2506e+06
2.2315e+06
2.2208e+06
2.2163e+06
2.2126e+06
2.2044e+06
2.1889e+06
2.1673e+06
2.1447e+06
2.1281e+06
2.1233e+06
2.1322e+06
2.1517e+06
2.175e+06
2.1943e+06
2.2047e+06
2.2053e+06
2.2e+06
2.1953e+06
2.197e+06
2.2072e+06
2.2231e+06
2.2378e+06
2.2444e+06
2.2385e+06
2.2206e+06
2.1959e+06
2.1718e+06
2.1547e+06
2.147e+06
2.1466e+06
2.1476e+06
2.1445e+06
2.1342e+06
2.1181e+06
2.1012e+06
2.0901e+06
2.09e+06
2.1017e+06
2.1216e+06
2.143e+06
2.1592e+06
2.1665e+06
2.1653e+06
2.1602e+06
2.1574e+06
2.1619e+06
2.1746e+06
2.1918e+06
2.2071e+06
2.2141e+06
2.2097e+06
2.195e+06
2.175e+06
2.1561e+06
2.1427e+06
2.1358e+06
2.1323e+06
2.1272e+06
2.1163e+06
2.0981e+06
2.0749e+06
2.0512e+06
2.0324e+06
2.0217e+06
2.0194e+06
2.0228e+06
2.0277e+06
2.0309e+06
2.0314e+06
2.0307e+06
2.0318e+06
2.0373e+06
2.0481e+06
2.0623e+06
2.0764e+06
2.0869e+06
2.0916e+06
2.091e+06
2.0873e+06
2.0834e+06
2.081e+06
2.0801e+06
2.0785e+06
2.0737e+06
2.0638e+06
2.0489e+06
2.0308e+06
2.0125e+06
1.9963e+06
1.9833e+06
1.9733e+06
1.9649e+06
1.9574e+06
1.9507e+06
1.946e+06
1.9445e+06
1.9472e+06
1.9533e+06
1.9613e+06
1.9687e+06
1.9741e+06
1.9777e+06
1.9811e+06
1.9867e+06
1.996e+06
2.0087e+06
2.0222e+06
2.0327e+06
2.0372e+06
2.0345e+06
2.0261e+06
2.0156e+06
2.0064e+06
2e+06
1.9954e+06
1.9895e+06
1.9791e+06
1.9624e+06
1.9409e+06
1.9184e+06
1.8991e+06
1.8861e+06
1.8792e+06
1.8752e+06
1.87e+06
1.8605e+06
1.8466e+06
1.8315e+06
1.8205e+06
1.8183e+06
1.8267e+06
1.8433e+06
1.863e+06
1.8798e+06
1.8901e+06
1.8941e+06
1.8952e+06
1.8983e+06
1.9067e+06
1.9203e+06
1.9353e+06
1.9462e+06
1.9488e+06
1.9426e+06
1.9309e+06
1.9194e+06
1.9131e+06
1.9138e+06
1.9184e+06
1.9214e+06
1.9173e+06
1.9036e+06
1.8821e+06
1.8581e+06
1.8374e+06
1.824e+06
1.8177e+06
1.8147e+06
1.8101e+06
1.8005e+06
1.786e+06
1.7702e+06
1.7583e+06
1.7546e+06
1.7601e+06
1.772e+06
1.7849e+06
1.7941e+06
1.7975e+06
1.7967e+06
1.7956e+06
1.7985e+06
1.8076e+06
1.8217e+06
1.8365e+06
1.8475e+06
1.8518e+06
1.8495e+06
1.8435e+06
1.8373e+06
1.8335e+06
1.832e+06
1.8307e+06
1.8267e+06
1.8184e+06
1.8062e+06
1.7923e+06
1.7791e+06
1.7682e+06
1.7591e+06
1.7502e+06
1.7397e+06
1.7275e+06
1.7146e+06
1.7033e+06
1.6957e+06
1.692e+06
1.6911e+06
1.6906e+06
1.6888e+06
1.6856e+06
1.6828e+06
1.6827e+06
1.687e+06
1.6953e+06
1.705e+06
1.7128e+06
1.7167e+06
1.7169e+06
1.7164e+06
1.7192e+06
1.7278e+06
1.7417e+06
1.757e+06
1.7683e+06
1.7721e+06
1.7682e+06
1.7602e+06
1.7534e+06
1.7517e+06
1.7555e+06
1.7606e+06
1.7612e+06
1.7531e+06
1.7359e+06
1.7138e+06
1.6934e+06
1.6798e+06
1.6742e+06
1.6728e+06
1.6693e+06
1.6585e+06
1.6393e+06
1.6155e+06
1.5938e+06
1.5804e+06
1.5775e+06
1.582e+06
1.5874e+06
1.5872e+06
1.5789e+06
1.5648e+06
1.5514e+06
1.5459e+06
1.552e+06
1.5683e+06
1.5885e+06
1.6052e+06
1.6139e+06
1.6144e+06
1.6113e+06
1.6107e+06
1.6168e+06
1.6296e+06
1.6449e+06
1.6568e+06
1.6614e+06
1.6584e+06
1.6512e+06
1.6447e+06
1.6422e+06
1.6439e+06
1.6468e+06
1.6471e+06
1.6426e+06
1.6336e+06
1.6227e+06
1.6128e+06
1.605e+06
1.5981e+06
1.5898e+06
1.578e+06
1.5628e+06
1.5463e+06
1.5314e+06
1.5196e+06
1.5104e+06
1.5012e+06
1.4894e+06
1.4742e+06
1.4576e+06
1.4432e+06
1.4346e+06
1.433e+06
1.4363e+06
1.4403e+06
1.4413e+06
1.438e+06
1.4325e+06
1.429e+06
1.4311e+06
1.4398e+06
1.4522e+06
1.4636e+06
1.4703e+06
1.4714e+06
1.4701e+06
1.471e+06
1.478e+06
1.4908e+06
1.5055e+06
1.5162e+06
1.5188e+06
1.5134e+06
1.504e+06
1.4965e+06
1.495e+06
1.4992e+06
1.5047e+06
1.5056e+06
1.4986e+06
1.4846e+06
1.4687e+06
1.457e+06
1.453e+06
1.4551e+06
1.4581e+06
1.456e+06
1.4455e+06
1.4278e+06
1.4078e+06
1.3911e+06
1.3808e+06
1.3759e+06
1.3723e+06
1.3656e+06
1.3538e+06
1.3381e+06
1.3222e+06
1.3098e+06
1.3026e+06
1.2992e+06
1.2967e+06
1.2924e+06
1.2856e+06
1.2779e+06
1.2718e+06
1.2688e+06
1.2691e+06
1.2711e+06
1.2732e+06
1.2752e+06
1.2786e+06
1.2851e+06
1.2954e+06
1.3081e+06
1.3197e+06
1.3272e+06
1.3295e+06
1.3286e+06
1.3285e+06
1.3328e+06
1.3425e+06
1.3548e+06
1.3651e+06
1.3701e+06
1.3694e+06
1.3662e+06
1.3653e+06
1.3696e+06
1.3779e+06
1.3857e+06
1.3878e+06
1.3817e+06
1.3694e+06
1.3563e+06
1.348e+06
1.3468e+06
1.35e+06
1.3519e+06
1.3474e+06
1.3353e+06
1.3185e+06
1.3026e+06
1.2917e+06
1.2859e+06
1.2809e+06
1.2714e+06
1.2546e+06
1.232e+06
1.2092e+06
1.1925e+06
1.1848e+06
1.184e+06
1.1844e+06
1.1799e+06
1.1682e+06
1.1514e+06
1.1344e+06
1.1221e+06
1.1163e+06
1.1144e+06
1.1122e+06
1.1062e+06
1.0962e+06
1.0852e+06
1.0778e+06
1.0767e+06
1.0813e+06
1.0882e+06
1.0937e+06
1.096e+06
1.0961e+06
1.0968e+06
1.1005e+06
1.1073e+06
1.1148e+06
1.1204e+06
1.1229e+06
1.1239e+06
1.1267e+06
1.1341e+06
1.1457e+06
1.1581e+06
1.167e+06
1.1701e+06
1.1685e+06
1.1669e+06
1.1702e+06
1.1801e+06
1.1938e+06
1.2055e+06
1.2105e+06
1.2077e+06
1.2008e+06
1.1958e+06
1.1973e+06
1.2048e+06
1.2135e+06
1.2174e+06
1.2134e+06
1.2035e+06
1.1935e+06
1.1894e+06
1.1931e+06
1.2012e+06
1.2073e+06
1.2061e+06
1.1969e+06
1.1834e+06
1.1714e+06
1.1649e+06
1.1633e+06
1.1623e+06
1.1573e+06
1.1463e+06
1.1313e+06
1.1168e+06
1.1062e+06
1.0998e+06
1.0943e+06
1.0859e+06
1.0724e+06
1.0554e+06
1.0392e+06
1.0273e+06
1.0207e+06
1.0169e+06
1.0116e+06
1.0024e+06
9.8963e+05
9.7637e+05
9.6597e+05
9.5969e+05
9.5584e+05
9.5114e+05
9.4315e+05
9.3196e+05
9.1999e+05
9.1017e+05
9.0378e+05
8.9956e+05
8.948e+05
8.8769e+05
8.7892e+05
8.7156e+05
8.6907e+05
8.7264e+05
8.8006e+05
8.8699e+05
8.8977e+05
8.8761e+05
8.8307e+05
8.8023e+05
8.8193e+05
8.877e+05
8.9419e+05
8.9774e+05
8.9707e+05
8.9437e+05
8.9395e+05
8.9918e+05
9.0994e+05
9.2247e+05
9.3195e+05
9.3574e+05
9.3507e+05
9.3432e+05
9.3806e+05
9.4784e+05
9.6113e+05
9.7315e+05
9.8026e+05
9.8227e+05
9.8248e+05
9.853e+05
9.9325e+05
1.0052e+06
1.0176e+06
1.0267e+06
1.0315e+06
1.0337e+06
1.0359e+06
1.0401e+06
1.046e+06
1.0518e+06
1.0561e+06
1.0595e+06
1.0634e+06
1.0693e+06
1.0763e+06
1.0817e+06
1.0827e+06
1.079e+06
1.0734e+06
1.0706e+06
1.074e+06
1.0831e+06
1.0933e+06
1.0989e+06
1.0972e+06
1.0895e+06
1.081e+06
1.077e+06
1.0792e+06
1.085e+06
1.0892e+06
1.0883e+06
1.0825e+06
1.0752e+06
1.0708e+06
1.0709e+06
1.0737e+06
1.0752e+06
1.0727e+06
1.0665e+06
1.0595e+06
1.0551e+06
1.054e+06
1.054e+06
1.0519e+06
1.0457e+06
1.0365e+06
1.0278e+06
1.0223e+06
1.0205e+06
1.0197e+06
1.0166e+06
1.0098e+06
1.0006e+06
9.919e+05
9.8589e+05
9.8206e+05
9.7775e+05
9.7047e+05
9.6018e+05
9.4965e+05
9.425e+05
9.4033e+05
9.4112e+05
9.4054e+05
9.3498e+05
9.2406e+05
9.1086e+05
8.9975e+05
8.9323e+05
8.9018e+05
8.8693e+05
8.8025e+05
8.697e+05
8.5776e+05
8.4776e+05
8.4113e+05
8.3631e+05
8.3012e+05
8.2052e+05
8.0833e+05
7.9668e+05
7.8853e+05
7.8418e+05
7.8086e+05
7.7495e+05
7.649e+05
7.5249e+05
7.4172e+05
7.3571e+05
7.3412e+05
7.3332e+05
7.291e+05
7.1974e+05
7.0715e+05
6.9541e+05
6.877e+05
6.8382e+05
6.8054e+05
6.7426e+05
6.6384e+05
6.5135e+05
6.4047e+05
6.3351e+05
6.2959e+05
6.2548e+05
6.1838e+05
6.0818e+05
5.9753e+05
5.8974e+05
5.8592e+05
5.8406e+05
5.806e+05
5.7343e+05
5.635e+05
5.5412e+05
5.482e+05
5.4567e+05
5.4332e+05
5.3729e+05
5.2616e+05
5.1224e+05
5.002e+05
4.9366e+05
4.923e+05
4.9208e+05
4.8855e+05
4.8014e+05
4.6921e+05
4.6022e+05
4.5617e+05
4.5608e+05
4.5578e+05
4.5133e+05
4.4194e+05
4.3051e+05
4.2137e+05
4.1689e+05
4.1544e+05
4.1297e+05
4.0648e+05
