1.3907e+06
1.4006e+06
1.4039e+06
1.4105e+06
1.4289e+06
1.4591e+06
1.4926e+06
1.5183e+06
1.5307e+06
1.5334e+06
1.5366e+06
1.5495e+06
1.574e+06
1.6038e+06
1.6299e+06
1.6479e+06
1.6603e+06
1.6737e+06
1.6927e+06
1.7155e+06
1.7359e+06
1.749e+06
1.756e+06
1.7646e+06
1.7832e+06
1.8139e+06
1.8498e+06
1.8799e+06
1.8971e+06
1.9033e+06
1.9087e+06
1.9243e+06
1.9541e+06
1.9916e+06
2.0253e+06
2.0471e+06
2.0578e+06
2.0665e+06
2.083e+06
2.1105e+06
2.1434e+06
2.1718e+06
2.19e+06
2.2007e+06
2.2133e+06
2.2361e+06
2.2696e+06
2.3061e+06
2.3353e+06
2.3522e+06
2.3614e+06
2.3732e+06
2.3958e+06
2.4287e+06
2.4628e+06
2.4873e+06
2.498e+06
2.5006e+06
2.5067e+06
2.5258e+06
2.5576e+06
2.5922e+06
2.6182e+06
2.63e+06
2.6326e+06
2.6372e+06
2.6537e+06
2.6831e+06
2.7174e+06
2.746e+06
2.7631e+06
2.7716e+06
2.7797e+06
2.7945e+06
2.8166e+06
2.8401e+06
2.8579e+06
2.8681e+06
2.8752e+06
2.8873e+06
2.9095e+06
2.9402e+06
2.9718e+06
2.9966e+06
3.0117e+06
3.0203e+06
3.0286e+06
3.0405e+06
3.0553e+06
3.0691e+06
3.0792e+06
3.0873e+06
3.0987e+06
3.1177e+06
3.1436e+06
3.1701e+06
3.189e+06
3.1965e+06
3.1955e+06
3.1945e+06
3.2013e+06
3.2175e+06
3.2379e+06
3.2543e+06
3.2621e+06
3.2632e+06
3.265e+06
3.274e+06
3.2909e+06
3.3098e+06
3.3223e+06
3.3236e+06
3.3159e+06
3.3063e+06
3.3023e+06
3.306e+06
3.313e+06
3.3166e+06
3.3126e+06
3.3026e+06
3.2923e+06
3.2871e+06
3.2877e+06
3.29e+06
3.2883e+06
3.2801e+06
3.2678e+06
3.257e+06
3.2511e+06
3.2489e+06
3.2447e+06
3.2326e+06
3.2112e+06
3.1852e+06
3.1624e+06
3.1484e+06
3.143e+06
3.1402e+06
3.1329e+06
3.1178e+06
3.0976e+06
3.078e+06
3.0636e+06
3.0539e+06
3.0438e+06
3.0281e+06
3.0052e+06
2.9789e+06
2.9555e+06
2.9391e+06
2.9276e+06
2.9144e+06
2.8929e+06
2.8616e+06
2.8258e+06
2.7949e+06
2.7761e+06
2.7695e+06
2.7679e+06
2.7613e+06
2.7438e+06
2.7165e+06
2.6865e+06
2.6622e+06
2.6477e+06
2.6402e+06
2.6333e+06
2.6215e+06
2.6044e+06
2.5866e+06
2.5741e+06
2.5702e+06
2.5724e+06
2.575e+06
2.5732e+06
2.5666e+06
2.5598e+06
2.5589e+06
2.5669e+06
2.5816e+06
2.5967e+06
2.6063e+06
2.6091e+06
2.6091e+06
2.6127e+06
2.6242e+06
2.6424e+06
2.662e+06
2.6771e+06
2.6865e+06
2.6947e+06
2.7094e+06
2.7358e+06
2.7726e+06
2.8117e+06
2.8433e+06
2.8623e+06
2.8711e+06
2.878e+06
2.8922e+06
2.9174e+06
2.9492e+06
2.9789e+06
2.9995e+06
3.0103e+06
3.0179e+06
3.031e+06
3.0543e+06
3.0851e+06
3.1147e+06
3.1348e+06
3.1426e+06
3.1431e+06
3.1449e+06
3.1547e+06
3.1723e+06
3.1907e+06
3.2016e+06
3.201e+06
3.1925e+06
3.1843e+06
3.184e+06
3.1927e+06
3.2041e+06
3.2093e+06
3.2024e+06
3.1853e+06
3.1657e+06
3.1527e+06
3.1495e+06
3.1515e+06
3.1493e+06
3.1348e+06
3.1068e+06
3.0717e+06
3.0395e+06
3.0174e+06
3.0052e+06
2.9957e+06
2.9803e+06
2.9548e+06
2.922e+06
2.89e+06
2.8665e+06
2.8536e+06
2.8463e+06
2.8366e+06
2.8188e+06
2.7935e+06
2.7675e+06
2.7492e+06
2.7427e+06
2.7451e+06
2.7483e+06
2.7443e+06
2.7309e+06
2.7126e+06
2.6989e+06
2.6978e+06
2.7107e+06
2.7317e+06
2.7514e+06
2.763e+06
2.7666e+06
2.7691e+06
2.7795e+06
2.8029e+06
2.8367e+06
2.8721e+06
2.8996e+06
2.9151e+06
2.9222e+06
2.9303e+06
2.9484e+06
2.9793e+06
3.0179e+06
3.0538e+06
3.0787e+06
3.0908e+06
3.0956e+06
3.1025e+06
3.1183e+06
3.1432e+06
3.1707e+06
3.1923e+06
3.2027e+06
3.203e+06
3.1995e+06
3.1987e+06
3.2037e+06
3.2116e+06
3.2162e+06
3.2126e+06
3.2005e+06
3.1842e+06
3.1696e+06
3.1599e+06
3.1535e+06
3.1449e+06
3.129e+06
3.1047e+06
3.076e+06
3.0494e+06
3.0299e+06
3.0178e+06
3.0081e+06
2.9942e+06
2.9723e+06
2.9438e+06
2.915e+06
2.8931e+06
2.8817e+06
2.8793e+06
2.8799e+06
2.8776e+06
2.8703e+06
2.861e+06
2.8563e+06
2.8615e+06
2.8773e+06
2.8991e+06
2.9195e+06
2.9331e+06
2.9398e+06
2.9449e+06
2.9561e+06
2.9785e+06
3.011e+06
3.0467e+06
3.0769e+06
3.0964e+06
3.1064e+06
3.1141e+06
3.1282e+06
3.1533e+06
3.187e+06
3.2211e+06
3.2464e+06
3.2585e+06
3.2596e+06
3.2572e+06
3.2593e+06
3.2691e+06
3.2829e+06
3.2928e+06
3.2918e+06
3.2785e+06
3.2576e+06
3.2376e+06
3.225e+06
3.2201e+06
3.217e+06
3.2071e+06
3.1848e+06
3.1508e+06
3.112e+06
3.0781e+06
3.0556e+06
3.0442e+06
3.0378e+06
3.0279e+06
3.0091e+06
2.982e+06
2.9527e+06
2.9294e+06
2.9178e+06
2.9179e+06
2.925e+06
2.9325e+06
2.9367e+06
2.9384e+06
2.9424e+06
2.954e+06
2.9755e+06
3.0045e+06
3.035e+06
3.0611e+06
3.0806e+06
3.0959e+06
3.1127e+06
3.1358e+06
3.1661e+06
3.1993e+06
3.2283e+06
3.2478e+06
3.2569e+06
3.2603e+06
3.2652e+06
3.2769e+06
3.2952e+06
3.3145e+06
3.3268e+06
3.3268e+06
3.3149e+06
3.2969e+06
3.2805e+06
3.2707e+06
3.2665e+06
3.2619e+06
3.2494e+06
3.2252e+06
3.1914e+06
3.1555e+06
3.1265e+06
3.1097e+06
3.1039e+06
3.1023e+06
3.0966e+06
3.0818e+06
3.0593e+06
3.0361e+06
3.0214e+06
3.0214e+06
3.0364e+06
3.0604e+06
3.0847e+06
3.1026e+06
3.1128e+06
3.1197e+06
3.1306e+06
3.1513e+06
3.1828e+06
3.2204e+06
3.2568e+06
3.2858e+06
3.3057e+06
3.3197e+06
3.3337e+06
3.352e+06
3.3748e+06
3.3978e+06
3.4146e+06
3.421e+06
3.4166e+06
3.4055e+06
3.3931e+06
3.383e+06
3.3749e+06
3.3649e+06
3.3486e+06
3.3242e+06
3.2937e+06
3.2627e+06
3.2365e+06
3.2177e+06
3.204e+06
3.1903e+06
3.1717e+06
3.1471e+06
3.12e+06
3.0975e+06
3.0866e+06
3.0905e+06
3.1064e+06
3.1274e+06
3.1456e+06
3.1566e+06
3.1615e+06
3.1665e+06
3.179e+06
3.2039e+06
3.2401e+06
3.2807e+06
3.3167e+06
3.3415e+06
3.3541e+06
3.3596e+06
3.3658e+06
3.3789e+06
3.3997e+06
3.4227e+06
3.4398e+06
3.4445e+06
3.4359e+06
3.4188e+06
3.4011e+06
3.3895e+06
3.385e+06
3.3829e+06
3.3752e+06
3.3556e+06
3.3232e+06
3.2835e+06
3.2461e+06
3.2201e+06
3.2098e+06
3.2127e+06
3.2213e+06
3.2274e+06
3.2265e+06
3.2196e+06
3.2131e+06
3.2147e+06
3.23e+06
3.2588e+06
3.2955e+06
3.332e+06
3.3619e+06
3.3837e+06
3.4008e+06
3.4194e+06
3.4444e+06
3.4761e+06
3.5095e+06
3.5366e+06
3.5512e+06
3.5516e+06
3.5421e+06
3.5302e+06
3.523e+06
3.5229e+06
3.5261e+06
3.525e+06
3.5123e+06
3.4848e+06
3.4455e+06
3.4021e+06
3.3635e+06
3.336e+06
3.3205e+06
3.313e+06
3.3074e+06
3.2994e+06
3.2887e+06
3.279e+06
3.2763e+06
3.2849e+06
3.3054e+06
3.3334e+06
3.3624e+06
3.3862e+06
3.4028e+06
3.4147e+06
3.428e+06
3.4484e+06
3.4783e+06
3.514e+06
3.5482e+06
3.5723e+06
3.5814e+06
3.5756e+06
3.5602e+06
3.5422e+06
3.5271e+06
3.5159e+06
3.5051e+06
3.4891e+06
3.4644e+06
3.4315e+06
3.3954e+06
3.3635e+06
3.3421e+06
3.3331e+06
3.3335e+06
3.3367e+06
3.3366e+06
3.3302e+06
3.3198e+06
3.3121e+06
3.3149e+06
3.3337e+06
3.3685e+06
3.4134e+06
3.4589e+06
3.4963e+06
3.5211e+06
3.5344e+06
3.5421e+06
3.5509e+06
3.5651e+06
3.5837e+06
3.6014e+06
3.6108e+06
3.6071e+06
3.5898e+06
3.5633e+06
3.5347e+06
3.5102e+06
3.4924e+06
3.4793e+06
3.4664e+06
3.4492e+06
3.4263e+06
3.4003e+06
3.3766e+06
3.3616e+06
3.3593e+06
3.37e+06
3.3902e+06
3.4148e+06
3.4395e+06
3.4627e+06
3.4861e+06
3.5125e+06
3.5443e+06
3.5806e+06
3.6172e+06
3.6481e+06
3.6681e+06
3.6755e+06
3.6731e+06
3.6668e+06
3.6625e+06
3.6626e+06
3.6648e+06
3.6627e+06
3.6491e+06
3.6198e+06
3.5766e+06
3.5265e+06
3.4801e+06
3.4475e+06
3.4338e+06
3.4379e+06
3.4527e+06
3.4697e+06
3.4819e+06
3.4874e+06
3.4896e+06
3.4956e+06
3.5127e+06
3.5445e+06
3.5886e+06
3.6375e+06
3.6812e+06
3.7118e+06
3.7263e+06
3.7272e+06
3.721e+06
3.7147e+06
3.7118e+06
3.7112e+06
3.7078e+06
3.6954e+06
3.6708e+06
3.6352e+06
3.5946e+06
3.5569e+06
3.5291e+06
3.5141e+06
3.5099e+06
3.5111e+06
3.5119e+06
3.5089e+06
3.5026e+06
3.4973e+06
3.4989e+06
3.5125e+06
3.5392e+06
3.5756e+06
3.6145e+06
3.6484e+06
3.6722e+06
3.685e+06
3.6904e+06
3.6939e+06
3.7001e+06
3.7101e+06
3.7203e+06
3.7248e+06
3.7177e+06
3.6965e+06
3.6631e+06
3.6234e+06
3.585e+06
3.5543e+06
3.5347e+06
3.5256e+06
3.5234e+06
3.5245e+06
3.5264e+06
3.5297e+06
3.5373e+06
3.5526e+06
3.5779e+06
3.6122e+06
3.6512e+06
3.689e+06
3.7196e+06
3.7401e+06
3.7507e+06
3.7549e+06
3.7568e+06
3.7588e+06
3.7602e+06
3.7573e+06
3.7455e+06
3.7217e+06
3.6866e+06
3.6452e+06
3.6055e+06
3.5757e+06
3.5614e+06
3.5637e+06
3.5789e+06
3.6006e+06
3.6223e+06
3.6398e+06
3.6529e+06
3.665e+06
3.6812e+06
3.7058e+06
3.7393e+06
3.7781e+06
3.8148e+06
3.8413e+06
3.8519e+06
3.8453e+06
3.8246e+06
3.7962e+06
3.7669e+06
3.741e+06
3.719e+06
3.6984e+06
3.6754e+06
3.6479e+06
3.6166e+06
3.5855e+06
3.5605e+06
3.5472e+06
3.5489e+06
3.5651e+06
3.5919e+06
3.6235e+06
3.6545e+06
3.6817e+06
3.7048e+06
3.7261e+06
3.7487e+06
3.7739e+06
3.8005e+06
3.8239e+06
3.8384e+06
3.8394e+06
3.8254e+06
3.7988e+06
3.7652e+06
3.7316e+06
3.7036e+06
3.6837e+06
3.6715e+06
3.6639e+06
3.658e+06
3.6522e+06
3.6476e+06
3.6474e+06
3.656e+06
3.6764e+06
3.7085e+06
3.7487e+06
3.7902e+06
3.8253e+06
3.8483e+06
3.8571e+06
3.854e+06
3.8445e+06
3.8347e+06
3.8285e+06
3.8262e+06
3.8244e+06
3.8182e+06
3.8037e+06
3.7804e+06
3.7514e+06
3.7233e+06
3.7037e+06
3.6987e+06
3.7106e+06
3.7371e+06
3.7722e+06
3.8081e+06
3.8379e+06
3.8578e+06
3.8679e+06
3.8719e+06
3.8744e+06
3.8792e+06
3.8867e+06
3.894e+06
3.8958e+06
3.8874e+06
3.8669e+06
3.8363e+06
3.8015e+06
3.7701e+06
3.7489e+06
3.7417e+06
3.7482e+06
3.7647e+06
3.7855e+06
3.8056e+06
3.8224e+06
3.8363e+06
3.8504e+06
3.8688e+06
3.8942e+06
3.9265e+06
3.962e+06
3.994e+06
4.016e+06
4.0234e+06
4.0157e+06
3.9963e+06
3.9712e+06
3.9469e+06
3.9279e+06
3.9156e+06
3.9084e+06
3.9034e+06
3.8978e+06
3.8914e+06
3.8861e+06
3.8864e+06
3.897e+06
3.9213e+06
3.9587e+06
4.0047e+06
4.0511e+06
4.0889e+06
4.1106e+06
4.1128e+06
4.0972e+06
4.0696e+06
4.0379e+06
4.0091e+06
3.987e+06
3.9712e+06
3.9583e+06
3.9443e+06
3.9263e+06
3.9049e+06
3.8836e+06
3.8683e+06
3.8651e+06
3.878e+06
3.9069e+06
3.9471e+06
3.9903e+06
4.027e+06
4.0494e+06
4.0537e+06
4.0409e+06
4.0164e+06
3.9875e+06
3.961e+06
3.9407e+06
3.9267e+06
3.916e+06
3.9048e+06
3.8905e+06
3.8736e+06
3.857e+06
3.8461e+06
3.846e+06
3.8603e+06
3.8889e+06
3.9282e+06
3.9712e+06
4.0098e+06
4.0374e+06
4.0502e+06
4.0486e+06
4.0361e+06
4.0184e+06
4.0006e+06
3.9855e+06
3.9731e+06
3.9616e+06
3.9484e+06
3.9321e+06
3.9138e+06
3.8969e+06
3.8861e+06
3.886e+06
3.8993e+06
3.9256e+06
3.9609e+06
3.9987e+06
4.0316e+06
4.0534e+06
4.0607e+06
4.0538e+06
4.0362e+06
4.0128e+06
3.9883e+06
3.9654e+06
3.9441e+06
3.9228e+06
3.8997e+06
3.8738e+06
3.8467e+06
3.822e+06
3.8047e+06
3.7996e+06
3.8098e+06
3.8351e+06
3.8714e+06
3.9117e+06
3.9476e+06
3.9717e+06
3.9796e+06
3.9707e+06
3.9486e+06
3.9194e+06
3.8897e+06
3.8645e+06
3.8462e+06
3.8344e+06
3.8268e+06
3.8212e+06
3.8162e+06
3.8124e+06
3.8117e+06
3.8168e+06
3.8299e+06
3.8518e+06
3.8807e+06
3.9125e+06
3.9416e+06
3.9623e+06
3.9708e+06
3.966e+06
3.9502e+06
3.9278e+06
3.904e+06
3.8834e+06
3.8687e+06
3.8603e+06
3.857e+06
3.8569e+06
3.8584e+06
3.8613e+06
3.8667e+06
3.8765e+06
3.8926e+06
3.9157e+06
3.944e+06
3.9728e+06
3.9954e+06
4.0049e+06
3.9962e+06
3.968e+06
3.9232e+06
3.8685e+06
3.8132e+06
3.7665e+06
3.7351e+06
3.722e+06
3.7258e+06
3.7415e+06
3.7626e+06
3.7826e+06
3.7972e+06
3.8046e+06
3.8064e+06
3.806e+06
3.8068e+06
3.8108e+06
3.8168e+06
3.8207e+06
3.8171e+06
3.8014e+06
3.772e+06
3.7308e+06
3.6834e+06
3.6379e+06
3.6028e+06
3.5848e+06
3.5872e+06
3.6086e+06
3.6436e+06
3.684e+06
3.7207e+06
3.7467e+06
3.7578e+06
3.754e+06
3.7384e+06
3.7162e+06
3.6925e+06
3.6712e+06
3.6537e+06
3.6398e+06
3.628e+06
3.617e+06
3.6065e+06
3.5975e+06
3.5922e+06
3.5929e+06
3.6014e+06
3.6176e+06
3.6392e+06
3.6615e+06
3.6788e+06
3.6856e+06
3.6787e+06
3.6579e+06
3.6265e+06
3.5906e+06
3.557e+06
3.532e+06
3.5192e+06
3.5193e+06
3.5296e+06
3.5454e+06
3.5613e+06
3.5726e+06
3.577e+06
3.5745e+06
3.5678e+06
3.5606e+06
3.5561e+06
3.5556e+06
3.5575e+06
3.5579e+06
3.5524e+06
3.5377e+06
3.5131e+06
3.4808e+06
3.4458e+06
3.4144e+06
3.3929e+06
3.3859e+06
3.395e+06
3.4177e+06
3.4478e+06
3.4768e+06
3.4962e+06
3.4993e+06
3.4834e+06
3.4501e+06
3.4048e+06
3.3554e+06
3.3099e+06
3.2749e+06
3.2538e+06
3.2463e+06
3.2493e+06
3.258e+06
3.2674e+06
3.2732e+06
3.2734e+06
3.2682e+06
3.2597e+06
3.2506e+06
3.2425e+06
3.2355e+06
3.2274e+06
3.2149e+06
3.195e+06
3.1663e+06
3.1299e+06
3.0897e+06
3.0512e+06
3.0203e+06
3.0022e+06
2.9994e+06
3.0113e+06
3.0333e+06
3.0584e+06
3.0784e+06
3.0864e+06
3.0783e+06
3.0541e+06
3.0177e+06
2.976e+06
2.937e+06
2.9076e+06
2.8921e+06
2.8911e+06
2.9019e+06
2.919e+06
2.9362e+06
2.9478e+06
2.9503e+06
2.9428e+06
2.9274e+06
2.9082e+06
2.8898e+06
2.8755e+06
2.8664e+06
2.8608e+06
2.8556e+06
2.8476e+06
2.8349e+06
2.8176e+06
2.7978e+06
2.7792e+06
2.7663e+06
2.7629e+06
2.7712e+06
2.7903e+06
2.8164e+06
2.843e+06
2.8629e+06
2.87e+06
2.861e+06
2.8364e+06
2.8005e+06
2.7602e+06
2.7238e+06
2.6986e+06
2.6895e+06
2.6974e+06
2.7192e+06
2.7484e+06
2.7771e+06
2.7977e+06
2.8046e+06
2.7959e+06
2.7732e+06
2.7413e+06
2.7072e+06
2.6774e+06
2.6571e+06
2.6485e+06
2.6507e+06
2.6607e+06
2.6743e+06
2.6871e+06
2.696e+06
2.699e+06
2.6964e+06
2.6899e+06
2.6823e+06
2.6762e+06
2.6728e+06
2.6714e+06
2.67e+06
2.6662e+06
2.6581e+06
2.6452e+06
2.6291e+06
2.6125e+06
2.5995e+06
2.5935e+06
2.5975e+06
2.6119e+06
2.6348e+06
2.6617e+06
2.6865e+06
2.7027e+06
2.7057e+06
2.6932e+06
2.6664e+06
2.6298e+06
2.59e+06
2.5542e+06
2.5291e+06
2.519e+06
2.5249e+06
2.5445e+06
2.5726e+06
2.6025e+06
2.6273e+06
2.6421e+06
2.6443e+06
2.6345e+06
2.6161e+06
2.5939e+06
2.5736e+06
2.5596e+06
2.5544e+06
2.558e+06
2.5684e+06
2.5821e+06
2.595e+06
2.6034e+06
2.6052e+06
2.6e+06
2.5894e+06
2.5764e+06
2.5645e+06
2.5564e+06
2.5534e+06
2.5554e+06
2.5607e+06
2.5671e+06
2.5722e+06
2.5743e+06
2.5726e+06
2.5673e+06
2.5598e+06
2.5522e+06
2.5469e+06
2.5452e+06
2.5473e+06
2.552e+06
2.557e+06
2.5598e+06
2.5586e+06
2.5526e+06
2.5425e+06
2.5301e+06
2.5178e+06
2.5084e+06
2.5043e+06
2.5067e+06
2.5154e+06
2.5282e+06
2.5418e+06
2.5523e+06
2.5567e+06
2.5533e+06
2.5429e+06
2.5279e+06
2.5123e+06
2.5002e+06
2.4955e+06
2.5006e+06
2.5156e+06
2.5386e+06
2.5655e+06
2.5909e+06
2.61e+06
2.6188e+06
2.616e+06
2.6027e+06
2.5826e+06
2.5608e+06
2.543e+06
2.534e+06
2.5364e+06
2.5504e+06
2.5733e+06
2.6003e+06
2.6257e+06
2.6438e+06
2.6509e+06
2.6454e+06
2.6289e+06
2.6054e+06
2.5807e+06
2.561e+06
2.5514e+06
2.555e+06
2.572e+06
2.5996e+06
2.6329e+06
2.6659e+06
2.6925e+06
2.7082e+06
2.7108e+06
2.7013e+06
2.6832e+06
2.6619e+06
2.6434e+06
2.633e+06
2.6339e+06
2.6469e+06
2.6699e+06
2.6991e+06
2.7291e+06
2.7545e+06
2.7711e+06
2.7763e+06
2.7703e+06
2.7558e+06
2.7374e+06
2.7203e+06
2.7094e+06
2.7081e+06
2.7174e+06
2.7361e+06
2.761e+06
2.7877e+06
2.8116e+06
2.8287e+06
2.8366e+06
2.835e+06
2.8257e+06
2.8122e+06
2.799e+06
2.7903e+06
2.7892e+06
2.7968e+06
2.8123e+06
2.8333e+06
2.8562e+06
2.8772e+06
2.8928e+06
2.9008e+06
2.9007e+06
2.894e+06
2.8835e+06
2.8731e+06
2.8666e+06
2.8668e+06
2.8748e+06
2.8901e+06
2.9106e+06
2.933e+06
2.9537e+06
2.9691e+06
2.9768e+06
2.9757e+06
2.9669e+06
2.9526e+06
2.9366e+06
2.9225e+06
2.9134e+06
2.911e+06
2.9156e+06
2.926e+06
2.9399e+06
2.9543e+06
2.966e+06
2.9725e+06
2.9725e+06
2.966e+06
2.9547e+06
2.9415e+06
2.9297e+06
2.9221e+06
2.9205e+06
2.9255e+06
2.936e+06
2.9499e+06
2.9643e+06
2.9761e+06
2.9826e+06
2.9822e+06
2.9748e+06
2.9618e+06
2.946e+06
2.9309e+06
2.9197e+06
2.9149e+06
2.9174e+06
2.9267e+06
2.9408e+06
2.9568e+06
2.9709e+06
2.9795e+06
2.9799e+06
2.9712e+06
2.9543e+06
2.932e+06
2.9085e+06
2.8884e+06
2.8752e+06
2.8714e+06
2.877e+06
2.8903e+06
2.9079e+06
2.9255e+06
2.9382e+06
2.9423e+06
2.9352e+06
2.9171e+06
2.8901e+06
2.8588e+06
2.8286e+06
2.805e+06
2.792e+06
2.7919e+06
2.8041e+06
2.8256e+06
2.8513e+06
2.8754e+06
2.8923e+06
2.8976e+06
2.8895e+06
2.869e+06
2.8399e+06
2.8082e+06
2.7803e+06
2.7625e+06
2.7588e+06
2.7706e+06
2.7963e+06
2.8312e+06
2.869e+06
2.9027e+06
2.9263e+06
2.9358e+06
2.9302e+06
2.9116e+06
2.8849e+06
2.8566e+06
2.8333e+06
2.8208e+06
2.8221e+06
2.8377e+06
2.8648e+06
2.8984e+06
2.9322e+06
2.9601e+06
2.9772e+06
2.9814e+06
2.973e+06
2.9552e+06
2.933e+06
2.912e+06
2.8975e+06
2.8936e+06
2.9019e+06
2.9217e+06
2.9499e+06
2.9821e+06
3.013e+06
3.0383e+06
3.0548e+06
3.0616e+06
3.06e+06
3.0523e+06
3.0419e+06
3.0319e+06
3.025e+06
3.0227e+06
3.0254e+06
3.0326e+06
3.0429e+06
3.0543e+06
3.0647e+06
3.0726e+06
3.0773e+06
3.0787e+06
3.0776e+06
3.0745e+06
3.07e+06
3.0646e+06
3.0585e+06
3.0524e+06
3.047e+06
3.0436e+06
3.0431e+06
3.0464e+06
3.054e+06
3.0654e+06
3.0799e+06
3.0955e+06
3.1096e+06
3.1193e+06
3.1215e+06
3.1146e+06
3.0982e+06
3.0742e+06
3.0462e+06
3.0189e+06
2.9972e+06
2.985e+06
2.9846e+06
2.9958e+06
3.0161e+06
3.0409e+06
3.0647e+06
3.0819e+06
3.0886e+06
3.0831e+06
3.0667e+06
3.0431e+06
3.0179e+06
2.9971e+06
2.9858e+06
2.9871e+06
3.0012e+06
3.0258e+06
3.0562e+06
3.0865e+06
3.1113e+06
3.1264e+06
3.1302e+06
3.1233e+06
3.109e+06
3.0917e+06
3.0762e+06
3.0662e+06
3.0639e+06
3.0695e+06
3.0816e+06
3.0974e+06
3.114e+06
3.1286e+06
3.1392e+06
3.1455e+06
3.1479e+06
3.1479e+06
3.1468e+06
3.1452e+06
3.1428e+06
3.1389e+06
3.1324e+06
3.1231e+06
3.1119e+06
3.1005e+06
3.0916e+06
3.0879e+06
3.0917e+06
3.1043e+06
3.125e+06
3.1512e+06
3.1783e+06
3.2007e+06
3.2128e+06
3.2111e+06
3.1946e+06
3.1657e+06
3.1297e+06
3.0939e+06
3.0657e+06
3.051e+06
3.0531e+06
3.0717e+06
3.103e+06
3.1406e+06
3.1769e+06
3.2051e+06
3.2205e+06
3.2215e+06
3.2099e+06
3.1901e+06
3.1679e+06
3.1488e+06
3.1369e+06
3.134e+06
3.1398e+06
3.1522e+06
3.1684e+06
3.1859e+06
3.2027e+06
3.2181e+06
3.2326e+06
3.2475e+06
3.2639e+06
3.282e+06
3.3003e+06
3.3159e+06
3.3256e+06
3.3266e+06
3.3182e+06
3.3021e+06
3.2821e+06
3.2634e+06
3.2518e+06
3.2516e+06
3.2646e+06
3.2897e+06
3.3222e+06
3.3553e+06
3.3815e+06
3.3944e+06
3.3903e+06
3.3694e+06
3.3356e+06
3.2957e+06
3.2578e+06
3.2293e+06
3.2153e+06
3.2174e+06
3.2337e+06
3.2595e+06
3.2889e+06
3.316e+06
3.3364e+06
3.3481e+06
3.3515e+06
3.3494e+06
3.3448e+06
3.3405e+06
3.3376e+06
3.335e+06
3.331e+06
3.3235e+06
3.3117e+06
3.2967e+06
3.2813e+06
3.2695e+06
3.2653e+06
3.2719e+06
3.2901e+06
3.3181e+06
3.3511e+06
3.3826e+06
3.4057e+06
3.4153e+06
3.4089e+06
3.3876e+06
3.3557e+06
3.3197e+06
3.2865e+06
3.2619e+06
3.2494e+06
3.2493e+06
3.2594e+06
3.2757e+06
3.2938e+06
3.3098e+06
3.3215e+06
3.3286e+06
3.3321e+06
3.3339e+06
3.3352e+06
3.3363e+06
3.3361e+06
3.3325e+06
3.3241e+06
3.3108e+06
3.2941e+06
3.2777e+06
3.2662e+06
3.2637e+06
3.2734e+06
3.2954e+06
3.3271e+06
3.3631e+06
3.397e+06
3.4222e+06
3.4343e+06
3.4322e+06
3.4176e+06
3.3955e+06
3.3717e+06
3.3519e+06
3.3393e+06
3.3349e+06
3.337e+06
3.3428e+06
3.3494e+06
3.3547e+06
3.3581e+06
3.361e+06
3.3657e+06
3.3749e+06
3.3901e+06
3.4109e+06
3.4341e+06
3.4547e+06
3.4672e+06
3.4673e+06
3.4536e+06
3.4281e+06
3.3957e+06
3.3631e+06
3.3373e+06
3.3232e+06
3.323e+06
3.3354e+06
3.3564e+06
3.3806e+06
3.4028e+06
3.4195e+06
3.4292e+06
3.4331e+06
3.4335e+06
3.433e+06
3.4329e+06
3.4326e+06
3.43e+06
3.4226e+06
3.4091e+06
3.39e+06
3.3681e+06
3.3483e+06
3.336e+06
3.3357e+06
3.3494e+06
3.376e+06
3.411e+06
3.4479e+06
3.4795e+06
3.5001e+06
3.507e+06
3.5009e+06
3.4854e+06
3.4657e+06
3.4469e+06
3.4321e+06
3.4215e+06
3.4135e+06
3.4052e+06
3.3947e+06
3.3815e+06
3.3675e+06
3.3562e+06
3.3519e+06
3.3582e+06
3.3763e+06
3.4043e+06
3.4371e+06
3.4681e+06
3.4904e+06
3.4995e+06
3.4939e+06
3.4763e+06
3.4516e+06
3.4264e+06
3.4059e+06
3.3932e+06
3.3885e+06
3.3896e+06
3.3934e+06
3.397e+06
3.3995e+06
3.4015e+06
3.4054e+06
3.4139e+06
3.4288e+06
3.4497e+06
3.4731e+06
3.4937e+06
3.5054e+06
3.5037e+06
3.4871e+06
3.4576e+06
3.4208e+06
3.3838e+06
3.3533e+06
3.3339e+06
3.3268e+06
3.33e+06
3.3396e+06
3.3513e+06
3.362e+06
3.3705e+06
3.3778e+06
3.3864e+06
3.3989e+06
3.4163e+06
3.4373e+06
3.458e+06
3.4732e+06
3.4784e+06
3.4711e+06
3.4521e+06
3.4251e+06
3.3958e+06
3.3698e+06
3.3514e+06
3.3419e+06
3.3402e+06
3.3435e+06
3.3487e+06
3.3538e+06
3.3583e+06
3.364e+06
3.3733e+06
3.3883e+06
3.4092e+06
3.4333e+06
3.4559e+06
3.4708e+06
3.4735e+06
3.462e+06
3.4381e+06
3.407e+06
3.3755e+06
3.3501e+06
3.3349e+06
3.3304e+06
3.334e+06
3.3413e+06
3.3481e+06
3.3518e+06
3.3525e+06
3.3529e+06
3.3566e+06
3.367e+06
3.3846e+06
3.4069e+06
3.4283e+06
3.4422e+06
3.4432e+06
3.4293e+06
3.4026e+06
3.3684e+06
3.3342e+06
3.3063e+06
3.2883e+06
3.28e+06
3.2784e+06
3.2787e+06
3.2774e+06
3.2732e+06
3.2678e+06
3.2655e+06
3.2711e+06
3.2881e+06
3.3161e+06
3.3507e+06
3.3842e+06
3.408e+06
3.4158e+06
3.4054e+06
3.3793e+06
3.3445e+06
3.3092e+06
3.281e+06
3.2635e+06
3.2563e+06
3.2553e+06
3.2552e+06
3.2521e+06
3.2445e+06
3.2345e+06
3.2262e+06
3.2243e+06
3.2322e+06
3.25e+06
3.2745e+06
3.2996e+06
3.3192e+06
3.329e+06
3.3277e+06
3.3178e+06
3.3036e+06
3.2895e+06
3.2781e+06
3.269e+06
3.2593e+06
3.2459e+06
3.2266e+06
3.2023e+06
3.1766e+06
3.1553e+06
3.1439e+06
3.1459e+06
3.1609e+06
3.1849e+06
3.2111e+06
3.2327e+06
3.2446e+06
3.2455e+06
3.2379e+06
3.2269e+06
3.2177e+06
3.2135e+06
3.2134e+06
3.2134e+06
3.2081e+06
3.193e+06
3.1672e+06
3.1339e+06
3.0994e+06
3.071e+06
3.0546e+06
3.0524e+06
3.0624e+06
3.0795e+06
3.0975e+06
3.1115e+06
3.1198e+06
3.1241e+06
3.1286e+06
3.1378e+06
3.1545e+06
3.1774e+06
3.2016e+06
3.2205e+06
3.2281e+06
3.2216e+06
3.2022e+06
3.1748e+06
3.1458e+06
3.1207e+06
3.1022e+06
3.0894e+06
3.0791e+06
3.0679e+06
3.0541e+06
3.0391e+06
3.0269e+06
3.0225e+06
3.0301e+06
3.0507e+06
3.0814e+06
3.1156e+06
3.1459e+06
3.1662e+06
3.174e+06
3.1711e+06
3.1626e+06
3.1544e+06
3.1509e+06
3.1523e+06
3.1552e+06
3.154e+06
3.1437e+06
3.1224e+06
3.0922e+06
3.059e+06
3.0299e+06
3.0113e+06
3.0064e+06
3.0141e+06
3.0303e+06
3.0492e+06
3.0662e+06
3.0792e+06
3.0886e+06
3.0973e+06
3.1084e+06
3.1232e+06
3.1408e+06
3.1575e+06
3.1693e+06
3.1728e+06
3.1674e+06
3.1548e+06
3.1387e+06
3.1223e+06
3.1073e+06
3.0931e+06
3.0774e+06
3.0581e+06
3.0346e+06
3.0089e+06
2.9854e+06
2.969e+06
2.9638e+06
2.9711e+06
2.9888e+06
3.0121e+06
3.0354e+06
3.0548e+06
3.0691e+06
3.0802e+06
3.0917e+06
3.1068e+06
3.1261e+06
3.1467e+06
3.1631e+06
3.1693e+06
3.1615e+06
3.14e+06
3.1088e+06
3.0745e+06
3.0438e+06
3.0207e+06
3.0056e+06
2.9958e+06
2.9872e+06
2.9772e+06
2.9657e+06
2.9554e+06
2.9508e+06
2.9559e+06
2.9721e+06
2.997e+06
3.0256e+06
3.0514e+06
3.0698e+06
3.0792e+06
3.0816e+06
3.0816e+06
3.0837e+06
3.09e+06
3.0987e+06
3.1051e+06
3.1038e+06
3.0913e+06
3.0677e+06
3.0371e+06
3.0055e+06
2.9785e+06
2.9591e+06
2.9466e+06
2.9373e+06
2.9274e+06
2.9146e+06
2.8998e+06
2.887e+06
2.8813e+06
2.8868e+06
2.9046e+06
2.9315e+06
2.9617e+06
2.9887e+06
3.0082e+06
3.0195e+06
3.0256e+06
3.0315e+06
3.0415e+06
3.0564e+06
3.0729e+06
3.0853e+06
3.0878e+06
3.0773e+06
3.055e+06
3.026e+06
2.9969e+06
2.973e+06
2.9566e+06
2.9459e+06
2.9372e+06
2.9266e+06
2.9128e+06
2.8978e+06
2.8858e+06
2.8815e+06
2.8879e+06
2.9044e+06
2.9272e+06
2.9509e+06
2.9707e+06
2.9849e+06
2.9947e+06
3.0044e+06
3.018e+06
3.0373e+06
3.0606e+06
3.0828e+06
3.0981e+06
3.1026e+06
3.0955e+06
3.0801e+06
3.0615e+06
3.0443e+06
3.0307e+06
3.0195e+06
3.0075e+06
2.9915e+06
2.9705e+06
2.9465e+06
2.9241e+06
2.908e+06
2.9016e+06
2.9051e+06
2.9156e+06
2.9291e+06
2.9421e+06
2.9535e+06
2.965e+06
2.9798e+06
3.0008e+06
3.0283e+06
3.0596e+06
3.0895e+06
3.1127e+06
3.1265e+06
3.1312e+06
3.1306e+06
3.1294e+06
3.1309e+06
3.1349e+06
3.1379e+06
3.1349e+06
3.1223e+06
3.0997e+06
3.0706e+06
3.0407e+06
3.0158e+06
2.999e+06
2.9899e+06
2.9851e+06
2.9805e+06
2.9738e+06
2.9657e+06
2.9592e+06
2.9586e+06
2.9668e+06
2.9838e+06
3.0064e+06
3.0299e+06
3.0503e+06
3.0663e+06
3.0796e+06
3.0943e+06
3.1135e+06
3.1379e+06
3.1644e+06
3.1873e+06
3.2011e+06
3.2028e+06
3.1938e+06
3.1787e+06
3.1634e+06
3.1518e+06
3.1441e+06
3.1369e+06
3.1254e+06
3.106e+06
3.0791e+06
3.0484e+06
3.02e+06
2.9994e+06
2.9887e+06
2.9864e+06
2.9881e+06
2.9892e+06
2.987e+06
2.9824e+06
2.9787e+06
2.9804e+06
2.9903e+06
3.0081e+06
3.0306e+06
3.0533e+06
3.0727e+06
3.0878e+06
3.1002e+06
3.1127e+06
3.1269e+06
3.1424e+06
3.156e+06
3.1639e+06
3.1636e+06
3.1556e+06
3.1429e+06
3.1298e+06
3.1195e+06
3.1123e+06
3.1056e+06
3.0958e+06
3.0806e+06
3.0608e+06
3.0399e+06
3.0224e+06
3.0116e+06
3.0074e+06
3.0066e+06
3.0043e+06
2.9974e+06
2.9857e+06
2.9732e+06
2.9657e+06
2.9685e+06
2.9832e+06
3.0069e+06
3.0334e+06
3.0566e+06
3.0729e+06
3.0836e+06
3.0936e+06
3.1086e+06
3.1315e+06
3.161e+06
3.1911e+06
3.215e+06
3.228e+06
3.2302e+06
3.2258e+06
3.2208e+06
3.2194e+06
3.2216e+06
3.2234e+06
3.219e+06
3.2048e+06
3.181e+06
3.1523e+06
3.1251e+06
3.104e+06
3.0898e+06
3.0791e+06
3.067e+06
3.0497e+06
3.0277e+06
3.0052e+06
2.9883e+06
2.9817e+06
2.9862e+06
2.9981e+06
3.0112e+06
3.0204e+06
3.0242e+06
3.0252e+06
3.0287e+06
3.0397e+06
3.0598e+06
3.086e+06
3.1127e+06
3.1345e+06
3.1492e+06
3.1588e+06
3.1683e+06
3.182e+06
3.201e+06
3.2221e+06
3.2391e+06
3.2467e+06
3.2431e+06
3.2313e+06
3.2169e+06
3.2052e+06
3.1977e+06
3.1919e+06
3.1826e+06
3.1654e+06
3.1399e+06
3.1098e+06
3.0808e+06
3.0577e+06
3.0416e+06
3.0292e+06
3.0154e+06
2.9964e+06
2.9725e+06
2.9479e+06
2.9288e+06
2.9196e+06
2.9206e+06
2.9274e+06
2.9339e+06
2.9355e+06
2.9321e+06
2.9281e+06
2.9303e+06
2.9438e+06
2.9689e+06
3.0007e+06
3.0315e+06
3.055e+06
3.0694e+06
3.0783e+06
3.0881e+06
3.1043e+06
3.1281e+06
3.1557e+06
3.1804e+06
3.197e+06
3.2044e+06
3.2059e+06
3.2067e+06
3.2104e+06
3.2163e+06
3.2199e+06
3.2156e+06
3.2008e+06
3.1777e+06
3.1526e+06
3.1321e+06
3.1192e+06
3.1117e+06
3.1028e+06
3.0863e+06
3.0594e+06
3.0254e+06
2.9914e+06
2.9652e+06
2.9502e+06
2.944e+06
2.9401e+06
2.9318e+06
2.9161e+06
2.8956e+06
2.8769e+06
2.8667e+06
2.8681e+06
2.8788e+06
2.8926e+06
2.9034e+06
2.9088e+06
2.9109e+06
2.9154e+06
2.9271e+06
2.9473e+06
2.9721e+06
2.9956e+06
3.0127e+06
3.0229e+06
3.0302e+06
3.0408e+06
3.0587e+06
3.0832e+06
3.1088e+06
3.1287e+06
3.1385e+06
3.1391e+06
3.1354e+06
3.1335e+06
3.1363e+06
3.1419e+06
3.1451e+06
3.1409e+06
3.1282e+06
3.1106e+06
3.0943e+06
3.0838e+06
3.0787e+06
3.0739e+06
3.0626e+06
3.0407e+06
3.0096e+06
2.9758e+06
2.9468e+06
2.9272e+06
2.9153e+06
2.9047e+06
2.8884e+06
2.8632e+06
2.8318e+06
2.8014e+06
2.7795e+06
2.7693e+06
2.7681e+06
2.769e+06
2.7655e+06
2.7557e+06
2.7428e+06
2.7336e+06
2.7338e+06
2.7442e+06
2.7602e+06
2.775e+06
2.7839e+06
2.787e+06
2.7899e+06
2.799e+06
2.8181e+06
2.8444e+06
2.871e+06
2.8903e+06
2.8996e+06
2.9025e+06
2.9072e+06
2.9213e+06
2.9468e+06
2.9781e+06
3.0055e+06
3.0212e+06
3.0233e+06
3.0173e+06
3.0122e+06
3.0153e+06
3.0269e+06
3.0411e+06
3.0492e+06
3.046e+06
3.0325e+06
3.0152e+06
3.0016e+06
2.9952e+06
2.9933e+06
2.9891e+06
2.976e+06
2.9523e+06
2.9216e+06
2.891e+06
2.8658e+06
2.8468e+06
2.8301e+06
2.8104e+06
2.7853e+06
2.7565e+06
2.7289e+06
2.7068e+06
2.6906e+06
2.6766e+06
2.6592e+06
2.6357e+06
2.6078e+06
2.5815e+06
2.5631e+06
2.5547e+06
2.5529e+06
2.5505e+06
2.5416e+06
2.5253e+06
2.507e+06
2.4949e+06
2.4955e+06
2.5088e+06
2.5281e+06
2.5443e+06
2.5515e+06
2.5499e+06
2.5461e+06
2.5485e+06
2.5616e+06
2.5837e+06
2.6074e+06
2.6254e+06
2.6348e+06
2.6392e+06
2.646e+06
2.6616e+06
2.6862e+06
2.7141e+06
2.737e+06
2.75e+06
2.7548e+06
2.7583e+06
2.7682e+06
2.7875e+06
2.8121e+06
2.8333e+06
2.8441e+06
2.8436e+06
2.8374e+06
2.8345e+06
2.8408e+06
2.8554e+06
2.8708e+06
2.8787e+06
2.8751e+06
2.8629e+06
2.8501e+06
2.844e+06
2.8465e+06
2.8527e+06
2.8547e+06
2.847e+06
2.8297e+06
2.8085e+06
2.7905e+06
2.779e+06
2.772e+06
2.7636e+06
2.7488e+06
2.7269e+06
2.7019e+06
2.6795e+06
2.6625e+06
2.6493e+06
2.6345e+06
2.6131e+06
2.5843e+06
2.5522e+06
2.5231e+06
2.5013e+06
2.4865e+06
2.4737e+06
2.4572e+06
2.4343e+06
2.4066e+06
2.3793e+06
2.3573e+06
2.3419e+06
2.3307e+06
2.3195e+06
2.3055e+06
2.289e+06
2.2731e+06
2.2607e+06
2.2521e+06
2.2455e+06
2.2381e+06
2.2291e+06
2.2207e+06
2.2169e+06
2.2206e+06
2.2308e+06
2.2429e+06
2.2512e+06
2.253e+06
2.2498e+06
2.2467e+06
2.2491e+06
2.259e+06
2.2736e+06
2.2875e+06
2.2972e+06
2.303e+06
2.3094e+06
2.3217e+06
2.3418e+06
2.3666e+06
2.3901e+06
2.4072e+06
2.4178e+06
2.4263e+06
2.4389e+06
2.4589e+06
2.4843e+06
2.5087e+06
2.5265e+06
2.536e+06
2.5414e+06
2.5494e+06
2.565e+06
2.5876e+06
2.6118e+06
2.6315e+06
2.6443e+06
2.6526e+06
2.662e+06
2.6766e+06
2.696e+06
2.7156e+06
2.7304e+06
2.7387e+06
2.7435e+06
2.7498e+06
2.7611e+06
2.7757e+06
2.7884e+06
2.7944e+06
2.7928e+06
2.7883e+06
2.7877e+06
2.7952e+06
2.8092e+06
2.8231e+06
2.8303e+06
2.8281e+06
2.8198e+06
2.8117e+06
2.8092e+06
2.8126e+06
2.8183e+06
2.8214e+06
2.8202e+06
2.8168e+06
2.8149e+06
2.8161e+06
2.8182e+06
2.8168e+06
2.8089e+06
2.7959e+06
2.7831e+06
2.7757e+06
2.7753e+06
2.7777e+06
2.7764e+06
2.7672e+06
2.7512e+06
2.7343e+06
2.7226e+06
2.7177e+06
2.7157e+06
2.7096e+06
2.6955e+06
2.6746e+06
2.6535e+06
2.6382e+06
2.6304e+06
2.6256e+06
2.617e+06
2.6004e+06
2.5776e+06
2.5546e+06
2.5371e+06
2.526e+06
2.5165e+06
2.5024e+06
2.4808e+06
2.4547e+06
2.4308e+06
2.4145e+06
2.4055e+06
2.3978e+06
2.3846e+06
2.3631e+06
2.3367e+06
2.3122e+06
2.2947e+06
2.2832e+06
2.2721e+06
2.255e+06
2.2306e+06
2.2034e+06
2.1801e+06
2.1646e+06
2.1543e+06
2.1421e+06
2.1217e+06
2.0927e+06
2.0606e+06
2.0331e+06
2.0146e+06
2.0025e+06
1.9898e+06
1.971e+06
1.9461e+06
1.9208e+06
1.9017e+06
1.8911e+06
1.8847e+06
1.8747e+06
1.8558e+06
1.8287e+06
1.7998e+06
1.7761e+06
1.76e+06
1.7481e+06
1.7339e+06
1.7139e+06
1.6899e+06
1.6675e+06
1.6518e+06
1.6427e+06
1.635e+06
1.6228e+06
1.6039e+06
1.5815e+06
1.5612e+06
1.5466e+06
1.536e+06
1.5236e+06
1.5049e+06
1.4804e+06
1.4558e+06
1.438e+06
1.4291e+06
1.4248e+06
1.4172e+06
1.4014e+06
1.3787e+06
1.3563e+06
1.3414e+06
1.3357e+06
1.3333e+06
1.3259e+06
1.3085e+06
1.2833e+06
1.2582e+06
1.2408e+06
1.2326e+06
1.2278e+06
1.218e+06
1.1991e+06
