1.869e+06
1.8925e+06
1.905e+06
1.9123e+06
1.9252e+06
1.9521e+06
1.9926e+06
2.0369e+06
2.072e+06
2.0896e+06
2.0907e+06
2.085e+06
2.0863e+06
2.1049e+06
2.1419e+06
2.1899e+06
2.2373e+06
2.2748e+06
2.299e+06
2.3123e+06
2.3214e+06
2.333e+06
2.3517e+06
2.3782e+06
2.4099e+06
2.4429e+06
2.4739e+06
2.5014e+06
2.5258e+06
2.5483e+06
2.5699e+06
2.5908e+06
2.6113e+06
2.6326e+06
2.6576e+06
2.6896e+06
2.7296e+06
2.7742e+06
2.8158e+06
2.8459e+06
2.8603e+06
2.8625e+06
2.8636e+06
2.8776e+06
2.913e+06
2.9675e+06
3.028e+06
3.0788e+06
3.1102e+06
3.1237e+06
3.1312e+06
3.1476e+06
3.1818e+06
3.2309e+06
3.2825e+06
3.3236e+06
3.3481e+06
3.3607e+06
3.3732e+06
3.397e+06
3.4356e+06
3.4831e+06
3.5286e+06
3.5635e+06
3.5862e+06
3.6021e+06
3.6189e+06
3.6416e+06
3.6703e+06
3.702e+06
3.7345e+06
3.7685e+06
3.807e+06
3.8506e+06
3.8951e+06
3.9319e+06
3.9533e+06
3.9581e+06
3.9551e+06
3.9597e+06
3.9865e+06
4.0395e+06
4.1083e+06
4.1727e+06
4.2131e+06
4.2198e+06
4.1981e+06
4.166e+06
4.1463e+06
4.1557e+06
4.1968e+06
4.2573e+06
4.3179e+06
4.3614e+06
4.38e+06
4.3773e+06
4.3654e+06
4.3594e+06
4.3701e+06
4.3995e+06
4.4398e+06
4.478e+06
4.5015e+06
4.5046e+06
4.491e+06
4.4727e+06
4.465e+06
4.4782e+06
4.5118e+06
4.5543e+06
4.5885e+06
4.6006e+06
4.5871e+06
4.5565e+06
4.5247e+06
4.5071e+06
4.5097e+06
4.5259e+06
4.5417e+06
4.5444e+06
4.5295e+06
4.5032e+06
4.4776e+06
4.4627e+06
4.4605e+06
4.4639e+06
4.4626e+06
4.4498e+06
4.4268e+06
4.4009e+06
4.3798e+06
4.3651e+06
4.3506e+06
4.327e+06
4.289e+06
4.2401e+06
4.1926e+06
4.16e+06
4.1486e+06
4.1521e+06
4.1548e+06
4.141e+06
4.1039e+06
4.0495e+06
3.9928e+06
3.9488e+06
3.923e+06
3.9085e+06
3.891e+06
3.8586e+06
3.8093e+06
3.7521e+06
3.7015e+06
3.6683e+06
3.6533e+06
3.6472e+06
3.6372e+06
3.6153e+06
3.5817e+06
3.5436e+06
3.5085e+06
3.4795e+06
3.4532e+06
3.4237e+06
3.3882e+06
3.3506e+06
3.3198e+06
3.304e+06
3.3043e+06
3.3129e+06
3.3178e+06
3.3099e+06
3.29e+06
3.2683e+06
3.2595e+06
3.2737e+06
3.3092e+06
3.3539e+06
3.3922e+06
3.4148e+06
3.4231e+06
3.428e+06
3.4421e+06
3.4712e+06
3.5101e+06
3.5459e+06
3.5672e+06
3.5719e+06
3.57e+06
3.5782e+06
3.6103e+06
3.668e+06
3.7393e+06
3.8063e+06
3.8557e+06
3.8854e+06
3.9047e+06
3.9273e+06
3.9623e+06
4.0089e+06
4.058e+06
4.0997e+06
4.1309e+06
4.157e+06
4.1876e+06
4.2287e+06
4.2772e+06
4.3223e+06
4.353e+06
4.3659e+06
4.3688e+06
4.3764e+06
4.4009e+06
4.4434e+06
4.4916e+06
4.5272e+06
4.5366e+06
4.5184e+06
4.4838e+06
4.4503e+06
4.4316e+06
4.4298e+06
4.4363e+06
4.4392e+06
4.4325e+06
4.4192e+06
4.4081e+06
4.4061e+06
4.4111e+06
4.412e+06
4.395e+06
4.3524e+06
4.2881e+06
4.2164e+06
4.1549e+06
4.1144e+06
4.0927e+06
4.0774e+06
4.0538e+06
4.0136e+06
3.9596e+06
3.9025e+06
3.8543e+06
3.8211e+06
3.7997e+06
3.7811e+06
3.757e+06
3.7252e+06
3.6904e+06
3.6605e+06
3.6416e+06
3.6339e+06
3.6317e+06
3.628e+06
3.6188e+06
3.6057e+06
3.5948e+06
3.5925e+06
3.6018e+06
3.6206e+06
3.6441e+06
3.6682e+06
3.693e+06
3.7221e+06
3.7598e+06
3.8068e+06
3.858e+06
3.9048e+06
3.9391e+06
3.9583e+06
3.9671e+06
3.9757e+06
3.9941e+06
4.0271e+06
4.0716e+06
4.1194e+06
4.1621e+06
4.1959e+06
4.2228e+06
4.248e+06
4.2756e+06
4.3053e+06
4.3327e+06
4.3528e+06
4.3638e+06
4.3692e+06
4.3752e+06
4.3868e+06
4.4032e+06
4.4177e+06
4.421e+06
4.4065e+06
4.3745e+06
4.3323e+06
4.2902e+06
4.2563e+06
4.2319e+06
4.2116e+06
4.1872e+06
4.1528e+06
4.1084e+06
4.0595e+06
4.0138e+06
3.9769e+06
3.9492e+06
3.9267e+06
3.9037e+06
3.8763e+06
3.8435e+06
3.8074e+06
3.771e+06
3.7365e+06
3.705e+06
3.6774e+06
3.6554e+06
3.642e+06
3.6398e+06
3.6493e+06
3.6676e+06
3.6891e+06
3.7082e+06
3.7223e+06
3.7342e+06
3.7504e+06
3.7782e+06
3.8209e+06
3.8752e+06
3.9322e+06
3.9821e+06
4.0187e+06
4.043e+06
4.0624e+06
4.0861e+06
4.1198e+06
4.1616e+06
4.2031e+06
4.2345e+06
4.2503e+06
4.2531e+06
4.2518e+06
4.2569e+06
4.2736e+06
4.2981e+06
4.3197e+06
4.3261e+06
4.3109e+06
4.2765e+06
4.2328e+06
4.1922e+06
4.1625e+06
4.143e+06
4.1255e+06
4.0999e+06
4.0595e+06
4.0052e+06
3.9442e+06
3.8865e+06
3.8392e+06
3.8042e+06
3.7775e+06
3.7536e+06
3.7284e+06
3.7018e+06
3.6771e+06
3.6585e+06
3.6482e+06
3.6454e+06
3.6474e+06
3.6513e+06
3.6563e+06
3.6642e+06
3.6776e+06
3.6982e+06
3.7253e+06
3.7554e+06
3.7845e+06
3.8101e+06
3.8329e+06
3.856e+06
3.8831e+06
3.9157e+06
3.9517e+06
3.9868e+06
4.017e+06
4.041e+06
4.0613e+06
4.0821e+06
4.1064e+06
4.1329e+06
4.1556e+06
4.1669e+06
4.1614e+06
4.1391e+06
4.1065e+06
4.0727e+06
4.0456e+06
4.027e+06
4.0122e+06
3.9928e+06
3.9619e+06
3.9179e+06
3.8659e+06
3.8144e+06
3.7712e+06
3.7391e+06
3.7149e+06
3.692e+06
3.6648e+06
3.6328e+06
3.6011e+06
3.578e+06
3.5708e+06
3.5809e+06
3.6029e+06
3.6269e+06
3.6433e+06
3.6475e+06
3.6424e+06
3.637e+06
3.6426e+06
3.6671e+06
3.7107e+06
3.7657e+06
3.8207e+06
3.8651e+06
3.8945e+06
3.9106e+06
3.9202e+06
3.9307e+06
3.946e+06
3.9652e+06
3.9836e+06
3.9958e+06
3.9983e+06
3.9913e+06
3.9773e+06
3.9592e+06
3.9387e+06
3.9152e+06
3.8874e+06
3.8548e+06
3.8179e+06
3.7788e+06
3.7392e+06
3.6996e+06
3.6587e+06
3.6148e+06
3.5673e+06
3.5183e+06
3.4728e+06
3.437e+06
3.416e+06
3.4113e+06
3.4202e+06
3.4375e+06
3.4575e+06
3.477e+06
3.4963e+06
3.5177e+06
3.544e+06
3.5758e+06
3.6104e+06
3.6433e+06
3.6706e+06
3.6911e+06
3.7082e+06
3.7272e+06
3.7529e+06
3.7854e+06
3.8193e+06
3.8455e+06
3.8554e+06
3.8453e+06
3.8185e+06
3.784e+06
3.7524e+06
3.7309e+06
3.7193e+06
3.7105e+06
3.6943e+06
3.6632e+06
3.6156e+06
3.5575e+06
3.4991e+06
3.451e+06
3.4196e+06
3.4044e+06
3.3996e+06
3.3981e+06
3.3951e+06
3.391e+06
3.3904e+06
3.3995e+06
3.4224e+06
3.4583e+06
3.5016e+06
3.5441e+06
3.579e+06
3.6037e+06
3.6209e+06
3.637e+06
3.6581e+06
3.6869e+06
3.7207e+06
3.7527e+06
3.7754e+06
3.784e+06
3.7783e+06
3.7624e+06
3.7421e+06
3.7219e+06
3.7029e+06
3.6832e+06
3.6594e+06
3.6291e+06
3.593e+06
3.5546e+06
3.5185e+06
3.4884e+06
3.4656e+06
3.4491e+06
3.4366e+06
3.4264e+06
3.4188e+06
3.4156e+06
3.4196e+06
3.4324e+06
3.4534e+06
3.48e+06
3.5083e+06
3.5354e+06
3.5607e+06
3.5859e+06
3.6136e+06
3.6454e+06
3.6801e+06
3.7131e+06
3.7387e+06
3.7521e+06
3.7524e+06
3.7425e+06
3.7285e+06
3.7164e+06
3.7087e+06
3.7033e+06
3.6942e+06
3.6749e+06
3.642e+06
3.5971e+06
3.5471e+06
3.5012e+06
3.4677e+06
3.4503e+06
3.4469e+06
3.4509e+06
3.4549e+06
3.4538e+06
3.4471e+06
3.4392e+06
3.437e+06
3.447e+06
3.4722e+06
3.5101e+06
3.5538e+06
3.595e+06
3.6272e+06
3.6481e+06
3.6599e+06
3.6679e+06
3.6776e+06
3.6915e+06
3.7083e+06
3.7229e+06
3.7295e+06
3.7239e+06
3.7054e+06
3.6768e+06
3.6433e+06
3.6105e+06
3.5828e+06
3.5621e+06
3.5481e+06
3.5391e+06
3.5331e+06
3.5285e+06
3.5243e+06
3.5203e+06
3.5171e+06
3.5159e+06
3.5187e+06
3.5282e+06
3.5471e+06
3.5771e+06
3.6178e+06
3.6655e+06
3.7144e+06
3.7576e+06
3.7892e+06
3.8065e+06
3.8106e+06
3.8063e+06
3.7995e+06
3.7947e+06
3.7928e+06
3.7906e+06
3.7826e+06
3.7635e+06
3.7311e+06
3.6878e+06
3.6402e+06
3.5967e+06
3.5646e+06
3.5475e+06
3.5439e+06
3.5488e+06
3.556e+06
3.5609e+06
3.5625e+06
3.564e+06
3.571e+06
3.5894e+06
3.6223e+06
3.6683e+06
3.7215e+06
3.7736e+06
3.8167e+06
3.846e+06
3.8606e+06
3.8632e+06
3.8584e+06
3.8501e+06
3.8402e+06
3.8281e+06
3.8118e+06
3.7893e+06
3.7605e+06
3.7271e+06
3.6925e+06
3.6604e+06
3.6338e+06
3.6144e+06
3.6026e+06
3.5978e+06
3.5995e+06
3.6077e+06
3.6222e+06
3.6431e+06
3.669e+06
3.6981e+06
3.7273e+06
3.7542e+06
3.7771e+06
3.7961e+06
3.8125e+06
3.8281e+06
3.8435e+06
3.8574e+06
3.8666e+06
3.8673e+06
3.8564e+06
3.8336e+06
3.8014e+06
3.7648e+06
3.7292e+06
3.6988e+06
3.675e+06
3.6563e+06
3.6398e+06
3.6228e+06
3.6049e+06
3.5887e+06
3.5793e+06
3.5827e+06
3.603e+06
3.6403e+06
3.6901e+06
3.7441e+06
3.7931e+06
3.8296e+06
3.8503e+06
3.8567e+06
3.8536e+06
3.8469e+06
3.8411e+06
3.8368e+06
3.8317e+06
3.8218e+06
3.8042e+06
3.7788e+06
3.7494e+06
3.7217e+06
3.7017e+06
3.6931e+06
3.6959e+06
3.7068e+06
3.7206e+06
3.7328e+06
3.7412e+06
3.7471e+06
3.7544e+06
3.7685e+06
3.793e+06
3.828e+06
3.8692e+06
3.9088e+06
3.9386e+06
3.9526e+06
3.9488e+06
3.93e+06
3.902e+06
3.8714e+06
3.8429e+06
3.8179e+06
3.7948e+06
3.7704e+06
3.7423e+06
3.7104e+06
3.6774e+06
3.648e+06
3.6272e+06
3.6185e+06
3.6224e+06
3.6366e+06
3.6567e+06
3.6783e+06
3.6984e+06
3.7163e+06
3.7336e+06
3.7526e+06
3.7746e+06
3.7987e+06
3.821e+06
3.8361e+06
3.8389e+06
3.8265e+06
3.7994e+06
3.7613e+06
3.7178e+06
3.6752e+06
3.6378e+06
3.608e+06
3.586e+06
3.5709e+06
3.5621e+06
3.5597e+06
3.565e+06
3.5795e+06
3.6039e+06
3.6366e+06
3.6736e+06
3.7091e+06
3.7369e+06
3.7525e+06
3.7543e+06
3.7443e+06
3.7272e+06
3.7089e+06
3.6939e+06
3.6838e+06
3.6772e+06
3.6706e+06
3.6603e+06
3.6446e+06
3.624e+06
3.602e+06
3.5831e+06
3.5716e+06
3.5701e+06
3.5783e+06
3.5936e+06
3.6121e+06
3.6301e+06
3.6455e+06
3.6585e+06
3.671e+06
3.6854e+06
3.7025e+06
3.7206e+06
3.7358e+06
3.7424e+06
3.7359e+06
3.7143e+06
3.6795e+06
3.6366e+06
3.5933e+06
3.5572e+06
3.5337e+06
3.5251e+06
3.5297e+06
3.5436e+06
3.5618e+06
3.5803e+06
3.5968e+06
3.6114e+06
3.6253e+06
3.6401e+06
3.6561e+06
3.6715e+06
3.6829e+06
3.6864e+06
3.6791e+06
3.6605e+06
3.6325e+06
3.5993e+06
3.5656e+06
3.535e+06
3.5094e+06
3.4885e+06
3.4704e+06
3.4537e+06
3.438e+06
3.4245e+06
3.4164e+06
3.4175e+06
3.4306e+06
3.4558e+06
3.4902e+06
3.5273e+06
3.5594e+06
3.5794e+06
3.5827e+06
3.5687e+06
3.5407e+06
3.5045e+06
3.4664e+06
3.431e+06
3.4005e+06
3.374e+06
3.3492e+06
3.3239e+06
3.2978e+06
3.2726e+06
3.2522e+06
3.2413e+06
3.2437e+06
3.2608e+06
3.2902e+06
3.3263e+06
3.3613e+06
3.3877e+06
3.3997e+06
3.3951e+06
3.3754e+06
3.345e+06
3.3094e+06
3.2738e+06
3.2417e+06
3.2144e+06
3.1917e+06
3.173e+06
3.1581e+06
3.1481e+06
3.1448e+06
3.15e+06
3.1646e+06
3.1875e+06
3.2155e+06
3.2438e+06
3.2669e+06
3.2807e+06
3.2829e+06
3.2744e+06
3.2584e+06
3.2394e+06
3.2216e+06
3.2074e+06
3.1969e+06
3.1884e+06
3.1792e+06
3.1678e+06
3.1543e+06
3.1406e+06
3.1305e+06
3.1276e+06
3.1348e+06
3.1524e+06
3.178e+06
3.207e+06
3.2334e+06
3.2518e+06
3.2586e+06
3.2534e+06
3.2385e+06
3.2181e+06
3.1966e+06
3.1775e+06
3.1619e+06
3.1493e+06
3.1376e+06
3.1251e+06
3.1109e+06
3.0958e+06
3.082e+06
3.0725e+06
3.0697e+06
3.0751e+06
3.0878e+06
3.1051e+06
3.1227e+06
3.1363e+06
3.1423e+06
3.1395e+06
3.1287e+06
3.1126e+06
3.0946e+06
3.0774e+06
3.0626e+06
3.0503e+06
3.0393e+06
3.0285e+06
3.0171e+06
3.0058e+06
2.996e+06
2.9902e+06
2.9905e+06
2.9984e+06
3.0132e+06
3.0327e+06
3.0526e+06
3.0683e+06
3.076e+06
3.0735e+06
3.0612e+06
3.0416e+06
3.0183e+06
2.9955e+06
2.9761e+06
2.9617e+06
2.9523e+06
2.9471e+06
2.9449e+06
2.9451e+06
2.948e+06
2.9546e+06
2.9663e+06
2.9838e+06
3.0063e+06
3.0308e+06
3.0526e+06
3.0664e+06
3.0675e+06
3.0535e+06
3.0253e+06
2.9867e+06
2.9441e+06
2.9047e+06
2.8751e+06
2.8593e+06
2.8583e+06
2.8699e+06
2.8899e+06
2.913e+06
2.9345e+06
2.9514e+06
2.9629e+06
2.9698e+06
2.9744e+06
2.9784e+06
2.9824e+06
2.9854e+06
2.9849e+06
2.9784e+06
2.9642e+06
2.9428e+06
2.9168e+06
2.8907e+06
2.8697e+06
2.8584e+06
2.8596e+06
2.8734e+06
2.8969e+06
2.9251e+06
2.9518e+06
2.9713e+06
2.9798e+06
2.9764e+06
2.9627e+06
2.9427e+06
2.921e+06
2.9019e+06
2.8883e+06
2.881e+06
2.8792e+06
2.881e+06
2.8844e+06
2.8878e+06
2.8905e+06
2.8924e+06
2.8941e+06
2.8962e+06
2.8989e+06
2.9018e+06
2.9034e+06
2.902e+06
2.8961e+06
2.885e+06
2.8696e+06
2.852e+06
2.8352e+06
2.8221e+06
2.8153e+06
2.8156e+06
2.8223e+06
2.8332e+06
2.8453e+06
2.8554e+06
2.861e+06
2.8611e+06
2.8559e+06
2.847e+06
2.8363e+06
2.8254e+06
2.8147e+06
2.8037e+06
2.7912e+06
2.7761e+06
2.7578e+06
2.7374e+06
2.7167e+06
2.6989e+06
2.6871e+06
2.6839e+06
2.6907e+06
2.707e+06
2.7303e+06
2.7563e+06
2.7799e+06
2.7967e+06
2.8033e+06
2.7988e+06
2.7846e+06
2.7637e+06
2.7406e+06
2.7195e+06
2.7038e+06
2.6956e+06
2.6951e+06
2.7011e+06
2.7114e+06
2.7236e+06
2.7355e+06
2.7455e+06
2.7528e+06
2.7571e+06
2.7583e+06
2.7564e+06
2.7511e+06
2.7422e+06
2.7297e+06
2.7145e+06
2.6982e+06
2.6832e+06
2.672e+06
2.6672e+06
2.67e+06
2.6808e+06
2.6981e+06
2.7192e+06
2.7402e+06
2.7574e+06
2.7675e+06
2.7688e+06
2.7614e+06
2.7471e+06
2.7291e+06
2.711e+06
2.6963e+06
2.6873e+06
2.6849e+06
2.6883e+06
2.6958e+06
2.7049e+06
2.713e+06
2.7183e+06
2.7198e+06
2.7175e+06
2.7121e+06
2.7048e+06
2.6962e+06
2.6867e+06
2.6761e+06
2.6642e+06
2.6512e+06
2.6379e+06
2.6257e+06
2.6166e+06
2.6126e+06
2.615e+06
2.6242e+06
2.6393e+06
2.6576e+06
2.6758e+06
2.6896e+06
2.6954e+06
2.6909e+06
2.6754e+06
2.651e+06
2.6212e+06
2.591e+06
2.5654e+06
2.5484e+06
2.5423e+06
2.5469e+06
2.56e+06
2.5774e+06
2.5943e+06
2.6064e+06
2.6103e+06
2.6046e+06
2.5902e+06
2.5693e+06
2.5456e+06
2.5226e+06
2.5035e+06
2.49e+06
2.4829e+06
2.4816e+06
2.485e+06
2.4913e+06
2.499e+06
2.5067e+06
2.5134e+06
2.5186e+06
2.5222e+06
2.5236e+06
2.5224e+06
2.5175e+06
2.5083e+06
2.4945e+06
2.4769e+06
2.457e+06
2.4374e+06
2.4211e+06
2.4106e+06
2.4079e+06
2.4134e+06
2.4261e+06
2.4434e+06
2.4612e+06
2.4754e+06
2.482e+06
2.4785e+06
2.4646e+06
2.4421e+06
2.415e+06
2.3882e+06
2.3672e+06
2.356e+06
2.3571e+06
2.3706e+06
2.3938e+06
2.4224e+06
2.4511e+06
2.4746e+06
2.4887e+06
2.4916e+06
2.4835e+06
2.4671e+06
2.4463e+06
2.426e+06
2.4106e+06
2.403e+06
2.4046e+06
2.4147e+06
2.431e+06
2.4501e+06
2.4683e+06
2.4825e+06
2.4904e+06
2.4914e+06
2.4861e+06
2.4762e+06
2.4641e+06
2.4521e+06
2.4422e+06
2.4355e+06
2.4327e+06
2.4335e+06
2.4374e+06
2.4434e+06
2.4503e+06
2.4573e+06
2.4633e+06
2.4679e+06
2.4705e+06
2.4707e+06
2.4682e+06
2.4631e+06
2.4555e+06
2.4463e+06
2.4365e+06
2.4278e+06
2.4213e+06
2.4184e+06
2.4193e+06
2.424e+06
2.4313e+06
2.4395e+06
2.4465e+06
2.45e+06
2.4485e+06
2.4412e+06
2.4287e+06
2.4128e+06
2.3961e+06
2.3817e+06
2.3721e+06
2.3692e+06
2.3735e+06
2.3838e+06
2.3977e+06
2.4119e+06
2.4229e+06
2.4279e+06
2.4252e+06
2.4148e+06
2.3985e+06
2.3793e+06
2.3612e+06
2.3477e+06
2.3419e+06
2.3448e+06
2.356e+06
2.373e+06
2.3923e+06
2.4098e+06
2.4219e+06
2.426e+06
2.4215e+06
2.4098e+06
2.3937e+06
2.3773e+06
2.3648e+06
2.3595e+06
2.3634e+06
2.3766e+06
2.3973e+06
2.422e+06
2.4465e+06
2.4665e+06
2.4787e+06
2.4813e+06
2.4746e+06
2.461e+06
2.4441e+06
2.4281e+06
2.4168e+06
2.413e+06
2.4176e+06
2.4299e+06
2.4477e+06
2.4674e+06
2.4854e+06
2.4981e+06
2.5032e+06
2.4999e+06
2.4888e+06
2.4724e+06
2.4537e+06
2.4359e+06
2.4219e+06
2.4133e+06
2.4106e+06
2.4129e+06
2.4183e+06
2.4245e+06
2.429e+06
2.43e+06
2.4266e+06
2.4193e+06
2.4095e+06
2.3994e+06
2.3913e+06
2.3871e+06
2.3877e+06
2.3933e+06
2.4027e+06
2.4142e+06
2.4255e+06
2.4343e+06
2.4389e+06
2.438e+06
2.432e+06
2.4218e+06
2.4097e+06
2.398e+06
2.389e+06
2.3842e+06
2.3845e+06
2.3894e+06
2.3979e+06
2.4079e+06
2.4172e+06
2.4237e+06
2.4259e+06
2.4233e+06
2.4165e+06
2.4069e+06
2.3966e+06
2.3876e+06
2.3818e+06
2.3802e+06
2.3831e+06
2.3898e+06
2.3988e+06
2.4082e+06
2.4158e+06
2.42e+06
2.42e+06
2.416e+06
2.4093e+06
2.402e+06
2.3961e+06
2.3937e+06
2.3958e+06
2.4029e+06
2.4143e+06
2.4282e+06
2.4425e+06
2.4544e+06
2.4615e+06
2.4623e+06
2.4564e+06
2.4446e+06
2.4291e+06
2.4128e+06
2.3986e+06
2.3893e+06
2.3864e+06
2.3907e+06
2.4014e+06
2.4165e+06
2.4333e+06
2.4486e+06
2.4601e+06
2.4662e+06
2.4669e+06
2.4632e+06
2.4576e+06
2.4524e+06
2.4503e+06
2.4528e+06
2.4605e+06
2.4727e+06
2.4875e+06
2.5022e+06
2.5137e+06
2.5199e+06
2.5194e+06
2.5126e+06
2.5013e+06
2.4884e+06
2.4773e+06
2.4713e+06
2.4726e+06
2.482e+06
2.4985e+06
2.5195e+06
2.5413e+06
2.5597e+06
2.5711e+06
2.5731e+06
2.5653e+06
2.5494e+06
2.5286e+06
2.5074e+06
2.4902e+06
2.4809e+06
2.4815e+06
2.492e+06
2.5105e+06
2.5331e+06
2.5553e+06
2.5725e+06
2.5811e+06
2.5795e+06
2.568e+06
2.549e+06
2.5265e+06
2.5051e+06
2.489e+06
2.4811e+06
2.4827e+06
2.4929e+06
2.5091e+06
2.5274e+06
2.5438e+06
2.5548e+06
2.5582e+06
2.5538e+06
2.5428e+06
2.5279e+06
2.5126e+06
2.5e+06
2.4928e+06
2.492e+06
2.4974e+06
2.5075e+06
2.5198e+06
2.5316e+06
2.5406e+06
2.5451e+06
2.5451e+06
2.5413e+06
2.5355e+06
2.5296e+06
2.5254e+06
2.5236e+06
2.5244e+06
2.527e+06
2.5303e+06
2.5332e+06
2.5346e+06
2.5341e+06
2.5317e+06
2.5283e+06
2.5249e+06
2.5228e+06
2.5228e+06
2.5252e+06
2.5295e+06
2.5348e+06
2.5401e+06
2.5447e+06
2.5483e+06
2.5514e+06
2.5546e+06
2.559e+06
2.5653e+06
2.5738e+06
2.584e+06
2.5947e+06
2.6038e+06
2.6092e+06
2.6089e+06
2.602e+06
2.5889e+06
2.5714e+06
2.5525e+06
2.5357e+06
2.5244e+06
2.5208e+06
2.526e+06
2.5388e+06
2.5566e+06
2.5756e+06
2.5915e+06
2.6007e+06
2.601e+06
2.5922e+06
2.5762e+06
2.5562e+06
2.5365e+06
2.5213e+06
2.5135e+06
2.5145e+06
2.5236e+06
2.5387e+06
2.5562e+06
2.5726e+06
2.5847e+06
2.5908e+06
2.5904e+06
2.5849e+06
2.5764e+06
2.5674e+06
2.5602e+06
2.556e+06
2.5548e+06
2.5558e+06
2.5578e+06
2.5591e+06
2.559e+06
2.5572e+06
2.5543e+06
2.5516e+06
2.5507e+06
2.5526e+06
2.5578e+06
2.5653e+06
2.5733e+06
2.5796e+06
2.5822e+06
2.58e+06
2.5734e+06
2.564e+06
2.5542e+06
2.5468e+06
2.544e+06
2.5472e+06
2.5558e+06
2.5678e+06
2.5799e+06
2.5884e+06
2.5903e+06
2.5841e+06
2.5701e+06
2.5506e+06
2.5296e+06
2.5113e+06
2.4997e+06
2.497e+06
2.5034e+06
2.5171e+06
2.5343e+06
2.5506e+06
2.5622e+06
2.566e+06
2.5613e+06
2.5492e+06
2.5324e+06
2.5147e+06
2.4996e+06
2.4894e+06
2.4848e+06
2.485e+06
2.488e+06
2.4915e+06
2.4936e+06
2.4933e+06
2.4907e+06
2.4874e+06
2.4853e+06
2.4863e+06
2.4914e+06
2.4998e+06
2.5097e+06
2.518e+06
2.5217e+06
2.519e+06
2.5097e+06
2.4956e+06
2.4798e+06
2.4662e+06
2.4587e+06
2.4595e+06
2.4692e+06
2.4858e+06
2.5058e+06
2.5243e+06
2.5371e+06
2.541e+06
2.5352e+06
2.5211e+06
2.5021e+06
2.4825e+06
2.4668e+06
2.4577e+06
2.4564e+06
2.4615e+06
2.4705e+06
2.48e+06
2.4871e+06
2.4897e+06
2.4877e+06
2.4821e+06
2.4752e+06
2.4694e+06
2.4664e+06
2.4665e+06
2.4684e+06
2.4699e+06
2.4687e+06
2.4631e+06
2.4531e+06
2.44e+06
2.4266e+06
2.4163e+06
2.4117e+06
2.4146e+06
2.4246e+06
2.4394e+06
2.4551e+06
2.4676e+06
2.4734e+06
2.4705e+06
2.4594e+06
2.4423e+06
2.423e+06
2.4055e+06
2.3929e+06
2.3869e+06
2.3872e+06
2.3919e+06
2.3984e+06
2.4044e+06
2.408e+06
2.409e+06
2.4081e+06
2.407e+06
2.4076e+06
2.4107e+06
2.4159e+06
2.4214e+06
2.4243e+06
2.4219e+06
2.4126e+06
2.3966e+06
2.376e+06
2.3544e+06
2.3362e+06
2.3249e+06
2.3227e+06
2.3295e+06
2.3429e+06
2.3591e+06
2.3738e+06
2.3834e+06
2.3862e+06
2.3823e+06
2.3739e+06
2.3641e+06
2.356e+06
2.3513e+06
2.3503e+06
2.3515e+06
2.3525e+06
2.3511e+06
2.3459e+06
2.3369e+06
2.3258e+06
2.3154e+06
2.3088e+06
2.3084e+06
2.3149e+06
2.327e+06
2.3412e+06
2.3533e+06
2.3593e+06
2.357e+06
2.3461e+06
2.3288e+06
2.3088e+06
2.2905e+06
2.2774e+06
2.2715e+06
2.2724e+06
2.2784e+06
2.2866e+06
2.2942e+06
2.2993e+06
2.3014e+06
2.3015e+06
2.3011e+06
2.3019e+06
2.3045e+06
2.3083e+06
2.3115e+06
2.3115e+06
2.3064e+06
2.2958e+06
2.2807e+06
2.2641e+06
2.2495e+06
2.2407e+06
2.2399e+06
2.2473e+06
2.261e+06
2.2772e+06
2.2914e+06
2.3001e+06
2.3012e+06
2.295e+06
2.2835e+06
2.2701e+06
2.2582e+06
2.2498e+06
2.245e+06
2.2423e+06
2.2393e+06
2.2337e+06
2.2245e+06
2.2123e+06
2.1996e+06
2.1896e+06
2.1851e+06
2.1882e+06
2.1984e+06
2.2134e+06
2.229e+06
2.2409e+06
2.2457e+06
2.242e+06
2.2307e+06
2.2149e+06
2.1984e+06
2.1848e+06
2.1763e+06
2.1729e+06
2.173e+06
2.174e+06
2.1737e+06
2.171e+06
2.1663e+06
2.1614e+06
2.1589e+06
2.1609e+06
2.168e+06
2.1793e+06
2.1916e+06
2.2012e+06
2.2047e+06
2.2004e+06
2.1888e+06
2.1726e+06
2.156e+06
2.1428e+06
2.1357e+06
2.1351e+06
2.1391e+06
2.1448e+06
2.1487e+06
2.1487e+06
2.1442e+06
2.1366e+06
2.1284e+06
2.1229e+06
2.1223e+06
2.1268e+06
2.1349e+06
2.1429e+06
2.147e+06
2.1444e+06
2.1341e+06
2.1173e+06
2.0974e+06
2.0781e+06
2.0627e+06
2.053e+06
2.0486e+06
2.0477e+06
2.0477e+06
2.0468e+06
2.044e+06
2.0403e+06
2.0374e+06
2.0376e+06
2.042e+06
2.0506e+06
2.0609e+06
2.0696e+06
2.0731e+06
2.0692e+06
2.0574e+06
2.0399e+06
2.0202e+06
2.0024e+06
1.9896e+06
1.9831e+06
1.982e+06
1.9839e+06
1.9863e+06
1.9869e+06
1.9854e+06
1.9828e+06
1.9815e+06
1.9842e+06
1.9923e+06
2.0054e+06
2.021e+06
2.0352e+06
2.0438e+06
2.0444e+06
2.0362e+06
2.0213e+06
2.0031e+06
1.9857e+06
1.9719e+06
1.9629e+06
1.9575e+06
1.9538e+06
1.9495e+06
1.9435e+06
1.9362e+06
1.9299e+06
1.9273e+06
1.931e+06
1.9417e+06
1.9579e+06
1.9757e+06
1.9904e+06
1.9976e+06
1.995e+06
1.9828e+06
1.9639e+06
1.943e+06
1.9245e+06
1.9118e+06
1.9054e+06
1.9037e+06
1.9036e+06
1.9024e+06
1.8984e+06
1.8922e+06
1.8857e+06
1.8817e+06
1.8826e+06
1.889e+06
1.8998e+06
1.912e+06
1.9222e+06
1.9275e+06
1.9267e+06
1.9208e+06
1.9121e+06
1.9036e+06
1.8975e+06
1.8944e+06
1.8931e+06
1.8912e+06
1.8864e+06
1.8778e+06
1.866e+06
1.8534e+06
1.8428e+06
1.8371e+06
1.8375e+06
1.8434e+06
1.8525e+06
1.8618e+06
1.8685e+06
1.8716e+06
1.8713e+06
1.8695e+06
1.8684e+06
1.8692e+06
1.8717e+06
1.8738e+06
1.8727e+06
1.866e+06
1.8529e+06
1.8347e+06
1.8144e+06
1.796e+06
1.783e+06
1.777e+06
1.7776e+06
1.7824e+06
1.7884e+06
1.7931e+06
1.7953e+06
1.7958e+06
1.7964e+06
1.7993e+06
1.8059e+06
1.8157e+06
1.8264e+06
1.8346e+06
1.8372e+06
1.8327e+06
1.8216e+06
1.8061e+06
1.7896e+06
1.7751e+06
1.7641e+06
1.7561e+06
1.7494e+06
1.742e+06
1.7328e+06
1.7223e+06
1.7124e+06
1.7057e+06
1.7047e+06
1.7101e+06
1.7206e+06
1.7334e+06
1.7451e+06
1.7528e+06
1.7555e+06
1.7543e+06
1.7519e+06
1.751e+06
1.7536e+06
1.759e+06
1.765e+06
1.7681e+06
1.7652e+06
1.7553e+06
1.7396e+06
1.7212e+06
1.7041e+06
1.6913e+06
1.6844e+06
1.6824e+06
1.6831e+06
1.6839e+06
1.6832e+06
1.681e+06
1.679e+06
1.6795e+06
1.6846e+06
1.6945e+06
1.7077e+06
1.7211e+06
1.7314e+06
1.7364e+06
1.7359e+06
1.7315e+06
1.726e+06
1.7214e+06
1.7187e+06
1.7165e+06
1.7123e+06
1.7038e+06
1.6898e+06
1.6717e+06
1.6526e+06
1.6367e+06
1.6274e+06
1.6261e+06
1.6317e+06
1.6408e+06
1.6494e+06
1.6547e+06
1.6561e+06
1.6552e+06
1.6554e+06
1.6597e+06
1.6693e+06
1.6827e+06
1.6959e+06
1.7045e+06
1.7047e+06
1.696e+06
1.6804e+06
1.6623e+06
1.6463e+06
1.6355e+06
1.6299e+06
1.6272e+06
1.6238e+06
1.617e+06
1.6062e+06
1.5933e+06
1.582e+06
1.576e+06
1.5776e+06
1.5859e+06
1.5979e+06
1.6091e+06
1.6159e+06
1.617e+06
1.6137e+06
1.6096e+06
1.6087e+06
1.6132e+06
1.6224e+06
1.6327e+06
1.6394e+06
1.6388e+06
1.6299e+06
1.6148e+06
1.598e+06
1.5844e+06
1.5768e+06
1.5749e+06
1.5756e+06
1.5746e+06
1.5685e+06
1.5568e+06
1.5417e+06
1.5279e+06
1.5201e+06
1.5212e+06
1.5309e+06
1.5456e+06
1.56e+06
1.5697e+06
1.5727e+06
1.5699e+06
1.565e+06
1.5623e+06
1.5644e+06
1.5712e+06
1.5796e+06
1.5854e+06
1.5849e+06
1.5773e+06
1.5647e+06
1.5512e+06
1.5407e+06
1.5356e+06
1.5349e+06
1.5355e+06
1.5336e+06
1.5264e+06
1.5143e+06
1.4998e+06
1.4874e+06
1.4808e+06
1.4819e+06
1.4894e+06
1.4998e+06
1.509e+06
1.5139e+06
1.5145e+06
1.5127e+06
1.5124e+06
1.5163e+06
1.5254e+06
1.5373e+06
1.548e+06
1.5535e+06
1.5516e+06
1.543e+06
1.531e+06
1.5199e+06
1.5126e+06
1.51e+06
1.5098e+06
1.5086e+06
1.5032e+06
1.4925e+06
1.4778e+06
1.4623e+06
1.4496e+06
1.442e+06
1.4398e+06
1.4412e+06
1.4436e+06
1.4449e+06
1.4448e+06
1.4445e+06
1.446e+06
1.4512e+06
1.4601e+06
1.471e+06
1.481e+06
1.4875e+06
1.4891e+06
1.4866e+06
1.4821e+06
1.4781e+06
1.4762e+06
1.4758e+06
1.475e+06
1.4714e+06
1.4634e+06
1.4514e+06
1.4373e+06
1.4242e+06
1.4144e+06
1.4086e+06
1.4059e+06
1.404e+06
1.401e+06
1.3959e+06
1.3896e+06
1.3836e+06
1.3798e+06
1.3792e+06
1.3815e+06
1.3855e+06
1.3899e+06
1.3941e+06
1.3988e+06
1.4056e+06
1.4155e+06
1.4283e+06
1.442e+06
1.4535e+06
1.4598e+06
1.4597e+06
1.4543e+06
1.4465e+06
1.4398e+06
1.4362e+06
1.4356e+06
1.4353e+06
1.432e+06
1.4232e+06
1.4091e+06
1.3922e+06
1.3765e+06
1.3654e+06
1.3598e+06
1.358e+06
1.3562e+06
1.3511e+06
1.3414e+06
1.3287e+06
1.3169e+06
1.311e+06
1.3138e+06
1.3252e+06
1.3413e+06
1.3568e+06
1.3671e+06
1.3704e+06
1.3684e+06
1.3651e+06
1.3647e+06
1.3697e+06
1.3791e+06
1.3896e+06
1.3969e+06
1.3985e+06
1.3948e+06
1.3884e+06
1.3826e+06
1.3796e+06
1.3786e+06
1.3765e+06
1.3698e+06
1.3565e+06
1.3376e+06
1.3169e+06
1.2991e+06
1.2882e+06
1.2847e+06
1.2858e+06
1.287e+06
1.2846e+06
1.2773e+06
1.2666e+06
1.2564e+06
1.2509e+06
1.252e+06
1.2588e+06
1.2682e+06
1.2761e+06
1.2804e+06
1.2812e+06
1.2813e+06
1.2841e+06
1.2919e+06
1.3042e+06
1.3181e+06
1.3292e+06
1.3345e+06
1.3333e+06
1.3273e+06
1.3199e+06
1.314e+06
1.3108e+06
1.3091e+06
1.3065e+06
1.301e+06
1.292e+06
1.2808e+06
1.2695e+06
1.2599e+06
1.2521e+06
1.2449e+06
1.2367e+06
1.2262e+06
1.214e+06
1.2019e+06
1.1922e+06
1.1864e+06
1.1845e+06
1.1849e+06
1.1854e+06
1.1848e+06
1.1831e+06
1.1821e+06
1.1838e+06
1.1893e+06
1.1982e+06
1.2084e+06
1.2175e+06
1.2242e+06
1.2287e+06
1.233e+06
1.2391e+06
1.2478e+06
1.2578e+06
1.2662e+06
1.2701e+06
1.2685e+06
1.2627e+06
1.2559e+06
1.2517e+06
1.2515e+06
1.254e+06
1.2554e+06
1.2521e+06
1.2424e+06
1.2278e+06
1.2122e+06
1.2e+06
1.1934e+06
1.1912e+06
1.1896e+06
1.1843e+06
1.173e+06
1.1568e+06
1.1394e+06
1.1258e+06
1.1192e+06
1.1191e+06
1.1221e+06
1.1236e+06
1.1206e+06
1.1131e+06
1.1043e+06
1.0989e+06
1.1006e+06
1.1096e+06
1.1228e+06
1.1351e+06
1.1424e+06
1.1436e+06
1.1409e+06
1.1388e+06
1.1413e+06
1.1496e+06
1.1616e+06
1.173e+06
1.18e+06
1.1811e+06
1.1778e+06
1.1734e+06
1.1711e+06
1.1723e+06
1.1756e+06
1.1781e+06
1.1775e+06
1.1728e+06
1.1654e+06
1.1569e+06
1.149e+06
1.1415e+06
1.1331e+06
1.1224e+06
1.1091e+06
1.0943e+06
1.0804e+06
1.0692e+06
1.0613e+06
1.0551e+06
1.0488e+06
1.0406e+06
1.0307e+06
1.0212e+06
1.0145e+06
1.0124e+06
1.0148e+06
1.0196e+06
1.0239e+06
1.0262e+06
1.0268e+06
1.0277e+06
1.0313e+06
1.0388e+06
1.0489e+06
1.0587e+06
1.0655e+06
1.0681e+06
1.0683e+06
1.0696e+06
1.0755e+06
1.0868e+06
1.101e+06
1.1134e+06
1.1199e+06
1.119e+06
1.1129e+06
1.1061e+06
1.1032e+06
1.1059e+06
1.1121e+06
1.1173e+06
1.1176e+06
1.1118e+06
1.1022e+06
1.0928e+06
1.0869e+06
1.0848e+06
1.0837e+06
1.0792e+06
1.0687e+06
1.0526e+06
1.0346e+06
1.0193e+06
1.0098e+06
1.006e+06
1.0043e+06
1.0002e+06
9.912e+05
9.7767e+05
9.6284e+05
9.5082e+05
9.4422e+05
9.4277e+05
9.4372e+05
9.4377e+05
9.4111e+05
9.3626e+05
9.316e+05
9.2974e+05
9.3179e+05
9.368e+05
9.4254e+05
9.4711e+05
9.5021e+05
9.5332e+05
9.5849e+05
9.6683e+05
9.775e+05
9.8813e+05
9.9641e+05
1.0017e+06
1.0056e+06
1.0108e+06
1.0196e+06
1.0318e+06
1.0445e+06
1.0542e+06
1.0583e+06
1.0575e+06
1.0545e+06
1.0533e+06
1.0558e+06
1.0609e+06
1.0652e+06
1.0651e+06
1.0598e+06
1.0514e+06
1.0445e+06
1.0427e+06
1.0464e+06
1.0523e+06
1.0553e+06
1.0518e+06
1.0413e+06
1.0271e+06
1.0141e+06
1.0058e+06
1.0022e+06
9.9995e+05
9.949e+05
9.8466e+05
9.7007e+05
9.5453e+05
9.418e+05
9.3362e+05
9.2863e+05
9.2352e+05
9.154e+05
9.0378e+05
8.91e+05
8.8083e+05
8.7618e+05
8.772e+05
8.8128e+05
8.8478e+05
8.8522e+05
8.8255e+05
8.7888e+05
8.7698e+05
8.7843e+05
8.828e+05
8.8819e+05
8.9279e+05
8.9621e+05
8.9969e+05
9.0508e+05
9.1332e+05
9.2353e+05
9.3349e+05
9.4112e+05
9.4588e+05
9.4916e+05
9.5342e+05
9.6045e+05
9.7012e+05
9.8055e+05
9.8954e+05
9.9627e+05
1.0019e+06
1.0086e+06
1.0178e+06
1.0285e+06
1.0377e+06
1.0423e+06
1.0413e+06
1.0373e+06
1.035e+06
1.0388e+06
1.0494e+06
1.0631e+06
1.0737e+06
1.0764e+06
1.0703e+06
1.0593e+06
1.0496e+06
1.0459e+06
1.0488e+06
1.0541e+06
1.0563e+06
1.0519e+06
1.0417e+06
1.03e+06
1.022e+06
1.0203e+06
1.0229e+06
1.0251e+06
1.0226e+06
1.014e+06
1.0014e+06
9.8895e+05
9.799e+05
9.7452e+05
9.7028e+05
9.6389e+05
9.5374e+05
9.4089e+05
9.2828e+05
9.186e+05
9.1246e+05
9.0801e+05
9.0243e+05
8.9389e+05
8.8276e+05
8.7126e+05
8.6194e+05
8.5595e+05
8.5248e+05
8.4955e+05
8.4552e+05
8.4015e+05
8.345e+05
8.2994e+05
8.2702e+05
8.252e+05
8.2352e+05
8.2176e+05
8.2088e+05
8.2245e+05
8.2725e+05
8.3419e+05
8.4058e+05
8.4361e+05
8.4226e+05
8.3824e+05
8.3533e+05
8.3725e+05
8.4517e+05
8.5682e+05
8.6786e+05
8.7468e+05
8.7658e+05
8.7623e+05
8.7804e+05
8.8527e+05
8.9788e+05
9.1251e+05
9.249e+05
9.325e+05
9.3596e+05
9.3846e+05
9.4347e+05
9.5245e+05
9.6398e+05
9.7508e+05
9.8343e+05
9.8897e+05
9.9377e+05
1.0004e+06
1.0098e+06
1.0207e+06
1.0305e+06
1.037e+06
1.04e+06
1.0415e+06
1.0445e+06
1.0509e+06
1.0606e+06
1.0717e+06
1.0819e+06
1.0894e+06
1.0939e+06
1.0954e+06
1.0947e+06
1.0927e+06
1.0907e+06
1.0909e+06
1.0951e+06
1.1038e+06
1.1151e+06
1.1249e+06
1.1292e+06
1.1263e+06
1.1181e+06
1.1095e+06
1.1058e+06
1.1098e+06
1.1195e+06
1.1295e+06
1.1349e+06
1.1335e+06
1.1274e+06
1.1209e+06
1.118e+06
1.1193e+06
1.1223e+06
1.1234e+06
1.1204e+06
1.114e+06
1.1075e+06
1.1036e+06
1.1033e+06
1.1046e+06
1.1046e+06
1.1012e+06
1.0947e+06
1.087e+06
1.0802e+06
1.0755e+06
1.0724e+06
1.0695e+06
1.0659e+06
1.0616e+06
1.0571e+06
1.0528e+06
1.0482e+06
1.043e+06
1.0371e+06
1.0313e+06
1.0264e+06
1.0223e+06
1.0175e+06
1.0101e+06
9.9909e+05
9.8584e+05
9.7376e+05
9.6628e+05
9.6436e+05
9.6531e+05
9.6429e+05
9.5729e+05
9.4373e+05
9.2697e+05
9.1237e+05
9.039e+05
9.016e+05
9.0178e+05
8.9985e+05
8.934e+05
8.8335e+05
8.7275e+05
8.6418e+05
8.577e+05
8.5108e+05
8.4192e+05
8.2989e+05
8.174e+05
8.0801e+05
8.0372e+05
8.0325e+05
8.0282e+05
7.9876e+05
7.8995e+05
7.7836e+05
7.6756e+05
7.6019e+05
7.562e+05
7.5325e+05
7.4869e+05
7.4154e+05
7.3288e+05
7.247e+05
7.1818e+05
7.1279e+05
7.07e+05
6.9972e+05
6.9125e+05
6.8294e+05
6.7589e+05
6.6979e+05
6.632e+05
6.5483e+05
6.4497e+05
6.3558e+05
6.2891e+05
6.2552e+05
6.2348e+05
6.1957e+05
6.1157e+05
5.9999e+05
5.8796e+05
5.7914e+05
5.7515e+05
5.7435e+05
5.7318e+05
5.689e+05
5.614e+05
5.5296e+05
5.4622e+05
5.4187e+05
5.3807e+05
5.3208e+05
5.2279e+05
5.1198e+05
5.0344e+05
5.0009e+05
5.0137e+05
5.0327e+05
5.0104e+05
