1.5406e+06
1.5462e+06
1.5484e+06
1.5611e+06
1.5913e+06
1.6334e+06
1.6734e+06
1.6989e+06
1.708e+06
1.7096e+06
1.7175e+06
1.7403e+06
1.7755e+06
1.8126e+06
1.8421e+06
1.8621e+06
1.878e+06
1.8974e+06
1.9229e+06
1.9501e+06
1.972e+06
1.986e+06
1.9967e+06
2.0136e+06
2.0426e+06
2.0811e+06
2.1188e+06
2.1455e+06
2.1587e+06
2.166e+06
2.1803e+06
2.21e+06
2.2526e+06
2.2967e+06
2.3304e+06
2.3494e+06
2.3596e+06
2.3725e+06
2.3963e+06
2.4305e+06
2.4672e+06
2.4982e+06
2.5213e+06
2.5418e+06
2.5667e+06
2.5986e+06
2.633e+06
2.6622e+06
2.6823e+06
2.6975e+06
2.7183e+06
2.7535e+06
2.8023e+06
2.8542e+06
2.8952e+06
2.9182e+06
2.9274e+06
2.9357e+06
2.9564e+06
2.9935e+06
3.0395e+06
3.0813e+06
3.1103e+06
3.1277e+06
3.1433e+06
3.1675e+06
3.2036e+06
3.2455e+06
3.283e+06
3.3097e+06
3.3275e+06
3.3443e+06
3.3676e+06
3.3982e+06
3.4298e+06
3.4542e+06
3.4684e+06
3.4773e+06
3.4903e+06
3.5148e+06
3.5498e+06
3.5874e+06
3.6185e+06
3.6395e+06
3.6543e+06
3.6706e+06
3.6935e+06
3.7211e+06
3.7459e+06
3.7612e+06
3.7665e+06
3.769e+06
3.7784e+06
3.8002e+06
3.8314e+06
3.8629e+06
3.8859e+06
3.8981e+06
3.9043e+06
3.9127e+06
3.9277e+06
3.9473e+06
3.9651e+06
3.9754e+06
3.9786e+06
3.9807e+06
3.9888e+06
4.0051e+06
4.0255e+06
4.0421e+06
4.0494e+06
4.0484e+06
4.0454e+06
4.0473e+06
4.0558e+06
4.0659e+06
4.0704e+06
4.0648e+06
4.052e+06
4.04e+06
4.0361e+06
4.0417e+06
4.0505e+06
4.0536e+06
4.0452e+06
4.0275e+06
4.0081e+06
3.9951e+06
3.9907e+06
3.9901e+06
3.9849e+06
3.9697e+06
3.9457e+06
3.9196e+06
3.8984e+06
3.8845e+06
3.8736e+06
3.859e+06
3.8368e+06
3.8088e+06
3.7816e+06
3.761e+06
3.748e+06
3.7374e+06
3.7223e+06
3.6989e+06
3.6696e+06
3.6409e+06
3.6178e+06
3.5999e+06
3.5806e+06
3.5522e+06
3.5118e+06
3.4641e+06
3.4196e+06
3.3884e+06
3.3733e+06
3.3682e+06
3.3624e+06
3.3471e+06
3.3209e+06
3.289e+06
3.2594e+06
3.2366e+06
3.2196e+06
3.2031e+06
3.1832e+06
3.1609e+06
3.142e+06
3.1328e+06
3.1352e+06
3.144e+06
3.1501e+06
3.1463e+06
3.1322e+06
3.1141e+06
3.1016e+06
3.101e+06
3.1116e+06
3.1269e+06
3.14e+06
3.1492e+06
3.1591e+06
3.1767e+06
3.2052e+06
3.2402e+06
3.2708e+06
3.2875e+06
3.2884e+06
3.2828e+06
3.2868e+06
3.3137e+06
3.365e+06
3.4285e+06
3.4853e+06
3.5214e+06
3.5351e+06
3.5378e+06
3.547e+06
3.5753e+06
3.6221e+06
3.6748e+06
3.7179e+06
3.7422e+06
3.7507e+06
3.755e+06
3.7678e+06
3.7939e+06
3.8282e+06
3.8601e+06
3.8822e+06
3.895e+06
3.9067e+06
3.9262e+06
3.9558e+06
3.9887e+06
4.0132e+06
4.021e+06
4.0123e+06
3.9966e+06
3.986e+06
3.9877e+06
3.9991e+06
4.0102e+06
4.0112e+06
3.9992e+06
3.9801e+06
3.964e+06
3.9574e+06
3.958e+06
3.9557e+06
3.9394e+06
3.9045e+06
3.8564e+06
3.8078e+06
3.7708e+06
3.7493e+06
3.7371e+06
3.7224e+06
3.6962e+06
3.6581e+06
3.6161e+06
3.5811e+06
3.5597e+06
3.5494e+06
3.5414e+06
3.5263e+06
3.5015e+06
3.4721e+06
3.4481e+06
3.4371e+06
3.4391e+06
3.4459e+06
3.4469e+06
3.4355e+06
3.4141e+06
3.3927e+06
3.3831e+06
3.392e+06
3.4162e+06
3.4452e+06
3.468e+06
3.4794e+06
3.4831e+06
3.4884e+06
3.5043e+06
3.5331e+06
3.5691e+06
3.6025e+06
3.6261e+06
3.6403e+06
3.6526e+06
3.6729e+06
3.7063e+06
3.7498e+06
3.7937e+06
3.8282e+06
3.8499e+06
3.8639e+06
3.8804e+06
3.9076e+06
3.9459e+06
3.987e+06
4.0191e+06
4.0343e+06
4.0337e+06
4.0268e+06
4.0252e+06
4.0353e+06
4.0538e+06
4.07e+06
4.0727e+06
4.0572e+06
4.0281e+06
3.9961e+06
3.9716e+06
3.9575e+06
3.9482e+06
3.9335e+06
3.9057e+06
3.8647e+06
3.8179e+06
3.7759e+06
3.746e+06
3.7273e+06
3.7128e+06
3.6936e+06
3.6656e+06
3.6319e+06
3.6005e+06
3.5794e+06
3.5711e+06
3.5709e+06
3.5702e+06
3.5624e+06
3.5469e+06
3.5303e+06
3.5227e+06
3.5313e+06
3.556e+06
3.5889e+06
3.6192e+06
3.6389e+06
3.6476e+06
3.652e+06
3.6622e+06
3.6858e+06
3.7232e+06
3.7681e+06
3.8114e+06
3.8475e+06
3.8766e+06
3.9042e+06
3.9364e+06
3.9753e+06
4.0166e+06
4.0527e+06
4.077e+06
4.0885e+06
4.0927e+06
4.0977e+06
4.1093e+06
4.1265e+06
4.142e+06
4.1468e+06
4.136e+06
4.1122e+06
4.0841e+06
4.0614e+06
4.049e+06
4.0436e+06
4.036e+06
4.0168e+06
3.9825e+06
3.9376e+06
3.8923e+06
3.8567e+06
3.8349e+06
3.8228e+06
3.8114e+06
3.7923e+06
3.7628e+06
3.7276e+06
3.696e+06
3.6763e+06
3.6715e+06
3.6775e+06
3.6869e+06
3.6931e+06
3.6953e+06
3.6983e+06
3.7098e+06
3.7348e+06
3.7722e+06
3.8141e+06
3.8507e+06
3.8748e+06
3.8865e+06
3.8926e+06
3.9031e+06
3.9251e+06
3.9586e+06
3.9965e+06
4.0292e+06
4.0505e+06
4.0615e+06
4.0697e+06
4.0842e+06
4.1095e+06
4.1417e+06
4.1704e+06
4.1845e+06
4.1783e+06
4.1553e+06
4.1256e+06
4.1008e+06
4.0866e+06
4.0797e+06
4.0694e+06
4.0444e+06
3.9996e+06
3.9395e+06
3.8769e+06
3.8268e+06
3.7988e+06
3.7925e+06
3.7981e+06
3.8022e+06
3.7954e+06
3.7757e+06
3.7493e+06
3.7267e+06
3.7171e+06
3.7237e+06
3.743e+06
3.7671e+06
3.7888e+06
3.8054e+06
3.8194e+06
3.8368e+06
3.8625e+06
3.8979e+06
3.9391e+06
3.9802e+06
4.0157e+06
4.0445e+06
4.0694e+06
4.0952e+06
4.1253e+06
4.159e+06
4.1917e+06
4.2172e+06
4.2312e+06
4.2331e+06
4.226e+06
4.2146e+06
4.2021e+06
4.1886e+06
4.1716e+06
4.1484e+06
4.1177e+06
4.0813e+06
4.0427e+06
4.0053e+06
3.9706e+06
3.9374e+06
3.904e+06
3.8695e+06
3.8365e+06
3.8096e+06
3.7943e+06
3.7932e+06
3.8043e+06
3.8216e+06
3.8377e+06
3.8475e+06
3.8511e+06
3.8538e+06
3.864e+06
3.888e+06
3.927e+06
3.975e+06
4.0222e+06
4.0593e+06
4.0825e+06
4.0949e+06
4.1051e+06
4.1219e+06
4.1491e+06
4.1823e+06
4.2115e+06
4.2255e+06
4.2188e+06
4.1935e+06
4.1595e+06
4.1288e+06
4.1097e+06
4.1022e+06
4.0986e+06
4.088e+06
4.0629e+06
4.0232e+06
3.9764e+06
3.9346e+06
3.9085e+06
3.902e+06
3.9108e+06
3.9255e+06
3.9365e+06
3.9389e+06
3.9351e+06
3.9329e+06
3.9418e+06
3.9672e+06
4.0081e+06
4.0564e+06
4.1018e+06
4.1358e+06
4.1562e+06
4.1676e+06
4.1785e+06
4.1968e+06
4.2253e+06
4.26e+06
4.2926e+06
4.3144e+06
4.3211e+06
4.3144e+06
4.3004e+06
4.2864e+06
4.2759e+06
4.2678e+06
4.2566e+06
4.2363e+06
4.204e+06
4.1615e+06
4.1152e+06
4.0725e+06
4.0394e+06
4.0174e+06
4.0043e+06
3.9961e+06
3.9896e+06
3.9849e+06
3.9849e+06
3.9939e+06
4.0147e+06
4.0468e+06
4.0863e+06
4.1273e+06
4.1648e+06
4.197e+06
4.2258e+06
4.2554e+06
4.2892e+06
4.3279e+06
4.3678e+06
4.4024e+06
4.4259e+06
4.4354e+06
4.4322e+06
4.4216e+06
4.409e+06
4.3977e+06
4.3867e+06
4.372e+06
4.3489e+06
4.3153e+06
4.2735e+06
4.2297e+06
4.1914e+06
4.1647e+06
4.1509e+06
4.1471e+06
4.1475e+06
4.1469e+06
4.1431e+06
4.1381e+06
4.1371e+06
4.146e+06
4.1682e+06
4.2027e+06
4.2445e+06
4.2867e+06
4.3233e+06
4.3521e+06
4.3748e+06
4.3958e+06
4.4187e+06
4.4446e+06
4.47e+06
4.4892e+06
4.4967e+06
4.4899e+06
4.4707e+06
4.4448e+06
4.4184e+06
4.3958e+06
4.3775e+06
4.3601e+06
4.3389e+06
4.3106e+06
4.2752e+06
4.2369e+06
4.2019e+06
4.1769e+06
4.1659e+06
4.1692e+06
4.1842e+06
4.2067e+06
4.2338e+06
4.2646e+06
4.3008e+06
4.3443e+06
4.3957e+06
4.4521e+06
4.5075e+06
4.554e+06
4.5854e+06
4.5986e+06
4.5952e+06
4.5803e+06
4.5602e+06
4.5394e+06
4.5193e+06
4.498e+06
4.4727e+06
4.4417e+06
4.4059e+06
4.3693e+06
4.3369e+06
4.3128e+06
4.2983e+06
4.2918e+06
4.2897e+06
4.2887e+06
4.2879e+06
4.2898e+06
4.2993e+06
4.3217e+06
4.36e+06
4.4125e+06
4.4729e+06
4.5317e+06
4.5799e+06
4.6117e+06
4.6263e+06
4.6277e+06
4.6224e+06
4.616e+06
4.6109e+06
4.6051e+06
4.594e+06
4.5731e+06
4.5408e+06
4.4995e+06
4.4552e+06
4.4153e+06
4.3857e+06
4.3686e+06
4.3626e+06
4.3636e+06
4.3673e+06
4.3708e+06
4.3739e+06
4.379e+06
4.3894e+06
4.4081e+06
4.4355e+06
4.4698e+06
4.5069e+06
4.5422e+06
4.5725e+06
4.5962e+06
4.6135e+06
4.6256e+06
4.6329e+06
4.6349e+06
4.63e+06
4.6164e+06
4.5937e+06
4.5631e+06
4.5275e+06
4.4903e+06
4.4544e+06
4.4215e+06
4.3919e+06
4.3656e+06
4.3433e+06
4.3274e+06
4.3216e+06
4.3301e+06
4.3557e+06
4.3977e+06
4.4518e+06
4.5103e+06
4.5648e+06
4.6083e+06
4.638e+06
4.6557e+06
4.6663e+06
4.6758e+06
4.6876e+06
4.7005e+06
4.7091e+06
4.706e+06
4.6854e+06
4.646e+06
4.5924e+06
4.534e+06
4.4821e+06
4.4463e+06
4.4311e+06
4.4351e+06
4.4518e+06
4.4732e+06
4.4927e+06
4.5076e+06
4.5198e+06
4.5348e+06
4.5587e+06
4.5952e+06
4.6431e+06
4.6962e+06
4.7449e+06
4.7798e+06
4.795e+06
4.7895e+06
4.7678e+06
4.7368e+06
4.7037e+06
4.6731e+06
4.6456e+06
4.619e+06
4.5906e+06
4.5589e+06
4.5254e+06
4.4943e+06
4.4712e+06
4.4613e+06
4.4671e+06
4.4881e+06
4.5205e+06
4.5594e+06
4.5995e+06
4.6376e+06
4.6721e+06
4.7032e+06
4.7314e+06
4.7561e+06
4.7753e+06
4.7859e+06
4.7851e+06
4.7722e+06
4.7491e+06
4.7199e+06
4.69e+06
4.6638e+06
4.6432e+06
4.6274e+06
4.614e+06
4.6002e+06
4.5851e+06
4.5704e+06
4.5602e+06
4.5601e+06
4.5747e+06
4.6055e+06
4.6499e+06
4.701e+06
4.7498e+06
4.7874e+06
4.8082e+06
4.8115e+06
4.8008e+06
4.783e+06
4.7647e+06
4.7502e+06
4.7398e+06
4.7305e+06
4.7178e+06
4.6988e+06
4.6735e+06
4.6456e+06
4.6213e+06
4.6073e+06
4.6083e+06
4.6255e+06
4.6563e+06
4.6948e+06
4.7339e+06
4.7677e+06
4.7926e+06
4.8084e+06
4.8173e+06
4.8228e+06
4.8272e+06
4.8314e+06
4.8335e+06
4.8309e+06
4.8211e+06
4.8034e+06
4.7792e+06
4.7517e+06
4.7248e+06
4.7015e+06
4.6835e+06
4.6709e+06
4.6631e+06
4.6594e+06
4.6606e+06
4.6685e+06
4.6859e+06
4.7148e+06
4.7556e+06
4.805e+06
4.8567e+06
4.9028e+06
4.9353e+06
4.9494e+06
4.944e+06
4.9223e+06
4.8904e+06
4.8548e+06
4.8205e+06
4.7891e+06
4.7596e+06
4.7294e+06
4.6965e+06
4.6611e+06
4.6267e+06
4.5996e+06
4.5873e+06
4.5959e+06
4.6278e+06
4.6801e+06
4.7444e+06
4.8089e+06
4.862e+06
4.8952e+06
4.9049e+06
4.8938e+06
4.8684e+06
4.8372e+06
4.8073e+06
4.7827e+06
4.7634e+06
4.7468e+06
4.73e+06
4.7115e+06
4.6924e+06
4.6762e+06
4.6677e+06
4.6716e+06
4.6901e+06
4.7224e+06
4.7643e+06
4.8091e+06
4.8497e+06
4.8804e+06
4.8981e+06
4.9025e+06
4.8955e+06
4.88e+06
4.8581e+06
4.831e+06
4.799e+06
4.7623e+06
4.7227e+06
4.6835e+06
4.6501e+06
4.6285e+06
4.6235e+06
4.6376e+06
4.6693e+06
4.7136e+06
4.7623e+06
4.8069e+06
4.8401e+06
4.8577e+06
4.8598e+06
4.8496e+06
4.8324e+06
4.8131e+06
4.7947e+06
4.7773e+06
4.7588e+06
4.7368e+06
4.7102e+06
4.6805e+06
4.652e+06
4.6307e+06
4.6222e+06
4.6304e+06
4.6555e+06
4.6938e+06
4.7384e+06
4.781e+06
4.8142e+06
4.8337e+06
4.8387e+06
4.8321e+06
4.8189e+06
4.8039e+06
4.7897e+06
4.7762e+06
4.7608e+06
4.7403e+06
4.7127e+06
4.679e+06
4.6429e+06
4.6104e+06
4.5885e+06
4.5826e+06
4.5952e+06
4.6245e+06
4.6647e+06
4.7072e+06
4.743e+06
4.7652e+06
4.7703e+06
4.7594e+06
4.7371e+06
4.7099e+06
4.6839e+06
4.6629e+06
4.648e+06
4.6379e+06
4.6304e+06
4.6239e+06
4.618e+06
4.6143e+06
4.6152e+06
4.6235e+06
4.6407e+06
4.6664e+06
4.6978e+06
4.7305e+06
4.7591e+06
4.7789e+06
4.7873e+06
4.7841e+06
4.7715e+06
4.7528e+06
4.7317e+06
4.7105e+06
4.6904e+06
4.6712e+06
4.6525e+06
4.6342e+06
4.6174e+06
4.604e+06
4.5971e+06
4.5997e+06
4.6134e+06
4.6375e+06
4.6684e+06
4.6997e+06
4.7237e+06
4.7338e+06
4.7261e+06
4.7007e+06
4.662e+06
4.6173e+06
4.5748e+06
4.5416e+06
4.5219e+06
4.5163e+06
4.5222e+06
4.535e+06
4.55e+06
4.5633e+06
4.5731e+06
4.5804e+06
4.5875e+06
4.5973e+06
4.611e+06
4.6273e+06
4.6415e+06
4.6476e+06
4.6398e+06
4.6151e+06
4.5745e+06
4.5233e+06
4.4701e+06
4.4244e+06
4.3949e+06
4.3868e+06
4.4006e+06
4.4324e+06
4.4745e+06
4.5175e+06
4.553e+06
4.5747e+06
4.5805e+06
4.5716e+06
4.5519e+06
4.5264e+06
4.4992e+06
4.473e+06
4.4483e+06
4.4249e+06
4.4027e+06
4.3824e+06
4.3662e+06
4.3569e+06
4.3576e+06
4.37e+06
4.3938e+06
4.4257e+06
4.4595e+06
4.4876e+06
4.5024e+06
4.4983e+06
4.4739e+06
4.4318e+06
4.3788e+06
4.3243e+06
4.2776e+06
4.2459e+06
4.2329e+06
4.2381e+06
4.2573e+06
4.2841e+06
4.3119e+06
4.3352e+06
4.3509e+06
4.359e+06
4.3617e+06
4.3628e+06
4.3652e+06
4.3701e+06
4.3761e+06
4.3799e+06
4.3779e+06
4.3678e+06
4.3498e+06
4.3267e+06
4.3035e+06
4.2858e+06
4.2786e+06
4.2848e+06
4.3043e+06
4.3335e+06
4.3666e+06
4.3963e+06
4.416e+06
4.4212e+06
4.4107e+06
4.3868e+06
4.3545e+06
4.3201e+06
4.2898e+06
4.2681e+06
4.2574e+06
4.2576e+06
4.2666e+06
4.2814e+06
4.2987e+06
4.3155e+06
4.3301e+06
4.3417e+06
4.3501e+06
4.3552e+06
4.3561e+06
4.3511e+06
4.3381e+06
4.3156e+06
4.2838e+06
4.245e+06
4.2038e+06
4.1663e+06
4.1388e+06
4.1262e+06
4.1312e+06
4.1526e+06
4.1862e+06
4.2249e+06
4.2604e+06
4.2851e+06
4.2934e+06
4.2835e+06
4.2573e+06
4.22e+06
4.179e+06
4.1415e+06
4.1138e+06
4.0992e+06
4.0986e+06
4.1097e+06
4.1287e+06
4.1507e+06
4.1712e+06
4.1867e+06
4.1954e+06
4.1972e+06
4.1926e+06
4.1827e+06
4.168e+06
4.1484e+06
4.1236e+06
4.0941e+06
4.0612e+06
4.0281e+06
3.9989e+06
3.9784e+06
3.9707e+06
3.9784e+06
4.0015e+06
4.0371e+06
4.0794e+06
4.1209e+06
4.1535e+06
4.1703e+06
4.1678e+06
4.1459e+06
4.1089e+06
4.064e+06
4.02e+06
3.9855e+06
3.9668e+06
3.9668e+06
3.9843e+06
4.0147e+06
4.0506e+06
4.0843e+06
4.1089e+06
4.1197e+06
4.1156e+06
4.0986e+06
4.0731e+06
4.0444e+06
4.0178e+06
3.9971e+06
3.9845e+06
3.9804e+06
3.9839e+06
3.993e+06
4.0054e+06
4.019e+06
4.0318e+06
4.0429e+06
4.0516e+06
4.0576e+06
4.0604e+06
4.0587e+06
4.0512e+06
4.0368e+06
4.0154e+06
3.9889e+06
3.9605e+06
3.935e+06
3.917e+06
3.9106e+06
3.918e+06
3.9388e+06
3.9699e+06
4.0058e+06
4.0396e+06
4.0641e+06
4.0735e+06
4.0649e+06
4.0388e+06
3.999e+06
3.9519e+06
3.9054e+06
3.8667e+06
3.8411e+06
3.8311e+06
3.8356e+06
3.8507e+06
3.8703e+06
3.8881e+06
3.8987e+06
3.8992e+06
3.8892e+06
3.8712e+06
3.8495e+06
3.8292e+06
3.8148e+06
3.8091e+06
3.8128e+06
3.8247e+06
3.8416e+06
3.8594e+06
3.8735e+06
3.8806e+06
3.8787e+06
3.8681e+06
3.8513e+06
3.8318e+06
3.8131e+06
3.798e+06
3.7876e+06
3.7818e+06
3.7793e+06
3.7785e+06
3.7781e+06
3.7769e+06
3.7746e+06
3.7713e+06
3.7679e+06
3.7655e+06
3.7653e+06
3.7676e+06
3.7719e+06
3.7768e+06
3.7803e+06
3.7812e+06
3.7788e+06
3.7738e+06
3.7676e+06
3.7623e+06
3.7595e+06
3.7606e+06
3.7659e+06
3.7744e+06
3.7842e+06
3.7923e+06
3.7953e+06
3.7908e+06
3.7777e+06
3.7572e+06
3.7324e+06
3.7082e+06
3.6897e+06
3.6817e+06
3.6867e+06
3.705e+06
3.7341e+06
3.7688e+06
3.8027e+06
3.8289e+06
3.8417e+06
3.8379e+06
3.8174e+06
3.7836e+06
3.7425e+06
3.7016e+06
3.6682e+06
3.648e+06
3.6441e+06
3.6561e+06
3.6802e+06
3.7107e+06
3.7406e+06
3.7634e+06
3.7743e+06
3.7716e+06
3.7566e+06
3.7336e+06
3.7084e+06
3.6878e+06
3.6775e+06
3.6812e+06
3.6995e+06
3.73e+06
3.7674e+06
3.8051e+06
3.8361e+06
3.8552e+06
3.8593e+06
3.8486e+06
3.8262e+06
3.7976e+06
3.7688e+06
3.7459e+06
3.7334e+06
3.7336e+06
3.746e+06
3.7676e+06
3.7935e+06
3.8181e+06
3.8361e+06
3.8438e+06
3.8402e+06
3.8266e+06
3.8064e+06
3.784e+06
3.764e+06
3.7501e+06
3.7444e+06
3.7472e+06
3.7571e+06
3.7707e+06
3.7841e+06
3.7931e+06
3.7946e+06
3.7876e+06
3.7728e+06
3.7534e+06
3.7332e+06
3.7165e+06
3.7066e+06
3.7056e+06
3.7138e+06
3.7295e+06
3.7498e+06
3.7708e+06
3.7882e+06
3.7987e+06
3.8004e+06
3.7938e+06
3.7812e+06
3.7665e+06
3.7539e+06
3.7476e+06
3.7503e+06
3.763e+06
3.7849e+06
3.813e+06
3.8429e+06
3.8693e+06
3.8873e+06
3.8933e+06
3.8862e+06
3.867e+06
3.8391e+06
3.8073e+06
3.7768e+06
3.7526e+06
3.7381e+06
3.735e+06
3.7429e+06
3.7592e+06
3.7796e+06
3.7991e+06
3.8135e+06
3.8198e+06
3.8173e+06
3.8079e+06
3.7949e+06
3.7828e+06
3.7757e+06
3.7772e+06
3.7891e+06
3.8108e+06
3.8401e+06
3.8723e+06
3.9022e+06
3.9243e+06
3.9346e+06
3.9314e+06
3.9157e+06
3.891e+06
3.8623e+06
3.8354e+06
3.8156e+06
3.8067e+06
3.8103e+06
3.8253e+06
3.848e+06
3.8731e+06
3.8947e+06
3.908e+06
3.9101e+06
3.9008e+06
3.8828e+06
3.8605e+06
3.8396e+06
3.8254e+06
3.8219e+06
3.8307e+06
3.851e+06
3.8791e+06
3.9094e+06
3.9356e+06
3.9524e+06
3.9561e+06
3.946e+06
3.9245e+06
3.8963e+06
3.8678e+06
3.8451e+06
3.8333e+06
3.8346e+06
3.8484e+06
3.8708e+06
3.896e+06
3.9173e+06
3.9287e+06
3.9269e+06
3.9115e+06
3.8856e+06
3.8549e+06
3.827e+06
3.809e+06
3.8067e+06
3.8227e+06
3.856e+06
3.9017e+06
3.9522e+06
3.9987e+06
4.0331e+06
4.0497e+06
4.0461e+06
4.0243e+06
3.9894e+06
3.9493e+06
3.9125e+06
3.8864e+06
3.876e+06
3.8825e+06
3.9034e+06
3.9335e+06
3.9656e+06
3.9929e+06
4.0098e+06
4.0137e+06
4.005e+06
3.9872e+06
3.9656e+06
3.9463e+06
3.9342e+06
3.9325e+06
3.9411e+06
3.9579e+06
3.9783e+06
3.9973e+06
4.0102e+06
4.014e+06
4.0078e+06
3.9933e+06
3.9744e+06
3.9557e+06
3.9421e+06
3.9365e+06
3.9401e+06
3.9514e+06
3.9674e+06
3.9841e+06
3.9975e+06
4.0045e+06
4.0035e+06
3.9951e+06
3.9812e+06
3.965e+06
3.9499e+06
3.9382e+06
3.9309e+06
3.9274e+06
3.9259e+06
3.9243e+06
3.9212e+06
3.9158e+06
3.9088e+06
3.9017e+06
3.8967e+06
3.8961e+06
3.9016e+06
3.9131e+06
3.9289e+06
3.9455e+06
3.9584e+06
3.9635e+06
3.9581e+06
3.942e+06
3.9174e+06
3.8888e+06
3.8619e+06
3.8423e+06
3.8342e+06
3.8393e+06
3.856e+06
3.8798e+06
3.9043e+06
3.9227e+06
3.9296e+06
3.9223e+06
3.9012e+06
3.8704e+06
3.8363e+06
3.8062e+06
3.7867e+06
3.782e+06
3.793e+06
3.8168e+06
3.8479e+06
3.879e+06
3.9034e+06
3.9158e+06
3.9141e+06
3.8994e+06
3.876e+06
3.8495e+06
3.8258e+06
3.8096e+06
3.8029e+06
3.8051e+06
3.8137e+06
3.8248e+06
3.8345e+06
3.8401e+06
3.8403e+06
3.8359e+06
3.8293e+06
3.8238e+06
3.8221e+06
3.8255e+06
3.8332e+06
3.8426e+06
3.8502e+06
3.8529e+06
3.8491e+06
3.8392e+06
3.8257e+06
3.8126e+06
3.8042e+06
3.8042e+06
3.8139e+06
3.8322e+06
3.8546e+06
3.8754e+06
3.8881e+06
3.8881e+06
3.8736e+06
3.8464e+06
3.8118e+06
3.7773e+06
3.7508e+06
3.7388e+06
3.7449e+06
3.7682e+06
3.8038e+06
3.8441e+06
3.8801e+06
3.9041e+06
3.9111e+06
3.9002e+06
3.8743e+06
3.8394e+06
3.803e+06
3.772e+06
3.7509e+06
3.7411e+06
3.7411e+06
3.7475e+06
3.7559e+06
3.7629e+06
3.7663e+06
3.7662e+06
3.7644e+06
3.7638e+06
3.7672e+06
3.7755e+06
3.7872e+06
3.7984e+06
3.804e+06
3.7997e+06
3.783e+06
3.7551e+06
3.7198e+06
3.6838e+06
3.6542e+06
3.6372e+06
3.6364e+06
3.6512e+06
3.6772e+06
3.7068e+06
3.7315e+06
3.7437e+06
3.7391e+06
3.7176e+06
3.6832e+06
3.6433e+06
3.6065e+06
3.5804e+06
3.5695e+06
3.5744e+06
3.5915e+06
3.6149e+06
3.638e+06
3.6548e+06
3.6619e+06
3.6588e+06
3.6479e+06
3.6334e+06
3.6195e+06
3.609e+06
3.6016e+06
3.5945e+06
3.5838e+06
3.5658e+06
3.5395e+06
3.5065e+06
3.4714e+06
3.4407e+06
3.4213e+06
3.4182e+06
3.4336e+06
3.4653e+06
3.5073e+06
3.5509e+06
3.5868e+06
3.6075e+06
3.6093e+06
3.593e+06
3.5634e+06
3.5283e+06
3.496e+06
3.4732e+06
3.4632e+06
3.4659e+06
3.4779e+06
3.4944e+06
3.5106e+06
3.5229e+06
3.5301e+06
3.5332e+06
3.5348e+06
3.5378e+06
3.5439e+06
3.5521e+06
3.5591e+06
3.5603e+06
3.5513e+06
3.53e+06
3.4976e+06
3.4587e+06
3.4203e+06
3.39e+06
3.3739e+06
3.3752e+06
3.3925e+06
3.4211e+06
3.4534e+06
3.4817e+06
3.4996e+06
3.5042e+06
3.4964e+06
3.4805e+06
3.4627e+06
3.4486e+06
3.4418e+06
3.4421e+06
3.4466e+06
3.4507e+06
3.4504e+06
3.4432e+06
3.4298e+06
3.413e+06
3.3978e+06
3.3895e+06
3.3917e+06
3.4051e+06
3.4266e+06
3.4502e+06
3.4686e+06
3.4757e+06
3.4682e+06
3.447e+06
3.4165e+06
3.3837e+06
3.3558e+06
3.3384e+06
3.3336e+06
3.3404e+06
3.3547e+06
3.3714e+06
3.3858e+06
3.3953e+06
3.3998e+06
3.4015e+06
3.4039e+06
3.41e+06
3.4204e+06
3.4331e+06
3.4439e+06
3.4476e+06
3.4407e+06
3.4223e+06
3.3954e+06
3.3659e+06
3.3415e+06
3.3294e+06
3.3339e+06
3.3555e+06
3.39e+06
3.4302e+06
3.4676e+06
3.4952e+06
3.509e+06
3.5092e+06
3.4997e+06
3.4866e+06
3.4757e+06
3.4704e+06
3.4705e+06
3.4723e+06
3.4709e+06
3.4621e+06
3.4442e+06
3.4193e+06
3.3921e+06
3.3691e+06
3.3563e+06
3.3574e+06
3.3723e+06
3.3969e+06
3.4244e+06
3.4473e+06
3.4598e+06
3.4593e+06
3.4469e+06
3.427e+06
3.4055e+06
3.3874e+06
3.3755e+06
3.3691e+06
3.3652e+06
3.3598e+06
3.35e+06
3.3351e+06
3.3172e+06
3.3005e+06
3.2896e+06
3.2882e+06
3.2968e+06
3.3126e+06
3.33e+06
3.3423e+06
3.344e+06
3.3327e+06
3.3099e+06
3.2804e+06
3.2509e+06
3.2277e+06
3.2143e+06
3.2108e+06
3.2138e+06
3.2183e+06
3.2197e+06
3.2156e+06
3.2064e+06
3.1953e+06
3.1872e+06
3.1868e+06
3.1964e+06
3.2147e+06
3.2371e+06
3.2571e+06
3.2682e+06
3.2664e+06
3.2516e+06
3.2271e+06
3.1991e+06
3.1738e+06
3.1559e+06
3.1468e+06
3.1445e+06
3.1449e+06
3.144e+06
3.1389e+06
3.1297e+06
3.119e+06
3.1109e+06
3.1096e+06
3.1169e+06
3.1318e+06
3.1496e+06
3.1643e+06
3.1701e+06
3.164e+06
3.1464e+06
3.1216e+06
3.0961e+06
3.0763e+06
3.0661e+06
3.0662e+06
3.0733e+06
3.0826e+06
3.0891e+06
3.0901e+06
3.0858e+06
3.0796e+06
3.0764e+06
3.081e+06
3.0956e+06
3.1187e+06
3.1449e+06
3.1671e+06
3.1786e+06
3.1761e+06
3.1599e+06
3.1348e+06
3.1076e+06
3.0849e+06
3.0708e+06
3.0654e+06
3.0655e+06
3.066e+06
3.0627e+06
3.0538e+06
3.041e+06
3.0288e+06
3.023e+06
3.0283e+06
3.0461e+06
3.0735e+06
3.1037e+06
3.1287e+06
3.1417e+06
3.1395e+06
3.1236e+06
3.0995e+06
3.0745e+06
3.0555e+06
3.0458e+06
3.0445e+06
3.047e+06
3.0477e+06
3.0424e+06
3.0299e+06
3.0124e+06
2.9952e+06
2.9841e+06
2.9831e+06
2.993e+06
3.0105e+06
3.0295e+06
3.0433e+06
3.0474e+06
3.0405e+06
3.0253e+06
3.0069e+06
2.9906e+06
2.9796e+06
2.9736e+06
2.9689e+06
2.9607e+06
2.9451e+06
2.9214e+06
2.8923e+06
2.8635e+06
2.8419e+06
2.8325e+06
2.8368e+06
2.8522e+06
2.8727e+06
2.8914e+06
2.9029e+06
2.9051e+06
2.8997e+06
2.8916e+06
2.8862e+06
2.887e+06
2.894e+06
2.9033e+06
2.9088e+06
2.9051e+06
2.8898e+06
2.8645e+06
2.8344e+06
2.8066e+06
2.787e+06
2.7786e+06
2.78e+06
2.7868e+06
2.7934e+06
2.7954e+06
2.7915e+06
2.7837e+06
2.7768e+06
2.7758e+06
2.7839e+06
2.8005e+06
2.8215e+06
2.8406e+06
2.8517e+06
2.8517e+06
2.8412e+06
2.8244e+06
2.8069e+06
2.7936e+06
2.7864e+06
2.784e+06
2.7823e+06
2.7773e+06
2.7668e+06
2.752e+06
2.7368e+06
2.7267e+06
2.7265e+06
2.7379e+06
2.7588e+06
2.7835e+06
2.8054e+06
2.8194e+06
2.8232e+06
2.8189e+06
2.811e+06
2.8052e+06
2.8048e+06
2.8096e+06
2.8158e+06
2.8174e+06
2.8097e+06
2.7907e+06
2.7624e+06
2.7306e+06
2.7019e+06
2.682e+06
2.6733e+06
2.6742e+06
2.6802e+06
2.6861e+06
2.6882e+06
2.6858e+06
2.681e+06
2.6778e+06
2.6802e+06
2.6901e+06
2.706e+06
2.7238e+06
2.7385e+06
2.7461e+06
2.745e+06
2.7367e+06
2.7248e+06
2.7125e+06
2.7018e+06
2.6921e+06
2.6807e+06
2.6648e+06
2.6432e+06
2.6172e+06
2.5904e+06
2.568e+06
2.554e+06
2.5504e+06
2.5557e+06
2.566e+06
2.5768e+06
2.5847e+06
2.5888e+06
2.591e+06
2.5947e+06
2.6032e+06
2.617e+06
2.6341e+06
2.6495e+06
2.6583e+06
2.657e+06
2.6455e+06
2.627e+06
2.6066e+06
2.5891e+06
2.577e+06
2.5692e+06
2.5625e+06
2.553e+06
2.5386e+06
2.5203e+06
2.5016e+06
2.4875e+06
2.4822e+06
2.487e+06
2.4996e+06
2.5155e+06
2.5293e+06
2.5378e+06
2.5404e+06
2.5402e+06
2.5418e+06
2.5489e+06
2.5625e+06
2.5797e+06
2.5949e+06
2.6022e+06
2.5982e+06
2.5833e+06
2.5619e+06
2.54e+06
2.5231e+06
2.5133e+06
2.5088e+06
2.505e+06
2.4971e+06
2.4825e+06
2.4626e+06
2.4418e+06
2.4265e+06
2.4217e+06
2.4288e+06
2.445e+06
2.4642e+06
2.4799e+06
2.4879e+06
2.4878e+06
2.483e+06
2.4791e+06
2.4805e+06
2.4885e+06
2.5e+06
2.509e+06
2.5096e+06
2.4985e+06
2.4769e+06
2.4495e+06
2.4229e+06
2.4022e+06
2.3887e+06
2.3798e+06
2.3705e+06
2.3565e+06
2.3362e+06
2.3118e+06
2.2885e+06
2.2718e+06
2.2656e+06
2.2696e+06
2.28e+06
2.291e+06
2.298e+06
2.2991e+06
2.2962e+06
2.2941e+06
2.2976e+06
2.3092e+06
2.3274e+06
2.347e+06
2.3615e+06
2.3662e+06
2.3602e+06
2.3464e+06
2.3302e+06
2.3165e+06
2.3076e+06
2.3017e+06
2.2945e+06
2.2815e+06
2.2608e+06
2.234e+06
2.2056e+06
2.1811e+06
2.1646e+06
2.1566e+06
2.154e+06
2.1525e+06
2.1482e+06
2.14e+06
2.13e+06
2.1227e+06
2.1222e+06
2.1304e+06
2.1451e+06
2.1614e+06
2.1737e+06
2.1785e+06
2.1758e+06
2.169e+06
2.1635e+06
2.1631e+06
2.1684e+06
2.176e+06
2.1803e+06
2.1768e+06
2.1636e+06
2.1432e+06
2.1208e+06
2.1019e+06
2.0898e+06
2.084e+06
2.0807e+06
2.0756e+06
2.066e+06
2.0523e+06
2.0383e+06
2.0289e+06
2.0279e+06
2.036e+06
2.0504e+06
2.0661e+06
2.0786e+06
2.086e+06
2.0896e+06
2.0933e+06
2.1013e+06
2.1155e+06
2.1342e+06
2.1528e+06
2.1659e+06
2.1702e+06
2.1658e+06
2.156e+06
2.146e+06
2.1395e+06
2.1372e+06
2.1362e+06
2.1316e+06
2.1198e+06
2.1e+06
2.0746e+06
2.0486e+06
2.0267e+06
2.011e+06
2.0005e+06
1.9917e+06
1.981e+06
1.9668e+06
1.9503e+06
1.9352e+06
1.9256e+06
1.9239e+06
1.9295e+06
1.9389e+06
1.9478e+06
1.9531e+06
1.9544e+06
1.9541e+06
1.9561e+06
1.963e+06
1.9745e+06
1.9877e+06
1.9979e+06
2.0016e+06
1.9983e+06
1.9903e+06
1.9822e+06
1.9774e+06
1.9768e+06
1.9775e+06
1.9752e+06
1.9661e+06
1.9491e+06
1.9269e+06
1.9044e+06
1.8862e+06
1.8742e+06
1.8666e+06
1.8593e+06
1.8484e+06
1.8323e+06
1.8132e+06
1.7957e+06
1.7851e+06
1.784e+06
1.7913e+06
1.8024e+06
1.8119e+06
1.8163e+06
1.8158e+06
1.8142e+06
1.8167e+06
1.827e+06
1.845e+06
1.8666e+06
1.8857e+06
1.8975e+06
1.9009e+06
1.8987e+06
1.8962e+06
1.8978e+06
1.9045e+06
1.9131e+06
1.918e+06
1.9145e+06
1.901e+06
1.8805e+06
1.8586e+06
1.8405e+06
1.8288e+06
1.8214e+06
1.8137e+06
1.801e+06
1.7814e+06
1.7571e+06
1.7331e+06
1.7152e+06
1.7063e+06
1.7055e+06
1.7085e+06
1.7099e+06
1.7064e+06
1.6982e+06
1.6886e+06
1.6822e+06
1.6826e+06
1.6902e+06
1.7021e+06
1.7141e+06
1.7229e+06
1.7279e+06
1.7312e+06
1.736e+06
1.7444e+06
1.7558e+06
1.7672e+06
1.775e+06
1.777e+06
1.7736e+06
1.7679e+06
1.763e+06
1.7607e+06
1.7598e+06
1.757e+06
1.7489e+06
1.7343e+06
1.7152e+06
1.6955e+06
1.6791e+06
1.6674e+06
1.6588e+06
1.6494e+06
1.6356e+06
1.6166e+06
1.5947e+06
1.5746e+06
1.5604e+06
1.5537e+06
1.5524e+06
1.5521e+06
1.5488e+06
1.5411e+06
1.5311e+06
1.5234e+06
1.5225e+06
1.5301e+06
1.544e+06
1.5591e+06
1.5702e+06
1.5749e+06
1.5743e+06
1.5726e+06
1.5744e+06
1.5821e+06
1.5941e+06
1.6063e+06
1.6144e+06
1.6164e+06
1.6138e+06
1.6106e+06
1.6101e+06
1.6132e+06
1.617e+06
1.6172e+06
1.6102e+06
1.5961e+06
1.5784e+06
1.5626e+06
1.5525e+06
1.5481e+06
1.5456e+06
1.5393e+06
1.5258e+06
1.5055e+06
1.4826e+06
1.4634e+06
1.452e+06
1.4484e+06
1.4487e+06
1.4472e+06
1.4402e+06
1.4277e+06
1.4135e+06
1.4029e+06
1.3997e+06
1.4042e+06
1.4127e+06
1.4205e+06
1.4244e+06
1.4244e+06
1.4235e+06
1.4261e+06
1.4347e+06
1.4484e+06
1.4636e+06
1.476e+06
1.4833e+06
1.4863e+06
1.4885e+06
1.4939e+06
1.5039e+06
1.517e+06
1.529e+06
1.5362e+06
1.5373e+06
1.5344e+06
1.5315e+06
1.5319e+06
1.536e+06
1.541e+06
1.5427e+06
1.5386e+06
1.5289e+06
1.517e+06
1.5071e+06
1.5011e+06
1.498e+06
1.4939e+06
1.4851e+06
1.4702e+06
1.4512e+06
1.4324e+06
1.4177e+06
1.408e+06
1.401e+06
1.3928e+06
1.3802e+06
1.3631e+06
1.3448e+06
1.3295e+06
1.3202e+06
1.3166e+06
1.3153e+06
1.3121e+06
1.3047e+06
1.294e+06
1.2839e+06
1.2785e+06
1.28e+06
1.2868e+06
1.2948e+06
1.2998e+06
1.3002e+06
1.2978e+06
1.2968e+06
1.3008e+06
1.3109e+06
1.3242e+06
1.3362e+06
1.3433e+06
1.3454e+06
1.3455e+06
1.3484e+06
1.3574e+06
1.3717e+06
1.3874e+06
1.3995e+06
1.4052e+06
1.4055e+06
1.4042e+06
1.4058e+06
1.4121e+06
1.4215e+06
1.4299e+06
1.4339e+06
1.4327e+06
1.4285e+06
1.4248e+06
1.4239e+06
1.4252e+06
1.4255e+06
1.4216e+06
1.4122e+06
1.3991e+06
1.3855e+06
1.3744e+06
1.366e+06
1.3579e+06
1.3467e+06
1.3311e+06
1.3124e+06
1.2944e+06
1.2809e+06
1.2726e+06
1.2671e+06
1.26e+06
1.248e+06
1.2311e+06
1.2131e+06
1.1988e+06
1.1917e+06
1.1908e+06
1.1918e+06
1.1896e+06
1.1818e+06
1.1702e+06
1.1598e+06
1.1559e+06
1.1605e+06
1.171e+06
1.1816e+06
1.1872e+06
1.1862e+06
1.1815e+06
1.1786e+06
1.1823e+06
1.193e+06
1.2072e+06
1.2193e+06
1.2258e+06
1.2271e+06
1.2274e+06
1.2316e+06
1.2423e+06
1.2578e+06
1.273e+06
1.2835e+06
1.2877e+06
1.2885e+06
1.2904e+06
1.297e+06
1.3081e+06
1.3201e+06
1.3285e+06
1.3311e+06
1.3293e+06
1.3274e+06
1.3292e+06
1.3354e+06
1.3432e+06
1.3482e+06
1.3478e+06
1.3428e+06
1.3368e+06
1.3338e+06
1.3349e+06
1.338e+06
1.3388e+06
1.3344e+06
1.3253e+06
1.3149e+06
1.3072e+06
1.3037e+06
1.3024e+06
1.2987e+06
1.2894e+06
1.2742e+06
1.2568e+06
1.2418e+06
1.232e+06
1.2261e+06
1.2197e+06
1.2084e+06
1.1913e+06
1.1714e+06
1.1537e+06
1.1425e+06
1.1376e+06
1.1349e+06
1.1292e+06
1.1177e+06
1.1015e+06
1.0851e+06
1.0733e+06
1.068e+06
1.067e+06
1.0658e+06
1.0608e+06
1.0515e+06
1.0407e+06
1.032e+06
1.0276e+06
1.0267e+06
1.0262e+06
1.0236e+06
1.0184e+06
1.0129e+06
1.01e+06
1.0113e+06
1.0152e+06
1.0184e+06
1.0181e+06
1.0141e+06
1.0092e+06
1.0073e+06
1.0109e+06
1.0188e+06
1.0273e+06
1.0327e+06
1.0339e+06
1.0333e+06
1.0352e+06
1.0426e+06
1.055e+06
1.0683e+06
1.0782e+06
1.0827e+06
1.084e+06
1.0866e+06
1.0945e+06
1.1077e+06
1.1223e+06
1.1334e+06
1.1381e+06
1.1381e+06
1.1383e+06
1.1437e+06
1.1556e+06
1.1705e+06
1.1831e+06
1.1896e+06
1.1904e+06
1.1899e+06
1.1931e+06
1.2023e+06
1.215e+06
1.2261e+06
1.2318e+06
1.2319e+06
1.2299e+06
1.2305e+06
1.236e+06
1.2447e+06
1.2524e+06
1.2556e+06
1.2543e+06
1.2516e+06
1.2518e+06
1.2563e+06
1.2632e+06
1.2683e+06
1.2683e+06
1.2632e+06
1.2562e+06
1.2515e+06
1.2509e+06
1.2533e+06
1.2552e+06
1.2544e+06
1.2507e+06
1.2465e+06
1.2438e+06
1.243e+06
1.2419e+06
1.238e+06
1.2308e+06
1.2227e+06
1.2173e+06
1.2169e+06
1.22e+06
1.2224e+06
1.2202e+06
1.2125e+06
1.2025e+06
1.1949e+06
1.1926e+06
1.1942e+06
1.1951e+06
1.1904e+06
1.1791e+06
1.1644e+06
1.1519e+06
1.1453e+06
1.1435e+06
1.1421e+06
1.1358e+06
1.1233e+06
1.1074e+06
1.0934e+06
1.0849e+06
1.0814e+06
1.0785e+06
1.0719e+06
1.0601e+06
1.0459e+06
1.034e+06
1.0273e+06
1.0249e+06
1.0228e+06
1.0173e+06
1.0075e+06
9.9559e+05
9.8518e+05
9.7793e+05
9.7248e+05
9.6581e+05
9.5602e+05
9.441e+05
9.3322e+05
9.26e+05
9.2199e+05
9.1768e+05
9.0909e+05
8.9498e+05
8.7817e+05
8.6379e+05
8.556e+05
8.5293e+05
8.5108e+05
8.4486e+05
8.3244e+05
8.1671e+05
8.0322e+05
7.961e+05
7.947e+05
7.9408e+05
7.8875e+05
7.7658e+05
7.6012e+05
7.4479e+05
7.3491e+05
7.3062e+05
7.2808e+05
7.2277e+05
7.1288e+05
7.0033e+05
6.8895e+05
6.8136e+05
6.769e+05
6.7246e+05
6.6527e+05
6.5515e+05
6.4445e+05
6.3599e+05
6.3052e+05
6.2606e+05
6.1978e+05
6.1057e+05
6.0019e+05
5.9199e+05
5.8793e+05
5.8658e+05
5.8393e+05
5.7645e+05
5.6391e+05
5.4986e+05
5.3926e+05
5.3469e+05
5.3403e+05
5.3216e+05
5.2493e+05
5.1232e+05
4.9854e+05
4.8913e+05
4.8657e+05
4.8806e+05
4.8786e+05
4.8178e+05
