1.6402e+06
1.6473e+06
1.6548e+06
1.6734e+06
1.7069e+06
1.7488e+06
1.787e+06
1.8116e+06
1.8211e+06
1.8229e+06
1.8288e+06
1.8472e+06
1.8784e+06
1.9158e+06
1.9514e+06
1.9814e+06
2.0071e+06
2.0314e+06
2.0553e+06
2.0765e+06
2.0919e+06
2.1018e+06
2.1114e+06
2.1284e+06
2.1574e+06
2.1956e+06
2.2344e+06
2.2646e+06
2.2834e+06
2.2965e+06
2.3138e+06
2.3431e+06
2.3838e+06
2.4274e+06
2.4637e+06
2.4876e+06
2.5018e+06
2.5147e+06
2.5334e+06
2.5593e+06
2.5883e+06
2.6151e+06
2.6388e+06
2.6636e+06
2.6953e+06
2.7348e+06
2.7766e+06
2.811e+06
2.832e+06
2.8421e+06
2.8521e+06
2.8745e+06
2.9145e+06
2.966e+06
3.0153e+06
3.0505e+06
3.0693e+06
3.0799e+06
3.0954e+06
3.1243e+06
3.1646e+06
3.2061e+06
3.2383e+06
3.2581e+06
3.2722e+06
3.2917e+06
3.3244e+06
3.3682e+06
3.4134e+06
3.4493e+06
3.4722e+06
3.4868e+06
3.503e+06
3.5281e+06
3.5617e+06
3.5966e+06
3.625e+06
3.6442e+06
3.6591e+06
3.6783e+06
3.7075e+06
3.7453e+06
3.785e+06
3.8191e+06
3.8456e+06
3.8684e+06
3.8936e+06
3.9239e+06
3.9555e+06
3.9806e+06
3.9931e+06
3.9939e+06
3.9914e+06
3.9966e+06
4.0162e+06
4.0475e+06
4.0805e+06
4.1043e+06
4.1139e+06
4.1132e+06
4.1116e+06
4.118e+06
4.1347e+06
4.1569e+06
4.1767e+06
4.1885e+06
4.1926e+06
4.1946e+06
4.2007e+06
4.2137e+06
4.2311e+06
4.2472e+06
4.2568e+06
4.2582e+06
4.2535e+06
4.247e+06
4.2423e+06
4.2406e+06
4.2409e+06
4.2412e+06
4.2392e+06
4.2337e+06
4.224e+06
4.2104e+06
4.1944e+06
4.1787e+06
4.1664e+06
4.1593e+06
4.1565e+06
4.1539e+06
4.146e+06
4.1288e+06
4.1022e+06
4.0705e+06
4.0402e+06
4.0166e+06
4.0005e+06
3.9887e+06
3.9762e+06
3.9594e+06
3.9385e+06
3.9163e+06
3.8963e+06
3.8792e+06
3.8626e+06
3.8425e+06
3.816e+06
3.7834e+06
3.748e+06
3.7137e+06
3.6827e+06
3.6538e+06
3.6234e+06
3.5885e+06
3.549e+06
3.5084e+06
3.4723e+06
3.4455e+06
3.4291e+06
3.4201e+06
3.4126e+06
3.4011e+06
3.3824e+06
3.3566e+06
3.3266e+06
3.2964e+06
3.2695e+06
3.2478e+06
3.231e+06
3.2177e+06
3.2058e+06
3.1944e+06
3.1841e+06
3.1773e+06
3.1766e+06
3.1839e+06
3.198e+06
3.2153e+06
3.2306e+06
3.2397e+06
3.2422e+06
3.242e+06
3.2455e+06
3.2585e+06
3.2825e+06
3.3134e+06
3.3434e+06
3.3655e+06
3.3775e+06
3.3832e+06
3.3911e+06
3.4094e+06
3.4412e+06
3.4827e+06
3.5256e+06
3.5623e+06
3.5896e+06
3.6108e+06
3.6325e+06
3.6604e+06
3.6955e+06
3.7332e+06
3.7665e+06
3.7904e+06
3.8051e+06
3.815e+06
3.8264e+06
3.8429e+06
3.8637e+06
3.8843e+06
3.9005e+06
3.9113e+06
3.9199e+06
3.9312e+06
3.9489e+06
3.9721e+06
3.9954e+06
4.0124e+06
4.0181e+06
4.0117e+06
3.9962e+06
3.9757e+06
3.9537e+06
3.9316e+06
3.9098e+06
3.8889e+06
3.8705e+06
3.8563e+06
3.8462e+06
3.8373e+06
3.8246e+06
3.8035e+06
3.7726e+06
3.7349e+06
3.6963e+06
3.6629e+06
3.6369e+06
3.6163e+06
3.5961e+06
3.572e+06
3.5428e+06
3.5111e+06
3.4814e+06
3.4567e+06
3.4367e+06
3.4185e+06
3.3986e+06
3.3761e+06
3.3537e+06
3.3355e+06
3.3246e+06
3.3204e+06
3.3184e+06
3.3129e+06
3.3007e+06
3.2834e+06
3.2671e+06
3.2588e+06
3.2629e+06
3.2785e+06
3.3001e+06
3.3211e+06
3.3378e+06
3.3514e+06
3.3664e+06
3.3875e+06
3.416e+06
3.4483e+06
3.4784e+06
3.5017e+06
3.5178e+06
3.5316e+06
3.5499e+06
3.5773e+06
3.6131e+06
3.6513e+06
3.684e+06
3.7064e+06
3.7192e+06
3.7278e+06
3.7392e+06
3.7569e+06
3.7788e+06
3.7982e+06
3.8087e+06
3.8078e+06
3.7987e+06
3.7886e+06
3.7841e+06
3.787e+06
3.7931e+06
3.7948e+06
3.7852e+06
3.7625e+06
3.7305e+06
3.6965e+06
3.6673e+06
3.6459e+06
3.6303e+06
3.616e+06
3.5986e+06
3.5767e+06
3.5513e+06
3.5249e+06
3.499e+06
3.4731e+06
3.4459e+06
3.4167e+06
3.3867e+06
3.3592e+06
3.3374e+06
3.3229e+06
3.3141e+06
3.3072e+06
3.2985e+06
3.2865e+06
3.2732e+06
3.2624e+06
3.2582e+06
3.2619e+06
3.2717e+06
3.2835e+06
3.2936e+06
3.3011e+06
3.3081e+06
3.3184e+06
3.3346e+06
3.3566e+06
3.3809e+06
3.4027e+06
3.4187e+06
3.4289e+06
3.4363e+06
3.445e+06
3.4572e+06
3.4721e+06
3.4859e+06
3.4946e+06
3.4962e+06
3.4928e+06
3.4887e+06
3.4879e+06
3.4919e+06
3.4982e+06
3.5021e+06
3.4993e+06
3.4888e+06
3.4728e+06
3.4553e+06
3.4392e+06
3.4247e+06
3.409e+06
3.3886e+06
3.3618e+06
3.3306e+06
3.2996e+06
3.2738e+06
3.2553e+06
3.2425e+06
3.2306e+06
3.2148e+06
3.1932e+06
3.1676e+06
3.1431e+06
3.125e+06
3.116e+06
3.115e+06
3.118e+06
3.1209e+06
3.1217e+06
3.122e+06
3.1254e+06
3.1355e+06
3.1532e+06
3.1763e+06
3.2003e+06
3.2217e+06
3.2393e+06
3.2552e+06
3.2728e+06
3.2944e+06
3.319e+06
3.3427e+06
3.3604e+06
3.3693e+06
3.3704e+06
3.3681e+06
3.368e+06
3.3734e+06
3.383e+06
3.3916e+06
3.3934e+06
3.3852e+06
3.3687e+06
3.3498e+06
3.3346e+06
3.3263e+06
3.3227e+06
3.3174e+06
3.3039e+06
3.2789e+06
3.245e+06
3.2092e+06
3.1798e+06
3.1613e+06
3.1527e+06
3.1476e+06
3.1383e+06
3.12e+06
3.0932e+06
3.064e+06
3.0409e+06
3.0303e+06
3.0339e+06
3.0475e+06
3.0639e+06
3.0768e+06
3.0837e+06
3.0868e+06
3.091e+06
3.1007e+06
3.117e+06
3.1375e+06
3.1571e+06
3.1717e+06
3.1806e+06
3.1864e+06
3.1938e+06
3.2062e+06
3.2235e+06
3.242e+06
3.2561e+06
3.2617e+06
3.258e+06
3.2478e+06
3.2353e+06
3.2237e+06
3.2133e+06
3.2013e+06
3.1844e+06
3.1612e+06
3.1334e+06
3.1053e+06
3.0819e+06
3.0654e+06
3.0546e+06
3.0449e+06
3.0319e+06
3.0136e+06
2.9921e+06
2.9731e+06
2.9626e+06
2.9641e+06
2.9762e+06
2.9932e+06
3.0081e+06
3.0163e+06
3.0177e+06
3.017e+06
3.0211e+06
3.0356e+06
3.061e+06
3.0925e+06
3.1222e+06
3.1433e+06
3.153e+06
3.1546e+06
3.1545e+06
3.1595e+06
3.1719e+06
3.1887e+06
3.2025e+06
3.2062e+06
3.1964e+06
3.1758e+06
3.1511e+06
3.1304e+06
3.1182e+06
3.1132e+06
3.1094e+06
3.0992e+06
3.0782e+06
3.0473e+06
3.013e+06
2.9841e+06
2.9678e+06
2.9662e+06
2.9753e+06
2.9873e+06
2.995e+06
2.9945e+06
2.9875e+06
2.9795e+06
2.9775e+06
2.9866e+06
3.0069e+06
3.0345e+06
3.0633e+06
3.0878e+06
3.1058e+06
3.1186e+06
3.1294e+06
3.1408e+06
3.1533e+06
3.1647e+06
3.1717e+06
3.1715e+06
3.1639e+06
3.1512e+06
3.137e+06
3.1239e+06
3.1122e+06
3.0998e+06
3.0837e+06
3.0616e+06
3.034e+06
3.004e+06
2.9765e+06
2.9555e+06
2.9429e+06
2.9376e+06
2.9366e+06
2.9366e+06
2.936e+06
2.9353e+06
2.9367e+06
2.9425e+06
2.9537e+06
2.9694e+06
2.9869e+06
3.0034e+06
3.0175e+06
3.0298e+06
3.0425e+06
3.0579e+06
3.0766e+06
3.097e+06
3.1151e+06
3.1267e+06
3.1295e+06
3.1238e+06
3.1124e+06
3.0996e+06
3.0881e+06
3.0786e+06
3.069e+06
3.0564e+06
3.0388e+06
3.017e+06
2.9945e+06
2.9762e+06
2.9661e+06
2.9651e+06
2.9708e+06
2.9783e+06
2.9829e+06
2.9823e+06
2.9778e+06
2.9741e+06
2.9769e+06
2.9905e+06
3.0153e+06
3.0475e+06
3.0804e+06
3.1074e+06
3.1246e+06
3.1321e+06
3.1334e+06
3.1334e+06
3.1358e+06
3.1414e+06
3.1475e+06
3.1498e+06
3.1449e+06
3.1319e+06
3.113e+06
3.0926e+06
3.075e+06
3.0623e+06
3.054e+06
3.0474e+06
3.0393e+06
3.028e+06
3.0139e+06
2.9995e+06
2.9882e+06
2.9823e+06
2.9823e+06
2.987e+06
2.9942e+06
3.0021e+06
3.0107e+06
3.0214e+06
3.0362e+06
3.056e+06
3.0795e+06
3.1032e+06
3.1222e+06
3.1328e+06
3.1338e+06
3.1273e+06
3.1176e+06
3.1096e+06
3.1054e+06
3.1042e+06
3.1017e+06
3.0931e+06
3.0753e+06
3.0487e+06
3.0179e+06
2.9897e+06
2.9706e+06
2.9639e+06
2.9684e+06
2.9787e+06
2.9884e+06
2.9919e+06
2.9877e+06
2.9782e+06
2.969e+06
2.9666e+06
2.9751e+06
2.9945e+06
3.0204e+06
3.0458e+06
3.0644e+06
3.0727e+06
3.0713e+06
3.0643e+06
3.0569e+06
3.0529e+06
3.0528e+06
3.0539e+06
3.0518e+06
3.0428e+06
3.0259e+06
3.0034e+06
2.9798e+06
2.9604e+06
2.9487e+06
2.9454e+06
2.9486e+06
2.9549e+06
2.961e+06
2.9654e+06
2.9689e+06
2.9738e+06
2.9827e+06
2.9972e+06
3.0168e+06
3.0393e+06
3.0612e+06
3.0796e+06
3.0932e+06
3.1023e+06
3.1085e+06
3.1133e+06
3.1171e+06
3.1191e+06
3.1171e+06
3.1094e+06
3.0955e+06
3.0768e+06
3.0561e+06
3.037e+06
3.0223e+06
3.0132e+06
3.0095e+06
3.0097e+06
3.0123e+06
3.0169e+06
3.0241e+06
3.0352e+06
3.0516e+06
3.0731e+06
3.098e+06
3.1231e+06
3.1447e+06
3.1601e+06
3.1689e+06
3.1726e+06
3.1741e+06
3.1761e+06
3.1797e+06
3.1834e+06
3.1838e+06
3.1774e+06
3.162e+06
3.1383e+06
3.1103e+06
3.0835e+06
3.064e+06
3.0556e+06
3.059e+06
3.0715e+06
3.0885e+06
3.1051e+06
3.1184e+06
3.1279e+06
3.1356e+06
3.1449e+06
3.1584e+06
3.1769e+06
3.1985e+06
3.219e+06
3.2341e+06
3.2405e+06
3.2374e+06
3.2268e+06
3.2122e+06
3.1972e+06
3.1841e+06
3.1729e+06
3.162e+06
3.1495e+06
3.1343e+06
3.1171e+06
3.1005e+06
3.088e+06
3.0827e+06
3.0858e+06
3.0963e+06
3.1112e+06
3.1268e+06
3.14e+06
3.1497e+06
3.157e+06
3.1644e+06
3.1752e+06
3.1908e+06
3.2103e+06
3.2306e+06
3.2471e+06
3.2557e+06
3.2545e+06
3.2441e+06
3.2278e+06
3.2098e+06
3.1938e+06
3.1823e+06
3.1753e+06
3.1717e+06
3.1699e+06
3.1693e+06
3.1706e+06
3.1758e+06
3.1873e+06
3.2066e+06
3.2328e+06
3.2629e+06
3.292e+06
3.3151e+06
3.3283e+06
3.3309e+06
3.3246e+06
3.3136e+06
3.3026e+06
3.2947e+06
3.2907e+06
3.2887e+06
3.2852e+06
3.2772e+06
3.2634e+06
3.245e+06
3.2253e+06
3.2088e+06
3.1995e+06
3.1994e+06
3.2083e+06
3.2233e+06
3.2407e+06
3.2568e+06
3.2694e+06
3.2783e+06
3.285e+06
3.2914e+06
3.2989e+06
3.3071e+06
3.3139e+06
3.3166e+06
3.3126e+06
3.3013e+06
3.2839e+06
3.2639e+06
3.2453e+06
3.2317e+06
3.2252e+06
3.2253e+06
3.2302e+06
3.2372e+06
3.2441e+06
3.2499e+06
3.2556e+06
3.2631e+06
3.2744e+06
3.2903e+06
3.3099e+06
3.33e+06
3.3465e+06
3.3557e+06
3.3554e+06
3.3461e+06
3.3305e+06
3.3125e+06
3.2959e+06
3.283e+06
3.2741e+06
3.2678e+06
3.2619e+06
3.2552e+06
3.2475e+06
3.241e+06
3.2386e+06
3.2435e+06
3.2574e+06
3.2793e+06
3.3057e+06
3.3312e+06
3.3503e+06
3.3588e+06
3.3556e+06
3.3429e+06
3.3249e+06
3.307e+06
3.293e+06
3.2844e+06
3.2798e+06
3.276e+06
3.2696e+06
3.2588e+06
3.2444e+06
3.2295e+06
3.219e+06
3.2177e+06
3.2287e+06
3.252e+06
3.2841e+06
3.3191e+06
3.3498e+06
3.3706e+06
3.3785e+06
3.3738e+06
3.3598e+06
3.3414e+06
3.3234e+06
3.3087e+06
3.2979e+06
3.2896e+06
3.2813e+06
3.2715e+06
3.2599e+06
3.2482e+06
3.2396e+06
3.2372e+06
3.2434e+06
3.258e+06
3.2787e+06
3.3013e+06
3.3209e+06
3.3335e+06
3.337e+06
3.3318e+06
3.3204e+06
3.3062e+06
3.2925e+06
3.2808e+06
3.2711e+06
3.2619e+06
3.2513e+06
3.2385e+06
3.224e+06
3.21e+06
3.1997e+06
3.1962e+06
3.2015e+06
3.2156e+06
3.2359e+06
3.2585e+06
3.2784e+06
3.2918e+06
3.2965e+06
3.2924e+06
3.2818e+06
3.2678e+06
3.2533e+06
3.2403e+06
3.229e+06
3.2184e+06
3.207e+06
3.1942e+06
3.1804e+06
3.1674e+06
3.158e+06
3.1551e+06
3.1607e+06
3.1747e+06
3.1951e+06
3.2178e+06
3.2381e+06
3.2517e+06
3.256e+06
3.2507e+06
3.2377e+06
3.2207e+06
3.2034e+06
3.189e+06
3.1789e+06
3.1727e+06
3.1689e+06
3.1658e+06
3.1621e+06
3.1575e+06
3.1528e+06
3.1494e+06
3.1488e+06
3.1516e+06
3.1575e+06
3.165e+06
3.1719e+06
3.1759e+06
3.1754e+06
3.17e+06
3.1607e+06
3.1493e+06
3.1378e+06
3.128e+06
3.1204e+06
3.1148e+06
3.1103e+06
3.1063e+06
3.1023e+06
3.0992e+06
3.0984e+06
3.1019e+06
3.1111e+06
3.1263e+06
3.146e+06
3.1667e+06
3.1841e+06
3.1937e+06
3.1927e+06
3.1806e+06
3.1592e+06
3.133e+06
3.1071e+06
3.0867e+06
3.0749e+06
3.0728e+06
3.0787e+06
3.0895e+06
3.1014e+06
3.1113e+06
3.1172e+06
3.1193e+06
3.1193e+06
3.1195e+06
3.1222e+06
3.1278e+06
3.1349e+06
3.1408e+06
3.1417e+06
3.135e+06
3.1199e+06
3.0979e+06
3.073e+06
3.0502e+06
3.0347e+06
3.0303e+06
3.0384e+06
3.0575e+06
3.0836e+06
3.111e+06
3.134e+06
3.1483e+06
3.1517e+06
3.1447e+06
3.1298e+06
3.111e+06
3.0922e+06
3.0767e+06
3.0657e+06
3.0595e+06
3.0571e+06
3.0573e+06
3.0594e+06
3.0632e+06
3.0691e+06
3.0773e+06
3.0881e+06
3.1005e+06
3.1128e+06
3.1221e+06
3.1258e+06
3.1214e+06
3.1081e+06
3.0872e+06
3.0615e+06
3.0353e+06
3.0133e+06
2.9991e+06
2.9949e+06
3.0005e+06
3.0137e+06
3.0311e+06
3.0487e+06
3.0631e+06
3.072e+06
3.0748e+06
3.0724e+06
3.0664e+06
3.0586e+06
3.0502e+06
3.0411e+06
3.0304e+06
3.0171e+06
3.0003e+06
2.9808e+06
2.9603e+06
2.942e+06
2.9295e+06
2.9259e+06
2.9333e+06
2.9513e+06
2.9776e+06
3.0077e+06
3.0363e+06
3.0581e+06
3.0691e+06
3.0678e+06
3.055e+06
3.0338e+06
3.0087e+06
2.9845e+06
2.9653e+06
2.9536e+06
2.95e+06
2.9535e+06
2.9619e+06
2.9727e+06
2.9834e+06
2.9924e+06
2.9989e+06
3.0029e+06
3.0047e+06
3.0047e+06
3.0027e+06
2.9984e+06
2.991e+06
2.9804e+06
2.9671e+06
2.9524e+06
2.9385e+06
2.9279e+06
2.9226e+06
2.9238e+06
2.9313e+06
2.9434e+06
2.9572e+06
2.9692e+06
2.9762e+06
2.9759e+06
2.968e+06
2.9536e+06
2.9355e+06
2.9173e+06
2.9023e+06
2.8931e+06
2.8905e+06
2.894e+06
2.9014e+06
2.9103e+06
2.9177e+06
2.9217e+06
2.9214e+06
2.9171e+06
2.9104e+06
2.9034e+06
2.8978e+06
2.8946e+06
2.8935e+06
2.8934e+06
2.8928e+06
2.8904e+06
2.8858e+06
2.8798e+06
2.8739e+06
2.8701e+06
2.8703e+06
2.8759e+06
2.8868e+06
2.9017e+06
2.9178e+06
2.9317e+06
2.9402e+06
2.9411e+06
2.9336e+06
2.9192e+06
2.9007e+06
2.8823e+06
2.8679e+06
2.8607e+06
2.8621e+06
2.8716e+06
2.8865e+06
2.9031e+06
2.9173e+06
2.9255e+06
2.9254e+06
2.9169e+06
2.9015e+06
2.8824e+06
2.8632e+06
2.8474e+06
2.8373e+06
2.834e+06
2.8369e+06
2.8444e+06
2.8546e+06
2.8652e+06
2.8742e+06
2.8807e+06
2.8841e+06
2.8847e+06
2.8832e+06
2.8802e+06
2.876e+06
2.8704e+06
2.863e+06
2.8534e+06
2.8419e+06
2.8293e+06
2.8171e+06
2.8076e+06
2.8025e+06
2.8035e+06
2.8111e+06
2.8243e+06
2.8411e+06
2.8581e+06
2.8719e+06
2.8791e+06
2.8779e+06
2.868e+06
2.8507e+06
2.8294e+06
2.8078e+06
2.7901e+06
2.7795e+06
2.7778e+06
2.7849e+06
2.799e+06
2.8169e+06
2.8349e+06
2.8495e+06
2.8581e+06
2.8596e+06
2.8546e+06
2.8448e+06
2.833e+06
2.8219e+06
2.8137e+06
2.8099e+06
2.8105e+06
2.8148e+06
2.8211e+06
2.8276e+06
2.8324e+06
2.8346e+06
2.8338e+06
2.8304e+06
2.8255e+06
2.8201e+06
2.8153e+06
2.8115e+06
2.8088e+06
2.807e+06
2.8057e+06
2.8046e+06
2.8034e+06
2.8023e+06
2.8015e+06
2.8016e+06
2.803e+06
2.8061e+06
2.8107e+06
2.816e+06
2.821e+06
2.8246e+06
2.8258e+06
2.8243e+06
2.8204e+06
2.815e+06
2.8093e+06
2.8046e+06
2.8017e+06
2.8011e+06
2.8024e+06
2.8045e+06
2.8057e+06
2.8043e+06
2.7991e+06
2.7897e+06
2.7769e+06
2.7627e+06
2.7497e+06
2.741e+06
2.7389e+06
2.7452e+06
2.7596e+06
2.7809e+06
2.8061e+06
2.8315e+06
2.8531e+06
2.8675e+06
2.8728e+06
2.8689e+06
2.8573e+06
2.8414e+06
2.8252e+06
2.8126e+06
2.8068e+06
2.8093e+06
2.8197e+06
2.8359e+06
2.8545e+06
2.8715e+06
2.8834e+06
2.8879e+06
2.8843e+06
2.8737e+06
2.8591e+06
2.8445e+06
2.8338e+06
2.8304e+06
2.8362e+06
2.8513e+06
2.8737e+06
2.8998e+06
2.9252e+06
2.9455e+06
2.9574e+06
2.9589e+06
2.9503e+06
2.9337e+06
2.9128e+06
2.8919e+06
2.8751e+06
2.8658e+06
2.8658e+06
2.875e+06
2.8917e+06
2.9127e+06
2.9342e+06
2.9524e+06
2.9643e+06
2.9686e+06
2.9652e+06
2.9558e+06
2.9431e+06
2.9301e+06
2.9196e+06
2.9137e+06
2.9133e+06
2.9182e+06
2.9271e+06
2.9377e+06
2.9476e+06
2.9546e+06
2.9572e+06
2.9552e+06
2.9492e+06
2.9408e+06
2.932e+06
2.9249e+06
2.9209e+06
2.9207e+06
2.9245e+06
2.9312e+06
2.9394e+06
2.947e+06
2.9526e+06
2.9548e+06
2.9533e+06
2.9489e+06
2.9429e+06
2.9371e+06
2.9334e+06
2.9332e+06
2.9372e+06
2.9456e+06
2.9573e+06
2.9708e+06
2.9842e+06
2.9954e+06
3.003e+06
3.0061e+06
3.0052e+06
3.0012e+06
2.9959e+06
2.9911e+06
2.9886e+06
2.9896e+06
2.9946e+06
3.0031e+06
3.014e+06
3.0255e+06
3.0357e+06
3.0429e+06
3.0461e+06
3.0449e+06
3.0403e+06
3.0338e+06
3.0273e+06
3.0229e+06
3.0221e+06
3.0258e+06
3.0339e+06
3.0454e+06
3.0585e+06
3.0708e+06
3.0804e+06
3.0855e+06
3.0855e+06
3.0807e+06
3.0725e+06
3.0628e+06
3.0535e+06
3.0468e+06
3.0437e+06
3.0448e+06
3.0492e+06
3.0554e+06
3.0612e+06
3.0643e+06
3.0632e+06
3.0573e+06
3.0475e+06
3.0355e+06
3.0239e+06
3.0156e+06
3.0127e+06
3.0168e+06
3.0278e+06
3.0445e+06
3.0643e+06
3.0837e+06
3.0995e+06
3.1086e+06
3.1095e+06
3.1024e+06
3.089e+06
3.0724e+06
3.0563e+06
3.0442e+06
3.0388e+06
3.0413e+06
3.0511e+06
3.0656e+06
3.0814e+06
3.0945e+06
3.1011e+06
3.099e+06
3.0879e+06
3.0691e+06
3.0461e+06
3.0229e+06
3.0041e+06
2.9932e+06
2.9923e+06
3.0013e+06
3.0183e+06
3.0398e+06
3.0612e+06
3.0785e+06
3.0883e+06
3.0892e+06
3.0818e+06
3.0685e+06
3.0528e+06
3.0389e+06
3.0304e+06
3.0295e+06
3.0368e+06
3.0508e+06
3.0686e+06
3.0864e+06
3.1004e+06
3.1077e+06
3.1071e+06
3.0991e+06
3.086e+06
3.0711e+06
3.058e+06
3.0499e+06
3.0487e+06
3.0546e+06
3.0662e+06
3.0809e+06
3.0952e+06
3.1059e+06
3.1108e+06
3.1086e+06
3.0999e+06
3.0867e+06
3.0717e+06
3.0581e+06
3.0483e+06
3.0436e+06
3.0441e+06
3.0488e+06
3.0559e+06
3.0634e+06
3.0692e+06
3.0721e+06
3.0717e+06
3.0683e+06
3.0632e+06
3.0578e+06
3.0534e+06
3.051e+06
3.0506e+06
3.0517e+06
3.0534e+06
3.0549e+06
3.0555e+06
3.055e+06
3.0537e+06
3.0523e+06
3.0516e+06
3.0522e+06
3.0542e+06
3.0568e+06
3.0587e+06
3.0584e+06
3.0542e+06
3.0454e+06
3.0324e+06
3.0165e+06
3.0003e+06
2.9863e+06
2.9773e+06
2.9749e+06
2.9797e+06
2.9905e+06
3.0049e+06
3.0196e+06
3.031e+06
3.0363e+06
3.034e+06
3.0242e+06
3.0091e+06
2.9917e+06
2.976e+06
2.9652e+06
2.9615e+06
2.9654e+06
2.9756e+06
2.9893e+06
3.0028e+06
3.0125e+06
3.0159e+06
3.0116e+06
3.0002e+06
2.9839e+06
2.9658e+06
2.9491e+06
2.9366e+06
2.9298e+06
2.9289e+06
2.9326e+06
2.9391e+06
2.9462e+06
2.9519e+06
2.9553e+06
2.9558e+06
2.9541e+06
2.9511e+06
2.9481e+06
2.9454e+06
2.9432e+06
2.9407e+06
2.937e+06
2.9316e+06
2.9244e+06
2.9165e+06
2.9096e+06
2.9059e+06
2.9075e+06
2.9154e+06
2.9299e+06
2.9491e+06
2.9701e+06
2.9888e+06
3.0013e+06
3.0046e+06
2.9974e+06
2.9806e+06
2.9572e+06
2.9315e+06
2.9084e+06
2.8922e+06
2.8854e+06
2.8885e+06
2.8997e+06
2.9155e+06
2.9316e+06
2.9442e+06
2.9502e+06
2.9489e+06
2.9411e+06
2.9293e+06
2.9168e+06
2.9065e+06
2.9005e+06
2.8992e+06
2.9017e+06
2.9063e+06
2.9106e+06
2.9132e+06
2.9131e+06
2.911e+06
2.9081e+06
2.9066e+06
2.908e+06
2.9131e+06
2.9211e+06
2.9297e+06
2.9358e+06
2.9365e+06
2.9301e+06
2.9164e+06
2.8974e+06
2.8763e+06
2.8572e+06
2.8439e+06
2.8391e+06
2.8431e+06
2.8544e+06
2.8694e+06
2.8836e+06
2.8929e+06
2.8942e+06
2.8869e+06
2.8724e+06
2.854e+06
2.8359e+06
2.822e+06
2.8151e+06
2.8159e+06
2.8231e+06
2.8339e+06
2.8451e+06
2.8536e+06
2.8576e+06
2.8567e+06
2.8521e+06
2.8458e+06
2.84e+06
2.8364e+06
2.8351e+06
2.835e+06
2.8339e+06
2.8299e+06
2.8217e+06
2.8093e+06
2.7945e+06
2.7801e+06
2.7694e+06
2.7653e+06
2.7693e+06
2.7808e+06
2.7975e+06
2.8153e+06
2.8297e+06
2.837e+06
2.8349e+06
2.8237e+06
2.8056e+06
2.7842e+06
2.7637e+06
2.7477e+06
2.738e+06
2.7351e+06
2.7374e+06
2.7427e+06
2.7486e+06
2.7532e+06
2.7558e+06
2.7568e+06
2.7573e+06
2.7586e+06
2.7614e+06
2.765e+06
2.7679e+06
2.7678e+06
2.7628e+06
2.7519e+06
2.7359e+06
2.7174e+06
2.6997e+06
2.6869e+06
2.682e+06
2.6862e+06
2.6986e+06
2.7163e+06
2.7351e+06
2.7503e+06
2.7585e+06
2.7582e+06
2.7501e+06
2.7368e+06
2.722e+06
2.7093e+06
2.7009e+06
2.6974e+06
2.6973e+06
2.6982e+06
2.6977e+06
2.6941e+06
2.6874e+06
2.6791e+06
2.6719e+06
2.6686e+06
2.6717e+06
2.6815e+06
2.6966e+06
2.7133e+06
2.727e+06
2.7337e+06
2.7307e+06
2.7181e+06
2.698e+06
2.6748e+06
2.6533e+06
2.6378e+06
2.6311e+06
2.6335e+06
2.6432e+06
2.6572e+06
2.6718e+06
2.684e+06
2.6924e+06
2.6968e+06
2.6982e+06
2.6982e+06
2.6979e+06
2.6976e+06
2.6963e+06
2.6924e+06
2.6846e+06
2.6724e+06
2.6566e+06
2.6396e+06
2.6246e+06
2.6149e+06
2.6126e+06
2.6183e+06
2.6306e+06
2.6464e+06
2.6618e+06
2.6731e+06
2.6779e+06
2.6756e+06
2.6674e+06
2.6556e+06
2.643e+06
2.6316e+06
2.6223e+06
2.6145e+06
2.6069e+06
2.5982e+06
2.588e+06
2.5768e+06
2.5664e+06
2.5592e+06
2.5572e+06
2.5616e+06
2.5719e+06
2.586e+06
2.6005e+06
2.6118e+06
2.6169e+06
2.6146e+06
2.6055e+06
2.5915e+06
2.5758e+06
2.5613e+06
2.5496e+06
2.5414e+06
2.5359e+06
2.5316e+06
2.5274e+06
2.523e+06
2.5189e+06
2.5165e+06
2.5175e+06
2.5229e+06
2.5322e+06
2.5436e+06
2.554e+06
2.5602e+06
2.5595e+06
2.551e+06
2.5358e+06
2.5168e+06
2.4978e+06
2.4822e+06
2.4721e+06
2.4676e+06
2.4671e+06
2.468e+06
2.4675e+06
2.4644e+06
2.4587e+06
2.452e+06
2.447e+06
2.4463e+06
2.4513e+06
2.4613e+06
2.4735e+06
2.484e+06
2.4886e+06
2.4844e+06
2.4709e+06
2.4498e+06
2.4249e+06
2.4004e+06
2.3803e+06
2.3665e+06
2.3591e+06
2.3563e+06
2.3557e+06
2.355e+06
2.3531e+06
2.35e+06
2.3472e+06
2.3464e+06
2.3488e+06
2.3544e+06
2.3615e+06
2.3677e+06
2.37e+06
2.3666e+06
2.3573e+06
2.3437e+06
2.3284e+06
2.3146e+06
2.3046e+06
2.299e+06
2.2968e+06
2.2961e+06
2.2946e+06
2.291e+06
2.2853e+06
2.279e+06
2.2745e+06
2.2743e+06
2.2794e+06
2.2892e+06
2.3009e+06
2.3108e+06
2.3153e+06
2.3123e+06
2.3019e+06
2.2863e+06
2.2688e+06
2.2532e+06
2.2417e+06
2.2349e+06
2.2312e+06
2.2283e+06
2.2239e+06
2.2169e+06
2.2082e+06
2.2001e+06
2.1958e+06
2.1979e+06
2.2073e+06
2.2223e+06
2.2394e+06
2.2535e+06
2.2605e+06
2.2578e+06
2.2457e+06
2.227e+06
2.2062e+06
2.1878e+06
2.175e+06
2.1687e+06
2.1674e+06
2.1683e+06
2.1685e+06
2.1662e+06
2.1614e+06
2.1557e+06
2.1513e+06
2.1504e+06
2.1538e+06
2.1606e+06
2.1686e+06
2.1749e+06
2.1773e+06
2.1747e+06
2.168e+06
2.159e+06
2.15e+06
2.1426e+06
2.1368e+06
2.1317e+06
2.1252e+06
2.1159e+06
2.1037e+06
2.0898e+06
2.0768e+06
2.068e+06
2.0656e+06
2.0704e+06
2.0811e+06
2.0946e+06
2.1074e+06
2.1165e+06
2.1204e+06
2.1197e+06
2.1166e+06
2.1136e+06
2.1127e+06
2.114e+06
2.1157e+06
2.1153e+06
2.1102e+06
2.0993e+06
2.0836e+06
2.066e+06
2.05e+06
2.0387e+06
2.0337e+06
2.0343e+06
2.038e+06
2.0417e+06
2.0429e+06
2.0404e+06
2.0354e+06
2.0303e+06
2.0283e+06
2.0315e+06
2.0402e+06
2.0522e+06
2.0639e+06
2.0714e+06
2.0717e+06
2.0644e+06
2.0507e+06
2.0338e+06
2.0167e+06
2.0016e+06
1.9893e+06
1.9789e+06
1.9691e+06
1.9588e+06
1.9483e+06
1.939e+06
1.9331e+06
1.9327e+06
1.9386e+06
1.95e+06
1.9644e+06
1.9785e+06
1.9894e+06
1.9958e+06
1.998e+06
1.998e+06
1.9982e+06
2.0003e+06
2.0044e+06
2.0087e+06
2.0103e+06
2.0065e+06
1.9963e+06
1.9804e+06
1.9617e+06
1.944e+06
1.9307e+06
1.9237e+06
1.9228e+06
1.9258e+06
1.9301e+06
1.933e+06
1.9335e+06
1.9321e+06
1.9305e+06
1.9308e+06
1.9342e+06
1.9407e+06
1.9486e+06
1.9556e+06
1.9595e+06
1.9591e+06
1.9547e+06
1.9477e+06
1.9396e+06
1.9315e+06
1.9231e+06
1.9136e+06
1.9018e+06
1.8873e+06
1.8709e+06
1.8548e+06
1.8418e+06
1.8342e+06
1.8332e+06
1.8382e+06
1.8468e+06
1.8565e+06
1.8647e+06
1.8706e+06
1.8748e+06
1.8788e+06
1.8843e+06
1.8922e+06
1.9015e+06
1.9099e+06
1.9147e+06
1.9138e+06
1.9069e+06
1.8954e+06
1.8819e+06
1.8692e+06
1.8588e+06
1.8507e+06
1.8433e+06
1.8347e+06
1.8237e+06
1.8109e+06
1.7984e+06
1.7891e+06
1.7859e+06
1.7897e+06
1.7993e+06
1.8118e+06
1.8232e+06
1.8305e+06
1.8327e+06
1.8309e+06
1.828e+06
1.8269e+06
1.8295e+06
1.8352e+06
1.8414e+06
1.8443e+06
1.8411e+06
1.8309e+06
1.8153e+06
1.7975e+06
1.781e+06
1.7682e+06
1.7592e+06
1.7526e+06
1.746e+06
1.7378e+06
1.7279e+06
1.718e+06
1.711e+06
1.7092e+06
1.7138e+06
1.7235e+06
1.7356e+06
1.7466e+06
1.7544e+06
1.7586e+06
1.761e+06
1.7644e+06
1.7713e+06
1.7821e+06
1.7947e+06
1.8053e+06
1.8099e+06
1.8061e+06
1.7944e+06
1.7778e+06
1.7607e+06
1.7472e+06
1.7389e+06
1.7351e+06
1.7327e+06
1.7284e+06
1.7204e+06
1.7089e+06
1.6965e+06
1.6867e+06
1.6826e+06
1.685e+06
1.6925e+06
1.702e+06
1.7103e+06
1.7155e+06
1.7179e+06
1.7196e+06
1.7235e+06
1.7313e+06
1.7428e+06
1.7552e+06
1.7649e+06
1.7687e+06
1.7655e+06
1.7568e+06
1.7458e+06
1.7361e+06
1.7299e+06
1.7266e+06
1.7239e+06
1.7186e+06
1.7085e+06
1.6936e+06
1.6763e+06
1.6603e+06
1.649e+06
1.6441e+06
1.6452e+06
1.6498e+06
1.6547e+06
1.658e+06
1.6593e+06
1.6599e+06
1.6619e+06
1.6671e+06
1.6755e+06
1.6854e+06
1.6943e+06
1.6997e+06
1.7009e+06
1.6988e+06
1.6955e+06
1.6933e+06
1.6928e+06
1.6929e+06
1.691e+06
1.6848e+06
1.6732e+06
1.6572e+06
1.6396e+06
1.6236e+06
1.6117e+06
1.604e+06
1.5987e+06
1.5933e+06
1.5855e+06
1.575e+06
1.5635e+06
1.554e+06
1.5498e+06
1.5524e+06
1.561e+06
1.5732e+06
1.5856e+06
1.5955e+06
1.6022e+06
1.6067e+06
1.6113e+06
1.618e+06
1.6272e+06
1.6377e+06
1.647e+06
1.6529e+06
1.6542e+06
1.6516e+06
1.6467e+06
1.6413e+06
1.6363e+06
1.6309e+06
1.6236e+06
1.6129e+06
1.5985e+06
1.582e+06
1.5659e+06
1.5528e+06
1.5441e+06
1.5392e+06
1.5361e+06
1.5324e+06
1.5265e+06
1.5186e+06
1.5107e+06
1.5052e+06
1.504e+06
1.5076e+06
1.5147e+06
1.5228e+06
1.5298e+06
1.535e+06
1.5391e+06
1.5437e+06
1.5503e+06
1.5589e+06
1.5679e+06
1.5748e+06
1.5776e+06
1.5757e+06
1.5706e+06
1.565e+06
1.5615e+06
1.5608e+06
1.5616e+06
1.5607e+06
1.5551e+06
1.5436e+06
1.527e+06
1.5085e+06
1.4919e+06
1.4798e+06
1.4725e+06
1.4681e+06
1.4636e+06
1.4569e+06
1.4477e+06
1.4376e+06
1.4294e+06
1.4254e+06
1.4264e+06
1.4309e+06
1.4365e+06
1.4407e+06
1.4425e+06
1.443e+06
1.4443e+06
1.4487e+06
1.457e+06
1.4676e+06
1.4777e+06
1.4846e+06
1.4869e+06
1.4853e+06
1.4822e+06
1.4801e+06
1.4799e+06
1.4806e+06
1.4797e+06
1.4746e+06
1.4645e+06
1.4506e+06
1.4359e+06
1.4235e+06
1.415e+06
1.4096e+06
1.4047e+06
1.3975e+06
1.3866e+06
1.3728e+06
1.3588e+06
1.3479e+06
1.3421e+06
1.341e+06
1.3422e+06
1.3427e+06
1.3402e+06
1.3348e+06
1.3289e+06
1.3256e+06
1.3274e+06
1.3348e+06
1.3459e+06
1.3573e+06
1.3661e+06
1.3714e+06
1.3743e+06
1.3773e+06
1.3827e+06
1.391e+06
1.4007e+06
1.4092e+06
1.4138e+06
1.4137e+06
1.4096e+06
1.4036e+06
1.3977e+06
1.3926e+06
1.3876e+06
1.3813e+06
1.3731e+06
1.3632e+06
1.3532e+06
1.3447e+06
1.3381e+06
1.3322e+06
1.3248e+06
1.314e+06
1.2994e+06
1.2827e+06
1.2671e+06
1.2558e+06
1.25e+06
1.2486e+06
1.2482e+06
1.2457e+06
1.2394e+06
1.2306e+06
1.2226e+06
1.2194e+06
1.2235e+06
1.2343e+06
1.2482e+06
1.2609e+06
1.2688e+06
1.2713e+06
1.2704e+06
1.2699e+06
1.2728e+06
1.2799e+06
1.2896e+06
1.2987e+06
1.3047e+06
1.3068e+06
1.3062e+06
1.3052e+06
1.3053e+06
1.306e+06
1.3055e+06
1.3017e+06
1.2938e+06
1.2829e+06
1.272e+06
1.2638e+06
1.2594e+06
1.2571e+06
1.2538e+06
1.2463e+06
1.2332e+06
1.2158e+06
1.1973e+06
1.1814e+06
1.1702e+06
1.1633e+06
1.1586e+06
1.1533e+06
1.1459e+06
1.1369e+06
1.1278e+06
1.1208e+06
1.117e+06
1.1159e+06
1.1163e+06
1.117e+06
1.1177e+06
1.1191e+06
1.1225e+06
1.1283e+06
1.1357e+06
1.143e+06
1.1485e+06
1.1516e+06
1.1537e+06
1.1572e+06
1.1642e+06
1.1751e+06
1.1878e+06
1.1988e+06
1.2051e+06
1.2058e+06
1.2028e+06
1.1996e+06
1.1996e+06
1.2039e+06
1.2106e+06
1.2159e+06
1.2164e+06
1.2107e+06
1.2004e+06
1.189e+06
1.1798e+06
1.1742e+06
1.1709e+06
1.1672e+06
1.1606e+06
1.1502e+06
1.1373e+06
1.1243e+06
1.1133e+06
1.1048e+06
1.0976e+06
1.0902e+06
1.0813e+06
1.0712e+06
1.0609e+06
1.0521e+06
1.0451e+06
1.0396e+06
1.0345e+06
1.0292e+06
1.0241e+06
1.0203e+06
1.0193e+06
1.0213e+06
1.025e+06
1.0283e+06
1.0294e+06
1.028e+06
1.0258e+06
1.0258e+06
1.0303e+06
1.0396e+06
1.0517e+06
1.063e+06
1.0708e+06
1.0746e+06
1.0761e+06
1.0786e+06
1.0846e+06
1.0941e+06
1.105e+06
1.114e+06
1.1188e+06
1.1197e+06
1.1188e+06
1.1188e+06
1.1215e+06
1.126e+06
1.1299e+06
1.131e+06
1.1285e+06
1.1239e+06
1.1199e+06
1.1182e+06
1.1185e+06
1.1181e+06
1.114e+06
1.1047e+06
1.0915e+06
1.0777e+06
1.0671e+06
1.0613e+06
1.0588e+06
1.056e+06
1.0492e+06
1.0373e+06
1.0217e+06
1.0062e+06
9.9424e+05
9.8719e+05
9.8369e+05
9.8072e+05
9.7569e+05
9.6782e+05
9.584e+05
9.4963e+05
9.4312e+05
9.3894e+05
9.3586e+05
9.3253e+05
9.2864e+05
9.2528e+05
9.2413e+05
9.261e+05
9.3039e+05
9.3483e+05
9.3716e+05
9.3661e+05
9.3457e+05
9.3397e+05
9.3754e+05
9.4599e+05
9.5736e+05
9.6816e+05
9.7543e+05
9.7847e+05
9.7921e+05
9.81e+05
9.8657e+05
9.9627e+05
1.008e+06
1.0187e+06
1.0263e+06
1.0311e+06
1.0352e+06
1.0407e+06
1.0487e+06
1.0578e+06
1.0658e+06
1.0709e+06
1.0731e+06
1.0741e+06
1.0761e+06
1.0798e+06
1.084e+06
1.0862e+06
1.0849e+06
1.0804e+06
1.0753e+06
1.073e+06
1.0751e+06
1.0803e+06
1.0848e+06
1.085e+06
1.0793e+06
1.0691e+06
1.0582e+06
1.0502e+06
1.0466e+06
1.0458e+06
1.0445e+06
1.0401e+06
1.0318e+06
1.0213e+06
1.0112e+06
1.0031e+06
9.9682e+05
9.9074e+05
9.8309e+05
9.7335e+05
9.6252e+05
9.5227e+05
9.436e+05
9.3619e+05
9.2869e+05
9.1993e+05
9.0991e+05
8.9993e+05
8.9167e+05
8.8592e+05
8.8187e+05
8.7762e+05
8.7152e+05
8.6335e+05
8.5457e+05
8.4741e+05
8.4333e+05
8.4202e+05
8.4155e+05
8.3973e+05
8.3567e+05
8.3044e+05
8.2645e+05
8.2591e+05
8.2929e+05
8.35e+05
8.4038e+05
8.4339e+05
8.4378e+05
8.4306e+05
8.4342e+05
8.4628e+05
8.5143e+05
8.5746e+05
8.6296e+05
8.6758e+05
8.7224e+05
8.7827e+05
8.8623e+05
8.9531e+05
9.0387e+05
9.1067e+05
9.1585e+05
9.2105e+05
9.2827e+05
9.384e+05
9.5038e+05
9.6173e+05
9.7007e+05
9.7465e+05
9.7684e+05
9.7933e+05
9.8453e+05
9.9313e+05
1.0039e+06
1.0144e+06
1.0231e+06
1.0294e+06
1.0343e+06
1.039e+06
1.0444e+06
1.0509e+06
1.058e+06
1.0653e+06
1.0727e+06
1.0796e+06
1.0853e+06
1.089e+06
1.0904e+06
1.0904e+06
1.0912e+06
1.0948e+06
1.102e+06
1.1112e+06
1.1189e+06
1.1218e+06
1.1189e+06
1.1122e+06
1.1058e+06
1.1037e+06
1.1074e+06
1.1149e+06
1.1225e+06
1.1267e+06
1.1264e+06
1.1231e+06
1.1194e+06
1.1169e+06
1.1158e+06
1.1148e+06
1.1128e+06
1.1098e+06
1.107e+06
1.1055e+06
1.1055e+06
1.1057e+06
1.1044e+06
1.101e+06
1.0965e+06
1.0924e+06
1.0897e+06
1.0877e+06
1.0846e+06
1.0787e+06
1.0704e+06
1.0618e+06
1.0558e+06
1.0534e+06
1.053e+06
1.0513e+06
1.0456e+06
1.0359e+06
1.0251e+06
1.0171e+06
1.014e+06
1.0141e+06
1.0134e+06
1.0083e+06
9.9781e+05
9.848e+05
9.7372e+05
9.6754e+05
9.6565e+05
9.6441e+05
9.5998e+05
9.5108e+05
9.3985e+05
9.3011e+05
9.244e+05
9.22e+05
9.1951e+05
9.1357e+05
9.0349e+05
8.9181e+05
8.8247e+05
8.7774e+05
8.7627e+05
8.7388e+05
8.6662e+05
8.5351e+05
8.3739e+05
8.2323e+05
8.1488e+05
8.1247e+05
8.1246e+05
8.1027e+05
8.0323e+05
7.9189e+05
7.7928e+05
7.6875e+05
7.6194e+05
7.5813e+05
7.5519e+05
7.5119e+05
7.4527e+05
7.3757e+05
7.2863e+05
7.1903e+05
7.0949e+05
7.0101e+05
6.9462e+05
6.9051e+05
6.8745e+05
6.8308e+05
6.7532e+05
6.6393e+05
6.511e+05
6.4048e+05
6.3471e+05
6.3341e+05
6.3312e+05
6.2966e+05
6.2086e+05
6.0805e+05
5.9522e+05
5.8633e+05
5.8251e+05
5.8128e+05
5.7868e+05
5.7227e+05
5.6285e+05
5.537e+05
5.4808e+05
5.4652e+05
5.4642e+05
5.4411e+05
5.3761e+05
5.28e+05
5.1846e+05
5.1182e+05
5.0828e+05
5.0537e+05
5.0012e+05
