1.409e+06
1.4248e+06
1.4384e+06
1.4534e+06
1.4722e+06
1.4945e+06
1.5167e+06
1.5355e+06
1.5504e+06
1.5645e+06
1.582e+06
1.6051e+06
1.6319e+06
1.658e+06
1.6798e+06
1.697e+06
1.7129e+06
1.7314e+06
1.754e+06
1.7779e+06
1.7987e+06
1.8136e+06
1.8239e+06
1.8347e+06
1.8513e+06
1.8759e+06
1.9054e+06
1.9345e+06
1.959e+06
1.979e+06
1.998e+06
2.0198e+06
2.0462e+06
2.0748e+06
2.1019e+06
2.1247e+06
2.1435e+06
2.1609e+06
2.1794e+06
2.1998e+06
2.2213e+06
2.2427e+06
2.2648e+06
2.2898e+06
2.3197e+06
2.3539e+06
2.3885e+06
2.4189e+06
2.4429e+06
2.4628e+06
2.4839e+06
2.5109e+06
2.5443e+06
2.5789e+06
2.6081e+06
2.6275e+06
2.6393e+06
2.6504e+06
2.669e+06
2.6986e+06
2.7363e+06
2.775e+06
2.8084e+06
2.835e+06
2.8583e+06
2.8837e+06
2.9138e+06
2.9468e+06
2.978e+06
3.0034e+06
3.0232e+06
3.0409e+06
3.0611e+06
3.0857e+06
3.1121e+06
3.1358e+06
3.1539e+06
3.1676e+06
3.1818e+06
3.2019e+06
3.2296e+06
3.262e+06
3.2929e+06
3.3171e+06
3.3335e+06
3.3449e+06
3.3561e+06
3.3707e+06
3.3894e+06
3.4101e+06
3.4308e+06
3.4507e+06
3.471e+06
3.4927e+06
3.5162e+06
3.5401e+06
3.5627e+06
3.5829e+06
3.6006e+06
3.6162e+06
3.6294e+06
3.6393e+06
3.6451e+06
3.6484e+06
3.6529e+06
3.6637e+06
3.6836e+06
3.7107e+06
3.7391e+06
3.7611e+06
3.7717e+06
3.7711e+06
3.7644e+06
3.7582e+06
3.7568e+06
3.7603e+06
3.7652e+06
3.7677e+06
3.7662e+06
3.7617e+06
3.7566e+06
3.7523e+06
3.748e+06
3.7419e+06
3.7334e+06
3.7242e+06
3.7173e+06
3.7152e+06
3.7167e+06
3.7175e+06
3.7124e+06
3.6984e+06
3.6764e+06
3.6509e+06
3.6266e+06
3.6058e+06
3.5874e+06
3.5688e+06
3.5486e+06
3.5289e+06
3.5135e+06
3.5052e+06
3.5028e+06
3.5005e+06
3.4916e+06
3.472e+06
3.4432e+06
3.4113e+06
3.3839e+06
3.3646e+06
3.3516e+06
3.3384e+06
3.3184e+06
3.2889e+06
3.2524e+06
3.2149e+06
3.1826e+06
3.1581e+06
3.1405e+06
3.1264e+06
3.1129e+06
3.0985e+06
3.0833e+06
3.0674e+06
3.0504e+06
3.0317e+06
3.0118e+06
2.9933e+06
2.9802e+06
2.9749e+06
2.9764e+06
2.9799e+06
2.979e+06
2.9699e+06
2.9537e+06
2.9371e+06
2.9281e+06
2.932e+06
2.9479e+06
2.9692e+06
2.9881e+06
3.0003e+06
3.0075e+06
3.0157e+06
3.0313e+06
3.0558e+06
3.0854e+06
3.113e+06
3.1332e+06
3.1458e+06
3.1557e+06
3.1695e+06
3.1907e+06
3.2171e+06
3.2429e+06
3.2631e+06
3.2782e+06
3.2943e+06
3.3197e+06
3.3585e+06
3.4066e+06
3.453e+06
3.4862e+06
3.5006e+06
3.5006e+06
3.4981e+06
3.5059e+06
3.5297e+06
3.5648e+06
3.5993e+06
3.6219e+06
3.6284e+06
3.6238e+06
3.6185e+06
3.6216e+06
3.6349e+06
3.6525e+06
3.6655e+06
3.6682e+06
3.6616e+06
3.6518e+06
3.6452e+06
3.6434e+06
3.642e+06
3.6344e+06
3.6166e+06
3.5913e+06
3.5664e+06
3.5503e+06
3.5455e+06
3.5464e+06
3.5425e+06
3.525e+06
3.4919e+06
3.4493e+06
3.4079e+06
3.3758e+06
3.3541e+06
3.3361e+06
3.3131e+06
3.2799e+06
3.2394e+06
3.2008e+06
3.174e+06
3.1635e+06
3.1645e+06
3.1665e+06
3.1589e+06
3.1368e+06
3.1037e+06
3.0684e+06
3.0408e+06
3.0259e+06
3.0226e+06
3.0252e+06
3.0284e+06
3.0297e+06
3.0305e+06
3.0334e+06
3.0391e+06
3.0455e+06
3.0491e+06
3.0484e+06
3.0463e+06
3.0494e+06
3.0646e+06
3.0937e+06
3.1312e+06
3.1659e+06
3.187e+06
3.1894e+06
3.1772e+06
3.1623e+06
3.1587e+06
3.1748e+06
3.2088e+06
3.2504e+06
3.2868e+06
3.3101e+06
3.3204e+06
3.3248e+06
3.3321e+06
3.3477e+06
3.3698e+06
3.3916e+06
3.4057e+06
3.4081e+06
3.4001e+06
3.3859e+06
3.3699e+06
3.3534e+06
3.3352e+06
3.3134e+06
3.2884e+06
3.2639e+06
3.2447e+06
3.2338e+06
3.2291e+06
3.2245e+06
3.2128e+06
3.1901e+06
3.158e+06
3.1228e+06
3.0917e+06
3.069e+06
3.053e+06
3.0376e+06
3.0163e+06
2.9861e+06
2.9494e+06
2.9132e+06
2.8849e+06
2.8689e+06
2.8644e+06
2.867e+06
2.8716e+06
2.876e+06
2.881e+06
2.8892e+06
2.9019e+06
2.9175e+06
2.9319e+06
2.9408e+06
2.9427e+06
2.9404e+06
2.9398e+06
2.947e+06
2.9641e+06
2.9882e+06
3.0133e+06
3.0339e+06
3.0488e+06
3.0619e+06
3.0796e+06
3.1065e+06
3.1413e+06
3.1767e+06
3.2025e+06
3.2119e+06
3.2045e+06
3.1878e+06
3.1731e+06
3.1694e+06
3.1786e+06
3.1939e+06
3.2042e+06
3.1998e+06
3.1776e+06
3.1418e+06
3.1019e+06
3.067e+06
3.042e+06
3.0252e+06
3.0115e+06
2.996e+06
2.9771e+06
2.9574e+06
2.9407e+06
2.9289e+06
2.9203e+06
2.9102e+06
2.8941e+06
2.8709e+06
2.8445e+06
2.8223e+06
2.8115e+06
2.8156e+06
2.8317e+06
2.8526e+06
2.8705e+06
2.8808e+06
2.8841e+06
2.8858e+06
2.8927e+06
2.909e+06
2.9345e+06
2.9642e+06
2.9917e+06
3.0124e+06
3.0259e+06
3.0352e+06
3.0452e+06
3.0593e+06
3.0781e+06
3.0988e+06
3.1181e+06
3.134e+06
3.1467e+06
3.1579e+06
3.1689e+06
3.1789e+06
3.185e+06
3.1836e+06
3.1731e+06
3.1548e+06
3.133e+06
3.1128e+06
3.0977e+06
3.0872e+06
3.0778e+06
3.0653e+06
3.0474e+06
3.0253e+06
3.0031e+06
2.9856e+06
2.9749e+06
2.9696e+06
2.9649e+06
2.9561e+06
2.9408e+06
2.9211e+06
2.9032e+06
2.8947e+06
2.9007e+06
2.9213e+06
2.9515e+06
2.9833e+06
3.0096e+06
3.027e+06
3.0371e+06
3.045e+06
3.0567e+06
3.076e+06
3.103e+06
3.1344e+06
3.1659e+06
3.1944e+06
3.2192e+06
3.2418e+06
3.2637e+06
3.2849e+06
3.3031e+06
3.3148e+06
3.317e+06
3.3091e+06
3.2939e+06
3.276e+06
3.2598e+06
3.2477e+06
3.2385e+06
3.2285e+06
3.2138e+06
3.1919e+06
3.1638e+06
3.1329e+06
3.1043e+06
3.0823e+06
3.0689e+06
3.0633e+06
3.0628e+06
3.0642e+06
3.0651e+06
3.0647e+06
3.0639e+06
3.0644e+06
3.0683e+06
3.0775e+06
3.0932e+06
3.1154e+06
3.1433e+06
3.1747e+06
3.2066e+06
3.2356e+06
3.259e+06
3.2753e+06
3.2854e+06
3.2919e+06
3.2985e+06
3.308e+06
3.3217e+06
3.3382e+06
3.354e+06
3.3657e+06
3.3708e+06
3.369e+06
3.362e+06
3.3522e+06
3.3411e+06
3.3287e+06
3.3135e+06
3.2936e+06
3.2685e+06
3.2397e+06
3.2108e+06
3.1865e+06
3.1705e+06
3.1638e+06
3.1646e+06
3.1692e+06
3.1736e+06
3.1758e+06
3.1766e+06
3.1794e+06
3.1886e+06
3.2074e+06
3.2359e+06
3.2708e+06
3.3064e+06
3.3365e+06
3.3574e+06
3.3687e+06
3.3737e+06
3.3777e+06
3.3855e+06
3.3998e+06
3.4192e+06
3.4393e+06
3.4541e+06
3.4586e+06
3.4505e+06
3.4306e+06
3.4027e+06
3.3716e+06
3.3421e+06
3.3169e+06
3.2966e+06
3.2799e+06
3.2647e+06
3.2491e+06
3.2327e+06
3.2166e+06
3.2027e+06
3.1934e+06
3.1904e+06
3.1939e+06
3.2029e+06
3.2153e+06
3.2293e+06
3.2436e+06
3.2584e+06
3.275e+06
3.295e+06
3.3193e+06
3.3473e+06
3.3765e+06
3.4034e+06
3.4246e+06
3.4379e+06
3.4432e+06
3.4425e+06
3.4384e+06
3.4333e+06
3.4276e+06
3.42e+06
3.4083e+06
3.3907e+06
3.3675e+06
3.3412e+06
3.316e+06
3.2961e+06
3.2835e+06
3.2778e+06
3.2754e+06
3.272e+06
3.2639e+06
3.2504e+06
3.234e+06
3.2198e+06
3.2139e+06
3.2207e+06
3.2415e+06
3.2732e+06
3.3103e+06
3.3464e+06
3.3765e+06
3.3986e+06
3.4132e+06
3.4227e+06
3.4298e+06
3.4357e+06
3.4403e+06
3.4427e+06
3.4422e+06
3.4392e+06
3.4354e+06
3.4326e+06
3.4315e+06
3.4311e+06
3.4283e+06
3.4197e+06
3.4031e+06
3.3787e+06
3.3497e+06
3.3211e+06
3.2983e+06
3.285e+06
3.2818e+06
3.2867e+06
3.2959e+06
3.3065e+06
3.3173e+06
3.33e+06
3.3477e+06
3.373e+06
3.4064e+06
3.4443e+06
3.4807e+06
3.5086e+06
3.5234e+06
3.5241e+06
3.5143e+06
3.5006e+06
3.4895e+06
3.4849e+06
3.486e+06
3.488e+06
3.4847e+06
3.4713e+06
3.4468e+06
3.4143e+06
3.3801e+06
3.3507e+06
3.3307e+06
3.3211e+06
3.3191e+06
3.3203e+06
3.3208e+06
3.3191e+06
3.3168e+06
3.318e+06
3.3273e+06
3.3475e+06
3.3777e+06
3.4138e+06
3.4495e+06
3.4787e+06
3.4978e+06
3.5064e+06
3.507e+06
3.5033e+06
3.4985e+06
3.4935e+06
3.4872e+06
3.4777e+06
3.4634e+06
3.4445e+06
3.4233e+06
3.4033e+06
3.3875e+06
3.3776e+06
3.3727e+06
3.3707e+06
3.3687e+06
3.3649e+06
3.3597e+06
3.3556e+06
3.3563e+06
3.3656e+06
3.3854e+06
3.4146e+06
3.4493e+06
3.4841e+06
3.5134e+06
3.5333e+06
3.5425e+06
3.542e+06
3.5344e+06
3.5227e+06
3.5092e+06
3.4948e+06
3.4797e+06
3.4636e+06
3.4463e+06
3.4283e+06
3.4103e+06
3.3933e+06
3.3781e+06
3.3653e+06
3.3556e+06
3.3498e+06
3.3492e+06
3.3553e+06
3.3692e+06
3.3911e+06
3.4197e+06
3.4521e+06
3.4846e+06
3.5136e+06
3.5366e+06
3.553e+06
3.5636e+06
3.5703e+06
3.5746e+06
3.5765e+06
3.5745e+06
3.5658e+06
3.5483e+06
3.5215e+06
3.4876e+06
3.4511e+06
3.4181e+06
3.3941e+06
3.3826e+06
3.3839e+06
3.3953e+06
3.4126e+06
3.4312e+06
3.4484e+06
3.4632e+06
3.4772e+06
3.4925e+06
3.5114e+06
3.5341e+06
3.5591e+06
3.5829e+06
3.6018e+06
3.6131e+06
3.6163e+06
3.6128e+06
3.6055e+06
3.5968e+06
3.5877e+06
3.5774e+06
3.5638e+06
3.5447e+06
3.5196e+06
3.4899e+06
3.4594e+06
3.4332e+06
3.4164e+06
3.4126e+06
3.4226e+06
3.4446e+06
3.4748e+06
3.5085e+06
3.542e+06
3.5728e+06
3.6001e+06
3.6238e+06
3.6443e+06
3.6611e+06
3.6726e+06
3.6769e+06
3.6727e+06
3.6597e+06
3.6392e+06
3.6142e+06
3.5879e+06
3.5634e+06
3.5424e+06
3.5255e+06
3.5122e+06
3.5023e+06
3.496e+06
3.4944e+06
3.4994e+06
3.5124e+06
3.5338e+06
3.5616e+06
3.5919e+06
3.6196e+06
3.6397e+06
3.6487e+06
3.6463e+06
3.6348e+06
3.6189e+06
3.6035e+06
3.5922e+06
3.5858e+06
3.5826e+06
3.579e+06
3.5718e+06
3.5594e+06
3.5425e+06
3.5243e+06
3.5091e+06
3.501e+06
3.5025e+06
3.5136e+06
3.532e+06
3.554e+06
3.5757e+06
3.5943e+06
3.609e+06
3.6206e+06
3.6306e+06
3.6402e+06
3.6488e+06
3.6545e+06
3.6541e+06
3.645e+06
3.6263e+06
3.5997e+06
3.5693e+06
3.5408e+06
3.5197e+06
3.5096e+06
3.5116e+06
3.5238e+06
3.5425e+06
3.5631e+06
3.5819e+06
3.5969e+06
3.6078e+06
3.6162e+06
3.6241e+06
3.6329e+06
3.6429e+06
3.6524e+06
3.6588e+06
3.6596e+06
3.6531e+06
3.6392e+06
3.6194e+06
3.5961e+06
3.5717e+06
3.5483e+06
3.5269e+06
3.508e+06
3.492e+06
3.4797e+06
3.4724e+06
3.4719e+06
3.4798e+06
3.4968e+06
3.5217e+06
3.5517e+06
3.582e+06
3.6078e+06
3.6248e+06
3.6307e+06
3.6259e+06
3.6127e+06
3.5946e+06
3.5751e+06
3.5564e+06
3.5389e+06
3.5218e+06
3.5039e+06
3.4847e+06
3.4654e+06
3.4486e+06
3.4385e+06
3.439e+06
3.4527e+06
3.4799e+06
3.5176e+06
3.5603e+06
3.6012e+06
3.6336e+06
3.6532e+06
3.6582e+06
3.65e+06
3.6321e+06
3.609e+06
3.5849e+06
3.5625e+06
3.5427e+06
3.5254e+06
3.5099e+06
3.4959e+06
3.4841e+06
3.4759e+06
3.4728e+06
3.4759e+06
3.4853e+06
3.4997e+06
3.5162e+06
3.5316e+06
3.5429e+06
3.5481e+06
3.5467e+06
3.5399e+06
3.5295e+06
3.5174e+06
3.505e+06
3.4924e+06
3.4792e+06
3.4649e+06
3.4493e+06
3.4335e+06
3.4197e+06
3.4104e+06
3.4082e+06
3.4145e+06
3.4293e+06
3.4504e+06
3.4741e+06
3.4961e+06
3.5124e+06
3.5206e+06
3.52e+06
3.5117e+06
3.4979e+06
3.4811e+06
3.463e+06
3.4443e+06
3.4248e+06
3.4042e+06
3.3825e+06
3.3608e+06
3.3416e+06
3.328e+06
3.3233e+06
3.3299e+06
3.3481e+06
3.3758e+06
3.4086e+06
3.4405e+06
3.4655e+06
3.4788e+06
3.4783e+06
3.4646e+06
3.441e+06
3.4124e+06
3.3844e+06
3.3612e+06
3.3454e+06
3.3377e+06
3.3372e+06
3.3419e+06
3.3499e+06
3.3596e+06
3.3699e+06
3.3802e+06
3.3903e+06
3.4e+06
3.4086e+06
3.4155e+06
3.4195e+06
3.4197e+06
3.4154e+06
3.4067e+06
3.3944e+06
3.3797e+06
3.3641e+06
3.3488e+06
3.3348e+06
3.3227e+06
3.313e+06
3.3057e+06
3.3013e+06
3.3002e+06
3.303e+06
3.3101e+06
3.3212e+06
3.3353e+06
3.35e+06
3.3623e+06
3.3689e+06
3.3668e+06
3.3546e+06
3.3328e+06
3.3037e+06
3.2711e+06
3.2395e+06
3.2132e+06
3.1952e+06
3.1869e+06
3.1878e+06
3.1962e+06
3.2093e+06
3.2241e+06
3.2377e+06
3.2484e+06
3.2548e+06
3.2566e+06
3.2533e+06
3.2451e+06
3.2317e+06
3.2133e+06
3.1904e+06
3.1644e+06
3.1375e+06
3.1124e+06
3.0921e+06
3.0792e+06
3.075e+06
3.0797e+06
3.0917e+06
3.1083e+06
3.1262e+06
3.1421e+06
3.1537e+06
3.1596e+06
3.1599e+06
3.1556e+06
3.1482e+06
3.139e+06
3.1289e+06
3.1184e+06
3.1074e+06
3.096e+06
3.0845e+06
3.0737e+06
3.0645e+06
3.058e+06
3.0551e+06
3.0558e+06
3.0592e+06
3.0634e+06
3.0659e+06
3.0639e+06
3.0554e+06
3.0397e+06
3.0177e+06
2.9918e+06
2.9656e+06
2.9426e+06
2.9258e+06
2.9169e+06
2.916e+06
2.9217e+06
2.9317e+06
2.9431e+06
2.9535e+06
2.9613e+06
2.9661e+06
2.9682e+06
2.9686e+06
2.9677e+06
2.9657e+06
2.9616e+06
2.9543e+06
2.9427e+06
2.9267e+06
2.9076e+06
2.8878e+06
2.8706e+06
2.8597e+06
2.8576e+06
2.8658e+06
2.8834e+06
2.9076e+06
2.9339e+06
2.9574e+06
2.9733e+06
2.9785e+06
2.9723e+06
2.9559e+06
2.9328e+06
2.9073e+06
2.8839e+06
2.8659e+06
2.8553e+06
2.8523e+06
2.8558e+06
2.8637e+06
2.8737e+06
2.8839e+06
2.8928e+06
2.9001e+06
2.9059e+06
2.9104e+06
2.9133e+06
2.9139e+06
2.9108e+06
2.9026e+06
2.8884e+06
2.8686e+06
2.8451e+06
2.8208e+06
2.7993e+06
2.7841e+06
2.7775e+06
2.7804e+06
2.7918e+06
2.8087e+06
2.8271e+06
2.8425e+06
2.8514e+06
2.8514e+06
2.8424e+06
2.826e+06
2.8055e+06
2.7846e+06
2.7669e+06
2.7548e+06
2.7494e+06
2.7503e+06
2.7559e+06
2.7641e+06
2.7725e+06
2.7795e+06
2.7841e+06
2.786e+06
2.7857e+06
2.7837e+06
2.7802e+06
2.775e+06
2.7674e+06
2.757e+06
2.7438e+06
2.7286e+06
2.7133e+06
2.6999e+06
2.691e+06
2.6885e+06
2.6932e+06
2.7046e+06
2.7206e+06
2.7377e+06
2.7519e+06
2.7596e+06
2.7582e+06
2.7473e+06
2.7284e+06
2.7052e+06
2.6823e+06
2.6645e+06
2.6553e+06
2.6568e+06
2.6684e+06
2.6874e+06
2.7095e+06
2.7298e+06
2.7438e+06
2.7486e+06
2.7432e+06
2.7288e+06
2.7087e+06
2.6868e+06
2.6673e+06
2.6532e+06
2.6463e+06
2.6464e+06
2.6524e+06
2.662e+06
2.6729e+06
2.6829e+06
2.6908e+06
2.6958e+06
2.6984e+06
2.6991e+06
2.6987e+06
2.6974e+06
2.6949e+06
2.6903e+06
2.683e+06
2.6726e+06
2.6597e+06
2.6457e+06
2.6326e+06
2.6225e+06
2.6173e+06
2.6182e+06
2.6252e+06
2.6366e+06
2.6497e+06
2.6609e+06
2.6666e+06
2.6642e+06
2.6526e+06
2.633e+06
2.6084e+06
2.5827e+06
2.5607e+06
2.5463e+06
2.5419e+06
2.548e+06
2.5629e+06
2.5831e+06
2.604e+06
2.6209e+06
2.6303e+06
2.6302e+06
2.6208e+06
2.6043e+06
2.5843e+06
2.5649e+06
2.55e+06
2.542e+06
2.5421e+06
2.5494e+06
2.5616e+06
2.5755e+06
2.588e+06
2.5964e+06
2.5993e+06
2.5965e+06
2.5894e+06
2.5801e+06
2.5708e+06
2.5635e+06
2.5596e+06
2.5594e+06
2.5625e+06
2.5678e+06
2.574e+06
2.5799e+06
2.5844e+06
2.5871e+06
2.588e+06
2.5878e+06
2.5872e+06
2.5869e+06
2.5871e+06
2.5877e+06
2.5882e+06
2.5883e+06
2.5877e+06
2.5866e+06
2.5853e+06
2.5842e+06
2.5838e+06
2.5846e+06
2.5864e+06
2.5892e+06
2.592e+06
2.5938e+06
2.5932e+06
2.5894e+06
2.5823e+06
2.5725e+06
2.5616e+06
2.5517e+06
2.545e+06
2.5431e+06
2.5471e+06
2.5565e+06
2.57e+06
2.5852e+06
2.599e+06
2.6086e+06
2.6118e+06
2.6074e+06
2.5961e+06
2.5798e+06
2.5615e+06
2.5445e+06
2.5319e+06
2.5257e+06
2.5265e+06
2.5334e+06
2.5439e+06
2.555e+06
2.5634e+06
2.5665e+06
2.5628e+06
2.5523e+06
2.5366e+06
2.5184e+06
2.5011e+06
2.488e+06
2.4814e+06
2.4823e+06
2.4899e+06
2.5021e+06
2.5157e+06
2.5272e+06
2.5335e+06
2.5327e+06
2.5243e+06
2.5097e+06
2.4916e+06
2.4732e+06
2.4581e+06
2.449e+06
2.4475e+06
2.4534e+06
2.4652e+06
2.4802e+06
2.4948e+06
2.5057e+06
2.5104e+06
2.5075e+06
2.4972e+06
2.4815e+06
2.4629e+06
2.445e+06
2.4305e+06
2.4219e+06
2.4198e+06
2.424e+06
2.4326e+06
2.443e+06
2.4523e+06
2.4579e+06
2.4579e+06
2.4518e+06
2.4404e+06
2.4255e+06
2.4097e+06
2.3956e+06
2.3856e+06
2.3808e+06
2.3815e+06
2.3867e+06
2.3944e+06
2.4023e+06
2.4078e+06
2.4091e+06
2.4052e+06
2.3963e+06
2.3838e+06
2.3696e+06
2.3563e+06
2.3461e+06
2.3409e+06
2.3414e+06
2.3473e+06
2.3572e+06
2.369e+06
2.3805e+06
2.3896e+06
2.3949e+06
2.396e+06
2.3935e+06
2.3886e+06
2.383e+06
2.3787e+06
2.3771e+06
2.3793e+06
2.3854e+06
2.3945e+06
2.405e+06
2.4149e+06
2.4224e+06
2.4261e+06
2.4257e+06
2.4219e+06
2.4161e+06
2.4102e+06
2.4062e+06
2.4056e+06
2.4095e+06
2.4179e+06
2.43e+06
2.444e+06
2.4578e+06
2.469e+06
2.4761e+06
2.4781e+06
2.4754e+06
2.4692e+06
2.4612e+06
2.4538e+06
2.4486e+06
2.447e+06
2.4495e+06
2.4554e+06
2.4631e+06
2.4703e+06
2.4746e+06
2.4742e+06
2.4684e+06
2.4575e+06
2.4434e+06
2.4285e+06
2.4155e+06
2.4069e+06
2.4041e+06
2.4078e+06
2.4169e+06
2.4294e+06
2.4424e+06
2.4527e+06
2.4575e+06
2.4551e+06
2.4453e+06
2.4297e+06
2.4111e+06
2.3928e+06
2.3783e+06
2.3703e+06
2.37e+06
2.3772e+06
2.3898e+06
2.4048e+06
2.4185e+06
2.4274e+06
2.4292e+06
2.4232e+06
2.4103e+06
2.3934e+06
2.3761e+06
2.3625e+06
2.3557e+06
2.3579e+06
2.369e+06
2.3875e+06
2.4099e+06
2.4321e+06
2.4502e+06
2.461e+06
2.463e+06
2.4565e+06
2.4437e+06
2.428e+06
2.4135e+06
2.4038e+06
2.4016e+06
2.4076e+06
2.4212e+06
2.4397e+06
2.4599e+06
2.478e+06
2.4911e+06
2.4974e+06
2.4966e+06
2.4901e+06
2.4802e+06
2.47e+06
2.462e+06
2.4582e+06
2.4592e+06
2.4645e+06
2.4724e+06
2.4807e+06
2.487e+06
2.4892e+06
2.4865e+06
2.4788e+06
2.4674e+06
2.4542e+06
2.4411e+06
2.4299e+06
2.4215e+06
2.4159e+06
2.4124e+06
2.41e+06
2.4076e+06
2.4041e+06
2.3992e+06
2.393e+06
2.3861e+06
2.3796e+06
2.3747e+06
2.3719e+06
2.3714e+06
2.3727e+06
2.3746e+06
2.3763e+06
2.3769e+06
2.3763e+06
2.3749e+06
2.3738e+06
2.3743e+06
2.3775e+06
2.3842e+06
2.3942e+06
2.4065e+06
2.4189e+06
2.4287e+06
2.4334e+06
2.4313e+06
2.4221e+06
2.4071e+06
2.389e+06
2.3711e+06
2.3571e+06
2.3498e+06
2.3509e+06
2.3601e+06
2.3757e+06
2.3944e+06
2.4123e+06
2.4258e+06
2.4324e+06
2.431e+06
2.4226e+06
2.4094e+06
2.3949e+06
2.3824e+06
2.3748e+06
2.3735e+06
2.3785e+06
2.3882e+06
2.4001e+06
2.4114e+06
2.4195e+06
2.4229e+06
2.4216e+06
2.4164e+06
2.4094e+06
2.4029e+06
2.3986e+06
2.3974e+06
2.3992e+06
2.4028e+06
2.4064e+06
2.4084e+06
2.4075e+06
2.4032e+06
2.3961e+06
2.3875e+06
2.3791e+06
2.3726e+06
2.3688e+06
2.3678e+06
2.3688e+06
2.3703e+06
2.3709e+06
2.3697e+06
2.3668e+06
2.363e+06
2.3599e+06
2.3593e+06
2.3627e+06
2.3709e+06
2.3831e+06
2.3978e+06
2.4121e+06
2.4231e+06
2.4284e+06
2.4266e+06
2.418e+06
2.4044e+06
2.3891e+06
2.3755e+06
2.3669e+06
2.3651e+06
2.3703e+06
2.381e+06
2.3943e+06
2.4065e+06
2.4143e+06
2.4155e+06
2.4093e+06
2.3966e+06
2.3797e+06
2.3615e+06
2.3449e+06
2.3319e+06
2.3232e+06
2.3185e+06
2.3166e+06
2.3158e+06
2.315e+06
2.3136e+06
2.3117e+06
2.3104e+06
2.3111e+06
2.3147e+06
2.3217e+06
2.3311e+06
2.341e+06
2.349e+06
2.3529e+06
2.3515e+06
2.3454e+06
2.3364e+06
2.3275e+06
2.3221e+06
2.3231e+06
2.3319e+06
2.3479e+06
2.3687e+06
2.39e+06
2.4074e+06
2.4167e+06
2.4156e+06
2.4038e+06
2.3836e+06
2.3589e+06
2.3345e+06
2.3148e+06
2.3028e+06
2.2993e+06
2.3032e+06
2.3117e+06
2.3216e+06
2.3297e+06
2.3339e+06
2.3336e+06
2.3298e+06
2.3245e+06
2.3201e+06
2.3184e+06
2.3196e+06
2.3227e+06
2.3256e+06
2.3258e+06
2.3221e+06
2.3142e+06
2.3037e+06
2.2934e+06
2.2865e+06
2.2858e+06
2.2926e+06
2.3066e+06
2.3253e+06
2.3449e+06
2.361e+06
2.3699e+06
2.3695e+06
2.3598e+06
2.3431e+06
2.3228e+06
2.3031e+06
2.2874e+06
2.2775e+06
2.2737e+06
2.2744e+06
2.2775e+06
2.2807e+06
2.2824e+06
2.2821e+06
2.2804e+06
2.2789e+06
2.2795e+06
2.2836e+06
2.2914e+06
2.3014e+06
2.3113e+06
2.318e+06
2.3193e+06
2.3143e+06
2.3039e+06
2.2902e+06
2.2766e+06
2.2662e+06
2.2613e+06
2.2626e+06
2.2691e+06
2.2786e+06
2.288e+06
2.2948e+06
2.2974e+06
2.2954e+06
2.2901e+06
2.2832e+06
2.2765e+06
2.2711e+06
2.2669e+06
2.2629e+06
2.2576e+06
2.2498e+06
2.2391e+06
2.2266e+06
2.2141e+06
2.2044e+06
2.2002e+06
2.2032e+06
2.2134e+06
2.229e+06
2.2466e+06
2.262e+06
2.2716e+06
2.2732e+06
2.2667e+06
2.2538e+06
2.2379e+06
2.2229e+06
2.2119e+06
2.2069e+06
2.208e+06
2.2136e+06
2.2215e+06
2.2293e+06
2.2354e+06
2.2392e+06
2.2412e+06
2.2425e+06
2.2441e+06
2.2461e+06
2.2477e+06
2.2472e+06
2.2426e+06
2.2325e+06
2.2169e+06
2.1973e+06
2.1766e+06
2.1583e+06
2.1456e+06
2.1406e+06
2.1433e+06
2.1518e+06
2.1628e+06
2.1725e+06
2.1779e+06
2.1773e+06
2.171e+06
2.1609e+06
2.1499e+06
2.1407e+06
2.1349e+06
2.1321e+06
2.1308e+06
2.1286e+06
2.1236e+06
2.115e+06
2.1037e+06
2.0921e+06
2.0832e+06
2.0798e+06
2.0836e+06
2.0942e+06
2.1095e+06
2.1257e+06
2.1389e+06
2.146e+06
2.1454e+06
2.1377e+06
2.1254e+06
2.1117e+06
2.0995e+06
2.0907e+06
2.0853e+06
2.0819e+06
2.0786e+06
2.0737e+06
2.0665e+06
2.0579e+06
2.0496e+06
2.0442e+06
2.0435e+06
2.048e+06
2.0565e+06
2.0662e+06
2.0736e+06
2.0754e+06
2.07e+06
2.0577e+06
2.0407e+06
2.0227e+06
2.0072e+06
1.997e+06
1.9929e+06
1.9938e+06
1.9973e+06
2.0008e+06
2.0021e+06
2.0007e+06
1.9974e+06
1.9938e+06
1.9924e+06
1.9945e+06
2.0004e+06
2.0087e+06
2.0168e+06
2.0216e+06
2.0209e+06
2.014e+06
2.0016e+06
1.9861e+06
1.9703e+06
1.9566e+06
1.9463e+06
1.9393e+06
1.9346e+06
1.9307e+06
1.9265e+06
1.922e+06
1.9178e+06
1.9155e+06
1.9164e+06
1.921e+06
1.9285e+06
1.9369e+06
1.9434e+06
1.9452e+06
1.9408e+06
1.9304e+06
1.9157e+06
1.8996e+06
1.8851e+06
1.8743e+06
1.8678e+06
1.8648e+06
1.8637e+06
1.8626e+06
1.8607e+06
1.8581e+06
1.8562e+06
1.8568e+06
1.8614e+06
1.8704e+06
1.8822e+06
1.8943e+06
1.9031e+06
1.906e+06
1.9017e+06
1.891e+06
1.8764e+06
1.8612e+06
1.8482e+06
1.8388e+06
1.8324e+06
1.8273e+06
1.8208e+06
1.8114e+06
1.799e+06
1.7853e+06
1.7735e+06
1.7672e+06
1.7691e+06
1.7795e+06
1.7965e+06
1.8156e+06
1.832e+06
1.8412e+06
1.8414e+06
1.8331e+06
1.8194e+06
1.8046e+06
1.7928e+06
1.7863e+06
1.7845e+06
1.7852e+06
1.7848e+06
1.7809e+06
1.7722e+06
1.7601e+06
1.7472e+06
1.7372e+06
1.733e+06
1.7355e+06
1.7436e+06
1.7544e+06
1.7641e+06
1.7698e+06
1.7701e+06
1.7655e+06
1.7582e+06
1.7508e+06
1.745e+06
1.7412e+06
1.7381e+06
1.7336e+06
1.7256e+06
1.7136e+06
1.6987e+06
1.6833e+06
1.6709e+06
1.664e+06
1.6637e+06
1.6691e+06
1.6774e+06
1.6853e+06
1.6901e+06
1.6903e+06
1.6867e+06
1.6812e+06
1.6765e+06
1.6747e+06
1.6758e+06
1.6785e+06
1.6798e+06
1.6773e+06
1.6694e+06
1.6565e+06
1.6409e+06
1.6257e+06
1.614e+06
1.6075e+06
1.6057e+06
1.6069e+06
1.6084e+06
1.6081e+06
1.6049e+06
1.5997e+06
1.5945e+06
1.5919e+06
1.5937e+06
1.6002e+06
1.6097e+06
1.6193e+06
1.6258e+06
1.627e+06
1.6224e+06
1.6133e+06
1.6019e+06
1.5905e+06
1.5803e+06
1.5715e+06
1.5631e+06
1.5537e+06
1.5429e+06
1.5311e+06
1.5203e+06
1.5127e+06
1.5105e+06
1.5144e+06
1.5234e+06
1.5347e+06
1.5452e+06
1.5523e+06
1.5547e+06
1.553e+06
1.5493e+06
1.546e+06
1.5451e+06
1.5465e+06
1.5486e+06
1.5486e+06
1.5441e+06
1.5338e+06
1.5187e+06
1.501e+06
1.4841e+06
1.471e+06
1.4632e+06
1.4603e+06
1.4605e+06
1.4615e+06
1.4615e+06
1.4599e+06
1.4576e+06
1.4562e+06
1.4575e+06
1.4622e+06
1.4699e+06
1.4785e+06
1.4857e+06
1.4894e+06
1.4888e+06
1.4845e+06
1.478e+06
1.4711e+06
1.4648e+06
1.4588e+06
1.452e+06
1.443e+06
1.4313e+06
1.4175e+06
1.4034e+06
1.3915e+06
1.3838e+06
1.3813e+06
1.3834e+06
1.388e+06
1.3929e+06
1.3961e+06
1.3971e+06
1.3968e+06
1.3973e+06
1.4005e+06
1.4071e+06
1.4162e+06
1.4254e+06
1.4316e+06
1.4326e+06
1.4274e+06
1.417e+06
1.4038e+06
1.3905e+06
1.3788e+06
1.3691e+06
1.3603e+06
1.3511e+06
1.3403e+06
1.3283e+06
1.3164e+06
1.3071e+06
1.3023e+06
1.3031e+06
1.3085e+06
1.3164e+06
1.3241e+06
1.3295e+06
1.3319e+06
1.3324e+06
1.3329e+06
1.3356e+06
1.3411e+06
1.3484e+06
1.3551e+06
1.3581e+06
1.3556e+06
1.3473e+06
1.335e+06
1.3217e+06
1.3102e+06
1.3018e+06
1.296e+06
1.2908e+06
1.2838e+06
1.2738e+06
1.2612e+06
1.2483e+06
1.2382e+06
1.2336e+06
1.2356e+06
1.2431e+06
1.2532e+06
1.2625e+06
1.2685e+06
1.2704e+06
1.2696e+06
1.2687e+06
1.2702e+06
1.2754e+06
1.2833e+06
1.2911e+06
1.2956e+06
1.2947e+06
1.288e+06
1.2773e+06
1.2655e+06
1.255e+06
1.2472e+06
1.2414e+06
1.2358e+06
1.2284e+06
1.2186e+06
1.207e+06
1.1958e+06
1.1876e+06
1.184e+06
1.1853e+06
1.1897e+06
1.1945e+06
1.1975e+06
1.1978e+06
1.1961e+06
1.1947e+06
1.1962e+06
1.2019e+06
1.2114e+06
1.2223e+06
1.2311e+06
1.2353e+06
1.2338e+06
1.2276e+06
1.2195e+06
1.2119e+06
1.2066e+06
1.203e+06
1.1995e+06
1.1938e+06
1.1843e+06
1.1715e+06
1.1572e+06
1.1439e+06
1.134e+06
1.1283e+06
1.1262e+06
1.1261e+06
1.1261e+06
1.1256e+06
1.1251e+06
1.1261e+06
1.1302e+06
1.1379e+06
1.1481e+06
1.1582e+06
1.1655e+06
1.1681e+06
1.1658e+06
1.1603e+06
1.1547e+06
1.1517e+06
1.1522e+06
1.1555e+06
1.1587e+06
1.159e+06
1.1547e+06
1.1459e+06
1.1341e+06
1.122e+06
1.1115e+06
1.1035e+06
1.0971e+06
1.091e+06
1.084e+06
1.0758e+06
1.0678e+06
1.0617e+06
1.059e+06
1.0604e+06
1.0648e+06
1.0705e+06
1.0755e+06
1.0789e+06
1.0811e+06
1.0835e+06
1.0878e+06
1.0949e+06
1.1039e+06
1.113e+06
1.1198e+06
1.1225e+06
1.1211e+06
1.117e+06
1.1123e+06
1.1088e+06
1.1069e+06
1.1054e+06
1.1021e+06
1.0956e+06
1.0855e+06
1.0733e+06
1.0613e+06
1.052e+06
1.0463e+06
1.0436e+06
1.0419e+06
1.0389e+06
1.0334e+06
1.0259e+06
1.018e+06
1.0122e+06
1.0105e+06
1.0131e+06
1.0189e+06
1.0256e+06
1.0314e+06
1.0355e+06
1.0383e+06
1.0413e+06
1.0456e+06
1.0513e+06
1.0572e+06
1.0612e+06
1.0617e+06
1.0585e+06
1.0529e+06
1.0471e+06
1.0434e+06
1.0425e+06
1.0433e+06
1.0435e+06
1.0406e+06
1.0336e+06
1.0232e+06
1.0115e+06
1.0011e+06
9.9355e+05
9.8886e+05
9.855e+05
9.8151e+05
9.7572e+05
9.6851e+05
9.6167e+05
9.5761e+05
9.5799e+05
9.6281e+05
9.7029e+05
9.7777e+05
9.83e+05
9.8521e+05
9.8542e+05
9.8585e+05
9.887e+05
9.9485e+05
1.0034e+06
1.012e+06
1.0183e+06
1.021e+06
1.0206e+06
1.0187e+06
1.0173e+06
1.0173e+06
1.018e+06
1.0176e+06
1.0144e+06
1.0074e+06
9.9755e+05
9.8682e+05
9.7733e+05
9.702e+05
9.6498e+05
9.6008e+05
9.5384e+05
9.4562e+05
9.3631e+05
9.2793e+05
9.2261e+05
9.2138e+05
9.2359e+05
9.2718e+05
9.2977e+05
9.2986e+05
9.2746e+05
9.241e+05
9.22e+05
9.2299e+05
9.2761e+05
9.3501e+05
9.4355e+05
9.518e+05
9.5924e+05
9.6618e+05
9.7321e+05
9.8041e+05
9.8696e+05
9.9146e+05
9.9278e+05
9.9087e+05
9.8708e+05
9.8353e+05
9.8196e+05
9.8261e+05
9.8394e+05
9.834e+05
9.7891e+05
9.7004e+05
9.5835e+05
9.4671e+05
9.3774e+05
9.3237e+05
9.293e+05
9.2588e+05
9.1966e+05
9.0985e+05
8.979e+05
8.8684e+05
8.7972e+05
8.7799e+05
8.8061e+05
8.8467e+05
8.8703e+05
8.8589e+05
8.8175e+05
8.7708e+05
8.7505e+05
8.7786e+05
8.8548e+05
8.9575e+05
9.0565e+05
9.1291e+05
9.1709e+05
9.1956e+05
9.2244e+05
9.2725e+05
9.3388e+05
9.4074e+05
9.4582e+05
9.4805e+05
9.4793e+05
9.4723e+05
9.4778e+05
9.5015e+05
9.531e+05
9.5423e+05
9.5139e+05
9.4402e+05
9.3359e+05
9.2292e+05
9.147e+05
9.0994e+05
9.075e+05
9.0478e+05
8.9934e+05
8.9025e+05
8.7855e+05
8.666e+05
8.5684e+05
8.5042e+05
8.4674e+05
8.4405e+05
8.4058e+05
8.3565e+05
8.2994e+05
8.2502e+05
8.2238e+05
8.2255e+05
8.2493e+05
8.2828e+05
8.3158e+05
8.3462e+05
8.3794e+05
8.4228e+05
8.4785e+05
8.54e+05
8.5961e+05
8.639e+05
8.6711e+05
8.7056e+05
8.7593e+05
8.8409e+05
8.9423e+05
9.0405e+05
9.1091e+05
9.1326e+05
9.1156e+05
9.0815e+05
9.0604e+05
9.0711e+05
9.1108e+05
9.1559e+05
9.1773e+05
9.1568e+05
9.0966e+05
9.0169e+05
8.9427e+05
8.8885e+05
8.8511e+05
8.8132e+05
8.7576e+05
8.6795e+05
8.5902e+05
8.5087e+05
8.4486e+05
8.4062e+05
8.362e+05
8.2923e+05
8.1855e+05
8.0516e+05
7.9211e+05
7.8301e+05
7.8011e+05
7.829e+05
7.8842e+05
7.929e+05
7.9375e+05
7.9065e+05
7.8547e+05
7.8109e+05
7.7971e+05
7.8177e+05
7.8598e+05
7.9053e+05
7.9448e+05
7.9836e+05
8.0372e+05
8.1178e+05
8.2222e+05
8.3299e+05
8.4137e+05
8.4555e+05
8.4578e+05
8.4446e+05
8.4485e+05
8.4924e+05
8.5749e+05
8.6722e+05
8.7533e+05
8.7986e+05
8.81e+05
8.8075e+05
8.8146e+05
8.842e+05
8.8807e+05
8.909e+05
8.9077e+05
8.8733e+05
8.8198e+05
8.7684e+05
8.7333e+05
8.7109e+05
8.6838e+05
8.6334e+05
8.5541e+05
8.4586e+05
8.3699e+05
8.3059e+05
8.2659e+05
8.2301e+05
8.1724e+05
8.0771e+05
7.9504e+05
7.818e+05
7.7105e+05
7.6455e+05
7.617e+05
7.6004e+05
7.5694e+05
7.512e+05
7.4365e+05
7.3646e+05
7.316e+05
7.295e+05
7.2881e+05
7.2738e+05
7.2384e+05
7.1858e+05
7.1365e+05
7.1155e+05
7.136e+05
7.1909e+05
7.2567e+05
7.3083e+05
7.3331e+05
7.337e+05
7.3379e+05
7.3535e+05
7.3897e+05
7.4382e+05
7.4855e+05
7.5251e+05
7.5633e+05
7.6151e+05
7.6906e+05
7.7841e+05
7.8739e+05
7.9347e+05
7.9546e+05
7.9458e+05
7.9402e+05
7.9719e+05
8.0551e+05
8.1724e+05
8.2857e+05
8.3584e+05
8.3769e+05
8.3565e+05
8.331e+05
8.3304e+05
8.3619e+05
8.4067e+05
8.4358e+05
8.4303e+05
8.3948e+05
8.3526e+05
8.3283e+05
8.3294e+05
8.3408e+05
8.3367e+05
8.3e+05
8.2358e+05
8.168e+05
8.1228e+05
8.1074e+05
8.1034e+05
8.0785e+05
8.009e+05
7.8981e+05
7.7764e+05
7.6848e+05
7.6473e+05
7.6534e+05
7.6644e+05
7.6378e+05
7.5533e+05
7.4244e+05
7.2891e+05
7.1872e+05
7.1349e+05
7.1157e+05
7.094e+05
7.04e+05
6.9477e+05
6.8375e+05
6.7417e+05
6.6833e+05
6.661e+05
6.6521e+05
6.6283e+05
6.5744e+05
6.4955e+05
6.412e+05
6.3468e+05
6.3116e+05
6.3031e+05
6.3095e+05
6.32e+05
6.3306e+05
6.3425e+05
6.355e+05
6.3628e+05
6.3579e+05
6.3377e+05
6.3109e+05
6.2959e+05
6.3109e+05
6.3608e+05
6.4316e+05
6.4976e+05
6.5375e+05
6.5483e+05
6.5475e+05
6.5627e+05
6.6126e+05
6.6933e+05
6.7802e+05
6.8451e+05
6.875e+05
6.882e+05
6.8954e+05
6.9425e+05
7.0287e+05
7.1328e+05
7.2214e+05
7.2714e+05
7.2845e+05
7.2863e+05
7.309e+05
7.3696e+05
7.4578e+05
7.5438e+05
7.5988e+05
7.6138e+05
7.6045e+05
7.6007e+05
7.6279e+05
7.6916e+05
7.776e+05
7.8558e+05
7.9116e+05
7.9374e+05
7.939e+05
7.927e+05
7.9115e+05
7.9007e+05
7.9034e+05
7.9286e+05
7.9797e+05
8.0484e+05
8.113e+05
8.1477e+05
8.1369e+05
8.0863e+05
8.0229e+05
7.9811e+05
7.982e+05
8.0196e+05
8.0664e+05
8.0925e+05
8.0857e+05
8.0576e+05
8.0328e+05
8.0285e+05
8.0402e+05
8.0448e+05
8.019e+05
7.9582e+05
7.883e+05
7.8256e+05
7.8075e+05
7.8223e+05
7.8397e+05
7.8276e+05
7.7745e+05
7.6979e+05
7.6315e+05
7.6012e+05
7.6054e+05
7.6165e+05
7.6017e+05
7.5462e+05
7.463e+05
7.3831e+05
7.3336e+05
7.3183e+05
7.3169e+05
7.3017e+05
7.2575e+05
7.19e+05
7.1183e+05
7.0589e+05
7.0131e+05
6.9687e+05
6.9134e+05
6.847e+05
6.782e+05
6.7325e+05
6.6999e+05
6.6692e+05
6.6198e+05
6.5426e+05
6.4499e+05
6.3689e+05
6.322e+05
6.3083e+05
6.3022e+05
6.271e+05
6.1987e+05
6.0975e+05
6.0004e+05
5.9376e+05
5.9144e+05
5.9065e+05
5.8794e+05
5.8132e+05
5.7163e+05
5.6183e+05
5.5484e+05
5.5132e+05
5.4929e+05
5.4584e+05
5.3943e+05
5.3097e+05
5.2309e+05
5.1803e+05
5.1579e+05
5.1413e+05
5.103e+05
5.0309e+05
4.9366e+05
4.8466e+05
4.7826e+05
4.7466e+05
4.7214e+05
4.6861e+05
4.632e+05
4.5667e+05
4.5045e+05
4.4532e+05
4.4066e+05
4.3526e+05
4.2861e+05
4.2167e+05
4.1625e+05
4.1342e+05
4.1228e+05
4.1031e+05
4.0518e+05
3.9661e+05
3.8678e+05
3.791e+05
3.7571e+05
3.757e+05
3.7578e+05
3.7276e+05
3.6588e+05
3.5731e+05
3.5064e+05
3.4817e+05
3.4903e+05
3.4992e+05
3.477e+05
3.4167e+05
3.3393e+05
3.2776e+05
3.2505e+05
3.2467e+05
3.2351e+05
3.1896e+05
