2.4248e+06
2.4563e+06
2.4716e+06
2.4761e+06
2.4808e+06
2.4951e+06
2.5212e+06
2.5547e+06
2.5897e+06
2.6233e+06
2.6567e+06
2.6921e+06
2.7283e+06
2.7608e+06
2.7847e+06
2.7997e+06
2.8114e+06
2.8279e+06
2.8541e+06
2.8873e+06
2.919e+06
2.9422e+06
2.957e+06
2.9726e+06
3.0004e+06
3.0457e+06
3.1018e+06
3.154e+06
3.1888e+06
3.2035e+06
3.208e+06
3.2188e+06
3.2486e+06
3.2973e+06
3.3534e+06
3.4027e+06
3.4382e+06
3.4639e+06
3.4901e+06
3.5246e+06
3.5658e+06
3.6042e+06
3.6296e+06
3.6399e+06
3.6441e+06
3.6567e+06
3.6886e+06
3.7395e+06
3.7984e+06
3.8514e+06
3.8907e+06
3.9182e+06
3.9428e+06
3.973e+06
4.0106e+06
4.0509e+06
4.0867e+06
4.1144e+06
4.1362e+06
4.1582e+06
4.185e+06
4.2174e+06
4.2524e+06
4.287e+06
4.321e+06
4.356e+06
4.3925e+06
4.4277e+06
4.4557e+06
4.4725e+06
4.48e+06
4.4875e+06
4.5067e+06
4.5448e+06
4.5984e+06
4.655e+06
4.7007e+06
4.7279e+06
4.7396e+06
4.7464e+06
4.7592e+06
4.7821e+06
4.8106e+06
4.8367e+06
4.8551e+06
4.8679e+06
4.882e+06
4.9042e+06
4.9351e+06
4.9686e+06
4.9966e+06
5.0144e+06
5.0243e+06
5.0327e+06
5.0459e+06
5.0646e+06
5.0843e+06
5.0993e+06
5.1071e+06
5.1108e+06
5.1163e+06
5.1273e+06
5.1423e+06
5.155e+06
5.1597e+06
5.1552e+06
5.1464e+06
5.1408e+06
5.1431e+06
5.1518e+06
5.1602e+06
5.1617e+06
5.1543e+06
5.1415e+06
5.13e+06
5.1243e+06
5.1238e+06
5.1241e+06
5.1202e+06
5.1113e+06
5.1002e+06
5.091e+06
5.0851e+06
5.0795e+06
5.0689e+06
5.0504e+06
5.0259e+06
5.0009e+06
4.9808e+06
4.966e+06
4.9517e+06
4.9308e+06
4.8998e+06
4.8618e+06
4.8251e+06
4.7971e+06
4.7785e+06
4.7621e+06
4.7369e+06
4.6963e+06
4.6425e+06
4.5869e+06
4.543e+06
4.5186e+06
4.5107e+06
4.5077e+06
4.4967e+06
4.471e+06
4.4326e+06
4.3895e+06
4.3489e+06
4.3133e+06
4.2797e+06
4.244e+06
4.206e+06
4.1705e+06
4.1446e+06
4.1317e+06
4.1275e+06
4.1213e+06
4.102e+06
4.0644e+06
4.013e+06
3.9601e+06
3.9189e+06
3.8969e+06
3.8914e+06
3.8927e+06
3.8897e+06
3.8766e+06
3.8543e+06
3.8293e+06
3.8084e+06
3.7954e+06
3.7898e+06
3.7889e+06
3.7904e+06
3.794e+06
3.8008e+06
3.8112e+06
3.8233e+06
3.8338e+06
3.8399e+06
3.8411e+06
3.8404e+06
3.8427e+06
3.8523e+06
3.8711e+06
3.8985e+06
3.9325e+06
3.9713e+06
4.0131e+06
4.0558e+06
4.0954e+06
4.127e+06
4.1469e+06
4.1553e+06
4.1575e+06
4.1624e+06
4.1779e+06
4.2064e+06
4.2428e+06
4.2774e+06
4.3021e+06
4.3149e+06
4.3214e+06
4.3314e+06
4.3523e+06
4.3843e+06
4.4196e+06
4.4474e+06
4.4607e+06
4.46e+06
4.4531e+06
4.45e+06
4.4568e+06
4.4722e+06
4.489e+06
4.4999e+06
4.5014e+06
4.4961e+06
4.4894e+06
4.4849e+06
4.4813e+06
4.4732e+06
4.4553e+06
4.4265e+06
4.3918e+06
4.3596e+06
4.3364e+06
4.3231e+06
4.3143e+06
4.3022e+06
4.282e+06
4.2544e+06
4.2249e+06
4.1995e+06
4.1797e+06
4.1618e+06
4.1387e+06
4.1055e+06
4.0628e+06
4.0172e+06
3.9776e+06
3.9502e+06
3.9347e+06
3.9253e+06
3.9146e+06
3.8988e+06
3.8795e+06
3.8619e+06
3.8513e+06
3.8487e+06
3.85e+06
3.849e+06
3.8416e+06
3.8288e+06
3.8164e+06
3.8118e+06
3.8188e+06
3.8357e+06
3.856e+06
3.8732e+06
3.8844e+06
3.8925e+06
3.9038e+06
3.9237e+06
3.9527e+06
3.986e+06
4.0167e+06
4.0401e+06
4.0574e+06
4.0745e+06
4.098e+06
4.1301e+06
4.1666e+06
4.1992e+06
4.2209e+06
4.2306e+06
4.2349e+06
4.2442e+06
4.2664e+06
4.3014e+06
4.3403e+06
4.3702e+06
4.3815e+06
4.373e+06
4.3519e+06
4.3301e+06
4.3169e+06
4.3145e+06
4.3174e+06
4.3169e+06
4.3068e+06
4.2869e+06
4.2622e+06
4.2389e+06
4.2202e+06
4.2039e+06
4.1848e+06
4.1581e+06
4.1233e+06
4.0843e+06
4.0473e+06
4.0166e+06
3.9926e+06
3.9719e+06
3.9505e+06
3.9272e+06
3.9045e+06
3.8871e+06
3.8782e+06
3.8769e+06
3.878e+06
3.8752e+06
3.8652e+06
3.8503e+06
3.8376e+06
3.8356e+06
3.8485e+06
3.8736e+06
3.9026e+06
3.926e+06
3.9387e+06
3.9426e+06
3.9462e+06
3.9588e+06
3.9854e+06
4.0234e+06
4.0637e+06
4.0964e+06
4.1168e+06
4.1278e+06
4.1384e+06
4.1584e+06
4.192e+06
4.235e+06
4.277e+06
4.3068e+06
4.3184e+06
4.3133e+06
4.2991e+06
4.2845e+06
4.2752e+06
4.2709e+06
4.2674e+06
4.2598e+06
4.2466e+06
4.2296e+06
4.2125e+06
4.1972e+06
4.1826e+06
4.1648e+06
4.1406e+06
4.1103e+06
4.0783e+06
4.0508e+06
4.0323e+06
4.022e+06
4.0145e+06
4.0022e+06
3.9806e+06
3.9505e+06
3.9186e+06
3.8934e+06
3.8807e+06
3.8799e+06
3.8846e+06
3.8865e+06
3.8809e+06
3.8699e+06
3.862e+06
3.8677e+06
3.8931e+06
3.9358e+06
3.9848e+06
4.0266e+06
4.0516e+06
4.059e+06
4.0572e+06
4.0598e+06
4.0779e+06
4.1143e+06
4.1617e+06
4.207e+06
4.2384e+06
4.2513e+06
4.2496e+06
4.2432e+06
4.2413e+06
4.248e+06
4.2598e+06
4.2688e+06
4.2679e+06
4.2551e+06
4.2346e+06
4.2138e+06
4.1989e+06
4.1904e+06
4.1832e+06
4.1694e+06
4.1432e+06
4.1041e+06
4.0579e+06
4.0136e+06
3.9794e+06
3.9587e+06
3.9494e+06
3.9458e+06
3.9419e+06
3.9348e+06
3.9253e+06
3.9173e+06
3.9145e+06
3.9189e+06
3.9298e+06
3.9449e+06
3.9618e+06
3.9799e+06
3.9997e+06
4.0225e+06
4.0485e+06
4.0762e+06
4.1034e+06
4.1283e+06
4.1511e+06
4.174e+06
4.1993e+06
4.2279e+06
4.2567e+06
4.2804e+06
4.2928e+06
4.2908e+06
4.2759e+06
4.2547e+06
4.2352e+06
4.2238e+06
4.2212e+06
4.2228e+06
4.221e+06
4.2097e+06
4.187e+06
4.1566e+06
4.1252e+06
4.099e+06
4.0807e+06
4.0681e+06
4.0561e+06
4.0402e+06
4.0196e+06
3.9981e+06
3.9825e+06
3.9791e+06
3.9905e+06
4.0138e+06
4.0422e+06
4.0685e+06
4.0881e+06
4.1014e+06
4.1129e+06
4.1283e+06
4.1514e+06
4.1819e+06
4.2153e+06
4.2462e+06
4.2705e+06
4.2881e+06
4.3018e+06
4.3158e+06
4.3322e+06
4.3495e+06
4.363e+06
4.3677e+06
4.361e+06
4.3445e+06
4.3232e+06
4.3029e+06
4.2871e+06
4.275e+06
4.2622e+06
4.2432e+06
4.2149e+06
4.1782e+06
4.1382e+06
4.1018e+06
4.0746e+06
4.0587e+06
4.0526e+06
4.0525e+06
4.0551e+06
4.0596e+06
4.0674e+06
4.081e+06
4.1014e+06
4.1269e+06
4.1531e+06
4.1753e+06
4.1907e+06
4.2008e+06
4.2111e+06
4.228e+06
4.2559e+06
4.2935e+06
4.3338e+06
4.367e+06
4.3848e+06
4.384e+06
4.3678e+06
4.3444e+06
4.3226e+06
4.3077e+06
4.2989e+06
4.2908e+06
4.2766e+06
4.2524e+06
4.2195e+06
4.1841e+06
4.1539e+06
4.1346e+06
4.1267e+06
4.1257e+06
4.1251e+06
4.1198e+06
4.1096e+06
4.0989e+06
4.0955e+06
4.1059e+06
4.1322e+06
4.1705e+06
4.2127e+06
4.2504e+06
4.2786e+06
4.298e+06
4.3138e+06
4.3326e+06
4.3578e+06
4.3877e+06
4.4152e+06
4.4319e+06
4.4326e+06
4.4183e+06
4.3963e+06
4.3774e+06
4.3699e+06
4.3757e+06
4.389e+06
4.3989e+06
4.395e+06
4.3722e+06
4.3329e+06
4.2865e+06
4.2447e+06
4.2172e+06
4.2076e+06
4.2125e+06
4.224e+06
4.2346e+06
4.2402e+06
4.2422e+06
4.2458e+06
4.2571e+06
4.279e+06
4.3097e+06
4.343e+06
4.3716e+06
4.3908e+06
4.4007e+06
4.4067e+06
4.416e+06
4.4337e+06
4.4593e+06
4.4866e+06
4.5059e+06
4.5088e+06
4.4919e+06
4.4584e+06
4.4169e+06
4.3773e+06
4.3474e+06
4.3292e+06
4.3194e+06
4.3123e+06
4.3031e+06
4.291e+06
4.2794e+06
4.274e+06
4.2799e+06
4.2983e+06
4.3255e+06
4.3548e+06
4.3788e+06
4.3935e+06
4.3998e+06
4.4032e+06
4.4115e+06
4.4306e+06
4.4618e+06
4.5002e+06
4.5371e+06
4.5638e+06
4.575e+06
4.571e+06
4.5566e+06
4.5389e+06
4.5234e+06
4.5118e+06
4.5019e+06
4.4893e+06
4.4707e+06
4.4455e+06
4.417e+06
4.3906e+06
4.3715e+06
4.3621e+06
4.3618e+06
4.3669e+06
4.3736e+06
4.3796e+06
4.3859e+06
4.3962e+06
4.4146e+06
4.4438e+06
4.4822e+06
4.5242e+06
4.5621e+06
4.5888e+06
4.6014e+06
4.6016e+06
4.5955e+06
4.59e+06
4.5898e+06
4.5948e+06
4.6e+06
4.5982e+06
4.5833e+06
4.5534e+06
4.5118e+06
4.466e+06
4.4247e+06
4.3945e+06
4.3776e+06
4.3718e+06
4.3721e+06
4.3736e+06
4.3738e+06
4.3736e+06
4.3766e+06
4.3869e+06
4.4066e+06
4.4341e+06
4.465e+06
4.4934e+06
4.5147e+06
4.5275e+06
4.5342e+06
4.5388e+06
4.5452e+06
4.5536e+06
4.5607e+06
4.5605e+06
4.5475e+06
4.5196e+06
4.4798e+06
4.4357e+06
4.3972e+06
4.3724e+06
4.3648e+06
4.3716e+06
4.3854e+06
4.3977e+06
4.4023e+06
4.3981e+06
4.3893e+06
4.3844e+06
4.392e+06
4.4173e+06
4.4593e+06
4.5105e+06
4.5596e+06
4.5955e+06
4.6116e+06
4.6068e+06
4.5861e+06
4.5575e+06
4.529e+06
4.5053e+06
4.4866e+06
4.4697e+06
4.4507e+06
4.4268e+06
4.3986e+06
4.3692e+06
4.3431e+06
4.3239e+06
4.313e+06
4.3088e+06
4.3084e+06
4.3088e+06
4.3092e+06
4.311e+06
4.318e+06
4.3337e+06
4.3598e+06
4.394e+06
4.4306e+06
4.4618e+06
4.4812e+06
4.4853e+06
4.4755e+06
4.457e+06
4.4362e+06
4.4184e+06
4.4057e+06
4.3959e+06
4.385e+06
4.3689e+06
4.3465e+06
4.3201e+06
4.2956e+06
4.2802e+06
4.2797e+06
4.2963e+06
4.3275e+06
4.3669e+06
4.4065e+06
4.4398e+06
4.4638e+06
4.4791e+06
4.4897e+06
4.4997e+06
4.5115e+06
4.5238e+06
4.5318e+06
4.5296e+06
4.513e+06
4.4814e+06
4.4389e+06
4.3934e+06
4.3535e+06
4.3261e+06
4.3135e+06
4.3136e+06
4.3205e+06
4.3278e+06
4.3307e+06
4.3283e+06
4.3232e+06
4.321e+06
4.3271e+06
4.3449e+06
4.3735e+06
4.4078e+06
4.4399e+06
4.4623e+06
4.4701e+06
4.4622e+06
4.4414e+06
4.4129e+06
4.3822e+06
4.353e+06
4.3266e+06
4.3024e+06
4.2792e+06
4.2567e+06
4.2364e+06
4.2212e+06
4.2147e+06
4.2192e+06
4.2346e+06
4.2581e+06
4.2847e+06
4.309e+06
4.3266e+06
4.3356e+06
4.3372e+06
4.3345e+06
4.3312e+06
4.3296e+06
4.3295e+06
4.3284e+06
4.3226e+06
4.3093e+06
4.2881e+06
4.2615e+06
4.2343e+06
4.212e+06
4.1989e+06
4.1967e+06
4.2041e+06
4.2177e+06
4.2332e+06
4.2475e+06
4.2595e+06
4.2702e+06
4.2822e+06
4.2982e+06
4.3186e+06
4.3413e+06
4.3616e+06
4.3741e+06
4.3742e+06
4.3604e+06
4.3351e+06
4.3037e+06
4.273e+06
4.2489e+06
4.2344e+06
4.229e+06
4.2296e+06
4.2315e+06
4.2314e+06
4.2279e+06
4.2224e+06
4.2185e+06
4.2204e+06
4.2308e+06
4.2495e+06
4.2731e+06
4.2954e+06
4.31e+06
4.3121e+06
4.3003e+06
4.2769e+06
4.2471e+06
4.2168e+06
4.1904e+06
4.1697e+06
4.1535e+06
4.1387e+06
4.1223e+06
4.1031e+06
4.0823e+06
4.0635e+06
4.0517e+06
4.0511e+06
4.0634e+06
4.087e+06
4.1163e+06
4.1442e+06
4.1633e+06
4.1692e+06
4.161e+06
4.1417e+06
4.1167e+06
4.092e+06
4.0712e+06
4.0553e+06
4.0421e+06
4.028e+06
4.0104e+06
3.9886e+06
3.9649e+06
3.9441e+06
3.9321e+06
3.9332e+06
3.9491e+06
3.9769e+06
4.0104e+06
4.0411e+06
4.0612e+06
4.0657e+06
4.0539e+06
4.0292e+06
3.9982e+06
3.9679e+06
3.9433e+06
3.926e+06
3.914e+06
3.9032e+06
3.8894e+06
3.8707e+06
3.8479e+06
3.8247e+06
3.8067e+06
3.7992e+06
3.8053e+06
3.8245e+06
3.8525e+06
3.8822e+06
3.906e+06
3.9179e+06
3.9151e+06
3.8988e+06
3.8733e+06
3.8445e+06
3.8179e+06
3.7967e+06
3.7813e+06
3.7703e+06
3.7613e+06
3.7524e+06
3.7436e+06
3.7365e+06
3.7339e+06
3.7384e+06
3.7515e+06
3.7719e+06
3.7965e+06
3.82e+06
3.8372e+06
3.8446e+06
3.8409e+06
3.828e+06
3.8098e+06
3.7908e+06
3.7745e+06
3.7621e+06
3.7526e+06
3.7435e+06
3.7322e+06
3.7177e+06
3.7011e+06
3.6856e+06
3.6759e+06
3.677e+06
3.6915e+06
3.719e+06
3.7551e+06
3.7922e+06
3.8218e+06
3.8366e+06
3.8327e+06
3.8106e+06
3.7752e+06
3.7341e+06
3.6955e+06
3.6656e+06
3.6477e+06
3.6409e+06
3.6416e+06
3.6452e+06
3.6477e+06
3.6469e+06
3.6433e+06
3.6395e+06
3.6391e+06
3.6451e+06
3.6583e+06
3.6766e+06
3.6952e+06
3.7082e+06
3.7103e+06
3.6991e+06
3.6755e+06
3.6436e+06
3.6099e+06
3.5809e+06
3.5619e+06
3.5554e+06
3.5602e+06
3.5729e+06
3.5883e+06
3.6017e+06
3.6096e+06
3.611e+06
3.6073e+06
3.601e+06
3.5948e+06
3.59e+06
3.5862e+06
3.5815e+06
3.573e+06
3.559e+06
3.5393e+06
3.516e+06
3.4931e+06
3.475e+06
3.4661e+06
3.4683e+06
3.4814e+06
3.5021e+06
3.5256e+06
3.5466e+06
3.5606e+06
3.5657e+06
3.5627e+06
3.5546e+06
3.5455e+06
3.5391e+06
3.5375e+06
3.5402e+06
3.5451e+06
3.5492e+06
3.55e+06
3.5461e+06
3.5382e+06
3.5289e+06
3.5219e+06
3.5209e+06
3.5283e+06
3.5442e+06
3.5656e+06
3.5874e+06
3.6033e+06
3.6082e+06
3.5992e+06
3.577e+06
3.5456e+06
3.5111e+06
3.4806e+06
3.4601e+06
3.453e+06
3.4597e+06
3.4777e+06
3.5022e+06
3.5279e+06
3.5502e+06
3.5661e+06
3.5748e+06
3.5774e+06
3.5757e+06
3.5717e+06
3.5661e+06
3.5586e+06
3.5478e+06
3.5325e+06
3.5123e+06
3.4882e+06
3.4631e+06
3.4407e+06
3.4248e+06
3.4184e+06
3.4227e+06
3.436e+06
3.4545e+06
3.4727e+06
3.4848e+06
3.4865e+06
3.4758e+06
3.4539e+06
3.4247e+06
3.3939e+06
3.3674e+06
3.3498e+06
3.3432e+06
3.3474e+06
3.3593e+06
3.3748e+06
3.3898e+06
3.4008e+06
3.4062e+06
3.4064e+06
3.4033e+06
3.3993e+06
3.3966e+06
3.3956e+06
3.3953e+06
3.3934e+06
3.3876e+06
3.3765e+06
3.3607e+06
3.3426e+06
3.3261e+06
3.3153e+06
3.3141e+06
3.3239e+06
3.344e+06
3.3707e+06
3.3982e+06
3.4201e+06
3.4308e+06
3.4271e+06
3.4088e+06
3.379e+06
3.3433e+06
3.3085e+06
3.2808e+06
3.2644e+06
3.261e+06
3.2688e+06
3.2844e+06
3.3027e+06
3.3194e+06
3.3311e+06
3.3367e+06
3.3374e+06
3.3356e+06
3.3344e+06
3.3361e+06
3.3412e+06
3.3485e+06
3.3554e+06
3.3589e+06
3.3571e+06
3.3493e+06
3.3368e+06
3.3221e+06
3.3087e+06
3.3001e+06
3.2988e+06
3.3053e+06
3.318e+06
3.3331e+06
3.346e+06
3.3519e+06
3.3478e+06
3.3333e+06
3.3105e+06
3.2837e+06
3.2583e+06
3.2395e+06
3.2309e+06
3.2338e+06
3.2468e+06
3.2662e+06
3.2868e+06
3.3036e+06
3.3127e+06
3.3119e+06
3.3016e+06
3.2842e+06
3.2635e+06
3.2433e+06
3.2268e+06
3.2159e+06
3.2109e+06
3.2107e+06
3.2137e+06
3.2181e+06
3.2227e+06
3.2269e+06
3.2309e+06
3.2356e+06
3.2417e+06
3.2494e+06
3.2578e+06
3.2653e+06
3.2697e+06
3.2691e+06
3.2625e+06
3.2507e+06
3.2356e+06
3.2203e+06
3.2082e+06
3.2024e+06
3.2045e+06
3.2144e+06
3.2297e+06
3.2465e+06
3.2601e+06
3.2662e+06
3.262e+06
3.2471e+06
3.2235e+06
3.1954e+06
3.1684e+06
3.148e+06
3.1383e+06
3.1414e+06
3.1562e+06
3.1795e+06
3.2059e+06
3.2293e+06
3.2447e+06
3.2488e+06
3.2408e+06
3.2227e+06
3.1987e+06
3.1739e+06
3.1534e+06
3.1409e+06
3.1382e+06
3.1447e+06
3.158e+06
3.1742e+06
3.1891e+06
3.1994e+06
3.203e+06
3.1997e+06
3.1911e+06
3.1803e+06
3.1703e+06
3.1638e+06
3.1623e+06
3.1657e+06
3.1729e+06
3.1823e+06
3.1921e+06
3.2007e+06
3.2072e+06
3.2114e+06
3.2139e+06
3.2155e+06
3.2174e+06
3.2204e+06
3.2243e+06
3.2285e+06
3.2314e+06
3.232e+06
3.2294e+06
3.2239e+06
3.2167e+06
3.2095e+06
3.2045e+06
3.2037e+06
3.2083e+06
3.2183e+06
3.2322e+06
3.2473e+06
3.2599e+06
3.267e+06
3.2662e+06
3.2572e+06
3.2418e+06
3.2234e+06
3.2064e+06
3.1954e+06
3.1939e+06
3.2035e+06
3.2237e+06
3.2514e+06
3.2819e+06
3.3096e+06
3.3293e+06
3.3375e+06
3.3329e+06
3.3174e+06
3.2948e+06
3.2708e+06
3.2512e+06
3.2409e+06
3.2425e+06
3.256e+06
3.2787e+06
3.3058e+06
3.3312e+06
3.3495e+06
3.3563e+06
3.3502e+06
3.3323e+06
3.3063e+06
3.2778e+06
3.2528e+06
3.2365e+06
3.2323e+06
3.2408e+06
3.26e+06
3.2858e+06
3.3129e+06
3.3357e+06
3.35e+06
3.3537e+06
3.3471e+06
3.333e+06
3.3159e+06
3.3008e+06
3.2922e+06
3.293e+06
3.3039e+06
3.3232e+06
3.3475e+06
3.372e+06
3.3919e+06
3.4032e+06
3.4039e+06
3.3944e+06
3.3772e+06
3.357e+06
3.3387e+06
3.3271e+06
3.3254e+06
3.3347e+06
3.3538e+06
3.3797e+06
3.4081e+06
3.4341e+06
3.4536e+06
3.4638e+06
3.464e+06
3.4556e+06
3.4418e+06
3.4269e+06
3.4153e+06
3.4102e+06
3.4135e+06
3.425e+06
3.4429e+06
3.4643e+06
3.4851e+06
3.5018e+06
3.5115e+06
3.5126e+06
3.5057e+06
3.4929e+06
3.4774e+06
3.4628e+06
3.452e+06
3.4468e+06
3.4477e+06
3.4537e+06
3.4627e+06
3.4718e+06
3.4783e+06
3.4797e+06
3.4748e+06
3.4638e+06
3.4484e+06
3.4315e+06
3.4162e+06
3.4055e+06
3.4009e+06
3.4032e+06
3.4114e+06
3.4237e+06
3.4375e+06
3.4498e+06
3.4579e+06
3.4602e+06
3.4562e+06
3.447e+06
3.4351e+06
3.4237e+06
3.4158e+06
3.4136e+06
3.4182e+06
3.429e+06
3.4444e+06
3.4615e+06
3.4769e+06
3.4873e+06
3.4902e+06
3.4846e+06
3.4712e+06
3.4528e+06
3.433e+06
3.4162e+06
3.406e+06
3.4045e+06
3.4122e+06
3.4276e+06
3.4474e+06
3.4673e+06
3.4826e+06
3.4891e+06
3.4842e+06
3.4676e+06
3.4413e+06
3.4096e+06
3.3782e+06
3.3526e+06
3.3376e+06
3.3356e+06
3.3468e+06
3.3689e+06
3.3972e+06
3.426e+06
3.4494e+06
3.4623e+06
3.4619e+06
3.4481e+06
3.4237e+06
3.3939e+06
3.3648e+06
3.3427e+06
3.3325e+06
3.3368e+06
3.3552e+06
3.3844e+06
3.4192e+06
3.453e+06
3.4798e+06
3.4949e+06
3.4963e+06
3.485e+06
3.4645e+06
3.4404e+06
3.4189e+06
3.4057e+06
3.4045e+06
3.4163e+06
3.4392e+06
3.4691e+06
3.5002e+06
3.5266e+06
3.5434e+06
3.548e+06
3.5404e+06
3.5233e+06
3.5016e+06
3.481e+06
3.4667e+06
3.4627e+06
3.4703e+06
3.4884e+06
3.5135e+06
3.5405e+06
3.5641e+06
3.5797e+06
3.5846e+06
3.5786e+06
3.5638e+06
3.5442e+06
3.5247e+06
3.5098e+06
3.503e+06
3.5056e+06
3.5168e+06
3.5339e+06
3.5529e+06
3.5693e+06
3.5796e+06
3.5817e+06
3.5755e+06
3.5627e+06
3.5468e+06
3.5314e+06
3.5199e+06
3.5147e+06
3.5166e+06
3.5249e+06
3.5376e+06
3.5523e+06
3.5661e+06
3.5767e+06
3.5827e+06
3.584e+06
3.5815e+06
3.5766e+06
3.571e+06
3.5657e+06
3.5608e+06
3.5561e+06
3.5508e+06
3.5447e+06
3.5379e+06
3.531e+06
3.5252e+06
3.5216e+06
3.5214e+06
3.5252e+06
3.5327e+06
3.5425e+06
3.5521e+06
3.5581e+06
3.5575e+06
3.5485e+06
3.5311e+06
3.5072e+06
3.4807e+06
3.4566e+06
3.4396e+06
3.4333e+06
3.4395e+06
3.4573e+06
3.4834e+06
3.5129e+06
3.5399e+06
3.5589e+06
3.5665e+06
3.5617e+06
3.5464e+06
3.525e+06
3.5034e+06
3.4875e+06
3.4822e+06
3.4897e+06
3.5095e+06
3.5386e+06
3.5717e+06
3.603e+06
3.6272e+06
3.6407e+06
3.6424e+06
3.6338e+06
3.6183e+06
3.6004e+06
3.5846e+06
3.574e+06
3.57e+06
3.572e+06
3.578e+06
3.5852e+06
3.591e+06
3.5934e+06
3.5916e+06
3.5863e+06
3.5791e+06
3.572e+06
3.5665e+06
3.5634e+06
3.5622e+06
3.5614e+06
3.5594e+06
3.5552e+06
3.5487e+06
3.5407e+06
3.5334e+06
3.5291e+06
3.5302e+06
3.5382e+06
3.5529e+06
3.5724e+06
3.5931e+06
3.6107e+06
3.6209e+06
3.6212e+06
3.6113e+06
3.5933e+06
3.5717e+06
3.5519e+06
3.5392e+06
3.5373e+06
3.5479e+06
3.5693e+06
3.5978e+06
3.6279e+06
3.6537e+06
3.6706e+06
3.6759e+06
3.6698e+06
3.6547e+06
3.6347e+06
3.6147e+06
3.5984e+06
3.5883e+06
3.585e+06
3.5874e+06
3.5936e+06
3.6015e+06
3.6093e+06
3.6161e+06
3.6222e+06
3.6283e+06
3.6355e+06
3.6445e+06
3.6547e+06
3.6644e+06
3.6711e+06
3.6722e+06
3.6664e+06
3.6538e+06
3.6367e+06
3.619e+06
3.6053e+06
3.5999e+06
3.6056e+06
3.6227e+06
3.6489e+06
3.6791e+06
3.707e+06
3.7264e+06
3.7327e+06
3.7241e+06
3.702e+06
3.6706e+06
3.6359e+06
3.6045e+06
3.5814e+06
3.5696e+06
3.5694e+06
3.5787e+06
3.5937e+06
3.6104e+06
3.6254e+06
3.6367e+06
3.6439e+06
3.6481e+06
3.6509e+06
3.6536e+06
3.6564e+06
3.6582e+06
3.657e+06
3.6509e+06
3.6389e+06
3.6216e+06
3.6014e+06
3.5819e+06
3.5672e+06
3.5605e+06
3.5638e+06
3.5762e+06
3.5946e+06
3.6141e+06
3.6292e+06
3.6352e+06
3.6294e+06
3.6123e+06
3.5869e+06
3.558e+06
3.5312e+06
3.5113e+06
3.501e+06
3.5007e+06
3.5086e+06
3.5215e+06
3.5358e+06
3.5487e+06
3.5585e+06
3.5654e+06
3.5705e+06
3.5755e+06
3.5814e+06
3.5879e+06
3.5931e+06
3.5941e+06
3.5883e+06
3.5744e+06
3.5532e+06
3.5278e+06
3.5029e+06
3.484e+06
3.4754e+06
3.4793e+06
3.4952e+06
3.5196e+06
3.5469e+06
3.5709e+06
3.5864e+06
3.5904e+06
3.5827e+06
3.5658e+06
3.544e+06
3.522e+06
3.5033e+06
3.4894e+06
3.4801e+06
3.4736e+06
3.4678e+06
3.4612e+06
3.4538e+06
3.4469e+06
3.4427e+06
3.4437e+06
3.451e+06
3.4641e+06
3.4801e+06
3.4942e+06
3.5014e+06
3.4977e+06
3.4816e+06
3.4548e+06
3.4217e+06
3.3887e+06
3.3625e+06
3.3482e+06
3.3481e+06
3.3611e+06
3.3836e+06
3.41e+06
3.435e+06
3.4544e+06
3.4666e+06
3.4723e+06
3.474e+06
3.4749e+06
3.4771e+06
3.4808e+06
3.4843e+06
3.4845e+06
3.4787e+06
3.4655e+06
3.4461e+06
3.4237e+06
3.4033e+06
3.3902e+06
3.388e+06
3.3981e+06
3.4188e+06
3.4458e+06
3.4732e+06
3.4957e+06
3.5095e+06
3.5134e+06
3.5089e+06
3.4993e+06
3.4883e+06
3.4786e+06
3.4707e+06
3.4635e+06
3.4547e+06
3.4425e+06
3.4263e+06
3.4079e+06
3.3906e+06
3.379e+06
3.3773e+06
3.3879e+06
3.4103e+06
3.4407e+06
3.4729e+06
3.5e+06
3.516e+06
3.518e+06
3.5061e+06
3.4839e+06
3.4567e+06
3.4303e+06
3.4087e+06
3.3933e+06
3.3835e+06
3.3767e+06
3.3704e+06
3.3633e+06
3.3556e+06
3.3493e+06
3.3476e+06
3.3531e+06
3.3669e+06
3.3875e+06
3.4109e+06
3.4315e+06
3.4439e+06
3.4446e+06
3.4329e+06
3.4116e+06
3.3858e+06
3.3615e+06
3.3434e+06
3.3342e+06
3.3334e+06
3.3385e+06
3.3459e+06
3.3525e+06
3.357e+06
3.3597e+06
3.363e+06
3.3696e+06
3.3814e+06
3.3984e+06
3.4178e+06
3.4352e+06
3.4455e+06
3.445e+06
3.4325e+06
3.4099e+06
3.382e+06
3.3543e+06
3.3322e+06
3.319e+06
3.3149e+06
3.3182e+06
3.3255e+06
3.3338e+06
3.3411e+06
3.3473e+06
3.354e+06
3.3634e+06
3.3769e+06
3.3943e+06
3.413e+06
3.4286e+06
3.4363e+06
3.4326e+06
3.4167e+06
3.3908e+06
3.3594e+06
3.3284e+06
3.3027e+06
3.2854e+06
3.2764e+06
3.2735e+06
3.2735e+06
3.2733e+06
3.2714e+06
3.2685e+06
3.2664e+06
3.268e+06
3.2752e+06
3.2879e+06
3.3037e+06
3.3185e+06
3.3276e+06
3.3276e+06
3.3174e+06
3.2986e+06
3.2751e+06
3.2511e+06
3.2305e+06
3.215e+06
3.2043e+06
3.1965e+06
3.1894e+06
3.1816e+06
3.1733e+06
3.1663e+06
3.1633e+06
3.1666e+06
3.1768e+06
3.1926e+06
3.2101e+06
3.2247e+06
3.2321e+06
3.2301e+06
3.2191e+06
3.2019e+06
3.183e+06
3.1663e+06
3.1541e+06
3.1461e+06
3.1402e+06
3.1331e+06
3.1227e+06
3.1086e+06
3.0925e+06
3.0779e+06
3.0688e+06
3.0683e+06
3.0768e+06
3.0924e+06
3.1108e+06
3.1269e+06
3.1366e+06
3.1382e+06
3.1322e+06
3.1215e+06
3.1094e+06
3.0987e+06
3.0901e+06
3.0825e+06
3.0736e+06
3.0613e+06
3.0451e+06
3.0263e+06
3.0081e+06
2.9945e+06
2.9886e+06
2.9921e+06
3.004e+06
3.0214e+06
3.0404e+06
3.0572e+06
3.0698e+06
3.078e+06
3.0831e+06
3.087e+06
3.0911e+06
3.0949e+06
3.0964e+06
3.0931e+06
3.0827e+06
3.0646e+06
3.0404e+06
3.0136e+06
2.9881e+06
2.9675e+06
2.9535e+06
2.9458e+06
2.9429e+06
2.9425e+06
2.9434e+06
2.9455e+06
2.9502e+06
2.9594e+06
2.9742e+06
2.994e+06
3.016e+06
3.0358e+06
3.0488e+06
3.0522e+06
3.0453e+06
3.0305e+06
3.012e+06
2.9943e+06
2.9801e+06
2.9698e+06
2.9611e+06
2.9508e+06
2.9365e+06
2.9179e+06
2.8972e+06
2.8789e+06
2.8677e+06
2.8671e+06
2.8777e+06
2.8964e+06
2.9181e+06
2.9369e+06
2.9488e+06
2.9524e+06
2.9499e+06
2.9453e+06
2.943e+06
2.9449e+06
2.9502e+06
2.9548e+06
2.9538e+06
2.9438e+06
2.9238e+06
2.8968e+06
2.8679e+06
2.8429e+06
2.8258e+06
2.8175e+06
2.8159e+06
2.8169e+06
2.8165e+06
2.8129e+06
2.8068e+06
2.8017e+06
2.8017e+06
2.8097e+06
2.8258e+06
2.8466e+06
2.8664e+06
2.8795e+06
2.8824e+06
2.8749e+06
2.8606e+06
2.8445e+06
2.8312e+06
2.8225e+06
2.8169e+06
2.8104e+06
2.7991e+06
2.781e+06
2.7575e+06
2.7331e+06
2.7137e+06
2.7045e+06
2.7074e+06
2.7207e+06
2.7392e+06
2.7571e+06
2.7698e+06
2.776e+06
2.7779e+06
2.7803e+06
2.7878e+06
2.8024e+06
2.8223e+06
2.842e+06
2.8548e+06
2.8559e+06
2.8443e+06
2.8233e+06
2.7994e+06
2.7793e+06
2.7669e+06
2.7619e+06
2.76e+06
2.7557e+06
2.7444e+06
2.7255e+06
2.702e+06
2.6802e+06
2.6665e+06
2.6653e+06
2.6765e+06
2.6961e+06
2.7174e+06
2.7344e+06
2.7438e+06
2.7463e+06
2.7459e+06
2.7476e+06
2.7548e+06
2.7673e+06
2.781e+06
2.7898e+06
2.7887e+06
2.7756e+06
2.7528e+06
2.7257e+06
2.7004e+06
2.6814e+06
2.6694e+06
2.6615e+06
2.6532e+06
2.6407e+06
2.6233e+06
2.6034e+06
2.586e+06
2.5762e+06
2.5768e+06
2.5869e+06
2.6025e+06
2.6177e+06
2.628e+06
2.6316e+06
2.6305e+06
2.6292e+06
2.6324e+06
2.6421e+06
2.6566e+06
2.6709e+06
2.6787e+06
2.6756e+06
2.6606e+06
2.6372e+06
2.6108e+06
2.5873e+06
2.5699e+06
2.5581e+06
2.5485e+06
2.5371e+06
2.5213e+06
2.502e+06
2.4829e+06
2.4689e+06
2.4644e+06
2.4704e+06
2.4846e+06
2.5021e+06
2.5176e+06
2.528e+06
2.5331e+06
2.536e+06
2.5409e+06
2.5513e+06
2.5675e+06
2.5863e+06
2.6025e+06
2.6112e+06
2.6097e+06
2.5992e+06
2.5833e+06
2.5669e+06
2.5533e+06
2.5431e+06
2.5342e+06
2.5231e+06
2.5074e+06
2.4868e+06
2.464e+06
2.4429e+06
2.4276e+06
2.4201e+06
2.4196e+06
2.4233e+06
2.4278e+06
2.431e+06
2.4327e+06
2.4347e+06
2.4395e+06
2.4492e+06
2.4635e+06
2.4801e+06
2.4956e+06
2.5066e+06
2.5119e+06
2.5122e+06
2.5097e+06
2.5068e+06
2.5045e+06
2.5017e+06
2.4963e+06
2.4858e+06
2.4694e+06
2.4483e+06
2.4251e+06
2.4028e+06
2.3832e+06
2.366e+06
2.3495e+06
2.3319e+06
2.3124e+06
2.2923e+06
2.2746e+06
2.2628e+06
2.2588e+06
2.2624e+06
2.2708e+06
2.2804e+06
2.288e+06
2.2927e+06
2.2959e+06
2.3009e+06
2.3101e+06
2.3243e+06
2.341e+06
2.3555e+06
2.3635e+06
2.3627e+06
2.3539e+06
2.3412e+06
2.3292e+06
2.321e+06
2.3162e+06
2.3112e+06
2.3015e+06
2.2838e+06
2.2584e+06
2.229e+06
2.2011e+06
2.1795e+06
2.1658e+06
2.1576e+06
2.1504e+06
2.1393e+06
2.1227e+06
2.1023e+06
2.0829e+06
2.0704e+06
2.0683e+06
2.0762e+06
2.09e+06
2.1035e+06
2.1123e+06
2.1149e+06
2.1141e+06
2.1148e+06
2.1218e+06
2.1361e+06
2.1547e+06
2.1717e+06
2.1812e+06
2.1803e+06
2.1707e+06
2.1571e+06
2.1455e+06
2.1393e+06
2.1378e+06
2.1367e+06
2.1307e+06
2.1165e+06
2.0947e+06
2.0695e+06
2.0466e+06
2.0302e+06
2.0211e+06
2.0164e+06
2.0116e+06
2.0031e+06
1.9904e+06
1.9763e+06
1.9653e+06
1.9615e+06
1.9662e+06
1.9772e+06
1.99e+06
2.0003e+06
2.0061e+06
2.0088e+06
2.0122e+06
2.0204e+06
2.0352e+06
2.055e+06
2.0756e+06
2.092e+06
2.1012e+06
2.1032e+06
2.1011e+06
2.0984e+06
2.0975e+06
2.0978e+06
2.0964e+06
2.0901e+06
2.0772e+06
2.059e+06
2.0391e+06
2.0216e+06
2.0085e+06
1.9989e+06
1.9894e+06
1.9765e+06
1.9584e+06
1.9362e+06
1.9138e+06
1.8952e+06
1.8832e+06
1.8775e+06
1.8753e+06
1.8732e+06
1.8691e+06
1.8636e+06
1.8592e+06
1.8593e+06
1.8655e+06
1.8764e+06
1.8885e+06
1.8979e+06
1.9025e+06
1.9032e+06
1.9039e+06
1.909e+06
1.9207e+06
1.9374e+06
1.9541e+06
1.9651e+06
1.9669e+06
1.9598e+06
1.9482e+06
1.9375e+06
1.9316e+06
1.9304e+06
1.9302e+06
1.9257e+06
1.9136e+06
1.8945e+06
1.8722e+06
1.8521e+06
1.8374e+06
1.8278e+06
1.8193e+06
1.8073e+06
1.7891e+06
1.7657e+06
1.7417e+06
1.7228e+06
1.713e+06
1.7119e+06
1.7155e+06
1.7187e+06
1.7178e+06
1.7128e+06
1.7073e+06
1.7063e+06
1.7135e+06
1.7286e+06
1.7477e+06
1.7651e+06
1.7766e+06
1.7816e+06
1.7831e+06
1.7861e+06
1.7946e+06
1.8091e+06
1.8259e+06
1.8398e+06
1.8465e+06
1.8453e+06
1.839e+06
1.8322e+06
1.8289e+06
1.8295e+06
1.8315e+06
1.8304e+06
1.8231e+06
1.8094e+06
1.7917e+06
1.7739e+06
1.7583e+06
1.745e+06
1.7315e+06
1.7153e+06
1.6949e+06
1.6718e+06
1.6488e+06
1.629e+06
1.6136e+06
1.6013e+06
1.5896e+06
1.5763e+06
1.5615e+06
1.5472e+06
1.5365e+06
1.5314e+06
1.5315e+06
1.5339e+06
1.5355e+06
1.5342e+06
1.5309e+06
1.529e+06
1.5319e+06
1.5414e+06
1.5559e+06
1.571e+06
1.5823e+06
1.5876e+06
1.5884e+06
1.5894e+06
1.5953e+06
1.6083e+06
1.6261e+06
1.6433e+06
1.6544e+06
1.6571e+06
1.6534e+06
1.6483e+06
1.6471e+06
1.6518e+06
1.6597e+06
1.6654e+06
1.664e+06
1.6542e+06
1.6389e+06
1.6237e+06
1.6133e+06
1.6085e+06
1.6056e+06
1.599e+06
1.5843e+06
1.561e+06
1.5331e+06
1.5068e+06
1.4868e+06
1.4742e+06
1.4658e+06
1.4563e+06
1.4418e+06
1.4221e+06
1.4003e+06
1.3811e+06
1.3683e+06
1.3625e+06
1.3611e+06
1.3602e+06
1.3571e+06
1.3515e+06
1.3455e+06
1.342e+06
1.3429e+06
1.3482e+06
1.3562e+06
1.365e+06
1.3736e+06
1.3825e+06
1.3925e+06
1.4043e+06
1.4171e+06
1.4296e+06
1.4405e+06
1.4498e+06
1.459e+06
1.4701e+06
1.4839e+06
1.4992e+06
1.5132e+06
1.5234e+06
1.529e+06
1.5318e+06
1.535e+06
1.541e+06
1.5496e+06
1.5575e+06
1.5606e+06
1.5562e+06
1.5452e+06
1.5319e+06
1.5216e+06
1.5173e+06
1.5173e+06
1.5167e+06
1.5099e+06
1.4945e+06
1.4728e+06
1.451e+06
1.4353e+06
1.4284e+06
1.4274e+06
1.4261e+06
1.4182e+06
1.4016e+06
1.3785e+06
1.3549e+06
1.3363e+06
1.3249e+06
1.3186e+06
1.3127e+06
1.3032e+06
1.2895e+06
1.274e+06
1.2609e+06
1.2528e+06
1.2495e+06
1.2481e+06
1.2451e+06
1.239e+06
1.231e+06
1.2243e+06
1.2222e+06
1.2255e+06
1.2321e+06
1.2385e+06
1.2422e+06
1.2429e+06
1.2429e+06
1.2454e+06
1.2522e+06
1.2629e+06
1.2748e+06
1.2853e+06
1.2932e+06
1.2996e+06
1.3066e+06
1.3158e+06
1.3265e+06
1.3368e+06
1.3443e+06
1.3487e+06
1.3515e+06
1.3555e+06
1.3628e+06
1.3724e+06
1.3816e+06
1.3873e+06
1.3883e+06
1.387e+06
1.3872e+06
1.3924e+06
1.4025e+06
1.414e+06
1.4222e+06
1.4242e+06
1.4207e+06
1.4159e+06
1.4143e+06
1.4178e+06
1.4237e+06
1.4271e+06
1.4234e+06
1.4122e+06
1.3967e+06
1.3825e+06
1.3736e+06
1.3698e+06
1.3668e+06
1.3594e+06
1.3448e+06
1.3246e+06
1.3036e+06
1.2868e+06
1.2762e+06
1.2695e+06
1.2623e+06
1.2506e+06
1.234e+06
1.2152e+06
1.1981e+06
1.1852e+06
1.176e+06
1.168e+06
1.1584e+06
1.1467e+06
1.1342e+06
1.1232e+06
1.1144e+06
1.1067e+06
1.0977e+06
1.0855e+06
1.0712e+06
1.0577e+06
1.0486e+06
1.0453e+06
1.0461e+06
1.0469e+06
1.0441e+06
1.037e+06
1.0284e+06
1.0226e+06
1.0227e+06
1.0282e+06
1.0351e+06
1.0388e+06
1.0372e+06
1.0317e+06
1.027e+06
1.0277e+06
1.035e+06
1.0463e+06
1.0566e+06
1.0625e+06
1.0639e+06
1.0645e+06
1.0693e+06
1.0807e+06
1.0968e+06
1.1127e+06
1.1236e+06
1.1279e+06
1.1284e+06
1.13e+06
1.1369e+06
1.1495e+06
1.1646e+06
1.1778e+06
1.1865e+06
1.1916e+06
1.1966e+06
1.2045e+06
1.2157e+06
1.2279e+06
1.2379e+06
1.244e+06
1.2473e+06
1.2508e+06
1.2571e+06
1.2664e+06
1.2764e+06
1.284e+06
1.2879e+06
1.289e+06
1.29e+06
1.2928e+06
1.2974e+06
1.3021e+06
1.3049e+06
1.3057e+06
1.3063e+06
1.309e+06
1.3144e+06
1.3209e+06
1.3252e+06
1.3255e+06
1.3225e+06
1.3198e+06
1.321e+06
1.327e+06
1.3349e+06
1.3398e+06
1.3385e+06
1.3318e+06
1.3241e+06
1.3205e+06
1.3229e+06
1.3286e+06
1.3317e+06
1.3276e+06
1.3159e+06
1.3009e+06
1.289e+06
1.2842e+06
1.2855e+06
1.2879e+06
1.286e+06
1.2778e+06
1.2658e+06
1.2548e+06
1.2483e+06
1.2463e+06
1.2454e+06
1.2417e+06
1.2336e+06
1.2227e+06
1.2124e+06
1.2052e+06
1.2009e+06
1.1969e+06
1.1908e+06
1.182e+06
1.1718e+06
1.1622e+06
1.1541e+06
1.1467e+06
1.1386e+06
1.1294e+06
1.1205e+06
1.1137e+06
1.1094e+06
1.1056e+06
1.0989e+06
1.0868e+06
1.0702e+06
1.0531e+06
1.0406e+06
1.0349e+06
1.0338e+06
1.032e+06
1.0249e+06
1.0117e+06
9.957e+05
9.8193e+05
9.7343e+05
9.689e+05
9.6388e+05
9.5436e+05
9.3991e+05
9.2421e+05
9.1239e+05
9.0718e+05
9.0672e+05
9.0589e+05
9.0009e+05
8.8827e+05
8.7333e+05
8.5978e+05
8.5036e+05
8.441e+05
8.3744e+05
8.2727e+05
8.1336e+05
7.9836e+05
7.8571e+05
7.7689e+05
7.705e+05
7.6381e+05
7.5531e+05
7.4603e+05
7.3853e+05
7.3435e+05
7.3219e+05
7.2852e+05
7.2029e+05
7.0744e+05
6.9339e+05
6.8282e+05
6.7816e+05
6.7751e+05
6.7595e+05
6.6923e+05
6.567e+05
6.4168e+05
6.2903e+05
6.2145e+05
6.1736e+05
6.1239e+05
6.0307e+05
5.8971e+05
5.7633e+05
5.6781e+05
5.659e+05
5.6754e+05
5.6719e+05
5.6083e+05
5.4863e+05
5.3464e+05
5.2392e+05
5.1885e+05
5.1749e+05
5.1557e+05
