1.5727e+06
1.5924e+06
1.6053e+06
1.6163e+06
1.6328e+06
1.6588e+06
1.6916e+06
1.7233e+06
1.7465e+06
1.7592e+06
1.7663e+06
1.7765e+06
1.7967e+06
1.8269e+06
1.8611e+06
1.8913e+06
1.9125e+06
1.9251e+06
1.9339e+06
1.9442e+06
1.9589e+06
1.9779e+06
1.9997e+06
2.0232e+06
2.0487e+06
2.0763e+06
2.1049e+06
2.1318e+06
2.1549e+06
2.1746e+06
2.194e+06
2.2172e+06
2.2457e+06
2.2767e+06
2.3042e+06
2.3234e+06
2.3337e+06
2.3402e+06
2.3508e+06
2.3712e+06
2.4012e+06
2.4354e+06
2.4673e+06
2.4934e+06
2.5153e+06
2.5379e+06
2.5651e+06
2.5974e+06
2.6313e+06
2.6628e+06
2.6904e+06
2.7165e+06
2.7446e+06
2.7767e+06
2.811e+06
2.8436e+06
2.871e+06
2.8932e+06
2.9135e+06
2.936e+06
2.9619e+06
2.9889e+06
3.0126e+06
3.031e+06
3.046e+06
3.0636e+06
3.0889e+06
3.123e+06
3.1612e+06
3.196e+06
3.2221e+06
3.2396e+06
3.2538e+06
3.2714e+06
3.2962e+06
3.3264e+06
3.3567e+06
3.3818e+06
3.4004e+06
3.4155e+06
3.4317e+06
3.4519e+06
3.4754e+06
3.4991e+06
3.5202e+06
3.5384e+06
3.556e+06
3.5758e+06
3.5985e+06
3.6226e+06
3.6454e+06
3.6658e+06
3.6847e+06
3.7042e+06
3.7253e+06
3.7464e+06
3.7645e+06
3.777e+06
3.7853e+06
3.7939e+06
3.8083e+06
3.8307e+06
3.858e+06
3.8832e+06
3.8992e+06
3.9033e+06
3.8988e+06
3.893e+06
3.8922e+06
3.8987e+06
3.9094e+06
3.9186e+06
3.9224e+06
3.9204e+06
3.9157e+06
3.912e+06
3.9107e+06
3.9101e+06
3.9074e+06
3.9012e+06
3.8927e+06
3.8851e+06
3.8811e+06
3.8808e+06
3.8816e+06
3.88e+06
3.8746e+06
3.8665e+06
3.8584e+06
3.8521e+06
3.8469e+06
3.8393e+06
3.826e+06
3.8053e+06
3.7796e+06
3.7533e+06
3.731e+06
3.7149e+06
3.704e+06
3.6952e+06
3.6851e+06
3.6722e+06
3.656e+06
3.6372e+06
3.6161e+06
3.5931e+06
3.5691e+06
3.5457e+06
3.5248e+06
3.5073e+06
3.4917e+06
3.4747e+06
3.4524e+06
3.4234e+06
3.3894e+06
3.3555e+06
3.3269e+06
3.3065e+06
3.2929e+06
3.2815e+06
3.2673e+06
3.2478e+06
3.2244e+06
3.201e+06
3.1817e+06
3.1681e+06
3.1588e+06
3.1508e+06
3.1417e+06
3.1311e+06
3.1205e+06
3.112e+06
3.1069e+06
3.1047e+06
3.1038e+06
3.1035e+06
3.1041e+06
3.1071e+06
3.1138e+06
3.1243e+06
3.1372e+06
3.1503e+06
3.1625e+06
3.1738e+06
3.185e+06
3.1969e+06
3.2088e+06
3.2193e+06
3.2275e+06
3.2349e+06
3.2452e+06
3.263e+06
3.2905e+06
3.3258e+06
3.3629e+06
3.395e+06
3.4177e+06
3.4318e+06
3.4431e+06
3.4586e+06
3.4826e+06
3.5146e+06
3.5496e+06
3.5817e+06
3.6082e+06
3.6304e+06
3.6521e+06
3.6762e+06
3.7021e+06
3.7252e+06
3.7403e+06
3.745e+06
3.7422e+06
3.7382e+06
3.7393e+06
3.7477e+06
3.7601e+06
3.7698e+06
3.7713e+06
3.7642e+06
3.753e+06
3.7444e+06
3.7429e+06
3.7477e+06
3.7533e+06
3.7531e+06
3.7437e+06
3.7268e+06
3.7075e+06
3.6911e+06
3.6792e+06
3.6689e+06
3.6553e+06
3.6348e+06
3.6076e+06
3.5778e+06
3.5502e+06
3.5273e+06
3.5077e+06
3.4874e+06
3.4629e+06
3.4338e+06
3.4036e+06
3.3773e+06
3.3581e+06
3.3457e+06
3.3362e+06
3.3248e+06
3.3089e+06
3.2892e+06
3.2694e+06
3.2529e+06
3.2407e+06
3.231e+06
3.2206e+06
3.2076e+06
3.1931e+06
3.181e+06
3.1757e+06
3.1791e+06
3.1892e+06
3.2019e+06
3.213e+06
3.2215e+06
3.2298e+06
3.2418e+06
3.2597e+06
3.2819e+06
3.3035e+06
3.3195e+06
3.3283e+06
3.3335e+06
3.3425e+06
3.3617e+06
3.3923e+06
3.4287e+06
3.4613e+06
3.4819e+06
3.4886e+06
3.4869e+06
3.4863e+06
3.495e+06
3.5142e+06
3.5378e+06
3.5562e+06
3.5626e+06
3.5576e+06
3.5485e+06
3.5452e+06
3.5535e+06
3.5705e+06
3.5867e+06
3.591e+06
3.5773e+06
3.5482e+06
3.5134e+06
3.4841e+06
3.467e+06
3.4606e+06
3.4567e+06
3.446e+06
3.4237e+06
3.392e+06
3.3584e+06
3.3303e+06
3.311e+06
3.2979e+06
3.2847e+06
3.2656e+06
3.2396e+06
3.2109e+06
3.1863e+06
3.1714e+06
3.1667e+06
3.1683e+06
3.1698e+06
3.1667e+06
3.1586e+06
3.1495e+06
3.1445e+06
3.1474e+06
3.158e+06
3.1726e+06
3.1873e+06
3.1999e+06
3.2118e+06
3.2265e+06
3.2475e+06
3.275e+06
3.3061e+06
3.3364e+06
3.3624e+06
3.3841e+06
3.4044e+06
3.4272e+06
3.4542e+06
3.4832e+06
3.5091e+06
3.5264e+06
3.5323e+06
3.528e+06
3.5178e+06
3.5065e+06
3.4962e+06
3.4861e+06
3.4733e+06
3.456e+06
3.4356e+06
3.4164e+06
3.4035e+06
3.399e+06
3.4004e+06
3.4011e+06
3.3941e+06
3.3755e+06
3.3464e+06
3.3125e+06
3.2805e+06
3.2548e+06
3.235e+06
3.2172e+06
3.1969e+06
3.1723e+06
3.1463e+06
3.1248e+06
3.114e+06
3.1163e+06
3.1288e+06
3.145e+06
3.1581e+06
3.1648e+06
3.1664e+06
3.168e+06
3.1753e+06
3.191e+06
3.2133e+06
3.2372e+06
3.2579e+06
3.2731e+06
3.2847e+06
3.2974e+06
3.3152e+06
3.3383e+06
3.363e+06
3.3831e+06
3.3939e+06
3.3948e+06
3.3899e+06
3.3856e+06
3.387e+06
3.3945e+06
3.4039e+06
3.4088e+06
3.405e+06
3.3924e+06
3.3756e+06
3.3606e+06
3.3511e+06
3.346e+06
3.3395e+06
3.3253e+06
3.2999e+06
3.2652e+06
3.2285e+06
3.1982e+06
3.18e+06
3.1738e+06
3.1735e+06
3.1708e+06
3.1601e+06
3.1408e+06
3.1184e+06
3.1014e+06
3.0974e+06
3.1088e+06
3.1322e+06
3.1601e+06
3.1853e+06
3.2043e+06
3.2183e+06
3.2323e+06
3.2513e+06
3.2776e+06
3.3091e+06
3.3407e+06
3.3675e+06
3.3872e+06
3.4012e+06
3.4136e+06
3.4282e+06
3.446e+06
3.4644e+06
3.4784e+06
3.4836e+06
3.4784e+06
3.4648e+06
3.4472e+06
3.4296e+06
3.4139e+06
3.3992e+06
3.3829e+06
3.3633e+06
3.3406e+06
3.3178e+06
3.2989e+06
3.2864e+06
3.2807e+06
3.2792e+06
3.2784e+06
3.2762e+06
3.2726e+06
3.2704e+06
3.2729e+06
3.2824e+06
3.2984e+06
3.318e+06
3.3372e+06
3.3532e+06
3.3658e+06
3.3777e+06
3.393e+06
3.4143e+06
3.4417e+06
3.4719e+06
3.5002e+06
3.5225e+06
3.5379e+06
3.5487e+06
3.5588e+06
3.5713e+06
3.5864e+06
3.601e+06
3.6104e+06
3.611e+06
3.6025e+06
3.5881e+06
3.5728e+06
3.5606e+06
3.5524e+06
3.5453e+06
3.5344e+06
3.5159e+06
3.4895e+06
3.4592e+06
3.4317e+06
3.4135e+06
3.4078e+06
3.4131e+06
3.4243e+06
3.4353e+06
3.4423e+06
3.4454e+06
3.4487e+06
3.4576e+06
3.4765e+06
3.5055e+06
3.5405e+06
3.5746e+06
3.6017e+06
3.6188e+06
3.6274e+06
3.6329e+06
3.6418e+06
3.6583e+06
3.6827e+06
3.711e+06
3.7373e+06
3.7565e+06
3.7664e+06
3.7681e+06
3.7645e+06
3.7585e+06
3.7512e+06
3.7417e+06
3.7278e+06
3.7078e+06
3.6814e+06
3.6508e+06
3.619e+06
3.5896e+06
3.565e+06
3.5464e+06
3.534e+06
3.528e+06
3.5288e+06
3.537e+06
3.553e+06
3.5759e+06
3.6032e+06
3.6314e+06
3.6571e+06
3.6783e+06
3.6955e+06
3.711e+06
3.7278e+06
3.748e+06
3.7707e+06
3.7927e+06
3.8092e+06
3.8165e+06
3.8136e+06
3.8027e+06
3.7887e+06
3.7761e+06
3.7676e+06
3.762e+06
3.7557e+06
3.7446e+06
3.7263e+06
3.7019e+06
3.6756e+06
3.6531e+06
3.6387e+06
3.6339e+06
3.6367e+06
3.6429e+06
3.6485e+06
3.652e+06
3.6552e+06
3.6626e+06
3.6791e+06
3.7077e+06
3.7473e+06
3.7927e+06
3.8363e+06
3.8712e+06
3.8934e+06
3.9034e+06
3.9052e+06
3.9042e+06
3.9049e+06
3.9082e+06
3.9118e+06
3.9114e+06
3.9034e+06
3.8866e+06
3.8634e+06
3.8379e+06
3.8147e+06
3.7967e+06
3.7837e+06
3.7736e+06
3.7634e+06
3.7513e+06
3.7377e+06
3.7254e+06
3.7181e+06
3.7195e+06
3.7311e+06
3.7525e+06
3.781e+06
3.8132e+06
3.8462e+06
3.878e+06
3.9076e+06
3.9349e+06
3.9592e+06
3.9796e+06
3.995e+06
4.0051e+06
4.0104e+06
4.0129e+06
4.0144e+06
4.016e+06
4.0168e+06
4.0137e+06
4.0031e+06
3.982e+06
3.9503e+06
3.9113e+06
3.8709e+06
3.8361e+06
3.8121e+06
3.801e+06
3.8005e+06
3.8059e+06
3.8118e+06
3.815e+06
3.8157e+06
3.8176e+06
3.8261e+06
3.846e+06
3.8785e+06
3.9202e+06
3.9642e+06
4.0021e+06
4.0276e+06
4.0382e+06
4.0359e+06
4.0255e+06
4.0127e+06
4.0008e+06
3.9903e+06
3.9788e+06
3.9636e+06
3.9436e+06
3.9205e+06
3.8988e+06
3.8836e+06
3.8784e+06
3.8829e+06
3.8931e+06
3.903e+06
3.9065e+06
3.9003e+06
3.8854e+06
3.8668e+06
3.852e+06
3.8483e+06
3.8594e+06
3.884e+06
3.9157e+06
3.9456e+06
3.9657e+06
3.9714e+06
3.9629e+06
3.9444e+06
3.9219e+06
3.9005e+06
3.8821e+06
3.8655e+06
3.8468e+06
3.8226e+06
3.791e+06
3.7533e+06
3.7131e+06
3.6754e+06
3.6446e+06
3.6235e+06
3.6125e+06
3.6106e+06
3.6159e+06
3.627e+06
3.6432e+06
3.6645e+06
3.6902e+06
3.7189e+06
3.7474e+06
3.7721e+06
3.7893e+06
3.7968e+06
3.7946e+06
3.7845e+06
3.7696e+06
3.7525e+06
3.7345e+06
3.7148e+06
3.692e+06
3.6648e+06
3.6334e+06
3.6004e+06
3.5699e+06
3.5464e+06
3.5331e+06
3.5306e+06
3.5367e+06
3.5473e+06
3.5576e+06
3.5648e+06
3.568e+06
3.5695e+06
3.5727e+06
3.5809e+06
3.595e+06
3.6128e+06
3.6291e+06
3.6376e+06
3.6335e+06
3.6148e+06
3.5836e+06
3.5449e+06
3.5046e+06
3.4679e+06
3.437e+06
3.4115e+06
3.3889e+06
3.3668e+06
3.3443e+06
3.3227e+06
3.3052e+06
3.2955e+06
3.2965e+06
3.3082e+06
3.3283e+06
3.3523e+06
3.3752e+06
3.3931e+06
3.4046e+06
3.4108e+06
3.4143e+06
3.4178e+06
3.4224e+06
3.427e+06
3.4286e+06
3.4235e+06
3.4097e+06
3.3871e+06
3.3585e+06
3.3285e+06
3.3017e+06
3.2818e+06
3.27e+06
3.2656e+06
3.2665e+06
3.2706e+06
3.2771e+06
3.2864e+06
3.2997e+06
3.3186e+06
3.3429e+06
3.3705e+06
3.3975e+06
3.4189e+06
3.4306e+06
3.4307e+06
3.4203e+06
3.4031e+06
3.384e+06
3.3671e+06
3.3542e+06
3.3443e+06
3.3345e+06
3.3214e+06
3.3032e+06
3.2805e+06
3.257e+06
3.2376e+06
3.2277e+06
3.2307e+06
3.2469e+06
3.273e+06
3.3031e+06
3.3309e+06
3.351e+06
3.3611e+06
3.3615e+06
3.3552e+06
3.3458e+06
3.336e+06
3.3266e+06
3.3163e+06
3.3027e+06
3.2841e+06
3.2603e+06
3.2337e+06
3.2082e+06
3.1884e+06
3.1778e+06
3.1778e+06
3.1869e+06
3.2018e+06
3.2179e+06
3.2312e+06
3.2396e+06
3.2429e+06
3.2427e+06
3.2419e+06
3.2429e+06
3.2468e+06
3.2526e+06
3.2584e+06
3.2613e+06
3.2594e+06
3.252e+06
3.24e+06
3.2252e+06
3.2095e+06
3.1944e+06
3.1808e+06
3.1691e+06
3.1594e+06
3.1529e+06
3.1511e+06
3.1562e+06
3.1701e+06
3.193e+06
3.2234e+06
3.257e+06
3.2883e+06
3.3113e+06
3.3218e+06
3.3182e+06
3.302e+06
3.2777e+06
3.2507e+06
3.2261e+06
3.2066e+06
3.1928e+06
3.1825e+06
3.1734e+06
3.1632e+06
3.1517e+06
3.1407e+06
3.1336e+06
3.1339e+06
3.1441e+06
3.1639e+06
3.19e+06
3.2166e+06
3.2372e+06
3.2466e+06
3.2423e+06
3.2255e+06
3.2003e+06
3.1729e+06
3.1487e+06
3.1312e+06
3.1208e+06
3.1154e+06
3.1114e+06
3.1058e+06
3.0973e+06
3.0871e+06
3.0779e+06
3.0737e+06
3.0776e+06
3.0905e+06
3.1108e+06
3.1342e+06
3.1553e+06
3.169e+06
3.1726e+06
3.166e+06
3.1519e+06
3.1346e+06
3.1182e+06
3.1054e+06
3.0964e+06
3.0894e+06
3.082e+06
3.072e+06
3.0592e+06
3.0453e+06
3.0338e+06
3.0286e+06
3.033e+06
3.0476e+06
3.0701e+06
3.0956e+06
3.1177e+06
3.1305e+06
3.1305e+06
3.1175e+06
3.0947e+06
3.0676e+06
3.0421e+06
3.0229e+06
3.0118e+06
3.0079e+06
3.0082e+06
3.0094e+06
3.0091e+06
3.0068e+06
3.0038e+06
3.0032e+06
3.008e+06
3.0202e+06
3.0398e+06
3.0637e+06
3.0872e+06
3.1047e+06
3.1117e+06
3.1061e+06
3.0887e+06
3.0631e+06
3.0344e+06
3.0074e+06
2.9858e+06
2.9709e+06
2.9619e+06
2.9569e+06
2.9537e+06
2.9512e+06
2.9495e+06
2.9498e+06
2.9544e+06
2.9649e+06
2.9815e+06
3.0024e+06
3.0243e+06
3.0424e+06
3.0528e+06
3.0529e+06
3.0428e+06
3.0249e+06
3.0034e+06
2.9831e+06
2.9678e+06
2.9599e+06
2.9595e+06
2.9652e+06
2.9746e+06
2.9855e+06
2.9963e+06
3.0065e+06
3.0166e+06
3.0273e+06
3.0386e+06
3.0496e+06
3.0577e+06
3.06e+06
3.0537e+06
3.0376e+06
3.0124e+06
2.9814e+06
2.9494e+06
2.9218e+06
2.9029e+06
2.8952e+06
2.8982e+06
2.9093e+06
2.9241e+06
2.9381e+06
2.9478e+06
2.9516e+06
2.9502e+06
2.9458e+06
2.9414e+06
2.9392e+06
2.9398e+06
2.9416e+06
2.9416e+06
2.9365e+06
2.924e+06
2.9042e+06
2.8791e+06
2.8528e+06
2.8303e+06
2.8162e+06
2.8133e+06
2.8217e+06
2.8386e+06
2.8588e+06
2.8766e+06
2.8865e+06
2.8855e+06
2.873e+06
2.8512e+06
2.8242e+06
2.7967e+06
2.7728e+06
2.755e+06
2.7434e+06
2.7366e+06
2.7321e+06
2.7276e+06
2.7215e+06
2.7133e+06
2.7035e+06
2.6934e+06
2.6843e+06
2.6768e+06
2.6703e+06
2.6632e+06
2.6534e+06
2.6394e+06
2.6207e+06
2.5988e+06
2.5765e+06
2.5576e+06
2.5459e+06
2.5439e+06
2.5519e+06
2.5681e+06
2.589e+06
2.61e+06
2.6265e+06
2.6355e+06
2.6358e+06
2.6285e+06
2.6163e+06
2.6027e+06
2.5907e+06
2.582e+06
2.5764e+06
2.5725e+06
2.568e+06
2.5612e+06
2.5514e+06
2.5395e+06
2.5274e+06
2.5179e+06
2.5139e+06
2.5174e+06
2.5283e+06
2.5447e+06
2.5627e+06
2.5775e+06
2.5847e+06
2.5816e+06
2.568e+06
2.5458e+06
2.5194e+06
2.4936e+06
2.4731e+06
2.461e+06
2.4582e+06
2.4633e+06
2.4731e+06
2.4838e+06
2.4915e+06
2.4938e+06
2.4897e+06
2.48e+06
2.4668e+06
2.4523e+06
2.4385e+06
2.4262e+06
2.4149e+06
2.4035e+06
2.3908e+06
2.3762e+06
2.36e+06
2.3437e+06
2.3292e+06
2.3187e+06
2.3138e+06
2.3147e+06
2.3204e+06
2.3279e+06
2.3338e+06
2.3346e+06
2.3277e+06
2.3127e+06
2.2909e+06
2.2655e+06
2.2408e+06
2.2209e+06
2.2089e+06
2.2061e+06
2.2115e+06
2.2224e+06
2.235e+06
2.2453e+06
2.2503e+06
2.2483e+06
2.2395e+06
2.2257e+06
2.2096e+06
2.194e+06
2.1811e+06
2.1717e+06
2.1654e+06
2.1613e+06
2.1577e+06
2.1537e+06
2.1487e+06
2.1429e+06
2.1374e+06
2.1332e+06
2.1315e+06
2.1325e+06
2.1353e+06
2.1382e+06
2.1386e+06
2.1342e+06
2.1237e+06
2.1074e+06
2.0871e+06
2.0659e+06
2.0478e+06
2.0361e+06
2.0331e+06
2.039e+06
2.0521e+06
2.0687e+06
2.0841e+06
2.0939e+06
2.095e+06
2.0859e+06
2.0677e+06
2.0435e+06
2.0174e+06
1.9938e+06
1.9762e+06
1.9663e+06
1.964e+06
1.967e+06
1.9722e+06
1.9762e+06
1.9762e+06
1.9705e+06
1.9593e+06
1.9437e+06
1.9262e+06
1.9094e+06
1.8949e+06
1.8833e+06
1.8739e+06
1.8652e+06
1.8553e+06
1.8431e+06
1.8282e+06
1.8113e+06
1.7938e+06
1.7779e+06
1.7657e+06
1.7586e+06
1.7567e+06
1.7588e+06
1.7619e+06
1.7626e+06
1.7579e+06
1.7457e+06
1.7258e+06
1.7e+06
1.6715e+06
1.6443e+06
1.6225e+06
1.6091e+06
1.6054e+06
1.6103e+06
1.6212e+06
1.6338e+06
1.6436e+06
1.647e+06
1.6419e+06
1.6283e+06
1.6079e+06
1.5841e+06
1.5607e+06
1.5413e+06
1.5282e+06
1.5219e+06
1.521e+06
1.5228e+06
1.5241e+06
1.5216e+06
1.5132e+06
1.4982e+06
1.4777e+06
1.454e+06
1.4303e+06
1.4096e+06
1.3943e+06
1.3848e+06
1.3806e+06
1.3795e+06
1.3793e+06
1.3773e+06
1.372e+06
1.3625e+06
1.3491e+06
1.3333e+06
1.3173e+06
1.3033e+06
1.293e+06
1.287e+06
1.2847e+06
1.2847e+06
1.2849e+06
1.2837e+06
1.2797e+06
1.2727e+06
1.2628e+06
1.2513e+06
1.2397e+06
1.2298e+06
1.2229e+06
1.2194e+06
1.2187e+06
1.2194e+06
1.2197e+06
1.218e+06
1.2133e+06
1.2059e+06
1.1965e+06
1.187e+06
1.179e+06
1.1746e+06
1.1749e+06
1.1801e+06
1.1889e+06
1.1993e+06
1.2084e+06
1.2136e+06
1.2129e+06
1.2058e+06
1.1932e+06
1.1771e+06
1.1602e+06
1.1454e+06
1.1351e+06
1.1305e+06
1.1315e+06
1.1364e+06
1.1426e+06
1.147e+06
1.1469e+06
1.1408e+06
1.1285e+06
1.1112e+06
1.0913e+06
1.0721e+06
1.0564e+06
1.0466e+06
1.0434e+06
1.0462e+06
1.0529e+06
1.0603e+06
1.0653e+06
1.0652e+06
1.0586e+06
1.0454e+06
1.0273e+06
1.007e+06
9.8788e+05
9.7307e+05
9.6468e+05
9.6334e+05
9.6805e+05
9.7648e+05
9.8553e+05
9.9201e+05
9.9332e+05
9.8797e+05
9.7589e+05
9.5848e+05
9.3834e+05
9.1865e+05
9.0241e+05
8.9167e+05
8.8703e+05
8.8762e+05
8.9142e+05
8.9583e+05
8.9824e+05
8.9656e+05
8.8964e+05
8.7753e+05
8.6155e+05
8.4403e+05
8.2786e+05
8.1571e+05
8.0933e+05
8.0912e+05
8.1407e+05
8.2214e+05
8.3079e+05
8.3755e+05
8.4043e+05
8.3833e+05
8.3122e+05
8.2026e+05
8.0761e+05
7.9606e+05
7.8826e+05
7.8609e+05
7.9006e+05
7.9927e+05
8.1166e+05
8.2459e+05
8.3544e+05
8.4201e+05
8.4298e+05
8.3812e+05
8.2838e+05
8.1579e+05
8.0306e+05
7.9288e+05
7.8729e+05
7.8702e+05
7.9144e+05
7.9874e+05
8.0653e+05
8.1238e+05
8.1434e+05
8.1121e+05
8.0285e+05
7.9021e+05
7.7519e+05
7.6037e+05
7.4831e+05
7.4098e+05
7.3918e+05
7.4236e+05
7.4892e+05
7.5664e+05
7.6324e+05
7.668e+05
7.6602e+05
7.6049e+05
7.5079e+05
7.3842e+05
7.256e+05
7.1476e+05
7.0794e+05
7.0623e+05
7.095e+05
7.1651e+05
7.2533e+05
7.3376e+05
7.3977e+05
7.4185e+05
7.3922e+05
7.3207e+05
7.2157e+05
7.0977e+05
6.9921e+05
6.9229e+05
6.9065e+05
6.9468e+05
7.0349e+05
7.1519e+05
7.2741e+05
7.3782e+05
7.4453e+05
7.4635e+05
7.4307e+05
7.355e+05
7.2545e+05
7.1544e+05
7.0819e+05
7.0598e+05
7.1005e+05
7.2024e+05
7.3506e+05
7.5211e+05
7.6861e+05
7.8189e+05
7.899e+05
7.9154e+05
7.8685e+05
7.7707e+05
7.6449e+05
7.5202e+05
7.4266e+05
7.3872e+05
7.4134e+05
7.5014e+05
7.6342e+05
7.7857e+05
7.9265e+05
8.03e+05
8.0767e+05
8.058e+05
7.9773e+05
7.8499e+05
7.7002e+05
7.5577e+05
7.4505e+05
7.3997e+05
7.4141e+05
7.4892e+05
7.6079e+05
7.7456e+05
7.8754e+05
7.9736e+05
8.0238e+05
8.0202e+05
7.9682e+05
7.8837e+05
7.79e+05
7.7139e+05
7.6804e+05
7.707e+05
7.7995e+05
7.9507e+05
8.1412e+05
8.3443e+05
8.5315e+05
8.6776e+05
8.7658e+05
8.7896e+05
8.7537e+05
8.6731e+05
8.5704e+05
8.4722e+05
8.4041e+05
8.3862e+05
8.4284e+05
8.5281e+05
8.6715e+05
8.8365e+05
8.9982e+05
9.1338e+05
9.226e+05
9.2657e+05
9.2524e+05
9.194e+05
9.1056e+05
9.0073e+05
8.9216e+05
8.8693e+05
8.8655e+05
8.9161e+05
9.0165e+05
9.1532e+05
9.3072e+05
9.4574e+05
9.5841e+05
9.6719e+05
9.7114e+05
9.7e+05
9.6434e+05
9.5549e+05
9.4541e+05
9.364e+05
9.3065e+05
9.2979e+05
9.3459e+05
9.4474e+05
9.5901e+05
9.7554e+05
9.9214e+05
1.0067e+06
1.0175e+06
1.0236e+06
1.0249e+06
1.022e+06
1.0168e+06
1.0112e+06
1.0076e+06
1.0079e+06
1.0133e+06
1.0239e+06
1.0387e+06
1.0561e+06
1.0737e+06
1.0893e+06
1.101e+06
1.1076e+06
1.1089e+06
1.1055e+06
1.0989e+06
1.0909e+06
1.0836e+06
1.0789e+06
1.0781e+06
1.082e+06
1.0902e+06
1.102e+06
1.1157e+06
1.1298e+06
1.1427e+06
1.1531e+06
1.1604e+06
1.1643e+06
1.1647e+06
1.1623e+06
1.1578e+06
1.1526e+06
1.1482e+06
1.1461e+06
1.1477e+06
1.1539e+06
1.1647e+06
1.1796e+06
1.1974e+06
1.2164e+06
1.2344e+06
1.2495e+06
1.2598e+06
1.2641e+06
1.2621e+06
1.2545e+06
1.2431e+06
1.2305e+06
1.2194e+06
1.2123e+06
1.2111e+06
1.2166e+06
1.2281e+06
1.2442e+06
1.2625e+06
1.2803e+06
1.2952e+06
1.3053e+06
1.31e+06
1.3095e+06
1.3049e+06
1.2983e+06
1.2917e+06
1.2872e+06
1.2863e+06
1.29e+06
1.2983e+06
1.3104e+06
1.3251e+06
1.341e+06
1.3566e+06
1.3708e+06
1.3827e+06
1.392e+06
1.3984e+06
1.4018e+06
1.4022e+06
1.4002e+06
1.3964e+06
1.3922e+06
1.389e+06
1.3885e+06
1.392e+06
1.4002e+06
1.413e+06
1.4295e+06
1.4481e+06
1.4665e+06
1.4822e+06
1.493e+06
1.4976e+06
1.4954e+06
1.4873e+06
1.4754e+06
1.4623e+06
1.4511e+06
1.4445e+06
1.4443e+06
1.4511e+06
1.4644e+06
1.4826e+06
1.5032e+06
1.5237e+06
1.5419e+06
1.5563e+06
1.5661e+06
1.5715e+06
1.573e+06
1.5715e+06
1.5677e+06
1.5626e+06
1.5569e+06
1.5515e+06
1.5473e+06
1.5455e+06
1.5469e+06
1.5523e+06
1.5619e+06
1.5752e+06
1.5913e+06
1.6086e+06
1.625e+06
1.6383e+06
1.6468e+06
1.6493e+06
1.6458e+06
1.6375e+06
1.6264e+06
1.6152e+06
1.6066e+06
1.6029e+06
1.6055e+06
1.6145e+06
1.6293e+06
1.6481e+06
1.6688e+06
1.6895e+06
1.7085e+06
1.7244e+06
1.7369e+06
1.7456e+06
1.7507e+06
1.7521e+06
1.75e+06
1.745e+06
1.7376e+06
1.7294e+06
1.7221e+06
1.7177e+06
1.7179e+06
1.7241e+06
1.7365e+06
1.7543e+06
1.7759e+06
1.7986e+06
1.8197e+06
1.8367e+06
1.848e+06
1.8533e+06
1.8535e+06
1.8502e+06
1.846e+06
1.8429e+06
1.8426e+06
1.846e+06
1.8531e+06
1.8634e+06
1.8759e+06
1.8898e+06
1.9045e+06
1.9196e+06
1.9349e+06
1.9506e+06
1.9662e+06
1.9809e+06
1.9936e+06
2.0027e+06
2.007e+06
2.0059e+06
2.0001e+06
1.991e+06
1.9813e+06
1.9735e+06
1.9701e+06
1.9728e+06
1.9818e+06
1.9965e+06
2.0149e+06
2.0349e+06
2.0543e+06
2.0715e+06
2.0857e+06
2.0969e+06
2.1054e+06
2.1117e+06
2.1161e+06
2.1186e+06
2.1191e+06
2.1176e+06
2.1145e+06
2.1108e+06
2.1081e+06
2.1082e+06
2.1127e+06
2.1223e+06
2.137e+06
2.1553e+06
2.1751e+06
2.1938e+06
2.209e+06
2.2191e+06
2.2237e+06
2.2238e+06
2.2209e+06
2.2171e+06
2.214e+06
2.2125e+06
2.2127e+06
2.2139e+06
2.2157e+06
2.2178e+06
2.2206e+06
2.2249e+06
2.232e+06
2.2431e+06
2.2584e+06
2.2773e+06
2.2979e+06
2.3174e+06
2.3329e+06
2.3421e+06
2.3438e+06
2.3388e+06
2.329e+06
2.3174e+06
2.3071e+06
2.3003e+06
2.2982e+06
2.3005e+06
2.3063e+06
2.314e+06
2.3224e+06
2.3313e+06
2.3407e+06
2.3515e+06
2.3644e+06
2.3795e+06
2.396e+06
2.4117e+06
2.4243e+06
2.4314e+06
2.4318e+06
2.4261e+06
2.4162e+06
2.4054e+06
2.3971e+06
2.394e+06
2.3976e+06
2.4075e+06
2.422e+06
2.4385e+06
2.4547e+06
2.4689e+06
2.4808e+06
2.4911e+06
2.5012e+06
2.5123e+06
2.5246e+06
2.537e+06
2.5474e+06
2.5533e+06
2.553e+06
2.546e+06
2.5338e+06
2.519e+06
2.5053e+06
2.4958e+06
2.4926e+06
2.4961e+06
2.505e+06
2.5173e+06
2.5305e+06
2.5428e+06
2.5537e+06
2.5637e+06
2.5737e+06
2.5848e+06
2.597e+06
2.609e+06
2.6187e+06
2.6238e+06
2.6225e+06
2.6148e+06
2.6024e+06
2.5884e+06
2.5765e+06
2.5699e+06
2.5705e+06
2.5781e+06
2.5911e+06
2.607e+06
2.6231e+06
2.6379e+06
2.6512e+06
2.6638e+06
2.6771e+06
2.6922e+06
2.7087e+06
2.7247e+06
2.7374e+06
2.7438e+06
2.7421e+06
2.7323e+06
2.7167e+06
2.6991e+06
2.6838e+06
2.6742e+06
2.6718e+06
2.6759e+06
2.6844e+06
2.6943e+06
2.7033e+06
2.7105e+06
2.7167e+06
2.7242e+06
2.7353e+06
2.7514e+06
2.7718e+06
2.794e+06
2.8136e+06
2.8265e+06
2.8299e+06
2.8237e+06
2.8103e+06
2.794e+06
2.7796e+06
2.7705e+06
2.7684e+06
2.7722e+06
2.7794e+06
2.787e+06
2.793e+06
2.7972e+06
2.801e+06
2.8069e+06
2.8176e+06
2.834e+06
2.8553e+06
2.8782e+06
2.8988e+06
2.9131e+06
2.9191e+06
2.917e+06
2.9093e+06
2.8994e+06
2.8905e+06
2.8844e+06
2.8808e+06
2.8779e+06
2.8737e+06
2.867e+06
2.8585e+06
2.8507e+06
2.8471e+06
2.8511e+06
2.8644e+06
2.8861e+06
2.9129e+06
2.9397e+06
2.9617e+06
2.9755e+06
2.9806e+06
2.9788e+06
2.9736e+06
2.9685e+06
2.9658e+06
2.9653e+06
2.9649e+06
2.9618e+06
2.9541e+06
2.9417e+06
2.9269e+06
2.9132e+06
2.9047e+06
2.9039e+06
2.911e+06
2.9239e+06
2.9391e+06
2.9531e+06
2.9637e+06
2.9709e+06
2.9768e+06
2.9845e+06
2.9964e+06
3.0131e+06
3.0322e+06
3.0498e+06
3.0613e+06
3.0637e+06
3.0563e+06
3.0416e+06
3.0238e+06
3.0075e+06
2.9959e+06
2.9897e+06
2.987e+06
2.9853e+06
2.982e+06
2.9767e+06
2.9711e+06
2.9687e+06
2.9731e+06
2.9863e+06
3.0073e+06
3.0322e+06
3.0555e+06
3.0718e+06
3.0782e+06
3.0752e+06
3.0666e+06
3.058e+06
3.0542e+06
3.0576e+06
3.0667e+06
3.0771e+06
3.0833e+06
3.0813e+06
3.0704e+06
3.0532e+06
3.035e+06
3.0214e+06
3.0167e+06
3.0219e+06
3.0346e+06
3.0501e+06
3.0639e+06
3.0731e+06
3.0775e+06
3.0795e+06
3.0825e+06
3.0892e+06
3.1003e+06
3.1136e+06
3.1251e+06
3.1313e+06
3.1298e+06
3.1216e+06
3.1094e+06
3.0972e+06
3.088e+06
3.0826e+06
3.0793e+06
3.075e+06
3.0672e+06
3.0552e+06
3.0411e+06
3.0288e+06
3.0231e+06
3.0269e+06
3.0402e+06
3.0599e+06
3.0805e+06
3.0971e+06
3.1069e+06
3.1105e+06
3.1115e+06
3.115e+06
3.1248e+06
3.1411e+06
3.1603e+06
3.1761e+06
3.1823e+06
3.1751e+06
3.1554e+06
3.1281e+06
3.1003e+06
3.079e+06
3.0678e+06
3.0662e+06
3.0698e+06
3.0732e+06
3.0722e+06
3.0658e+06
3.0566e+06
3.0492e+06
3.048e+06
3.0552e+06
3.0693e+06
3.0857e+06
3.0989e+06
3.1049e+06
3.1028e+06
3.0955e+06
3.0882e+06
3.0853e+06
3.0888e+06
3.0964e+06
3.1029e+06
3.1023e+06
3.091e+06
3.0691e+06
3.0408e+06
3.0127e+06
2.991e+06
2.9791e+06
2.9759e+06
2.9773e+06
2.9779e+06
2.974e+06
2.9652e+06
2.9545e+06
2.947e+06
2.9472e+06
2.957e+06
2.9743e+06
2.9938e+06
3.0097e+06
3.0177e+06
3.0175e+06
3.0122e+06
3.0072e+06
3.0069e+06
3.0129e+06
3.0227e+06
3.0305e+06
3.0308e+06
3.0202e+06
2.9994e+06
2.9729e+06
2.9467e+06
2.9261e+06
2.9134e+06
2.9068e+06
2.9024e+06
2.896e+06
2.8854e+06
2.8718e+06
2.8586e+06
2.8501e+06
2.8491e+06
2.8554e+06
2.866e+06
2.8762e+06
2.8818e+06
2.8816e+06
2.8776e+06
2.874e+06
2.8754e+06
2.884e+06
2.8983e+06
2.9135e+06
2.9237e+06
2.9246e+06
2.9151e+06
2.8978e+06
2.8777e+06
2.8598e+06
2.8468e+06
2.8383e+06
2.8313e+06
2.8221e+06
2.8086e+06
2.7911e+06
2.7723e+06
2.7557e+06
2.7442e+06
2.7385e+06
2.7369e+06
2.7368e+06
2.7358e+06
2.7335e+06
2.7313e+06
2.7319e+06
2.7373e+06
2.7476e+06
2.7604e+06
2.7718e+06
2.7782e+06
2.7782e+06
2.7733e+06
2.7673e+06
2.7642e+06
2.7661e+06
2.7714e+06
2.7761e+06
2.7748e+06
2.764e+06
2.7436e+06
2.7168e+06
2.6894e+06
2.6665e+06
2.6507e+06
2.6408e+06
2.6333e+06
2.6241e+06
2.6111e+06
2.5956e+06
2.5814e+06
2.5733e+06
2.5745e+06
2.5847e+06
2.6004e+06
2.6161e+06
2.6276e+06
2.6332e+06
2.6352e+06
2.6377e+06
2.645e+06
2.6587e+06
2.6764e+06
2.6928e+06
2.7025e+06
2.702e+06
2.6919e+06
2.6761e+06
2.66e+06
2.6479e+06
2.6404e+06
2.635e+06
2.6272e+06
2.6136e+06
2.5939e+06
2.571e+06
2.5498e+06
2.5349e+06
2.5277e+06
2.5264e+06
2.5261e+06
2.5223e+06
2.5125e+06
2.4981e+06
2.4831e+06
2.473e+06
2.4713e+06
2.4784e+06
2.4911e+06
2.5045e+06
2.5141e+06
2.5182e+06
2.5184e+06
2.5181e+06
2.5204e+06
2.5264e+06
2.5343e+06
2.5403e+06
2.5412e+06
2.5357e+06
2.5254e+06
2.5138e+06
2.5042e+06
2.4978e+06
2.493e+06
2.4866e+06
2.4755e+06
2.4586e+06
2.4377e+06
2.4164e+06
2.3984e+06
2.3854e+06
2.3763e+06
2.3684e+06
2.3584e+06
2.3454e+06
2.3308e+06
2.3183e+06
2.3117e+06
2.3129e+06
2.3207e+06
2.3312e+06
2.3399e+06
2.3439e+06
2.3435e+06
2.3416e+06
2.3426e+06
2.3492e+06
2.3613e+06
2.3754e+06
2.3867e+06
2.3915e+06
2.3893e+06
2.383e+06
2.3768e+06
2.3745e+06
2.3764e+06
2.3795e+06
2.3789e+06
2.3707e+06
2.3542e+06
2.3319e+06
2.3088e+06
2.2892e+06
2.2749e+06
2.264e+06
2.2528e+06
2.2376e+06
2.2175e+06
2.195e+06
2.1745e+06
2.1606e+06
2.1552e+06
2.1567e+06
2.161e+06
2.1639e+06
2.1632e+06
2.1598e+06
2.1572e+06
2.1596e+06
2.1689e+06
2.1841e+06
2.2013e+06
2.2161e+06
2.2256e+06
2.2304e+06
2.2331e+06
2.2376e+06
2.2458e+06
2.2568e+06
2.2671e+06
2.2728e+06
2.2717e+06
2.2645e+06
2.2546e+06
2.2458e+06
2.2399e+06
2.236e+06
2.2309e+06
2.2213e+06
2.2058e+06
2.1861e+06
2.1662e+06
2.1499e+06
2.1388e+06
2.1314e+06
2.1239e+06
2.1125e+06
2.0958e+06
2.0754e+06
2.0553e+06
2.0396e+06
2.0306e+06
2.0275e+06
2.027e+06
2.0259e+06
2.0225e+06
2.0181e+06
2.0157e+06
2.0188e+06
2.0284e+06
2.0428e+06
2.0582e+06
2.0706e+06
2.0783e+06
2.0824e+06
2.0863e+06
2.0932e+06
2.1045e+06
2.1184e+06
2.1315e+06
2.1402e+06
2.1435e+06
2.1427e+06
2.141e+06
2.1412e+06
2.1436e+06
2.146e+06
2.1448e+06
2.1376e+06
2.1248e+06
2.1093e+06
2.0953e+06
2.0854e+06
2.0789e+06
2.0724e+06
2.0614e+06
2.0434e+06
2.0189e+06
1.9921e+06
1.9681e+06
1.9508e+06
1.9407e+06
1.935e+06
1.9298e+06
1.9218e+06
1.9109e+06
1.8993e+06
1.89e+06
1.8854e+06
1.8852e+06
1.8873e+06
1.8891e+06
1.8893e+06
1.8887e+06
1.8898e+06
1.8947e+06
1.9037e+06
1.9149e+06
1.925e+06
1.9316e+06
1.9348e+06
1.9373e+06
1.9428e+06
1.9536e+06
1.9689e+06
1.9847e+06
1.996e+06
1.9997e+06
1.9961e+06
1.9888e+06
1.9827e+06
1.9809e+06
1.9829e+06
1.9852e+06
1.9833e+06
1.9748e+06
1.9609e+06
1.9455e+06
1.933e+06
1.9253e+06
1.9203e+06
1.9138e+06
1.9017e+06
1.8826e+06
1.859e+06
1.8357e+06
1.817e+06
1.8041e+06
1.7948e+06
1.7846e+06
1.7701e+06
1.7508e+06
1.7295e+06
1.7108e+06
1.6982e+06
1.6922e+06
1.6901e+06
1.6875e+06
1.6816e+06
1.6719e+06
1.6611e+06
1.6527e+06
1.6495e+06
1.6515e+06
1.6568e+06
1.6626e+06
1.6674e+06
1.6718e+06
1.6776e+06
1.6862e+06
1.6973e+06
1.7091e+06
1.719e+06
1.7256e+06
1.7302e+06
1.7353e+06
1.7439e+06
1.7564e+06
1.7707e+06
1.783e+06
1.7903e+06
1.7922e+06
1.7914e+06
1.7916e+06
1.7956e+06
1.8027e+06
1.8094e+06
1.8116e+06
1.8074e+06
1.7982e+06
1.7885e+06
1.7826e+06
1.7819e+06
1.7838e+06
1.7833e+06
1.7762e+06
1.7617e+06
1.743e+06
1.7251e+06
1.7118e+06
1.7033e+06
1.6961e+06
1.6853e+06
1.6685e+06
1.647e+06
1.6257e+06
1.6098e+06
1.6016e+06
1.5992e+06
1.5971e+06
1.5902e+06
1.5763e+06
1.5576e+06
1.5387e+06
1.5246e+06
1.5169e+06
1.5139e+06
1.5116e+06
1.5067e+06
1.4987e+06
1.4898e+06
1.4837e+06
1.4825e+06
1.4858e+06
1.4908e+06
1.4944e+06
1.4954e+06
1.495e+06
1.4962e+06
1.5012e+06
1.5104e+06
1.5216e+06
1.5317e+06
1.5388e+06
1.5436e+06
1.5482e+06
1.555e+06
1.5644e+06
1.5748e+06
1.5833e+06
1.5885e+06
1.5912e+06
1.5945e+06
1.6015e+06
1.6129e+06
1.6261e+06
1.6369e+06
1.6419e+06
1.641e+06
1.6375e+06
1.6357e+06
1.6384e+06
1.6447e+06
1.6504e+06
1.6514e+06
1.6464e+06
1.6382e+06
1.632e+06
1.6319e+06
1.6377e+06
1.6452e+06
1.6481e+06
1.6428e+06
1.6298e+06
1.6141e+06
1.6014e+06
1.5949e+06
1.5929e+06
1.5905e+06
1.5828e+06
1.5685e+06
1.5504e+06
1.5339e+06
1.5229e+06
1.5174e+06
1.5138e+06
1.507e+06
1.4942e+06
1.476e+06
1.4566e+06
1.4404e+06
1.4293e+06
1.422e+06
1.4151e+06
1.4054e+06
1.3923e+06
1.3775e+06
1.3638e+06
1.3531e+06
1.3451e+06
1.338e+06
1.33e+06
1.3207e+06
1.3111e+06
1.3025e+06
1.2953e+06
1.2887e+06
1.2812e+06
1.2725e+06
1.264e+06
1.2581e+06
1.2568e+06
1.2598e+06
1.2645e+06
1.2671e+06
1.2656e+06
1.2609e+06
1.2564e+06
1.2563e+06
1.2622e+06
1.2723e+06
1.282e+06
1.2875e+06
1.2879e+06
1.286e+06
1.2867e+06
1.2937e+06
1.3068e+06
1.3222e+06
1.3347e+06
1.3416e+06
1.3438e+06
1.3457e+06
1.3516e+06
1.3634e+06
1.379e+06
1.3942e+06
1.4054e+06
1.4117e+06
1.4157e+06
1.4208e+06
1.4293e+06
1.4407e+06
1.4526e+06
1.4626e+06
1.4699e+06
1.4756e+06
1.4817e+06
1.4891e+06
1.4973e+06
1.5052e+06
1.512e+06
1.5183e+06
1.5253e+06
1.5334e+06
1.5412e+06
1.5464e+06
1.5472e+06
1.5443e+06
1.5409e+06
1.541e+06
1.5465e+06
1.5554e+06
1.563e+06
1.5646e+06
1.559e+06
1.5492e+06
1.5408e+06
1.5385e+06
1.5426e+06
1.5494e+06
1.5535e+06
1.5518e+06
1.545e+06
1.537e+06
1.5315e+06
1.5295e+06
1.5286e+06
1.5252e+06
1.5177e+06
1.5079e+06
1.5e+06
1.4973e+06
1.4999e+06
1.504e+06
1.5045e+06
1.4987e+06
1.4874e+06
1.4746e+06
1.4644e+06
1.4584e+06
1.4553e+06
1.452e+06
1.4465e+06
1.4392e+06
1.4318e+06
1.4257e+06
1.4206e+06
1.4146e+06
1.4058e+06
1.3944e+06
1.3823e+06
1.372e+06
1.3641e+06
1.3569e+06
1.3476e+06
1.3344e+06
1.3183e+06
1.3027e+06
1.2909e+06
1.2835e+06
1.2777e+06
1.2696e+06
1.2568e+06
1.2406e+06
1.2252e+06
1.2144e+06
1.2089e+06
1.2056e+06
1.1998e+06
1.1887e+06
1.1733e+06
1.1579e+06
1.1467e+06
1.1406e+06
1.1365e+06
1.1295e+06
1.1164e+06
1.0982e+06
1.0791e+06
1.0637e+06
1.0543e+06
1.0493e+06
1.045e+06
1.0383e+06
1.0288e+06
1.0184e+06
1.0095e+06
1.0024e+06
9.9556e+05
9.868e+05
9.7505e+05
9.6122e+05
9.4738e+05
9.3509e+05
9.2438e+05
9.1412e+05
9.0345e+05
8.9279e+05
8.8346e+05
8.7625e+05
8.7015e+05
8.6264e+05
8.5154e+05
8.3683e+05
8.2117e+05
8.0827e+05
8.0019e+05
7.956e+05
7.9069e+05
7.8205e+05
7.6925e+05
7.5528e+05
7.4432e+05
7.3845e+05
7.3573e+05
7.3157e+05
7.2223e+05
7.0768e+05
6.919e+05
6.8022e+05
6.7543e+05
6.755e+05
6.7516e+05
6.6984e+05
6.5876e+05
6.4523e+05
6.3414e+05
6.2827e+05
6.2624e+05
6.2392e+05
6.1785e+05
