1.6802e+06
1.4683e+06
1.3331e+06
1.4166e+06
1.6612e+06
1.8946e+06
1.9939e+06
1.9138e+06
1.6817e+06
1.4024e+06
1.2537e+06
1.3533e+06
1.5918e+06
1.7987e+06
1.8878e+06
1.8563e+06
1.7657e+06
1.7128e+06
1.7655e+06
1.9051e+06
2.0563e+06
2.1554e+06
2.1797e+06
2.1436e+06
2.0802e+06
2.02e+06
1.9775e+06
1.9562e+06
1.961e+06
2.0026e+06
2.0828e+06
2.1813e+06
2.2603e+06
2.2874e+06
2.2579e+06
2.2055e+06
2.189e+06
2.2513e+06
2.3776e+06
2.5051e+06
2.5692e+06
2.5421e+06
2.4467e+06
2.3493e+06
2.3233e+06
2.3923e+06
2.511e+06
2.6095e+06
2.6456e+06
2.6244e+06
2.5883e+06
2.5834e+06
2.6228e+06
2.6788e+06
2.7119e+06
2.7075e+06
2.6878e+06
2.6938e+06
2.7477e+06
2.8279e+06
2.8853e+06
2.8843e+06
2.833e+06
2.7854e+06
2.8068e+06
2.9155e+06
3.0596e+06
3.1588e+06
3.1625e+06
3.0832e+06
2.9974e+06
3.0023e+06
3.1338e+06
3.3267e+06
3.4693e+06
3.4805e+06
3.3512e+06
3.1529e+06
3.0114e+06
3.0248e+06
3.1735e+06
3.3415e+06
3.4202e+06
3.3755e+06
3.2614e+06
3.1913e+06
3.2581e+06
3.4501e+06
3.6642e+06
3.7955e+06
3.7997e+06
3.7082e+06
3.6053e+06
3.5716e+06
3.6209e+06
3.6919e+06
3.706e+06
3.6295e+06
3.4984e+06
3.399e+06
3.4057e+06
3.5139e+06
3.6438e+06
3.7113e+06
3.6882e+06
3.6196e+06
3.594e+06
3.6737e+06
3.8337e+06
3.9794e+06
4.0189e+06
3.9191e+06
3.7268e+06
3.5513e+06
3.5006e+06
3.5915e+06
3.7335e+06
3.8118e+06
3.7686e+06
3.6342e+06
3.5124e+06
3.5138e+06
3.6595e+06
3.8585e+06
3.9873e+06
3.9727e+06
3.8274e+06
3.6454e+06
3.5541e+06
3.6183e+06
3.7785e+06
3.9044e+06
3.8921e+06
3.7197e+06
3.461e+06
3.264e+06
3.2635e+06
3.4568e+06
3.7051e+06
3.8566e+06
3.8308e+06
3.6411e+06
3.3885e+06
3.2243e+06
3.2548e+06
3.4447e+06
3.6539e+06
3.7515e+06
3.677e+06
3.453e+06
3.1764e+06
2.986e+06
2.9794e+06
3.1282e+06
3.3086e+06
3.4029e+06
3.356e+06
3.186e+06
2.975e+06
2.8392e+06
2.8596e+06
3.0137e+06
3.1987e+06
3.3111e+06
3.2959e+06
3.1587e+06
2.9619e+06
2.8049e+06
2.7726e+06
2.8708e+06
3.0223e+06
3.1299e+06
3.1328e+06
3.0271e+06
2.8653e+06
2.7383e+06
2.7259e+06
2.835e+06
2.9941e+06
3.1139e+06
3.1404e+06
3.076e+06
2.976e+06
2.9215e+06
2.9666e+06
3.0933e+06
3.2271e+06
3.2932e+06
3.2593e+06
3.1522e+06
3.0489e+06
3.0347e+06
3.1373e+06
3.2992e+06
3.425e+06
3.4446e+06
3.3497e+06
3.2022e+06
3.1126e+06
3.1706e+06
3.3655e+06
3.5937e+06
3.7411e+06
3.7457e+06
3.621e+06
3.4535e+06
3.366e+06
3.4374e+06
3.6329e+06
3.8378e+06
3.9452e+06
3.9107e+06
3.7665e+06
3.6069e+06
3.5402e+06
3.6119e+06
3.7685e+06
3.9065e+06
3.9476e+06
3.8757e+06
3.739e+06
3.6225e+06
3.5944e+06
3.656e+06
3.7453e+06
3.7894e+06
3.7538e+06
3.6578e+06
3.5604e+06
3.5196e+06
3.5485e+06
3.6057e+06
3.6304e+06
3.5872e+06
3.488e+06
3.387e+06
3.346e+06
3.3876e+06
3.4747e+06
3.5396e+06
3.5315e+06
3.4451e+06
3.3253e+06
3.2439e+06
3.2528e+06
3.3417e+06
3.4453e+06
3.4903e+06
3.4382e+06
3.303e+06
3.1476e+06
3.055e+06
3.0749e+06
3.1828e+06
3.3003e+06
3.3514e+06
3.302e+06
3.1729e+06
3.0333e+06
2.9692e+06
3.0265e+06
3.1735e+06
3.3283e+06
3.4162e+06
3.4057e+06
3.3187e+06
3.2213e+06
3.1924e+06
3.2729e+06
3.4348e+06
3.6052e+06
3.715e+06
3.7312e+06
3.6659e+06
3.5686e+06
3.5034e+06
3.5134e+06
3.595e+06
3.7043e+06
3.7892e+06
3.8171e+06
3.7864e+06
3.7217e+06
3.6602e+06
3.6328e+06
3.6496e+06
3.6985e+06
3.7561e+06
3.8014e+06
3.8237e+06
3.8233e+06
3.8083e+06
3.7897e+06
3.7773e+06
3.7758e+06
3.7836e+06
3.7921e+06
3.7888e+06
3.7623e+06
3.7077e+06
3.63e+06
3.5442e+06
3.4692e+06
3.4193e+06
3.3956e+06
3.3864e+06
3.3743e+06
3.3466e+06
3.3028e+06
3.2541e+06
3.217e+06
3.2027e+06
3.2099e+06
3.226e+06
3.236e+06
3.2318e+06
3.2173e+06
3.2057e+06
3.2102e+06
3.2341e+06
3.2674e+06
3.2923e+06
3.295e+06
3.2752e+06
3.2485e+06
3.2398e+06
3.2678e+06
3.3313e+06
3.4077e+06
3.4663e+06
3.4863e+06
3.4695e+06
3.4421e+06
3.4421e+06
3.4965e+06
3.6011e+06
3.7215e+06
3.8133e+06
3.8469e+06
3.821e+06
3.7634e+06
3.7175e+06
3.7168e+06
3.7629e+06
3.8242e+06
3.8572e+06
3.833e+06
3.7527e+06
3.6479e+06
3.565e+06
3.5381e+06
3.5656e+06
3.6118e+06
3.6318e+06
3.5984e+06
3.517e+06
3.4228e+06
3.363e+06
3.3671e+06
3.4257e+06
3.4963e+06
3.5305e+06
3.5006e+06
3.4127e+06
3.3054e+06
3.2337e+06
3.2386e+06
3.3189e+06
3.4316e+06
3.5195e+06
3.5424e+06
3.4932e+06
3.4016e+06
3.3232e+06
3.3119e+06
3.3864e+06
3.5159e+06
3.6418e+06
3.7119e+06
3.7049e+06
3.6383e+06
3.5614e+06
3.5322e+06
3.5825e+06
3.6958e+06
3.8192e+06
3.8976e+06
3.9025e+06
3.8438e+06
3.7653e+06
3.7232e+06
3.7518e+06
3.8395e+06
3.9353e+06
3.9809e+06
3.941e+06
3.8188e+06
3.6571e+06
3.5236e+06
3.4767e+06
3.5276e+06
3.6311e+06
3.7162e+06
3.7247e+06
3.6345e+06
3.4661e+06
3.2788e+06
3.1511e+06
3.141e+06
3.246e+06
3.4052e+06
3.5401e+06
3.5934e+06
3.5458e+06
3.4203e+06
3.2778e+06
3.1979e+06
3.2382e+06
3.3942e+06
3.6018e+06
3.7796e+06
3.8668e+06
3.8421e+06
3.7284e+06
3.5881e+06
3.5014e+06
3.5253e+06
3.6541e+06
3.8242e+06
3.9573e+06
3.9993e+06
3.939e+06
3.8101e+06
3.6786e+06
3.613e+06
3.6446e+06
3.7469e+06
3.857e+06
3.9162e+06
3.8973e+06
3.8131e+06
3.7081e+06
3.6362e+06
3.6304e+06
3.6815e+06
3.7461e+06
3.7749e+06
3.7382e+06
3.6389e+06
3.5112e+06
3.4071e+06
3.3701e+06
3.4091e+06
3.4917e+06
3.5657e+06
3.587e+06
3.5392e+06
3.4406e+06
3.3396e+06
3.2955e+06
3.3454e+06
3.4777e+06
3.6394e+06
3.7678e+06
3.8208e+06
3.7913e+06
3.7097e+06
3.6321e+06
3.6145e+06
3.6792e+06
3.8003e+06
3.9213e+06
3.9892e+06
3.9778e+06
3.8965e+06
3.7847e+06
3.694e+06
3.6615e+06
3.688e+06
3.7397e+06
3.772e+06
3.7543e+06
3.6836e+06
3.5844e+06
3.4968e+06
3.4559e+06
3.4717e+06
3.5232e+06
3.573e+06
3.5878e+06
3.5545e+06
3.4851e+06
3.4124e+06
3.3761e+06
3.4021e+06
3.4866e+06
3.5985e+06
3.6971e+06
3.7508e+06
3.7496e+06
3.7065e+06
3.6521e+06
3.621e+06
3.6349e+06
3.6915e+06
3.7678e+06
3.8342e+06
3.8689e+06
3.865e+06
3.8305e+06
3.7818e+06
3.7354e+06
3.7012e+06
3.6804e+06
3.6693e+06
3.6638e+06
3.6623e+06
3.6656e+06
3.6729e+06
3.6801e+06
3.679e+06
3.662e+06
3.6262e+06
3.5777e+06
3.5318e+06
3.5085e+06
3.5236e+06
3.5797e+06
3.6638e+06
3.7519e+06
3.8204e+06
3.8552e+06
3.8571e+06
3.8414e+06
3.831e+06
3.845e+06
3.8889e+06
3.9518e+06
4.0132e+06
4.0543e+06
4.0669e+06
4.0559e+06
4.0345e+06
4.0157e+06
4.0037e+06
3.9911e+06
3.9637e+06
3.9099e+06
3.8292e+06
3.7349e+06
3.65e+06
3.5973e+06
3.5866e+06
3.6088e+06
3.6397e+06
3.6519e+06
3.6272e+06
3.5646e+06
3.4821e+06
3.4127e+06
3.3916e+06
3.4387e+06
3.546e+06
3.6805e+06
3.8008e+06
3.8739e+06
3.8875e+06
3.853e+06
3.802e+06
3.7735e+06
3.7952e+06
3.8676e+06
3.964e+06
4.0457e+06
4.0807e+06
4.0564e+06
3.9827e+06
3.8881e+06
3.8072e+06
3.7656e+06
3.7673e+06
3.7951e+06
3.8215e+06
3.8236e+06
3.7929e+06
3.738e+06
3.6807e+06
3.6465e+06
3.6531e+06
3.7013e+06
3.7741e+06
3.8453e+06
3.8905e+06
3.896e+06
3.8639e+06
3.8113e+06
3.7654e+06
3.7526e+06
3.7864e+06
3.8605e+06
3.9513e+06
4.029e+06
4.069e+06
4.06e+06
4.0068e+06
3.9288e+06
3.854e+06
3.8091e+06
3.8089e+06
3.8502e+06
3.9134e+06
3.9716e+06
4.0006e+06
3.9867e+06
3.9297e+06
3.8446e+06
3.7575e+06
3.6998e+06
3.6962e+06
3.7536e+06
3.8567e+06
3.974e+06
4.0703e+06
4.1184e+06
4.1071e+06
4.045e+06
3.9587e+06
3.8852e+06
3.8569e+06
3.8857e+06
3.9558e+06
4.0318e+06
4.0753e+06
4.061e+06
3.9847e+06
3.8657e+06
3.7415e+06
3.6552e+06
3.637e+06
3.6886e+06
3.7832e+06
3.8793e+06
3.939e+06
3.9402e+06
3.8822e+06
3.7862e+06
3.6909e+06
3.6414e+06
3.6697e+06
3.778e+06
3.9364e+06
4.0977e+06
4.2172e+06
4.2666e+06
4.2404e+06
4.1561e+06
4.0493e+06
3.9617e+06
3.9249e+06
3.9466e+06
4.0086e+06
4.0779e+06
4.1226e+06
4.123e+06
4.0759e+06
3.9929e+06
3.895e+06
3.806e+06
3.7447e+06
3.7194e+06
3.7275e+06
3.7587e+06
3.8e+06
3.8409e+06
3.875e+06
3.9004e+06
3.9175e+06
3.9282e+06
3.9338e+06
3.9354e+06
3.9341e+06
3.9319e+06
3.9311e+06
3.9343e+06
3.9421e+06
3.9532e+06
3.9637e+06
3.9685e+06
3.9636e+06
3.9468e+06
3.919e+06
3.884e+06
3.847e+06
3.8138e+06
3.7891e+06
3.7764e+06
3.7779e+06
3.7941e+06
3.8246e+06
3.8674e+06
3.9183e+06
3.9707e+06
4.0164e+06
4.047e+06
4.0562e+06
4.0423e+06
4.0094e+06
3.9673e+06
3.9288e+06
3.9049e+06
3.9006e+06
3.9123e+06
3.929e+06
3.9371e+06
3.9256e+06
3.8905e+06
3.8363e+06
3.7758e+06
3.7259e+06
3.7025e+06
3.7148e+06
3.7614e+06
3.8311e+06
3.9069e+06
3.9729e+06
4.0181e+06
4.0401e+06
4.044e+06
4.0399e+06
4.0384e+06
4.0457e+06
4.0612e+06
4.0781e+06
4.0874e+06
4.0819e+06
4.0593e+06
4.0231e+06
3.9808e+06
3.9411e+06
3.9108e+06
3.8925e+06
3.885e+06
3.8846e+06
3.8874e+06
3.8912e+06
3.8963e+06
3.9046e+06
3.9187e+06
3.9395e+06
3.9657e+06
3.9937e+06
4.019e+06
4.0382e+06
4.0503e+06
4.0561e+06
4.057e+06
4.0531e+06
4.0417e+06
4.0184e+06
3.979e+06
3.9229e+06
3.8551e+06
3.7869e+06
3.7332e+06
3.7081e+06
3.7188e+06
3.7623e+06
3.8248e+06
3.8867e+06
3.9285e+06
3.9371e+06
3.9109e+06
3.8617e+06
3.8138e+06
3.7957e+06
3.8285e+06
3.9131e+06
4.0278e+06
4.1369e+06
4.2042e+06
4.2056e+06
4.1359e+06
4.0107e+06
3.8639e+06
3.7382e+06
3.6712e+06
3.6794e+06
3.7502e+06
3.8498e+06
3.9378e+06
3.9821e+06
3.9663e+06
3.8946e+06
3.7915e+06
3.698e+06
3.659e+06
3.7029e+06
3.8247e+06
3.9868e+06
4.1362e+06
4.2259e+06
4.2275e+06
4.1378e+06
3.9794e+06
3.797e+06
3.6465e+06
3.5765e+06
3.6069e+06
3.7191e+06
3.8684e+06
4.0051e+06
4.0909e+06
4.1061e+06
4.0514e+06
3.9474e+06
3.8312e+06
3.7467e+06
3.7293e+06
3.789e+06
3.9046e+06
4.035e+06
4.1369e+06
4.1789e+06
4.1485e+06
4.0529e+06
3.916e+06
3.7719e+06
3.6559e+06
3.5935e+06
3.5922e+06
3.6407e+06
3.7153e+06
3.7898e+06
3.8432e+06
3.8632e+06
3.8482e+06
3.806e+06
3.7523e+06
3.7058e+06
3.6834e+06
3.6938e+06
3.7353e+06
3.7958e+06
3.8583e+06
3.9056e+06
3.9245e+06
3.9085e+06
3.8583e+06
3.7815e+06
3.6915e+06
3.606e+06
3.5443e+06
3.5233e+06
3.553e+06
3.6326e+06
3.7494e+06
3.8816e+06
4.0032e+06
4.0903e+06
4.1268e+06
4.1081e+06
4.0435e+06
3.955e+06
3.872e+06
3.8216e+06
3.8176e+06
3.8544e+06
3.9102e+06
3.9566e+06
3.9697e+06
3.9359e+06
3.8552e+06
3.7402e+06
3.6147e+06
3.5097e+06
3.4567e+06
3.4768e+06
3.5703e+06
3.7146e+06
3.8718e+06
4.0012e+06
4.0705e+06
4.0625e+06
3.9789e+06
3.8409e+06
3.6851e+06
3.5552e+06
3.4877e+06
3.497e+06
3.5701e+06
3.6752e+06
3.7763e+06
3.8443e+06
3.8623e+06
3.8267e+06
3.7468e+06
3.644e+06
3.5483e+06
3.4922e+06
3.4985e+06
3.5706e+06
3.6886e+06
3.8186e+06
3.9243e+06
3.9778e+06
3.9653e+06
3.8883e+06
3.7629e+06
3.6159e+06
3.4802e+06
3.3866e+06
3.3554e+06
3.3904e+06
3.4782e+06
3.5946e+06
3.7121e+06
3.8063e+06
3.8601e+06
3.8655e+06
3.8249e+06
3.7507e+06
3.6634e+06
3.5869e+06
3.5419e+06
3.5384e+06
3.5731e+06
3.6305e+06
3.69e+06
3.7319e+06
3.7428e+06
3.7166e+06
3.6556e+06
3.5687e+06
3.4708e+06
3.3794e+06
3.3121e+06
3.2817e+06
3.2925e+06
3.3386e+06
3.4056e+06
3.475e+06
3.5294e+06
3.5559e+06
3.5484e+06
3.5081e+06
3.4432e+06
3.3671e+06
3.2963e+06
3.2462e+06
3.2277e+06
3.2436e+06
3.2876e+06
3.3463e+06
3.4028e+06
3.4414e+06
3.4503e+06
3.4245e+06
3.3661e+06
3.2844e+06
3.194e+06
3.112e+06
3.0537e+06
3.0291e+06
3.0396e+06
3.0789e+06
3.1351e+06
3.194e+06
3.2427e+06
3.2713e+06
3.2748e+06
3.2537e+06
3.215e+06
3.1706e+06
3.1353e+06
3.1214e+06
3.1348e+06
3.1716e+06
3.2194e+06
3.2616e+06
3.2825e+06
3.2717e+06
3.2259e+06
3.1494e+06
3.0536e+06
2.9552e+06
2.8735e+06
2.8262e+06
2.8242e+06
2.8673e+06
2.9433e+06
3.032e+06
3.1105e+06
3.159e+06
3.1646e+06
3.1238e+06
3.0422e+06
2.9339e+06
2.8191e+06
2.7197e+06
2.6541e+06
2.6322e+06
2.6529e+06
2.705e+06
2.7723e+06
2.8378e+06
2.8876e+06
2.9127e+06
2.9099e+06
2.8814e+06
2.8344e+06
2.779e+06
2.7256e+06
2.6827e+06
2.6549e+06
2.6422e+06
2.6415e+06
2.6482e+06
2.6577e+06
2.6668e+06
2.6733e+06
2.6758e+06
2.6733e+06
2.6649e+06
2.6501e+06
2.6289e+06
2.6025e+06
2.5735e+06
2.5459e+06
2.5242e+06
2.5127e+06
2.5133e+06
2.5256e+06
2.546e+06
2.5695e+06
2.5902e+06
2.6031e+06
2.6051e+06
2.5951e+06
2.5748e+06
2.5485e+06
2.5224e+06
2.5034e+06
2.4964e+06
2.5029e+06
2.5198e+06
2.5402e+06
2.5562e+06
2.5609e+06
2.5515e+06
2.5291e+06
2.4991e+06
2.4695e+06
2.4489e+06
2.4437e+06
2.4565e+06
2.4844e+06
2.5198e+06
2.5524e+06
2.5716e+06
2.5698e+06
2.5443e+06
2.4988e+06
2.4424e+06
2.388e+06
2.3485e+06
2.333e+06
2.3437e+06
2.3757e+06
2.419e+06
2.4619e+06
2.4938e+06
2.5066e+06
2.4969e+06
2.4663e+06
2.4223e+06
2.3775e+06
2.3465e+06
2.3412e+06
2.3656e+06
2.4141e+06
2.473e+06
2.5259e+06
2.5586e+06
2.5621e+06
2.5339e+06
2.478e+06
2.4041e+06
2.3263e+06
2.2611e+06
2.2231e+06
2.2208e+06
2.2531e+06
2.31e+06
2.3756e+06
2.4337e+06
2.4718e+06
2.4826e+06
2.4655e+06
2.4251e+06
2.3714e+06
2.317e+06
2.2758e+06
2.2589e+06
2.2716e+06
2.3111e+06
2.3669e+06
2.4245e+06
2.4693e+06
2.49e+06
2.4806e+06
2.4416e+06
2.379e+06
2.303e+06
2.2266e+06
2.1626e+06
2.1222e+06
2.1122e+06
2.134e+06
2.1833e+06
2.251e+06
2.3252e+06
2.3937e+06
2.4455e+06
2.473e+06
2.4725e+06
2.445e+06
2.3959e+06
2.334e+06
2.27e+06
2.2147e+06
2.177e+06
2.1619e+06
2.1698e+06
2.1967e+06
2.2353e+06
2.2769e+06
2.3128e+06
2.336e+06
2.3424e+06
2.3317e+06
2.3076e+06
2.2771e+06
2.2495e+06
2.234e+06
2.2376e+06
2.2625e+06
2.3056e+06
2.3588e+06
2.4111e+06
2.4509e+06
2.4682e+06
2.4572e+06
2.4174e+06
2.3542e+06
2.2791e+06
2.2071e+06
2.154e+06
2.1315e+06
2.1445e+06
2.1896e+06
2.2575e+06
2.3353e+06
2.4093e+06
2.4666e+06
2.497e+06
2.4943e+06
2.4581e+06
2.395e+06
2.318e+06
2.2441e+06
2.1895e+06
2.1639e+06
2.1681e+06
2.1943e+06
2.2313e+06
2.2686e+06
2.2986e+06
2.3172e+06
2.3229e+06
2.3166e+06
2.3017e+06
2.2843e+06
2.2722e+06
2.2723e+06
2.2879e+06
2.3169e+06
2.3518e+06
2.3835e+06
2.4038e+06
2.408e+06
2.3958e+06
2.3707e+06
2.3392e+06
2.3097e+06
2.291e+06
2.291e+06
2.3142e+06
2.3594e+06
2.4197e+06
2.4835e+06
2.5382e+06
2.5732e+06
2.5828e+06
2.5665e+06
2.5289e+06
2.4788e+06
2.4267e+06
2.3833e+06
2.3577e+06
2.3548e+06
2.3746e+06
2.4117e+06
2.4563e+06
2.4975e+06
2.5256e+06
2.5344e+06
2.523e+06
2.495e+06
2.4581e+06
2.4222e+06
2.3968e+06
2.3895e+06
2.4035e+06
2.437e+06
2.4834e+06
2.5328e+06
2.5742e+06
2.5981e+06
2.5986e+06
2.5744e+06
2.5294e+06
2.4718e+06
2.4126e+06
2.3636e+06
2.3348e+06
2.3331e+06
2.3602e+06
2.4125e+06
2.4818e+06
2.5564e+06
2.6238e+06
2.6728e+06
2.6952e+06
2.6871e+06
2.65e+06
2.5895e+06
2.515e+06
2.4377e+06
2.3688e+06
2.3181e+06
2.2924e+06
2.2944e+06
2.3229e+06
2.3727e+06
2.4354e+06
2.5007e+06
2.5578e+06
2.5975e+06
2.6132e+06
2.6023e+06
2.5664e+06
2.511e+06
2.4447e+06
2.3778e+06
2.3205e+06
2.2822e+06
2.2695e+06
2.2856e+06
2.329e+06
2.3933e+06
2.4674e+06
2.5385e+06
2.5938e+06
2.6231e+06
2.6208e+06
2.5864e+06
2.5248e+06
2.4449e+06
2.3592e+06
2.282e+06
2.2275e+06
2.2073e+06
2.2274e+06
2.2853e+06
2.3707e+06
2.4678e+06
2.5593e+06
2.6297e+06
2.6674e+06
2.6658e+06
2.624e+06
2.5465e+06
2.4434e+06
2.3306e+06
2.2282e+06
2.1575e+06
2.1352e+06
2.1669e+06
2.2446e+06
2.3506e+06
2.4641e+06
2.5665e+06
2.6434e+06
2.6848e+06
2.6849e+06
2.6421e+06
2.5597e+06
2.4474e+06
2.3225e+06
2.2091e+06
2.1341e+06
2.1187e+06
2.1693e+06
2.2751e+06
2.414e+06
2.5618e+06
2.6974e+06
2.8045e+06
2.8708e+06
2.8881e+06
2.8532e+06
2.7689e+06
2.6455e+06
2.5012e+06
2.3607e+06
2.2516e+06
2.1968e+06
2.2068e+06
2.2765e+06
2.3891e+06
2.5231e+06
2.6579e+06
2.7759e+06
2.8627e+06
2.9085e+06
2.9085e+06
2.8643e+06
2.784e+06
2.682e+06
2.5767e+06
2.4875e+06
2.431e+06
2.4169e+06
2.446e+06
2.5107e+06
2.5975e+06
2.6909e+06
2.7757e+06
2.8396e+06
2.8743e+06
2.8768e+06
2.8489e+06
2.7968e+06
2.7301e+06
2.6597e+06
2.5964e+06
2.5491e+06
2.5234e+06
2.5212e+06
2.5405e+06
2.576e+06
2.6205e+06
2.6665e+06
2.7073e+06
2.7388e+06
2.7593e+06
2.7694e+06
2.7711e+06
2.7665e+06
2.7573e+06
2.7441e+06
2.7266e+06
2.7046e+06
2.679e+06
2.6518e+06
2.6265e+06
2.6069e+06
2.5968e+06
2.5989e+06
2.6141e+06
2.6423e+06
2.6815e+06
2.7279e+06
2.7763e+06
2.8197e+06
2.8509e+06
2.8634e+06
2.8537e+06
2.8221e+06
2.7734e+06
2.7164e+06
2.6621e+06
2.6216e+06
2.6041e+06
2.6143e+06
2.6519e+06
2.7117e+06
2.7847e+06
2.8599e+06
2.926e+06
2.9734e+06
2.9956e+06
2.9902e+06
2.9589e+06
2.9077e+06
2.8456e+06
2.7829e+06
2.7302e+06
2.6963e+06
2.6862e+06
2.7006e+06
2.7356e+06
2.7839e+06
2.8367e+06
2.8857e+06
2.924e+06
2.9475e+06
2.9541e+06
2.9438e+06
2.9184e+06
2.8813e+06
2.8377e+06
2.7941e+06
2.7572e+06
2.7331e+06
2.7253e+06
2.7344e+06
2.758e+06
2.7918e+06
2.8309e+06
2.8699e+06
2.9037e+06
2.9272e+06
2.9363e+06
2.9282e+06
2.903e+06
2.864e+06
2.8174e+06
2.7713e+06
2.7342e+06
2.7132e+06
2.7121e+06
2.7313e+06
2.7675e+06
2.8142e+06
2.8634e+06
2.9066e+06
2.9366e+06
2.9488e+06
2.9423e+06
2.9198e+06
2.8877e+06
2.8539e+06
2.8269e+06
2.8137e+06
2.8183e+06
2.8411e+06
2.8786e+06
2.9245e+06
2.9706e+06
3.0091e+06
3.0342e+06
3.0428e+06
3.0354e+06
3.015e+06
2.9864e+06
2.9548e+06
2.9243e+06
2.8977e+06
2.8765e+06
2.8608e+06
2.8502e+06
2.8435e+06
2.8395e+06
2.8376e+06
2.8378e+06
2.8414e+06
2.8501e+06
2.8649e+06
2.8857e+06
2.9105e+06
2.9358e+06
2.9574e+06
2.9722e+06
2.9785e+06
2.9765e+06
2.9684e+06
2.9575e+06
2.9478e+06
2.9427e+06
2.9445e+06
2.9528e+06
2.9652e+06
2.9773e+06
2.9844e+06
2.9827e+06
2.9711e+06
2.9511e+06
2.9273e+06
2.9055e+06
2.8922e+06
2.8925e+06
2.9091e+06
2.9416e+06
2.9862e+06
3.0361e+06
3.0828e+06
3.118e+06
3.1348e+06
3.1298e+06
3.1031e+06
3.0588e+06
3.004e+06
2.9472e+06
2.8973e+06
2.8618e+06
2.846e+06
2.8517e+06
2.8778e+06
2.9205e+06
2.9737e+06
3.0305e+06
3.0841e+06
3.1283e+06
3.1586e+06
3.172e+06
3.1671e+06
3.1443e+06
3.1056e+06
3.0548e+06
2.9974e+06
2.9401e+06
2.8898e+06
2.8531e+06
2.8349e+06
2.8374e+06
2.86e+06
2.8988e+06
2.948e+06
3.0005e+06
3.0499e+06
3.0911e+06
3.1215e+06
3.1406e+06
3.1493e+06
3.1492e+06
3.1416e+06
3.1269e+06
3.1051e+06
3.0766e+06
3.0425e+06
3.0055e+06
2.9698e+06
2.9402e+06
2.9219e+06
2.9191e+06
2.9345e+06
2.9676e+06
3.0151e+06
3.0701e+06
3.1238e+06
3.167e+06
3.1922e+06
3.1954e+06
3.1774e+06
3.1431e+06
3.1011e+06
3.0611e+06
3.0316e+06
3.017e+06
3.0172e+06
3.0277e+06
3.0419e+06
3.0525e+06
3.0546e+06
3.0462e+06
3.029e+06
3.0085e+06
2.9921e+06
2.988e+06
3.0017e+06
3.0347e+06
3.083e+06
3.1382e+06
3.1897e+06
3.2276e+06
3.245e+06
3.2397e+06
3.2143e+06
3.1754e+06
3.1322e+06
3.094e+06
3.0677e+06
3.0565e+06
3.0593e+06
3.072e+06
3.0889e+06
3.1051e+06
3.1174e+06
3.1255e+06
3.1313e+06
3.138e+06
3.149e+06
3.1655e+06
3.1864e+06
3.2075e+06
3.2235e+06
3.2293e+06
3.222e+06
3.202e+06
3.1734e+06
3.1427e+06
3.1175e+06
3.1045e+06
3.1076e+06
3.127e+06
3.1593e+06
3.1989e+06
3.239e+06
3.2739e+06
3.2999e+06
3.3163e+06
3.3244e+06
3.3273e+06
3.3277e+06
3.327e+06
3.3244e+06
3.3175e+06
3.3037e+06
3.2813e+06
3.2511e+06
3.2161e+06
3.1818e+06
3.1544e+06
3.1399e+06
3.1425e+06
3.1631e+06
3.1998e+06
3.2474e+06
3.2993e+06
3.3489e+06
3.3906e+06
3.421e+06
3.4392e+06
3.4457e+06
3.4422e+06
3.4303e+06
3.411e+06
3.3854e+06
3.3545e+06
3.3204e+06
3.2864e+06
3.2569e+06
3.2367e+06
3.2302e+06
3.2399e+06
3.2653e+06
3.3032e+06
3.3473e+06
3.3901e+06
3.4241e+06
3.4437e+06
3.4463e+06
3.4327e+06
3.4068e+06
3.3745e+06
3.3419e+06
3.314e+06
3.2937e+06
3.2813e+06
3.2756e+06
3.2747e+06
3.2766e+06
3.2801e+06
3.285e+06
3.2913e+06
3.2993e+06
3.3086e+06
3.3185e+06
3.328e+06
3.3358e+06
3.3415e+06
3.3453e+06
3.3483e+06
3.3518e+06
3.3569e+06
3.3637e+06
3.371e+06
3.3765e+06
3.3779e+06
3.3733e+06
3.3626e+06
3.3474e+06
3.3312e+06
3.3184e+06
3.3126e+06
3.3153e+06
3.3249e+06
3.3371e+06
3.3456e+06
3.3451e+06
3.3322e+06
3.307e+06
3.2738e+06
3.2394e+06
3.2118e+06
3.1981e+06
3.2019e+06
3.2229e+06
3.2564e+06
3.2955e+06
3.3326e+06
3.362e+06
3.3808e+06
3.3896e+06
3.3914e+06
3.3907e+06
3.3907e+06
3.3922e+06
3.3932e+06
3.3896e+06
3.3774e+06
3.3542e+06
3.3213e+06
3.2827e+06
3.2453e+06
3.2161e+06
3.2008e+06
3.2021e+06
3.219e+06
3.247e+06
3.2804e+06
3.3133e+06
3.3415e+06
3.3631e+06
3.3791e+06
3.3914e+06
3.4022e+06
3.412e+06
3.4192e+06
3.4203e+06
3.4116e+06
3.3907e+06
3.3578e+06
3.316e+06
3.2705e+06
3.2275e+06
3.1924e+06
3.1687e+06
3.1576e+06
3.1581e+06
3.1679e+06
3.1846e+06
3.2066e+06
3.2333e+06
3.2645e+06
3.2999e+06
3.3381e+06
3.3758e+06
3.4083e+06
3.4306e+06
3.4388e+06
3.4314e+06
3.4099e+06
3.3786e+06
3.3429e+06
3.3081e+06
3.2778e+06
3.2535e+06
3.2345e+06
3.2195e+06
3.2075e+06
3.1987e+06
3.1946e+06
3.1976e+06
3.2089e+06
3.2281e+06
3.2521e+06
3.2753e+06
3.2918e+06
3.2967e+06
3.2883e+06
3.2691e+06
3.2449e+06
3.2233e+06
3.211e+06
3.2108e+06
3.2207e+06
3.2348e+06
3.2451e+06
3.2451e+06
3.2316e+06
3.2062e+06
3.1748e+06
3.1462e+06
3.1289e+06
3.1285e+06
3.1449e+06
3.1727e+06
3.2026e+06
3.225e+06
3.2332e+06
3.2256e+06
3.2058e+06
3.1809e+06
3.1596e+06
3.1482e+06
3.1491e+06
3.1599e+06
3.1751e+06
3.1882e+06
3.1948e+06
3.193e+06
3.1846e+06
3.1736e+06
3.165e+06
3.163e+06
3.1696e+06
3.184e+06
3.2031e+06
3.223e+06
3.2397e+06
3.2502e+06
3.2526e+06
3.246e+06
3.23e+06
3.2048e+06
3.1716e+06
3.1329e+06
3.093e+06
3.0573e+06
3.0318e+06
3.0208e+06
3.0258e+06
3.0446e+06
3.072e+06
3.1017e+06
3.1277e+06
3.1471e+06
3.1605e+06
3.1718e+06
3.1868e+06
3.21e+06
3.2419e+06
3.2776e+06
3.3084e+06
3.3244e+06
3.3187e+06
3.2902e+06
3.2444e+06
3.1923e+06
3.1459e+06
3.1146e+06
3.1005e+06
3.0991e+06
3.1011e+06
3.0972e+06
3.0821e+06
3.057e+06
3.0289e+06
3.0094e+06
3.0101e+06
3.0381e+06
3.0921e+06
3.1626e+06
3.2346e+06
3.293e+06
3.3275e+06
3.3355e+06
3.3221e+06
3.2982e+06
3.2748e+06
3.2591e+06
3.2506e+06
3.2427e+06
3.2265e+06
3.1959e+06
3.151e+06
3.0986e+06
3.0491e+06
3.0123e+06
2.993e+06
2.9885e+06
2.9905e+06
2.9892e+06
2.9772e+06
2.9529e+06
2.9215e+06
2.8933e+06
2.8801e+06
2.8899e+06
2.923e+06
2.9711e+06
3.0202e+06
3.0567e+06
3.072e+06
3.066e+06
3.0466e+06
3.0265e+06
3.0176e+06
3.0253e+06
3.0457e+06
3.0677e+06
3.0787e+06
3.0709e+06
3.0445e+06
3.009e+06
2.9792e+06
2.9691e+06
2.9853e+06
3.0227e+06
3.0668e+06
3.0994e+06
3.1061e+06
3.0813e+06
3.03e+06
2.9667e+06
2.9098e+06
2.8747e+06
2.8665e+06
2.8778e+06
2.8929e+06
2.8954e+06
2.8747e+06
2.8303e+06
2.7713e+06
2.7128e+06
2.6707e+06
2.6543e+06
2.6636e+06
2.6892e+06
2.7182e+06
2.7393e+06
2.7475e+06
2.7452e+06
2.7409e+06
2.7453e+06
2.7667e+06
2.8061e+06
2.8568e+06
2.9067e+06
2.9433e+06
2.9583e+06
2.9502e+06
2.9246e+06
2.8917e+06
2.8626e+06
2.8452e+06
2.8414e+06
2.848e+06
2.8585e+06
2.8666e+06
2.8685e+06
2.8628e+06
2.8498e+06
2.8309e+06
2.807e+06
2.7794e+06
2.7502e+06
2.7232e+06
2.7036e+06
2.6968e+06
2.7061e+06
2.7309e+06
2.7653e+06
2.8005e+06
2.8269e+06
2.8377e+06
2.8311e+06
2.8113e+06
2.7865e+06
2.766e+06
2.7561e+06
2.7572e+06
2.764e+06
2.768e+06
2.7617e+06
2.7417e+06
2.7101e+06
2.6731e+06
2.6384e+06
2.6121e+06
2.5963e+06
2.5887e+06
2.5851e+06
2.5811e+06
2.5753e+06
2.5692e+06
2.5671e+06
2.5732e+06
2.5902e+06
2.6168e+06
2.6488e+06
2.6799e+06
2.7048e+06
2.7204e+06
2.7271e+06
2.7283e+06
2.728e+06
2.7299e+06
2.7354e+06
2.7437e+06
2.7522e+06
2.7582e+06
2.7595e+06
2.7544e+06
2.7422e+06
2.7222e+06
2.6946e+06
2.6608e+06
2.6238e+06
2.588e+06
2.5582e+06
2.5381e+06
2.5283e+06
2.5261e+06
2.5266e+06
2.5247e+06
2.5178e+06
2.5074e+06
2.4994e+06
2.5013e+06
2.519e+06
2.5525e+06
2.5949e+06
2.6345e+06
2.659e+06
2.6612e+06
2.6418e+06
2.6102e+06
2.581e+06
2.568e+06
2.5766e+06
2.601e+06
2.6266e+06
2.6368e+06
2.6209e+06
2.5779e+06
2.5172e+06
2.4548e+06
2.4067e+06
2.3818e+06
2.3782e+06
2.3845e+06
2.3872e+06
2.3769e+06
2.3529e+06
2.3233e+06
2.3022e+06
2.3029e+06
2.3312e+06
2.3817e+06
2.4398e+06
2.4889e+06
2.5168e+06
2.5205e+06
2.5072e+06
2.4915e+06
2.4884e+06
2.5065e+06
2.5425e+06
2.5838e+06
2.6149e+06
2.6256e+06
2.6146e+06
2.5903e+06
2.566e+06
2.5528e+06
2.5539e+06
2.5622e+06
2.5643e+06
2.5475e+06
2.5049e+06
2.439e+06
2.3605e+06
2.2851e+06
2.2276e+06
2.1962e+06
2.1898e+06
2.1994e+06
2.2129e+06
2.2203e+06
2.2158e+06
2.1993e+06
2.1749e+06
2.1494e+06
2.1302e+06
2.1231e+06
2.1309e+06
2.1528e+06
2.1848e+06
2.2211e+06
2.2554e+06
2.2832e+06
2.3023e+06
2.3134e+06
2.32e+06
2.3263e+06
2.3356e+06
2.3483e+06
2.3616e+06
2.3711e+06
2.3727e+06
2.3655e+06
2.3527e+06
2.3408e+06
2.3369e+06
2.3448e+06
2.3628e+06
2.3838e+06
2.3987e+06
2.3997e+06
2.3844e+06
2.3563e+06
2.3238e+06
2.297e+06
2.2836e+06
2.2853e+06
2.2979e+06
2.3136e+06
2.3251e+06
2.3288e+06
2.3252e+06
2.3181e+06
2.3119e+06
2.309e+06
2.3086e+06
2.3077e+06
2.3032e+06
2.2932e+06
2.2783e+06
2.2607e+06
2.2421e+06
2.2232e+06
2.2026e+06
2.179e+06
2.1517e+06
2.1224e+06
2.0945e+06
2.0713e+06
2.0542e+06
2.0419e+06
2.0309e+06
2.0179e+06
2.0019e+06
1.9848e+06
1.9708e+06
1.9639e+06
1.9651e+06
1.9716e+06
1.9779e+06
1.9784e+06
1.9707e+06
1.9582e+06
1.9488e+06
1.9525e+06
1.9758e+06
2.0177e+06
2.0693e+06
2.118e+06
2.1535e+06
2.1723e+06
2.1792e+06
2.1851e+06
2.201e+06
2.2318e+06
2.2728e+06
2.3117e+06
2.3355e+06
2.337e+06
2.3184e+06
2.2905e+06
2.268e+06
2.2618e+06
2.2728e+06
2.2921e+06
2.3057e+06
2.3032e+06
2.2816e+06
2.2472e+06
2.2116e+06
2.1862e+06
2.1757e+06
2.1766e+06
2.1796e+06
2.1753e+06
2.1589e+06
2.1323e+06
2.1019e+06
2.0757e+06
2.059e+06
2.0518e+06
2.0506e+06
2.0504e+06
2.0483e+06
2.0449e+06
2.043e+06
2.046e+06
2.0551e+06
2.069e+06
2.0847e+06
2.0997e+06
2.1136e+06
2.1273e+06
2.1419e+06
2.1567e+06
2.1682e+06
2.1719e+06
2.165e+06
2.1486e+06
2.129e+06
2.1148e+06
2.1133e+06
2.1252e+06
2.1443e+06
2.1597e+06
2.1617e+06
2.146e+06
2.1157e+06
2.0799e+06
2.0487e+06
2.0285e+06
2.0182e+06
2.0107e+06
1.9972e+06
1.9727e+06
1.9379e+06
1.8994e+06
1.866e+06
1.8445e+06
1.8355e+06
1.8341e+06
1.8324e+06
1.8238e+06
1.8057e+06
1.78e+06
1.7518e+06
1.7269e+06
1.7094e+06
1.7004e+06
1.6985e+06
1.7013e+06
1.7068e+06
1.7143e+06
1.7236e+06
1.7346e+06
1.7466e+06
1.7578e+06
1.7663e+06
1.7709e+06
1.7714e+06
1.7689e+06
1.766e+06
1.7654e+06
1.7698e+06
1.7805e+06
1.7971e+06
1.8169e+06
1.8358e+06
1.8494e+06
1.8547e+06
1.8516e+06
1.8435e+06
1.8361e+06
1.8351e+06
1.8428e+06
1.8566e+06
1.8696e+06
1.8746e+06
1.867e+06
1.8484e+06
1.8254e+06
1.8074e+06
1.8012e+06
1.8071e+06
1.8185e+06
1.8257e+06
1.8213e+06
1.8041e+06
1.78e+06
1.7593e+06
1.7511e+06
1.7581e+06
1.7749e+06
1.7918e+06
1.7999e+06
1.7965e+06
1.7858e+06
1.7772e+06
1.7792e+06
1.7944e+06
1.8181e+06
1.8403e+06
1.8527e+06
1.8521e+06
1.8429e+06
1.8344e+06
1.836e+06
1.8518e+06
1.8784e+06
1.9072e+06
1.9299e+06
1.9422e+06
1.9454e+06
1.9447e+06
1.9457e+06
1.9513e+06
1.9607e+06
1.9709e+06
1.979e+06
1.9842e+06
1.9873e+06
1.989e+06
1.9893e+06
1.9866e+06
1.9798e+06
1.9693e+06
1.9576e+06
1.948e+06
1.9421e+06
1.9382e+06
1.932e+06
1.9193e+06
1.8989e+06
1.8739e+06
1.8503e+06
1.8334e+06
1.824e+06
1.8173e+06
1.8057e+06
1.7836e+06
1.7505e+06
1.7127e+06
1.6797e+06
1.6596e+06
1.6537e+06
1.6561e+06
1.6565e+06
1.6465e+06
1.6231e+06
1.59e+06
1.5553e+06
1.5274e+06
1.5111e+06
1.5059e+06
1.5074e+06
1.5106e+06
1.5123e+06
1.5119e+06
1.5102e+06
1.5083e+06
1.5065e+06
1.5047e+06
1.5037e+06
1.5045e+06
1.5084e+06
1.5152e+06
1.5226e+06
1.5278e+06
1.5293e+06
1.5292e+06
1.533e+06
1.5467e+06
1.5726e+06
1.606e+06
1.637e+06
1.6549e+06
1.6547e+06
1.6406e+06
1.6244e+06
1.6207e+06
1.6373e+06
1.6697e+06
1.7034e+06
1.7227e+06
1.7196e+06
1.6986e+06
1.6745e+06
1.6649e+06
1.6792e+06
1.7119e+06
1.7466e+06
1.766e+06
1.7615e+06
1.7368e+06
1.7049e+06
1.6812e+06
1.6743e+06
1.6817e+06
1.6932e+06
1.6984e+06
1.6931e+06
1.6808e+06
1.6688e+06
1.6627e+06
1.6626e+06
1.6636e+06
1.6596e+06
1.6474e+06
1.6285e+06
1.6069e+06
1.5864e+06
1.568e+06
1.5506e+06
1.533e+06
1.5164e+06
1.504e+06
1.4987e+06
1.5001e+06
1.5039e+06
1.5036e+06
1.4943e+06
1.4755e+06
1.4508e+06
1.4258e+06
1.4044e+06
1.3872e+06
1.3718e+06
1.3561e+06
1.3408e+06
1.3289e+06
1.3234e+06
1.3242e+06
1.3268e+06
1.3248e+06
1.3137e+06
1.2941e+06
1.2717e+06
1.2545e+06
1.2474e+06
1.2493e+06
1.2538e+06
1.2538e+06
1.2464e+06
1.2346e+06
1.2251e+06
1.2234e+06
1.2298e+06
1.2388e+06
1.2434e+06
1.2399e+06
1.2308e+06
1.223e+06
1.2238e+06
1.235e+06
1.2514e+06
1.265e+06
1.2704e+06
1.2683e+06
1.265e+06
1.2675e+06
1.2785e+06
1.2937e+06
1.3057e+06
1.3095e+06
1.307e+06
1.3058e+06
1.3138e+06
1.3321e+06
1.3533e+06
1.3658e+06
1.3622e+06
1.3449e+06
1.3266e+06
1.3225e+06
1.3405e+06
1.3737e+06
1.4054e+06
1.4202e+06
1.4133e+06
1.3931e+06
1.3762e+06
1.377e+06
1.3965e+06
1.4223e+06
1.4383e+06
1.4353e+06
1.417e+06
1.3971e+06
1.3902e+06
1.4011e+06
1.4216e+06
1.4373e+06
1.4382e+06
1.4246e+06
1.4066e+06
1.3959e+06
1.3974e+06
1.4059e+06
1.4105e+06
1.4044e+06
1.389e+06
1.3736e+06
1.3676e+06
1.3725e+06
1.3805e+06
1.3805e+06
1.3662e+06
1.3414e+06
1.3177e+06
1.3063e+06
1.3098e+06
1.3196e+06
1.3233e+06
1.3136e+06
1.2934e+06
1.2738e+06
1.2657e+06
1.2712e+06
1.2819e+06
1.2855e+06
1.2742e+06
1.2503e+06
1.2241e+06
1.2066e+06
1.2024e+06
1.2063e+06
1.2089e+06
1.2042e+06
1.1935e+06
1.1836e+06
1.1806e+06
1.1842e+06
1.1883e+06
1.1861e+06
1.1754e+06
1.1606e+06
1.1494e+06
1.146e+06
1.148e+06
1.1479e+06
1.1397e+06
1.1234e+06
1.1056e+06
1.095e+06
1.0951e+06
1.1018e+06
1.1062e+06
1.1021e+06
1.0896e+06
1.0753e+06
1.0662e+06
1.0648e+06
1.0663e+06
1.0636e+06
1.0531e+06
1.0382e+06
1.0262e+06
1.0225e+06
1.0252e+06
1.0258e+06
1.0157e+06
9.9321e+05
9.6585e+05
9.4627e+05
9.4321e+05
9.5399e+05
9.6614e+05
9.6671e+05
9.509e+05
9.2475e+05
9.013e+05
8.9148e+05
8.9553e+05
9.0312e+05
9.0192e+05
8.8642e+05
8.6128e+05
8.3793e+05
8.2624e+05
8.2664e+05
8.2997e+05
8.2502e+05
8.0669e+05
7.7894e+05
7.5199e+05
7.3513e+05
7.2978e+05
7.2903e+05
7.2415e+05
7.1133e+05
6.9385e+05
6.7885e+05
6.7123e+05
6.6945e+05
6.671e+05
6.5844e+05
6.4278e+05
6.2474e+05
6.1055e+05
6.0306e+05
5.9984e+05
5.9609e+05
5.8936e+05
5.8159e+05
5.7688e+05
5.7687e+05
5.7805e+05
5.741e+05
5.6105e+05
