1.4981e+06
1.5071e+06
1.5127e+06
1.5237e+06
1.5466e+06
1.5804e+06
1.6172e+06
1.6475e+06
1.6662e+06
1.6751e+06
1.6816e+06
1.6937e+06
1.7151e+06
1.7437e+06
1.7744e+06
1.8026e+06
1.8269e+06
1.8484e+06
1.8683e+06
1.8865e+06
1.9022e+06
1.9155e+06
1.9291e+06
1.9474e+06
1.9735e+06
2.0064e+06
2.0409e+06
2.071e+06
2.0932e+06
2.1095e+06
2.1257e+06
2.1475e+06
2.1768e+06
2.2101e+06
2.2412e+06
2.2656e+06
2.2829e+06
2.2967e+06
2.3119e+06
2.3315e+06
2.3549e+06
2.3801e+06
2.4054e+06
2.4309e+06
2.4582e+06
2.4877e+06
2.5179e+06
2.5464e+06
2.572e+06
2.5962e+06
2.6229e+06
2.6551e+06
2.6921e+06
2.7289e+06
2.7596e+06
2.7807e+06
2.7946e+06
2.8083e+06
2.8287e+06
2.8586e+06
2.8939e+06
2.9275e+06
2.9538e+06
2.9731e+06
2.9915e+06
3.0162e+06
3.0506e+06
3.0912e+06
3.1299e+06
3.1596e+06
3.1786e+06
3.1919e+06
3.208e+06
3.2327e+06
3.2659e+06
3.3016e+06
3.332e+06
3.3531e+06
3.3661e+06
3.3772e+06
3.393e+06
3.4173e+06
3.4492e+06
3.4849e+06
3.5196e+06
3.5501e+06
3.5747e+06
3.5931e+06
3.6057e+06
3.6141e+06
3.6215e+06
3.6325e+06
3.6511e+06
3.6785e+06
3.7117e+06
3.7448e+06
3.7714e+06
3.7884e+06
3.7971e+06
3.8022e+06
3.8088e+06
3.8197e+06
3.8342e+06
3.8494e+06
3.8632e+06
3.8757e+06
3.8887e+06
3.904e+06
3.9217e+06
3.9393e+06
3.9535e+06
3.9621e+06
3.965e+06
3.9644e+06
3.9627e+06
3.9617e+06
3.9612e+06
3.9606e+06
3.9592e+06
3.957e+06
3.9544e+06
3.9511e+06
3.9463e+06
3.9391e+06
3.9301e+06
3.9216e+06
3.9166e+06
3.9166e+06
3.9204e+06
3.9231e+06
3.9192e+06
3.9052e+06
3.8819e+06
3.854e+06
3.828e+06
3.8085e+06
3.7962e+06
3.788e+06
3.7794e+06
3.7676e+06
3.7522e+06
3.7353e+06
3.7188e+06
3.7031e+06
3.6867e+06
3.6676e+06
3.645e+06
3.6195e+06
3.5929e+06
3.5668e+06
3.5411e+06
3.5148e+06
3.487e+06
3.4583e+06
3.4311e+06
3.4083e+06
3.3915e+06
3.3798e+06
3.3698e+06
3.3573e+06
3.3395e+06
3.3162e+06
3.2895e+06
3.2624e+06
3.2375e+06
3.2162e+06
3.1985e+06
3.1841e+06
3.1727e+06
3.1641e+06
3.1582e+06
3.1542e+06
3.1514e+06
3.1493e+06
3.148e+06
3.1483e+06
3.1507e+06
3.1549e+06
3.1599e+06
3.165e+06
3.1707e+06
3.1792e+06
3.1932e+06
3.2142e+06
3.24e+06
3.2655e+06
3.2847e+06
3.2938e+06
3.2944e+06
3.2933e+06
3.2996e+06
3.3201e+06
3.3552e+06
3.3986e+06
3.441e+06
3.4751e+06
3.4993e+06
3.518e+06
3.5378e+06
3.5635e+06
3.5943e+06
3.6251e+06
3.6497e+06
3.6654e+06
3.6747e+06
3.6841e+06
3.6994e+06
3.7219e+06
3.7478e+06
3.7706e+06
3.7858e+06
3.794e+06
3.8004e+06
3.8114e+06
3.8296e+06
3.8516e+06
3.8698e+06
3.8769e+06
3.8704e+06
3.8539e+06
3.835e+06
3.8208e+06
3.8141e+06
3.8121e+06
3.8096e+06
3.8031e+06
3.7929e+06
3.7826e+06
3.7755e+06
3.7715e+06
3.7657e+06
3.7513e+06
3.7238e+06
3.6841e+06
3.6388e+06
3.597e+06
3.5654e+06
3.5445e+06
3.5295e+06
3.5126e+06
3.4887e+06
3.4574e+06
3.423e+06
3.3912e+06
3.366e+06
3.3472e+06
3.3317e+06
3.3159e+06
3.2979e+06
3.2783e+06
3.2594e+06
3.2426e+06
3.2276e+06
3.2127e+06
3.1966e+06
3.1801e+06
3.1664e+06
3.1594e+06
3.1616e+06
3.1718e+06
3.186e+06
3.1996e+06
3.2102e+06
3.2191e+06
3.2302e+06
3.2472e+06
3.2708e+06
3.2972e+06
3.3206e+06
3.3365e+06
3.3447e+06
3.3504e+06
3.3611e+06
3.3828e+06
3.4155e+06
3.4532e+06
3.487e+06
3.5103e+06
3.5218e+06
3.5266e+06
3.5325e+06
3.5456e+06
3.5666e+06
3.5902e+06
3.6091e+06
3.6178e+06
3.6157e+06
3.607e+06
3.5977e+06
3.5915e+06
3.5879e+06
3.5828e+06
3.5717e+06
3.5528e+06
3.5284e+06
3.5035e+06
3.4827e+06
3.4674e+06
3.4549e+06
3.4406e+06
3.4204e+06
3.3938e+06
3.3632e+06
3.333e+06
3.3064e+06
3.2841e+06
3.2639e+06
3.2428e+06
3.219e+06
3.193e+06
3.1669e+06
3.1437e+06
3.125e+06
3.1111e+06
3.101e+06
3.094e+06
3.0906e+06
3.0914e+06
3.097e+06
3.1061e+06
3.1162e+06
3.124e+06
3.128e+06
3.1294e+06
3.1321e+06
3.1409e+06
3.1587e+06
3.1849e+06
3.2151e+06
3.2437e+06
3.2665e+06
3.2833e+06
3.297e+06
3.3124e+06
3.3323e+06
3.3559e+06
3.3787e+06
3.3954e+06
3.4029e+06
3.4022e+06
3.3977e+06
3.3951e+06
3.3971e+06
3.4025e+06
3.4064e+06
3.4032e+06
3.3901e+06
3.3687e+06
3.3442e+06
3.3224e+06
3.3065e+06
3.2954e+06
3.2848e+06
3.2696e+06
3.2476e+06
3.2204e+06
3.1923e+06
3.168e+06
3.1497e+06
3.1362e+06
3.1237e+06
3.1081e+06
3.0881e+06
3.0653e+06
3.0438e+06
3.0278e+06
3.0198e+06
3.0192e+06
3.0235e+06
3.0297e+06
3.0363e+06
3.044e+06
3.0546e+06
3.0696e+06
3.0889e+06
3.1101e+06
3.1303e+06
3.1468e+06
3.1593e+06
3.1694e+06
3.18e+06
3.1934e+06
3.2104e+06
3.2299e+06
3.2498e+06
3.2685e+06
3.2857e+06
3.3017e+06
3.3172e+06
3.3313e+06
3.3421e+06
3.3467e+06
3.3434e+06
3.3324e+06
3.3162e+06
3.2981e+06
3.2808e+06
3.2651e+06
3.2497e+06
3.2325e+06
3.2122e+06
3.1895e+06
3.1671e+06
3.148e+06
3.1334e+06
3.1222e+06
3.1112e+06
3.0966e+06
3.0767e+06
3.0529e+06
3.0302e+06
3.0147e+06
3.0115e+06
3.0221e+06
3.044e+06
3.0715e+06
3.0987e+06
3.1216e+06
3.1392e+06
3.1532e+06
3.1667e+06
3.1819e+06
3.1994e+06
3.218e+06
3.2358e+06
3.2514e+06
3.2648e+06
3.2769e+06
3.2888e+06
3.3006e+06
3.311e+06
3.3184e+06
3.3212e+06
3.3191e+06
3.3131e+06
3.3049e+06
3.2955e+06
3.2851e+06
3.273e+06
3.2581e+06
3.2404e+06
3.2208e+06
3.2015e+06
3.1842e+06
3.1697e+06
3.1571e+06
3.1447e+06
3.1312e+06
3.1165e+06
3.1021e+06
3.0908e+06
3.0847e+06
3.0844e+06
3.0885e+06
3.0943e+06
3.0995e+06
3.1037e+06
3.1088e+06
3.1183e+06
3.1356e+06
3.1614e+06
3.1934e+06
3.2265e+06
3.2554e+06
3.2764e+06
3.2897e+06
3.2986e+06
3.3079e+06
3.3211e+06
3.3384e+06
3.3568e+06
3.3715e+06
3.3787e+06
3.3774e+06
3.3699e+06
3.3601e+06
3.3509e+06
3.3423e+06
3.3313e+06
3.3135e+06
3.2858e+06
3.2486e+06
3.207e+06
3.1685e+06
3.1405e+06
3.127e+06
3.1268e+06
3.1347e+06
3.1435e+06
3.1483e+06
3.1479e+06
3.1454e+06
3.1461e+06
3.1552e+06
3.1746e+06
3.2023e+06
3.2329e+06
3.2607e+06
3.282e+06
3.2962e+06
3.3061e+06
3.3157e+06
3.3279e+06
3.3432e+06
3.3592e+06
3.3723e+06
3.3793e+06
3.3794e+06
3.3736e+06
3.3641e+06
3.3528e+06
3.3397e+06
3.3238e+06
3.3034e+06
3.2783e+06
3.2501e+06
3.2226e+06
3.1998e+06
3.1846e+06
3.1772e+06
3.1753e+06
3.1752e+06
3.1736e+06
3.1696e+06
3.1647e+06
3.1624e+06
3.1667e+06
3.1799e+06
3.2019e+06
3.23e+06
3.2605e+06
3.2896e+06
3.3155e+06
3.3379e+06
3.3574e+06
3.3749e+06
3.3897e+06
3.4005e+06
3.4051e+06
3.4027e+06
3.3937e+06
3.3806e+06
3.3664e+06
3.3536e+06
3.343e+06
3.3334e+06
3.3226e+06
3.3091e+06
3.2931e+06
3.2764e+06
3.2622e+06
3.2531e+06
3.2497e+06
3.2505e+06
3.2523e+06
3.2519e+06
3.2476e+06
3.2405e+06
3.2343e+06
3.2339e+06
3.2433e+06
3.264e+06
3.2939e+06
3.3283e+06
3.3615e+06
3.3888e+06
3.4081e+06
3.4199e+06
3.4266e+06
3.4311e+06
3.4351e+06
3.4389e+06
3.4415e+06
3.4418e+06
3.4395e+06
3.435e+06
3.4296e+06
3.4238e+06
3.4172e+06
3.4084e+06
3.3953e+06
3.3768e+06
3.3533e+06
3.3272e+06
3.3024e+06
3.2831e+06
3.2723e+06
3.2711e+06
3.2786e+06
3.2928e+06
3.3114e+06
3.333e+06
3.3569e+06
3.3829e+06
3.4099e+06
3.4361e+06
3.458e+06
3.4725e+06
3.4776e+06
3.4737e+06
3.4639e+06
3.4531e+06
3.4455e+06
3.4432e+06
3.4448e+06
3.4459e+06
3.4413e+06
3.4275e+06
3.4042e+06
3.3749e+06
3.3455e+06
3.322e+06
3.3083e+06
3.3042e+06
3.3062e+06
3.309e+06
3.3079e+06
3.3014e+06
3.2915e+06
3.2838e+06
3.2845e+06
3.2984e+06
3.3261e+06
3.3633e+06
3.4029e+06
3.4368e+06
3.4596e+06
3.4698e+06
3.4699e+06
3.4649e+06
3.4597e+06
3.4573e+06
3.4572e+06
3.4569e+06
3.4529e+06
3.4431e+06
3.4275e+06
3.4087e+06
3.3901e+06
3.3748e+06
3.3642e+06
3.3577e+06
3.3535e+06
3.3496e+06
3.3454e+06
3.342e+06
3.342e+06
3.3485e+06
3.363e+06
3.3853e+06
3.4121e+06
3.4388e+06
3.4608e+06
3.4749e+06
3.4805e+06
3.4791e+06
3.4737e+06
3.4671e+06
3.4607e+06
3.4542e+06
3.4458e+06
3.4339e+06
3.4176e+06
3.3976e+06
3.3759e+06
3.3552e+06
3.3376e+06
3.3242e+06
3.3149e+06
3.309e+06
3.3056e+06
3.3049e+06
3.3076e+06
3.3151e+06
3.3286e+06
3.3479e+06
3.3715e+06
3.3961e+06
3.418e+06
3.4341e+06
3.4424e+06
3.443e+06
3.4373e+06
3.4274e+06
3.4148e+06
3.4001e+06
3.3829e+06
3.3628e+06
3.3399e+06
3.3156e+06
3.2929e+06
3.2751e+06
3.2649e+06
3.2636e+06
3.2702e+06
3.2818e+06
3.2948e+06
3.3059e+06
3.3134e+06
3.3176e+06
3.3208e+06
3.3263e+06
3.3367e+06
3.3531e+06
3.3742e+06
3.3968e+06
3.4165e+06
3.4293e+06
3.4328e+06
3.4264e+06
3.4113e+06
3.3896e+06
3.3637e+06
3.3355e+06
3.3068e+06
3.2791e+06
3.2543e+06
3.2347e+06
3.2226e+06
3.22e+06
3.2276e+06
3.2446e+06
3.2685e+06
3.2955e+06
3.3218e+06
3.3441e+06
3.3606e+06
3.3714e+06
3.3777e+06
3.3813e+06
3.3838e+06
3.3853e+06
3.385e+06
3.3811e+06
3.3721e+06
3.3573e+06
3.3373e+06
3.314e+06
3.29e+06
3.2678e+06
3.2493e+06
3.2356e+06
3.2268e+06
3.2225e+06
3.2226e+06
3.2266e+06
3.2344e+06
3.2458e+06
3.2597e+06
3.2748e+06
3.2886e+06
3.2989e+06
3.3037e+06
3.3022e+06
3.2947e+06
3.2829e+06
3.269e+06
3.2551e+06
3.2421e+06
3.2302e+06
3.2184e+06
3.2056e+06
3.1911e+06
3.1752e+06
3.1591e+06
3.1447e+06
3.1337e+06
3.1276e+06
3.1266e+06
3.1301e+06
3.1366e+06
3.1446e+06
3.1528e+06
3.1605e+06
3.1676e+06
3.1738e+06
3.1789e+06
3.1817e+06
3.1807e+06
3.1741e+06
3.161e+06
3.1418e+06
3.1179e+06
3.0925e+06
3.0687e+06
3.0497e+06
3.037e+06
3.0309e+06
3.0302e+06
3.0329e+06
3.037e+06
3.0412e+06
3.0452e+06
3.0495e+06
3.055e+06
3.0622e+06
3.0708e+06
3.0796e+06
3.0864e+06
3.0893e+06
3.0868e+06
3.0789e+06
3.0666e+06
3.0518e+06
3.0362e+06
3.0211e+06
3.0065e+06
2.9919e+06
2.9769e+06
2.9614e+06
2.9465e+06
2.9344e+06
2.9283e+06
2.931e+06
2.9438e+06
2.9661e+06
2.9947e+06
3.0244e+06
3.0495e+06
3.0653e+06
3.0694e+06
3.062e+06
3.046e+06
3.0257e+06
3.0055e+06
2.9885e+06
2.9758e+06
2.9664e+06
2.9586e+06
2.9506e+06
2.9418e+06
2.9333e+06
2.9271e+06
2.9261e+06
2.9324e+06
2.9466e+06
2.9673e+06
2.9912e+06
3.0141e+06
3.0317e+06
3.0411e+06
3.0414e+06
3.0335e+06
3.0198e+06
3.003e+06
2.9855e+06
2.9686e+06
2.9525e+06
2.937e+06
2.9218e+06
2.9075e+06
2.8955e+06
2.8876e+06
2.8858e+06
2.8911e+06
2.9031e+06
2.9201e+06
2.9389e+06
2.9559e+06
2.968e+06
2.9733e+06
2.9716e+06
2.9641e+06
2.9527e+06
2.9395e+06
2.9258e+06
2.912e+06
2.8979e+06
2.8829e+06
2.8673e+06
2.852e+06
2.8389e+06
2.8304e+06
2.8284e+06
2.8339e+06
2.8462e+06
2.8632e+06
2.8813e+06
2.8969e+06
2.9069e+06
2.9101e+06
2.9066e+06
2.8985e+06
2.8881e+06
2.8779e+06
2.8688e+06
2.8607e+06
2.8522e+06
2.8419e+06
2.8289e+06
2.8137e+06
2.7984e+06
2.7859e+06
2.7794e+06
2.7815e+06
2.7929e+06
2.8121e+06
2.8355e+06
2.8585e+06
2.8761e+06
2.8848e+06
2.8831e+06
2.8718e+06
2.8539e+06
2.8331e+06
2.8132e+06
2.7969e+06
2.7854e+06
2.7783e+06
2.7742e+06
2.7719e+06
2.7704e+06
2.7694e+06
2.7694e+06
2.7712e+06
2.7754e+06
2.7822e+06
2.7906e+06
2.7993e+06
2.8061e+06
2.8094e+06
2.8082e+06
2.8025e+06
2.7932e+06
2.7819e+06
2.77e+06
2.7589e+06
2.7489e+06
2.7401e+06
2.7324e+06
2.7257e+06
2.7206e+06
2.718e+06
2.7193e+06
2.7257e+06
2.7377e+06
2.7541e+06
2.7724e+06
2.7888e+06
2.7994e+06
2.8008e+06
2.7918e+06
2.7732e+06
2.7482e+06
2.7216e+06
2.6986e+06
2.6833e+06
2.6782e+06
2.6833e+06
2.6963e+06
2.7135e+06
2.7308e+06
2.7445e+06
2.7525e+06
2.7542e+06
2.7505e+06
2.7436e+06
2.7353e+06
2.727e+06
2.719e+06
2.7105e+06
2.7003e+06
2.6877e+06
2.673e+06
2.6577e+06
2.6442e+06
2.6353e+06
2.6333e+06
2.6392e+06
2.6523e+06
2.6704e+06
2.6899e+06
2.7069e+06
2.7181e+06
2.7214e+06
2.7168e+06
2.7056e+06
2.6904e+06
2.6741e+06
2.6592e+06
2.6474e+06
2.6391e+06
2.6339e+06
2.6311e+06
2.6302e+06
2.631e+06
2.6336e+06
2.6384e+06
2.6456e+06
2.6548e+06
2.6649e+06
2.6739e+06
2.6794e+06
2.679e+06
2.6716e+06
2.6572e+06
2.6376e+06
2.6156e+06
2.595e+06
2.5792e+06
2.5707e+06
2.5704e+06
2.5773e+06
2.5894e+06
2.6036e+06
2.6169e+06
2.627e+06
2.6329e+06
2.6345e+06
2.6328e+06
2.6293e+06
2.6249e+06
2.6198e+06
2.6136e+06
2.6051e+06
2.5935e+06
2.5785e+06
2.5611e+06
2.5431e+06
2.5273e+06
2.5164e+06
2.5127e+06
2.5171e+06
2.5288e+06
2.5456e+06
2.5635e+06
2.5786e+06
2.5871e+06
2.587e+06
2.5777e+06
2.5607e+06
2.5392e+06
2.5167e+06
2.4966e+06
2.4815e+06
2.4727e+06
2.4698e+06
2.4715e+06
2.476e+06
2.4812e+06
2.4855e+06
2.4882e+06
2.4889e+06
2.4879e+06
2.4853e+06
2.4811e+06
2.4749e+06
2.466e+06
2.4539e+06
2.4386e+06
2.4207e+06
2.4019e+06
2.3843e+06
2.37e+06
2.3609e+06
2.3577e+06
2.36e+06
2.3663e+06
2.374e+06
2.3801e+06
2.382e+06
2.3781e+06
2.3681e+06
2.3531e+06
2.3354e+06
2.318e+06
2.3034e+06
2.2937e+06
2.2894e+06
2.2902e+06
2.2945e+06
2.3002e+06
2.3051e+06
2.3075e+06
2.3065e+06
2.3022e+06
2.2952e+06
2.2867e+06
2.2779e+06
2.2694e+06
2.2612e+06
2.253e+06
2.2443e+06
2.235e+06
2.2254e+06
2.2162e+06
2.2086e+06
2.204e+06
2.203e+06
2.206e+06
2.2124e+06
2.2206e+06
2.2286e+06
2.2341e+06
2.2352e+06
2.2309e+06
2.2217e+06
2.209e+06
2.1953e+06
2.1834e+06
2.1757e+06
2.1737e+06
2.1778e+06
2.1868e+06
2.1986e+06
2.2103e+06
2.2191e+06
2.2231e+06
2.2213e+06
2.214e+06
2.2028e+06
2.1899e+06
2.1774e+06
2.1674e+06
2.1611e+06
2.1586e+06
2.1594e+06
2.1624e+06
2.1665e+06
2.1704e+06
2.1734e+06
2.1752e+06
2.1758e+06
2.1755e+06
2.1747e+06
2.1731e+06
2.1704e+06
2.1659e+06
2.159e+06
2.1495e+06
2.1376e+06
2.1245e+06
2.1115e+06
2.1003e+06
2.0925e+06
2.0888e+06
2.0895e+06
2.0934e+06
2.0989e+06
2.1036e+06
2.1052e+06
2.1021e+06
2.0936e+06
2.0804e+06
2.0643e+06
2.0479e+06
2.0341e+06
2.0252e+06
2.0224e+06
2.026e+06
2.0344e+06
2.0454e+06
2.0561e+06
2.0635e+06
2.0657e+06
2.0616e+06
2.0518e+06
2.0376e+06
2.0215e+06
2.0061e+06
1.9935e+06
1.9852e+06
1.9815e+06
1.982e+06
1.9851e+06
1.9891e+06
1.9923e+06
1.9932e+06
1.9913e+06
1.9867e+06
1.9803e+06
1.9734e+06
1.967e+06
1.9621e+06
1.9591e+06
1.958e+06
1.9584e+06
1.9596e+06
1.9613e+06
1.963e+06
1.9646e+06
1.9663e+06
1.9682e+06
1.9706e+06
1.9738e+06
1.9774e+06
1.9809e+06
1.9837e+06
1.985e+06
1.9844e+06
1.982e+06
1.9781e+06
1.9735e+06
1.969e+06
1.9655e+06
1.9633e+06
1.9626e+06
1.9628e+06
1.9631e+06
1.9621e+06
1.959e+06
1.9529e+06
1.9441e+06
1.9334e+06
1.9224e+06
1.913e+06
1.907e+06
1.9057e+06
1.9096e+06
1.918e+06
1.9291e+06
1.9407e+06
1.9499e+06
1.9543e+06
1.9524e+06
1.9439e+06
1.9297e+06
1.9119e+06
1.8934e+06
1.8772e+06
1.8657e+06
1.8603e+06
1.8613e+06
1.8674e+06
1.8765e+06
1.8859e+06
1.8927e+06
1.8952e+06
1.8923e+06
1.8845e+06
1.8733e+06
1.8612e+06
1.8508e+06
1.8444e+06
1.8434e+06
1.8481e+06
1.8573e+06
1.8691e+06
1.8809e+06
1.8899e+06
1.8941e+06
1.8925e+06
1.8856e+06
1.8746e+06
1.8622e+06
1.8509e+06
1.8433e+06
1.8409e+06
1.8442e+06
1.8526e+06
1.8642e+06
1.8766e+06
1.8871e+06
1.8934e+06
1.8941e+06
1.889e+06
1.879e+06
1.8661e+06
1.8527e+06
1.8412e+06
1.8336e+06
1.8306e+06
1.8324e+06
1.838e+06
1.8456e+06
1.8532e+06
1.8589e+06
1.8613e+06
1.8596e+06
1.8542e+06
1.8463e+06
1.8376e+06
1.8298e+06
1.8244e+06
1.8223e+06
1.8234e+06
1.8271e+06
1.8321e+06
1.8368e+06
1.8397e+06
1.8396e+06
1.8362e+06
1.8298e+06
1.8215e+06
1.813e+06
1.8061e+06
1.8024e+06
1.8027e+06
1.8073e+06
1.8155e+06
1.8259e+06
1.8368e+06
1.8462e+06
1.8525e+06
1.8548e+06
1.853e+06
1.8478e+06
1.8406e+06
1.8333e+06
1.8274e+06
1.8244e+06
1.8247e+06
1.8283e+06
1.8345e+06
1.8419e+06
1.8488e+06
1.8538e+06
1.8558e+06
1.8543e+06
1.8498e+06
1.8435e+06
1.8371e+06
1.8324e+06
1.8308e+06
1.8331e+06
1.8392e+06
1.8485e+06
1.8595e+06
1.8702e+06
1.8787e+06
1.8833e+06
1.8832e+06
1.8784e+06
1.8698e+06
1.8591e+06
1.8486e+06
1.8403e+06
1.8357e+06
1.8357e+06
1.8402e+06
1.8482e+06
1.8578e+06
1.8669e+06
1.8735e+06
1.8761e+06
1.8742e+06
1.8685e+06
1.8603e+06
1.852e+06
1.8458e+06
1.8433e+06
1.8457e+06
1.8529e+06
1.8638e+06
1.8765e+06
1.8884e+06
1.897e+06
1.9004e+06
1.8975e+06
1.8888e+06
1.8757e+06
1.8609e+06
1.8473e+06
1.8377e+06
1.8343e+06
1.8378e+06
1.8476e+06
1.8618e+06
1.8777e+06
1.8919e+06
1.9017e+06
1.9051e+06
1.9014e+06
1.8915e+06
1.8776e+06
1.8628e+06
1.8505e+06
1.8435e+06
1.8436e+06
1.8512e+06
1.8651e+06
1.883e+06
1.9018e+06
1.9181e+06
1.9295e+06
1.9343e+06
1.9324e+06
1.9251e+06
1.9147e+06
1.9039e+06
1.8955e+06
1.8915e+06
1.8928e+06
1.8991e+06
1.909e+06
1.9202e+06
1.9305e+06
1.9377e+06
1.9407e+06
1.9393e+06
1.9342e+06
1.9272e+06
1.9202e+06
1.9151e+06
1.9133e+06
1.9152e+06
1.9203e+06
1.9276e+06
1.9353e+06
1.9419e+06
1.9458e+06
1.9464e+06
1.9437e+06
1.9386e+06
1.9325e+06
1.9266e+06
1.9224e+06
1.9204e+06
1.9207e+06
1.9228e+06
1.9262e+06
1.9298e+06
1.9331e+06
1.9355e+06
1.937e+06
1.9379e+06
1.9387e+06
1.94e+06
1.9421e+06
1.9451e+06
1.9486e+06
1.9519e+06
1.9545e+06
1.956e+06
1.9565e+06
1.9564e+06
1.9563e+06
1.9571e+06
1.9593e+06
1.9633e+06
1.9688e+06
1.9749e+06
1.9804e+06
1.9835e+06
1.9832e+06
1.9786e+06
1.9701e+06
1.9589e+06
1.9471e+06
1.937e+06
1.9309e+06
1.9304e+06
1.9359e+06
1.9467e+06
1.9611e+06
1.9763e+06
1.9897e+06
1.9988e+06
2.0022e+06
1.9998e+06
1.9929e+06
1.9835e+06
1.9743e+06
1.9679e+06
1.9659e+06
1.9692e+06
1.977e+06
1.9878e+06
1.9994e+06
2.0095e+06
2.0165e+06
2.0194e+06
2.0185e+06
2.0148e+06
2.0103e+06
2.0066e+06
2.0051e+06
2.0063e+06
2.0098e+06
2.0148e+06
2.0198e+06
2.0236e+06
2.0254e+06
2.0251e+06
2.0232e+06
2.0206e+06
2.0187e+06
2.0183e+06
2.0197e+06
2.0225e+06
2.0256e+06
2.0278e+06
2.0277e+06
2.0251e+06
2.0203e+06
2.0144e+06
2.0092e+06
2.0065e+06
2.0079e+06
2.0139e+06
2.0241e+06
2.0366e+06
2.049e+06
2.0584e+06
2.0626e+06
2.0606e+06
2.0525e+06
2.0403e+06
2.0266e+06
2.0149e+06
2.0078e+06
2.0071e+06
2.0129e+06
2.0237e+06
2.0369e+06
2.0493e+06
2.058e+06
2.061e+06
2.0579e+06
2.0495e+06
2.038e+06
2.0262e+06
2.0165e+06
2.0109e+06
2.0097e+06
2.0123e+06
2.0174e+06
2.0231e+06
2.028e+06
2.0313e+06
2.033e+06
2.0337e+06
2.0348e+06
2.0375e+06
2.0423e+06
2.0488e+06
2.0558e+06
2.0612e+06
2.0632e+06
2.0607e+06
2.0538e+06
2.0439e+06
2.0333e+06
2.025e+06
2.0215e+06
2.0244e+06
2.0338e+06
2.0481e+06
2.0644e+06
2.0791e+06
2.0889e+06
2.0917e+06
2.0869e+06
2.0757e+06
2.0608e+06
2.0457e+06
2.0336e+06
2.0268e+06
2.026e+06
2.0304e+06
2.038e+06
2.0463e+06
2.0531e+06
2.0571e+06
2.0578e+06
2.0562e+06
2.0538e+06
2.0524e+06
2.053e+06
2.0556e+06
2.0594e+06
2.0624e+06
2.063e+06
2.0599e+06
2.0533e+06
2.0443e+06
2.0351e+06
2.0282e+06
2.0258e+06
2.0291e+06
2.0376e+06
2.0493e+06
2.0612e+06
2.0698e+06
2.0724e+06
2.0675e+06
2.0556e+06
2.0385e+06
2.0196e+06
2.0025e+06
1.9899e+06
1.9835e+06
1.9835e+06
1.9885e+06
1.9965e+06
2.0052e+06
2.0129e+06
2.0188e+06
2.023e+06
2.0262e+06
2.0297e+06
2.034e+06
2.0392e+06
2.044e+06
2.0468e+06
2.0459e+06
2.0404e+06
2.0303e+06
2.0174e+06
2.0042e+06
1.9936e+06
1.9882e+06
1.9894e+06
1.9971e+06
2.0093e+06
2.0232e+06
2.0355e+06
2.0438e+06
2.0465e+06
2.0438e+06
2.0375e+06
2.0297e+06
2.0231e+06
2.019e+06
2.0178e+06
2.0185e+06
2.0195e+06
2.0189e+06
2.0157e+06
2.0099e+06
2.0026e+06
1.9958e+06
1.9918e+06
1.9922e+06
1.9977e+06
2.0073e+06
2.0185e+06
2.0284e+06
2.034e+06
2.0335e+06
2.0268e+06
2.0152e+06
2.0013e+06
1.9883e+06
1.9785e+06
1.9735e+06
1.973e+06
1.9757e+06
1.9798e+06
1.9832e+06
1.9846e+06
1.984e+06
1.982e+06
1.9802e+06
1.9799e+06
1.9815e+06
1.9846e+06
1.9876e+06
1.9883e+06
1.9851e+06
1.9773e+06
1.9656e+06
1.9519e+06
1.9392e+06
1.9304e+06
1.9274e+06
1.9308e+06
1.9395e+06
1.9508e+06
1.9616e+06
1.9692e+06
1.9717e+06
1.9689e+06
1.9623e+06
1.9538e+06
1.9457e+06
1.9397e+06
1.9358e+06
1.9331e+06
1.9299e+06
1.9248e+06
1.9169e+06
1.9069e+06
1.8964e+06
1.8879e+06
1.8837e+06
1.8855e+06
1.8932e+06
1.9054e+06
1.9192e+06
1.9315e+06
1.9394e+06
1.9415e+06
1.9377e+06
1.9294e+06
1.9191e+06
1.9089e+06
1.9006e+06
1.8945e+06
1.8899e+06
1.8857e+06
1.8807e+06
1.8746e+06
1.8678e+06
1.8618e+06
1.8583e+06
1.8586e+06
1.8629e+06
1.8702e+06
1.8783e+06
1.8844e+06
1.8861e+06
1.8822e+06
1.8729e+06
1.86e+06
1.8464e+06
1.8348e+06
1.8273e+06
1.8244e+06
1.8253e+06
1.828e+06
1.8305e+06
1.8314e+06
1.8302e+06
1.8276e+06
1.8251e+06
1.8244e+06
1.8265e+06
1.8315e+06
1.838e+06
1.8437e+06
1.8463e+06
1.8442e+06
1.8369e+06
1.8254e+06
1.8119e+06
1.7986e+06
1.7875e+06
1.7795e+06
1.7741e+06
1.7704e+06
1.7668e+06
1.7625e+06
1.7576e+06
1.7529e+06
1.75e+06
1.7502e+06
1.7542e+06
1.7613e+06
1.7696e+06
1.7765e+06
1.7794e+06
1.7769e+06
1.7689e+06
1.7571e+06
1.744e+06
1.7323e+06
1.7241e+06
1.72e+06
1.719e+06
1.7195e+06
1.7196e+06
1.7182e+06
1.7152e+06
1.7117e+06
1.7097e+06
1.7108e+06
1.7157e+06
1.7239e+06
1.7332e+06
1.7407e+06
1.7438e+06
1.741e+06
1.7327e+06
1.7206e+06
1.7076e+06
1.6964e+06
1.6886e+06
1.6843e+06
1.6821e+06
1.6799e+06
1.6758e+06
1.6692e+06
1.6609e+06
1.6529e+06
1.6477e+06
1.6478e+06
1.6538e+06
1.6646e+06
1.6776e+06
1.6891e+06
1.6959e+06
1.6962e+06
1.69e+06
1.6795e+06
1.6676e+06
1.6573e+06
1.6504e+06
1.6469e+06
1.6452e+06
1.6431e+06
1.6388e+06
1.6316e+06
1.6223e+06
1.6131e+06
1.6063e+06
1.6041e+06
1.607e+06
1.614e+06
1.6227e+06
1.6303e+06
1.6346e+06
1.6344e+06
1.6301e+06
1.6235e+06
1.6164e+06
1.6102e+06
1.6054e+06
1.6009e+06
1.5954e+06
1.5877e+06
1.5773e+06
1.5654e+06
1.5541e+06
1.5456e+06
1.5419e+06
1.5434e+06
1.549e+06
1.5563e+06
1.5627e+06
1.566e+06
1.5656e+06
1.5621e+06
1.5576e+06
1.5541e+06
1.5533e+06
1.5551e+06
1.5581e+06
1.5598e+06
1.558e+06
1.5513e+06
1.5403e+06
1.5267e+06
1.5131e+06
1.5022e+06
1.4952e+06
1.4921e+06
1.4915e+06
1.4916e+06
1.4909e+06
1.4888e+06
1.4862e+06
1.4844e+06
1.4853e+06
1.4898e+06
1.4972e+06
1.5059e+06
1.5132e+06
1.5167e+06
1.5152e+06
1.5089e+06
1.4996e+06
1.4897e+06
1.481e+06
1.4744e+06
1.4693e+06
1.4643e+06
1.4579e+06
1.4491e+06
1.4387e+06
1.4284e+06
1.4206e+06
1.4174e+06
1.4196e+06
1.4263e+06
1.4351e+06
1.4432e+06
1.4481e+06
1.4489e+06
1.4462e+06
1.442e+06
1.4388e+06
1.4383e+06
1.4406e+06
1.444e+06
1.4461e+06
1.4444e+06
1.4377e+06
1.4266e+06
1.4131e+06
1.4e+06
1.3898e+06
1.3837e+06
1.3816e+06
1.3817e+06
1.3822e+06
1.3813e+06
1.3789e+06
1.3757e+06
1.3734e+06
1.3736e+06
1.3768e+06
1.3827e+06
1.3893e+06
1.3945e+06
1.3968e+06
1.3954e+06
1.3913e+06
1.386e+06
1.3809e+06
1.3769e+06
1.3735e+06
1.3693e+06
1.363e+06
1.3536e+06
1.3417e+06
1.329e+06
1.3178e+06
1.3103e+06
1.3078e+06
1.3096e+06
1.3142e+06
1.3193e+06
1.323e+06
1.3247e+06
1.325e+06
1.3255e+06
1.3278e+06
1.3326e+06
1.339e+06
1.3451e+06
1.3484e+06
1.3469e+06
1.3401e+06
1.3293e+06
1.3166e+06
1.3046e+06
1.2949e+06
1.2878e+06
1.2822e+06
1.2764e+06
1.2693e+06
1.2607e+06
1.252e+06
1.2452e+06
1.242e+06
1.2434e+06
1.2487e+06
1.256e+06
1.2628e+06
1.2674e+06
1.269e+06
1.2685e+06
1.2678e+06
1.2689e+06
1.2724e+06
1.2777e+06
1.2828e+06
1.2851e+06
1.2829e+06
1.2762e+06
1.2664e+06
1.2559e+06
1.2469e+06
1.2404e+06
1.2358e+06
1.2311e+06
1.2245e+06
1.215e+06
1.2033e+06
1.1915e+06
1.1827e+06
1.1791e+06
1.1814e+06
1.1882e+06
1.1968e+06
1.2041e+06
1.208e+06
1.2084e+06
1.207e+06
1.2065e+06
1.2092e+06
1.2158e+06
1.2246e+06
1.2326e+06
1.2363e+06
1.2339e+06
1.2255e+06
1.2134e+06
1.201e+06
1.1913e+06
1.1855e+06
1.1827e+06
1.1804e+06
1.1761e+06
1.1684e+06
1.1579e+06
1.1468e+06
1.1378e+06
1.1333e+06
1.1336e+06
1.1374e+06
1.1421e+06
1.1452e+06
1.1455e+06
1.1436e+06
1.1415e+06
1.1419e+06
1.1462e+06
1.1543e+06
1.1638e+06
1.1715e+06
1.1747e+06
1.1722e+06
1.1653e+06
1.1565e+06
1.1489e+06
1.1442e+06
1.1423e+06
1.1412e+06
1.1385e+06
1.1321e+06
1.1218e+06
1.1092e+06
1.0968e+06
1.0872e+06
1.0818e+06
1.08e+06
1.0803e+06
1.0807e+06
1.0799e+06
1.0779e+06
1.0761e+06
1.0763e+06
1.0798e+06
1.0864e+06
1.0949e+06
1.1027e+06
1.108e+06
1.11e+06
1.1092e+06
1.1074e+06
1.1064e+06
1.107e+06
1.1086e+06
1.1095e+06
1.1077e+06
1.1021e+06
1.0929e+06
1.0819e+06
1.0711e+06
1.0623e+06
1.0558e+06
1.0509e+06
1.0459e+06
1.0398e+06
1.0322e+06
1.0241e+06
1.0172e+06
1.0132e+06
1.0127e+06
1.0152e+06
1.0192e+06
1.0231e+06
1.026e+06
1.0279e+06
1.0301e+06
1.0338e+06
1.0394e+06
1.0466e+06
1.0534e+06
1.0582e+06
1.0596e+06
1.0578e+06
1.0542e+06
1.0505e+06
1.0482e+06
1.0472e+06
1.0461e+06
1.0431e+06
1.0368e+06
1.0271e+06
1.0155e+06
1.0044e+06
9.9591e+05
9.9072e+05
9.8791e+05
9.8541e+05
9.8118e+05
9.7434e+05
9.6567e+05
9.5736e+05
9.5197e+05
9.512e+05
9.5497e+05
9.6149e+05
9.6816e+05
9.7284e+05
9.7485e+05
9.7519e+05
9.7584e+05
9.7862e+05
9.8394e+05
9.9051e+05
9.9591e+05
9.9787e+05
9.955e+05
9.8977e+05
9.8309e+05
9.7804e+05
9.76e+05
9.7639e+05
9.7702e+05
9.7542e+05
9.7012e+05
9.6144e+05
9.5127e+05
9.4205e+05
9.3544e+05
9.3141e+05
9.2842e+05
9.2437e+05
9.179e+05
9.0926e+05
9.0037e+05
8.9392e+05
8.9204e+05
8.9508e+05
9.0138e+05
9.0808e+05
9.1255e+05
9.1363e+05
9.1216e+05
9.1053e+05
9.1139e+05
9.1623e+05
9.2445e+05
9.3368e+05
9.4106e+05
9.4463e+05
9.4429e+05
9.4165e+05
9.3904e+05
9.3815e+05
9.3905e+05
9.4013e+05
9.3915e+05
9.3451e+05
9.2615e+05
9.1558e+05
9.0512e+05
8.9665e+05
8.9071e+05
8.8639e+05
8.8202e+05
8.7626e+05
8.6892e+05
8.6096e+05
8.5394e+05
8.4909e+05
8.4657e+05
8.4546e+05
8.4433e+05
8.4215e+05
8.3889e+05
8.3563e+05
8.3398e+05
8.3522e+05
8.3956e+05
8.4603e+05
8.5304e+05
8.5923e+05
8.6413e+05
8.6824e+05
8.7251e+05
8.7749e+05
8.8286e+05
8.8744e+05
8.8992e+05
8.8967e+05
8.8727e+05
8.8427e+05
8.8232e+05
8.8215e+05
8.8305e+05
8.8318e+05
8.8063e+05
8.7455e+05
8.656e+05
8.5571e+05
8.4701e+05
8.4065e+05
8.3619e+05
8.3198e+05
8.2627e+05
8.1831e+05
8.0893e+05
8.0012e+05
7.9392e+05
7.9123e+05
7.9122e+05
7.9179e+05
7.9077e+05
7.8719e+05
7.8191e+05
7.7727e+05
7.7591e+05
7.7925e+05
7.866e+05
7.9541e+05
8.0263e+05
8.0628e+05
8.0642e+05
8.051e+05
8.0525e+05
8.0903e+05
8.1657e+05
8.2584e+05
8.3387e+05
8.3835e+05
8.3877e+05
8.3654e+05
8.3404e+05
8.3318e+05
8.343e+05
8.3605e+05
8.3636e+05
8.3371e+05
8.2803e+05
8.2062e+05
8.1327e+05
8.072e+05
8.0232e+05
7.9743e+05
7.9117e+05
7.8292e+05
7.7328e+05
7.6372e+05
7.557e+05
7.4977e+05
7.4532e+05
7.4104e+05
7.3578e+05
7.2936e+05
7.2265e+05
7.1707e+05
7.1374e+05
7.1282e+05
7.1346e+05
7.1442e+05
7.1491e+05
7.1511e+05
7.1602e+05
7.1876e+05
7.237e+05
7.3004e+05
7.362e+05
7.4076e+05
7.4339e+05
7.4517e+05
7.4801e+05
7.535e+05
7.6174e+05
7.7108e+05
7.7896e+05
7.8331e+05
7.8372e+05
7.8167e+05
7.7967e+05
7.7977e+05
7.8227e+05
7.8557e+05
7.8724e+05
7.8554e+05
7.8057e+05
7.7417e+05
7.6877e+05
7.6584e+05
7.6487e+05
7.6368e+05
7.5984e+05
7.5222e+05
7.4177e+05
7.31e+05
7.2259e+05
7.1774e+05
7.1545e+05
7.1323e+05
7.0865e+05
7.0086e+05
6.9099e+05
6.8156e+05
6.7493e+05
6.7194e+05
6.7145e+05
6.7114e+05
6.6905e+05
6.6474e+05
6.5953e+05
6.5567e+05
6.5497e+05
6.5763e+05
6.6215e+05
6.6635e+05
6.6871e+05
6.6931e+05
6.6969e+05
6.7185e+05
6.7685e+05
6.8406e+05
6.9154e+05
6.973e+05
7.0066e+05
7.0265e+05
7.0542e+05
7.1079e+05
7.1893e+05
7.2807e+05
7.3561e+05
7.3961e+05
7.3999e+05
7.3846e+05
7.3749e+05
7.3868e+05
7.4176e+05
7.4489e+05
7.46e+05
7.4423e+05
7.405e+05
7.3685e+05
7.3502e+05
7.351e+05
7.3544e+05
7.3368e+05
7.284e+05
7.2008e+05
7.1086e+05
7.0329e+05
6.9863e+05
6.9602e+05
6.9309e+05
6.876e+05
6.7889e+05
6.6835e+05
6.586e+05
6.5184e+05
6.4836e+05
6.4641e+05
6.4336e+05
6.3743e+05
6.2883e+05
6.1964e+05
6.1257e+05
6.0927e+05
6.0924e+05
6.1022e+05
6.0965e+05
6.0627e+05
6.0085e+05
5.9574e+05
5.9349e+05
5.9528e+05
6.0023e+05
6.0607e+05
6.1054e+05
6.127e+05
6.1323e+05
6.1385e+05
6.1609e+05
6.2035e+05
6.2576e+05
6.3099e+05
6.3522e+05
6.387e+05
6.4247e+05
6.4748e+05
6.538e+05
6.6053e+05
6.6647e+05
6.7104e+05
6.7472e+05
6.7871e+05
6.8393e+05
6.9021e+05
6.9623e+05
7.0039e+05
7.0197e+05
7.0177e+05
7.0171e+05
7.0361e+05
7.0784e+05
7.1296e+05
7.1665e+05
7.1724e+05
7.1488e+05
7.1146e+05
7.0945e+05
7.1014e+05
7.1268e+05
7.1459e+05
7.1344e+05
7.0847e+05
7.0111e+05
6.9414e+05
6.899e+05
6.8872e+05
6.8875e+05
6.873e+05
6.8269e+05
6.7527e+05
6.6714e+05
6.6067e+05
6.5687e+05
6.5466e+05
6.5169e+05
6.4602e+05
6.3744e+05
6.276e+05
6.1897e+05
6.132e+05
6.1e+05
6.0748e+05
6.0345e+05
5.969e+05
5.886e+05
5.8053e+05
5.7458e+05
5.7132e+05
5.6974e+05
5.6805e+05
5.6491e+05
5.6022e+05
5.5496e+05
5.5043e+05
5.4735e+05
5.455e+05
5.4419e+05
5.4294e+05
5.4204e+05
5.4224e+05
5.4409e+05
5.4723e+05
5.5041e+05
5.5227e+05
5.5223e+05
5.5104e+05
5.5042e+05
5.52e+05
5.5618e+05
5.6186e+05
5.6714e+05
5.7069e+05
5.7262e+05
5.7441e+05
5.7792e+05
5.8395e+05
5.9166e+05
5.9905e+05
6.0439e+05
6.0742e+05
6.0957e+05
6.1302e+05
6.1916e+05
6.2758e+05
6.3628e+05
6.4309e+05
6.4709e+05
6.4924e+05
6.517e+05
6.5631e+05
6.6336e+05
6.7136e+05
6.7818e+05
6.8253e+05
6.8475e+05
6.865e+05
6.8957e+05
6.9466e+05
7.0097e+05
7.0697e+05
7.1149e+05
7.1447e+05
7.1677e+05
7.193e+05
7.2233e+05
7.2527e+05
7.2743e+05
7.2867e+05
7.2972e+05
7.3157e+05
7.3457e+05
7.3795e+05
7.4021e+05
7.4022e+05
7.3813e+05
7.3544e+05
7.3409e+05
7.3511e+05
7.379e+05
7.407e+05
7.4188e+05
7.4113e+05
7.3954e+05
7.387e+05
7.3933e+05
7.4064e+05
7.4087e+05
7.3871e+05
7.3443e+05
7.2989e+05
7.273e+05
7.2761e+05
7.297e+05
7.3112e+05
7.2974e+05
7.2526e+05
7.1931e+05
7.144e+05
7.1208e+05
7.1192e+05
7.1191e+05
7.0996e+05
7.0538e+05
6.9925e+05
6.9353e+05
6.896e+05
6.873e+05
6.8521e+05
6.818e+05
6.7662e+05
6.7054e+05
6.6495e+05
6.607e+05
6.5745e+05
6.5413e+05
6.4985e+05
6.447e+05
6.3958e+05
6.3541e+05
6.323e+05
6.2936e+05
6.2549e+05
6.2031e+05
6.1452e+05
6.0934e+05
6.055e+05
6.0247e+05
5.9882e+05
5.9333e+05
5.8605e+05
5.7849e+05
5.726e+05
5.6929e+05
5.6755e+05
5.6505e+05
5.5976e+05
5.5134e+05
5.415e+05
5.3296e+05
5.2763e+05
5.2531e+05
5.2392e+05
5.2107e+05
5.1568e+05
5.0853e+05
5.0161e+05
4.9654e+05
4.9347e+05
4.9106e+05
4.876e+05
4.8225e+05
4.7553e+05
4.6884e+05
4.6342e+05
4.5955e+05
4.5653e+05
4.5337e+05
4.495e+05
4.4496e+05
4.4009e+05
4.3515e+05
4.3011e+05
4.2498e+05
4.2006e+05
4.1588e+05
4.127e+05
4.1005e+05
4.0679e+05
4.018e+05
3.9487e+05
3.8708e+05
3.8024e+05
3.7569e+05
3.7325e+05
3.7121e+05
3.6763e+05
3.6177e+05
3.5473e+05
3.4883e+05
3.4589e+05
3.4582e+05
3.4648e+05
3.4525e+05
3.4077e+05
3.3385e+05
3.2688e+05
3.2221e+05
3.2048e+05
3.2016e+05
3.1881e+05
