1.3752e+06
1.3877e+06
1.3977e+06
1.4117e+06
1.4341e+06
1.464e+06
1.4946e+06
1.5182e+06
1.531e+06
1.5358e+06
1.5398e+06
1.5505e+06
1.5705e+06
1.5964e+06
1.622e+06
1.643e+06
1.6593e+06
1.6747e+06
1.6926e+06
1.7134e+06
1.7343e+06
1.7518e+06
1.7654e+06
1.7783e+06
1.7953e+06
1.8193e+06
1.8489e+06
1.8793e+06
1.9056e+06
1.9266e+06
1.9453e+06
1.9664e+06
1.9927e+06
2.0227e+06
2.0521e+06
2.0767e+06
2.0953e+06
2.1106e+06
2.127e+06
2.1475e+06
2.1719e+06
2.1975e+06
2.2216e+06
2.2435e+06
2.2646e+06
2.2869e+06
2.3109e+06
2.3354e+06
2.3592e+06
2.3826e+06
2.4078e+06
2.4375e+06
2.4724e+06
2.5097e+06
2.5446e+06
2.5731e+06
2.5947e+06
2.613e+06
2.6329e+06
2.6576e+06
2.6862e+06
2.7145e+06
2.7384e+06
2.7573e+06
2.7744e+06
2.7949e+06
2.8218e+06
2.8543e+06
2.8881e+06
2.9185e+06
2.9438e+06
2.9658e+06
2.9883e+06
3.014e+06
3.042e+06
3.0688e+06
3.091e+06
3.1076e+06
3.1211e+06
3.136e+06
3.1556e+06
3.1801e+06
3.2068e+06
3.2321e+06
3.2538e+06
3.2719e+06
3.2881e+06
3.3039e+06
3.32e+06
3.3364e+06
3.3533e+06
3.3719e+06
3.3934e+06
3.4181e+06
3.4441e+06
3.4681e+06
3.4871e+06
3.5002e+06
3.5092e+06
3.5175e+06
3.5277e+06
3.5398e+06
3.5519e+06
3.5615e+06
3.5679e+06
3.5731e+06
3.5802e+06
3.5919e+06
3.608e+06
3.6258e+06
3.6415e+06
3.6527e+06
3.659e+06
3.6619e+06
3.6631e+06
3.6633e+06
3.6625e+06
3.6603e+06
3.6572e+06
3.6545e+06
3.653e+06
3.6521e+06
3.6501e+06
3.6451e+06
3.6367e+06
3.6269e+06
3.6191e+06
3.6157e+06
3.6165e+06
3.6178e+06
3.6146e+06
3.6037e+06
3.5857e+06
3.5643e+06
3.5447e+06
3.5303e+06
3.5212e+06
3.5144e+06
3.5062e+06
3.4944e+06
3.4788e+06
3.4606e+06
3.441e+06
3.42e+06
3.3973e+06
3.373e+06
3.3487e+06
3.3265e+06
3.3077e+06
3.2912e+06
3.2739e+06
3.2521e+06
3.2245e+06
3.1933e+06
3.1636e+06
3.1405e+06
3.1259e+06
3.1176e+06
3.1101e+06
3.098e+06
3.0791e+06
3.0547e+06
3.0291e+06
3.0065e+06
2.9889e+06
2.9756e+06
2.9647e+06
2.9542e+06
2.9438e+06
2.9345e+06
2.927e+06
2.9213e+06
2.9167e+06
2.9126e+06
2.9101e+06
2.911e+06
2.917e+06
2.9277e+06
2.9404e+06
2.9508e+06
2.9565e+06
2.9583e+06
2.9605e+06
2.9687e+06
2.9862e+06
3.0117e+06
3.0392e+06
3.0621e+06
3.0767e+06
3.0851e+06
3.0937e+06
3.11e+06
3.1376e+06
3.174e+06
3.2125e+06
3.2458e+06
3.2708e+06
3.2896e+06
3.3076e+06
3.3297e+06
3.3568e+06
3.3854e+06
3.4107e+06
3.4301e+06
3.4455e+06
3.4618e+06
3.4836e+06
3.5113e+06
3.5402e+06
3.564e+06
3.5781e+06
3.5834e+06
3.5861e+06
3.5934e+06
3.6093e+06
3.6318e+06
3.654e+06
3.6683e+06
3.6711e+06
3.6643e+06
3.6533e+06
3.6435e+06
3.6365e+06
3.6298e+06
3.6192e+06
3.603e+06
3.5833e+06
3.5656e+06
3.5542e+06
3.5493e+06
3.546e+06
3.5367e+06
3.5161e+06
3.484e+06
3.4461e+06
3.4106e+06
3.3835e+06
3.3656e+06
3.3526e+06
3.3378e+06
3.3169e+06
3.2896e+06
3.2595e+06
3.2311e+06
3.2068e+06
3.1862e+06
3.1669e+06
3.1468e+06
3.126e+06
3.1067e+06
3.0913e+06
3.0801e+06
3.0713e+06
3.0618e+06
3.0498e+06
3.0364e+06
3.0261e+06
3.0235e+06
3.0313e+06
3.0474e+06
3.0667e+06
3.0832e+06
3.0941e+06
3.1009e+06
3.1083e+06
3.1211e+06
3.1409e+06
3.165e+06
3.1877e+06
3.2045e+06
3.2148e+06
3.2224e+06
3.2334e+06
3.2522e+06
3.2788e+06
3.3085e+06
3.3348e+06
3.3539e+06
3.3667e+06
3.378e+06
3.3934e+06
3.4149e+06
3.4399e+06
3.4621e+06
3.4759e+06
3.4797e+06
3.4767e+06
3.4731e+06
3.4737e+06
3.4789e+06
3.4841e+06
3.483e+06
3.4715e+06
3.4506e+06
3.4257e+06
3.4037e+06
3.3885e+06
3.3794e+06
3.3713e+06
3.3583e+06
3.3374e+06
3.3102e+06
3.281e+06
3.2546e+06
3.2329e+06
3.2142e+06
3.1948e+06
3.1723e+06
3.1472e+06
3.1228e+06
3.1035e+06
3.0917e+06
3.0861e+06
3.0828e+06
3.0779e+06
3.0699e+06
3.0609e+06
3.0553e+06
3.0568e+06
3.0658e+06
3.079e+06
3.0909e+06
3.0977e+06
3.0997e+06
3.1014e+06
3.1093e+06
3.1281e+06
3.1578e+06
3.1931e+06
3.2265e+06
3.2523e+06
3.2695e+06
3.282e+06
3.2957e+06
3.3147e+06
3.3388e+06
3.3632e+06
3.382e+06
3.3919e+06
3.394e+06
3.3934e+06
3.3957e+06
3.4032e+06
3.4135e+06
3.4207e+06
3.4192e+06
3.4073e+06
3.3882e+06
3.3683e+06
3.3534e+06
3.3448e+06
3.3388e+06
3.3284e+06
3.3085e+06
3.2781e+06
3.2417e+06
3.207e+06
3.1805e+06
3.1645e+06
3.1557e+06
3.1479e+06
3.1356e+06
3.1168e+06
3.0942e+06
3.073e+06
3.0584e+06
3.0523e+06
3.0534e+06
3.0578e+06
3.0623e+06
3.0662e+06
3.0713e+06
3.0807e+06
3.0966e+06
3.1186e+06
3.1437e+06
3.1683e+06
3.19e+06
3.2089e+06
3.2273e+06
3.2477e+06
3.2712e+06
3.2963e+06
3.32e+06
3.3394e+06
3.3539e+06
3.365e+06
3.3751e+06
3.3859e+06
3.3962e+06
3.4024e+06
3.4008e+06
3.3901e+06
3.3725e+06
3.3535e+06
3.3387e+06
3.3308e+06
3.3277e+06
3.3237e+06
3.3125e+06
3.2909e+06
3.2609e+06
3.2288e+06
3.2021e+06
3.1856e+06
3.1784e+06
3.1748e+06
3.1675e+06
3.1517e+06
3.1277e+06
3.101e+06
3.0802e+06
3.0721e+06
3.0793e+06
3.0981e+06
3.1217e+06
3.1431e+06
3.1592e+06
3.1713e+06
3.1845e+06
3.2042e+06
3.2329e+06
3.2688e+06
3.3067e+06
3.3404e+06
3.3663e+06
3.3843e+06
3.3974e+06
3.4094e+06
3.4228e+06
3.437e+06
3.4494e+06
3.4569e+06
3.4579e+06
3.4531e+06
3.4446e+06
3.4343e+06
3.4229e+06
3.4091e+06
3.3914e+06
3.3692e+06
3.3438e+06
3.3183e+06
3.2959e+06
3.2782e+06
3.264e+06
3.2503e+06
3.2342e+06
3.2148e+06
3.1944e+06
3.1778e+06
3.17e+06
3.1738e+06
3.1879e+06
3.2078e+06
3.2277e+06
3.2434e+06
3.2542e+06
3.2632e+06
3.2751e+06
3.2934e+06
3.3187e+06
3.3475e+06
3.3747e+06
3.3959e+06
3.4102e+06
3.4202e+06
3.4306e+06
3.4449e+06
3.4628e+06
3.4801e+06
3.4906e+06
3.4891e+06
3.4753e+06
3.4533e+06
3.4307e+06
3.414e+06
3.4056e+06
3.4022e+06
3.3967e+06
3.3824e+06
3.3563e+06
3.3215e+06
3.2857e+06
3.2577e+06
3.2435e+06
3.2431e+06
3.251e+06
3.2593e+06
3.2618e+06
3.2572e+06
3.2495e+06
3.2463e+06
3.2546e+06
3.2775e+06
3.3117e+06
3.3492e+06
3.3813e+06
3.4019e+06
3.4106e+06
3.4123e+06
3.4146e+06
3.4235e+06
3.4408e+06
3.4626e+06
3.482e+06
3.4923e+06
3.4909e+06
3.4798e+06
3.4644e+06
3.4508e+06
3.4418e+06
3.4365e+06
3.4301e+06
3.4176e+06
3.3959e+06
3.3659e+06
3.332e+06
3.3003e+06
3.276e+06
3.2613e+06
3.2555e+06
3.2551e+06
3.2571e+06
3.2594e+06
3.2623e+06
3.2675e+06
3.2769e+06
3.2914e+06
3.3103e+06
3.3317e+06
3.3537e+06
3.3755e+06
3.3974e+06
3.4205e+06
3.4453e+06
3.4708e+06
3.4945e+06
3.5129e+06
3.5234e+06
3.5251e+06
3.5192e+06
3.5082e+06
3.4947e+06
3.4799e+06
3.463e+06
3.4423e+06
3.4165e+06
3.3862e+06
3.3542e+06
3.3247e+06
3.3019e+06
3.2881e+06
3.2827e+06
3.2824e+06
3.2832e+06
3.2819e+06
3.2782e+06
3.2744e+06
3.2749e+06
3.2839e+06
3.3037e+06
3.3333e+06
3.3687e+06
3.4048e+06
3.4372e+06
3.4634e+06
3.4838e+06
3.5001e+06
3.5141e+06
3.5263e+06
3.5352e+06
3.5383e+06
3.5336e+06
3.5207e+06
3.5015e+06
3.4789e+06
3.4564e+06
3.4355e+06
3.4161e+06
3.3962e+06
3.374e+06
3.3488e+06
3.322e+06
3.2971e+06
3.2786e+06
3.2703e+06
3.2736e+06
3.2879e+06
3.3102e+06
3.3371e+06
3.3657e+06
3.3945e+06
3.4233e+06
3.4522e+06
3.4805e+06
3.5063e+06
3.5269e+06
3.5397e+06
3.5435e+06
3.5394e+06
3.5302e+06
3.519e+06
3.5083e+06
3.4979e+06
3.4856e+06
3.468e+06
3.4428e+06
3.41e+06
3.3729e+06
3.3372e+06
3.3089e+06
3.2922e+06
3.2882e+06
3.2943e+06
3.3061e+06
3.3188e+06
3.3297e+06
3.3388e+06
3.3486e+06
3.3624e+06
3.3829e+06
3.4099e+06
3.4408e+06
3.4708e+06
3.4951e+06
3.5109e+06
3.5179e+06
3.5181e+06
3.5148e+06
3.5102e+06
3.5049e+06
3.4971e+06
3.4846e+06
3.4658e+06
3.4413e+06
3.4141e+06
3.3888e+06
3.3697e+06
3.3592e+06
3.357e+06
3.3605e+06
3.366e+06
3.3704e+06
3.373e+06
3.3749e+06
3.3792e+06
3.3893e+06
3.4068e+06
3.4313e+06
3.4594e+06
3.4866e+06
3.5086e+06
3.5228e+06
3.5294e+06
3.5303e+06
3.5283e+06
3.5257e+06
3.5227e+06
3.5178e+06
3.509e+06
3.4945e+06
3.4742e+06
3.4499e+06
3.4248e+06
3.4021e+06
3.3844e+06
3.3724e+06
3.3658e+06
3.3635e+06
3.3647e+06
3.3693e+06
3.3782e+06
3.3927e+06
3.4131e+06
3.4384e+06
3.466e+06
3.4923e+06
3.5138e+06
3.5282e+06
3.5352e+06
3.5363e+06
3.5337e+06
3.5289e+06
3.522e+06
3.5112e+06
3.4942e+06
3.4691e+06
3.4364e+06
3.399e+06
3.3624e+06
3.3327e+06
3.315e+06
3.3112e+06
3.3201e+06
3.3372e+06
3.3571e+06
3.3752e+06
3.3887e+06
3.3982e+06
3.4062e+06
3.4163e+06
3.4315e+06
3.4521e+06
3.4757e+06
3.4981e+06
3.5142e+06
3.5204e+06
3.5155e+06
3.5006e+06
3.4786e+06
3.4529e+06
3.426e+06
3.3995e+06
3.3737e+06
3.349e+06
3.3262e+06
3.3074e+06
3.2954e+06
3.2925e+06
3.3003e+06
3.3181e+06
3.3432e+06
3.3717e+06
3.3993e+06
3.4228e+06
3.441e+06
3.4544e+06
3.465e+06
3.4744e+06
3.4835e+06
3.4908e+06
3.4938e+06
3.4893e+06
3.4753e+06
3.4519e+06
3.4216e+06
3.3886e+06
3.3577e+06
3.3328e+06
3.316e+06
3.3074e+06
3.3055e+06
3.3083e+06
3.3144e+06
3.3233e+06
3.3355e+06
3.3515e+06
3.3717e+06
3.3949e+06
3.4184e+06
3.4387e+06
3.4522e+06
3.4564e+06
3.4509e+06
3.4372e+06
3.4184e+06
3.398e+06
3.3786e+06
3.3613e+06
3.3457e+06
3.3305e+06
3.3146e+06
3.2978e+06
3.2809e+06
3.2659e+06
3.2549e+06
3.2496e+06
3.2505e+06
3.2567e+06
3.2663e+06
3.277e+06
3.2869e+06
3.2947e+06
3.3002e+06
3.3037e+06
3.3054e+06
3.3049e+06
3.3012e+06
3.293e+06
3.2794e+06
3.2605e+06
3.2378e+06
3.214e+06
3.192e+06
3.1747e+06
3.1634e+06
3.158e+06
3.1575e+06
3.1597e+06
3.163e+06
3.1667e+06
3.1709e+06
3.1767e+06
3.1854e+06
3.1974e+06
3.2117e+06
3.226e+06
3.2371e+06
3.2419e+06
3.2385e+06
3.2272e+06
3.2097e+06
3.1888e+06
3.1676e+06
3.1478e+06
3.1299e+06
3.1129e+06
3.0958e+06
3.0779e+06
3.0601e+06
3.0445e+06
3.0345e+06
3.0335e+06
3.0436e+06
3.0643e+06
3.0924e+06
3.1226e+06
3.1488e+06
3.1659e+06
3.171e+06
3.1644e+06
3.1489e+06
3.1287e+06
3.1076e+06
3.088e+06
3.0703e+06
3.0534e+06
3.0355e+06
3.0161e+06
2.9962e+06
2.9785e+06
2.967e+06
2.9656e+06
2.9763e+06
2.9984e+06
3.0282e+06
3.0599e+06
3.087e+06
3.1045e+06
3.1096e+06
3.1033e+06
3.0889e+06
3.0713e+06
3.0551e+06
3.0428e+06
3.0344e+06
3.0278e+06
3.0204e+06
3.01e+06
2.9966e+06
2.9821e+06
2.9697e+06
2.9633e+06
2.9655e+06
2.9769e+06
2.9954e+06
3.0168e+06
3.0363e+06
3.0494e+06
3.0539e+06
3.05e+06
3.0403e+06
3.0285e+06
3.018e+06
3.0103e+06
3.0052e+06
3.0005e+06
2.9935e+06
2.9825e+06
2.9676e+06
2.9507e+06
2.9356e+06
2.9261e+06
2.9253e+06
2.9341e+06
2.951e+06
2.9719e+06
2.9919e+06
3.006e+06
3.0114e+06
3.0076e+06
2.9964e+06
2.9815e+06
2.9665e+06
2.9541e+06
2.9448e+06
2.9375e+06
2.9301e+06
2.921e+06
2.9098e+06
2.8977e+06
2.8874e+06
2.8823e+06
2.8851e+06
2.8969e+06
2.9162e+06
2.9394e+06
2.9612e+06
2.9764e+06
2.9812e+06
2.9742e+06
2.9572e+06
2.9339e+06
2.9094e+06
2.8881e+06
2.8728e+06
2.8643e+06
2.8611e+06
2.8611e+06
2.862e+06
2.8627e+06
2.8634e+06
2.8653e+06
2.8701e+06
2.8792e+06
2.8929e+06
2.9096e+06
2.9266e+06
2.9402e+06
2.947e+06
2.9452e+06
2.9348e+06
2.9177e+06
2.8973e+06
2.877e+06
2.8599e+06
2.8476e+06
2.8401e+06
2.8365e+06
2.8352e+06
2.835e+06
2.8354e+06
2.8367e+06
2.8397e+06
2.8454e+06
2.8538e+06
2.8637e+06
2.8728e+06
2.8777e+06
2.8754e+06
2.8643e+06
2.8447e+06
2.8191e+06
2.7916e+06
2.7669e+06
2.7491e+06
2.7405e+06
2.7412e+06
2.7493e+06
2.7613e+06
2.7735e+06
2.7829e+06
2.7879e+06
2.7888e+06
2.7871e+06
2.7851e+06
2.7846e+06
2.7858e+06
2.7875e+06
2.7869e+06
2.7815e+06
2.7696e+06
2.7511e+06
2.7283e+06
2.7049e+06
2.6855e+06
2.6742e+06
2.6734e+06
2.6835e+06
2.7023e+06
2.7256e+06
2.7485e+06
2.7664e+06
2.7761e+06
2.7766e+06
2.7691e+06
2.7562e+06
2.7409e+06
2.7263e+06
2.7141e+06
2.7047e+06
2.698e+06
2.693e+06
2.6893e+06
2.6869e+06
2.6862e+06
2.6883e+06
2.6939e+06
2.7032e+06
2.7151e+06
2.7276e+06
2.7377e+06
2.7424e+06
2.7397e+06
2.7289e+06
2.7115e+06
2.6906e+06
2.6701e+06
2.6539e+06
2.6452e+06
2.645e+06
2.6525e+06
2.6655e+06
2.6806e+06
2.6947e+06
2.7053e+06
2.7114e+06
2.7133e+06
2.7125e+06
2.7108e+06
2.7096e+06
2.7092e+06
2.7086e+06
2.7063e+06
2.7006e+06
2.6908e+06
2.6775e+06
2.6624e+06
2.6484e+06
2.6384e+06
2.6349e+06
2.6391e+06
2.6504e+06
2.6663e+06
2.6831e+06
2.6968e+06
2.7038e+06
2.702e+06
2.6915e+06
2.674e+06
2.6528e+06
2.6316e+06
2.6136e+06
2.6011e+06
2.5948e+06
2.5941e+06
2.5972e+06
2.6024e+06
2.6078e+06
2.6125e+06
2.6163e+06
2.6194e+06
2.6224e+06
2.6256e+06
2.6283e+06
2.6292e+06
2.6268e+06
2.6196e+06
2.6073e+06
2.5907e+06
2.5716e+06
2.5531e+06
2.5381e+06
2.5294e+06
2.5284e+06
2.535e+06
2.5473e+06
2.5622e+06
2.576e+06
2.585e+06
2.5871e+06
2.5814e+06
2.5692e+06
2.5529e+06
2.5358e+06
2.5212e+06
2.5113e+06
2.5072e+06
2.5086e+06
2.514e+06
2.521e+06
2.5275e+06
2.5317e+06
2.5326e+06
2.5304e+06
2.5257e+06
2.5196e+06
2.5131e+06
2.5066e+06
2.5e+06
2.493e+06
2.4854e+06
2.4774e+06
2.4699e+06
2.4638e+06
2.4607e+06
2.4614e+06
2.4665e+06
2.4753e+06
2.4863e+06
2.4972e+06
2.5051e+06
2.5077e+06
2.5033e+06
2.4919e+06
2.4751e+06
2.4558e+06
2.4375e+06
2.4238e+06
2.4174e+06
2.4196e+06
2.4295e+06
2.4449e+06
2.4623e+06
2.478e+06
2.4887e+06
2.4924e+06
2.4889e+06
2.4794e+06
2.4667e+06
2.4537e+06
2.4433e+06
2.4374e+06
2.4364e+06
2.4399e+06
2.4466e+06
2.4547e+06
2.4626e+06
2.4692e+06
2.4738e+06
2.4767e+06
2.4784e+06
2.4798e+06
2.4813e+06
2.4827e+06
2.4833e+06
2.4818e+06
2.4772e+06
2.4693e+06
2.4588e+06
2.4472e+06
2.437e+06
2.4306e+06
2.4302e+06
2.4367e+06
2.4498e+06
2.4678e+06
2.4875e+06
2.5048e+06
2.5163e+06
2.5192e+06
2.5126e+06
2.4974e+06
2.4764e+06
2.4536e+06
2.433e+06
2.4183e+06
2.4117e+06
2.4137e+06
2.4227e+06
2.4358e+06
2.4493e+06
2.4594e+06
2.4636e+06
2.4607e+06
2.451e+06
2.4366e+06
2.4204e+06
2.4055e+06
2.3944e+06
2.3886e+06
2.3883e+06
2.3926e+06
2.3994e+06
2.4064e+06
2.4114e+06
2.4127e+06
2.4098e+06
2.4032e+06
2.3941e+06
2.3845e+06
2.3761e+06
2.3702e+06
2.3675e+06
2.3677e+06
2.3704e+06
2.3746e+06
2.3794e+06
2.3841e+06
2.3881e+06
2.3914e+06
2.394e+06
2.3961e+06
2.398e+06
2.3996e+06
2.4006e+06
2.4006e+06
2.3994e+06
2.397e+06
2.394e+06
2.3911e+06
2.3896e+06
2.3902e+06
2.3936e+06
2.3998e+06
2.408e+06
2.4169e+06
2.4245e+06
2.4291e+06
2.429e+06
2.4236e+06
2.4132e+06
2.3994e+06
2.3847e+06
2.372e+06
2.3639e+06
2.3624e+06
2.3679e+06
2.3797e+06
2.3955e+06
2.4121e+06
2.4258e+06
2.4337e+06
2.4337e+06
2.4255e+06
2.4104e+06
2.3911e+06
2.371e+06
2.3539e+06
2.3426e+06
2.3387e+06
2.3422e+06
2.3513e+06
2.3633e+06
2.3746e+06
2.3821e+06
2.3835e+06
2.3782e+06
2.3668e+06
2.3517e+06
2.336e+06
2.3229e+06
2.3151e+06
2.3141e+06
2.3197e+06
2.3306e+06
2.3439e+06
2.3564e+06
2.3648e+06
2.3671e+06
2.3623e+06
2.3514e+06
2.3366e+06
2.3213e+06
2.3088e+06
2.3019e+06
2.3023e+06
2.3101e+06
2.3239e+06
2.3413e+06
2.3588e+06
2.3731e+06
2.3816e+06
2.3827e+06
2.3764e+06
2.3642e+06
2.349e+06
2.3339e+06
2.3219e+06
2.315e+06
2.3143e+06
2.3192e+06
2.3283e+06
2.3391e+06
2.3491e+06
2.3559e+06
2.3577e+06
2.3541e+06
2.3458e+06
2.3345e+06
2.3226e+06
2.3124e+06
2.3058e+06
2.3036e+06
2.3057e+06
2.311e+06
2.3177e+06
2.3238e+06
2.3274e+06
2.3271e+06
2.3224e+06
2.3141e+06
2.3038e+06
2.2936e+06
2.2859e+06
2.2824e+06
2.2843e+06
2.2914e+06
2.3025e+06
2.3158e+06
2.3288e+06
2.339e+06
2.3445e+06
2.3442e+06
2.3382e+06
2.328e+06
2.3159e+06
2.3047e+06
2.297e+06
2.2947e+06
2.2986e+06
2.3083e+06
2.3226e+06
2.339e+06
2.355e+06
2.3677e+06
2.3751e+06
2.3762e+06
2.3712e+06
2.3617e+06
2.3503e+06
2.3396e+06
2.3323e+06
2.3302e+06
2.3339e+06
2.343e+06
2.3561e+06
2.3707e+06
2.3841e+06
2.3937e+06
2.3978e+06
2.3954e+06
2.3872e+06
2.3748e+06
2.3604e+06
2.3468e+06
2.3362e+06
2.3302e+06
2.3295e+06
2.3335e+06
2.3406e+06
2.3489e+06
2.356e+06
2.36e+06
2.3601e+06
2.3565e+06
2.3505e+06
2.3443e+06
2.3401e+06
2.3397e+06
2.3441e+06
2.3535e+06
2.3666e+06
2.3814e+06
2.3953e+06
2.4055e+06
2.4098e+06
2.4071e+06
2.3979e+06
2.3839e+06
2.368e+06
2.3536e+06
2.3439e+06
2.3411e+06
2.346e+06
2.3577e+06
2.3739e+06
2.3914e+06
2.4064e+06
2.4156e+06
2.4171e+06
2.4105e+06
2.3972e+06
2.3802e+06
2.3634e+06
2.3506e+06
2.3453e+06
2.3492e+06
2.3623e+06
2.3827e+06
2.4071e+06
2.4314e+06
2.4516e+06
2.4648e+06
2.4694e+06
2.4659e+06
2.4566e+06
2.4447e+06
2.4342e+06
2.4283e+06
2.4293e+06
2.4377e+06
2.4524e+06
2.4704e+06
2.4884e+06
2.5026e+06
2.5103e+06
2.5099e+06
2.5018e+06
2.4876e+06
2.4706e+06
2.4541e+06
2.4414e+06
2.4346e+06
2.4348e+06
2.441e+06
2.4515e+06
2.4633e+06
2.4738e+06
2.4803e+06
2.4816e+06
2.4777e+06
2.4698e+06
2.4601e+06
2.4508e+06
2.4441e+06
2.4413e+06
2.4428e+06
2.4478e+06
2.4553e+06
2.4637e+06
2.4712e+06
2.4768e+06
2.4797e+06
2.4801e+06
2.4786e+06
2.4761e+06
2.4738e+06
2.472e+06
2.4709e+06
2.4702e+06
2.4694e+06
2.4682e+06
2.4666e+06
2.465e+06
2.4641e+06
2.4647e+06
2.4674e+06
2.4726e+06
2.4801e+06
2.4887e+06
2.4971e+06
2.5031e+06
2.5053e+06
2.5027e+06
2.4956e+06
2.4854e+06
2.4745e+06
2.4658e+06
2.4617e+06
2.4641e+06
2.4734e+06
2.4887e+06
2.5075e+06
2.5263e+06
2.5415e+06
2.5501e+06
2.5503e+06
2.5422e+06
2.5276e+06
2.5098e+06
2.4927e+06
2.4801e+06
2.4748e+06
2.4779e+06
2.4889e+06
2.5054e+06
2.5243e+06
2.5419e+06
2.5551e+06
2.5622e+06
2.5627e+06
2.5576e+06
2.5491e+06
2.5398e+06
2.5318e+06
2.5267e+06
2.525e+06
2.5262e+06
2.5293e+06
2.533e+06
2.5364e+06
2.5389e+06
2.5406e+06
2.5419e+06
2.5439e+06
2.547e+06
2.5513e+06
2.556e+06
2.5598e+06
2.5611e+06
2.559e+06
2.5533e+06
2.5449e+06
2.5358e+06
2.5284e+06
2.5253e+06
2.5284e+06
2.5384e+06
2.5543e+06
2.5735e+06
2.5924e+06
2.6071e+06
2.6143e+06
2.6122e+06
2.6011e+06
2.5833e+06
2.5626e+06
2.5434e+06
2.5298e+06
2.5244e+06
2.528e+06
2.5392e+06
2.5549e+06
2.5712e+06
2.5841e+06
2.5908e+06
2.5901e+06
2.5827e+06
2.5707e+06
2.5572e+06
2.5453e+06
2.537e+06
2.5332e+06
2.5331e+06
2.5353e+06
2.5379e+06
2.5394e+06
2.5389e+06
2.5366e+06
2.5336e+06
2.5316e+06
2.5319e+06
2.5355e+06
2.5419e+06
2.5494e+06
2.5558e+06
2.5587e+06
2.5567e+06
2.5496e+06
2.539e+06
2.5274e+06
2.5182e+06
2.5141e+06
2.517e+06
2.5267e+06
2.5413e+06
2.5573e+06
2.5707e+06
2.5776e+06
2.5759e+06
2.5651e+06
2.547e+06
2.5252e+06
2.5038e+06
2.4867e+06
2.4766e+06
2.4743e+06
2.4786e+06
2.4872e+06
2.497e+06
2.5054e+06
2.5107e+06
2.5124e+06
2.5116e+06
2.5099e+06
2.5092e+06
2.5106e+06
2.5138e+06
2.5172e+06
2.5187e+06
2.5163e+06
2.5088e+06
2.4967e+06
2.4822e+06
2.4684e+06
2.4589e+06
2.4564e+06
2.4623e+06
2.476e+06
2.4945e+06
2.5135e+06
2.5283e+06
2.5352e+06
2.5322e+06
2.5197e+06
2.5002e+06
2.4779e+06
2.4572e+06
2.442e+06
2.4343e+06
2.4341e+06
2.4399e+06
2.4489e+06
2.4582e+06
2.4658e+06
2.4704e+06
2.4725e+06
2.4732e+06
2.4741e+06
2.476e+06
2.4789e+06
2.4813e+06
2.4812e+06
2.4765e+06
2.4662e+06
2.4507e+06
2.4324e+06
2.4144e+06
2.4008e+06
2.3947e+06
2.3977e+06
2.4093e+06
2.4269e+06
2.4467e+06
2.4642e+06
2.476e+06
2.48e+06
2.4766e+06
2.4678e+06
2.4567e+06
2.4465e+06
2.4395e+06
2.4361e+06
2.4353e+06
2.435e+06
2.4332e+06
2.4285e+06
2.4209e+06
2.4117e+06
2.4033e+06
2.3984e+06
2.3989e+06
2.4054e+06
2.4164e+06
2.429e+06
2.4393e+06
2.4437e+06
2.4401e+06
2.4287e+06
2.4115e+06
2.3921e+06
2.3747e+06
2.3626e+06
2.3575e+06
2.3595e+06
2.3666e+06
2.3762e+06
2.3854e+06
2.3923e+06
2.3962e+06
2.3977e+06
2.3983e+06
2.3994e+06
2.4018e+06
2.4049e+06
2.407e+06
2.4059e+06
2.4e+06
2.3886e+06
2.373e+06
2.3556e+06
2.3402e+06
2.33e+06
2.3273e+06
2.3325e+06
2.3437e+06
2.3578e+06
2.3707e+06
2.379e+06
2.3808e+06
2.3761e+06
2.3668e+06
2.3557e+06
2.3456e+06
2.3382e+06
2.3337e+06
2.3304e+06
2.3262e+06
2.3193e+06
2.3087e+06
2.2955e+06
2.282e+06
2.2712e+06
2.2661e+06
2.2685e+06
2.2783e+06
2.2931e+06
2.3091e+06
2.3222e+06
2.3287e+06
2.327e+06
2.3176e+06
2.3027e+06
2.2858e+06
2.2702e+06
2.2583e+06
2.2505e+06
2.246e+06
2.2431e+06
2.2401e+06
2.2361e+06
2.2318e+06
2.2284e+06
2.2281e+06
2.2322e+06
2.2411e+06
2.2532e+06
2.2657e+06
2.275e+06
2.278e+06
2.2731e+06
2.2609e+06
2.2439e+06
2.226e+06
2.211e+06
2.2016e+06
2.1985e+06
2.2007e+06
2.2055e+06
2.2104e+06
2.2131e+06
2.2131e+06
2.2114e+06
2.2099e+06
2.2109e+06
2.2159e+06
2.2248e+06
2.2357e+06
2.2454e+06
2.2505e+06
2.2486e+06
2.2389e+06
2.223e+06
2.2038e+06
2.1849e+06
2.1695e+06
2.159e+06
2.1535e+06
2.1515e+06
2.151e+06
2.1502e+06
2.1485e+06
2.1465e+06
2.1455e+06
2.1471e+06
2.152e+06
2.1595e+06
2.1676e+06
2.1734e+06
2.1739e+06
2.1678e+06
2.1552e+06
2.1384e+06
2.1207e+06
2.1055e+06
2.0952e+06
2.0904e+06
2.09e+06
2.0917e+06
2.0929e+06
2.0924e+06
2.09e+06
2.0874e+06
2.087e+06
2.0912e+06
2.1009e+06
2.1152e+06
2.1308e+06
2.1437e+06
2.1497e+06
2.1467e+06
2.1349e+06
2.1167e+06
2.0965e+06
2.0785e+06
2.0656e+06
2.0586e+06
2.0559e+06
2.0549e+06
2.0527e+06
2.0478e+06
2.0404e+06
2.0326e+06
2.0275e+06
2.0277e+06
2.0346e+06
2.0469e+06
2.0615e+06
2.0739e+06
2.0798e+06
2.077e+06
2.0655e+06
2.0481e+06
2.0291e+06
2.0127e+06
2.0018e+06
1.9969e+06
1.9964e+06
1.9972e+06
1.9966e+06
1.9932e+06
1.9872e+06
1.9806e+06
1.9763e+06
1.9767e+06
1.9828e+06
1.9935e+06
2.0063e+06
2.0175e+06
2.0245e+06
2.0257e+06
2.0217e+06
2.0145e+06
2.0066e+06
2e+06
1.995e+06
1.9906e+06
1.9847e+06
1.9757e+06
1.963e+06
1.9476e+06
1.9323e+06
1.9202e+06
1.9143e+06
1.9159e+06
1.9239e+06
1.936e+06
1.9485e+06
1.9583e+06
1.9639e+06
1.9653e+06
1.9643e+06
1.9632e+06
1.9639e+06
1.9666e+06
1.9697e+06
1.9708e+06
1.9671e+06
1.9576e+06
1.9429e+06
1.9255e+06
1.9089e+06
1.8964e+06
1.89e+06
1.8895e+06
1.8932e+06
1.8984e+06
1.9025e+06
1.9044e+06
1.9045e+06
1.9044e+06
1.9064e+06
1.9119e+06
1.9208e+06
1.9312e+06
1.9402e+06
1.9447e+06
1.9428e+06
1.9347e+06
1.922e+06
1.9076e+06
1.8941e+06
1.8832e+06
1.8749e+06
1.868e+06
1.8609e+06
1.8528e+06
1.8441e+06
1.8366e+06
1.8326e+06
1.8341e+06
1.8419e+06
1.8547e+06
1.8697e+06
1.8832e+06
1.8926e+06
1.8964e+06
1.8956e+06
1.8924e+06
1.8897e+06
1.8895e+06
1.8916e+06
1.8943e+06
1.8942e+06
1.8886e+06
1.8764e+06
1.8583e+06
1.8374e+06
1.8175e+06
1.802e+06
1.793e+06
1.7903e+06
1.7921e+06
1.7957e+06
1.7991e+06
1.8012e+06
1.8025e+06
1.8044e+06
1.8087e+06
1.816e+06
1.8258e+06
1.836e+06
1.8444e+06
1.8491e+06
1.8493e+06
1.8458e+06
1.8403e+06
1.8344e+06
1.8289e+06
1.8233e+06
1.8162e+06
1.8063e+06
1.7931e+06
1.7776e+06
1.762e+06
1.7494e+06
1.7419e+06
1.7406e+06
1.7444e+06
1.7509e+06
1.7574e+06
1.7618e+06
1.764e+06
1.765e+06
1.7673e+06
1.7729e+06
1.7822e+06
1.7939e+06
1.8047e+06
1.8111e+06
1.8105e+06
1.8025e+06
1.7891e+06
1.7736e+06
1.7597e+06
1.7494e+06
1.743e+06
1.7387e+06
1.7339e+06
1.7268e+06
1.7173e+06
1.7069e+06
1.6985e+06
1.6948e+06
1.697e+06
1.7044e+06
1.7145e+06
1.7241e+06
1.7304e+06
1.7328e+06
1.7323e+06
1.7313e+06
1.7321e+06
1.7358e+06
1.7412e+06
1.7455e+06
1.7454e+06
1.7389e+06
1.7264e+06
1.7104e+06
1.6948e+06
1.683e+06
1.6765e+06
1.6742e+06
1.673e+06
1.6696e+06
1.662e+06
1.6505e+06
1.6378e+06
1.628e+06
1.6246e+06
1.6293e+06
1.6409e+06
1.6557e+06
1.6693e+06
1.6785e+06
1.6825e+06
1.6829e+06
1.6832e+06
1.6866e+06
1.6944e+06
1.7051e+06
1.7149e+06
1.7195e+06
1.7161e+06
1.7048e+06
1.6883e+06
1.6711e+06
1.6572e+06
1.6486e+06
1.6447e+06
1.6424e+06
1.6385e+06
1.631e+06
1.6204e+06
1.609e+06
1.6006e+06
1.5981e+06
1.6023e+06
1.6115e+06
1.6224e+06
1.6313e+06
1.6361e+06
1.6369e+06
1.6362e+06
1.637e+06
1.6416e+06
1.6502e+06
1.6602e+06
1.6681e+06
1.6704e+06
1.6657e+06
1.6553e+06
1.6424e+06
1.6306e+06
1.6224e+06
1.6177e+06
1.6145e+06
1.6097e+06
1.601e+06
1.588e+06
1.5724e+06
1.5575e+06
1.5463e+06
1.5406e+06
1.5401e+06
1.5431e+06
1.5469e+06
1.5497e+06
1.5514e+06
1.553e+06
1.5564e+06
1.5629e+06
1.5726e+06
1.5836e+06
1.5936e+06
1.6003e+06
1.6028e+06
1.6018e+06
1.5992e+06
1.5968e+06
1.5953e+06
1.5941e+06
1.5913e+06
1.5849e+06
1.5742e+06
1.5599e+06
1.5441e+06
1.5293e+06
1.5172e+06
1.5079e+06
1.5005e+06
1.4932e+06
1.4851e+06
1.4762e+06
1.468e+06
1.4627e+06
1.4619e+06
1.4657e+06
1.4729e+06
1.4815e+06
1.4893e+06
1.4956e+06
1.501e+06
1.5072e+06
1.5156e+06
1.5266e+06
1.5388e+06
1.5494e+06
1.5559e+06
1.5567e+06
1.5526e+06
1.5457e+06
1.539e+06
1.5345e+06
1.532e+06
1.5295e+06
1.5242e+06
1.5142e+06
1.4996e+06
1.4826e+06
1.4666e+06
1.4545e+06
1.4474e+06
1.444e+06
1.4416e+06
1.4372e+06
1.4296e+06
1.4197e+06
1.4103e+06
1.4046e+06
1.405e+06
1.4115e+06
1.4218e+06
1.4328e+06
1.4416e+06
1.4471e+06
1.4504e+06
1.4537e+06
1.4588e+06
1.4662e+06
1.4744e+06
1.4809e+06
1.4832e+06
1.4807e+06
1.4748e+06
1.468e+06
1.4632e+06
1.461e+06
1.4604e+06
1.4586e+06
1.4531e+06
1.4428e+06
1.4289e+06
1.4143e+06
1.4019e+06
1.3934e+06
1.3881e+06
1.3836e+06
1.3774e+06
1.3682e+06
1.3566e+06
1.3455e+06
1.3383e+06
1.3373e+06
1.3424e+06
1.3511e+06
1.36e+06
1.3661e+06
1.3686e+06
1.369e+06
1.3704e+06
1.3757e+06
1.3856e+06
1.3985e+06
1.411e+06
1.4196e+06
1.4227e+06
1.4209e+06
1.4169e+06
1.4134e+06
1.4118e+06
1.4114e+06
1.4099e+06
1.4046e+06
1.3946e+06
1.3811e+06
1.3666e+06
1.354e+06
1.3449e+06
1.3383e+06
1.332e+06
1.3236e+06
1.3121e+06
1.2985e+06
1.2854e+06
1.2759e+06
1.2713e+06
1.2711e+06
1.2729e+06
1.2737e+06
1.2721e+06
1.2681e+06
1.2641e+06
1.2626e+06
1.2658e+06
1.2734e+06
1.2835e+06
1.2935e+06
1.3013e+06
1.3067e+06
1.3109e+06
1.3161e+06
1.3235e+06
1.3325e+06
1.3411e+06
1.3467e+06
1.3479e+06
1.345e+06
1.34e+06
1.3352e+06
1.332e+06
1.3299e+06
1.3268e+06
1.3207e+06
1.3107e+06
1.2979e+06
1.2847e+06
1.2736e+06
1.2654e+06
1.2591e+06
1.2523e+06
1.2426e+06
1.2296e+06
1.2149e+06
1.2015e+06
1.1924e+06
1.1887e+06
1.1889e+06
1.1901e+06
1.1893e+06
1.1853e+06
1.1794e+06
1.1749e+06
1.1752e+06
1.1817e+06
1.1932e+06
1.2062e+06
1.217e+06
1.2233e+06
1.2256e+06
1.2267e+06
1.2303e+06
1.2382e+06
1.2499e+06
1.2623e+06
1.2717e+06
1.276e+06
1.2753e+06
1.2723e+06
1.2699e+06
1.2701e+06
1.2724e+06
1.2743e+06
1.2733e+06
1.2681e+06
1.2593e+06
1.2494e+06
1.2405e+06
1.2337e+06
1.2276e+06
1.2202e+06
1.2096e+06
1.1959e+06
1.1809e+06
1.1675e+06
1.1576e+06
1.1514e+06
1.1471e+06
1.1419e+06
1.1341e+06
1.1239e+06
1.1134e+06
1.1054e+06
1.1021e+06
1.1034e+06
1.1074e+06
1.1115e+06
1.114e+06
1.1149e+06
1.116e+06
1.1194e+06
1.126e+06
1.135e+06
1.1442e+06
1.1514e+06
1.1556e+06
1.1582e+06
1.1615e+06
1.1678e+06
1.1775e+06
1.1886e+06
1.1979e+06
1.2031e+06
1.2037e+06
1.2015e+06
1.1995e+06
1.2e+06
1.2028e+06
1.2057e+06
1.2056e+06
1.2009e+06
1.1922e+06
1.1825e+06
1.1749e+06
1.1708e+06
1.1689e+06
1.1661e+06
1.1592e+06
1.1472e+06
1.1317e+06
1.1165e+06
1.1048e+06
1.0979e+06
1.0941e+06
1.0899e+06
1.0823e+06
1.0705e+06
1.0563e+06
1.0431e+06
1.0341e+06
1.0301e+06
1.0294e+06
1.0292e+06
1.0271e+06
1.0226e+06
1.0175e+06
1.0144e+06
1.0149e+06
1.0191e+06
1.025e+06
1.0302e+06
1.0337e+06
1.0361e+06
1.0395e+06
1.046e+06
1.056e+06
1.0678e+06
1.0785e+06
1.086e+06
1.0899e+06
1.0923e+06
1.096e+06
1.103e+06
1.1129e+06
1.1234e+06
1.1316e+06
1.1359e+06
1.1372e+06
1.1379e+06
1.1405e+06
1.1455e+06
1.1512e+06
1.1545e+06
1.1534e+06
1.1476e+06
1.1398e+06
1.1333e+06
1.1303e+06
1.1303e+06
1.1306e+06
1.128e+06
1.121e+06
1.1104e+06
1.0988e+06
1.089e+06
1.0816e+06
1.0752e+06
1.0675e+06
1.0566e+06
1.0431e+06
1.0294e+06
1.0184e+06
1.0114e+06
1.0072e+06
1.0029e+06
9.9578e+05
9.8517e+05
9.7302e+05
9.6269e+05
9.5689e+05
9.5584e+05
9.5707e+05
9.5707e+05
9.5352e+05
9.4675e+05
9.3965e+05
9.3589e+05
9.3763e+05
9.441e+05
9.5208e+05
9.5798e+05
9.6e+05
9.5908e+05
9.5825e+05
9.6059e+05
9.6724e+05
9.7674e+05
9.8606e+05
9.9276e+05
9.9645e+05
9.9897e+05
1.003e+06
1.01e+06
1.0196e+06
1.0293e+06
1.0369e+06
1.042e+06
1.0459e+06
1.0512e+06
1.0592e+06
1.069e+06
1.078e+06
1.0833e+06
1.0842e+06
1.0823e+06
1.0811e+06
1.0833e+06
1.0889e+06
1.0955e+06
1.0995e+06
1.0988e+06
1.0942e+06
1.0889e+06
1.0861e+06
1.087e+06
1.0897e+06
1.0906e+06
1.087e+06
1.0788e+06
1.0689e+06
1.0611e+06
1.0576e+06
1.0571e+06
1.0563e+06
1.0516e+06
1.0418e+06
1.0289e+06
1.0165e+06
1.0079e+06
1.0031e+06
9.9971e+05
9.9392e+05
9.837e+05
9.6983e+05
9.555e+05
9.4419e+05
9.3735e+05
9.3354e+05
9.2957e+05
9.2278e+05
9.1274e+05
9.0142e+05
8.9174e+05
8.8557e+05
8.8251e+05
8.8029e+05
8.7645e+05
8.6992e+05
8.6158e+05
8.535e+05
8.4746e+05
8.4394e+05
8.4209e+05
8.4079e+05
8.3972e+05
8.3955e+05
8.4126e+05
8.4492e+05
8.4921e+05
8.5205e+05
8.5204e+05
8.496e+05
8.471e+05
8.4746e+05
8.5227e+05
8.6055e+05
8.6932e+05
8.7557e+05
8.7826e+05
8.7905e+05
8.8122e+05
8.8746e+05
8.9784e+05
9.0971e+05
9.195e+05
9.2516e+05
9.2755e+05
9.299e+05
9.3562e+05
9.4584e+05
9.5857e+05
9.7006e+05
9.7735e+05
9.8019e+05
9.8118e+05
9.8395e+05
9.9079e+05
1.0011e+06
1.012e+06
1.0206e+06
1.0257e+06
1.0285e+06
1.0313e+06
1.0361e+06
1.0427e+06
1.0495e+06
1.0551e+06
1.059e+06
1.0625e+06
1.067e+06
1.073e+06
1.0791e+06
1.0834e+06
1.0848e+06
1.084e+06
1.0833e+06
1.0847e+06
1.0885e+06
1.0929e+06
1.0953e+06
1.0941e+06
1.0904e+06
1.0867e+06
1.0857e+06
1.0881e+06
1.0918e+06
1.0941e+06
1.0931e+06
1.0895e+06
1.0856e+06
1.0837e+06
1.0841e+06
1.0851e+06
1.084e+06
1.0797e+06
1.0734e+06
1.0678e+06
1.0653e+06
1.0657e+06
1.0666e+06
1.0648e+06
1.0592e+06
1.0512e+06
1.044e+06
1.0401e+06
1.0396e+06
1.0397e+06
1.0372e+06
1.0305e+06
1.0208e+06
1.0113e+06
1.0047e+06
1.0015e+06
9.9948e+05
9.9609e+05
9.8994e+05
9.8187e+05
9.7397e+05
9.6771e+05
9.6271e+05
9.5708e+05
9.4917e+05
9.3909e+05
9.2888e+05
9.2097e+05
9.1625e+05
9.1319e+05
9.0902e+05
9.0181e+05
8.9201e+05
8.8204e+05
8.7443e+05
8.6972e+05
8.6597e+05
8.6031e+05
8.513e+05
8.402e+05
8.3011e+05
8.2355e+05
8.2024e+05
8.1706e+05
8.1026e+05
7.9832e+05
7.8325e+05
7.6953e+05
7.6101e+05
7.5818e+05
7.577e+05
7.5497e+05
7.4733e+05
7.3566e+05
7.2355e+05
7.1459e+05
7.0977e+05
7.0695e+05
7.0278e+05
6.9528e+05
6.8521e+05
6.7516e+05
6.6741e+05
6.6211e+05
6.5732e+05
6.5082e+05
6.4195e+05
6.3217e+05
6.2383e+05
6.1816e+05
6.143e+05
6.1002e+05
6.0368e+05
5.9549e+05
5.8726e+05
5.8075e+05
5.7597e+05
5.711e+05
5.6407e+05
5.5451e+05
5.444e+05
5.3676e+05
5.3314e+05
5.3199e+05
5.296e+05
5.2287e+05
5.1174e+05
4.9958e+05
4.9112e+05
4.889e+05
4.9103e+05
4.9255e+05
4.89e+05
4.794e+05
4.6683e+05
4.5632e+05
4.5125e+05
4.5083e+05
4.5095e+05
4.4764e+05
