1.3608e+06
1.3676e+06
1.3712e+06
1.3815e+06
1.4044e+06
1.4369e+06
1.4689e+06
1.4909e+06
1.5e+06
1.5016e+06
1.5058e+06
1.5203e+06
1.5453e+06
1.5743e+06
1.5996e+06
1.6179e+06
1.6318e+06
1.6465e+06
1.6655e+06
1.6873e+06
1.7076e+06
1.7232e+06
1.7355e+06
1.7495e+06
1.7704e+06
1.7989e+06
1.8302e+06
1.8578e+06
1.8782e+06
1.8933e+06
1.909e+06
1.9306e+06
1.9586e+06
1.9883e+06
2.0137e+06
2.032e+06
2.0457e+06
2.0606e+06
2.0817e+06
2.1092e+06
2.1389e+06
2.166e+06
2.1886e+06
2.2092e+06
2.2318e+06
2.2586e+06
2.2874e+06
2.3137e+06
2.3345e+06
2.351e+06
2.3689e+06
2.3936e+06
2.4265e+06
2.4634e+06
2.4969e+06
2.5222e+06
2.5399e+06
2.5558e+06
2.5767e+06
2.605e+06
2.6377e+06
2.6685e+06
2.693e+06
2.7118e+06
2.7301e+06
2.7536e+06
2.7841e+06
2.818e+06
2.8494e+06
2.874e+06
2.8924e+06
2.9091e+06
2.9291e+06
2.954e+06
2.981e+06
3.0056e+06
3.0249e+06
3.0402e+06
3.0556e+06
3.075e+06
3.0991e+06
3.125e+06
3.1486e+06
3.1679e+06
3.1838e+06
3.199e+06
3.2152e+06
3.2315e+06
3.2456e+06
3.2563e+06
3.2654e+06
3.2775e+06
3.2967e+06
3.3232e+06
3.3523e+06
3.377e+06
3.3926e+06
3.3994e+06
3.4025e+06
3.4083e+06
3.4199e+06
3.4355e+06
3.4503e+06
3.4606e+06
3.467e+06
3.4738e+06
3.4858e+06
3.5043e+06
3.5252e+06
3.5422e+06
3.5504e+06
3.5501e+06
3.5458e+06
3.5433e+06
3.5455e+06
3.5506e+06
3.5543e+06
3.5537e+06
3.5493e+06
3.545e+06
3.5444e+06
3.5478e+06
3.5508e+06
3.5479e+06
3.5362e+06
3.518e+06
3.4995e+06
3.4869e+06
3.4819e+06
3.4805e+06
3.4758e+06
3.4626e+06
3.4409e+06
3.4155e+06
3.3927e+06
3.3759e+06
3.364e+06
3.353e+06
3.3391e+06
3.3219e+06
3.3038e+06
3.2877e+06
3.2738e+06
3.2591e+06
3.2397e+06
3.214e+06
3.1846e+06
3.1567e+06
3.135e+06
3.1193e+06
3.1049e+06
3.0849e+06
3.0557e+06
3.019e+06
2.982e+06
2.9523e+06
2.9336e+06
2.9228e+06
2.9126e+06
2.8961e+06
2.8712e+06
2.8414e+06
2.813e+06
2.791e+06
2.7755e+06
2.7629e+06
2.7484e+06
2.7305e+06
2.7114e+06
2.6957e+06
2.6865e+06
2.683e+06
2.6807e+06
2.6749e+06
2.6643e+06
2.6522e+06
2.6446e+06
2.6459e+06
2.6558e+06
2.6686e+06
2.6773e+06
2.6774e+06
2.6702e+06
2.662e+06
2.6598e+06
2.6672e+06
2.6824e+06
2.6994e+06
2.7133e+06
2.7229e+06
2.7319e+06
2.7451e+06
2.7652e+06
2.7899e+06
2.8134e+06
2.8305e+06
2.8406e+06
2.848e+06
2.8596e+06
2.8797e+06
2.9068e+06
2.9344e+06
2.9555e+06
2.9672e+06
2.9727e+06
2.9795e+06
2.9937e+06
3.0156e+06
3.0392e+06
3.056e+06
3.061e+06
3.0564e+06
3.0505e+06
3.0525e+06
3.0664e+06
3.0879e+06
3.1075e+06
3.116e+06
3.1104e+06
3.0953e+06
3.079e+06
3.0686e+06
3.0651e+06
3.0636e+06
3.0575e+06
3.0438e+06
3.0253e+06
3.0085e+06
2.9985e+06
2.995e+06
2.9914e+06
2.9795e+06
2.9542e+06
2.9176e+06
2.8778e+06
2.8442e+06
2.8218e+06
2.808e+06
2.795e+06
2.7753e+06
2.7462e+06
2.7118e+06
2.6796e+06
2.6558e+06
2.6413e+06
2.6311e+06
2.6185e+06
2.5996e+06
2.5759e+06
2.5531e+06
2.5373e+06
2.5303e+06
2.5287e+06
2.5262e+06
2.5177e+06
2.5033e+06
2.4885e+06
2.4805e+06
2.4839e+06
2.4974e+06
2.5147e+06
2.5286e+06
2.5354e+06
2.5375e+06
2.5411e+06
2.5525e+06
2.5729e+06
2.5977e+06
2.6195e+06
2.6325e+06
2.6368e+06
2.6389e+06
2.6475e+06
2.668e+06
2.6991e+06
2.7326e+06
2.7593e+06
2.7739e+06
2.7784e+06
2.7804e+06
2.7887e+06
2.807e+06
2.832e+06
2.8555e+06
2.8698e+06
2.8724e+06
2.8672e+06
2.8619e+06
2.8626e+06
2.8699e+06
2.8788e+06
2.882e+06
2.8753e+06
2.8599e+06
2.8416e+06
2.8271e+06
2.8189e+06
2.814e+06
2.8059e+06
2.7891e+06
2.7629e+06
2.732e+06
2.7039e+06
2.6841e+06
2.6726e+06
2.6639e+06
2.6511e+06
2.6296e+06
2.6007e+06
2.5705e+06
2.5466e+06
2.5335e+06
2.5301e+06
2.5309e+06
2.5297e+06
2.5233e+06
2.5135e+06
2.5054e+06
2.504e+06
2.5109e+06
2.5229e+06
2.5345e+06
2.5414e+06
2.5433e+06
2.5442e+06
2.5502e+06
2.5651e+06
2.5879e+06
2.6131e+06
2.634e+06
2.6466e+06
2.6524e+06
2.6577e+06
2.6694e+06
2.6911e+06
2.7204e+06
2.7499e+06
2.7719e+06
2.7824e+06
2.7831e+06
2.78e+06
2.7797e+06
2.7853e+06
2.7946e+06
2.8024e+06
2.8036e+06
2.7971e+06
2.7863e+06
2.7765e+06
2.7717e+06
2.7714e+06
2.7709e+06
2.7642e+06
2.7478e+06
2.7233e+06
2.6961e+06
2.6734e+06
2.6594e+06
2.6535e+06
2.6509e+06
2.6456e+06
2.6342e+06
2.6176e+06
2.6005e+06
2.5884e+06
2.5847e+06
2.5887e+06
2.5966e+06
2.6042e+06
2.6093e+06
2.613e+06
2.6189e+06
2.6304e+06
2.6485e+06
2.6712e+06
2.6943e+06
2.7145e+06
2.731e+06
2.7459e+06
2.7629e+06
2.7843e+06
2.8097e+06
2.8355e+06
2.8574e+06
2.8729e+06
2.8829e+06
2.8913e+06
2.9023e+06
2.9179e+06
2.9357e+06
2.9506e+06
2.9573e+06
2.9536e+06
2.9418e+06
2.9277e+06
2.9172e+06
2.913e+06
2.9132e+06
2.9123e+06
2.9048e+06
2.8882e+06
2.8645e+06
2.8391e+06
2.8177e+06
2.8033e+06
2.7944e+06
2.7867e+06
2.7758e+06
2.76e+06
2.7419e+06
2.7268e+06
2.7202e+06
2.7245e+06
2.7379e+06
2.7554e+06
2.7715e+06
2.7831e+06
2.7912e+06
2.7996e+06
2.8126e+06
2.8324e+06
2.8576e+06
2.8839e+06
2.9066e+06
2.9232e+06
2.9347e+06
2.9447e+06
2.9569e+06
2.9729e+06
2.9908e+06
3.0064e+06
3.0159e+06
3.0178e+06
3.0139e+06
3.008e+06
3.0032e+06
3.0003e+06
2.9966e+06
2.9881e+06
2.9721e+06
2.9491e+06
2.9233e+06
2.9e+06
2.8835e+06
2.874e+06
2.8679e+06
2.8599e+06
2.8462e+06
2.8268e+06
2.806e+06
2.7901e+06
2.7845e+06
2.7905e+06
2.8047e+06
2.8205e+06
2.8323e+06
2.8378e+06
2.8393e+06
2.8427e+06
2.8538e+06
2.8753e+06
2.9044e+06
2.9348e+06
2.9594e+06
2.9742e+06
2.9806e+06
2.9837e+06
2.9901e+06
3.0035e+06
3.0226e+06
3.0413e+06
3.0525e+06
3.0517e+06
3.0396e+06
3.0216e+06
3.0051e+06
2.9949e+06
2.9911e+06
2.9886e+06
2.9805e+06
2.9616e+06
2.932e+06
2.8969e+06
2.8647e+06
2.8428e+06
2.8344e+06
2.8368e+06
2.8436e+06
2.8479e+06
2.8464e+06
2.84e+06
2.8339e+06
2.8343e+06
2.8452e+06
2.8662e+06
2.8927e+06
2.9182e+06
2.9377e+06
2.9499e+06
2.9575e+06
2.9655e+06
2.978e+06
2.996e+06
3.0165e+06
3.0345e+06
3.0454e+06
3.0476e+06
3.0432e+06
3.0362e+06
3.0307e+06
3.0279e+06
3.0259e+06
3.0205e+06
3.0083e+06
2.9882e+06
2.9624e+06
2.9356e+06
2.9125e+06
2.8957e+06
2.885e+06
2.8779e+06
2.8712e+06
2.8637e+06
2.8565e+06
2.8527e+06
2.8559e+06
2.8678e+06
2.8873e+06
2.9109e+06
2.9345e+06
2.9549e+06
2.972e+06
2.9881e+06
3.0066e+06
3.0295e+06
3.0562e+06
3.0828e+06
3.1042e+06
3.1165e+06
3.1187e+06
3.1134e+06
3.1055e+06
3.0993e+06
3.0963e+06
3.0945e+06
3.0895e+06
3.0771e+06
3.0559e+06
3.0279e+06
2.9988e+06
2.9747e+06
2.9597e+06
2.9542e+06
2.9549e+06
2.9566e+06
2.9551e+06
2.9494e+06
2.9418e+06
2.9375e+06
2.9416e+06
2.9571e+06
2.9833e+06
3.0157e+06
3.0486e+06
3.0773e+06
3.0996e+06
3.1166e+06
3.1311e+06
3.1457e+06
3.161e+06
3.1751e+06
3.1845e+06
3.1862e+06
3.1793e+06
3.1655e+06
3.1484e+06
3.1317e+06
3.1172e+06
3.1041e+06
3.0897e+06
3.0714e+06
3.0484e+06
3.0225e+06
2.9979e+06
2.9798e+06
2.9717e+06
2.9745e+06
2.9857e+06
3.0013e+06
3.0173e+06
3.0314e+06
3.0443e+06
3.0585e+06
3.077e+06
3.1011e+06
3.1293e+06
3.1576e+06
3.1815e+06
3.1975e+06
3.2051e+06
3.2066e+06
3.2057e+06
3.2056e+06
3.2066e+06
3.2062e+06
3.2001e+06
3.1847e+06
3.1593e+06
3.1269e+06
3.0936e+06
3.0662e+06
3.0495e+06
3.0445e+06
3.048e+06
3.0545e+06
3.0586e+06
3.0576e+06
3.0527e+06
3.0482e+06
3.0497e+06
3.0619e+06
3.0857e+06
3.1181e+06
3.1529e+06
3.1837e+06
3.2061e+06
3.2194e+06
3.2259e+06
3.2295e+06
3.2334e+06
3.2381e+06
3.241e+06
3.2384e+06
3.2273e+06
3.2072e+06
3.1811e+06
3.1544e+06
3.1325e+06
3.1191e+06
3.1145e+06
3.1162e+06
3.1199e+06
3.1222e+06
3.1219e+06
3.1206e+06
3.1218e+06
3.1297e+06
3.1465e+06
3.1718e+06
3.2022e+06
3.2329e+06
3.2597e+06
3.2803e+06
3.2954e+06
3.3073e+06
3.3189e+06
3.3313e+06
3.3429e+06
3.3501e+06
3.349e+06
3.3372e+06
3.3153e+06
3.2868e+06
3.2572e+06
3.2319e+06
3.214e+06
3.204e+06
3.1999e+06
3.1989e+06
3.1989e+06
3.1999e+06
3.2039e+06
3.2142e+06
3.2332e+06
3.2614e+06
3.2963e+06
3.333e+06
3.366e+06
3.3911e+06
3.4069e+06
3.415e+06
3.419e+06
3.4223e+06
3.4263e+06
3.4297e+06
3.4289e+06
3.42e+06
3.401e+06
3.3729e+06
3.3401e+06
3.309e+06
3.2858e+06
3.2743e+06
3.2751e+06
3.2852e+06
3.3e+06
3.3151e+06
3.3281e+06
3.3392e+06
3.3509e+06
3.3665e+06
3.3882e+06
3.416e+06
3.4465e+06
3.4748e+06
3.4957e+06
3.5058e+06
3.5045e+06
3.4942e+06
3.4786e+06
3.4613e+06
3.4445e+06
3.4279e+06
3.4102e+06
3.3896e+06
3.366e+06
3.3411e+06
3.3184e+06
3.3019e+06
3.295e+06
3.2989e+06
3.3124e+06
3.3323e+06
3.3547e+06
3.3764e+06
3.3959e+06
3.4136e+06
3.4312e+06
3.4503e+06
3.471e+06
3.4917e+06
3.5089e+06
3.5187e+06
3.5184e+06
3.5078e+06
3.489e+06
3.466e+06
3.4431e+06
3.4237e+06
3.4093e+06
3.3994e+06
3.3925e+06
3.3875e+06
3.3841e+06
3.3838e+06
3.3888e+06
3.4016e+06
3.4231e+06
3.4523e+06
3.4858e+06
3.5189e+06
3.5465e+06
3.5654e+06
3.5746e+06
3.5755e+06
3.5712e+06
3.5649e+06
3.5584e+06
3.5517e+06
3.5429e+06
3.5301e+06
3.5121e+06
3.4897e+06
3.4658e+06
3.4447e+06
3.4306e+06
3.4267e+06
3.4335e+06
3.4494e+06
3.4708e+06
3.4937e+06
3.515e+06
3.533e+06
3.5477e+06
3.5604e+06
3.5721e+06
3.5829e+06
3.5912e+06
3.5943e+06
3.5895e+06
3.5753e+06
3.5522e+06
3.5231e+06
3.4923e+06
3.4644e+06
3.4428e+06
3.4291e+06
3.4228e+06
3.4223e+06
3.4256e+06
3.4316e+06
3.4402e+06
3.4527e+06
3.4705e+06
3.4943e+06
3.5234e+06
3.5547e+06
3.584e+06
3.6067e+06
3.6195e+06
3.6214e+06
3.6138e+06
3.5997e+06
3.5828e+06
3.566e+06
3.5501e+06
3.5346e+06
3.5179e+06
3.4991e+06
3.4787e+06
3.4591e+06
3.4444e+06
3.4393e+06
3.4473e+06
3.4695e+06
3.5034e+06
3.5432e+06
3.5814e+06
3.6108e+06
3.6266e+06
3.6276e+06
3.6164e+06
3.5982e+06
3.5787e+06
3.562e+06
3.5497e+06
3.5402e+06
3.5306e+06
3.518e+06
3.5012e+06
3.4817e+06
3.4634e+06
3.4512e+06
3.4499e+06
3.4618e+06
3.4865e+06
3.5198e+06
3.5554e+06
3.5867e+06
3.6079e+06
3.6164e+06
3.6124e+06
3.599e+06
3.58e+06
3.5594e+06
3.5392e+06
3.52e+06
3.501e+06
3.4813e+06
3.4611e+06
3.4422e+06
3.4276e+06
3.4205e+06
3.4236e+06
3.4379e+06
3.4616e+06
3.4909e+06
3.5207e+06
3.546e+06
3.5633e+06
3.5715e+06
3.572e+06
3.5677e+06
3.562e+06
3.5573e+06
3.5539e+06
3.5505e+06
3.5451e+06
3.5357e+06
3.5222e+06
3.5063e+06
3.4912e+06
3.4811e+06
3.4795e+06
3.4885e+06
3.5074e+06
3.5334e+06
3.5617e+06
3.5872e+06
3.6055e+06
3.6144e+06
3.614e+06
3.6061e+06
3.5937e+06
3.5794e+06
3.5646e+06
3.5494e+06
3.533e+06
3.5144e+06
3.4935e+06
3.4714e+06
3.4507e+06
3.4346e+06
3.4265e+06
3.4285e+06
3.441e+06
3.4622e+06
3.4885e+06
3.515e+06
3.537e+06
3.5505e+06
3.5537e+06
3.5464e+06
3.5302e+06
3.5079e+06
3.4823e+06
3.4564e+06
3.4324e+06
3.4121e+06
3.397e+06
3.3881e+06
3.3862e+06
3.3914e+06
3.403e+06
3.4196e+06
3.4387e+06
3.4574e+06
3.4728e+06
3.4827e+06
3.486e+06
3.4833e+06
3.476e+06
3.4664e+06
3.4565e+06
3.4476e+06
3.4399e+06
3.4326e+06
3.4249e+06
3.4162e+06
3.407e+06
3.3986e+06
3.3931e+06
3.3929e+06
3.3997e+06
3.414e+06
3.4342e+06
3.4565e+06
3.4762e+06
3.488e+06
3.4881e+06
3.4752e+06
3.4508e+06
3.419e+06
3.3856e+06
3.3563e+06
3.3354e+06
3.3249e+06
3.3241e+06
3.3304e+06
3.3403e+06
3.3503e+06
3.3581e+06
3.3631e+06
3.3662e+06
3.3693e+06
3.3743e+06
3.3819e+06
3.3908e+06
3.3982e+06
3.4e+06
3.3929e+06
3.3755e+06
3.3488e+06
3.3169e+06
3.2854e+06
3.2604e+06
3.247e+06
3.2482e+06
3.2635e+06
3.2899e+06
3.3223e+06
3.3545e+06
3.3814e+06
3.3994e+06
3.4071e+06
3.4055e+06
3.3966e+06
3.383e+06
3.3669e+06
3.3494e+06
3.3311e+06
3.3123e+06
3.2936e+06
3.2766e+06
3.2634e+06
3.2568e+06
3.259e+06
3.2712e+06
3.2927e+06
3.3207e+06
3.3505e+06
3.3767e+06
3.394e+06
3.3988e+06
3.3903e+06
3.3704e+06
3.3433e+06
3.3147e+06
3.2901e+06
3.2736e+06
3.2671e+06
3.2704e+06
3.2809e+06
3.2955e+06
3.3104e+06
3.3231e+06
3.332e+06
3.3369e+06
3.3387e+06
3.3383e+06
3.3361e+06
3.3313e+06
3.3225e+06
3.3078e+06
3.2861e+06
3.258e+06
3.226e+06
3.1941e+06
3.1676e+06
3.1512e+06
3.1484e+06
3.1601e+06
3.1844e+06
3.2168e+06
3.251e+06
3.2803e+06
3.2994e+06
3.3051e+06
3.2972e+06
3.2781e+06
3.2522e+06
3.2247e+06
3.2e+06
3.1812e+06
3.1696e+06
3.1647e+06
3.1651e+06
3.1688e+06
3.1739e+06
3.1795e+06
3.1853e+06
3.1916e+06
3.1988e+06
3.2069e+06
3.2147e+06
3.2201e+06
3.2208e+06
3.2147e+06
3.2012e+06
3.1817e+06
3.1594e+06
3.1384e+06
3.1235e+06
3.1182e+06
3.1242e+06
3.1411e+06
3.1656e+06
3.1928e+06
3.2171e+06
3.2333e+06
3.2382e+06
3.2308e+06
3.2127e+06
3.1879e+06
3.161e+06
3.1369e+06
3.119e+06
3.1091e+06
3.1071e+06
3.1114e+06
3.1194e+06
3.1286e+06
3.1369e+06
3.1431e+06
3.1471e+06
3.1496e+06
3.1513e+06
3.1527e+06
3.1531e+06
3.1514e+06
3.1459e+06
3.1358e+06
3.1214e+06
3.1043e+06
3.0874e+06
3.0745e+06
3.0688e+06
3.0725e+06
3.0861e+06
3.1078e+06
3.1337e+06
3.1584e+06
3.1763e+06
3.1828e+06
3.1754e+06
3.1547e+06
3.124e+06
3.0887e+06
3.0552e+06
3.0295e+06
3.0155e+06
3.0147e+06
3.0253e+06
3.0433e+06
3.063e+06
3.0788e+06
3.0859e+06
3.0819e+06
3.0669e+06
3.0433e+06
3.0154e+06
2.9878e+06
2.9645e+06
2.9481e+06
2.9392e+06
2.937e+06
2.9396e+06
2.9449e+06
2.9506e+06
2.9552e+06
2.9581e+06
2.9594e+06
2.9597e+06
2.9598e+06
2.9596e+06
2.9582e+06
2.954e+06
2.9453e+06
2.9311e+06
2.9118e+06
2.8892e+06
2.8666e+06
2.8478e+06
2.8365e+06
2.8354e+06
2.8457e+06
2.8661e+06
2.8932e+06
2.922e+06
2.9466e+06
2.9619e+06
2.9644e+06
2.9535e+06
2.9312e+06
2.9018e+06
2.8711e+06
2.8449e+06
2.828e+06
2.8229e+06
2.8298e+06
2.846e+06
2.8672e+06
2.8881e+06
2.9038e+06
2.9109e+06
2.9078e+06
2.8956e+06
2.8769e+06
2.8556e+06
2.8358e+06
2.8208e+06
2.8127e+06
2.8116e+06
2.8163e+06
2.8247e+06
2.8337e+06
2.8408e+06
2.8439e+06
2.8425e+06
2.8369e+06
2.8286e+06
2.8193e+06
2.8105e+06
2.8032e+06
2.7976e+06
2.7936e+06
2.7908e+06
2.7887e+06
2.787e+06
2.7857e+06
2.7849e+06
2.785e+06
2.7862e+06
2.7887e+06
2.7922e+06
2.7958e+06
2.7982e+06
2.7985e+06
2.7957e+06
2.7901e+06
2.7824e+06
2.7743e+06
2.7676e+06
2.7637e+06
2.7636e+06
2.7674e+06
2.7741e+06
2.7817e+06
2.7876e+06
2.7895e+06
2.7852e+06
2.7742e+06
2.7573e+06
2.7369e+06
2.7164e+06
2.6998e+06
2.6903e+06
2.69e+06
2.6993e+06
2.7166e+06
2.7385e+06
2.7607e+06
2.7787e+06
2.7887e+06
2.7886e+06
2.7784e+06
2.7602e+06
2.7376e+06
2.7153e+06
2.6978e+06
2.6884e+06
2.6887e+06
2.698e+06
2.7138e+06
2.7321e+06
2.7483e+06
2.7583e+06
2.7596e+06
2.7513e+06
2.7348e+06
2.7134e+06
2.6911e+06
2.6723e+06
2.6605e+06
2.6579e+06
2.6644e+06
2.6784e+06
2.6966e+06
2.715e+06
2.7295e+06
2.7372e+06
2.7368e+06
2.729e+06
2.716e+06
2.7014e+06
2.6888e+06
2.6812e+06
2.6807e+06
2.6874e+06
2.7001e+06
2.7162e+06
2.7324e+06
2.7453e+06
2.7521e+06
2.7512e+06
2.7429e+06
2.7289e+06
2.7121e+06
2.696e+06
2.6839e+06
2.678e+06
2.6791e+06
2.6868e+06
2.6994e+06
2.7142e+06
2.7283e+06
2.7392e+06
2.7448e+06
2.7448e+06
2.7399e+06
2.7322e+06
2.7241e+06
2.7183e+06
2.7165e+06
2.7198e+06
2.728e+06
2.7399e+06
2.7534e+06
2.7664e+06
2.7764e+06
2.7817e+06
2.7817e+06
2.7767e+06
2.7684e+06
2.7589e+06
2.7506e+06
2.7455e+06
2.745e+06
2.7493e+06
2.7578e+06
2.7689e+06
2.7804e+06
2.79e+06
2.796e+06
2.7972e+06
2.7936e+06
2.7865e+06
2.7777e+06
2.7695e+06
2.7639e+06
2.7626e+06
2.7662e+06
2.7746e+06
2.7868e+06
2.8008e+06
2.8143e+06
2.8249e+06
2.831e+06
2.8317e+06
2.8276e+06
2.8202e+06
2.8117e+06
2.8046e+06
2.8009e+06
2.8021e+06
2.8086e+06
2.8196e+06
2.8338e+06
2.8487e+06
2.8617e+06
2.8706e+06
2.8741e+06
2.872e+06
2.8655e+06
2.8567e+06
2.8483e+06
2.8431e+06
2.843e+06
2.8493e+06
2.8617e+06
2.8788e+06
2.898e+06
2.916e+06
2.9298e+06
2.9371e+06
2.9367e+06
2.9293e+06
2.9168e+06
2.9021e+06
2.8884e+06
2.8786e+06
2.8746e+06
2.8771e+06
2.8854e+06
2.8975e+06
2.9108e+06
2.9222e+06
2.9295e+06
2.9314e+06
2.9282e+06
2.9215e+06
2.9139e+06
2.9083e+06
2.9073e+06
2.9125e+06
2.9237e+06
2.9396e+06
2.9571e+06
2.9727e+06
2.9825e+06
2.9839e+06
2.9757e+06
2.9586e+06
2.9354e+06
2.9103e+06
2.888e+06
2.8729e+06
2.8681e+06
2.8745e+06
2.8911e+06
2.9146e+06
2.9402e+06
2.9628e+06
2.9778e+06
2.9822e+06
2.975e+06
2.9578e+06
2.934e+06
2.9082e+06
2.8853e+06
2.8694e+06
2.863e+06
2.8663e+06
2.8775e+06
2.8933e+06
2.9094e+06
2.9218e+06
2.9276e+06
2.9255e+06
2.9165e+06
2.9028e+06
2.888e+06
2.876e+06
2.8695e+06
2.8704e+06
2.8783e+06
2.8916e+06
2.907e+06
2.9212e+06
2.9307e+06
2.9334e+06
2.9286e+06
2.9175e+06
2.9025e+06
2.8868e+06
2.8734e+06
2.8645e+06
2.861e+06
2.8624e+06
2.8671e+06
2.873e+06
2.8776e+06
2.8792e+06
2.8766e+06
2.87e+06
2.8605e+06
2.85e+06
2.8406e+06
2.8343e+06
2.8318e+06
2.833e+06
2.837e+06
2.8421e+06
2.8469e+06
2.8503e+06
2.8517e+06
2.8513e+06
2.8499e+06
2.8483e+06
2.8477e+06
2.8482e+06
2.8496e+06
2.8506e+06
2.8496e+06
2.8452e+06
2.8369e+06
2.8251e+06
2.8114e+06
2.7985e+06
2.7892e+06
2.7862e+06
2.7913e+06
2.8045e+06
2.8245e+06
2.8482e+06
2.8718e+06
2.8912e+06
2.9035e+06
2.907e+06
2.9023e+06
2.8921e+06
2.8799e+06
2.87e+06
2.8661e+06
2.8704e+06
2.8828e+06
2.9017e+06
2.9234e+06
2.9438e+06
2.9587e+06
2.9656e+06
2.9634e+06
2.9535e+06
2.9388e+06
2.9233e+06
2.911e+06
2.9051e+06
2.907e+06
2.9165e+06
2.9318e+06
2.95e+06
2.968e+06
2.983e+06
2.9933e+06
2.9985e+06
2.9995e+06
2.9981e+06
2.996e+06
2.9946e+06
2.9942e+06
2.9942e+06
2.9936e+06
2.9915e+06
2.9874e+06
2.982e+06
2.9767e+06
2.9735e+06
2.9746e+06
2.9813e+06
2.9938e+06
3.0109e+06
3.0296e+06
3.0459e+06
3.056e+06
3.0571e+06
3.0482e+06
3.0306e+06
3.0077e+06
2.9844e+06
2.9657e+06
2.9558e+06
2.9566e+06
2.9679e+06
2.9866e+06
3.008e+06
3.0267e+06
3.0381e+06
3.0392e+06
3.0298e+06
3.0119e+06
2.9895e+06
2.9674e+06
2.95e+06
2.94e+06
2.938e+06
2.9429e+06
2.9521e+06
2.9624e+06
2.9712e+06
2.9771e+06
2.9802e+06
2.9818e+06
2.9843e+06
2.9898e+06
2.9996e+06
3.013e+06
3.0278e+06
3.041e+06
3.0495e+06
3.0516e+06
3.0474e+06
3.0388e+06
3.0294e+06
3.0232e+06
3.024e+06
3.0336e+06
3.0518e+06
3.0755e+06
3.1001e+06
3.12e+06
3.1307e+06
3.1295e+06
3.1168e+06
3.0957e+06
3.0715e+06
3.0503e+06
3.0374e+06
3.036e+06
3.0464e+06
3.0662e+06
3.0909e+06
3.1152e+06
3.1344e+06
3.1457e+06
3.1483e+06
3.144e+06
3.1359e+06
3.1274e+06
3.1209e+06
3.1172e+06
3.1151e+06
3.1122e+06
3.1062e+06
3.0959e+06
3.0818e+06
3.0663e+06
3.0528e+06
3.0455e+06
3.0474e+06
3.0598e+06
3.0813e+06
3.1079e+06
3.134e+06
3.1537e+06
3.1624e+06
3.1584e+06
3.1427e+06
3.1194e+06
3.094e+06
3.0726e+06
3.0595e+06
3.0569e+06
3.0641e+06
3.0783e+06
3.0955e+06
3.1118e+06
3.1245e+06
3.1326e+06
3.1371e+06
3.1403e+06
3.1449e+06
3.1524e+06
3.1628e+06
3.1741e+06
3.1834e+06
3.1875e+06
3.1849e+06
3.1759e+06
3.1632e+06
3.1511e+06
3.1443e+06
3.1469e+06
3.1606e+06
3.1844e+06
3.2147e+06
3.2459e+06
3.2723e+06
3.2894e+06
3.2952e+06
3.2905e+06
3.2788e+06
3.265e+06
3.2536e+06
3.2477e+06
3.248e+06
3.2526e+06
3.2582e+06
3.2616e+06
3.2605e+06
3.2544e+06
3.2452e+06
3.2362e+06
3.2312e+06
3.2333e+06
3.2436e+06
3.2604e+06
3.28e+06
3.2974e+06
3.3083e+06
3.3099e+06
3.3026e+06
3.2889e+06
3.2732e+06
3.2603e+06
3.2539e+06
3.2554e+06
3.264e+06
3.2766e+06
3.2897e+06
3.2999e+06
3.3054e+06
3.3065e+06
3.305e+06
3.3036e+06
3.3046e+06
3.3086e+06
3.3141e+06
3.3182e+06
3.3172e+06
3.3087e+06
3.2921e+06
3.2692e+06
3.2444e+06
3.2227e+06
3.2092e+06
3.2068e+06
3.2155e+06
3.2325e+06
3.2525e+06
3.2698e+06
3.2797e+06
3.2798e+06
3.2709e+06
3.2562e+06
3.2403e+06
3.2272e+06
3.2193e+06
3.2162e+06
3.2153e+06
3.2133e+06
3.2072e+06
3.1958e+06
3.1804e+06
3.1642e+06
3.1518e+06
3.147e+06
3.1521e+06
3.1664e+06
3.1865e+06
3.2071e+06
3.2225e+06
3.2285e+06
3.2237e+06
3.2094e+06
3.1895e+06
3.1686e+06
3.1512e+06
3.1393e+06
3.1329e+06
3.1298e+06
3.1271e+06
3.1226e+06
3.1155e+06
3.107e+06
3.0998e+06
3.0973e+06
3.1016e+06
3.1125e+06
3.1275e+06
3.1419e+06
3.1504e+06
3.1489e+06
3.136e+06
3.1135e+06
3.0858e+06
3.059e+06
3.0386e+06
3.028e+06
3.0275e+06
3.0343e+06
3.0441e+06
3.0525e+06
3.0568e+06
3.0563e+06
3.053e+06
3.0502e+06
3.0513e+06
3.0584e+06
3.0708e+06
3.0855e+06
3.0976e+06
3.1026e+06
3.0975e+06
3.0823e+06
3.0597e+06
3.0343e+06
3.0111e+06
2.9938e+06
2.9834e+06
2.9787e+06
2.9767e+06
2.974e+06
2.9688e+06
2.9609e+06
2.9523e+06
2.9465e+06
2.9464e+06
2.9537e+06
2.9671e+06
2.9831e+06
2.9966e+06
3.0031e+06
2.9999e+06
2.9876e+06
2.9692e+06
2.9498e+06
2.9342e+06
2.9256e+06
2.9243e+06
2.9281e+06
2.9332e+06
2.936e+06
2.9344e+06
2.929e+06
2.9223e+06
2.9182e+06
2.92e+06
2.9288e+06
2.9428e+06
2.9578e+06
2.9685e+06
2.9702e+06
2.9613e+06
2.9433e+06
2.9205e+06
2.8987e+06
2.8832e+06
2.8763e+06
2.8772e+06
2.8821e+06
2.8861e+06
2.8853e+06
2.8783e+06
2.8667e+06
2.8548e+06
2.848e+06
2.8505e+06
2.8637e+06
2.8848e+06
2.9082e+06
2.9268e+06
2.935e+06
2.9304e+06
2.9144e+06
2.8921e+06
2.8701e+06
2.8543e+06
2.8477e+06
2.8494e+06
2.8557e+06
2.8613e+06
2.8621e+06
2.8564e+06
2.8456e+06
2.8333e+06
2.824e+06
2.8211e+06
2.8256e+06
2.8354e+06
2.8463e+06
2.8537e+06
2.8543e+06
2.8473e+06
2.8347e+06
2.8201e+06
2.807e+06
2.7975e+06
2.7911e+06
2.7854e+06
2.7769e+06
2.7634e+06
2.7449e+06
2.7238e+06
2.7045e+06
2.6917e+06
2.6884e+06
2.6948e+06
2.708e+06
2.7229e+06
2.7343e+06
2.7386e+06
2.7353e+06
2.7267e+06
2.7169e+06
2.7103e+06
2.7091e+06
2.7126e+06
2.7173e+06
2.7185e+06
2.7125e+06
2.6981e+06
2.6775e+06
2.6553e+06
2.637e+06
2.6267e+06
2.6256e+06
2.6316e+06
2.6401e+06
2.6465e+06
2.6472e+06
2.6421e+06
2.6335e+06
2.6259e+06
2.6238e+06
2.6295e+06
2.6418e+06
2.6567e+06
2.6685e+06
2.6724e+06
2.6661e+06
2.651e+06
2.631e+06
2.6112e+06
2.5958e+06
2.5861e+06
2.5805e+06
2.5753e+06
2.567e+06
2.5538e+06
2.5368e+06
2.5196e+06
2.5072e+06
2.5036e+06
2.5105e+06
2.5256e+06
2.5444e+06
2.5608e+06
2.5706e+06
2.5719e+06
2.5668e+06
2.5594e+06
2.5545e+06
2.5551e+06
2.5608e+06
2.568e+06
2.5715e+06
2.567e+06
2.5524e+06
2.5295e+06
2.5029e+06
2.4786e+06
2.4617e+06
2.4544e+06
2.4557e+06
2.4617e+06
2.468e+06
2.4709e+06
2.4692e+06
2.4646e+06
2.4602e+06
2.4594e+06
2.464e+06
2.4731e+06
2.4839e+06
2.4925e+06
2.4958e+06
2.4927e+06
2.4845e+06
2.4741e+06
2.4644e+06
2.4568e+06
2.4507e+06
2.444e+06
2.4342e+06
2.42e+06
2.4021e+06
2.3834e+06
2.3677e+06
2.3584e+06
2.3571e+06
2.3624e+06
2.3712e+06
2.3796e+06
2.3849e+06
2.3863e+06
2.3857e+06
2.3861e+06
2.3906e+06
2.4002e+06
2.4132e+06
2.4255e+06
2.4326e+06
2.4311e+06
2.4205e+06
2.4033e+06
2.3839e+06
2.3666e+06
2.3542e+06
2.3466e+06
2.3413e+06
2.335e+06
2.3251e+06
2.3114e+06
2.2962e+06
2.2831e+06
2.2758e+06
2.276e+06
2.2829e+06
2.293e+06
2.302e+06
2.3066e+06
2.3056e+06
2.3006e+06
2.2949e+06
2.2917e+06
2.2928e+06
2.2967e+06
2.3002e+06
2.2991e+06
2.2908e+06
2.2753e+06
2.2554e+06
2.2355e+06
2.2194e+06
2.2089e+06
2.2025e+06
2.1968e+06
2.1881e+06
2.1741e+06
2.1556e+06
2.1359e+06
2.1201e+06
2.1122e+06
2.1139e+06
2.1233e+06
2.136e+06
2.1467e+06
2.1517e+06
2.1503e+06
2.1447e+06
2.1391e+06
2.1374e+06
2.141e+06
2.1483e+06
2.1551e+06
2.157e+06
2.1511e+06
2.1376e+06
2.1195e+06
2.1013e+06
2.0868e+06
2.0774e+06
2.0718e+06
2.0669e+06
2.0594e+06
2.0481e+06
2.034e+06
2.0201e+06
2.0101e+06
2.0063e+06
2.0087e+06
2.0147e+06
2.0207e+06
2.0238e+06
2.023e+06
2.02e+06
2.0181e+06
2.0207e+06
2.0292e+06
2.0421e+06
2.0556e+06
2.0649e+06
2.0667e+06
2.0605e+06
2.0487e+06
2.0353e+06
2.0242e+06
2.0171e+06
2.0131e+06
2.0093e+06
2.0026e+06
1.9912e+06
1.976e+06
1.9595e+06
1.9454e+06
1.9362e+06
1.9326e+06
1.9329e+06
1.9347e+06
1.9356e+06
1.9351e+06
1.9345e+06
1.936e+06
1.9417e+06
1.9519e+06
1.9647e+06
1.9767e+06
1.9844e+06
1.9861e+06
1.9824e+06
1.9762e+06
1.971e+06
1.9692e+06
1.9706e+06
1.9724e+06
1.9707e+06
1.9625e+06
1.9471e+06
1.9267e+06
1.9052e+06
1.8866e+06
1.873e+06
1.864e+06
1.8571e+06
1.8492e+06
1.8384e+06
1.8251e+06
1.8119e+06
1.8021e+06
1.798e+06
1.7999e+06
1.8057e+06
1.8121e+06
1.8163e+06
1.8174e+06
1.8166e+06
1.8166e+06
1.8202e+06
1.828e+06
1.8384e+06
1.8479e+06
1.853e+06
1.852e+06
1.8456e+06
1.837e+06
1.8297e+06
1.8259e+06
1.8252e+06
1.8246e+06
1.8204e+06
1.8102e+06
1.7943e+06
1.7755e+06
1.7582e+06
1.7458e+06
1.7394e+06
1.7371e+06
1.7355e+06
1.7311e+06
1.7224e+06
1.7109e+06
1.7e+06
1.6936e+06
1.694e+06
1.7011e+06
1.7119e+06
1.7228e+06
1.7309e+06
1.7355e+06
1.7382e+06
1.7418e+06
1.7483e+06
1.7578e+06
1.768e+06
1.7755e+06
1.7777e+06
1.7738e+06
1.7658e+06
1.7571e+06
1.7505e+06
1.7471e+06
1.7454e+06
1.7426e+06
1.736e+06
1.7248e+06
1.7104e+06
1.6958e+06
1.6836e+06
1.6749e+06
1.6685e+06
1.6614e+06
1.6512e+06
1.6372e+06
1.6212e+06
1.6065e+06
1.5969e+06
1.5943e+06
1.5978e+06
1.6042e+06
1.6094e+06
1.6111e+06
1.6095e+06
1.607e+06
1.6072e+06
1.6126e+06
1.623e+06
1.6354e+06
1.6456e+06
1.6507e+06
1.6498e+06
1.6452e+06
1.6404e+06
1.6382e+06
1.6392e+06
1.6412e+06
1.6405e+06
1.6343e+06
1.6223e+06
1.6067e+06
1.5915e+06
1.5801e+06
1.5734e+06
1.5696e+06
1.5655e+06
1.558e+06
1.5462e+06
1.532e+06
1.5189e+06
1.51e+06
1.5068e+06
1.5078e+06
1.5099e+06
1.5099e+06
1.5064e+06
1.5004e+06
1.4949e+06
1.4928e+06
1.4958e+06
1.5031e+06
1.512e+06
1.5195e+06
1.5237e+06
1.5253e+06
1.5264e+06
1.5294e+06
1.5352e+06
1.5426e+06
1.5488e+06
1.5511e+06
1.5486e+06
1.5427e+06
1.5361e+06
1.5316e+06
1.5298e+06
1.5292e+06
1.5266e+06
1.5193e+06
1.5071e+06
1.4917e+06
1.4768e+06
1.4651e+06
1.4574e+06
1.4519e+06
1.4453e+06
1.4352e+06
1.4214e+06
1.4062e+06
1.3933e+06
1.3858e+06
1.3841e+06
1.3862e+06
1.3882e+06
1.3871e+06
1.3825e+06
1.3764e+06
1.3728e+06
1.3749e+06
1.3835e+06
1.3961e+06
1.4085e+06
1.417e+06
1.4202e+06
1.4197e+06
1.4193e+06
1.4222e+06
1.4296e+06
1.4397e+06
1.4488e+06
1.4537e+06
1.4534e+06
1.4495e+06
1.4454e+06
1.4437e+06
1.4448e+06
1.4463e+06
1.445e+06
1.4387e+06
1.4276e+06
1.4148e+06
1.4038e+06
1.397e+06
1.3936e+06
1.3904e+06
1.3833e+06
1.3705e+06
1.3528e+06
1.334e+06
1.3183e+06
1.3083e+06
1.3036e+06
1.3008e+06
1.2963e+06
1.288e+06
1.2766e+06
1.2653e+06
1.2577e+06
1.2556e+06
1.2583e+06
1.2627e+06
1.2657e+06
1.2659e+06
1.2643e+06
1.2638e+06
1.267e+06
1.2748e+06
1.2852e+06
1.2948e+06
1.3007e+06
1.3022e+06
1.3014e+06
1.3019e+06
1.3065e+06
1.3152e+06
1.3255e+06
1.3335e+06
1.3364e+06
1.3344e+06
1.3303e+06
1.3276e+06
1.3288e+06
1.3331e+06
1.3372e+06
1.3375e+06
1.3323e+06
1.3228e+06
1.3125e+06
1.305e+06
1.3015e+06
1.3003e+06
1.2977e+06
1.2906e+06
1.2784e+06
1.2635e+06
1.2499e+06
1.2405e+06
1.2354e+06
1.232e+06
1.2264e+06
1.2163e+06
1.2022e+06
1.1871e+06
1.175e+06
1.1684e+06
1.1667e+06
1.1668e+06
1.165e+06
1.1596e+06
1.1516e+06
1.1442e+06
1.1405e+06
1.142e+06
1.147e+06
1.1523e+06
1.1548e+06
1.1538e+06
1.1512e+06
1.1505e+06
1.1545e+06
1.1632e+06
1.174e+06
1.183e+06
1.1881e+06
1.1895e+06
1.1905e+06
1.1945e+06
1.2034e+06
1.2157e+06
1.2276e+06
1.2354e+06
1.2375e+06
1.2355e+06
1.233e+06
1.2333e+06
1.2372e+06
1.2426e+06
1.2459e+06
1.2447e+06
1.2392e+06
1.2318e+06
1.2261e+06
1.2238e+06
1.2236e+06
1.2227e+06
1.2178e+06
1.208e+06
1.195e+06
1.182e+06
1.1714e+06
1.1635e+06
1.1564e+06
1.1474e+06
1.1353e+06
1.1213e+06
1.1084e+06
1.0991e+06
1.0939e+06
1.0905e+06
1.0855e+06
1.0766e+06
1.0641e+06
1.0511e+06
1.0413e+06
1.0367e+06
1.0364e+06
1.0368e+06
1.0342e+06
1.0272e+06
1.0174e+06
1.0088e+06
1.0053e+06
1.0079e+06
1.0145e+06
1.0207e+06
1.0234e+06
1.0219e+06
1.0188e+06
1.0178e+06
1.0215e+06
1.0295e+06
1.0385e+06
1.0448e+06
1.0469e+06
1.0461e+06
1.0462e+06
1.0505e+06
1.0597e+06
1.0712e+06
1.0807e+06
1.0853e+06
1.0854e+06
1.0843e+06
1.0863e+06
1.0937e+06
1.1051e+06
1.1161e+06
1.1228e+06
1.1237e+06
1.1209e+06
1.1184e+06
1.1199e+06
1.1256e+06
1.1328e+06
1.1374e+06
1.1372e+06
1.1329e+06
1.1276e+06
1.1245e+06
1.1247e+06
1.1262e+06
1.1255e+06
1.1204e+06
1.1112e+06
1.1005e+06
1.0917e+06
1.0864e+06
1.0832e+06
1.0791e+06
1.0717e+06
1.0609e+06
1.0495e+06
1.0406e+06
1.0357e+06
1.0334e+06
1.0302e+06
1.0228e+06
1.0107e+06
9.9603e+05
9.8286e+05
9.7405e+05
9.6955e+05
9.6647e+05
9.6113e+05
9.5153e+05
9.3852e+05
9.2511e+05
9.1447e+05
9.0782e+05
9.0385e+05
8.9988e+05
8.9388e+05
8.8579e+05
8.7733e+05
8.7057e+05
8.6632e+05
8.6363e+05
8.6065e+05
8.5626e+05
8.5112e+05
8.473e+05
8.4673e+05
8.4964e+05
8.5411e+05
8.5728e+05
8.5728e+05
8.5457e+05
8.517e+05
8.5162e+05
8.556e+05
8.6227e+05
8.6855e+05
8.7184e+05
8.7182e+05
8.707e+05
8.7173e+05
8.7687e+05
8.8537e+05
8.9429e+05
9.0063e+05
9.0351e+05
9.0469e+05
9.0738e+05
9.1377e+05
9.2335e+05
9.3316e+05
9.3995e+05
9.4247e+05
9.4243e+05
9.4339e+05
9.4824e+05
9.5717e+05
9.6748e+05
9.7566e+05
9.7986e+05
9.8112e+05
9.8253e+05
9.8694e+05
9.9479e+05
1.0038e+06
1.0108e+06
1.014e+06
1.0143e+06
1.0143e+06
1.0166e+06
1.0214e+06
1.0265e+06
1.0292e+06
1.028e+06
1.0243e+06
1.0213e+06
1.0217e+06
1.0256e+06
1.0305e+06
1.0331e+06
1.0318e+06
1.0275e+06
1.0233e+06
1.0217e+06
1.0233e+06
1.0261e+06
1.0276e+06
1.0264e+06
1.0235e+06
1.0211e+06
1.0206e+06
1.0214e+06
1.0209e+06
1.0171e+06
1.01e+06
1.0021e+06
9.9665e+05
9.9518e+05
9.9633e+05
9.9665e+05
9.9319e+05
9.8566e+05
9.7669e+05
9.6994e+05
9.6731e+05
9.6751e+05
9.67e+05
9.6274e+05
9.5438e+05
9.4455e+05
9.3682e+05
9.3299e+05
9.3164e+05
9.2929e+05
9.2305e+05
9.1284e+05
9.0141e+05
8.9229e+05
8.8711e+05
8.8435e+05
8.8056e+05
8.7312e+05
8.6218e+05
8.5057e+05
8.4164e+05
8.3674e+05
8.3422e+05
8.3087e+05
8.2446e+05
8.1532e+05
8.0596e+05
7.9892e+05
7.9463e+05
7.9111e+05
7.8565e+05
7.7711e+05
7.669e+05
7.5794e+05
7.522e+05
7.4895e+05
7.4514e+05
7.3768e+05
7.2591e+05
7.1226e+05
7.0063e+05
6.9362e+05
6.9046e+05
6.8766e+05
6.8178e+05
6.7193e+05
6.6039e+05
6.5084e+05
6.4553e+05
6.4341e+05
6.4106e+05
6.3532e+05
6.2562e+05
6.143e+05
6.0483e+05
5.9913e+05
5.962e+05
5.9306e+05
5.8725e+05
5.7858e+05
5.691e+05
5.6126e+05
5.5587e+05
5.5149e+05
5.4579e+05
5.3766e+05
5.2821e+05
5.1992e+05
5.1456e+05
5.1154e+05
5.0828e+05
5.0234e+05
4.9343e+05
4.8375e+05
4.7634e+05
4.7259e+05
4.7087e+05
4.6778e+05
4.6087e+05
4.5063e+05
4.4035e+05
4.3379e+05
4.3217e+05
4.3297e+05
4.3189e+05
4.261e+05
4.1619e+05
4.0573e+05
3.9874e+05
3.9647e+05
3.9645e+05
3.9465e+05
3.8869e+05
