1.7824e+06
1.788e+06
1.7957e+06
1.8152e+06
1.8492e+06
1.8907e+06
1.9286e+06
1.9553e+06
1.9713e+06
1.9841e+06
2.002e+06
2.0273e+06
2.0551e+06
2.0779e+06
2.0924e+06
2.1034e+06
2.1207e+06
2.1518e+06
2.1947e+06
2.2383e+06
2.27e+06
2.2842e+06
2.2863e+06
2.2898e+06
2.3076e+06
2.3427e+06
2.3872e+06
2.4279e+06
2.4558e+06
2.4715e+06
2.4831e+06
2.4995e+06
2.5239e+06
2.552e+06
2.5767e+06
2.5942e+06
2.6069e+06
2.6216e+06
2.6436e+06
2.6725e+06
2.7034e+06
2.7316e+06
2.7569e+06
2.7838e+06
2.8167e+06
2.855e+06
2.8917e+06
2.9185e+06
2.9323e+06
2.9397e+06
2.9531e+06
2.9826e+06
3.0278e+06
3.0765e+06
3.1131e+06
3.1292e+06
3.1297e+06
3.1306e+06
3.148e+06
3.1877e+06
3.2404e+06
3.289e+06
3.3207e+06
3.3347e+06
3.3416e+06
3.3547e+06
3.3807e+06
3.4145e+06
3.4453e+06
3.4658e+06
3.4784e+06
3.494e+06
3.5224e+06
3.5644e+06
3.6092e+06
3.642e+06
3.6545e+06
3.6511e+06
3.6459e+06
3.6534e+06
3.6785e+06
3.7131e+06
3.7429e+06
3.7588e+06
3.7626e+06
3.7652e+06
3.7774e+06
3.8012e+06
3.8276e+06
3.8442e+06
3.8454e+06
3.8377e+06
3.8363e+06
3.854e+06
3.8915e+06
3.9357e+06
3.9689e+06
3.9801e+06
3.9722e+06
3.9591e+06
3.9558e+06
3.9679e+06
3.9883e+06
4.0042e+06
4.0071e+06
3.9998e+06
3.9939e+06
4.0007e+06
4.0216e+06
4.0466e+06
4.061e+06
4.056e+06
4.0346e+06
4.0098e+06
3.9948e+06
3.9943e+06
4.0009e+06
4.0023e+06
3.9906e+06
3.9688e+06
3.9483e+06
3.9401e+06
3.9456e+06
3.9547e+06
3.9532e+06
3.9329e+06
3.8984e+06
3.8644e+06
3.8456e+06
3.846e+06
3.8553e+06
3.8555e+06
3.8334e+06
3.789e+06
3.7361e+06
3.6938e+06
3.6742e+06
3.6749e+06
3.681e+06
3.6762e+06
3.6521e+06
3.6129e+06
3.5703e+06
3.5358e+06
3.5125e+06
3.4948e+06
3.4734e+06
3.4429e+06
3.4052e+06
3.3678e+06
3.3379e+06
3.3175e+06
3.3019e+06
3.2845e+06
3.2608e+06
3.2319e+06
3.2024e+06
3.1766e+06
3.1552e+06
3.1352e+06
3.1125e+06
3.0857e+06
3.0575e+06
3.0326e+06
3.0137e+06
2.9994e+06
2.9852e+06
2.9666e+06
2.943e+06
2.919e+06
2.9014e+06
2.8947e+06
2.8983e+06
2.9061e+06
2.9112e+06
2.9101e+06
2.9046e+06
2.9e+06
2.901e+06
2.908e+06
2.9175e+06
2.925e+06
2.9291e+06
2.9335e+06
2.9442e+06
2.9654e+06
2.9944e+06
3.0231e+06
3.0419e+06
3.0469e+06
3.0425e+06
3.0403e+06
3.0522e+06
3.0828e+06
3.1256e+06
3.1671e+06
3.1953e+06
3.2067e+06
3.2082e+06
3.2132e+06
3.2321e+06
3.266e+06
3.3058e+06
3.3385e+06
3.3556e+06
3.3584e+06
3.3569e+06
3.3624e+06
3.3807e+06
3.4077e+06
3.4334e+06
3.4491e+06
3.4536e+06
3.4541e+06
3.4611e+06
3.4804e+06
3.5085e+06
3.5338e+06
3.5443e+06
3.5345e+06
3.5091e+06
3.4802e+06
3.46e+06
3.4543e+06
3.4591e+06
3.465e+06
3.4637e+06
3.4529e+06
3.437e+06
3.4229e+06
3.4142e+06
3.4083e+06
3.3987e+06
3.3791e+06
3.3486e+06
3.3121e+06
3.278e+06
3.2526e+06
3.2364e+06
3.2245e+06
3.21e+06
3.1889e+06
3.1624e+06
3.1358e+06
3.1143e+06
3.0999e+06
3.0898e+06
3.0792e+06
3.0645e+06
3.0458e+06
3.0267e+06
3.0114e+06
3.0014e+06
2.9946e+06
2.9863e+06
2.9737e+06
2.9581e+06
2.9453e+06
2.9423e+06
2.9532e+06
2.9757e+06
3.0021e+06
3.0234e+06
3.0344e+06
3.0362e+06
3.0358e+06
3.0416e+06
3.0585e+06
3.0852e+06
3.115e+06
3.1409e+06
3.1599e+06
3.1744e+06
3.1908e+06
3.2142e+06
3.2451e+06
3.278e+06
3.3046e+06
3.3192e+06
3.3223e+06
3.3205e+06
3.3231e+06
3.3367e+06
3.3608e+06
3.3883e+06
3.4096e+06
3.4175e+06
3.4114e+06
3.3968e+06
3.3819e+06
3.3731e+06
3.3718e+06
3.3742e+06
3.3746e+06
3.3689e+06
3.3568e+06
3.341e+06
3.3255e+06
3.3121e+06
3.2999e+06
3.2855e+06
3.2658e+06
3.2403e+06
3.2111e+06
3.1828e+06
3.1595e+06
3.1434e+06
3.1334e+06
3.1263e+06
3.118e+06
3.1059e+06
3.0898e+06
3.0718e+06
3.0554e+06
3.0446e+06
3.0418e+06
3.0476e+06
3.0603e+06
3.0765e+06
3.0926e+06
3.1062e+06
3.1168e+06
3.1266e+06
3.1392e+06
3.1582e+06
3.1848e+06
3.2175e+06
3.2521e+06
3.284e+06
3.3101e+06
3.331e+06
3.3498e+06
3.3711e+06
3.3978e+06
3.4294e+06
3.4619e+06
3.49e+06
3.5098e+06
3.5211e+06
3.527e+06
3.5324e+06
3.5411e+06
3.5533e+06
3.5665e+06
3.5765e+06
3.5805e+06
3.5787e+06
3.5736e+06
3.5681e+06
3.5631e+06
3.5571e+06
3.5463e+06
3.5283e+06
3.5032e+06
3.4748e+06
3.4487e+06
3.4292e+06
3.4169e+06
3.4082e+06
3.3976e+06
3.3807e+06
3.3571e+06
3.3309e+06
3.3088e+06
3.2965e+06
3.2956e+06
3.3034e+06
3.3138e+06
3.3218e+06
3.3254e+06
3.3272e+06
3.3324e+06
3.346e+06
3.3694e+06
3.4001e+06
3.4329e+06
3.4626e+06
3.487e+06
3.5073e+06
3.5269e+06
3.5489e+06
3.5736e+06
3.5986e+06
3.62e+06
3.6357e+06
3.6462e+06
3.655e+06
3.6659e+06
3.6801e+06
3.6955e+06
3.7068e+06
3.7093e+06
3.7016e+06
3.6871e+06
3.6722e+06
3.6629e+06
3.661e+06
3.6626e+06
3.6602e+06
3.6468e+06
3.6199e+06
3.5834e+06
3.5455e+06
3.5153e+06
3.4972e+06
3.4895e+06
3.4852e+06
3.4768e+06
3.4606e+06
3.439e+06
3.42e+06
3.4128e+06
3.423e+06
3.4489e+06
3.4825e+06
3.5131e+06
3.5329e+06
3.5402e+06
3.5403e+06
3.5427e+06
3.5564e+06
3.585e+06
3.6249e+06
3.6673e+06
3.7025e+06
3.7246e+06
3.7332e+06
3.7332e+06
3.7316e+06
3.7339e+06
3.7416e+06
3.7525e+06
3.7626e+06
3.7686e+06
3.7694e+06
3.7658e+06
3.7592e+06
3.7498e+06
3.7363e+06
3.7173e+06
3.6924e+06
3.6635e+06
3.6345e+06
3.6095e+06
3.5907e+06
3.5774e+06
3.5665e+06
3.5544e+06
3.5395e+06
3.5235e+06
3.5114e+06
3.5088e+06
3.5194e+06
3.5426e+06
3.5736e+06
3.6056e+06
3.6323e+06
3.6508e+06
3.6623e+06
3.6711e+06
3.6824e+06
3.6996e+06
3.7231e+06
3.7504e+06
3.7779e+06
3.8029e+06
3.8247e+06
3.8436e+06
3.8603e+06
3.8741e+06
3.883e+06
3.8843e+06
3.877e+06
3.8621e+06
3.8428e+06
3.8234e+06
3.8061e+06
3.7906e+06
3.7736e+06
3.7513e+06
3.7215e+06
3.6858e+06
3.649e+06
3.6178e+06
3.5973e+06
3.5889e+06
3.5895e+06
3.5933e+06
3.5951e+06
3.5929e+06
3.5892e+06
3.5898e+06
3.601e+06
3.6263e+06
3.6639e+06
3.7073e+06
3.7481e+06
3.7798e+06
3.8002e+06
3.8127e+06
3.8242e+06
3.8416e+06
3.8683e+06
3.9022e+06
3.9366e+06
3.9639e+06
3.9786e+06
3.9799e+06
3.9713e+06
3.9586e+06
3.9467e+06
3.9375e+06
3.9291e+06
3.9175e+06
3.8993e+06
3.8731e+06
3.8412e+06
3.8076e+06
3.7773e+06
3.7535e+06
3.7373e+06
3.7277e+06
3.723e+06
3.7215e+06
3.7228e+06
3.7274e+06
3.736e+06
3.7489e+06
3.7656e+06
3.785e+06
3.806e+06
3.8283e+06
3.8518e+06
3.8766e+06
3.9019e+06
3.9256e+06
3.9447e+06
3.9565e+06
3.9601e+06
3.9567e+06
3.9498e+06
3.9429e+06
3.9382e+06
3.9347e+06
3.9288e+06
3.9156e+06
3.8919e+06
3.8581e+06
3.8185e+06
3.7801e+06
3.7498e+06
3.7315e+06
3.7246e+06
3.7248e+06
3.7261e+06
3.7242e+06
3.7186e+06
3.7134e+06
3.7149e+06
3.7294e+06
3.7595e+06
3.8025e+06
3.8512e+06
3.8964e+06
3.9311e+06
3.9525e+06
3.9635e+06
3.9704e+06
3.9799e+06
3.9956e+06
4.0159e+06
4.0348e+06
4.0443e+06
4.0386e+06
4.0163e+06
3.981e+06
3.9397e+06
3.9001e+06
3.8679e+06
3.8452e+06
3.8307e+06
3.8213e+06
3.8142e+06
3.8085e+06
3.8045e+06
3.8037e+06
3.807e+06
3.8144e+06
3.8252e+06
3.8383e+06
3.8534e+06
3.8716e+06
3.8947e+06
3.9242e+06
3.9596e+06
3.9983e+06
4.0355e+06
4.0663e+06
4.0876e+06
4.0993e+06
4.1044e+06
4.1072e+06
4.1106e+06
4.1148e+06
4.1159e+06
4.1088e+06
4.089e+06
4.0558e+06
4.0131e+06
3.9687e+06
3.9313e+06
3.9069e+06
3.8968e+06
3.8966e+06
3.899e+06
3.8971e+06
3.8877e+06
3.873e+06
3.8603e+06
3.859e+06
3.8769e+06
3.9158e+06
3.9703e+06
4.0296e+06
4.0812e+06
4.1159e+06
4.1311e+06
4.1308e+06
4.124e+06
4.1198e+06
4.1241e+06
4.136e+06
4.1496e+06
4.1569e+06
4.1523e+06
4.1347e+06
4.1089e+06
4.0824e+06
4.0626e+06
4.0535e+06
4.0539e+06
4.0589e+06
4.0622e+06
4.0596e+06
4.0507e+06
4.0397e+06
4.0332e+06
4.0378e+06
4.0566e+06
4.0879e+06
4.1253e+06
4.1607e+06
4.1871e+06
4.2016e+06
4.2062e+06
4.2062e+06
4.208e+06
4.2151e+06
4.2269e+06
4.2385e+06
4.2431e+06
4.2353e+06
4.2131e+06
4.1791e+06
4.1391e+06
4.1005e+06
4.0691e+06
4.0479e+06
4.0365e+06
4.0322e+06
4.0318e+06
4.0333e+06
4.037e+06
4.0445e+06
4.0584e+06
4.0797e+06
4.1077e+06
4.1393e+06
4.17e+06
4.1959e+06
4.214e+06
4.2239e+06
4.226e+06
4.2218e+06
4.2117e+06
4.1957e+06
4.1731e+06
4.144e+06
4.11e+06
4.075e+06
4.0438e+06
4.0215e+06
4.0113e+06
4.0136e+06
4.0258e+06
4.0433e+06
4.0618e+06
4.0782e+06
4.0923e+06
4.1065e+06
4.1242e+06
4.1481e+06
4.178e+06
4.2104e+06
4.2387e+06
4.2559e+06
4.257e+06
4.2407e+06
4.2101e+06
4.1715e+06
4.1318e+06
4.0965e+06
4.0673e+06
4.0428e+06
4.0197e+06
3.9953e+06
3.9691e+06
3.9439e+06
3.9247e+06
3.9171e+06
3.9248e+06
3.9483e+06
3.9841e+06
4.0258e+06
4.0659e+06
4.0983e+06
4.1202e+06
4.132e+06
4.1368e+06
4.1386e+06
4.1402e+06
4.1417e+06
4.1409e+06
4.1343e+06
4.1193e+06
4.0955e+06
4.0654e+06
4.0333e+06
4.0043e+06
3.9821e+06
3.968e+06
3.9612e+06
3.9592e+06
3.9595e+06
3.9611e+06
3.9642e+06
3.971e+06
3.9836e+06
4.0033e+06
4.0291e+06
4.0577e+06
4.0839e+06
4.1029e+06
4.1117e+06
4.11e+06
4.1007e+06
4.0883e+06
4.0769e+06
4.0688e+06
4.0633e+06
4.0573e+06
4.0471e+06
4.03e+06
4.006e+06
3.9779e+06
3.9508e+06
3.9307e+06
3.9222e+06
3.9275e+06
3.9453e+06
3.9715e+06
4.0003e+06
4.0262e+06
4.0456e+06
4.0573e+06
4.0622e+06
4.0623e+06
4.0594e+06
4.0537e+06
4.0439e+06
4.0282e+06
4.0048e+06
3.9741e+06
3.9382e+06
3.9013e+06
3.8683e+06
3.8434e+06
3.829e+06
3.8253e+06
3.8302e+06
3.8404e+06
3.8527e+06
3.8646e+06
3.8748e+06
3.8833e+06
3.8907e+06
3.8971e+06
3.9017e+06
3.9029e+06
3.8988e+06
3.8881e+06
3.8709e+06
3.8488e+06
3.8244e+06
3.8006e+06
3.7792e+06
3.7607e+06
3.744e+06
3.7275e+06
3.7102e+06
3.6924e+06
3.6761e+06
3.665e+06
3.6634e+06
3.675e+06
3.7008e+06
3.7385e+06
3.7827e+06
3.8256e+06
3.8597e+06
3.8792e+06
3.882e+06
3.8692e+06
3.8448e+06
3.8137e+06
3.7801e+06
3.7466e+06
3.714e+06
3.6819e+06
3.65e+06
3.6195e+06
3.5927e+06
3.5735e+06
3.5653e+06
3.5706e+06
3.5886e+06
3.6159e+06
3.6462e+06
3.6721e+06
3.6874e+06
3.6883e+06
3.6748e+06
3.6501e+06
3.6197e+06
3.589e+06
3.5615e+06
3.5379e+06
3.5162e+06
3.4932e+06
3.4663e+06
3.435e+06
3.4014e+06
3.37e+06
3.3461e+06
3.3345e+06
3.3375e+06
3.3538e+06
3.3787e+06
3.4052e+06
3.4261e+06
3.436e+06
3.4328e+06
3.4179e+06
3.3955e+06
3.3707e+06
3.3478e+06
3.3288e+06
3.3127e+06
3.297e+06
3.2787e+06
3.256e+06
3.229e+06
3.2003e+06
3.1737e+06
3.1533e+06
3.142e+06
3.1403e+06
3.1459e+06
3.1544e+06
3.1604e+06
3.1595e+06
3.1492e+06
3.1296e+06
3.1033e+06
3.0738e+06
3.0444e+06
3.0169e+06
2.9915e+06
2.9671e+06
2.9421e+06
2.9161e+06
2.8898e+06
2.8656e+06
2.847e+06
2.837e+06
2.8376e+06
2.848e+06
2.8649e+06
2.8827e+06
2.895e+06
2.8969e+06
2.8856e+06
2.8621e+06
2.8301e+06
2.7952e+06
2.7631e+06
2.7376e+06
2.7201e+06
2.7093e+06
2.7023e+06
2.6961e+06
2.6886e+06
2.6793e+06
2.6694e+06
2.6609e+06
2.6562e+06
2.6566e+06
2.6618e+06
2.6693e+06
2.6756e+06
2.6766e+06
2.6694e+06
2.6532e+06
2.6296e+06
2.6019e+06
2.5744e+06
2.5509e+06
2.5337e+06
2.5233e+06
2.5184e+06
2.517e+06
2.5172e+06
2.5176e+06
2.518e+06
2.5192e+06
2.5223e+06
2.5281e+06
2.536e+06
2.5441e+06
2.5491e+06
2.5474e+06
2.5364e+06
2.5154e+06
2.4861e+06
2.4521e+06
2.4185e+06
2.3899e+06
2.3697e+06
2.359e+06
2.3565e+06
2.3593e+06
2.3638e+06
2.367e+06
2.367e+06
2.3638e+06
2.3589e+06
2.3543e+06
2.3519e+06
2.3518e+06
2.3527e+06
2.3518e+06
2.3458e+06
2.3324e+06
2.3114e+06
2.2843e+06
2.2551e+06
2.2285e+06
2.2092e+06
2.2005e+06
2.2034e+06
2.2159e+06
2.2342e+06
2.2531e+06
2.268e+06
2.2753e+06
2.2738e+06
2.2643e+06
2.2491e+06
2.2312e+06
2.2131e+06
2.1963e+06
2.1814e+06
2.1677e+06
2.1547e+06
2.1421e+06
2.1304e+06
2.1208e+06
2.115e+06
2.1143e+06
2.119e+06
2.1279e+06
2.1384e+06
2.1467e+06
2.1492e+06
2.1434e+06
2.1286e+06
2.1066e+06
2.0808e+06
2.0557e+06
2.0359e+06
2.0244e+06
2.0222e+06
2.028e+06
2.0391e+06
2.0514e+06
2.0614e+06
2.0665e+06
2.066e+06
2.0606e+06
2.0526e+06
2.0445e+06
2.0381e+06
2.0341e+06
2.0315e+06
2.0284e+06
2.0228e+06
2.0136e+06
2.0012e+06
1.9873e+06
1.9748e+06
1.9666e+06
1.9653e+06
1.9717e+06
1.9849e+06
2.0022e+06
2.0196e+06
2.0332e+06
2.0399e+06
2.0384e+06
2.0295e+06
2.0158e+06
2.0007e+06
1.9876e+06
1.9788e+06
1.9753e+06
1.9761e+06
1.9794e+06
1.983e+06
1.9853e+06
1.9856e+06
1.9845e+06
1.9836e+06
1.9851e+06
1.9906e+06
2.0004e+06
2.0128e+06
2.025e+06
2.0331e+06
2.0342e+06
2.0267e+06
2.011e+06
1.9898e+06
1.9675e+06
1.949e+06
1.9387e+06
1.9392e+06
1.9503e+06
1.9694e+06
1.9917e+06
2.0118e+06
2.0253e+06
2.0292e+06
2.0236e+06
2.0106e+06
1.9942e+06
1.9794e+06
1.9702e+06
1.969e+06
1.9759e+06
1.9887e+06
2.004e+06
2.0176e+06
2.0265e+06
2.0288e+06
2.0248e+06
2.0162e+06
2.0059e+06
1.997e+06
1.9914e+06
1.9898e+06
1.9915e+06
1.9946e+06
1.9973e+06
1.9983e+06
1.9974e+06
1.9958e+06
1.9952e+06
1.9981e+06
2.0063e+06
2.0204e+06
2.0393e+06
2.0602e+06
2.079e+06
2.0919e+06
2.096e+06
2.0907e+06
2.0773e+06
2.0598e+06
2.043e+06
2.0319e+06
2.0306e+06
2.0407e+06
2.0613e+06
2.0888e+06
2.1178e+06
2.1427e+06
2.1587e+06
2.1631e+06
2.1556e+06
2.139e+06
2.1177e+06
2.0972e+06
2.0824e+06
2.0764e+06
2.08e+06
2.0917e+06
2.1087e+06
2.1273e+06
2.1443e+06
2.1571e+06
2.1649e+06
2.1682e+06
2.1686e+06
2.1685e+06
2.1697e+06
2.1731e+06
2.1779e+06
2.1823e+06
2.184e+06
2.1814e+06
2.1742e+06
2.1632e+06
2.1509e+06
2.1402e+06
2.1343e+06
2.1356e+06
2.1451e+06
2.162e+06
2.1837e+06
2.206e+06
2.2245e+06
2.2354e+06
2.2365e+06
2.2275e+06
2.2104e+06
2.1887e+06
2.1667e+06
2.1484e+06
2.1368e+06
2.1331e+06
2.1369e+06
2.1461e+06
2.1575e+06
2.168e+06
2.1751e+06
2.1772e+06
2.1744e+06
2.1677e+06
2.159e+06
2.1502e+06
2.1427e+06
2.1372e+06
2.1336e+06
2.1313e+06
2.1293e+06
2.1268e+06
2.1234e+06
2.1193e+06
2.1154e+06
2.1127e+06
2.1125e+06
2.1154e+06
2.1212e+06
2.1285e+06
2.1356e+06
2.1402e+06
2.1407e+06
2.1363e+06
2.1274e+06
2.1154e+06
2.1024e+06
2.0908e+06
2.0828e+06
2.0798e+06
2.0819e+06
2.0881e+06
2.0962e+06
2.1036e+06
2.1076e+06
2.1066e+06
2.1002e+06
2.0892e+06
2.0757e+06
2.0622e+06
2.0515e+06
2.0457e+06
2.0457e+06
2.0512e+06
2.0603e+06
2.0704e+06
2.0789e+06
2.0834e+06
2.0828e+06
2.077e+06
2.0674e+06
2.0562e+06
2.046e+06
2.0393e+06
2.0377e+06
2.0416e+06
2.0502e+06
2.0615e+06
2.073e+06
2.0825e+06
2.0884e+06
2.0902e+06
2.0887e+06
2.0855e+06
2.0829e+06
2.0831e+06
2.0878e+06
2.0973e+06
2.1111e+06
2.1273e+06
2.1433e+06
2.1567e+06
2.1655e+06
2.1689e+06
2.1673e+06
2.1627e+06
2.1574e+06
2.1543e+06
2.1558e+06
2.1629e+06
2.1757e+06
2.1922e+06
2.21e+06
2.2257e+06
2.2364e+06
2.2401e+06
2.2364e+06
2.2264e+06
2.2127e+06
2.1991e+06
2.1891e+06
2.1856e+06
2.1903e+06
2.2027e+06
2.2209e+06
2.2415e+06
2.2606e+06
2.2743e+06
2.2798e+06
2.2758e+06
2.2629e+06
2.2436e+06
2.2216e+06
2.2013e+06
2.1865e+06
2.1799e+06
2.1824e+06
2.1931e+06
2.2093e+06
2.2275e+06
2.2438e+06
2.2549e+06
2.2585e+06
2.254e+06
2.2425e+06
2.2266e+06
2.2099e+06
2.1958e+06
2.1873e+06
2.1859e+06
2.1916e+06
2.2031e+06
2.2178e+06
2.2326e+06
2.2444e+06
2.2506e+06
2.25e+06
2.2427e+06
2.2304e+06
2.2161e+06
2.2028e+06
2.1936e+06
2.1907e+06
2.1949e+06
2.2059e+06
2.2221e+06
2.2411e+06
2.2601e+06
2.2761e+06
2.2871e+06
2.2921e+06
2.2914e+06
2.2867e+06
2.2802e+06
2.2745e+06
2.2716e+06
2.2727e+06
2.2781e+06
2.2872e+06
2.2985e+06
2.3102e+06
2.32e+06
2.3263e+06
2.328e+06
2.3252e+06
2.3192e+06
2.3119e+06
2.3057e+06
2.3024e+06
2.3034e+06
2.3089e+06
2.3183e+06
2.3303e+06
2.3431e+06
2.3546e+06
2.3629e+06
2.3668e+06
2.3658e+06
2.3606e+06
2.3529e+06
2.3447e+06
2.3382e+06
2.3348e+06
2.3353e+06
2.3394e+06
2.3462e+06
2.3539e+06
2.3607e+06
2.3643e+06
2.3635e+06
2.3575e+06
2.347e+06
2.3337e+06
2.3203e+06
2.3096e+06
2.3041e+06
2.3053e+06
2.3133e+06
2.3271e+06
2.3444e+06
2.3625e+06
2.3783e+06
2.3892e+06
2.3936e+06
2.3913e+06
2.3837e+06
2.3732e+06
2.3632e+06
2.357e+06
2.3571e+06
2.3648e+06
2.3797e+06
2.4001e+06
2.4226e+06
2.4438e+06
2.4601e+06
2.4689e+06
2.4691e+06
2.4616e+06
2.4486e+06
2.4338e+06
2.4211e+06
2.4141e+06
2.4151e+06
2.4245e+06
2.4412e+06
2.4622e+06
2.4834e+06
2.5008e+06
2.5109e+06
2.5116e+06
2.5028e+06
2.4864e+06
2.4656e+06
2.4445e+06
2.4274e+06
2.4175e+06
2.4164e+06
2.4241e+06
2.4386e+06
2.4566e+06
2.4741e+06
2.4877e+06
2.4946e+06
2.4939e+06
2.4863e+06
2.4738e+06
2.4593e+06
2.4461e+06
2.4366e+06
2.4327e+06
2.4347e+06
2.4419e+06
2.4524e+06
2.4638e+06
2.4741e+06
2.4815e+06
2.4854e+06
2.4862e+06
2.4854e+06
2.4844e+06
2.4848e+06
2.4872e+06
2.4918e+06
2.4978e+06
2.5041e+06
2.5097e+06
2.5136e+06
2.5153e+06
2.515e+06
2.5133e+06
2.5117e+06
2.5117e+06
2.5147e+06
2.5211e+06
2.5304e+06
2.5411e+06
2.5512e+06
2.5589e+06
2.5628e+06
2.5625e+06
2.5586e+06
2.5526e+06
2.5463e+06
2.5421e+06
2.5415e+06
2.5455e+06
2.5532e+06
2.5628e+06
2.5715e+06
2.5766e+06
2.5759e+06
2.5691e+06
2.5573e+06
2.5429e+06
2.5296e+06
2.5209e+06
2.5198e+06
2.5281e+06
2.5455e+06
2.5695e+06
2.5963e+06
2.6211e+06
2.6396e+06
2.6487e+06
2.6476e+06
2.6377e+06
2.6223e+06
2.6059e+06
2.5933e+06
2.5885e+06
2.5934e+06
2.6081e+06
2.6299e+06
2.6547e+06
2.6776e+06
2.6939e+06
2.7004e+06
2.6961e+06
2.6821e+06
2.6615e+06
2.6389e+06
2.6189e+06
2.6055e+06
2.6012e+06
2.6065e+06
2.6199e+06
2.6386e+06
2.6587e+06
2.6766e+06
2.6896e+06
2.696e+06
2.6959e+06
2.6905e+06
2.6822e+06
2.6733e+06
2.6663e+06
2.6625e+06
2.6628e+06
2.6669e+06
2.6745e+06
2.6846e+06
2.6962e+06
2.7087e+06
2.7211e+06
2.733e+06
2.7438e+06
2.7531e+06
2.7605e+06
2.7655e+06
2.768e+06
2.7678e+06
2.7653e+06
2.7612e+06
2.7564e+06
2.752e+06
2.7488e+06
2.7474e+06
2.7477e+06
2.7493e+06
2.7514e+06
2.753e+06
2.7535e+06
2.7521e+06
2.7487e+06
2.7436e+06
2.7373e+06
2.7304e+06
2.7238e+06
2.718e+06
2.7135e+06
2.711e+06
2.7106e+06
2.7129e+06
2.7181e+06
2.7265e+06
2.7383e+06
2.7529e+06
2.7693e+06
2.786e+06
2.8007e+06
2.8112e+06
2.816e+06
2.8144e+06
2.8071e+06
2.796e+06
2.7841e+06
2.7749e+06
2.7712e+06
2.7748e+06
2.7859e+06
2.8025e+06
2.8214e+06
2.8383e+06
2.8491e+06
2.8508e+06
2.8425e+06
2.8254e+06
2.8027e+06
2.7789e+06
2.7589e+06
2.7463e+06
2.7432e+06
2.7493e+06
2.7625e+06
2.7794e+06
2.7962e+06
2.8099e+06
2.8189e+06
2.8228e+06
2.8232e+06
2.8223e+06
2.8224e+06
2.8247e+06
2.8291e+06
2.834e+06
2.8374e+06
2.8373e+06
2.8327e+06
2.8244e+06
2.8144e+06
2.8062e+06
2.8031e+06
2.808e+06
2.822e+06
2.844e+06
2.8703e+06
2.896e+06
2.9154e+06
2.9244e+06
2.921e+06
2.9059e+06
2.8828e+06
2.857e+06
2.8344e+06
2.8197e+06
2.8158e+06
2.8225e+06
2.8375e+06
2.8567e+06
2.8759e+06
2.8914e+06
2.9013e+06
2.9056e+06
2.9059e+06
2.9048e+06
2.9045e+06
2.9061e+06
2.9091e+06
2.9116e+06
2.9111e+06
2.9059e+06
2.8958e+06
2.8825e+06
2.8692e+06
2.86e+06
2.8588e+06
2.8678e+06
2.8872e+06
2.9143e+06
2.9446e+06
2.9728e+06
2.9939e+06
3.0048e+06
3.005e+06
2.9966e+06
2.9835e+06
2.9705e+06
2.9615e+06
2.9587e+06
2.962e+06
2.9693e+06
2.9776e+06
2.9844e+06
2.9876e+06
2.9874e+06
2.9849e+06
2.9827e+06
2.9831e+06
2.9877e+06
2.9962e+06
3.0065e+06
3.0154e+06
3.0195e+06
3.0165e+06
3.0061e+06
2.9902e+06
2.9725e+06
2.9572e+06
2.9481e+06
2.9474e+06
2.9548e+06
2.9684e+06
2.9848e+06
3.0003e+06
3.0123e+06
3.0199e+06
3.0237e+06
3.0255e+06
3.0276e+06
3.0312e+06
3.0357e+06
3.0394e+06
3.0395e+06
3.0338e+06
3.0216e+06
3.0042e+06
2.9851e+06
2.9693e+06
2.9615e+06
2.9652e+06
2.9811e+06
3.0067e+06
3.0367e+06
3.0647e+06
3.0846e+06
3.0926e+06
3.088e+06
3.0735e+06
3.0539e+06
3.0351e+06
3.0217e+06
3.0157e+06
3.0162e+06
3.0203e+06
3.0242e+06
3.025e+06
3.0217e+06
3.0157e+06
3.0101e+06
3.009e+06
3.0156e+06
3.031e+06
3.0533e+06
3.078e+06
3.0994e+06
3.1121e+06
3.1131e+06
3.1023e+06
3.0833e+06
3.0616e+06
3.0433e+06
3.0332e+06
3.0331e+06
3.0417e+06
3.0553e+06
3.0695e+06
3.0804e+06
3.0862e+06
3.0877e+06
3.0877e+06
3.0898e+06
3.097e+06
3.1101e+06
3.1269e+06
3.1432e+06
3.1537e+06
3.1545e+06
3.144e+06
3.1237e+06
3.0981e+06
3.0731e+06
3.054e+06
3.0444e+06
3.0449e+06
3.0534e+06
3.0661e+06
3.0789e+06
3.0891e+06
3.096e+06
3.1008e+06
3.1062e+06
3.1146e+06
3.1272e+06
3.1426e+06
3.1578e+06
3.1682e+06
3.17e+06
3.1616e+06
3.1439e+06
3.1206e+06
3.0968e+06
3.0778e+06
3.067e+06
3.0655e+06
3.0715e+06
3.0817e+06
3.0923e+06
3.1008e+06
3.1061e+06
3.1093e+06
3.1126e+06
3.1185e+06
3.1279e+06
3.1399e+06
3.1519e+06
3.1602e+06
3.1621e+06
3.1566e+06
3.1452e+06
3.1314e+06
3.1198e+06
3.1141e+06
3.1159e+06
3.1245e+06
3.1367e+06
3.1486e+06
3.1572e+06
3.161e+06
3.1613e+06
3.1612e+06
3.1647e+06
3.1746e+06
3.1913e+06
3.2121e+06
3.2319e+06
3.2454e+06
3.2484e+06
3.2402e+06
3.2237e+06
3.2041e+06
3.1876e+06
3.179e+06
3.1797e+06
3.1876e+06
3.1979e+06
3.2055e+06
3.2068e+06
3.2011e+06
3.1911e+06
3.182e+06
3.1794e+06
3.187e+06
3.2045e+06
3.2277e+06
3.2492e+06
3.2617e+06
3.26e+06
3.2433e+06
3.2153e+06
3.1832e+06
3.1551e+06
3.1371e+06
3.1312e+06
3.1347e+06
3.142e+06
3.1468e+06
3.1448e+06
3.1354e+06
3.1219e+06
3.1098e+06
3.1051e+06
3.1112e+06
3.1273e+06
3.1486e+06
3.1678e+06
3.1777e+06
3.1743e+06
3.158e+06
3.1334e+06
3.108e+06
3.0891e+06
3.0808e+06
3.0829e+06
3.0909e+06
3.0983e+06
3.0996e+06
3.0923e+06
3.0779e+06
3.0613e+06
3.0492e+06
3.047e+06
3.057e+06
3.0773e+06
3.1019e+06
3.124e+06
3.1374e+06
3.1395e+06
3.1315e+06
3.118e+06
3.1048e+06
3.0963e+06
3.0937e+06
3.0945e+06
3.0941e+06
3.0877e+06
3.0731e+06
3.0515e+06
3.0271e+06
3.0063e+06
2.9945e+06
2.9944e+06
3.0047e+06
3.0212e+06
3.0378e+06
3.0495e+06
3.0538e+06
3.0518e+06
3.0472e+06
3.0447e+06
3.0478e+06
3.0571e+06
3.0693e+06
3.0793e+06
3.0817e+06
3.0734e+06
3.055e+06
3.0303e+06
3.005e+06
2.9842e+06
2.971e+06
2.9648e+06
2.9625e+06
2.9599e+06
2.9541e+06
2.9446e+06
2.934e+06
2.9265e+06
2.9263e+06
2.9359e+06
2.9543e+06
2.9774e+06
2.9994e+06
3.015e+06
3.0213e+06
3.019e+06
3.0114e+06
3.0034e+06
2.9986e+06
2.9984e+06
3.0006e+06
3.0012e+06
2.9963e+06
2.9838e+06
2.9648e+06
2.943e+06
2.9236e+06
2.9111e+06
2.9075e+06
2.9118e+06
2.9203e+06
2.9284e+06
2.9326e+06
2.9319e+06
2.928e+06
2.9244e+06
2.925e+06
2.9321e+06
2.9452e+06
2.9611e+06
2.9752e+06
2.9836e+06
2.9846e+06
2.9792e+06
2.9705e+06
2.9621e+06
2.9565e+06
2.9539e+06
2.9521e+06
2.948e+06
2.9392e+06
2.9251e+06
2.9077e+06
2.8905e+06
2.8776e+06
2.8716e+06
2.873e+06
2.8797e+06
2.8884e+06
2.8958e+06
2.9003e+06
2.9025e+06
2.9048e+06
2.9097e+06
2.9189e+06
2.9315e+06
2.9448e+06
2.9546e+06
2.9575e+06
2.9519e+06
2.9391e+06
2.9222e+06
2.9055e+06
2.8923e+06
2.8838e+06
2.8793e+06
2.8766e+06
2.8734e+06
2.8686e+06
2.8627e+06
2.8576e+06
2.8554e+06
2.8574e+06
2.8632e+06
2.8711e+06
2.8783e+06
2.8828e+06
2.8837e+06
2.8817e+06
2.8785e+06
2.8757e+06
2.874e+06
2.8723e+06
2.8686e+06
2.8605e+06
2.8471e+06
2.8291e+06
2.8087e+06
2.7891e+06
2.7726e+06
2.7598e+06
2.7499e+06
2.7406e+06
2.73e+06
2.7175e+06
2.7045e+06
2.6935e+06
2.6874e+06
2.6881e+06
2.6951e+06
2.7059e+06
2.7169e+06
2.7249e+06
2.7281e+06
2.7273e+06
2.725e+06
2.7241e+06
2.7263e+06
2.7314e+06
2.7368e+06
2.7392e+06
2.7357e+06
2.7256e+06
2.7104e+06
2.6929e+06
2.6767e+06
2.6637e+06
2.6539e+06
2.6457e+06
2.6369e+06
2.6259e+06
2.6132e+06
2.6005e+06
2.5907e+06
2.5858e+06
2.5864e+06
2.591e+06
2.597e+06
2.6016e+06
2.6036e+06
2.6034e+06
2.6032e+06
2.6057e+06
2.6122e+06
2.6224e+06
2.6333e+06
2.6415e+06
2.6438e+06
2.6392e+06
2.6288e+06
2.6155e+06
2.6024e+06
2.5914e+06
2.5824e+06
2.5738e+06
2.5636e+06
2.5505e+06
2.535e+06
2.5189e+06
2.5047e+06
2.4942e+06
2.488e+06
2.4848e+06
2.483e+06
2.4815e+06
2.4803e+06
2.4808e+06
2.485e+06
2.494e+06
2.507e+06
2.5215e+06
2.5337e+06
2.5408e+06
2.5418e+06
2.5384e+06
2.534e+06
2.532e+06
2.5342e+06
2.5391e+06
2.5431e+06
2.5417e+06
2.5324e+06
2.5153e+06
2.4935e+06
2.4718e+06
2.4538e+06
2.4405e+06
2.4301e+06
2.4189e+06
2.4038e+06
2.3841e+06
2.3626e+06
2.344e+06
2.3329e+06
2.3316e+06
2.3384e+06
2.3486e+06
2.3565e+06
2.3588e+06
2.3558e+06
2.3516e+06
2.3519e+06
2.3612e+06
2.3795e+06
2.4019e+06
2.4211e+06
2.43e+06
2.426e+06
2.4117e+06
2.3941e+06
2.381e+06
2.3769e+06
2.3808e+06
2.386e+06
2.3844e+06
2.3703e+06
2.3439e+06
2.3111e+06
2.2812e+06
2.2626e+06
2.2577e+06
2.2623e+06
2.2673e+06
2.2639e+06
2.2475e+06
2.2204e+06
2.1907e+06
2.169e+06
2.1633e+06
2.1743e+06
2.1956e+06
2.2164e+06
2.2275e+06
2.2252e+06
2.2129e+06
2.1997e+06
2.1951e+06
2.2041e+06
2.224e+06
2.2456e+06
2.2581e+06
2.2544e+06
2.2345e+06
2.2056e+06
2.1783e+06
2.1613e+06
2.1571e+06
2.1603e+06
2.1616e+06
2.1528e+06
2.131e+06
2.1e+06
2.0686e+06
2.0455e+06
2.0352e+06
2.0351e+06
2.0377e+06
2.0345e+06
2.0208e+06
1.9979e+06
1.9731e+06
1.9556e+06
1.9526e+06
1.9648e+06
1.9863e+06
2.0077e+06
2.0209e+06
2.0228e+06
2.0161e+06
2.0083e+06
2.0072e+06
2.0167e+06
2.0348e+06
2.0546e+06
2.0682e+06
2.0707e+06
2.0623e+06
2.0478e+06
2.0339e+06
2.0256e+06
2.0233e+06
2.0236e+06
2.0211e+06
2.0119e+06
1.9955e+06
1.975e+06
1.9548e+06
1.9386e+06
1.9273e+06
1.9187e+06
1.9097e+06
1.8979e+06
1.8832e+06
1.8676e+06
1.8542e+06
1.8452e+06
1.8408e+06
1.8396e+06
1.8395e+06
1.8392e+06
1.8388e+06
1.8394e+06
1.8425e+06
1.8482e+06
1.8554e+06
1.8622e+06
1.8672e+06
1.8707e+06
1.8744e+06
1.8808e+06
1.8912e+06
1.9044e+06
1.9171e+06
1.9252e+06
1.9265e+06
1.9218e+06
1.9149e+06
1.9101e+06
1.91e+06
1.9137e+06
1.9165e+06
1.9131e+06
1.9001e+06
1.8784e+06
1.8529e+06
1.8301e+06
1.8148e+06
1.807e+06
1.8023e+06
1.7944e+06
1.7788e+06
1.7556e+06
1.7292e+06
1.7069e+06
1.6941e+06
1.692e+06
1.6962e+06
1.6995e+06
1.6959e+06
1.6838e+06
1.6672e+06
1.6532e+06
1.6491e+06
1.6578e+06
1.6762e+06
1.6967e+06
1.7118e+06
1.7173e+06
1.7144e+06
1.7087e+06
1.7068e+06
1.7127e+06
1.7253e+06
1.7396e+06
1.7497e+06
1.7526e+06
1.7494e+06
1.7446e+06
1.7432e+06
1.7472e+06
1.7543e+06
1.7593e+06
1.7573e+06
1.7464e+06
1.7291e+06
1.7106e+06
1.696e+06
1.6871e+06
1.6819e+06
1.6756e+06
1.6641e+06
1.6465e+06
1.6254e+06
1.606e+06
1.5926e+06
1.5863e+06
1.5847e+06
1.5832e+06
1.5779e+06
1.5678e+06
1.5549e+06
1.5432e+06
1.5361e+06
1.5348e+06
1.5375e+06
1.5414e+06
1.5438e+06
1.5444e+06
1.5446e+06
1.5469e+06
1.5524e+06
1.5606e+06
1.5692e+06
1.5758e+06
1.5796e+06
1.5819e+06
1.5852e+06
1.5913e+06
1.6001e+06
1.609e+06
1.6149e+06
1.6156e+06
1.6119e+06
1.6069e+06
1.6044e+06
1.6063e+06
1.6113e+06
1.6157e+06
1.6155e+06
1.6088e+06
1.597e+06
1.5839e+06
1.5734e+06
1.5666e+06
1.5618e+06
1.555e+06
1.5431e+06
1.5257e+06
1.5059e+06
1.488e+06
1.4753e+06
1.4677e+06
1.4621e+06
1.454e+06
1.4407e+06
1.4227e+06
1.404e+06
1.3891e+06
1.3812e+06
1.3796e+06
1.3808e+06
1.3805e+06
1.3764e+06
1.3693e+06
1.3626e+06
1.3599e+06
1.3626e+06
1.3691e+06
1.3757e+06
1.379e+06
1.3783e+06
1.3758e+06
1.3755e+06
1.3804e+06
1.3905e+06
1.4026e+06
1.4123e+06
1.4169e+06
1.417e+06
1.4165e+06
1.4199e+06
1.4295e+06
1.4435e+06
1.457e+06
1.465e+06
1.4654e+06
1.4601e+06
1.4541e+06
1.4519e+06
1.4552e+06
1.4617e+06
1.4668e+06
1.4668e+06
1.4616e+06
1.454e+06
1.4484e+06
1.4472e+06
1.4489e+06
1.4492e+06
1.4438e+06
1.4311e+06
1.4134e+06
1.396e+06
1.3835e+06
1.3771e+06
1.3742e+06
1.3696e+06
1.3597e+06
1.3442e+06
1.3264e+06
1.3114e+06
1.3022e+06
1.2983e+06
1.2958e+06
1.29e+06
1.2782e+06
1.2616e+06
1.2442e+06
1.2308e+06
1.2239e+06
1.2223e+06
1.2224e+06
1.2204e+06
1.2145e+06
1.2061e+06
1.1983e+06
1.1942e+06
1.1948e+06
1.1988e+06
1.2033e+06
1.2061e+06
1.2069e+06
1.207e+06
1.2084e+06
1.2122e+06
1.2182e+06
1.2248e+06
1.2308e+06
1.2356e+06
1.24e+06
1.2451e+06
1.2514e+06
1.2586e+06
1.2657e+06
1.2724e+06
1.2791e+06
1.287e+06
1.2968e+06
1.3081e+06
1.319e+06
1.3275e+06
1.3324e+06
1.3344e+06
1.3357e+06
1.3381e+06
1.3419e+06
1.3452e+06
1.3457e+06
1.3422e+06
1.336e+06
1.3304e+06
1.3287e+06
1.3316e+06
1.3365e+06
1.3386e+06
1.3343e+06
1.3228e+06
1.3078e+06
1.2943e+06
1.2861e+06
1.2831e+06
1.2813e+06
1.2757e+06
1.2636e+06
1.2466e+06
1.2297e+06
1.2179e+06
1.2128e+06
1.2115e+06
1.2085e+06
1.1994e+06
1.1836e+06
1.1649e+06
1.149e+06
1.1398e+06
1.1368e+06
1.1357e+06
1.1313e+06
1.1208e+06
1.1055e+06
1.0894e+06
1.077e+06
1.0698e+06
1.0661e+06
1.0623e+06
1.0553e+06
1.0449e+06
1.0333e+06
1.0236e+06
1.0172e+06
1.0135e+06
1.0101e+06
1.0051e+06
9.9886e+05
9.9348e+05
9.9151e+05
9.9378e+05
9.9846e+05
1.0021e+06
1.002e+06
9.9774e+05
9.919e+05
9.8822e+05
9.8921e+05
9.9447e+05
1.001e+06
1.0054e+06
1.0062e+06
1.005e+06
1.0051e+06
1.0096e+06
1.0188e+06
1.0303e+06
1.0405e+06
1.0472e+06
1.0509e+06
1.0543e+06
1.0605e+06
1.0702e+06
1.0815e+06
1.091e+06
1.0961e+06
1.0969e+06
1.096e+06
1.0974e+06
1.1036e+06
1.1144e+06
1.1269e+06
1.1378e+06
1.1448e+06
1.148e+06
1.1492e+06
1.1509e+06
1.1545e+06
1.1604e+06
1.1676e+06
1.1747e+06
1.1806e+06
1.1845e+06
1.1862e+06
1.1864e+06
1.1864e+06
1.1875e+06
1.191e+06
1.1964e+06
1.202e+06
1.2057e+06
1.206e+06
1.2034e+06
1.2002e+06
1.1987e+06
1.1999e+06
1.2024e+06
1.2033e+06
1.2006e+06
1.1947e+06
1.1889e+06
1.1866e+06
1.1892e+06
1.1943e+06
1.1967e+06
1.1927e+06
1.1822e+06
1.1694e+06
1.1605e+06
1.1592e+06
1.1639e+06
1.1688e+06
1.1678e+06
1.1586e+06
1.1444e+06
1.1319e+06
1.126e+06
1.1271e+06
1.1299e+06
1.1283e+06
1.1197e+06
1.1067e+06
1.0953e+06
1.0904e+06
1.0918e+06
1.094e+06
1.0908e+06
1.0796e+06
1.0636e+06
1.0493e+06
1.0424e+06
1.0426e+06
1.0439e+06
1.0395e+06
1.0262e+06
1.0074e+06
9.9027e+05
9.8093e+05
9.7964e+05
9.8056e+05
9.7643e+05
9.6396e+05
9.4609e+05
9.2985e+05
9.2101e+05
9.1944e+05
9.1921e+05
9.1347e+05
8.9984e+05
8.8246e+05
8.6926e+05
8.6592e+05
8.7092e+05
8.7628e+05
8.7337e+05
8.5882e+05
8.3675e+05
8.1637e+05
8.0578e+05
8.0596e+05
8.1018e+05
8.0942e+05
7.9877e+05
7.8035e+05
7.615e+05
7.4959e+05
7.4648e+05
7.474e+05
7.4505e+05
7.3515e+05
7.1917e+05
7.0298e+05
6.9253e+05
6.8934e+05
6.8966e+05
6.8781e+05
6.8054e+05
6.6897e+05
6.5729e+05
6.4918e+05
6.4487e+05
6.4111e+05
6.3403e+05
6.223e+05
6.0809e+05
5.9552e+05
5.8742e+05
5.8325e+05
5.7972e+05
5.7364e+05
5.6436e+05
5.5407e+05
5.4582e+05
5.4102e+05
5.3818e+05
5.3435e+05
5.2758e+05
5.1854e+05
5.0996e+05
5.0446e+05
5.0235e+05
5.0126e+05
4.9809e+05
4.9124e+05
4.817e+05
4.7211e+05
4.6473e+05
4.5977e+05
4.5546e+05
4.4985e+05
