1.5177e+06
1.5311e+06
1.5398e+06
1.5533e+06
1.5789e+06
1.6152e+06
1.653e+06
1.6822e+06
1.6982e+06
1.7053e+06
1.7128e+06
1.7286e+06
1.7537e+06
1.7827e+06
1.8091e+06
1.8301e+06
1.8484e+06
1.8684e+06
1.8917e+06
1.9149e+06
1.9327e+06
1.9434e+06
1.9514e+06
1.9652e+06
1.9909e+06
2.027e+06
2.0646e+06
2.0932e+06
2.1084e+06
2.1148e+06
2.1236e+06
2.1441e+06
2.1771e+06
2.2142e+06
2.2441e+06
2.2607e+06
2.2667e+06
2.2718e+06
2.2851e+06
2.31e+06
2.342e+06
2.3745e+06
2.4042e+06
2.4336e+06
2.4679e+06
2.5096e+06
2.5552e+06
2.5974e+06
2.6305e+06
2.6548e+06
2.6767e+06
2.7035e+06
2.7378e+06
2.7748e+06
2.8062e+06
2.8268e+06
2.8384e+06
2.8491e+06
2.8677e+06
2.8963e+06
2.9293e+06
2.9576e+06
2.9756e+06
2.9861e+06
2.9983e+06
3.0212e+06
3.057e+06
3.0989e+06
3.1367e+06
3.1636e+06
3.1813e+06
3.1976e+06
3.2205e+06
3.2516e+06
3.2853e+06
3.3132e+06
3.331e+06
3.342e+06
3.3551e+06
3.3778e+06
3.4109e+06
3.4479e+06
3.4799e+06
3.5025e+06
3.5178e+06
3.5325e+06
3.5516e+06
3.5743e+06
3.5949e+06
3.6078e+06
3.6133e+06
3.6186e+06
3.6336e+06
3.6632e+06
3.7031e+06
3.7418e+06
3.7682e+06
3.7782e+06
3.7772e+06
3.7762e+06
3.7841e+06
3.8022e+06
3.8239e+06
3.841e+06
3.8494e+06
3.852e+06
3.8562e+06
3.8676e+06
3.8861e+06
3.9059e+06
3.9202e+06
3.9257e+06
3.9251e+06
3.9237e+06
3.9257e+06
3.9306e+06
3.9349e+06
3.9352e+06
3.9317e+06
3.9283e+06
3.9289e+06
3.9339e+06
3.9386e+06
3.9367e+06
3.9245e+06
3.9048e+06
3.8852e+06
3.8735e+06
3.872e+06
3.8757e+06
3.8754e+06
3.8635e+06
3.8389e+06
3.8071e+06
3.7763e+06
3.7519e+06
3.7339e+06
3.718e+06
3.7001e+06
3.6792e+06
3.658e+06
3.64e+06
3.6256e+06
3.6115e+06
3.5926e+06
3.5665e+06
3.5352e+06
3.5044e+06
3.4792e+06
3.46e+06
3.4421e+06
3.419e+06
3.3869e+06
3.3484e+06
3.3109e+06
3.2819e+06
3.2642e+06
3.2538e+06
3.2431e+06
3.2259e+06
3.2012e+06
3.1737e+06
3.1494e+06
3.1315e+06
3.1178e+06
3.1034e+06
3.0847e+06
3.0628e+06
3.0434e+06
3.0329e+06
3.0337e+06
3.0415e+06
3.0485e+06
3.0481e+06
3.0394e+06
3.0278e+06
3.0212e+06
3.0248e+06
3.0373e+06
3.0526e+06
3.0643e+06
3.0712e+06
3.0778e+06
3.0915e+06
3.1161e+06
3.1479e+06
3.1769e+06
3.1936e+06
3.1951e+06
3.189e+06
3.1894e+06
3.2089e+06
3.2502e+06
3.3035e+06
3.3531e+06
3.3869e+06
3.4037e+06
3.4137e+06
3.4315e+06
3.4663e+06
3.5152e+06
3.5656e+06
3.6032e+06
3.6217e+06
3.6263e+06
3.6301e+06
3.6448e+06
3.6729e+06
3.7062e+06
3.7325e+06
3.7449e+06
3.7473e+06
3.7523e+06
3.7723e+06
3.8097e+06
3.8537e+06
3.8869e+06
3.8956e+06
3.8787e+06
3.8487e+06
3.8246e+06
3.8201e+06
3.8351e+06
3.8566e+06
3.8676e+06
3.859e+06
3.8339e+06
3.8057e+06
3.7881e+06
3.7858e+06
3.7911e+06
3.7893e+06
3.7689e+06
3.7287e+06
3.6789e+06
3.6347e+06
3.6068e+06
3.5953e+06
3.59e+06
3.5781e+06
3.5524e+06
3.5148e+06
3.4744e+06
3.4406e+06
3.4172e+06
3.4004e+06
3.3826e+06
3.3588e+06
3.3304e+06
3.3045e+06
3.2889e+06
3.2864e+06
3.292e+06
3.2963e+06
3.2913e+06
3.2757e+06
3.2559e+06
3.2427e+06
3.2443e+06
3.2616e+06
3.2875e+06
3.3119e+06
3.3279e+06
3.3362e+06
3.3434e+06
3.3578e+06
3.3831e+06
3.4155e+06
3.4464e+06
3.4678e+06
3.4783e+06
3.4843e+06
3.4964e+06
3.5226e+06
3.5632e+06
3.61e+06
3.6517e+06
3.6808e+06
3.698e+06
3.7116e+06
3.7315e+06
3.7628e+06
3.8023e+06
3.8403e+06
3.8668e+06
3.8778e+06
3.877e+06
3.8729e+06
3.8735e+06
3.8807e+06
3.8897e+06
3.8928e+06
3.8849e+06
3.8667e+06
3.8444e+06
3.8251e+06
3.8118e+06
3.8014e+06
3.7871e+06
3.7633e+06
3.7299e+06
3.6927e+06
3.6601e+06
3.6381e+06
3.6258e+06
3.6162e+06
3.6007e+06
3.5745e+06
3.5393e+06
3.5024e+06
3.4724e+06
3.4541e+06
3.446e+06
3.4417e+06
3.435e+06
3.4241e+06
3.4129e+06
3.4086e+06
3.4169e+06
3.438e+06
3.4658e+06
3.4914e+06
3.5086e+06
3.517e+06
3.5227e+06
3.5347e+06
3.5591e+06
3.595e+06
3.6352e+06
3.6704e+06
3.6945e+06
3.7085e+06
3.7196e+06
3.7369e+06
3.7655e+06
3.8033e+06
3.8417e+06
3.8715e+06
3.8871e+06
3.8901e+06
3.8871e+06
3.8855e+06
3.889e+06
3.895e+06
3.8979e+06
3.8929e+06
3.8795e+06
3.8628e+06
3.8493e+06
3.8428e+06
3.8412e+06
3.8373e+06
3.8232e+06
3.7948e+06
3.755e+06
3.712e+06
3.6752e+06
3.6499e+06
3.635e+06
3.6238e+06
3.6085e+06
3.5851e+06
3.5553e+06
3.5255e+06
3.5028e+06
3.4911e+06
3.4896e+06
3.4936e+06
3.4982e+06
3.502e+06
3.5075e+06
3.5197e+06
3.5423e+06
3.5751e+06
3.6131e+06
3.6495e+06
3.6793e+06
3.702e+06
3.722e+06
3.7456e+06
3.7767e+06
3.8142e+06
3.8523e+06
3.8837e+06
3.9042e+06
3.9155e+06
3.9239e+06
3.9368e+06
3.9575e+06
3.9829e+06
4.0043e+06
4.0128e+06
4.004e+06
3.981e+06
3.9529e+06
3.9295e+06
3.9168e+06
3.9126e+06
3.9092e+06
3.8972e+06
3.8719e+06
3.8351e+06
3.7943e+06
3.7585e+06
3.733e+06
3.717e+06
3.704e+06
3.687e+06
3.662e+06
3.6313e+06
3.6018e+06
3.5821e+06
3.5779e+06
3.5887e+06
3.6092e+06
3.6317e+06
3.651e+06
3.6663e+06
3.681e+06
3.7005e+06
3.728e+06
3.7624e+06
3.799e+06
3.8322e+06
3.8584e+06
3.8782e+06
3.896e+06
3.9166e+06
3.9422e+06
3.9706e+06
3.9962e+06
4.0132e+06
4.0185e+06
4.0134e+06
4.0022e+06
3.9893e+06
3.9768e+06
3.963e+06
3.9442e+06
3.9177e+06
3.884e+06
3.8474e+06
3.8135e+06
3.7865e+06
3.7665e+06
3.7494e+06
3.7298e+06
3.7045e+06
3.6751e+06
3.6476e+06
3.6298e+06
3.627e+06
3.6391e+06
3.6597e+06
3.6801e+06
3.693e+06
3.6971e+06
3.6973e+06
3.703e+06
3.7226e+06
3.7591e+06
3.8075e+06
3.8575e+06
3.8982e+06
3.924e+06
3.9367e+06
3.9444e+06
3.9569e+06
3.9793e+06
4.009e+06
4.0365e+06
4.0513e+06
4.047e+06
4.0255e+06
3.9957e+06
3.9694e+06
3.9544e+06
3.9502e+06
3.9488e+06
3.9392e+06
3.9136e+06
3.8723e+06
3.8238e+06
3.7811e+06
3.7552e+06
3.7499e+06
3.76e+06
3.7741e+06
3.7815e+06
3.7772e+06
3.7642e+06
3.7525e+06
3.7537e+06
3.7757e+06
3.8177e+06
3.8709e+06
3.923e+06
3.9637e+06
3.9896e+06
4.0044e+06
4.0166e+06
4.0341e+06
4.0597e+06
4.089e+06
4.1132e+06
4.1242e+06
4.1191e+06
4.102e+06
4.0816e+06
4.067e+06
4.0623e+06
4.0645e+06
4.0651e+06
4.055e+06
4.0291e+06
3.989e+06
3.942e+06
3.8979e+06
3.8641e+06
3.843e+06
3.8315e+06
3.8238e+06
3.8149e+06
3.804e+06
3.7943e+06
3.7916e+06
3.8011e+06
3.824e+06
3.8572e+06
3.8942e+06
3.9287e+06
3.9572e+06
3.9807e+06
4.0032e+06
4.029e+06
4.0599e+06
4.0931e+06
4.1228e+06
4.143e+06
4.1507e+06
4.1471e+06
4.1375e+06
4.1276e+06
4.1206e+06
4.115e+06
4.1058e+06
4.0872e+06
4.0566e+06
4.0161e+06
3.973e+06
3.9363e+06
3.9127e+06
3.904e+06
3.9059e+06
3.9109e+06
3.9117e+06
3.9054e+06
3.8946e+06
3.8869e+06
3.8913e+06
3.9141e+06
3.9555e+06
4.0094e+06
4.0654e+06
4.1137e+06
4.1485e+06
4.1701e+06
4.1836e+06
4.1957e+06
4.2109e+06
4.229e+06
4.2449e+06
4.2518e+06
4.2445e+06
4.2225e+06
4.1903e+06
4.1554e+06
4.1253e+06
4.1038e+06
4.0905e+06
4.0812e+06
4.0705e+06
4.0553e+06
4.0355e+06
4.014e+06
3.9957e+06
3.9848e+06
3.9836e+06
3.9919e+06
4.0078e+06
4.0294e+06
4.0554e+06
4.0858e+06
4.1208e+06
4.1597e+06
4.2e+06
4.2374e+06
4.2674e+06
4.2869e+06
4.2957e+06
4.2967e+06
4.2943e+06
4.2919e+06
4.2903e+06
4.2867e+06
4.2763e+06
4.2551e+06
4.2218e+06
4.1794e+06
4.1344e+06
4.0945e+06
4.0654e+06
4.0489e+06
4.0426e+06
4.0413e+06
4.0403e+06
4.0374e+06
4.0345e+06
4.0367e+06
4.0504e+06
4.0797e+06
4.1242e+06
4.1783e+06
4.2334e+06
4.2804e+06
4.3139e+06
4.3331e+06
4.3416e+06
4.3452e+06
4.3485e+06
4.3523e+06
4.3535e+06
4.347e+06
4.3285e+06
4.2978e+06
4.2588e+06
4.219e+06
4.1866e+06
4.1672e+06
4.1615e+06
4.1663e+06
4.1757e+06
4.1844e+06
4.1897e+06
4.1929e+06
4.1979e+06
4.2094e+06
4.2308e+06
4.2617e+06
4.2985e+06
4.3355e+06
4.3674e+06
4.3915e+06
4.4084e+06
4.4215e+06
4.4343e+06
4.4483e+06
4.4618e+06
4.4703e+06
4.4685e+06
4.4534e+06
4.4253e+06
4.3882e+06
4.3487e+06
4.3129e+06
4.285e+06
4.2656e+06
4.2529e+06
4.2442e+06
4.2383e+06
4.2359e+06
4.2404e+06
4.2556e+06
4.2841e+06
4.325e+06
4.3736e+06
4.4225e+06
4.4645e+06
4.4949e+06
4.5134e+06
4.5237e+06
4.5313e+06
4.5405e+06
4.5513e+06
4.5593e+06
4.5572e+06
4.5384e+06
4.5004e+06
4.4466e+06
4.3863e+06
4.3318e+06
4.2943e+06
4.2803e+06
4.2892e+06
4.3144e+06
4.3464e+06
4.3763e+06
4.3994e+06
4.4164e+06
4.4323e+06
4.4542e+06
4.4874e+06
4.532e+06
4.5827e+06
4.6297e+06
4.6627e+06
4.6747e+06
4.6642e+06
4.6358e+06
4.598e+06
4.5595e+06
4.5264e+06
4.5e+06
4.4773e+06
4.4536e+06
4.4254e+06
4.3924e+06
4.3581e+06
4.3285e+06
4.3096e+06
4.3056e+06
4.3171e+06
4.341e+06
4.372e+06
4.4045e+06
4.4347e+06
4.4616e+06
4.4864e+06
4.5112e+06
4.5369e+06
4.562e+06
4.5827e+06
4.5942e+06
4.593e+06
4.5781e+06
4.5521e+06
4.5201e+06
4.4879e+06
4.4601e+06
4.4389e+06
4.4235e+06
4.4119e+06
4.4022e+06
4.3942e+06
4.3897e+06
4.3925e+06
4.406e+06
4.4324e+06
4.4701e+06
4.5142e+06
4.5574e+06
4.592e+06
4.6128e+06
4.6183e+06
4.611e+06
4.5961e+06
4.5792e+06
4.5637e+06
4.55e+06
4.5354e+06
4.5167e+06
4.4916e+06
4.4609e+06
4.4286e+06
4.4009e+06
4.3838e+06
4.3814e+06
4.3938e+06
4.4178e+06
4.4473e+06
4.4759e+06
4.499e+06
4.5153e+06
4.5265e+06
4.5364e+06
4.5485e+06
4.5636e+06
4.5789e+06
4.5888e+06
4.5871e+06
4.57e+06
4.5375e+06
4.4945e+06
4.4488e+06
4.4096e+06
4.3834e+06
4.373e+06
4.3766e+06
4.3891e+06
4.4045e+06
4.418e+06
4.428e+06
4.4358e+06
4.4453e+06
4.4604e+06
4.4833e+06
4.5127e+06
4.5435e+06
4.5689e+06
4.5824e+06
4.5805e+06
4.5636e+06
4.5359e+06
4.5037e+06
4.4725e+06
4.4458e+06
4.4239e+06
4.4049e+06
4.3862e+06
4.3667e+06
4.3478e+06
4.3333e+06
4.3288e+06
4.3392e+06
4.3666e+06
4.4087e+06
4.4585e+06
4.5064e+06
4.5427e+06
4.5607e+06
4.5584e+06
4.5392e+06
4.51e+06
4.4786e+06
4.4511e+06
4.4292e+06
4.4111e+06
4.3927e+06
4.3706e+06
4.3438e+06
4.3154e+06
4.2915e+06
4.2798e+06
4.2866e+06
4.3144e+06
4.3602e+06
4.4164e+06
4.472e+06
4.5166e+06
4.5428e+06
4.5485e+06
4.5369e+06
4.5149e+06
4.4901e+06
4.4683e+06
4.4513e+06
4.4368e+06
4.4207e+06
4.3992e+06
4.3717e+06
4.3407e+06
4.3123e+06
4.2937e+06
4.2909e+06
4.3065e+06
4.3381e+06
4.3789e+06
4.4198e+06
4.4515e+06
4.4682e+06
4.4686e+06
4.4562e+06
4.4376e+06
4.4202e+06
4.4083e+06
4.4024e+06
4.3987e+06
4.3918e+06
4.3769e+06
4.3528e+06
4.3223e+06
4.2919e+06
4.2701e+06
4.2646e+06
4.2798e+06
4.3148e+06
4.3633e+06
4.4157e+06
4.4612e+06
4.4917e+06
4.5033e+06
4.4977e+06
4.4806e+06
4.4598e+06
4.4418e+06
4.4299e+06
4.423e+06
4.4171e+06
4.4077e+06
4.3918e+06
4.3699e+06
4.3459e+06
4.326e+06
4.3171e+06
4.3244e+06
4.3492e+06
4.3882e+06
4.4342e+06
4.4776e+06
4.5094e+06
4.5235e+06
4.5183e+06
4.4966e+06
4.4645e+06
4.4292e+06
4.3967e+06
4.3702e+06
4.3501e+06
4.3347e+06
4.3221e+06
4.3108e+06
4.3014e+06
4.2956e+06
4.2963e+06
4.3054e+06
4.3234e+06
4.3483e+06
4.3757e+06
4.3999e+06
4.4156e+06
4.4195e+06
4.4112e+06
4.3935e+06
4.3711e+06
4.3492e+06
4.3316e+06
4.32e+06
4.3136e+06
4.3104e+06
4.3079e+06
4.3052e+06
4.3025e+06
4.3025e+06
4.3084e+06
4.3234e+06
4.3488e+06
4.3827e+06
4.4195e+06
4.4516e+06
4.4709e+06
4.4719e+06
4.453e+06
4.4176e+06
4.3732e+06
4.3295e+06
4.2959e+06
4.2788e+06
4.28e+06
4.2972e+06
4.3242e+06
4.3541e+06
4.3802e+06
4.3986e+06
4.4086e+06
4.4125e+06
4.4143e+06
4.4177e+06
4.4241e+06
4.4319e+06
4.4364e+06
4.4322e+06
4.4149e+06
4.3837e+06
4.3415e+06
4.2949e+06
4.2526e+06
4.2231e+06
4.2125e+06
4.2226e+06
4.2505e+06
4.2892e+06
4.3294e+06
4.3622e+06
4.3813e+06
4.3841e+06
4.3728e+06
4.3524e+06
4.3293e+06
4.309e+06
4.2943e+06
4.2853e+06
4.2797e+06
4.2748e+06
4.2685e+06
4.2608e+06
4.2532e+06
4.2491e+06
4.2519e+06
4.2643e+06
4.2864e+06
4.3152e+06
4.3446e+06
4.3672e+06
4.376e+06
4.3669e+06
4.3401e+06
4.3003e+06
4.2555e+06
4.2152e+06
4.1879e+06
4.1788e+06
4.1887e+06
4.2142e+06
4.2485e+06
4.2837e+06
4.3125e+06
4.3299e+06
4.3345e+06
4.3283e+06
4.3158e+06
4.3018e+06
4.2902e+06
4.2816e+06
4.2743e+06
4.2648e+06
4.2499e+06
4.2284e+06
4.2016e+06
4.1735e+06
4.1497e+06
4.1358e+06
4.1361e+06
4.1521e+06
4.1814e+06
4.2184e+06
4.2548e+06
4.2821e+06
4.2933e+06
4.285e+06
4.2578e+06
4.2166e+06
4.1688e+06
4.1226e+06
4.0852e+06
4.061e+06
4.0512e+06
4.054e+06
4.0652e+06
4.0803e+06
4.0947e+06
4.1058e+06
4.1124e+06
4.1153e+06
4.116e+06
4.1159e+06
4.115e+06
4.1119e+06
4.1048e+06
4.0916e+06
4.072e+06
4.0475e+06
4.0215e+06
3.9985e+06
3.9832e+06
3.9791e+06
3.9874e+06
4.0066e+06
4.0322e+06
4.0583e+06
4.078e+06
4.0857e+06
4.0786e+06
4.057e+06
4.0246e+06
3.9874e+06
3.9525e+06
3.9262e+06
3.9126e+06
3.913e+06
3.9256e+06
3.9466e+06
3.9709e+06
3.9934e+06
4.0105e+06
4.0202e+06
4.0227e+06
4.0199e+06
4.0141e+06
4.0071e+06
3.9995e+06
3.9909e+06
3.9803e+06
3.9669e+06
3.9513e+06
3.9351e+06
3.9212e+06
3.9126e+06
3.9123e+06
3.9218e+06
3.9406e+06
3.9659e+06
3.993e+06
4.0153e+06
4.0269e+06
4.0231e+06
4.0023e+06
3.9666e+06
3.9211e+06
3.8733e+06
3.8313e+06
3.8019e+06
3.7894e+06
3.7944e+06
3.8137e+06
3.841e+06
3.8688e+06
3.8893e+06
3.8969e+06
3.8889e+06
3.8658e+06
3.8315e+06
3.7917e+06
3.7527e+06
3.7198e+06
3.6965e+06
3.684e+06
3.6816e+06
3.6869e+06
3.697e+06
3.7088e+06
3.7196e+06
3.7279e+06
3.733e+06
3.7349e+06
3.7336e+06
3.7286e+06
3.719e+06
3.7038e+06
3.6823e+06
3.6553e+06
3.6248e+06
3.5944e+06
3.5682e+06
3.5505e+06
3.5442e+06
3.5508e+06
3.569e+06
3.5951e+06
3.6233e+06
3.6467e+06
3.6586e+06
3.6546e+06
3.6332e+06
3.5963e+06
3.5494e+06
3.4997e+06
3.4554e+06
3.4232e+06
3.4076e+06
3.4095e+06
3.4264e+06
3.4525e+06
3.4807e+06
3.5035e+06
3.5151e+06
3.5125e+06
3.4958e+06
3.4683e+06
3.4352e+06
3.403e+06
3.3771e+06
3.3617e+06
3.3584e+06
3.3661e+06
3.3819e+06
3.4017e+06
3.4209e+06
3.4356e+06
3.4435e+06
3.4437e+06
3.4374e+06
3.4267e+06
3.414e+06
3.4013e+06
3.39e+06
3.3804e+06
3.3721e+06
3.3646e+06
3.3573e+06
3.3499e+06
3.3426e+06
3.336e+06
3.3308e+06
3.3279e+06
3.3278e+06
3.3305e+06
3.3355e+06
3.3418e+06
3.3485e+06
3.3548e+06
3.3605e+06
3.3657e+06
3.3708e+06
3.3763e+06
3.3823e+06
3.3885e+06
3.394e+06
3.3973e+06
3.3964e+06
3.3897e+06
3.3758e+06
3.3551e+06
3.3292e+06
3.3014e+06
3.276e+06
3.2574e+06
3.249e+06
3.2528e+06
3.2684e+06
3.2932e+06
3.3226e+06
3.3507e+06
3.3715e+06
3.3805e+06
3.3749e+06
3.355e+06
3.324e+06
3.2871e+06
3.2509e+06
3.2215e+06
3.2036e+06
3.1997e+06
3.2089e+06
3.2278e+06
3.2513e+06
3.2731e+06
3.2881e+06
3.2926e+06
3.2856e+06
3.2691e+06
3.247e+06
3.2249e+06
3.2081e+06
3.2007e+06
3.2048e+06
3.2194e+06
3.2413e+06
3.2652e+06
3.2851e+06
3.2955e+06
3.2928e+06
3.2762e+06
3.2478e+06
3.2128e+06
3.1777e+06
3.1493e+06
3.1331e+06
3.1321e+06
3.1466e+06
3.1736e+06
3.2081e+06
3.2437e+06
3.2737e+06
3.2928e+06
3.2976e+06
3.288e+06
3.2665e+06
3.2382e+06
3.2092e+06
3.1853e+06
3.1709e+06
3.1684e+06
3.1773e+06
3.1952e+06
3.2179e+06
3.2405e+06
3.2583e+06
3.2679e+06
3.2676e+06
3.2583e+06
3.2425e+06
3.2244e+06
3.208e+06
3.1969e+06
3.193e+06
3.1965e+06
3.206e+06
3.2185e+06
3.2306e+06
3.2388e+06
3.2405e+06
3.2348e+06
3.2228e+06
3.2069e+06
3.1912e+06
3.1794e+06
3.1748e+06
3.179e+06
3.192e+06
3.2119e+06
3.2353e+06
3.2583e+06
3.2763e+06
3.286e+06
3.2853e+06
3.2743e+06
3.2552e+06
3.2317e+06
3.2084e+06
3.1895e+06
3.178e+06
3.1753e+06
3.1812e+06
3.1935e+06
3.209e+06
3.2236e+06
3.2334e+06
3.2356e+06
3.2292e+06
3.2152e+06
3.1966e+06
3.1776e+06
3.1624e+06
3.1548e+06
3.1569e+06
3.1689e+06
3.1892e+06
3.2144e+06
3.2401e+06
3.2615e+06
3.2746e+06
3.2767e+06
3.2676e+06
3.2493e+06
3.2255e+06
3.201e+06
3.1806e+06
3.1681e+06
3.1656e+06
3.1731e+06
3.1888e+06
3.209e+06
3.229e+06
3.2443e+06
3.2514e+06
3.2487e+06
3.237e+06
3.2192e+06
3.1996e+06
3.1828e+06
3.1728e+06
3.172e+06
3.1808e+06
3.1976e+06
3.219e+06
3.2401e+06
3.2564e+06
3.2639e+06
3.2607e+06
3.2474e+06
3.227e+06
3.2042e+06
3.1847e+06
3.1734e+06
3.1738e+06
3.1869e+06
3.2111e+06
3.2424e+06
3.2752e+06
3.3032e+06
3.3211e+06
3.3255e+06
3.3158e+06
3.2943e+06
3.2661e+06
3.2373e+06
3.2147e+06
3.2034e+06
3.2066e+06
3.2241e+06
3.2531e+06
3.2882e+06
3.3228e+06
3.3506e+06
3.3667e+06
3.3685e+06
3.3568e+06
3.3348e+06
3.3078e+06
3.2821e+06
3.2632e+06
3.255e+06
3.2586e+06
3.2725e+06
3.2928e+06
3.3142e+06
3.331e+06
3.3388e+06
3.3351e+06
3.32e+06
3.2964e+06
3.2687e+06
3.2426e+06
3.223e+06
3.2137e+06
3.2163e+06
3.2297e+06
3.2506e+06
3.2743e+06
3.2954e+06
3.3093e+06
3.313e+06
3.3058e+06
3.2892e+06
3.2666e+06
3.2423e+06
3.2206e+06
3.2052e+06
3.1981e+06
3.2001e+06
3.2102e+06
3.2262e+06
3.2452e+06
3.2636e+06
3.2787e+06
3.2884e+06
3.2919e+06
3.2892e+06
3.2812e+06
3.2687e+06
3.2529e+06
3.2349e+06
3.2158e+06
3.1973e+06
3.1812e+06
3.1689e+06
3.162e+06
3.161e+06
3.1658e+06
3.1753e+06
3.1875e+06
3.1995e+06
3.208e+06
3.21e+06
3.2032e+06
3.1873e+06
3.1636e+06
3.1357e+06
3.1081e+06
3.0861e+06
3.0738e+06
3.0741e+06
3.0872e+06
3.111e+06
3.1412e+06
3.1722e+06
3.1981e+06
3.214e+06
3.2175e+06
3.2087e+06
3.1903e+06
3.1673e+06
3.1455e+06
3.1305e+06
3.1261e+06
3.1339e+06
3.1526e+06
3.1788e+06
3.2073e+06
3.233e+06
3.2515e+06
3.26e+06
3.2584e+06
3.2486e+06
3.2341e+06
3.2188e+06
3.2065e+06
3.1996e+06
3.1991e+06
3.2045e+06
3.2143e+06
3.2263e+06
3.2383e+06
3.2486e+06
3.2563e+06
3.2615e+06
3.265e+06
3.2677e+06
3.2698e+06
3.2709e+06
3.27e+06
3.2659e+06
3.258e+06
3.2468e+06
3.2341e+06
3.2224e+06
3.2148e+06
3.2142e+06
3.2221e+06
3.2386e+06
3.2618e+06
3.288e+06
3.312e+06
3.3287e+06
3.3341e+06
3.3265e+06
3.3068e+06
3.2786e+06
3.2476e+06
3.2201e+06
3.2017e+06
3.1959e+06
3.2034e+06
3.2219e+06
3.2467e+06
3.2716e+06
3.2909e+06
3.3002e+06
3.2975e+06
3.2836e+06
3.2617e+06
3.2364e+06
3.2124e+06
3.1935e+06
3.182e+06
3.1779e+06
3.1799e+06
3.1858e+06
3.1931e+06
3.1999e+06
3.2052e+06
3.209e+06
3.2125e+06
3.2166e+06
3.2221e+06
3.2283e+06
3.2335e+06
3.2352e+06
3.2313e+06
3.2212e+06
3.2059e+06
3.1884e+06
3.1727e+06
3.1634e+06
3.164e+06
3.1762e+06
3.1989e+06
3.2289e+06
3.2606e+06
3.2878e+06
3.3051e+06
3.3092e+06
3.2997e+06
3.2794e+06
3.2537e+06
3.2289e+06
3.2112e+06
3.2049e+06
3.2116e+06
3.2301e+06
3.2567e+06
3.2866e+06
3.3147e+06
3.3371e+06
3.3516e+06
3.358e+06
3.3578e+06
3.3533e+06
3.3467e+06
3.3388e+06
3.3293e+06
3.3171e+06
3.3012e+06
3.2815e+06
3.2596e+06
3.2383e+06
3.2214e+06
3.2124e+06
3.2142e+06
3.2274e+06
3.2502e+06
3.2783e+06
3.3058e+06
3.3265e+06
3.335e+06
3.3288e+06
3.3083e+06
3.2771e+06
3.2406e+06
3.2054e+06
3.1768e+06
3.1586e+06
3.1517e+06
3.1549e+06
3.1653e+06
3.1792e+06
3.1934e+06
3.2056e+06
3.2152e+06
3.2227e+06
3.229e+06
3.2349e+06
3.2401e+06
3.2429e+06
3.2412e+06
3.2328e+06
3.2171e+06
3.1953e+06
3.1708e+06
3.1481e+06
3.1322e+06
3.1271e+06
3.1346e+06
3.154e+06
3.1815e+06
3.2119e+06
3.239e+06
3.2577e+06
3.2652e+06
3.2613e+06
3.2483e+06
3.2304e+06
3.212e+06
3.1967e+06
3.1862e+06
3.1802e+06
3.1772e+06
3.1754e+06
3.1732e+06
3.1701e+06
3.167e+06
3.1657e+06
3.1687e+06
3.1777e+06
3.1931e+06
3.2129e+06
3.2336e+06
3.25e+06
3.2577e+06
3.2539e+06
3.2384e+06
3.2137e+06
3.1846e+06
3.1569e+06
3.1359e+06
3.1254e+06
3.1268e+06
3.1392e+06
3.1596e+06
3.1845e+06
3.2102e+06
3.2339e+06
3.2541e+06
3.2699e+06
3.2812e+06
3.2874e+06
3.2877e+06
3.2813e+06
3.2675e+06
3.2468e+06
3.2212e+06
3.1943e+06
3.1707e+06
3.1552e+06
3.1514e+06
3.1605e+06
3.1814e+06
3.21e+06
3.2407e+06
3.2675e+06
3.2856e+06
3.2922e+06
3.2875e+06
3.2741e+06
3.2558e+06
3.2367e+06
3.2194e+06
3.2046e+06
3.1916e+06
3.1786e+06
3.1643e+06
3.1485e+06
3.1326e+06
3.1194e+06
3.112e+06
3.113e+06
3.1232e+06
3.1412e+06
3.1631e+06
3.1838e+06
3.1979e+06
3.2015e+06
3.1933e+06
3.1746e+06
3.1493e+06
3.1223e+06
3.0982e+06
3.0799e+06
3.0682e+06
3.0622e+06
3.0597e+06
3.0588e+06
3.0584e+06
3.0588e+06
3.0613e+06
3.0674e+06
3.0782e+06
3.0933e+06
3.1103e+06
3.1255e+06
3.1344e+06
3.1335e+06
3.1214e+06
3.0992e+06
3.0704e+06
3.0399e+06
3.0128e+06
2.9926e+06
2.9808e+06
2.9765e+06
2.9774e+06
2.9807e+06
2.9845e+06
2.9878e+06
2.9912e+06
2.9963e+06
3.0045e+06
3.0165e+06
3.0311e+06
3.0453e+06
3.0551e+06
3.057e+06
3.0489e+06
3.0312e+06
3.0066e+06
2.9797e+06
2.955e+06
2.9365e+06
2.9258e+06
2.9228e+06
2.9258e+06
2.9322e+06
2.9402e+06
2.9486e+06
2.9576e+06
2.9681e+06
2.9807e+06
2.9953e+06
3.0101e+06
3.0219e+06
3.0271e+06
3.023e+06
3.0087e+06
2.986e+06
2.9586e+06
2.9315e+06
2.9092e+06
2.8945e+06
2.8877e+06
2.8873e+06
2.8903e+06
2.8939e+06
2.8965e+06
2.8982e+06
2.9009e+06
2.9072e+06
2.9192e+06
2.9369e+06
2.9579e+06
2.9773e+06
2.9896e+06
2.9904e+06
2.978e+06
2.9542e+06
2.9238e+06
2.8931e+06
2.8679e+06
2.8515e+06
2.844e+06
2.843e+06
2.8445e+06
2.8454e+06
2.8439e+06
2.8411e+06
2.84e+06
2.8446e+06
2.8584e+06
2.882e+06
2.9126e+06
2.9445e+06
2.9704e+06
2.9839e+06
2.9819e+06
2.965e+06
2.9376e+06
2.9063e+06
2.8777e+06
2.8563e+06
2.8431e+06
2.8362e+06
2.8319e+06
2.827e+06
2.8198e+06
2.8111e+06
2.8036e+06
2.801e+06
2.806e+06
2.8195e+06
2.8392e+06
2.861e+06
2.8797e+06
2.891e+06
2.893e+06
2.8866e+06
2.8748e+06
2.8614e+06
2.8492e+06
2.8393e+06
2.8305e+06
2.8209e+06
2.8084e+06
2.793e+06
2.7765e+06
2.7626e+06
2.7553e+06
2.758e+06
2.7715e+06
2.7936e+06
2.8198e+06
2.8447e+06
2.8633e+06
2.8734e+06
2.8754e+06
2.8723e+06
2.8679e+06
2.8653e+06
2.8652e+06
2.8656e+06
2.8629e+06
2.8535e+06
2.8359e+06
2.8113e+06
2.7833e+06
2.7572e+06
2.7379e+06
2.7285e+06
2.7289e+06
2.7369e+06
2.7484e+06
2.76e+06
2.7693e+06
2.7765e+06
2.7833e+06
2.7924e+06
2.8053e+06
2.8217e+06
2.8385e+06
2.8513e+06
2.8558e+06
2.8497e+06
2.8335e+06
2.8108e+06
2.7867e+06
2.766e+06
2.7516e+06
2.7434e+06
2.7389e+06
2.7348e+06
2.7284e+06
2.7193e+06
2.7094e+06
2.7029e+06
2.7045e+06
2.7177e+06
2.743e+06
2.7776e+06
2.8157e+06
2.8506e+06
2.8764e+06
2.8899e+06
2.8909e+06
2.8818e+06
2.8666e+06
2.8492e+06
2.8324e+06
2.817e+06
2.8027e+06
2.789e+06
2.7757e+06
2.7634e+06
2.7534e+06
2.7471e+06
2.7453e+06
2.7477e+06
2.7533e+06
2.7606e+06
2.7687e+06
2.7773e+06
2.787e+06
2.799e+06
2.8141e+06
2.8319e+06
2.851e+06
2.8685e+06
2.8819e+06
2.8891e+06
2.8894e+06
2.8836e+06
2.8734e+06
2.8605e+06
2.846e+06
2.8301e+06
2.8127e+06
2.794e+06
2.7753e+06
2.7589e+06
2.748e+06
2.7452e+06
2.7519e+06
2.7673e+06
2.7885e+06
2.8112e+06
2.8318e+06
2.8479e+06
2.8595e+06
2.8688e+06
2.8793e+06
2.8934e+06
2.9118e+06
2.932e+06
2.9497e+06
2.9601e+06
2.9601e+06
2.9492e+06
2.93e+06
2.9068e+06
2.8841e+06
2.8649e+06
2.8498e+06
2.8375e+06
2.8257e+06
2.813e+06
2.7998e+06
2.7887e+06
2.7832e+06
2.7865e+06
2.8e+06
2.8221e+06
2.8491e+06
2.8761e+06
2.8988e+06
2.9149e+06
2.9249e+06
2.9308e+06
2.9352e+06
2.9394e+06
2.9428e+06
2.9433e+06
2.9383e+06
2.9267e+06
2.9094e+06
2.8898e+06
2.8719e+06
2.8591e+06
2.8524e+06
2.8499e+06
2.8481e+06
2.8436e+06
2.8345e+06
2.822e+06
2.8099e+06
2.8032e+06
2.8063e+06
2.8208e+06
2.8445e+06
2.8723e+06
2.8981e+06
2.9172e+06
2.9278e+06
2.9316e+06
2.9322e+06
2.9334e+06
2.9371e+06
2.9418e+06
2.9439e+06
2.9392e+06
2.9253e+06
2.9028e+06
2.8756e+06
2.849e+06
2.8279e+06
2.8144e+06
2.8078e+06
2.8049e+06
2.8021e+06
2.7973e+06
2.7911e+06
2.786e+06
2.786e+06
2.7938e+06
2.8098e+06
2.8318e+06
2.8552e+06
2.8759e+06
2.8912e+06
2.9013e+06
2.9085e+06
2.9162e+06
2.9267e+06
2.9398e+06
2.9527e+06
2.9615e+06
2.963e+06
2.9562e+06
2.943e+06
2.9272e+06
2.9125e+06
2.9012e+06
2.893e+06
2.8855e+06
2.8763e+06
2.8639e+06
2.8495e+06
2.836e+06
2.8274e+06
2.8266e+06
2.8342e+06
2.8483e+06
2.8654e+06
2.8821e+06
2.8969e+06
2.9103e+06
2.9249e+06
2.9435e+06
2.9673e+06
2.9947e+06
3.0217e+06
3.0437e+06
3.0572e+06
3.0613e+06
3.0583e+06
3.0522e+06
3.0469e+06
3.0441e+06
3.0429e+06
3.0398e+06
3.0314e+06
3.0156e+06
2.9934e+06
2.9678e+06
2.9431e+06
2.923e+06
2.9092e+06
2.9009e+06
2.8962e+06
2.8932e+06
2.8913e+06
2.8912e+06
2.8947e+06
2.9033e+06
2.917e+06
2.9339e+06
2.9512e+06
2.9662e+06
2.978e+06
2.9873e+06
2.9968e+06
3.0087e+06
3.0238e+06
3.0404e+06
3.0549e+06
3.0631e+06
3.0627e+06
3.054e+06
3.0397e+06
3.0239e+06
3.0097e+06
2.9978e+06
2.9862e+06
2.9716e+06
2.9512e+06
2.9249e+06
2.8955e+06
2.8677e+06
2.8467e+06
2.8354e+06
2.8337e+06
2.8383e+06
2.8447e+06
2.8492e+06
2.8505e+06
2.8503e+06
2.8522e+06
2.86e+06
2.8758e+06
2.8987e+06
2.9255e+06
2.9515e+06
2.973e+06
2.9882e+06
2.9977e+06
3.0039e+06
3.0099e+06
3.0175e+06
3.0271e+06
3.037e+06
3.0447e+06
3.0478e+06
3.0445e+06
3.0346e+06
3.0194e+06
3.0012e+06
2.9835e+06
2.9692e+06
2.9605e+06
2.9575e+06
2.9583e+06
2.959e+06
2.9554e+06
2.9443e+06
2.9252e+06
2.901e+06
2.8775e+06
2.8614e+06
2.8582e+06
2.8694e+06
2.8919e+06
2.9196e+06
2.9456e+06
2.965e+06
2.9772e+06
2.9852e+06
2.9938e+06
3.007e+06
3.0254e+06
3.0457e+06
3.0625e+06
3.0712e+06
3.0702e+06
3.0621e+06
3.0524e+06
3.0463e+06
3.0456e+06
3.0481e+06
3.0482e+06
3.0403e+06
3.0218e+06
2.9947e+06
2.9651e+06
2.9399e+06
2.9236e+06
2.9163e+06
2.9134e+06
2.9087e+06
2.8974e+06
2.8789e+06
2.8565e+06
2.8363e+06
2.8237e+06
2.8211e+06
2.827e+06
2.8373e+06
2.8476e+06
2.8559e+06
2.8631e+06
2.8725e+06
2.8871e+06
2.9075e+06
2.9313e+06
2.9539e+06
2.971e+06
2.9807e+06
2.9845e+06
2.9867e+06
2.9918e+06
3.0023e+06
3.0173e+06
3.0334e+06
3.0462e+06
3.0528e+06
3.053e+06
3.0483e+06
3.0407e+06
3.0313e+06
3.0194e+06
3.0037e+06
2.9838e+06
2.961e+06
2.9385e+06
2.9198e+06
2.9067e+06
2.8983e+06
2.8909e+06
2.8804e+06
2.8644e+06
2.8435e+06
2.8217e+06
2.804e+06
2.794e+06
2.7922e+06
2.7958e+06
2.8007e+06
2.8037e+06
2.8043e+06
2.8053e+06
2.8109e+06
2.8241e+06
2.8448e+06
2.8696e+06
2.8933e+06
2.912e+06
2.9245e+06
2.9329e+06
2.941e+06
2.9522e+06
2.9671e+06
2.9835e+06
2.9978e+06
3.0071e+06
3.0108e+06
3.0107e+06
3.0094e+06
3.0083e+06
3.0069e+06
3.003e+06
2.9943e+06
2.9806e+06
2.9641e+06
2.948e+06
2.9348e+06
2.9241e+06
2.9125e+06
2.8959e+06
2.8717e+06
2.8408e+06
2.8078e+06
2.7786e+06
2.7576e+06
2.7452e+06
2.7376e+06
2.7291e+06
2.7157e+06
2.697e+06
2.6769e+06
2.6613e+06
2.655e+06
2.6592e+06
2.6708e+06
2.6844e+06
2.696e+06
2.7041e+06
2.7108e+06
2.7196e+06
2.7323e+06
2.7478e+06
2.7623e+06
2.7718e+06
2.7749e+06
2.7747e+06
2.7774e+06
2.7892e+06
2.8121e+06
2.8425e+06
2.8723e+06
2.8928e+06
2.8992e+06
2.8925e+06
2.8786e+06
2.8656e+06
2.859e+06
2.8597e+06
2.8639e+06
2.8662e+06
2.8629e+06
2.8532e+06
2.8391e+06
2.8233e+06
2.8068e+06
2.7888e+06
2.7678e+06
2.7432e+06
2.7171e+06
2.6936e+06
2.676e+06
2.6651e+06
2.6579e+06
2.6492e+06
2.6342e+06
2.6116e+06
2.5842e+06
2.558e+06
2.5386e+06
2.5289e+06
2.5276e+06
2.5303e+06
2.5321e+06
2.5306e+06
2.5263e+06
2.5218e+06
2.5198e+06
2.5215e+06
2.5261e+06
2.532e+06
2.5382e+06
2.5455e+06
2.5557e+06
2.57e+06
2.5877e+06
2.6063e+06
2.6223e+06
2.6335e+06
2.6405e+06
2.646e+06
2.6534e+06
2.6646e+06
2.6787e+06
2.6929e+06
2.7045e+06
2.7124e+06
2.7177e+06
2.7221e+06
2.7262e+06
2.7285e+06
2.7266e+06
2.7196e+06
2.7096e+06
2.701e+06
2.6983e+06
2.7018e+06
2.7064e+06
2.7035e+06
2.6862e+06
2.6546e+06
2.6171e+06
2.5877e+06
2.5781e+06
2.5895e+06
2.6105e+06
2.6221e+06
2.608e+06
2.5627e+06
2.495e+06
2.425e+06
2.3752e+06
2.3584e+06
2.37e+06
2.3922e+06
2.4048e+06
2.3957e+06
2.366e+06
2.3272e+06
2.2946e+06
2.278e+06
2.2768e+06
2.2821e+06
2.2831e+06
2.275e+06
2.2604e+06
2.2476e+06
2.2437e+06
2.2502e+06
2.2614e+06
2.2692e+06
2.2686e+06
2.2613e+06
2.255e+06
2.2578e+06
2.273e+06
2.2961e+06
2.3177e+06
2.33e+06
2.3312e+06
2.3273e+06
2.3278e+06
2.3395e+06
2.3612e+06
2.3849e+06
2.4006e+06
2.4034e+06
2.3963e+06
2.3892e+06
2.3919e+06
2.4079e+06
2.4317e+06
2.4527e+06
2.4623e+06
2.4591e+06
2.4497e+06
2.4444e+06
2.4497e+06
2.4644e+06
2.4801e+06
2.4876e+06
2.4827e+06
2.4688e+06
2.4545e+06
2.4476e+06
2.4496e+06
2.455e+06
2.4556e+06
2.4459e+06
2.4271e+06
2.4057e+06
2.389e+06
2.3802e+06
2.3759e+06
2.3694e+06
2.3556e+06
2.3343e+06
2.3108e+06
2.2911e+06
2.2781e+06
2.2689e+06
2.257e+06
2.2372e+06
2.2094e+06
2.1793e+06
2.1543e+06
2.1392e+06
2.1322e+06
2.1264e+06
2.1146e+06
2.0938e+06
2.067e+06
2.0411e+06
2.0223e+06
2.012e+06
2.0063e+06
1.999e+06
1.9861e+06
1.9685e+06
1.9508e+06
1.9377e+06
1.9311e+06
1.9284e+06
1.925e+06
1.9176e+06
1.9071e+06
1.8976e+06
1.8933e+06
1.8955e+06
1.9014e+06
1.9059e+06
1.9057e+06
1.901e+06
1.8961e+06
1.8956e+06
1.9014e+06
1.9109e+06
1.9192e+06
1.9227e+06
1.9221e+06
1.9223e+06
1.9288e+06
1.9439e+06
1.9642e+06
1.9831e+06
1.995e+06
1.9991e+06
2e+06
2.0048e+06
2.0179e+06
2.0379e+06
2.0584e+06
2.0729e+06
2.0787e+06
2.0792e+06
2.0813e+06
2.0907e+06
2.1077e+06
2.1274e+06
2.1432e+06
2.1513e+06
2.1535e+06
2.1549e+06
2.1607e+06
2.172e+06
2.1857e+06
2.1969e+06
2.2032e+06
2.2059e+06
2.2092e+06
2.2162e+06
2.2265e+06
2.2363e+06
2.2416e+06
2.2416e+06
2.2395e+06
2.2403e+06
2.247e+06
2.2576e+06
2.2664e+06
2.2679e+06
2.2603e+06
2.2474e+06
2.2359e+06
2.2308e+06
2.2323e+06
2.2364e+06
2.2379e+06
2.2347e+06
2.2282e+06
2.2224e+06
2.2191e+06
2.217e+06
2.2124e+06
2.2026e+06
2.1886e+06
2.1752e+06
2.1673e+06
2.1659e+06
2.1669e+06
2.1637e+06
2.1519e+06
2.1328e+06
2.1125e+06
2.0979e+06
2.0917e+06
2.0905e+06
2.0872e+06
2.0768e+06
2.0594e+06
2.0405e+06
2.0261e+06
2.0185e+06
2.0144e+06
2.0074e+06
1.9934e+06
1.9736e+06
1.9536e+06
1.9388e+06
1.9305e+06
1.9243e+06
1.9136e+06
1.8949e+06
1.8704e+06
1.8468e+06
1.8299e+06
1.8212e+06
1.8158e+06
1.8071e+06
1.7915e+06
1.7705e+06
1.7495e+06
1.7331e+06
1.7216e+06
1.7108e+06
1.6962e+06
1.6768e+06
1.6561e+06
1.6396e+06
1.6296e+06
1.6229e+06
1.6131e+06
1.5948e+06
1.5684e+06
1.54e+06
1.5174e+06
1.5042e+06
1.497e+06
1.4883e+06
1.4725e+06
1.4499e+06
1.4267e+06
1.4101e+06
1.4025e+06
1.3993e+06
1.3921e+06
1.3756e+06
1.3512e+06
1.326e+06
1.3077e+06
1.2985e+06
1.2934e+06
1.2841e+06
1.2658e+06
1.2407e+06
1.2168e+06
1.2018e+06
1.1974e+06
1.1977e+06
1.1942e+06
1.1817e+06
1.1616e+06
1.1404e+06
1.124e+06
1.1133e+06
1.1041e+06
1.0912e+06
1.0732e+06
1.0542e+06
1.0402e+06
1.0341e+06
1.0325e+06
1.0279e+06
1.0147e+06
9.9355e+05
9.7128e+05
9.5616e+05
9.5136e+05
9.5218e+05
9.4979e+05
9.3807e+05
9.1804e+05
8.972e+05
8.839e+05
8.8052e+05
8.8132e+05
8.7702e+05
8.62e+05
