1.7271e+06
1.722e+06
1.718e+06
1.7231e+06
1.742e+06
1.7738e+06
1.8121e+06
1.8493e+06
1.8804e+06
1.9043e+06
1.9222e+06
1.9355e+06
1.9446e+06
1.9498e+06
1.9531e+06
1.9589e+06
1.9721e+06
1.9945e+06
2.023e+06
2.0513e+06
2.0744e+06
2.0923e+06
2.1105e+06
2.1361e+06
2.1718e+06
2.2133e+06
2.251e+06
2.2768e+06
2.2891e+06
2.2942e+06
2.3019e+06
2.3193e+06
2.3459e+06
2.3748e+06
2.3987e+06
2.4157e+06
2.4309e+06
2.4523e+06
2.4847e+06
2.5256e+06
2.5675e+06
2.6031e+06
2.6312e+06
2.6561e+06
2.6843e+06
2.7182e+06
2.7539e+06
2.7841e+06
2.8046e+06
2.8178e+06
2.8325e+06
2.8582e+06
2.8976e+06
2.9448e+06
2.9894e+06
3.0235e+06
3.0471e+06
3.0679e+06
3.0946e+06
3.1309e+06
3.172e+06
3.2086e+06
3.234e+06
3.249e+06
3.2621e+06
3.2836e+06
3.3187e+06
3.3636e+06
3.409e+06
3.4459e+06
3.4716e+06
3.4899e+06
3.5072e+06
3.5274e+06
3.5494e+06
3.5683e+06
3.5805e+06
3.5867e+06
3.5925e+06
3.6044e+06
3.6265e+06
3.658e+06
3.6955e+06
3.7349e+06
3.774e+06
3.8111e+06
3.843e+06
3.8654e+06
3.8743e+06
3.8704e+06
3.8609e+06
3.8583e+06
3.8736e+06
3.9103e+06
3.9606e+06
4.0103e+06
4.0462e+06
4.0629e+06
4.0649e+06
4.0625e+06
4.0655e+06
4.0773e+06
4.0946e+06
4.1117e+06
4.1255e+06
4.1381e+06
4.1543e+06
4.1777e+06
4.2065e+06
4.2344e+06
4.2539e+06
4.2606e+06
4.2549e+06
4.2411e+06
4.2243e+06
4.2084e+06
4.1962e+06
4.1904e+06
4.1945e+06
4.2115e+06
4.2409e+06
4.277e+06
4.31e+06
4.3303e+06
4.3327e+06
4.3191e+06
4.2963e+06
4.2716e+06
4.2485e+06
4.2253e+06
4.1982e+06
4.166e+06
4.1332e+06
4.1088e+06
4.1016e+06
4.1139e+06
4.1401e+06
4.1682e+06
4.1863e+06
4.1863e+06
4.1663e+06
4.1286e+06
4.0776e+06
4.0182e+06
3.9557e+06
3.897e+06
3.8496e+06
3.8196e+06
3.8079e+06
3.8088e+06
3.8123e+06
3.8085e+06
3.7927e+06
3.7661e+06
3.7339e+06
3.7009e+06
3.6679e+06
3.6323e+06
3.5911e+06
3.5455e+06
3.502e+06
3.4695e+06
3.4529e+06
3.4491e+06
3.4474e+06
3.4361e+06
3.4099e+06
3.3735e+06
3.3403e+06
3.324e+06
3.3301e+06
3.3516e+06
3.3735e+06
3.3816e+06
3.3709e+06
3.3479e+06
3.3259e+06
3.3169e+06
3.3236e+06
3.3389e+06
3.3516e+06
3.3558e+06
3.3557e+06
3.3641e+06
3.3937e+06
3.4472e+06
3.5136e+06
3.5729e+06
3.6073e+06
3.6104e+06
3.5906e+06
3.5673e+06
3.5615e+06
3.5849e+06
3.6346e+06
3.698e+06
3.7613e+06
3.8172e+06
3.8663e+06
3.9122e+06
3.9561e+06
3.9938e+06
4.0185e+06
4.0264e+06
4.022e+06
4.0177e+06
4.0288e+06
4.0638e+06
4.1201e+06
4.1849e+06
4.2434e+06
4.2867e+06
4.3154e+06
4.3367e+06
4.358e+06
4.3806e+06
4.3989e+06
4.405e+06
4.3946e+06
4.3718e+06
4.3474e+06
4.3332e+06
4.3344e+06
4.3468e+06
4.36e+06
4.3643e+06
4.3568e+06
4.3424e+06
4.3295e+06
4.3236e+06
4.3226e+06
4.3176e+06
4.2991e+06
4.2634e+06
4.2156e+06
4.168e+06
4.1333e+06
4.1176e+06
4.1174e+06
4.1215e+06
4.1175e+06
4.0976e+06
4.062e+06
4.0169e+06
3.9717e+06
3.9345e+06
3.9101e+06
3.8995e+06
3.9005e+06
3.9094e+06
3.9212e+06
3.9302e+06
3.9315e+06
3.9226e+06
3.9056e+06
3.8871e+06
3.876e+06
3.8796e+06
3.8995e+06
3.9303e+06
3.9622e+06
3.9867e+06
4.0011e+06
4.01e+06
4.0229e+06
4.0487e+06
4.0898e+06
4.1407e+06
4.1913e+06
4.2328e+06
4.2628e+06
4.2869e+06
4.3144e+06
4.3526e+06
4.4011e+06
4.4521e+06
4.4943e+06
4.5205e+06
4.5314e+06
4.5357e+06
4.545e+06
4.5667e+06
4.5995e+06
4.6345e+06
4.6608e+06
4.6721e+06
4.6698e+06
4.6616e+06
4.6558e+06
4.6564e+06
4.6602e+06
4.6602e+06
4.6504e+06
4.6306e+06
4.6063e+06
4.5855e+06
4.5729e+06
4.566e+06
4.5569e+06
4.5369e+06
4.5018e+06
4.4551e+06
4.4063e+06
4.365e+06
4.3363e+06
4.3173e+06
4.3002e+06
4.2772e+06
4.2459e+06
4.2106e+06
4.1796e+06
4.1604e+06
4.1545e+06
4.1566e+06
4.158e+06
4.1522e+06
4.1387e+06
4.1238e+06
4.1177e+06
4.1283e+06
4.1569e+06
4.197e+06
4.238e+06
4.2706e+06
4.2914e+06
4.304e+06
4.3163e+06
4.3362e+06
4.3671e+06
4.4063e+06
4.4479e+06
4.4859e+06
4.5182e+06
4.5468e+06
4.5757e+06
4.6073e+06
4.64e+06
4.6689e+06
4.6883e+06
4.6956e+06
4.6927e+06
4.6858e+06
4.6822e+06
4.6864e+06
4.6979e+06
4.7118e+06
4.7216e+06
4.7223e+06
4.7122e+06
4.6924e+06
4.6657e+06
4.6345e+06
4.6e+06
4.5625e+06
4.5226e+06
4.4814e+06
4.441e+06
4.403e+06
4.3681e+06
4.3358e+06
4.3052e+06
4.2759e+06
4.2493e+06
4.2276e+06
4.2131e+06
4.2065e+06
4.206e+06
4.2086e+06
4.2116e+06
4.214e+06
4.2177e+06
4.2264e+06
4.2436e+06
4.2708e+06
4.306e+06
4.3448e+06
4.3822e+06
4.4154e+06
4.4443e+06
4.4714e+06
4.5001e+06
4.5321e+06
4.5669e+06
4.6016e+06
4.633e+06
4.6591e+06
4.6798e+06
4.6961e+06
4.7087e+06
4.7166e+06
4.7177e+06
4.7102e+06
4.694e+06
4.6721e+06
4.6494e+06
4.6303e+06
4.6165e+06
4.6053e+06
4.591e+06
4.5678e+06
4.5333e+06
4.4892e+06
4.4414e+06
4.3967e+06
4.3594e+06
4.3299e+06
4.3046e+06
4.2789e+06
4.2499e+06
4.2191e+06
4.191e+06
4.1715e+06
4.1646e+06
4.1698e+06
4.183e+06
4.1984e+06
4.2118e+06
4.2228e+06
4.235e+06
4.2536e+06
4.2823e+06
4.3206e+06
4.364e+06
4.4058e+06
4.4402e+06
4.4656e+06
4.4843e+06
4.5013e+06
4.5208e+06
4.5434e+06
4.5661e+06
4.583e+06
4.5893e+06
4.5827e+06
4.5648e+06
4.5394e+06
4.5101e+06
4.4788e+06
4.4456e+06
4.4095e+06
4.3709e+06
4.3322e+06
4.297e+06
4.2682e+06
4.2457e+06
4.2257e+06
4.2029e+06
4.1731e+06
4.1359e+06
4.0962e+06
4.0627e+06
4.0438e+06
4.0438e+06
4.0605e+06
4.086e+06
4.1103e+06
4.1259e+06
4.1314e+06
4.1311e+06
4.1333e+06
4.1457e+06
4.1709e+06
4.2054e+06
4.2411e+06
4.2695e+06
4.2864e+06
4.2931e+06
4.2954e+06
4.2993e+06
4.3077e+06
4.3176e+06
4.3219e+06
4.3137e+06
4.2896e+06
4.2527e+06
4.2107e+06
4.1725e+06
4.143e+06
4.1214e+06
4.1013e+06
4.0753e+06
4.0395e+06
3.9959e+06
3.9523e+06
3.9182e+06
3.9006e+06
3.8998e+06
3.9099e+06
3.9217e+06
3.9278e+06
3.926e+06
3.9211e+06
3.9219e+06
3.9372e+06
3.9706e+06
4.0183e+06
4.0698e+06
4.1131e+06
4.1394e+06
4.147e+06
4.1412e+06
4.1326e+06
4.131e+06
4.1417e+06
4.1628e+06
4.187e+06
4.2058e+06
4.2138e+06
4.2103e+06
4.199e+06
4.1849e+06
4.1708e+06
4.1563e+06
4.1379e+06
4.1122e+06
4.0785e+06
4.0401e+06
4.0037e+06
3.976e+06
3.9615e+06
3.9594e+06
3.9649e+06
3.9709e+06
3.9717e+06
3.9653e+06
3.9539e+06
3.943e+06
3.9387e+06
3.9453e+06
3.9633e+06
3.9895e+06
4.0191e+06
4.0474e+06
4.0722e+06
4.0934e+06
4.1122e+06
4.1296e+06
4.1454e+06
4.1581e+06
4.1662e+06
4.1691e+06
4.1682e+06
4.1656e+06
4.1631e+06
4.1603e+06
4.1544e+06
4.1413e+06
4.1175e+06
4.0825e+06
4.0399e+06
3.9964e+06
3.9598e+06
3.936e+06
3.9268e+06
3.9293e+06
3.9375e+06
3.9455e+06
3.9496e+06
3.9507e+06
3.9532e+06
3.9636e+06
3.9874e+06
4.0265e+06
4.0781e+06
4.1355e+06
4.1907e+06
4.2373e+06
4.2722e+06
4.2956e+06
4.3102e+06
4.319e+06
4.3237e+06
4.324e+06
4.3182e+06
4.3046e+06
4.2827e+06
4.2538e+06
4.2205e+06
4.1858e+06
4.1516e+06
4.1187e+06
4.0867e+06
4.0551e+06
4.024e+06
3.9949e+06
3.9702e+06
3.9528e+06
3.9449e+06
3.9477e+06
3.961e+06
3.9834e+06
4.0129e+06
4.0473e+06
4.0844e+06
4.1221e+06
4.1578e+06
4.189e+06
4.2138e+06
4.231e+06
4.2413e+06
4.2461e+06
4.2479e+06
4.2478e+06
4.2455e+06
4.2388e+06
4.2243e+06
4.1992e+06
4.1631e+06
4.1183e+06
4.0703e+06
4.0255e+06
3.9896e+06
3.9656e+06
3.953e+06
3.9489e+06
3.9495e+06
3.9523e+06
3.9573e+06
3.9673e+06
3.986e+06
4.016e+06
4.0571e+06
4.1048e+06
4.1521e+06
4.1915e+06
4.2178e+06
4.2304e+06
4.2325e+06
4.2303e+06
4.2296e+06
4.233e+06
4.2385e+06
4.2411e+06
4.2351e+06
4.2175e+06
4.1899e+06
4.1584e+06
4.1312e+06
4.1156e+06
4.1147e+06
4.1262e+06
4.1433e+06
4.158e+06
4.1641e+06
4.1598e+06
4.1485e+06
4.1376e+06
4.1361e+06
4.1506e+06
4.1827e+06
4.228e+06
4.2774e+06
4.321e+06
4.3512e+06
4.3652e+06
4.3651e+06
4.3563e+06
4.3448e+06
4.3341e+06
4.3241e+06
4.3119e+06
4.2933e+06
4.2659e+06
4.2302e+06
4.19e+06
4.151e+06
4.1186e+06
4.0965e+06
4.0852e+06
4.0825e+06
4.0849e+06
4.0896e+06
4.0954e+06
4.1035e+06
4.1162e+06
4.1361e+06
4.164e+06
4.1978e+06
4.2332e+06
4.2645e+06
4.2862e+06
4.295e+06
4.29e+06
4.273e+06
4.2469e+06
4.2148e+06
4.1791e+06
4.1412e+06
4.1021e+06
4.0629e+06
4.0256e+06
3.9926e+06
3.9667e+06
3.9499e+06
3.9426e+06
3.9439e+06
3.9512e+06
3.9618e+06
3.9736e+06
3.9855e+06
3.998e+06
4.0125e+06
4.0301e+06
4.0508e+06
4.0731e+06
4.0934e+06
4.1078e+06
4.1125e+06
4.1051e+06
4.0853e+06
4.0544e+06
4.0152e+06
3.9707e+06
3.9239e+06
3.8776e+06
3.8341e+06
3.7956e+06
3.7645e+06
3.7426e+06
3.7316e+06
3.7319e+06
3.7424e+06
3.7609e+06
3.7844e+06
3.8095e+06
3.8338e+06
3.8557e+06
3.8746e+06
3.8905e+06
3.9037e+06
3.9135e+06
3.919e+06
3.919e+06
3.9125e+06
3.9001e+06
3.8831e+06
3.8641e+06
3.8458e+06
3.83e+06
3.8173e+06
3.8072e+06
3.7987e+06
3.7909e+06
3.7844e+06
3.7811e+06
3.784e+06
3.7963e+06
3.8199e+06
3.8542e+06
3.8957e+06
3.9383e+06
3.9752e+06
4.0003e+06
4.0101e+06
4.0049e+06
3.9879e+06
3.9644e+06
3.9401e+06
3.9187e+06
3.9012e+06
3.8865e+06
3.8718e+06
3.8551e+06
3.8358e+06
3.8155e+06
3.7971e+06
3.7842e+06
3.7797e+06
3.7845e+06
3.7971e+06
3.8143e+06
3.8318e+06
3.8456e+06
3.8531e+06
3.8533e+06
3.8468e+06
3.835e+06
3.8193e+06
3.8005e+06
3.7786e+06
3.7531e+06
3.7244e+06
3.6936e+06
3.663e+06
3.6355e+06
3.6139e+06
3.5996e+06
3.5925e+06
3.5911e+06
3.5928e+06
3.5951e+06
3.5962e+06
3.5958e+06
3.5948e+06
3.5949e+06
3.5976e+06
3.6034e+06
3.6111e+06
3.6182e+06
3.6215e+06
3.6185e+06
3.608e+06
3.5908e+06
3.5689e+06
3.5449e+06
3.5208e+06
3.4977e+06
3.4753e+06
3.4528e+06
3.4298e+06
3.4068e+06
3.3859e+06
3.37e+06
3.3628e+06
3.3667e+06
3.3822e+06
3.4072e+06
3.4367e+06
3.4649e+06
3.486e+06
3.4962e+06
3.4946e+06
3.4828e+06
3.4643e+06
3.4427e+06
3.4209e+06
3.3998e+06
3.3788e+06
3.3566e+06
3.3327e+06
3.3076e+06
3.2837e+06
3.2645e+06
3.2538e+06
3.2537e+06
3.2644e+06
3.2829e+06
3.304e+06
3.3218e+06
3.3311e+06
3.3294e+06
3.3171e+06
3.2978e+06
3.2762e+06
3.257e+06
3.243e+06
3.2341e+06
3.2277e+06
3.2203e+06
3.209e+06
3.1927e+06
3.1725e+06
3.1518e+06
3.1347e+06
3.1248e+06
3.124e+06
3.1314e+06
3.1438e+06
3.1563e+06
3.164e+06
3.1637e+06
3.1546e+06
3.1386e+06
3.1192e+06
3.1001e+06
3.0837e+06
3.0705e+06
3.0589e+06
3.046e+06
3.0296e+06
3.0088e+06
2.9847e+06
2.9602e+06
2.9391e+06
2.9253e+06
2.921e+06
2.9259e+06
2.9375e+06
2.9513e+06
2.9623e+06
2.9665e+06
2.9619e+06
2.9488e+06
2.9293e+06
2.9061e+06
2.8819e+06
2.8577e+06
2.8336e+06
2.8089e+06
2.7828e+06
2.7556e+06
2.7289e+06
2.7056e+06
2.6889e+06
2.6815e+06
2.6844e+06
2.696e+06
2.7124e+06
2.7281e+06
2.7376e+06
2.7367e+06
2.7237e+06
2.6998e+06
2.6686e+06
2.635e+06
2.6037e+06
2.5778e+06
2.5582e+06
2.5443e+06
2.534e+06
2.5257e+06
2.5184e+06
2.5124e+06
2.5088e+06
2.5092e+06
2.5143e+06
2.5234e+06
2.5345e+06
2.5439e+06
2.548e+06
2.5439e+06
2.5307e+06
2.5098e+06
2.4849e+06
2.4602e+06
2.4399e+06
2.4264e+06
2.42e+06
2.4191e+06
2.4209e+06
2.4228e+06
2.423e+06
2.4211e+06
2.4184e+06
2.4169e+06
2.4184e+06
2.4235e+06
2.4307e+06
2.4367e+06
2.4369e+06
2.4277e+06
2.4071e+06
2.3765e+06
2.3403e+06
2.3052e+06
2.2784e+06
2.2655e+06
2.2689e+06
2.2868e+06
2.3143e+06
2.3442e+06
2.3693e+06
2.3841e+06
2.3856e+06
2.3738e+06
2.3519e+06
2.3249e+06
2.2982e+06
2.276e+06
2.2597e+06
2.2481e+06
2.2384e+06
2.2272e+06
2.2126e+06
2.1944e+06
2.1747e+06
2.1566e+06
2.1433e+06
2.1372e+06
2.1386e+06
2.1458e+06
2.1555e+06
2.1637e+06
2.1671e+06
2.1643e+06
2.1557e+06
2.1438e+06
2.132e+06
2.1235e+06
2.1202e+06
2.1217e+06
2.1261e+06
2.1304e+06
2.1318e+06
2.1285e+06
2.1203e+06
2.1083e+06
2.095e+06
2.0832e+06
2.0755e+06
2.0731e+06
2.0757e+06
2.0811e+06
2.0865e+06
2.0889e+06
2.0866e+06
2.0792e+06
2.0683e+06
2.0563e+06
2.0458e+06
2.0387e+06
2.0358e+06
2.0364e+06
2.0386e+06
2.0403e+06
2.0396e+06
2.0355e+06
2.0284e+06
2.0197e+06
2.0116e+06
2.0059e+06
2.0032e+06
2.0026e+06
2.0019e+06
1.9982e+06
1.9891e+06
1.9737e+06
1.9526e+06
1.9286e+06
1.9052e+06
1.8866e+06
1.8764e+06
1.8762e+06
1.8856e+06
1.902e+06
1.9212e+06
1.9385e+06
1.9501e+06
1.9542e+06
1.9508e+06
1.9421e+06
1.9315e+06
1.9222e+06
1.9169e+06
1.9164e+06
1.9203e+06
1.9265e+06
1.9329e+06
1.9373e+06
1.9388e+06
1.9377e+06
1.9355e+06
1.9346e+06
1.9368e+06
1.9431e+06
1.9527e+06
1.9634e+06
1.972e+06
1.9757e+06
1.973e+06
1.9639e+06
1.9504e+06
1.9356e+06
1.9234e+06
1.917e+06
1.9184e+06
1.9275e+06
1.9419e+06
1.9582e+06
1.9721e+06
1.98e+06
1.9802e+06
1.9728e+06
1.96e+06
1.9453e+06
1.9326e+06
1.9248e+06
1.9234e+06
1.9277e+06
1.9357e+06
1.9442e+06
1.9504e+06
1.952e+06
1.9485e+06
1.9406e+06
1.9308e+06
1.922e+06
1.9165e+06
1.9157e+06
1.919e+06
1.9244e+06
1.9294e+06
1.9314e+06
1.9291e+06
1.9228e+06
1.9141e+06
1.9057e+06
1.9006e+06
1.9013e+06
1.9089e+06
1.9227e+06
1.9398e+06
1.9565e+06
1.9687e+06
1.9734e+06
1.9695e+06
1.9582e+06
1.9426e+06
1.9273e+06
1.917e+06
1.9154e+06
1.9242e+06
1.9428e+06
1.9679e+06
1.9951e+06
2.0195e+06
2.0369e+06
2.045e+06
2.0436e+06
2.0347e+06
2.0222e+06
2.0102e+06
2.0028e+06
2.002e+06
2.0085e+06
2.0206e+06
2.0358e+06
2.0512e+06
2.0641e+06
2.0733e+06
2.0783e+06
2.0801e+06
2.0806e+06
2.0815e+06
2.0841e+06
2.0886e+06
2.094e+06
2.0984e+06
2.0999e+06
2.0974e+06
2.0904e+06
2.0803e+06
2.0692e+06
2.0597e+06
2.0546e+06
2.0556e+06
2.063e+06
2.0756e+06
2.0904e+06
2.104e+06
2.1131e+06
2.1152e+06
2.1099e+06
2.0984e+06
2.0835e+06
2.0688e+06
2.058e+06
2.0537e+06
2.0569e+06
2.0668e+06
2.0807e+06
2.0953e+06
2.107e+06
2.113e+06
2.1121e+06
2.1049e+06
2.0935e+06
2.0812e+06
2.0715e+06
2.0671e+06
2.0694e+06
2.0781e+06
2.0914e+06
2.1067e+06
2.121e+06
2.1318e+06
2.1374e+06
2.1375e+06
2.1332e+06
2.1264e+06
2.1198e+06
2.1154e+06
2.1147e+06
2.1177e+06
2.1234e+06
2.1303e+06
2.1367e+06
2.1413e+06
2.1434e+06
2.1432e+06
2.1414e+06
2.1393e+06
2.1383e+06
2.139e+06
2.1418e+06
2.1458e+06
2.1496e+06
2.1515e+06
2.1503e+06
2.1454e+06
2.1374e+06
2.1278e+06
2.1186e+06
2.1119e+06
2.1095e+06
2.1121e+06
2.1195e+06
2.1299e+06
2.1407e+06
2.149e+06
2.1524e+06
2.1493e+06
2.1401e+06
2.1262e+06
2.1107e+06
2.0969e+06
2.0882e+06
2.0869e+06
2.0937e+06
2.1077e+06
2.1264e+06
2.1459e+06
2.1624e+06
2.1727e+06
2.1749e+06
2.1692e+06
2.1574e+06
2.143e+06
2.1303e+06
2.1233e+06
2.125e+06
2.1365e+06
2.1569e+06
2.1835e+06
2.2123e+06
2.2389e+06
2.2594e+06
2.2714e+06
2.2742e+06
2.2693e+06
2.2598e+06
2.2497e+06
2.2431e+06
2.2431e+06
2.2514e+06
2.2675e+06
2.2895e+06
2.314e+06
2.3372e+06
2.3556e+06
2.3667e+06
2.3696e+06
2.3653e+06
2.3563e+06
2.346e+06
2.3381e+06
2.3355e+06
2.3401e+06
2.352e+06
2.3698e+06
2.3913e+06
2.4134e+06
2.4331e+06
2.4481e+06
2.4571e+06
2.4603e+06
2.459e+06
2.4553e+06
2.4517e+06
2.4503e+06
2.4526e+06
2.4591e+06
2.469e+06
2.4813e+06
2.494e+06
2.5055e+06
2.5143e+06
2.5196e+06
2.5215e+06
2.5208e+06
2.5191e+06
2.5177e+06
2.5181e+06
2.5209e+06
2.5261e+06
2.5329e+06
2.5403e+06
2.5468e+06
2.5513e+06
2.5529e+06
2.5513e+06
2.5472e+06
2.5417e+06
2.5368e+06
2.5341e+06
2.5351e+06
2.5406e+06
2.5506e+06
2.5643e+06
2.5803e+06
2.5968e+06
2.6122e+06
2.6246e+06
2.6331e+06
2.6374e+06
2.6381e+06
2.6366e+06
2.6349e+06
2.6347e+06
2.6374e+06
2.6439e+06
2.6541e+06
2.6673e+06
2.6822e+06
2.6972e+06
2.7107e+06
2.7212e+06
2.728e+06
2.7313e+06
2.732e+06
2.7317e+06
2.732e+06
2.7346e+06
2.7405e+06
2.7499e+06
2.7625e+06
2.7769e+06
2.7914e+06
2.804e+06
2.8128e+06
2.8164e+06
2.8144e+06
2.8076e+06
2.7974e+06
2.786e+06
2.7755e+06
2.7681e+06
2.765e+06
2.7667e+06
2.7729e+06
2.7822e+06
2.7927e+06
2.802e+06
2.8083e+06
2.8102e+06
2.8076e+06
2.8016e+06
2.7939e+06
2.7868e+06
2.7827e+06
2.7831e+06
2.7888e+06
2.7995e+06
2.8138e+06
2.8294e+06
2.8438e+06
2.8545e+06
2.8598e+06
2.8592e+06
2.8535e+06
2.8451e+06
2.8367e+06
2.8315e+06
2.8322e+06
2.8401e+06
2.8554e+06
2.8763e+06
2.9002e+06
2.9233e+06
2.9419e+06
2.953e+06
2.9551e+06
2.9483e+06
2.9348e+06
2.918e+06
2.9019e+06
2.8906e+06
2.8869e+06
2.8921e+06
2.9058e+06
2.9254e+06
2.9475e+06
2.968e+06
2.9832e+06
2.9907e+06
2.9899e+06
2.9817e+06
2.969e+06
2.9554e+06
2.9447e+06
2.9399e+06
2.9428e+06
2.953e+06
2.9689e+06
2.9872e+06
3.0042e+06
3.0165e+06
3.0218e+06
3.0195e+06
3.0105e+06
2.9976e+06
2.9841e+06
2.9737e+06
2.9694e+06
2.9725e+06
2.983e+06
2.9988e+06
3.0169e+06
3.0336e+06
3.0456e+06
3.0507e+06
3.0481e+06
3.0388e+06
3.0252e+06
3.0106e+06
2.9982e+06
2.9908e+06
2.9899e+06
2.9959e+06
3.0078e+06
3.0237e+06
3.041e+06
3.0573e+06
3.0704e+06
3.0792e+06
3.0836e+06
3.0845e+06
3.0832e+06
3.0811e+06
3.0794e+06
3.0786e+06
3.0787e+06
3.0795e+06
3.0809e+06
3.0828e+06
3.0851e+06
3.0882e+06
3.0923e+06
3.0978e+06
3.1045e+06
3.1119e+06
3.1188e+06
3.1236e+06
3.1244e+06
3.12e+06
3.1099e+06
3.0951e+06
3.0778e+06
3.061e+06
3.0482e+06
3.0422e+06
3.0447e+06
3.0561e+06
3.0748e+06
3.0977e+06
3.1208e+06
3.1399e+06
3.1518e+06
3.1546e+06
3.1488e+06
3.1365e+06
3.1215e+06
3.108e+06
3.0999e+06
3.0998e+06
3.1083e+06
3.1241e+06
3.1442e+06
3.1646e+06
3.1815e+06
3.1918e+06
3.1941e+06
3.1887e+06
3.1778e+06
3.1643e+06
3.1513e+06
3.1415e+06
3.1362e+06
3.1353e+06
3.1378e+06
3.1419e+06
3.1455e+06
3.1471e+06
3.1458e+06
3.1419e+06
3.1365e+06
3.1313e+06
3.1276e+06
3.1262e+06
3.1268e+06
3.1282e+06
3.1289e+06
3.1276e+06
3.1241e+06
3.1189e+06
3.114e+06
3.1118e+06
3.1147e+06
3.1245e+06
3.1416e+06
3.1647e+06
3.1908e+06
3.2156e+06
3.2347e+06
3.2446e+06
3.2434e+06
3.2319e+06
3.2128e+06
3.1905e+06
3.1701e+06
3.156e+06
3.1511e+06
3.1559e+06
3.1685e+06
3.1851e+06
3.2013e+06
3.2129e+06
3.2169e+06
3.2126e+06
3.2014e+06
3.1863e+06
3.1712e+06
3.1596e+06
3.154e+06
3.1551e+06
3.1618e+06
3.172e+06
3.1832e+06
3.1933e+06
3.201e+06
3.2063e+06
3.2103e+06
3.2147e+06
3.2211e+06
3.23e+06
3.2407e+06
3.2512e+06
3.2588e+06
3.2613e+06
3.2574e+06
3.2479e+06
3.2349e+06
3.2222e+06
3.2139e+06
3.2134e+06
3.2222e+06
3.2398e+06
3.2632e+06
3.2874e+06
3.3072e+06
3.3181e+06
3.3175e+06
3.3056e+06
3.2853e+06
3.2613e+06
3.2392e+06
3.2239e+06
3.2185e+06
3.2234e+06
3.2365e+06
3.2544e+06
3.2728e+06
3.2879e+06
3.2975e+06
3.3012e+06
3.3003e+06
3.2973e+06
3.2946e+06
3.294e+06
3.2955e+06
3.2977e+06
3.2985e+06
3.2958e+06
3.2889e+06
3.2784e+06
3.2668e+06
3.2577e+06
3.2548e+06
3.2608e+06
3.2766e+06
3.3005e+06
3.3286e+06
3.3552e+06
3.3747e+06
3.3829e+06
3.378e+06
3.361e+06
3.3359e+06
3.3079e+06
3.2827e+06
3.2646e+06
3.2556e+06
3.2554e+06
3.2614e+06
3.2702e+06
3.2784e+06
3.2837e+06
3.2853e+06
3.2844e+06
3.2828e+06
3.2829e+06
3.2859e+06
3.2914e+06
3.2974e+06
3.3009e+06
3.2988e+06
3.2896e+06
3.2738e+06
3.2539e+06
3.2343e+06
3.2196e+06
3.2137e+06
3.2185e+06
3.2331e+06
3.254e+06
3.2762e+06
3.2943e+06
3.3042e+06
3.3041e+06
3.295e+06
3.2804e+06
3.2648e+06
3.2527e+06
3.2469e+06
3.2479e+06
3.2537e+06
3.261e+06
3.2665e+06
3.2676e+06
3.2639e+06
3.2569e+06
3.2494e+06
3.2451e+06
3.2468e+06
3.2556e+06
3.2699e+06
3.2864e+06
3.3003e+06
3.3074e+06
3.3054e+06
3.2943e+06
3.2767e+06
3.2569e+06
3.2399e+06
3.2297e+06
3.2281e+06
3.2347e+06
3.2471e+06
3.2616e+06
3.2747e+06
3.2842e+06
3.2896e+06
3.2918e+06
3.2932e+06
3.2957e+06
3.3004e+06
3.3066e+06
3.3123e+06
3.3147e+06
3.3117e+06
3.3027e+06
3.289e+06
3.2737e+06
3.261e+06
3.2546e+06
3.257e+06
3.2679e+06
3.2847e+06
3.3031e+06
3.318e+06
3.3255e+06
3.3235e+06
3.3129e+06
3.2964e+06
3.2783e+06
3.2625e+06
3.2515e+06
3.2453e+06
3.2423e+06
3.2395e+06
3.2347e+06
3.2266e+06
3.2164e+06
3.2065e+06
3.2006e+06
3.2019e+06
3.2121e+06
3.2303e+06
3.2532e+06
3.2755e+06
3.2922e+06
3.2994e+06
3.2956e+06
3.2824e+06
3.2637e+06
3.2445e+06
3.2292e+06
3.2203e+06
3.2179e+06
3.2199e+06
3.2234e+06
3.2255e+06
3.2251e+06
3.2227e+06
3.2205e+06
3.2216e+06
3.2282e+06
3.241e+06
3.2581e+06
3.2757e+06
3.2889e+06
3.2938e+06
3.2882e+06
3.2731e+06
3.2517e+06
3.2292e+06
3.2105e+06
3.1992e+06
3.1961e+06
3.1996e+06
3.2065e+06
3.2133e+06
3.2173e+06
3.2179e+06
3.2163e+06
3.2151e+06
3.2171e+06
3.2239e+06
3.2349e+06
3.2476e+06
3.2577e+06
3.2611e+06
3.2551e+06
3.2397e+06
3.2172e+06
3.1917e+06
3.168e+06
3.1497e+06
3.1385e+06
3.1336e+06
3.1327e+06
3.1329e+06
3.1319e+06
3.1291e+06
3.1255e+06
3.1232e+06
3.1243e+06
3.1298e+06
3.1388e+06
3.1485e+06
3.1553e+06
3.1557e+06
3.1484e+06
3.1343e+06
3.1165e+06
3.0995e+06
3.0875e+06
3.0828e+06
3.0854e+06
3.0928e+06
3.1014e+06
3.1075e+06
3.1094e+06
3.1074e+06
3.104e+06
3.1027e+06
3.1068e+06
3.1174e+06
3.133e+06
3.1493e+06
3.1613e+06
3.1643e+06
3.1564e+06
3.1388e+06
3.1153e+06
3.0916e+06
3.0725e+06
3.0607e+06
3.0559e+06
3.0552e+06
3.0543e+06
3.05e+06
3.041e+06
3.0289e+06
3.0175e+06
3.0116e+06
3.0152e+06
3.0291e+06
3.0508e+06
3.0747e+06
3.0941e+06
3.1029e+06
3.0985e+06
3.0819e+06
3.0573e+06
3.0312e+06
3.0094e+06
2.9951e+06
2.9881e+06
2.9855e+06
2.9827e+06
2.9763e+06
2.9651e+06
2.9505e+06
2.9364e+06
2.9274e+06
2.9269e+06
2.9356e+06
2.9512e+06
2.9691e+06
2.984e+06
2.9919e+06
2.9913e+06
2.9838e+06
2.9728e+06
2.9624e+06
2.9553e+06
2.9517e+06
2.9495e+06
2.9454e+06
2.9364e+06
2.9215e+06
2.9023e+06
2.8823e+06
2.8662e+06
2.8577e+06
2.8579e+06
2.8654e+06
2.8762e+06
2.8858e+06
2.8902e+06
2.8883e+06
2.881e+06
2.8717e+06
2.864e+06
2.8603e+06
2.8605e+06
2.862e+06
2.8607e+06
2.8533e+06
2.8383e+06
2.8173e+06
2.7944e+06
2.7746e+06
2.7621e+06
2.7589e+06
2.7636e+06
2.7725e+06
2.7811e+06
2.7856e+06
2.7847e+06
2.7793e+06
2.7729e+06
2.769e+06
2.7704e+06
2.7773e+06
2.7871e+06
2.796e+06
2.7998e+06
2.7964e+06
2.7859e+06
2.7711e+06
2.7557e+06
2.743e+06
2.7343e+06
2.7287e+06
2.7236e+06
2.7163e+06
2.7055e+06
2.6919e+06
2.6787e+06
2.6697e+06
2.6685e+06
2.6763e+06
2.6915e+06
2.71e+06
2.7268e+06
2.7378e+06
2.7416e+06
2.7393e+06
2.7348e+06
2.732e+06
2.734e+06
2.7406e+06
2.749e+06
2.7547e+06
2.7536e+06
2.7438e+06
2.7264e+06
2.7054e+06
2.6858e+06
2.6721e+06
2.6666e+06
2.6684e+06
2.6743e+06
2.6805e+06
2.6839e+06
2.6839e+06
2.6818e+06
2.6808e+06
2.6837e+06
2.6919e+06
2.7042e+06
2.7173e+06
2.7271e+06
2.7303e+06
2.7259e+06
2.7154e+06
2.7019e+06
2.6888e+06
2.6784e+06
2.6707e+06
2.6639e+06
2.6558e+06
2.6446e+06
2.6306e+06
2.6161e+06
2.6041e+06
2.5975e+06
2.5976e+06
2.6032e+06
2.6115e+06
2.6189e+06
2.6232e+06
2.6242e+06
2.6237e+06
2.6252e+06
2.6316e+06
2.6437e+06
2.6594e+06
2.6742e+06
2.6831e+06
2.6826e+06
2.6719e+06
2.6536e+06
2.6323e+06
2.6129e+06
2.5984e+06
2.589e+06
2.5822e+06
2.5746e+06
2.5637e+06
2.5494e+06
2.5341e+06
2.5219e+06
2.517e+06
2.5213e+06
2.5338e+06
2.5509e+06
2.5676e+06
2.5798e+06
2.5857e+06
2.5866e+06
2.5854e+06
2.5856e+06
2.5892e+06
2.5953e+06
2.6008e+06
2.6017e+06
2.5955e+06
2.582e+06
2.5641e+06
2.546e+06
2.5317e+06
2.5228e+06
2.5177e+06
2.5128e+06
2.504e+06
2.4891e+06
2.4692e+06
2.4479e+06
2.4308e+06
2.4227e+06
2.4257e+06
2.4381e+06
2.4554e+06
2.4718e+06
2.4832e+06
2.488e+06
2.4882e+06
2.4874e+06
2.4895e+06
2.4961e+06
2.5058e+06
2.5149e+06
2.5191e+06
2.5157e+06
2.5048e+06
2.4894e+06
2.4735e+06
2.4607e+06
2.452e+06
2.4458e+06
2.4389e+06
2.4284e+06
2.4134e+06
2.3957e+06
2.3793e+06
2.3684e+06
2.366e+06
2.3718e+06
2.3828e+06
2.3944e+06
2.4027e+06
2.4061e+06
2.4059e+06
2.4055e+06
2.4089e+06
2.418e+06
2.4321e+06
2.4473e+06
2.4592e+06
2.464e+06
2.4613e+06
2.453e+06
2.4432e+06
2.4355e+06
2.4309e+06
2.4281e+06
2.4233e+06
2.4132e+06
2.3964e+06
2.3743e+06
2.3512e+06
2.3319e+06
2.32e+06
2.3163e+06
2.3185e+06
2.3225e+06
2.3247e+06
2.3237e+06
2.3206e+06
2.3187e+06
2.3215e+06
2.3306e+06
2.3451e+06
2.3615e+06
2.3755e+06
2.3842e+06
2.3869e+06
2.3859e+06
2.3844e+06
2.3852e+06
2.3887e+06
2.3925e+06
2.393e+06
2.3866e+06
2.3724e+06
2.3524e+06
2.3307e+06
2.3117e+06
2.2979e+06
2.2891e+06
2.2824e+06
2.2741e+06
2.2617e+06
2.2456e+06
2.2285e+06
2.2145e+06
2.2073e+06
2.208e+06
2.2151e+06
2.225e+06
2.2338e+06
2.2394e+06
2.2421e+06
2.2439e+06
2.2476e+06
2.2544e+06
2.2635e+06
2.2719e+06
2.2763e+06
2.2746e+06
2.2673e+06
2.2572e+06
2.2477e+06
2.2414e+06
2.238e+06
2.2348e+06
2.2278e+06
2.2142e+06
2.1937e+06
2.169e+06
2.1447e+06
2.1249e+06
2.1116e+06
2.1036e+06
2.0976e+06
2.0899e+06
2.0786e+06
2.0646e+06
2.051e+06
2.0416e+06
2.0391e+06
2.0433e+06
2.0513e+06
2.0591e+06
2.0634e+06
2.0635e+06
2.0609e+06
2.0593e+06
2.0616e+06
2.0687e+06
2.0787e+06
2.088e+06
2.093e+06
2.0919e+06
2.0857e+06
2.0773e+06
2.0695e+06
2.0638e+06
2.0591e+06
2.0525e+06
2.0415e+06
2.0251e+06
2.0052e+06
1.9851e+06
1.9685e+06
1.9568e+06
1.9488e+06
1.9411e+06
1.93e+06
1.9137e+06
1.8935e+06
1.8728e+06
1.8563e+06
1.8471e+06
1.8456e+06
1.8491e+06
1.8536e+06
1.8557e+06
1.8548e+06
1.8527e+06
1.8531e+06
1.8587e+06
1.87e+06
1.8844e+06
1.8975e+06
1.9053e+06
1.9063e+06
1.9021e+06
1.8965e+06
1.8935e+06
1.8945e+06
1.8982e+06
1.901e+06
1.8989e+06
1.8905e+06
1.877e+06
1.8619e+06
1.849e+06
1.8399e+06
1.8336e+06
1.827e+06
1.817e+06
1.8021e+06
1.7839e+06
1.7662e+06
1.7529e+06
1.7463e+06
1.7456e+06
1.7476e+06
1.7486e+06
1.7463e+06
1.7407e+06
1.7343e+06
1.7303e+06
1.7308e+06
1.7359e+06
1.7431e+06
1.7496e+06
1.7535e+06
1.7549e+06
1.7561e+06
1.7599e+06
1.7677e+06
1.7787e+06
1.7897e+06
1.7972e+06
1.7988e+06
1.7948e+06
1.7878e+06
1.7808e+06
1.7758e+06
1.7723e+06
1.7679e+06
1.7598e+06
1.7468e+06
1.7299e+06
1.7122e+06
1.6966e+06
1.6846e+06
1.6749e+06
1.6647e+06
1.6509e+06
1.6329e+06
1.6124e+06
1.5929e+06
1.5783e+06
1.5698e+06
1.5661e+06
1.5638e+06
1.5595e+06
1.5521e+06
1.5431e+06
1.5364e+06
1.5355e+06
1.5418e+06
1.5532e+06
1.5648e+06
1.572e+06
1.5722e+06
1.5666e+06
1.5594e+06
1.556e+06
1.5598e+06
1.5708e+06
1.5851e+06
1.5979e+06
1.6056e+06
1.6073e+06
1.6054e+06
1.6031e+06
1.6026e+06
1.6037e+06
1.604e+06
1.6011e+06
1.5936e+06
1.5828e+06
1.5715e+06
1.5624e+06
1.5563e+06
1.5513e+06
1.5444e+06
1.533e+06
1.5168e+06
1.4982e+06
1.4809e+06
1.4678e+06
1.4596e+06
1.4543e+06
1.4487e+06
1.44e+06
1.428e+06
1.4147e+06
1.4033e+06
1.3965e+06
1.3949e+06
1.3968e+06
1.3994e+06
1.4005e+06
1.3997e+06
1.3983e+06
1.3984e+06
1.4012e+06
1.4067e+06
1.4131e+06
1.4185e+06
1.4224e+06
1.4256e+06
1.4302e+06
1.438e+06
1.4486e+06
1.4599e+06
1.4687e+06
1.4728e+06
1.4723e+06
1.4695e+06
1.4678e+06
1.4693e+06
1.4737e+06
1.478e+06
1.4789e+06
1.4745e+06
1.4657e+06
1.4558e+06
1.4481e+06
1.444e+06
1.4418e+06
1.4379e+06
1.4289e+06
1.4142e+06
1.3963e+06
1.3793e+06
1.3671e+06
1.3603e+06
1.3561e+06
1.3501e+06
1.3388e+06
1.3218e+06
1.3019e+06
1.2838e+06
1.2712e+06
1.2649e+06
1.2626e+06
1.2603e+06
1.2552e+06
1.2473e+06
1.2389e+06
1.2333e+06
1.2328e+06
1.2366e+06
1.242e+06
1.2457e+06
1.2463e+06
1.2449e+06
1.2449e+06
1.2495e+06
1.2597e+06
1.2734e+06
1.2867e+06
1.296e+06
1.3003e+06
1.3015e+06
1.3033e+06
1.3088e+06
1.3185e+06
1.3301e+06
1.34e+06
1.3454e+06
1.3463e+06
1.345e+06
1.3446e+06
1.3468e+06
1.3506e+06
1.3533e+06
1.3525e+06
1.3475e+06
1.3401e+06
1.3334e+06
1.3294e+06
1.328e+06
1.3268e+06
1.3229e+06
1.3151e+06
1.3043e+06
1.2936e+06
1.2853e+06
1.2797e+06
1.2747e+06
1.2671e+06
1.2551e+06
1.2395e+06
1.2237e+06
1.2112e+06
1.2035e+06
1.1992e+06
1.1942e+06
1.185e+06
1.1706e+06
1.1534e+06
1.1377e+06
1.1274e+06
1.1233e+06
1.1226e+06
1.121e+06
1.1152e+06
1.1054e+06
1.0946e+06
1.0876e+06
1.0874e+06
1.0933e+06
1.1015e+06
1.1074e+06
1.1079e+06
1.1039e+06
1.0989e+06
1.0973e+06
1.1016e+06
1.1107e+06
1.1215e+06
1.1303e+06
1.1358e+06
1.1393e+06
1.1439e+06
1.1517e+06
1.1626e+06
1.1742e+06
1.1836e+06
1.1894e+06
1.1929e+06
1.197e+06
1.2043e+06
1.2152e+06
1.2276e+06
1.2383e+06
1.2452e+06
1.2487e+06
1.2515e+06
1.256e+06
1.2628e+06
1.2701e+06
1.2748e+06
1.275e+06
1.2716e+06
1.268e+06
1.2678e+06
1.2722e+06
1.2787e+06
1.2829e+06
1.281e+06
1.2722e+06
1.2595e+06
1.2477e+06
1.2401e+06
1.2367e+06
1.2342e+06
1.2281e+06
1.2164e+06
1.2005e+06
1.1844e+06
1.1722e+06
1.1649e+06
1.1601e+06
1.1533e+06
1.1414e+06
1.1246e+06
1.1064e+06
1.0913e+06
1.0821e+06
1.0778e+06
1.0743e+06
1.0676e+06
1.0559e+06
1.041e+06
1.0266e+06
1.0165e+06
1.0116e+06
1.01e+06
1.0082e+06
1.0036e+06
9.9553e+05
9.857e+05
9.7663e+05
9.7015e+05
9.6647e+05
9.6453e+05
9.6312e+05
9.6173e+05
9.6062e+05
9.6019e+05
9.603e+05
9.6025e+05
9.5936e+05
9.5785e+05
9.5699e+05
9.5839e+05
9.6279e+05
9.6924e+05
9.7553e+05
9.7965e+05
9.814e+05
9.8288e+05
9.8742e+05
9.9737e+05
1.0122e+06
1.0284e+06
1.0416e+06
1.049e+06
1.0515e+06
1.0528e+06
1.0577e+06
1.0689e+06
1.0851e+06
1.1022e+06
1.1158e+06
1.1242e+06
1.1287e+06
1.133e+06
1.1405e+06
1.152e+06
1.1655e+06
1.1776e+06
1.1863e+06
1.1918e+06
1.1964e+06
1.2024e+06
1.2108e+06
1.2204e+06
1.2292e+06
1.2356e+06
1.2399e+06
1.2433e+06
1.247e+06
1.2514e+06
1.2559e+06
1.2596e+06
1.2628e+06
1.2663e+06
1.2712e+06
1.2775e+06
1.2834e+06
1.2868e+06
1.2862e+06
1.2828e+06
1.2793e+06
1.2788e+06
1.2828e+06
1.2901e+06
1.2977e+06
1.3026e+06
1.3038e+06
1.3022e+06
1.2996e+06
1.2971e+06
1.2945e+06
1.2908e+06
1.286e+06
1.2814e+06
1.2792e+06
1.2805e+06
1.2842e+06
1.2867e+06
1.2846e+06
1.2765e+06
1.2646e+06
1.2532e+06
1.2467e+06
1.2463e+06
1.2492e+06
1.2505e+06
1.2467e+06
1.2371e+06
1.2244e+06
1.2128e+06
1.2051e+06
1.2013e+06
1.1994e+06
1.1968e+06
1.1921e+06
1.1859e+06
1.1793e+06
1.1727e+06
1.1661e+06
1.1588e+06
1.1506e+06
1.1425e+06
1.1355e+06
1.1297e+06
1.1239e+06
1.1163e+06
1.106e+06
1.0941e+06
1.0826e+06
1.0739e+06
1.0679e+06
1.0624e+06
1.0545e+06
1.0429e+06
1.0291e+06
1.0168e+06
1.0093e+06
1.0069e+06
1.0063e+06
1.0028e+06
9.9358e+05
9.792e+05
9.6367e+05
9.5159e+05
9.4507e+05
9.4228e+05
9.3896e+05
9.3153e+05
9.1943e+05
9.0535e+05
8.9318e+05
8.8533e+05
8.8109e+05
8.7739e+05
8.7111e+05
8.611e+05
8.4854e+05
8.3589e+05
8.2516e+05
8.1686e+05
8.1018e+05
8.04e+05
7.9765e+05
7.9089e+05
7.8349e+05
7.7499e+05
7.6513e+05
7.5452e+05
7.4473e+05
7.3742e+05
7.3289e+05
7.294e+05
7.2406e+05
7.1475e+05
7.0199e+05
6.8897e+05
6.7972e+05
6.7612e+05
6.7617e+05
6.7509e+05
6.6858e+05
6.5565e+05
6.3944e+05
6.2541e+05
6.1771e+05
6.1624e+05
6.1689e+05
6.147e+05
6.073e+05
5.9613e+05
5.8505e+05
5.7729e+05
5.7297e+05
5.6922e+05
5.6268e+05
