1.3858e+06
1.401e+06
1.4175e+06
1.4428e+06
1.4767e+06
1.5104e+06
1.5329e+06
1.5397e+06
1.5373e+06
1.5402e+06
1.5606e+06
1.5987e+06
1.6422e+06
1.6751e+06
1.6895e+06
1.691e+06
1.6954e+06
1.7176e+06
1.7594e+06
1.8075e+06
1.8432e+06
1.8554e+06
1.8485e+06
1.8403e+06
1.8511e+06
1.889e+06
1.9432e+06
1.9924e+06
2.0198e+06
2.0233e+06
2.0171e+06
2.0224e+06
2.0527e+06
2.1044e+06
2.1592e+06
2.1978e+06
2.2119e+06
2.2092e+06
2.2076e+06
2.224e+06
2.2625e+06
2.3125e+06
2.3567e+06
2.3831e+06
2.3917e+06
2.394e+06
2.405e+06
2.4339e+06
2.4786e+06
2.5281e+06
2.5697e+06
2.5966e+06
2.6103e+06
2.6186e+06
2.631e+06
2.6534e+06
2.6864e+06
2.7248e+06
2.7613e+06
2.7893e+06
2.8057e+06
2.813e+06
2.8187e+06
2.8331e+06
2.8639e+06
2.9116e+06
2.9667e+06
3.0146e+06
3.0424e+06
3.0466e+06
3.0364e+06
3.0302e+06
3.0456e+06
3.088e+06
3.1463e+06
3.1986e+06
3.226e+06
3.2229e+06
3.2009e+06
3.183e+06
3.1905e+06
3.2297e+06
3.2881e+06
3.3428e+06
3.3749e+06
3.3794e+06
3.3662e+06
3.3533e+06
3.3556e+06
3.3764e+06
3.4072e+06
3.4359e+06
3.4551e+06
3.4666e+06
3.4782e+06
3.4969e+06
3.5231e+06
3.5502e+06
3.5697e+06
3.5773e+06
3.5761e+06
3.5741e+06
3.5789e+06
3.5926e+06
3.6112e+06
3.628e+06
3.6392e+06
3.6459e+06
3.6528e+06
3.6635e+06
3.6774e+06
3.6891e+06
3.6931e+06
3.6876e+06
3.677e+06
3.669e+06
3.6695e+06
3.6783e+06
3.6892e+06
3.6942e+06
3.6893e+06
3.6768e+06
3.6641e+06
3.6582e+06
3.6603e+06
3.665e+06
3.6642e+06
3.6527e+06
3.632e+06
3.6096e+06
3.5934e+06
3.5859e+06
3.5817e+06
3.5712e+06
3.5474e+06
3.5114e+06
3.4732e+06
3.4455e+06
3.4359e+06
3.4409e+06
3.4473e+06
3.4406e+06
3.414e+06
3.3728e+06
3.332e+06
3.3071e+06
3.3039e+06
3.3141e+06
3.3196e+06
3.3034e+06
3.2598e+06
3.1978e+06
3.1374e+06
3.0991e+06
3.0916e+06
3.1068e+06
3.1245e+06
3.1249e+06
3.0988e+06
3.0516e+06
2.9995e+06
2.9606e+06
2.9446e+06
2.9472e+06
2.9536e+06
2.9484e+06
2.924e+06
2.8849e+06
2.8444e+06
2.8176e+06
2.8127e+06
2.8262e+06
2.8461e+06
2.8588e+06
2.8567e+06
2.8418e+06
2.8235e+06
2.8137e+06
2.8197e+06
2.8409e+06
2.8695e+06
2.8956e+06
2.912e+06
2.9178e+06
2.9175e+06
2.9185e+06
2.9274e+06
2.9468e+06
2.9757e+06
3.0103e+06
3.0461e+06
3.0798e+06
3.1096e+06
3.1348e+06
3.1561e+06
3.1756e+06
3.1969e+06
3.224e+06
3.2594e+06
3.3025e+06
3.3486e+06
3.3901e+06
3.4203e+06
3.4362e+06
3.441e+06
3.4434e+06
3.4531e+06
3.4764e+06
3.5127e+06
3.5542e+06
3.5907e+06
3.6145e+06
3.6246e+06
3.6263e+06
3.6282e+06
3.637e+06
3.6536e+06
3.6729e+06
3.6874e+06
3.6917e+06
3.6861e+06
3.6763e+06
3.6704e+06
3.6737e+06
3.6857e+06
3.7004e+06
3.7099e+06
3.7082e+06
3.6947e+06
3.673e+06
3.6489e+06
3.6266e+06
3.6062e+06
3.5845e+06
3.5576e+06
3.5237e+06
3.4846e+06
3.4454e+06
3.4115e+06
3.3862e+06
3.3692e+06
3.3573e+06
3.3466e+06
3.334e+06
3.3182e+06
3.2993e+06
3.2777e+06
3.2542e+06
3.2297e+06
3.2062e+06
3.1874e+06
3.1767e+06
3.176e+06
3.1832e+06
3.1926e+06
3.1972e+06
3.1919e+06
3.1771e+06
3.1596e+06
3.1502e+06
3.1586e+06
3.1877e+06
3.2312e+06
3.2764e+06
3.3105e+06
3.3268e+06
3.3284e+06
3.3268e+06
3.3362e+06
3.3659e+06
3.4143e+06
3.4699e+06
3.5177e+06
3.5476e+06
3.5593e+06
3.5632e+06
3.5743e+06
3.6037e+06
3.6517e+06
3.7077e+06
3.7562e+06
3.7855e+06
3.7935e+06
3.7886e+06
3.784e+06
3.7904e+06
3.8093e+06
3.8332e+06
3.8505e+06
3.8533e+06
3.842e+06
3.8245e+06
3.8111e+06
3.8076e+06
3.8115e+06
3.814e+06
3.8061e+06
3.7848e+06
3.7554e+06
3.7288e+06
3.714e+06
3.7118e+06
3.7138e+06
3.7067e+06
3.6806e+06
3.6357e+06
3.5828e+06
3.5388e+06
3.5175e+06
3.5206e+06
3.5368e+06
3.5476e+06
3.5381e+06
3.505e+06
3.4589e+06
3.42e+06
3.4077e+06
3.4297e+06
3.4765e+06
3.527e+06
3.5596e+06
3.5632e+06
3.5425e+06
3.516e+06
3.508e+06
3.5357e+06
3.5994e+06
3.6827e+06
3.7618e+06
3.8177e+06
3.8444e+06
3.8502e+06
3.8528e+06
3.8697e+06
3.9089e+06
3.9652e+06
4.0244e+06
4.071e+06
4.0962e+06
4.1008e+06
4.0931e+06
4.0838e+06
4.0802e+06
4.0833e+06
4.0892e+06
4.0919e+06
4.0879e+06
4.0766e+06
4.0602e+06
4.041e+06
4.0204e+06
3.9984e+06
3.975e+06
3.9511e+06
3.9285e+06
3.9087e+06
3.8909e+06
3.8718e+06
3.8473e+06
3.8147e+06
3.7756e+06
3.7354e+06
3.7017e+06
3.6802e+06
3.6712e+06
3.6694e+06
3.6664e+06
3.6554e+06
3.6358e+06
3.614e+06
3.6012e+06
3.6079e+06
3.6374e+06
3.6838e+06
3.7339e+06
3.7737e+06
3.7953e+06
3.8001e+06
3.7987e+06
3.8054e+06
3.831e+06
3.8767e+06
3.9333e+06
3.9862e+06
4.0234e+06
4.041e+06
4.0449e+06
4.0469e+06
4.0585e+06
4.0841e+06
4.1185e+06
4.1501e+06
4.167e+06
4.1631e+06
4.1404e+06
4.1073e+06
4.0737e+06
4.0467e+06
4.0272e+06
4.011e+06
3.9926e+06
3.969e+06
3.9406e+06
3.9106e+06
3.8816e+06
3.8536e+06
3.8233e+06
3.7869e+06
3.7433e+06
3.6965e+06
3.656e+06
3.6327e+06
3.6338e+06
3.6588e+06
3.6982e+06
3.7378e+06
3.7648e+06
3.7731e+06
3.7657e+06
3.7537e+06
3.7511e+06
3.7681e+06
3.8054e+06
3.8541e+06
3.9001e+06
3.931e+06
3.9417e+06
3.9366e+06
3.9269e+06
3.9254e+06
3.9389e+06
3.9653e+06
3.9941e+06
4.0119e+06
4.0092e+06
3.9848e+06
3.9457e+06
3.9046e+06
3.8733e+06
3.858e+06
3.856e+06
3.8583e+06
3.8541e+06
3.8361e+06
3.8033e+06
3.7616e+06
3.7205e+06
3.689e+06
3.6724e+06
3.6698e+06
3.6754e+06
3.6818e+06
3.683e+06
3.677e+06
3.6659e+06
3.6554e+06
3.6519e+06
3.6599e+06
3.6805e+06
3.7113e+06
3.7472e+06
3.7832e+06
3.8157e+06
3.8434e+06
3.867e+06
3.8882e+06
3.9082e+06
3.9269e+06
3.9432e+06
3.9555e+06
3.963e+06
3.966e+06
3.9659e+06
3.9641e+06
3.9607e+06
3.9537e+06
3.9397e+06
3.9151e+06
3.8779e+06
3.8293e+06
3.7738e+06
3.7181e+06
3.6689e+06
3.6308e+06
3.6044e+06
3.5869e+06
3.5737e+06
3.5609e+06
3.5474e+06
3.5351e+06
3.5285e+06
3.5316e+06
3.5464e+06
3.571e+06
3.6001e+06
3.6269e+06
3.6461e+06
3.6559e+06
3.6583e+06
3.6588e+06
3.6632e+06
3.675e+06
3.6938e+06
3.7147e+06
3.7313e+06
3.738e+06
3.7327e+06
3.7173e+06
3.6969e+06
3.6773e+06
3.662e+06
3.6512e+06
3.6416e+06
3.6289e+06
3.6094e+06
3.5825e+06
3.5509e+06
3.5194e+06
3.4929e+06
3.4749e+06
3.4656e+06
3.4628e+06
3.4629e+06
3.4626e+06
3.4606e+06
3.458e+06
3.4575e+06
3.4625e+06
3.4755e+06
3.4966e+06
3.5231e+06
3.5506e+06
3.574e+06
3.5894e+06
3.595e+06
3.5919e+06
3.5836e+06
3.5744e+06
3.5676e+06
3.5641e+06
3.5622e+06
3.5574e+06
3.5453e+06
3.5229e+06
3.4908e+06
3.453e+06
3.4162e+06
3.3874e+06
3.3704e+06
3.3648e+06
3.3654e+06
3.3646e+06
3.3555e+06
3.3351e+06
3.3057e+06
3.2748e+06
3.2527e+06
3.2481e+06
3.2647e+06
3.2983e+06
3.3385e+06
3.3727e+06
3.391e+06
3.3901e+06
3.3746e+06
3.3558e+06
3.3463e+06
3.3545e+06
3.3796e+06
3.4119e+06
3.4367e+06
3.4413e+06
3.4203e+06
3.3779e+06
3.3263e+06
3.281e+06
3.2532e+06
3.2451e+06
3.2489e+06
3.2508e+06
3.2375e+06
3.2024e+06
3.1477e+06
3.0842e+06
3.0275e+06
2.9919e+06
2.9849e+06
3.0039e+06
3.0382e+06
3.0738e+06
3.0995e+06
3.1108e+06
3.1107e+06
3.1075e+06
3.1104e+06
3.1247e+06
3.1493e+06
3.1772e+06
3.1991e+06
3.2087e+06
3.2045e+06
3.1908e+06
3.1743e+06
3.1602e+06
3.1492e+06
3.1371e+06
3.1171e+06
3.0844e+06
3.0394e+06
2.9885e+06
2.9426e+06
2.9124e+06
2.9032e+06
2.9125e+06
2.9303e+06
2.9438e+06
2.9426e+06
2.923e+06
2.8903e+06
2.8574e+06
2.8409e+06
2.8538e+06
2.8992e+06
2.9673e+06
3.0395e+06
3.0957e+06
3.1217e+06
3.1133e+06
3.0777e+06
3.0303e+06
2.9895e+06
2.969e+06
2.9724e+06
2.992e+06
3.0137e+06
3.0236e+06
3.0134e+06
2.9827e+06
2.9379e+06
2.8898e+06
2.8494e+06
2.8241e+06
2.8159e+06
2.8218e+06
2.836e+06
2.8531e+06
2.8695e+06
2.884e+06
2.8974e+06
2.9105e+06
2.9236e+06
2.9356e+06
2.9448e+06
2.9503e+06
2.9525e+06
2.9534e+06
2.9552e+06
2.9595e+06
2.9649e+06
2.9681e+06
2.9643e+06
2.9496e+06
2.923e+06
2.8871e+06
2.8476e+06
2.8117e+06
2.7855e+06
2.7719e+06
2.7695e+06
2.7739e+06
2.7796e+06
2.7824e+06
2.7812e+06
2.7781e+06
2.7779e+06
2.7854e+06
2.8033e+06
2.8304e+06
2.8614e+06
2.889e+06
2.9063e+06
2.9095e+06
2.8993e+06
2.8797e+06
2.8571e+06
2.8368e+06
2.8214e+06
2.8094e+06
2.797e+06
2.7797e+06
2.7551e+06
2.7243e+06
2.6916e+06
2.6637e+06
2.6472e+06
2.646e+06
2.6603e+06
2.6857e+06
2.7153e+06
2.7419e+06
2.7599e+06
2.7676e+06
2.7668e+06
2.7624e+06
2.7604e+06
2.7652e+06
2.778e+06
2.7958e+06
2.8126e+06
2.8219e+06
2.8187e+06
2.8013e+06
2.7717e+06
2.7345e+06
2.6963e+06
2.6628e+06
2.6381e+06
2.6233e+06
2.6175e+06
2.6179e+06
2.6218e+06
2.6272e+06
2.6336e+06
2.6413e+06
2.6513e+06
2.6642e+06
2.6796e+06
2.696e+06
2.7107e+06
2.7213e+06
2.7264e+06
2.7259e+06
2.7214e+06
2.7154e+06
2.7098e+06
2.7054e+06
2.7008e+06
2.6933e+06
2.6802e+06
2.6599e+06
2.6332e+06
2.604e+06
2.5782e+06
2.5627e+06
2.5625e+06
2.5789e+06
2.6083e+06
2.6432e+06
2.674e+06
2.6922e+06
2.6929e+06
2.6769e+06
2.6507e+06
2.6251e+06
2.6114e+06
2.6164e+06
2.6397e+06
2.6728e+06
2.7023e+06
2.7153e+06
2.7034e+06
2.6657e+06
2.6089e+06
2.5461e+06
2.4935e+06
2.4649e+06
2.467e+06
2.4966e+06
2.5421e+06
2.5882e+06
2.6206e+06
2.6306e+06
2.6166e+06
2.5851e+06
2.548e+06
2.5195e+06
2.5105e+06
2.5237e+06
2.553e+06
2.5859e+06
2.6091e+06
2.6131e+06
2.5955e+06
2.5605e+06
2.5179e+06
2.4793e+06
2.4545e+06
2.4477e+06
2.4569e+06
2.4751e+06
2.4937e+06
2.5056e+06
2.5076e+06
2.5008e+06
2.4904e+06
2.4827e+06
2.4834e+06
2.4942e+06
2.5124e+06
2.5322e+06
2.5468e+06
2.5514e+06
2.5447e+06
2.5294e+06
2.5104e+06
2.4933e+06
2.4819e+06
2.4769e+06
2.476e+06
2.4753e+06
2.4715e+06
2.4631e+06
2.4516e+06
2.4408e+06
2.4359e+06
2.4408e+06
2.4569e+06
2.4813e+06
2.5081e+06
2.5301e+06
2.5413e+06
2.5385e+06
2.5226e+06
2.4979e+06
2.4708e+06
2.4473e+06
2.4315e+06
2.4241e+06
2.4228e+06
2.4241e+06
2.4245e+06
2.4225e+06
2.4184e+06
2.4147e+06
2.414e+06
2.4184e+06
2.428e+06
2.4408e+06
2.4532e+06
2.4614e+06
2.4628e+06
2.4571e+06
2.4459e+06
2.4327e+06
2.4204e+06
2.4109e+06
2.4038e+06
2.3965e+06
2.3862e+06
2.3706e+06
2.3496e+06
2.3256e+06
2.3032e+06
2.288e+06
2.2843e+06
2.2938e+06
2.3143e+06
2.3402e+06
2.3639e+06
2.378e+06
2.3779e+06
2.3627e+06
2.3359e+06
2.3042e+06
2.2753e+06
2.2557e+06
2.248e+06
2.2505e+06
2.2582e+06
2.2646e+06
2.2647e+06
2.2558e+06
2.2385e+06
2.2161e+06
2.1938e+06
2.1768e+06
2.169e+06
2.1716e+06
2.1828e+06
2.1984e+06
2.2134e+06
2.2235e+06
2.226e+06
2.2203e+06
2.2078e+06
2.1905e+06
2.1708e+06
2.15e+06
2.1289e+06
2.1077e+06
2.0871e+06
2.068e+06
2.0523e+06
2.0424e+06
2.0401e+06
2.0465e+06
2.0606e+06
2.0797e+06
2.0995e+06
2.1153e+06
2.1233e+06
2.1216e+06
2.1105e+06
2.0928e+06
2.0728e+06
2.0549e+06
2.0422e+06
2.0358e+06
2.0347e+06
2.0362e+06
2.0376e+06
2.0368e+06
2.0332e+06
2.0277e+06
2.0224e+06
2.0199e+06
2.0225e+06
2.0312e+06
2.0453e+06
2.0625e+06
2.0793e+06
2.0925e+06
2.0998e+06
2.1004e+06
2.095e+06
2.0855e+06
2.0743e+06
2.0633e+06
2.054e+06
2.0466e+06
2.0411e+06
2.037e+06
2.0343e+06
2.0332e+06
2.0345e+06
2.0388e+06
2.0464e+06
2.0565e+06
2.0674e+06
2.0766e+06
2.0815e+06
2.0805e+06
2.0729e+06
2.0598e+06
2.0438e+06
2.0279e+06
2.0152e+06
2.0075e+06
2.0053e+06
2.0072e+06
2.0111e+06
2.0145e+06
2.0153e+06
2.0128e+06
2.0073e+06
2.0004e+06
1.994e+06
1.99e+06
1.9888e+06
1.9898e+06
1.9911e+06
1.9904e+06
1.9856e+06
1.9761e+06
1.9625e+06
1.947e+06
1.9322e+06
1.921e+06
1.9149e+06
1.9144e+06
1.9183e+06
1.9242e+06
1.9297e+06
1.9327e+06
1.9325e+06
1.9295e+06
1.9256e+06
1.9227e+06
1.9224e+06
1.925e+06
1.9295e+06
1.9334e+06
1.9341e+06
1.9294e+06
1.9184e+06
1.902e+06
1.8829e+06
1.8651e+06
1.8531e+06
1.8503e+06
1.8581e+06
1.875e+06
1.897e+06
1.9186e+06
1.9345e+06
1.9408e+06
1.9364e+06
1.9225e+06
1.9029e+06
1.8827e+06
1.867e+06
1.8598e+06
1.8626e+06
1.8742e+06
1.8913e+06
1.9096e+06
1.9248e+06
1.9336e+06
1.9351e+06
1.9297e+06
1.92e+06
1.9088e+06
1.8988e+06
1.8918e+06
1.8876e+06
1.8851e+06
1.8823e+06
1.8777e+06
1.8705e+06
1.8609e+06
1.8505e+06
1.8415e+06
1.836e+06
1.8357e+06
1.8408e+06
1.8501e+06
1.8612e+06
1.8709e+06
1.8764e+06
1.8755e+06
1.8677e+06
1.8541e+06
1.8366e+06
1.8184e+06
1.8024e+06
1.7909e+06
1.7855e+06
1.7864e+06
1.7926e+06
1.8025e+06
1.8142e+06
1.8256e+06
1.8351e+06
1.8413e+06
1.8436e+06
1.8416e+06
1.8353e+06
1.8253e+06
1.8123e+06
1.7978e+06
1.7834e+06
1.771e+06
1.7626e+06
1.7597e+06
1.7631e+06
1.7723e+06
1.7861e+06
1.802e+06
1.8169e+06
1.8281e+06
1.8332e+06
1.8313e+06
1.8228e+06
1.8097e+06
1.7947e+06
1.7811e+06
1.7715e+06
1.7679e+06
1.7704e+06
1.7781e+06
1.7887e+06
1.7998e+06
1.8086e+06
1.8134e+06
1.8133e+06
1.8084e+06
1.8001e+06
1.79e+06
1.7798e+06
1.7708e+06
1.7636e+06
1.7581e+06
1.7537e+06
1.7499e+06
1.7464e+06
1.7432e+06
1.7406e+06
1.7391e+06
1.7392e+06
1.7412e+06
1.7449e+06
1.7495e+06
1.754e+06
1.7573e+06
1.7585e+06
1.7571e+06
1.7537e+06
1.7491e+06
1.7448e+06
1.7424e+06
1.7428e+06
1.7466e+06
1.753e+06
1.7608e+06
1.7682e+06
1.7734e+06
1.7749e+06
1.7725e+06
1.7667e+06
1.7591e+06
1.7517e+06
1.7467e+06
1.7453e+06
1.7478e+06
1.7535e+06
1.761e+06
1.7684e+06
1.7738e+06
1.776e+06
1.7744e+06
1.7692e+06
1.7615e+06
1.7532e+06
1.7461e+06
1.7415e+06
1.7399e+06
1.7407e+06
1.7425e+06
1.7436e+06
1.7424e+06
1.7384e+06
1.7318e+06
1.7237e+06
1.7157e+06
1.7097e+06
1.7073e+06
1.7091e+06
1.7152e+06
1.7242e+06
1.7338e+06
1.7415e+06
1.7451e+06
1.7431e+06
1.7354e+06
1.7233e+06
1.7092e+06
1.6961e+06
1.6869e+06
1.6838e+06
1.6878e+06
1.6983e+06
1.7134e+06
1.7304e+06
1.7458e+06
1.7569e+06
1.7614e+06
1.7585e+06
1.7489e+06
1.7343e+06
1.7172e+06
1.7003e+06
1.6862e+06
1.6766e+06
1.6723e+06
1.6732e+06
1.6784e+06
1.6863e+06
1.6954e+06
1.7042e+06
1.7113e+06
1.7161e+06
1.718e+06
1.717e+06
1.7132e+06
1.7069e+06
1.6987e+06
1.6892e+06
1.6793e+06
1.6699e+06
1.6622e+06
1.6574e+06
1.6562e+06
1.6594e+06
1.667e+06
1.6784e+06
1.692e+06
1.7061e+06
1.7186e+06
1.7277e+06
1.7323e+06
1.732e+06
1.7274e+06
1.7196e+06
1.7104e+06
1.7016e+06
1.6948e+06
1.6914e+06
1.6918e+06
1.6953e+06
1.7006e+06
1.7057e+06
1.7088e+06
1.7083e+06
1.704e+06
1.6961e+06
1.6861e+06
1.6756e+06
1.6665e+06
1.6603e+06
1.658e+06
1.6598e+06
1.665e+06
1.6723e+06
1.6801e+06
1.6866e+06
1.6904e+06
1.6911e+06
1.6886e+06
1.684e+06
1.6787e+06
1.6739e+06
1.671e+06
1.6704e+06
1.672e+06
1.6751e+06
1.6785e+06
1.6812e+06
1.6821e+06
1.6809e+06
1.6777e+06
1.6732e+06
1.6685e+06
1.6649e+06
1.6633e+06
1.6645e+06
1.6686e+06
1.6751e+06
1.6827e+06
1.6902e+06
1.6958e+06
1.6986e+06
1.6978e+06
1.6937e+06
1.6873e+06
1.68e+06
1.6734e+06
1.6686e+06
1.6667e+06
1.6679e+06
1.6718e+06
1.6776e+06
1.6841e+06
1.69e+06
1.6941e+06
1.6957e+06
1.6948e+06
1.692e+06
1.6885e+06
1.6855e+06
1.6841e+06
1.6849e+06
1.688e+06
1.6927e+06
1.6981e+06
1.7031e+06
1.7066e+06
1.7075e+06
1.7052e+06
1.6998e+06
1.6919e+06
1.6826e+06
1.6734e+06
1.666e+06
1.6616e+06
1.6607e+06
1.6634e+06
1.6689e+06
1.6761e+06
1.6838e+06
1.6907e+06
1.6955e+06
1.6976e+06
1.6968e+06
1.6933e+06
1.6878e+06
1.6816e+06
1.6756e+06
1.6711e+06
1.6687e+06
1.6688e+06
1.6714e+06
1.6758e+06
1.6815e+06
1.6875e+06
1.693e+06
1.6974e+06
1.7003e+06
1.7014e+06
1.7009e+06
1.6988e+06
1.6957e+06
1.6918e+06
1.6878e+06
1.6839e+06
1.6805e+06
1.6779e+06
1.6761e+06
1.6752e+06
1.6753e+06
1.6764e+06
1.6786e+06
1.6817e+06
1.6855e+06
1.6895e+06
1.6932e+06
1.6962e+06
1.6984e+06
1.6994e+06
1.6993e+06
1.6981e+06
1.6963e+06
1.6946e+06
1.6937e+06
1.6946e+06
1.6979e+06
1.7038e+06
1.7119e+06
1.7213e+06
1.7308e+06
1.7391e+06
1.745e+06
1.7476e+06
1.7462e+06
1.7406e+06
1.7314e+06
1.7195e+06
1.7068e+06
1.6952e+06
1.687e+06
1.6835e+06
1.6855e+06
1.6926e+06
1.7036e+06
1.7167e+06
1.7296e+06
1.7402e+06
1.7466e+06
1.7478e+06
1.7434e+06
1.7343e+06
1.7221e+06
1.7091e+06
1.6977e+06
1.69e+06
1.6872e+06
1.6895e+06
1.6961e+06
1.7052e+06
1.7146e+06
1.7222e+06
1.7263e+06
1.7259e+06
1.7212e+06
1.7136e+06
1.7051e+06
1.6982e+06
1.695e+06
1.6973e+06
1.7054e+06
1.7187e+06
1.735e+06
1.7517e+06
1.7658e+06
1.7743e+06
1.7757e+06
1.7693e+06
1.7562e+06
1.7388e+06
1.7206e+06
1.705e+06
1.6954e+06
1.6939e+06
1.701e+06
1.7159e+06
1.7359e+06
1.7577e+06
1.7777e+06
1.7925e+06
1.7997e+06
1.7986e+06
1.7896e+06
1.7747e+06
1.7564e+06
1.7381e+06
1.7225e+06
1.7121e+06
1.7079e+06
1.71e+06
1.7172e+06
1.7277e+06
1.7393e+06
1.7496e+06
1.7572e+06
1.7613e+06
1.762e+06
1.7599e+06
1.7561e+06
1.7516e+06
1.7473e+06
1.7438e+06
1.7412e+06
1.7394e+06
1.7382e+06
1.737e+06
1.7356e+06
1.7337e+06
1.7316e+06
1.7295e+06
1.7281e+06
1.7279e+06
1.7291e+06
1.732e+06
1.7364e+06
1.7424e+06
1.7494e+06
1.7573e+06
1.7656e+06
1.7737e+06
1.7812e+06
1.7876e+06
1.7924e+06
1.795e+06
1.7949e+06
1.7917e+06
1.785e+06
1.775e+06
1.7625e+06
1.7488e+06
1.7357e+06
1.7248e+06
1.718e+06
1.7161e+06
1.7195e+06
1.7274e+06
1.7387e+06
1.7514e+06
1.7636e+06
1.7734e+06
1.7796e+06
1.7815e+06
1.7795e+06
1.7747e+06
1.7684e+06
1.7626e+06
1.7588e+06
1.758e+06
1.7605e+06
1.7659e+06
1.7732e+06
1.7812e+06
1.7882e+06
1.7934e+06
1.7959e+06
1.7956e+06
1.7929e+06
1.7881e+06
1.7821e+06
1.7757e+06
1.7695e+06
1.7641e+06
1.7603e+06
1.7583e+06
1.7583e+06
1.7606e+06
1.7648e+06
1.7708e+06
1.778e+06
1.7855e+06
1.7922e+06
1.797e+06
1.7988e+06
1.7969e+06
1.7913e+06
1.7826e+06
1.7723e+06
1.7623e+06
1.7544e+06
1.7502e+06
1.7507e+06
1.7557e+06
1.7643e+06
1.7745e+06
1.784e+06
1.7908e+06
1.7934e+06
1.7912e+06
1.7851e+06
1.7766e+06
1.7681e+06
1.7621e+06
1.7602e+06
1.7635e+06
1.7715e+06
1.7828e+06
1.795e+06
1.8054e+06
1.8119e+06
1.813e+06
1.8083e+06
1.7988e+06
1.7862e+06
1.773e+06
1.7612e+06
1.7527e+06
1.7483e+06
1.7481e+06
1.7515e+06
1.7574e+06
1.7646e+06
1.7721e+06
1.7791e+06
1.7851e+06
1.79e+06
1.7938e+06
1.796e+06
1.7963e+06
1.7937e+06
1.7876e+06
1.7776e+06
1.7644e+06
1.7492e+06
1.7343e+06
1.7222e+06
1.7151e+06
1.7146e+06
1.7211e+06
1.7337e+06
1.7505e+06
1.7683e+06
1.7842e+06
1.7954e+06
1.8004e+06
1.7988e+06
1.7916e+06
1.7808e+06
1.7688e+06
1.7578e+06
1.7493e+06
1.7439e+06
1.7414e+06
1.741e+06
1.7418e+06
1.743e+06
1.7441e+06
1.7451e+06
1.7464e+06
1.7487e+06
1.7521e+06
1.7563e+06
1.7603e+06
1.7626e+06
1.7618e+06
1.7572e+06
1.7489e+06
1.738e+06
1.7268e+06
1.7177e+06
1.713e+06
1.7144e+06
1.7219e+06
1.7343e+06
1.7492e+06
1.7634e+06
1.7737e+06
1.7778e+06
1.7748e+06
1.7653e+06
1.7514e+06
1.7356e+06
1.7208e+06
1.709e+06
1.7014e+06
1.6979e+06
1.6979e+06
1.7004e+06
1.7043e+06
1.7089e+06
1.7142e+06
1.7202e+06
1.7273e+06
1.7355e+06
1.7442e+06
1.752e+06
1.7567e+06
1.7563e+06
1.7495e+06
1.7361e+06
1.7176e+06
1.6968e+06
1.6774e+06
1.6629e+06
1.6557e+06
1.6569e+06
1.6655e+06
1.6791e+06
1.6945e+06
1.7082e+06
1.7179e+06
1.7224e+06
1.7222e+06
1.7191e+06
1.7155e+06
1.7132e+06
1.7129e+06
1.7139e+06
1.7142e+06
1.7116e+06
1.7047e+06
1.6933e+06
1.6786e+06
1.6632e+06
1.6505e+06
1.6436e+06
1.6444e+06
1.6531e+06
1.6679e+06
1.685e+06
1.7003e+06
1.7102e+06
1.7123e+06
1.7066e+06
1.695e+06
1.681e+06
1.6683e+06
1.6598e+06
1.6569e+06
1.6589e+06
1.6636e+06
1.668e+06
1.6696e+06
1.667e+06
1.6605e+06
1.6517e+06
1.6432e+06
1.6376e+06
1.6365e+06
1.6397e+06
1.6455e+06
1.6509e+06
1.6531e+06
1.6502e+06
1.6422e+06
1.6306e+06
1.6185e+06
1.6096e+06
1.6067e+06
1.6114e+06
1.6227e+06
1.6377e+06
1.6522e+06
1.6621e+06
1.6644e+06
1.6581e+06
1.6446e+06
1.6267e+06
1.6084e+06
1.593e+06
1.5823e+06
1.5765e+06
1.5738e+06
1.572e+06
1.5691e+06
1.564e+06
1.5572e+06
1.5504e+06
1.546e+06
1.5463e+06
1.5526e+06
1.5646e+06
1.5801e+06
1.5956e+06
1.6075e+06
1.6128e+06
1.6102e+06
1.6004e+06
1.5857e+06
1.5692e+06
1.5542e+06
1.5424e+06
1.5346e+06
1.5299e+06
1.5268e+06
1.5239e+06
1.5202e+06
1.5161e+06
1.5125e+06
1.5109e+06
1.5126e+06
1.518e+06
1.5263e+06
1.5357e+06
1.5434e+06
1.5473e+06
1.546e+06
1.5395e+06
1.5295e+06
1.5185e+06
1.5091e+06
1.5035e+06
1.5022e+06
1.5047e+06
1.5093e+06
1.5142e+06
1.5176e+06
1.5189e+06
1.5183e+06
1.5169e+06
1.516e+06
1.5168e+06
1.5194e+06
1.5229e+06
1.5255e+06
1.5253e+06
1.5208e+06
1.5116e+06
1.4987e+06
1.4838e+06
1.4694e+06
1.4574e+06
1.4492e+06
1.445e+06
1.4441e+06
1.4452e+06
1.4471e+06
1.4489e+06
1.4505e+06
1.452e+06
1.4539e+06
1.4566e+06
1.4597e+06
1.4624e+06
1.4634e+06
1.4616e+06
1.4566e+06
1.4486e+06
1.4388e+06
1.4292e+06
1.4213e+06
1.4165e+06
1.415e+06
1.4162e+06
1.419e+06
1.4222e+06
1.4248e+06
1.4267e+06
1.4283e+06
1.4306e+06
1.4343e+06
1.4395e+06
1.4454e+06
1.4502e+06
1.4519e+06
1.449e+06
1.4409e+06
1.4284e+06
1.4134e+06
1.3984e+06
1.386e+06
1.3775e+06
1.3732e+06
1.3723e+06
1.3732e+06
1.3744e+06
1.3751e+06
1.3753e+06
1.3759e+06
1.3784e+06
1.3839e+06
1.393e+06
1.4046e+06
1.4166e+06
1.4262e+06
1.4309e+06
1.429e+06
1.4208e+06
1.4077e+06
1.3925e+06
1.3781e+06
1.3667e+06
1.3593e+06
1.3556e+06
1.3546e+06
1.3547e+06
1.3549e+06
1.3549e+06
1.3549e+06
1.356e+06
1.359e+06
1.3646e+06
1.3726e+06
1.382e+06
1.3912e+06
1.3986e+06
1.4028e+06
1.4034e+06
1.4004e+06
1.3946e+06
1.3869e+06
1.3781e+06
1.3688e+06
1.3593e+06
1.3501e+06
1.3415e+06
1.3344e+06
1.3296e+06
1.3278e+06
1.3295e+06
1.3343e+06
1.3414e+06
1.3496e+06
1.3575e+06
1.3642e+06
1.3691e+06
1.3724e+06
1.3744e+06
1.3754e+06
1.3755e+06
1.3742e+06
1.3706e+06
1.3639e+06
1.3539e+06
1.3411e+06
1.3268e+06
1.3126e+06
1.3006e+06
1.2919e+06
1.2871e+06
1.286e+06
1.2874e+06
1.2905e+06
1.2944e+06
1.2988e+06
1.3039e+06
1.3104e+06
1.3186e+06
1.3285e+06
1.3394e+06
1.3498e+06
1.3581e+06
1.3629e+06
1.3636e+06
1.3607e+06
1.3552e+06
1.3485e+06
1.3414e+06
1.3346e+06
1.3277e+06
1.3203e+06
1.3119e+06
1.3029e+06
1.2942e+06
1.2872e+06
1.2835e+06
1.2838e+06
1.2882e+06
1.2953e+06
1.3032e+06
1.3098e+06
1.3134e+06
1.3136e+06
1.311e+06
1.3072e+06
1.3041e+06
1.3028e+06
1.3033e+06
1.3045e+06
1.3044e+06
1.3014e+06
1.2944e+06
1.2838e+06
1.2713e+06
1.2592e+06
1.2499e+06
1.245e+06
1.245e+06
1.2491e+06
1.2555e+06
1.2625e+06
1.2684e+06
1.2727e+06
1.2758e+06
1.2786e+06
1.2822e+06
1.2875e+06
1.2944e+06
1.3017e+06
1.3081e+06
1.3118e+06
1.3116e+06
1.3073e+06
1.2994e+06
1.2889e+06
1.2774e+06
1.266e+06
1.2556e+06
1.2466e+06
1.2391e+06
1.2327e+06
1.2275e+06
1.2233e+06
1.2204e+06
1.2192e+06
1.2201e+06
1.2232e+06
1.2285e+06
1.2357e+06
1.244e+06
1.2523e+06
1.2598e+06
1.2654e+06
1.2687e+06
1.2695e+06
1.2682e+06
1.2654e+06
1.2617e+06
1.2574e+06
1.2526e+06
1.2472e+06
1.2409e+06
1.2336e+06
1.2257e+06
1.2178e+06
1.2108e+06
1.2056e+06
1.2028e+06
1.2022e+06
1.2036e+06
1.206e+06
1.2087e+06
1.2115e+06
1.2143e+06
1.2176e+06
1.2218e+06
1.2271e+06
1.2329e+06
1.2382e+06
1.2416e+06
1.2421e+06
1.2395e+06
1.2344e+06
1.2282e+06
1.2224e+06
1.2181e+06
1.2155e+06
1.2139e+06
1.2118e+06
1.2081e+06
1.2024e+06
1.1952e+06
1.1881e+06
1.1832e+06
1.182e+06
1.1848e+06
1.1908e+06
1.1983e+06
1.2051e+06
1.2098e+06
1.2119e+06
1.2125e+06
1.2132e+06
1.2152e+06
1.2193e+06
1.2247e+06
1.2293e+06
1.2313e+06
1.2291e+06
1.2227e+06
1.2132e+06
1.2029e+06
1.1935e+06
1.1861e+06
1.1804e+06
1.1752e+06
1.1689e+06
1.161e+06
1.1517e+06
1.1426e+06
1.1357e+06
1.1327e+06
1.134e+06
1.1388e+06
1.1453e+06
1.1515e+06
1.1559e+06
1.1586e+06
1.1606e+06
1.1637e+06
1.1693e+06
1.1776e+06
1.1874e+06
1.1964e+06
1.202e+06
1.203e+06
1.1992e+06
1.1924e+06
1.1846e+06
1.1778e+06
1.1728e+06
1.1691e+06
1.1651e+06
1.1594e+06
1.1514e+06
1.1416e+06
1.1315e+06
1.1229e+06
1.1171e+06
1.1142e+06
1.1135e+06
1.1136e+06
1.1135e+06
1.113e+06
1.1127e+06
1.1138e+06
1.1175e+06
1.1239e+06
1.1323e+06
1.1409e+06
1.148e+06
1.1523e+06
1.1538e+06
1.1535e+06
1.1529e+06
1.1529e+06
1.1537e+06
1.1544e+06
1.1535e+06
1.1498e+06
1.1427e+06
1.1331e+06
1.1223e+06
1.1121e+06
1.1034e+06
1.0962e+06
1.0901e+06
1.0842e+06
1.078e+06
1.072e+06
1.067e+06
1.0641e+06
1.0639e+06
1.0663e+06
1.0704e+06
1.0748e+06
1.0788e+06
1.0823e+06
1.0859e+06
1.0909e+06
1.0977e+06
1.1062e+06
1.115e+06
1.1221e+06
1.1259e+06
1.126e+06
1.1232e+06
1.1193e+06
1.1161e+06
1.1145e+06
1.1139e+06
1.1126e+06
1.1085e+06
1.1006e+06
1.0894e+06
1.0766e+06
1.0649e+06
1.0563e+06
1.0513e+06
1.0489e+06
1.0471e+06
1.0438e+06
1.038e+06
1.0305e+06
1.0232e+06
1.0183e+06
1.0178e+06
1.0218e+06
1.0289e+06
1.037e+06
1.0441e+06
1.049e+06
1.052e+06
1.0545e+06
1.0579e+06
1.0628e+06
1.0687e+06
1.0741e+06
1.0774e+06
1.0776e+06
1.0749e+06
1.0705e+06
1.066e+06
1.0624e+06
1.0598e+06
1.0573e+06
1.0536e+06
1.0475e+06
1.039e+06
1.0288e+06
1.0182e+06
1.0082e+06
9.9966e+05
9.9246e+05
9.8624e+05
9.8069e+05
9.7582e+05
9.7203e+05
9.6985e+05
9.6962e+05
9.7121e+05
9.7405e+05
9.7747e+05
9.8103e+05
9.8473e+05
9.89e+05
9.9431e+05
1.0008e+06
1.0081e+06
1.0152e+06
1.0214e+06
1.0261e+06
1.0292e+06
1.0314e+06
1.033e+06
1.034e+06
1.0338e+06
1.0315e+06
1.0266e+06
1.0192e+06
1.0102e+06
1.0012e+06
9.9333e+05
9.869e+05
9.812e+05
9.7486e+05
9.6678e+05
9.5677e+05
9.4587e+05
9.3589e+05
9.2859e+05
9.2475e+05
9.2383e+05
9.2422e+05
9.2421e+05
9.2283e+05
9.2043e+05
9.184e+05
9.1848e+05
9.2167e+05
9.2764e+05
9.3482e+05
9.4124e+05
9.4561e+05
9.4804e+05
9.4998e+05
9.5334e+05
9.593e+05
9.6737e+05
9.755e+05
9.811e+05
9.824e+05
9.7946e+05
9.7418e+05
9.693e+05
9.6686e+05
9.6701e+05
9.6786e+05
9.666e+05
9.6117e+05
9.5138e+05
9.3913e+05
9.2742e+05
9.1873e+05
9.1364e+05
9.1058e+05
9.0682e+05
9.0015e+05
8.9011e+05
8.7835e+05
8.6781e+05
8.6116e+05
8.5938e+05
8.6121e+05
8.6393e+05
8.6491e+05
8.6301e+05
8.5917e+05
8.5595e+05
8.5616e+05
8.613e+05
8.7065e+05
8.8165e+05
8.9126e+05
8.9751e+05
9.0036e+05
9.0155e+05
9.0353e+05
9.08e+05
9.1495e+05
9.2272e+05
9.2908e+05
9.3247e+05
9.3283e+05
9.3138e+05
9.2972e+05
9.2877e+05
9.2813e+05
9.2644e+05
9.2231e+05
9.1527e+05
9.0616e+05
8.9664e+05
8.8826e+05
8.8154e+05
8.7576e+05
8.6948e+05
8.6151e+05
8.5165e+05
8.4073e+05
8.3015e+05
8.2097e+05
8.134e+05
8.0678e+05
8.002e+05
7.9317e+05
7.861e+05
7.8002e+05
7.7603e+05
7.7462e+05
7.7536e+05
7.7727e+05
7.7941e+05
7.8157e+05
7.8431e+05
7.886e+05
7.9496e+05
8.0301e+05
8.1144e+05
8.1876e+05
8.2422e+05
8.2833e+05
8.3273e+05
8.3917e+05
8.4832e+05
8.5917e+05
8.6934e+05
8.7643e+05
8.7935e+05
8.7896e+05
8.7768e+05
8.7808e+05
8.8133e+05
8.8641e+05
8.9079e+05
8.9197e+05
8.89e+05
8.8303e+05
8.766e+05
8.7203e+05
8.6991e+05
8.6871e+05
8.6582e+05
8.5922e+05
8.4879e+05
8.3654e+05
8.2543e+05
8.1764e+05
8.1325e+05
8.1017e+05
8.0562e+05
7.9779e+05
7.8705e+05
7.7578e+05
7.6703e+05
7.6277e+05
7.6272e+05
7.6455e+05
7.6537e+05
7.6341e+05
7.5898e+05
7.5414e+05
7.5149e+05
7.5256e+05
7.5688e+05
7.624e+05
7.668e+05
7.6903e+05
7.6987e+05
7.7146e+05
7.7589e+05
7.8375e+05
7.9371e+05
8.0329e+05
8.1046e+05
8.1483e+05
8.1789e+05
8.2196e+05
8.2864e+05
8.3766e+05
8.4705e+05
8.544e+05
8.584e+05
8.5964e+05
8.601e+05
8.6172e+05
8.6499e+05
8.685e+05
8.6991e+05
8.6759e+05
8.6185e+05
8.5491e+05
8.4964e+05
8.4768e+05
8.4829e+05
8.488e+05
8.4631e+05
8.3951e+05
8.2944e+05
8.1882e+05
8.103e+05
8.0471e+05
8.0059e+05
7.9528e+05
7.8678e+05
7.7514e+05
7.6259e+05
7.5211e+05
7.4561e+05
7.4254e+05
7.4029e+05
7.3581e+05
7.2752e+05
7.1626e+05
7.0485e+05
6.9648e+05
6.9284e+05
6.9314e+05
6.9477e+05
6.95e+05
6.9257e+05
6.8833e+05
6.8457e+05
6.8358e+05
6.8623e+05
6.9156e+05
6.9747e+05
7.0212e+05
7.0494e+05
7.0678e+05
7.0913e+05
7.1312e+05
7.1876e+05
7.2518e+05
7.3138e+05
7.3701e+05
7.4257e+05
7.4889e+05
7.5632e+05
7.643e+05
7.7175e+05
7.7786e+05
7.8285e+05
7.879e+05
7.9434e+05
8.0249e+05
8.1119e+05
8.1831e+05
8.2216e+05
8.2264e+05
8.215e+05
8.2136e+05
8.2405e+05
8.2926e+05
8.3478e+05
8.3792e+05
8.3743e+05
8.3436e+05
8.3146e+05
8.3134e+05
8.3454e+05
8.3904e+05
8.4148e+05
8.3936e+05
8.3265e+05
8.2386e+05
8.1652e+05
8.1293e+05
8.1264e+05
8.1283e+05
8.1033e+05
8.0367e+05
7.9401e+05
7.8429e+05
7.7732e+05
7.7384e+05
7.7204e+05
7.6893e+05
7.6229e+05
7.521e+05
7.4049e+05
7.304e+05
7.2367e+05
7.1995e+05
7.1711e+05
7.1271e+05
7.0558e+05
6.964e+05
6.8709e+05
6.7962e+05
6.7487e+05
6.7228e+05
6.7054e+05
6.685e+05
6.6573e+05
6.6248e+05
6.5916e+05
6.5596e+05
6.5288e+05
6.5005e+05
6.4807e+05
6.4777e+05
6.4959e+05
6.5298e+05
6.564e+05
6.5806e+05
6.5702e+05
6.5399e+05
6.5112e+05
6.5083e+05
6.5422e+05
6.6023e+05
6.6625e+05
6.6981e+05
6.702e+05
6.6909e+05
6.6958e+05
6.7422e+05
6.8315e+05
6.9393e+05
7.0312e+05
7.0857e+05
7.1078e+05
7.1265e+05
7.1763e+05
7.2735e+05
7.4046e+05
7.5348e+05
7.6315e+05
7.684e+05
7.7093e+05
7.7403e+05
7.8042e+05
7.9048e+05
8.0211e+05
8.1228e+05
8.19e+05
8.2246e+05
8.2465e+05
8.28e+05
8.3383e+05
8.4173e+05
8.5013e+05
8.5753e+05
8.6336e+05
8.6798e+05
8.7207e+05
8.7596e+05
8.7951e+05
8.8251e+05
8.851e+05
8.8784e+05
8.912e+05
8.9498e+05
8.982e+05
8.9961e+05
8.9863e+05
8.9586e+05
8.9287e+05
8.9127e+05
8.9167e+05
8.934e+05
8.9508e+05
8.957e+05
8.953e+05
8.9474e+05
8.949e+05
8.9579e+05
8.9643e+05
8.9559e+05
8.9277e+05
8.887e+05
8.8491e+05
8.8272e+05
8.8227e+05
8.825e+05
8.8185e+05
8.7941e+05
8.7536e+05
8.7073e+05
8.6656e+05
8.6325e+05
8.6048e+05
8.5775e+05
8.5486e+05
8.5195e+05
8.491e+05
8.4588e+05
8.4154e+05
8.3561e+05
8.2866e+05
8.2221e+05
8.1786e+05
8.1598e+05
8.1515e+05
8.1294e+05
8.0758e+05
7.9937e+05
7.9071e+05
7.8455e+05
7.8217e+05
7.8202e+05
7.8061e+05
7.7502e+05
7.6499e+05
7.533e+05
7.4394e+05
7.392e+05
7.3786e+05
7.3594e+05
7.2973e+05
7.1855e+05
7.0541e+05
6.9514e+05
6.9085e+05
6.9134e+05
6.9186e+05
6.8742e+05
6.7623e+05
6.6085e+05
6.4665e+05
6.3812e+05
6.357e+05
6.3557e+05
6.3279e+05
6.2481e+05
6.1311e+05
6.0188e+05
5.9497e+05
5.9294e+05
5.9283e+05
5.9069e+05
5.8449e+05
5.7543e+05
5.6668e+05
5.6088e+05
5.5805e+05
5.5581e+05
5.5153e+05
5.4452e+05
5.3645e+05
5.2989e+05
5.2598e+05
5.234e+05
5.1948e+05
5.1259e+05
5.0363e+05
4.9561e+05
4.9132e+05
4.9081e+05
4.9102e+05
4.8805e+05
4.8006e+05
4.6869e+05
4.5817e+05
4.5228e+05
4.5137e+05
4.52e+05
4.4971e+05
4.4241e+05
4.3186e+05
4.2258e+05
4.185e+05
4.1971e+05
4.2235e+05
4.2161e+05
4.1523e+05
4.0494e+05
3.953e+05
3.9038e+05
3.9066e+05
3.9263e+05
3.9178e+05
