1.4601e+06
1.4671e+06
1.4695e+06
1.4783e+06
1.5009e+06
1.5349e+06
1.5694e+06
1.5929e+06
1.6013e+06
1.6004e+06
1.6026e+06
1.618e+06
1.6475e+06
1.6825e+06
1.712e+06
1.7305e+06
1.741e+06
1.7516e+06
1.7696e+06
1.7953e+06
1.8229e+06
1.8462e+06
1.8633e+06
1.8787e+06
1.8992e+06
1.9278e+06
1.9612e+06
1.9915e+06
2.0124e+06
2.0235e+06
2.0306e+06
2.0414e+06
2.0596e+06
2.0831e+06
2.1061e+06
2.1244e+06
2.1392e+06
2.1556e+06
2.1788e+06
2.2087e+06
2.2402e+06
2.2669e+06
2.2858e+06
2.3005e+06
2.3178e+06
2.3428e+06
2.3748e+06
2.4077e+06
2.4349e+06
2.4547e+06
2.4712e+06
2.4912e+06
2.5185e+06
2.5503e+06
2.5794e+06
2.5994e+06
2.6108e+06
2.6209e+06
2.6397e+06
2.6719e+06
2.7136e+06
2.7539e+06
2.7825e+06
2.7963e+06
2.8009e+06
2.8073e+06
2.8242e+06
2.853e+06
2.8869e+06
2.917e+06
2.9381e+06
2.9515e+06
2.9633e+06
2.9797e+06
3.0024e+06
3.0285e+06
3.0533e+06
3.0743e+06
3.0925e+06
3.1114e+06
3.1334e+06
3.1585e+06
3.1841e+06
3.2072e+06
3.2265e+06
3.2424e+06
3.256e+06
3.2677e+06
3.2773e+06
3.2851e+06
3.2933e+06
3.3056e+06
3.3247e+06
3.3503e+06
3.3781e+06
3.4022e+06
3.4189e+06
3.4293e+06
3.4381e+06
3.451e+06
3.4699e+06
3.4917e+06
3.5107e+06
3.5221e+06
3.5263e+06
3.5279e+06
3.5325e+06
3.5428e+06
3.5568e+06
3.5694e+06
3.5764e+06
3.5773e+06
3.5753e+06
3.5742e+06
3.5751e+06
3.5755e+06
3.5718e+06
3.5627e+06
3.5514e+06
3.5437e+06
3.5436e+06
3.5501e+06
3.5574e+06
3.5583e+06
3.55e+06
3.5358e+06
3.5232e+06
3.5182e+06
3.5205e+06
3.5232e+06
3.5171e+06
3.4972e+06
3.4662e+06
3.4331e+06
3.4078e+06
3.3946e+06
3.3899e+06
3.3856e+06
3.3744e+06
3.3553e+06
3.3329e+06
3.3134e+06
3.2997e+06
3.2888e+06
3.2749e+06
3.254e+06
3.2274e+06
3.2012e+06
3.1819e+06
3.1708e+06
3.1626e+06
3.1482e+06
3.1217e+06
3.084e+06
3.0438e+06
3.0117e+06
2.9945e+06
2.9895e+06
2.9874e+06
2.9777e+06
2.9555e+06
2.924e+06
2.8923e+06
2.8692e+06
2.8584e+06
2.8564e+06
2.8563e+06
2.8524e+06
2.8441e+06
2.835e+06
2.8295e+06
2.8292e+06
2.8312e+06
2.8306e+06
2.8239e+06
2.8121e+06
2.8001e+06
2.7942e+06
2.7976e+06
2.8096e+06
2.8256e+06
2.8414e+06
2.8549e+06
2.8671e+06
2.88e+06
2.8943e+06
2.9085e+06
2.9203e+06
2.9293e+06
2.9382e+06
2.9524e+06
2.9761e+06
3.0092e+06
3.0466e+06
3.0807e+06
3.1065e+06
3.1247e+06
3.1415e+06
3.1643e+06
3.1965e+06
3.2343e+06
3.2692e+06
3.2933e+06
3.3044e+06
3.3085e+06
3.3159e+06
3.3347e+06
3.3656e+06
3.4009e+06
3.4303e+06
3.4472e+06
3.4535e+06
3.4582e+06
3.4715e+06
3.4975e+06
3.5312e+06
3.5612e+06
3.5768e+06
3.5742e+06
3.5585e+06
3.5399e+06
3.5274e+06
3.5235e+06
3.5237e+06
3.5203e+06
3.5091e+06
3.4917e+06
3.4744e+06
3.4636e+06
3.4603e+06
3.4595e+06
3.4534e+06
3.4362e+06
3.4086e+06
3.3767e+06
3.3483e+06
3.328e+06
3.3149e+06
3.3036e+06
3.2891e+06
3.27e+06
3.2493e+06
3.2318e+06
3.2199e+06
3.2114e+06
3.2007e+06
3.1828e+06
3.1572e+06
3.1286e+06
3.1047e+06
3.0911e+06
3.0877e+06
3.0886e+06
3.0861e+06
3.0754e+06
3.0585e+06
3.0429e+06
3.0376e+06
3.047e+06
3.0687e+06
3.0944e+06
3.1156e+06
3.1284e+06
3.1357e+06
3.1449e+06
3.1625e+06
3.19e+06
3.2221e+06
3.2507e+06
3.2702e+06
3.2816e+06
3.2922e+06
3.311e+06
3.343e+06
3.3852e+06
3.4279e+06
3.4611e+06
3.4801e+06
3.4883e+06
3.4953e+06
3.5107e+06
3.5379e+06
3.5719e+06
3.6028e+06
3.6221e+06
3.6279e+06
3.6253e+06
3.6233e+06
3.6279e+06
3.6383e+06
3.6476e+06
3.6474e+06
3.6342e+06
3.6116e+06
3.5887e+06
3.5742e+06
3.5704e+06
3.5715e+06
3.567e+06
3.548e+06
3.5129e+06
3.4685e+06
3.4266e+06
3.3973e+06
3.3834e+06
3.379e+06
3.3738e+06
3.359e+06
3.332e+06
3.2975e+06
3.264e+06
3.239e+06
3.2255e+06
3.2206e+06
3.2192e+06
3.217e+06
3.2129e+06
3.2094e+06
3.2094e+06
3.2141e+06
3.2216e+06
3.2291e+06
3.2345e+06
3.2393e+06
3.2477e+06
3.2643e+06
3.2908e+06
3.3241e+06
3.3578e+06
3.3856e+06
3.4051e+06
3.4198e+06
3.4365e+06
3.4617e+06
3.4968e+06
3.5368e+06
3.573e+06
3.5974e+06
3.6076e+06
3.6077e+06
3.6057e+06
3.6089e+06
3.6194e+06
3.6326e+06
3.6413e+06
3.6396e+06
3.6271e+06
3.6092e+06
3.5934e+06
3.5848e+06
3.5823e+06
3.5797e+06
3.5691e+06
3.5458e+06
3.5113e+06
3.4725e+06
3.4378e+06
3.4128e+06
3.3971e+06
3.3855e+06
3.3716e+06
3.3518e+06
3.3273e+06
3.303e+06
3.285e+06
3.2763e+06
3.2759e+06
3.2795e+06
3.2829e+06
3.2847e+06
3.2872e+06
3.2948e+06
3.311e+06
3.3354e+06
3.3641e+06
3.3912e+06
3.4128e+06
3.4286e+06
3.4429e+06
3.4611e+06
3.4865e+06
3.5181e+06
3.5503e+06
3.5769e+06
3.5943e+06
3.6043e+06
3.6127e+06
3.6258e+06
3.6457e+06
3.6688e+06
3.6867e+06
3.6911e+06
3.6787e+06
3.6529e+06
3.6225e+06
3.5975e+06
3.5832e+06
3.5779e+06
3.5739e+06
3.5625e+06
3.5394e+06
3.5063e+06
3.4705e+06
3.4403e+06
3.4204e+06
3.4097e+06
3.4019e+06
3.3903e+06
3.3712e+06
3.347e+06
3.3241e+06
3.3099e+06
3.3084e+06
3.318e+06
3.3325e+06
3.345e+06
3.3514e+06
3.3537e+06
3.358e+06
3.3717e+06
3.3987e+06
3.4367e+06
3.4779e+06
3.5131e+06
3.5356e+06
3.545e+06
3.5463e+06
3.5477e+06
3.5557e+06
3.5723e+06
3.5943e+06
3.6161e+06
3.6331e+06
3.6436e+06
3.6493e+06
3.6524e+06
3.6531e+06
3.6489e+06
3.6353e+06
3.6093e+06
3.5721e+06
3.5294e+06
3.4895e+06
3.4594e+06
3.4415e+06
3.4318e+06
3.4231e+06
3.4084e+06
3.3852e+06
3.3573e+06
3.3324e+06
3.3191e+06
3.3217e+06
3.3385e+06
3.3625e+06
3.3854e+06
3.4018e+06
3.412e+06
3.421e+06
3.4357e+06
3.4606e+06
3.4945e+06
3.5311e+06
3.5623e+06
3.5826e+06
3.5924e+06
3.5979e+06
3.6079e+06
3.6288e+06
3.6601e+06
3.6943e+06
3.7205e+06
3.73e+06
3.7202e+06
3.6964e+06
3.6687e+06
3.6471e+06
3.6364e+06
3.6342e+06
3.6329e+06
3.6237e+06
3.602e+06
3.5696e+06
3.533e+06
3.5008e+06
3.479e+06
3.4684e+06
3.4652e+06
3.463e+06
3.4578e+06
3.4495e+06
3.4422e+06
3.4424e+06
3.4546e+06
3.4793e+06
3.5121e+06
3.5457e+06
3.5738e+06
3.5939e+06
3.6078e+06
3.6207e+06
3.6371e+06
3.6587e+06
3.6826e+06
3.703e+06
3.7146e+06
3.7154e+06
3.7077e+06
3.697e+06
3.6883e+06
3.6837e+06
3.6804e+06
3.6727e+06
3.655e+06
3.6251e+06
3.5856e+06
3.5432e+06
3.5055e+06
3.4782e+06
3.4617e+06
3.4527e+06
3.4453e+06
3.4355e+06
3.4226e+06
3.4104e+06
3.405e+06
3.4116e+06
3.4323e+06
3.4642e+06
3.5007e+06
3.5346e+06
3.5607e+06
3.5779e+06
3.5891e+06
3.599e+06
3.6117e+06
3.6285e+06
3.6471e+06
3.6635e+06
3.6736e+06
3.6754e+06
3.6694e+06
3.6574e+06
3.6413e+06
3.6217e+06
3.5983e+06
3.5707e+06
3.5398e+06
3.5086e+06
3.4816e+06
3.463e+06
3.4541e+06
3.453e+06
3.455e+06
3.4543e+06
3.4477e+06
3.4357e+06
3.4228e+06
3.4166e+06
3.4237e+06
3.4473e+06
3.4852e+06
3.5301e+06
3.573e+06
3.6067e+06
3.6283e+06
3.6401e+06
3.6478e+06
3.6574e+06
3.6722e+06
3.6905e+06
3.7073e+06
3.7162e+06
3.7131e+06
3.6981e+06
3.6751e+06
3.6504e+06
3.6292e+06
3.6141e+06
3.6041e+06
3.596e+06
3.5866e+06
3.5743e+06
3.5601e+06
3.5463e+06
3.5355e+06
3.5288e+06
3.5255e+06
3.524e+06
3.5233e+06
3.5242e+06
3.5297e+06
3.544e+06
3.5699e+06
3.6066e+06
3.649e+06
3.6884e+06
3.7162e+06
3.7269e+06
3.7207e+06
3.7036e+06
3.6849e+06
3.6733e+06
3.6726e+06
3.6799e+06
3.6869e+06
3.6842e+06
3.6656e+06
3.6306e+06
3.5852e+06
3.5395e+06
3.5033e+06
3.4829e+06
3.4783e+06
3.4842e+06
3.4928e+06
3.4978e+06
3.4973e+06
3.4941e+06
3.4947e+06
3.5057e+06
3.531e+06
3.569e+06
3.613e+06
3.6541e+06
3.6847e+06
3.7013e+06
3.7052e+06
3.7016e+06
3.6962e+06
3.6923e+06
3.6893e+06
3.6835e+06
3.6704e+06
3.6473e+06
3.616e+06
3.5817e+06
3.5516e+06
3.5321e+06
3.5256e+06
3.5302e+06
3.5407e+06
3.5511e+06
3.5572e+06
3.5581e+06
3.5567e+06
3.5579e+06
3.5667e+06
3.5857e+06
3.614e+06
3.6472e+06
3.6796e+06
3.7059e+06
3.7238e+06
3.7335e+06
3.7374e+06
3.7381e+06
3.7366e+06
3.7324e+06
3.7233e+06
3.7074e+06
3.6844e+06
3.6561e+06
3.6262e+06
3.5986e+06
3.5759e+06
3.559e+06
3.5465e+06
3.5367e+06
3.5282e+06
3.5217e+06
3.5195e+06
3.5251e+06
3.5411e+06
3.5678e+06
3.6024e+06
3.6395e+06
3.6728e+06
3.6977e+06
3.7125e+06
3.7191e+06
3.7216e+06
3.7243e+06
3.7288e+06
3.7334e+06
3.7337e+06
3.7245e+06
3.7028e+06
3.6692e+06
3.6288e+06
3.5895e+06
3.5594e+06
3.544e+06
3.5441e+06
3.5563e+06
3.5742e+06
3.5913e+06
3.6037e+06
3.6108e+06
3.6158e+06
3.624e+06
3.6401e+06
3.6661e+06
3.6997e+06
3.7347e+06
3.7636e+06
3.7798e+06
3.7803e+06
3.7661e+06
3.7413e+06
3.7118e+06
3.6826e+06
3.6566e+06
3.6343e+06
3.6146e+06
3.5961e+06
3.5786e+06
3.5635e+06
3.5527e+06
3.5483e+06
3.5512e+06
3.5605e+06
3.574e+06
3.589e+06
3.6036e+06
3.6175e+06
3.6322e+06
3.6499e+06
3.6723e+06
3.699e+06
3.7268e+06
3.7504e+06
3.7643e+06
3.7643e+06
3.7497e+06
3.7229e+06
3.6893e+06
3.6551e+06
3.6255e+06
3.6032e+06
3.5886e+06
3.5797e+06
3.5745e+06
3.5717e+06
3.5717e+06
3.5762e+06
3.5873e+06
3.6063e+06
3.6324e+06
3.6626e+06
3.6923e+06
3.717e+06
3.7334e+06
3.7408e+06
3.7411e+06
3.7376e+06
3.7334e+06
3.7301e+06
3.7269e+06
3.7213e+06
3.7106e+06
3.6936e+06
3.6715e+06
3.6478e+06
3.6278e+06
3.6166e+06
3.6173e+06
3.6301e+06
3.6523e+06
3.6792e+06
3.7058e+06
3.7284e+06
3.7456e+06
3.7583e+06
3.769e+06
3.7797e+06
3.7913e+06
3.802e+06
3.8084e+06
3.8067e+06
3.7944e+06
3.7719e+06
3.7423e+06
3.7109e+06
3.6831e+06
3.6632e+06
3.6529e+06
3.6512e+06
3.6554e+06
3.6627e+06
3.6712e+06
3.6808e+06
3.6931e+06
3.7102e+06
3.7332e+06
3.7613e+06
3.7906e+06
3.8158e+06
3.8311e+06
3.8326e+06
3.8197e+06
3.7954e+06
3.7654e+06
3.7359e+06
3.7114e+06
3.6933e+06
3.6798e+06
3.6671e+06
3.6515e+06
3.6313e+06
3.6079e+06
3.5856e+06
3.5704e+06
3.5681e+06
3.5817e+06
3.61e+06
3.6474e+06
3.6854e+06
3.7153e+06
3.7307e+06
3.7295e+06
3.7143e+06
3.691e+06
3.6664e+06
3.6457e+06
3.6307e+06
3.6194e+06
3.6082e+06
3.5932e+06
3.573e+06
3.5495e+06
3.5273e+06
3.513e+06
3.5124e+06
3.5285e+06
3.5599e+06
3.6009e+06
3.643e+06
3.6773e+06
3.6974e+06
3.701e+06
3.6901e+06
3.6703e+06
3.6482e+06
3.629e+06
3.6149e+06
3.6044e+06
3.5942e+06
3.5807e+06
3.5623e+06
3.54e+06
3.518e+06
3.5015e+06
3.4959e+06
3.504e+06
3.5255e+06
3.5564e+06
3.59e+06
3.6194e+06
3.6388e+06
3.6458e+06
3.6414e+06
3.6292e+06
3.6141e+06
3.5999e+06
3.5884e+06
3.5785e+06
3.5678e+06
3.5541e+06
3.5364e+06
3.5163e+06
3.4976e+06
3.4851e+06
3.4831e+06
3.4941e+06
3.5174e+06
3.5492e+06
3.5836e+06
3.6142e+06
3.6357e+06
3.6458e+06
3.6449e+06
3.636e+06
3.623e+06
3.6093e+06
3.5966e+06
3.5845e+06
3.5714e+06
3.556e+06
3.5381e+06
3.5196e+06
3.504e+06
3.4956e+06
3.4983e+06
3.5141e+06
3.5418e+06
3.5776e+06
3.6153e+06
3.6478e+06
3.6696e+06
3.6773e+06
3.671e+06
3.6538e+06
3.6303e+06
3.6057e+06
3.5836e+06
3.5659e+06
3.5524e+06
3.5422e+06
3.5344e+06
3.5291e+06
3.5272e+06
3.5307e+06
3.5413e+06
3.5594e+06
3.5837e+06
3.6109e+06
3.636e+06
3.6539e+06
3.6606e+06
3.6544e+06
3.6367e+06
3.6116e+06
3.5848e+06
3.5614e+06
3.5453e+06
3.5376e+06
3.5368e+06
3.5401e+06
3.5444e+06
3.5473e+06
3.548e+06
3.5476e+06
3.5481e+06
3.5522e+06
3.5617e+06
3.5768e+06
3.5952e+06
3.6128e+06
3.6247e+06
3.627e+06
3.618e+06
3.5989e+06
3.5738e+06
3.5482e+06
3.5275e+06
3.5157e+06
3.5143e+06
3.5226e+06
3.5373e+06
3.5547e+06
3.571e+06
3.5838e+06
3.5924e+06
3.5978e+06
3.602e+06
3.6066e+06
3.6121e+06
3.617e+06
3.618e+06
3.6119e+06
3.5962e+06
3.5709e+06
3.5386e+06
3.5045e+06
3.4752e+06
3.4569e+06
3.4543e+06
3.469e+06
3.4996e+06
3.5412e+06
3.5873e+06
3.631e+06
3.6661e+06
3.6889e+06
3.6982e+06
3.6952e+06
3.6831e+06
3.6655e+06
3.6461e+06
3.628e+06
3.6133e+06
3.6034e+06
3.5995e+06
3.6023e+06
3.6124e+06
3.6295e+06
3.6525e+06
3.6792e+06
3.7062e+06
3.7294e+06
3.7446e+06
3.7487e+06
3.74e+06
3.7193e+06
3.6896e+06
3.6556e+06
3.6228e+06
3.5962e+06
3.5791e+06
3.5732e+06
3.5775e+06
3.5898e+06
3.6068e+06
3.6251e+06
3.642e+06
3.6559e+06
3.6665e+06
3.6743e+06
3.6798e+06
3.6834e+06
3.6842e+06
3.6808e+06
3.6714e+06
3.6552e+06
3.6328e+06
3.6067e+06
3.5809e+06
3.56e+06
3.5486e+06
3.5496e+06
3.5638e+06
3.5895e+06
3.6229e+06
3.6586e+06
3.6911e+06
3.716e+06
3.7307e+06
3.735e+06
3.7305e+06
3.7206e+06
3.7085e+06
3.6971e+06
3.6882e+06
3.6824e+06
3.6794e+06
3.6783e+06
3.6786e+06
3.6799e+06
3.6826e+06
3.6874e+06
3.6954e+06
3.7069e+06
3.721e+06
3.7355e+06
3.747e+06
3.7519e+06
3.7477e+06
3.734e+06
3.7125e+06
3.6874e+06
3.6643e+06
3.6487e+06
3.6453e+06
3.6563e+06
3.681e+06
3.7161e+06
3.7559e+06
3.794e+06
3.8243e+06
3.8429e+06
3.848e+06
3.8406e+06
3.8241e+06
3.8028e+06
3.7811e+06
3.7625e+06
3.7494e+06
3.742e+06
3.7399e+06
3.7415e+06
3.7453e+06
3.7502e+06
3.7558e+06
3.7626e+06
3.771e+06
3.7814e+06
3.7929e+06
3.8037e+06
3.8113e+06
3.8134e+06
3.8088e+06
3.7981e+06
3.7834e+06
3.7683e+06
3.7566e+06
3.7515e+06
3.7549e+06
3.7662e+06
3.7829e+06
3.8003e+06
3.8134e+06
3.8172e+06
3.8091e+06
3.7887e+06
3.7589e+06
3.725e+06
3.6937e+06
3.6711e+06
3.662e+06
3.6681e+06
3.6881e+06
3.7175e+06
3.7502e+06
3.7794e+06
3.7992e+06
3.8058e+06
3.7985e+06
3.7797e+06
3.7539e+06
3.7266e+06
3.7025e+06
3.6846e+06
3.6737e+06
3.6686e+06
3.6675e+06
3.6682e+06
3.6692e+06
3.6698e+06
3.6704e+06
3.672e+06
3.6759e+06
3.683e+06
3.6932e+06
3.7044e+06
3.7134e+06
3.716e+06
3.709e+06
3.6912e+06
3.6637e+06
3.6304e+06
3.5969e+06
3.5698e+06
3.5545e+06
3.5549e+06
3.5719e+06
3.6027e+06
3.6417e+06
3.681e+06
3.7124e+06
3.7292e+06
3.7276e+06
3.7081e+06
3.6747e+06
3.6348e+06
3.5968e+06
3.5687e+06
3.5562e+06
3.5615e+06
3.5827e+06
3.6147e+06
3.6498e+06
3.6803e+06
3.6996e+06
3.7037e+06
3.6923e+06
3.6686e+06
3.6384e+06
3.6085e+06
3.5853e+06
3.573e+06
3.5733e+06
3.5849e+06
3.6043e+06
3.6265e+06
3.6461e+06
3.6586e+06
3.6612e+06
3.6537e+06
3.638e+06
3.6182e+06
3.5985e+06
3.5832e+06
3.5747e+06
3.574e+06
3.5803e+06
3.592e+06
3.6066e+06
3.622e+06
3.636e+06
3.6475e+06
3.6558e+06
3.661e+06
3.664e+06
3.6653e+06
3.6654e+06
3.6643e+06
3.6619e+06
3.658e+06
3.6532e+06
3.6485e+06
3.6453e+06
3.645e+06
3.6486e+06
3.656e+06
3.6663e+06
3.6775e+06
3.6868e+06
3.6913e+06
3.6881e+06
3.6755e+06
3.6535e+06
3.6241e+06
3.5911e+06
3.5596e+06
3.5349e+06
3.5215e+06
3.5219e+06
3.5361e+06
3.5616e+06
3.5936e+06
3.6259e+06
3.6522e+06
3.6675e+06
3.6689e+06
3.6564e+06
3.6332e+06
3.6045e+06
3.5767e+06
3.5561e+06
3.5472e+06
3.5518e+06
3.5689e+06
3.5943e+06
3.6218e+06
3.6448e+06
3.6573e+06
3.6554e+06
3.6385e+06
3.6091e+06
3.5724e+06
3.5355e+06
3.5057e+06
3.4891e+06
3.4894e+06
3.5072e+06
3.5396e+06
3.5812e+06
3.6247e+06
3.6628e+06
3.6895e+06
3.7013e+06
3.6978e+06
3.6816e+06
3.6577e+06
3.6323e+06
3.6112e+06
3.5991e+06
3.5985e+06
3.6093e+06
3.629e+06
3.6528e+06
3.6754e+06
3.6914e+06
3.6969e+06
3.6902e+06
3.6725e+06
3.6471e+06
3.6186e+06
3.5925e+06
3.5732e+06
3.5639e+06
3.5658e+06
3.5777e+06
3.5969e+06
3.6193e+06
3.6403e+06
3.6556e+06
3.6627e+06
3.6607e+06
3.6507e+06
3.6352e+06
3.6175e+06
3.6011e+06
3.5888e+06
3.5824e+06
3.5823e+06
3.5875e+06
3.5958e+06
3.6045e+06
3.6107e+06
3.6123e+06
3.6083e+06
3.5993e+06
3.5869e+06
3.5735e+06
3.5614e+06
3.5525e+06
3.548e+06
3.5478e+06
3.551e+06
3.5557e+06
3.5597e+06
3.561e+06
3.5585e+06
3.5523e+06
3.5436e+06
3.5347e+06
3.5284e+06
3.5269e+06
3.532e+06
3.5442e+06
3.5629e+06
3.5863e+06
3.6117e+06
3.6354e+06
3.6538e+06
3.664e+06
3.6648e+06
3.6565e+06
3.6418e+06
3.6241e+06
3.6076e+06
3.596e+06
3.5918e+06
3.596e+06
3.6079e+06
3.625e+06
3.6436e+06
3.6592e+06
3.6679e+06
3.667e+06
3.6559e+06
3.6359e+06
3.6105e+06
3.584e+06
3.5612e+06
3.5461e+06
3.5413e+06
3.5471e+06
3.5619e+06
3.5824e+06
3.604e+06
3.622e+06
3.6328e+06
3.635e+06
3.6289e+06
3.6175e+06
3.6049e+06
3.5958e+06
3.5944e+06
3.6032e+06
3.6229e+06
3.6517e+06
3.6856e+06
3.719e+06
3.7461e+06
3.7616e+06
3.7627e+06
3.749e+06
3.7233e+06
3.6907e+06
3.6574e+06
3.6299e+06
3.6133e+06
3.6101e+06
3.6202e+06
3.6404e+06
3.6653e+06
3.6889e+06
3.7052e+06
3.7104e+06
3.7031e+06
3.6851e+06
3.6607e+06
3.636e+06
3.6172e+06
3.6095e+06
3.6157e+06
3.6357e+06
3.6659e+06
3.7008e+06
3.7334e+06
3.7572e+06
3.7673e+06
3.7617e+06
3.7415e+06
3.7106e+06
3.6751e+06
3.6416e+06
3.6162e+06
3.6026e+06
3.6019e+06
3.6122e+06
3.6292e+06
3.6473e+06
3.6608e+06
3.6656e+06
3.6595e+06
3.6432e+06
3.6196e+06
3.5936e+06
3.5702e+06
3.5539e+06
3.5473e+06
3.551e+06
3.5631e+06
3.5802e+06
3.5982e+06
3.6128e+06
3.6211e+06
3.6218e+06
3.6156e+06
3.6048e+06
3.5927e+06
3.5826e+06
3.5768e+06
3.5765e+06
3.5809e+06
3.5882e+06
3.5961e+06
3.6021e+06
3.6048e+06
3.6033e+06
3.5984e+06
3.5918e+06
3.5858e+06
3.5826e+06
3.5833e+06
3.588e+06
3.5954e+06
3.6035e+06
3.6103e+06
3.6145e+06
3.6158e+06
3.6148e+06
3.6132e+06
3.6131e+06
3.6164e+06
3.6241e+06
3.636e+06
3.6502e+06
3.6634e+06
3.6718e+06
3.6719e+06
3.6622e+06
3.643e+06
3.6173e+06
3.5898e+06
3.5659e+06
3.5507e+06
3.5475e+06
3.5573e+06
3.5778e+06
3.6043e+06
3.6303e+06
3.6493e+06
3.656e+06
3.6479e+06
3.6254e+06
3.5924e+06
3.555e+06
3.52e+06
3.4939e+06
3.4806e+06
3.4814e+06
3.4943e+06
3.515e+06
3.5379e+06
3.5576e+06
3.5699e+06
3.5729e+06
3.5672e+06
3.5558e+06
3.5428e+06
3.5325e+06
3.5276e+06
3.529e+06
3.5356e+06
3.5445e+06
3.5523e+06
3.5561e+06
3.5544e+06
3.5471e+06
3.5359e+06
3.5239e+06
3.514e+06
3.5087e+06
3.5084e+06
3.5118e+06
3.5158e+06
3.5167e+06
3.5116e+06
3.499e+06
3.4801e+06
3.4578e+06
3.4367e+06
3.4218e+06
3.4171e+06
3.4241e+06
3.4418e+06
3.4656e+06
3.4892e+06
3.5059e+06
3.51e+06
3.4989e+06
3.4733e+06
3.4373e+06
3.3977e+06
3.362e+06
3.337e+06
3.3272e+06
3.3332e+06
3.3524e+06
3.3791e+06
3.4065e+06
3.4281e+06
3.4395e+06
3.4391e+06
3.4284e+06
3.4114e+06
3.3928e+06
3.3772e+06
3.3672e+06
3.363e+06
3.3628e+06
3.3638e+06
3.3631e+06
3.3586e+06
3.3502e+06
3.3394e+06
3.3295e+06
3.3241e+06
3.3264e+06
3.3374e+06
3.3556e+06
3.3767e+06
3.395e+06
3.4052e+06
3.4037e+06
3.3901e+06
3.3673e+06
3.3403e+06
3.316e+06
3.3004e+06
3.2976e+06
3.3085e+06
3.3303e+06
3.3571e+06
3.3819e+06
3.3982e+06
3.4015e+06
3.391e+06
3.3695e+06
3.3425e+06
3.3167e+06
3.2984e+06
3.2912e+06
3.2953e+06
3.3077e+06
3.3233e+06
3.3366e+06
3.3432e+06
3.3412e+06
3.3312e+06
3.3167e+06
3.3025e+06
3.2933e+06
3.2923e+06
3.2995e+06
3.3122e+06
3.3257e+06
3.3352e+06
3.3372e+06
3.3309e+06
3.3181e+06
3.303e+06
3.2907e+06
3.2857e+06
3.2908e+06
3.3054e+06
3.3258e+06
3.346e+06
3.3596e+06
3.3614e+06
3.3489e+06
3.3233e+06
3.2891e+06
3.2525e+06
3.2202e+06
3.197e+06
3.1851e+06
3.1834e+06
3.1885e+06
3.1958e+06
3.2013e+06
3.2023e+06
3.1983e+06
3.1908e+06
3.1829e+06
3.1775e+06
3.1766e+06
3.1797e+06
3.1845e+06
3.1871e+06
3.1838e+06
3.1727e+06
3.1544e+06
3.1323e+06
3.1117e+06
3.0985e+06
3.0974e+06
3.1104e+06
3.1361e+06
3.1696e+06
3.2043e+06
3.2332e+06
3.2511e+06
3.256e+06
3.2493e+06
3.2357e+06
3.2214e+06
3.2119e+06
3.2103e+06
3.2166e+06
3.2274e+06
3.2378e+06
3.2434e+06
3.2411e+06
3.2311e+06
3.216e+06
3.2008e+06
3.1909e+06
3.1909e+06
3.2028e+06
3.2246e+06
3.2516e+06
3.2771e+06
3.2949e+06
3.3011e+06
3.2949e+06
3.2792e+06
3.259e+06
3.2404e+06
3.2282e+06
3.2246e+06
3.229e+06
3.2382e+06
3.2478e+06
3.2538e+06
3.254e+06
3.2483e+06
3.2389e+06
3.2294e+06
3.2228e+06
3.2206e+06
3.2221e+06
3.2241e+06
3.2229e+06
3.2151e+06
3.1997e+06
3.178e+06
3.1536e+06
3.1314e+06
3.1161e+06
3.1105e+06
3.1148e+06
3.1261e+06
3.1399e+06
3.1511e+06
3.156e+06
3.1532e+06
3.1444e+06
3.1334e+06
3.1246e+06
3.1212e+06
3.1239e+06
3.1302e+06
3.1358e+06
3.1358e+06
3.1268e+06
3.1082e+06
3.0828e+06
3.0558e+06
3.034e+06
3.0235e+06
3.0279e+06
3.0467e+06
3.0754e+06
3.1068e+06
3.1328e+06
3.1473e+06
3.147e+06
3.133e+06
3.1092e+06
3.0815e+06
3.0555e+06
3.0349e+06
3.0207e+06
3.0111e+06
3.0035e+06
2.9953e+06
2.9858e+06
2.9762e+06
2.9691e+06
2.9679e+06
2.9748e+06
2.9897e+06
3.0097e+06
3.0298e+06
3.0441e+06
3.0483e+06
3.0405e+06
3.0225e+06
2.999e+06
2.9763e+06
2.9605e+06
2.9551e+06
2.9605e+06
2.9737e+06
2.9901e+06
3.0049e+06
3.0149e+06
3.0195e+06
3.0202e+06
3.0204e+06
3.0233e+06
3.031e+06
3.0429e+06
3.056e+06
3.0656e+06
3.0675e+06
3.0595e+06
3.0422e+06
3.019e+06
2.9954e+06
2.9763e+06
2.9652e+06
2.9624e+06
2.9655e+06
2.9704e+06
2.9733e+06
2.972e+06
2.9669e+06
2.9611e+06
2.9589e+06
2.9647e+06
2.9802e+06
3.004e+06
3.031e+06
3.0545e+06
3.068e+06
3.0677e+06
3.0536e+06
3.0292e+06
3.0006e+06
2.9743e+06
2.9549e+06
2.9438e+06
2.939e+06
2.9367e+06
2.933e+06
2.9256e+06
2.915e+06
2.9044e+06
2.8979e+06
2.8995e+06
2.9103e+06
2.928e+06
2.9471e+06
2.9607e+06
2.963e+06
2.9514e+06
2.9276e+06
2.8968e+06
2.8665e+06
2.8434e+06
2.8312e+06
2.829e+06
2.8324e+06
2.8355e+06
2.8331e+06
2.8231e+06
2.8071e+06
2.7899e+06
2.7776e+06
2.7753e+06
2.7847e+06
2.803e+06
2.8237e+06
2.8389e+06
2.842e+06
2.8305e+06
2.8064e+06
2.7762e+06
2.7484e+06
2.7306e+06
2.7264e+06
2.7342e+06
2.7483e+06
2.7611e+06
2.7664e+06
2.7614e+06
2.7478e+06
2.7305e+06
2.7165e+06
2.7119e+06
2.7197e+06
2.7384e+06
2.7627e+06
2.7859e+06
2.8021e+06
2.8083e+06
2.8053e+06
2.7967e+06
2.7874e+06
2.7808e+06
2.7778e+06
2.7763e+06
2.7724e+06
2.7629e+06
2.7468e+06
2.7263e+06
2.7061e+06
2.6924e+06
2.6899e+06
2.7004e+06
2.7214e+06
2.7474e+06
2.7714e+06
2.7879e+06
2.7942e+06
2.7917e+06
2.7847e+06
2.7788e+06
2.7784e+06
2.7846e+06
2.795e+06
2.8044e+06
2.8074e+06
2.8007e+06
2.7843e+06
2.7617e+06
2.7387e+06
2.7207e+06
2.7115e+06
2.7112e+06
2.7172e+06
2.7251e+06
2.731e+06
2.7328e+06
2.731e+06
2.7283e+06
2.7278e+06
2.7316e+06
2.7393e+06
2.7479e+06
2.7533e+06
2.7515e+06
2.7409e+06
2.7228e+06
2.701e+06
2.6802e+06
2.6642e+06
2.6543e+06
2.6488e+06
2.644e+06
2.6364e+06
2.624e+06
2.6077e+06
2.591e+06
2.5791e+06
2.5762e+06
2.5843e+06
2.602e+06
2.6245e+06
2.6461e+06
2.6617e+06
2.6688e+06
2.6685e+06
2.664e+06
2.6596e+06
2.658e+06
2.6592e+06
2.6605e+06
2.6576e+06
2.6471e+06
2.6284e+06
2.6037e+06
2.5782e+06
2.5575e+06
2.5459e+06
2.5444e+06
2.5506e+06
2.5597e+06
2.5669e+06
2.569e+06
2.566e+06
2.5609e+06
2.5583e+06
2.5625e+06
2.5753e+06
2.5948e+06
2.6163e+06
2.6338e+06
2.6426e+06
2.6406e+06
2.6294e+06
2.6128e+06
2.5955e+06
2.5809e+06
2.5699e+06
2.5613e+06
2.5526e+06
2.5419e+06
2.5289e+06
2.5154e+06
2.5042e+06
2.498e+06
2.4978e+06
2.5024e+06
2.5091e+06
2.5147e+06
2.5171e+06
2.5165e+06
2.5153e+06
2.517e+06
2.5241e+06
2.5368e+06
2.5523e+06
2.5652e+06
2.5701e+06
2.5637e+06
2.5461e+06
2.5213e+06
2.4953e+06
2.4742e+06
2.4613e+06
2.4562e+06
2.4551e+06
2.453e+06
2.446e+06
2.4328e+06
2.4153e+06
2.3979e+06
2.3852e+06
2.38e+06
2.3825e+06
2.39e+06
2.3986e+06
2.4051e+06
2.4085e+06
2.4106e+06
2.4146e+06
2.4234e+06
2.4375e+06
2.454e+06
2.4677e+06
2.4728e+06
2.466e+06
2.4475e+06
2.4214e+06
2.394e+06
2.3714e+06
2.3567e+06
2.3489e+06
2.344e+06
2.3371e+06
2.3248e+06
2.3071e+06
2.2872e+06
2.2704e+06
2.2615e+06
2.2628e+06
2.2726e+06
2.2864e+06
2.2987e+06
2.3054e+06
2.3058e+06
2.3024e+06
2.2994e+06
2.301e+06
2.3082e+06
2.3186e+06
2.3272e+06
2.3288e+06
2.3206e+06
2.3033e+06
2.2811e+06
2.2594e+06
2.2424e+06
2.2311e+06
2.223e+06
2.2135e+06
2.199e+06
2.1784e+06
2.1542e+06
2.1319e+06
2.117e+06
2.1132e+06
2.1202e+06
2.1338e+06
2.1481e+06
2.1581e+06
2.1617e+06
2.1608e+06
2.1601e+06
2.1648e+06
2.1778e+06
2.1978e+06
2.2199e+06
2.2378e+06
2.2464e+06
2.2445e+06
2.2347e+06
2.2226e+06
2.2137e+06
2.211e+06
2.2133e+06
2.2164e+06
2.2154e+06
2.2071e+06
2.1916e+06
2.1725e+06
2.1549e+06
2.1432e+06
2.1394e+06
2.1419e+06
2.1471e+06
2.1511e+06
2.1519e+06
2.1502e+06
2.149e+06
2.1518e+06
2.1605e+06
2.1743e+06
2.1896e+06
2.2021e+06
2.2085e+06
2.2081e+06
2.2035e+06
2.1985e+06
2.1963e+06
2.1976e+06
2.2002e+06
2.1996e+06
2.1922e+06
2.1763e+06
2.1538e+06
2.129e+06
2.1068e+06
2.0904e+06
2.0798e+06
2.0725e+06
2.0646e+06
2.0535e+06
2.0392e+06
2.0242e+06
2.0124e+06
2.007e+06
2.0089e+06
2.016e+06
2.0243e+06
2.0303e+06
2.0322e+06
2.0312e+06
2.0302e+06
2.0329e+06
2.0408e+06
2.0526e+06
2.0645e+06
2.0722e+06
2.073e+06
2.0673e+06
2.0581e+06
2.0497e+06
2.045e+06
2.0439e+06
2.0434e+06
2.0393e+06
2.0285e+06
2.0111e+06
1.9906e+06
1.9722e+06
1.9609e+06
1.9585e+06
1.963e+06
1.9695e+06
1.9732e+06
1.9714e+06
1.9646e+06
1.9566e+06
1.9523e+06
1.9552e+06
1.9657e+06
1.9809e+06
1.9961e+06
2.0074e+06
2.0136e+06
2.0164e+06
2.0196e+06
2.0266e+06
2.0383e+06
2.0524e+06
2.0645e+06
2.0703e+06
2.0678e+06
2.0581e+06
2.0449e+06
2.0322e+06
2.0223e+06
2.015e+06
2.0076e+06
1.9972e+06
1.9825e+06
1.9645e+06
1.946e+06
1.9295e+06
1.9162e+06
1.9044e+06
1.8911e+06
1.8736e+06
1.8515e+06
1.8272e+06
1.806e+06
1.793e+06
1.7909e+06
1.7987e+06
1.8114e+06
1.8231e+06
1.8296e+06
1.8297e+06
1.8264e+06
1.8244e+06
1.8278e+06
1.8378e+06
1.8516e+06
1.8643e+06
1.8717e+06
1.8719e+06
1.8667e+06
1.8601e+06
1.856e+06
1.8559e+06
1.8579e+06
1.8581e+06
1.853e+06
1.8416e+06
1.8262e+06
1.8111e+06
1.7999e+06
1.7938e+06
1.7902e+06
1.7847e+06
1.7732e+06
1.7546e+06
1.7314e+06
1.7087e+06
1.692e+06
1.6842e+06
1.6843e+06
1.6885e+06
1.6921e+06
1.6919e+06
1.688e+06
1.6832e+06
1.6809e+06
1.6836e+06
1.6911e+06
1.7008e+06
1.7095e+06
1.7152e+06
1.7187e+06
1.7224e+06
1.729e+06
1.7394e+06
1.7518e+06
1.7622e+06
1.7668e+06
1.7642e+06
1.756e+06
1.7466e+06
1.7401e+06
1.7383e+06
1.7395e+06
1.7396e+06
1.7346e+06
1.7231e+06
1.7073e+06
1.6918e+06
1.6811e+06
1.6768e+06
1.6765e+06
1.6756e+06
1.6696e+06
1.6567e+06
1.6389e+06
1.6211e+06
1.6079e+06
1.6016e+06
1.6007e+06
1.6012e+06
1.5993e+06
1.5934e+06
1.5858e+06
1.5808e+06
1.5825e+06
1.5922e+06
1.6071e+06
1.6215e+06
1.6302e+06
1.6309e+06
1.6255e+06
1.6191e+06
1.6174e+06
1.6232e+06
1.6353e+06
1.6487e+06
1.6579e+06
1.66e+06
1.6555e+06
1.6483e+06
1.6426e+06
1.6406e+06
1.6411e+06
1.6408e+06
1.6363e+06
1.6265e+06
1.6133e+06
1.6003e+06
1.5901e+06
1.5828e+06
1.5756e+06
1.5648e+06
1.5483e+06
1.5271e+06
1.5053e+06
1.488e+06
1.4782e+06
1.475e+06
1.4743e+06
1.4708e+06
1.4613e+06
1.4462e+06
1.4295e+06
1.4161e+06
1.4098e+06
1.4107e+06
1.4161e+06
1.4217e+06
1.4249e+06
1.4257e+06
1.4266e+06
1.4301e+06
1.4373e+06
1.4467e+06
1.4549e+06
1.4595e+06
1.4605e+06
1.4609e+06
1.465e+06
1.476e+06
1.4929e+06
1.5113e+06
1.5248e+06
1.5293e+06
1.5243e+06
1.5138e+06
1.504e+06
1.4996e+06
1.5018e+06
1.5071e+06
1.5105e+06
1.5086e+06
1.5012e+06
1.4914e+06
1.4831e+06
1.4784e+06
1.4759e+06
1.4723e+06
1.4642e+06
1.4511e+06
1.4358e+06
1.4229e+06
1.4157e+06
1.4137e+06
1.4128e+06
1.4072e+06
1.3932e+06
1.3712e+06
1.3457e+06
1.3237e+06
1.3103e+06
1.3069e+06
1.3098e+06
1.3132e+06
1.3125e+06
1.3061e+06
1.296e+06
1.286e+06
1.2793e+06
1.2768e+06
1.277e+06
1.2781e+06
1.2794e+06
1.282e+06
1.2883e+06
1.2993e+06
1.3135e+06
1.3269e+06
1.3354e+06
1.3372e+06
1.3339e+06
1.3304e+06
1.3319e+06
1.3408e+06
1.3553e+06
1.3702e+06
1.3804e+06
1.3838e+06
1.3821e+06
1.3797e+06
1.3806e+06
1.3855e+06
1.3915e+06
1.3939e+06
1.3899e+06
1.3804e+06
1.3695e+06
1.3622e+06
1.3608e+06
1.3636e+06
1.3655e+06
1.3615e+06
1.3501e+06
1.3336e+06
1.3169e+06
1.3043e+06
1.2967e+06
1.2911e+06
1.2834e+06
1.2709e+06
1.2545e+06
1.238e+06
1.2254e+06
1.218e+06
1.2134e+06
1.2071e+06
1.1954e+06
1.1784e+06
1.1602e+06
1.1465e+06
1.1408e+06
1.1426e+06
1.1468e+06
1.1473e+06
1.1404e+06
1.1271e+06
1.1121e+06
1.1016e+06
1.099e+06
1.1032e+06
1.1096e+06
1.1133e+06
1.112e+06
1.1075e+06
1.1039e+06
1.1049e+06
1.1113e+06
1.1201e+06
1.1269e+06
1.1291e+06
1.1276e+06
1.1263e+06
1.1295e+06
1.139e+06
1.1525e+06
1.1653e+06
1.1737e+06
1.1775e+06
1.1796e+06
1.1849e+06
1.1956e+06
1.21e+06
1.2233e+06
1.2305e+06
1.2298e+06
1.224e+06
1.2187e+06
1.2187e+06
1.2249e+06
1.2335e+06
1.2389e+06
1.2374e+06
1.2296e+06
1.2199e+06
1.2134e+06
1.2127e+06
1.2163e+06
1.2196e+06
1.2186e+06
1.2123e+06
1.2032e+06
1.1949e+06
1.1893e+06
1.1853e+06
1.1796e+06
1.1694e+06
1.1551e+06
1.1402e+06
1.1295e+06
1.1252e+06
1.1254e+06
1.1251e+06
1.119e+06
1.1054e+06
1.0868e+06
1.0684e+06
1.0551e+06
1.0477e+06
1.0434e+06
1.0375e+06
1.0268e+06
1.0119e+06
9.963e+05
9.8428e+05
9.776e+05
9.7455e+05
9.7131e+05
9.6468e+05
9.5418e+05
9.4208e+05
9.3168e+05
9.2496e+05
9.213e+05
9.1838e+05
9.1425e+05
9.0901e+05
9.0481e+05
9.0407e+05
9.0731e+05
9.1228e+05
9.1522e+05
9.1344e+05
9.0728e+05
9.0026e+05
8.9714e+05
9.0079e+05
9.1016e+05
9.2097e+05
9.2852e+05
9.3056e+05
9.2839e+05
9.257e+05
9.2599e+05
9.3021e+05
9.3649e+05
9.4205e+05
9.457e+05
9.4882e+05
9.5426e+05
9.6371e+05
9.7579e+05
9.8662e+05
9.9245e+05
9.9259e+05
9.9045e+05
9.9181e+05
1.001e+06
1.0174e+06
1.0357e+06
1.049e+06
1.0532e+06
1.0493e+06
1.043e+06
1.0406e+06
1.0454e+06
1.0555e+06
1.0655e+06
1.071e+06
1.0711e+06
1.069e+06
1.0695e+06
1.075e+06
1.084e+06
1.0923e+06
1.096e+06
1.0947e+06
1.091e+06
1.089e+06
1.091e+06
1.0961e+06
1.1011e+06
1.1035e+06
1.103e+06
1.1014e+06
1.1009e+06
1.1021e+06
1.1032e+06
1.1017e+06
1.0971e+06
1.0915e+06
1.0885e+06
1.0902e+06
1.0953e+06
1.0993e+06
1.0976e+06
1.0888e+06
1.0758e+06
1.0641e+06
1.0582e+06
1.0587e+06
1.0615e+06
1.0614e+06
1.0559e+06
1.0463e+06
1.0371e+06
1.032e+06
1.0311e+06
1.0312e+06
1.0283e+06
1.0207e+06
1.0105e+06
1.0019e+06
9.9798e+05
9.9796e+05
9.9798e+05
9.939e+05
9.8441e+05
9.7188e+05
9.6054e+05
9.532e+05
9.4914e+05
9.4482e+05
9.3694e+05
9.2517e+05
9.1247e+05
9.0291e+05
8.9835e+05
8.9684e+05
8.9413e+05
8.8699e+05
8.7555e+05
8.6317e+05
8.5367e+05
8.4822e+05
8.4434e+05
8.3797e+05
8.2696e+05
8.1298e+05
8.0056e+05
7.9357e+05
7.9189e+05
7.9113e+05
7.859e+05
7.7391e+05
7.5788e+05
7.4401e+05
7.3763e+05
7.3895e+05
7.4262e+05
7.4159e+05
7.3189e+05
7.1505e+05
6.9706e+05
6.8452e+05
6.8019e+05
6.8138e+05
6.8248e+05
6.7913e+05
6.7055e+05
6.5912e+05
6.4783e+05
6.3798e+05
6.2869e+05
6.1857e+05
6.0771e+05
5.9819e+05
5.9236e+05
5.9044e+05
5.8968e+05
5.8613e+05
5.7749e+05
5.6486e+05
5.5215e+05
5.4336e+05
5.3954e+05
5.3805e+05
5.3496e+05
5.2821e+05
5.1919e+05
5.1152e+05
5.079e+05
5.0754e+05
5.0655e+05
5.0103e+05
4.901e+05
4.7686e+05
4.6635e+05
4.6175e+05
4.6164e+05
4.6117e+05
4.5591e+05
4.4521e+05
4.3279e+05
4.2419e+05
4.2244e+05
4.2541e+05
4.2744e+05
4.237e+05
