1.2483e+06
1.2531e+06
1.2542e+06
1.2623e+06
1.2838e+06
1.3153e+06
1.3466e+06
1.3673e+06
1.3746e+06
1.3745e+06
1.3775e+06
1.3915e+06
1.416e+06
1.4439e+06
1.4671e+06
1.4827e+06
1.4942e+06
1.5074e+06
1.5253e+06
1.5454e+06
1.5623e+06
1.5728e+06
1.5795e+06
1.5895e+06
1.6088e+06
1.6374e+06
1.6685e+06
1.6933e+06
1.7079e+06
1.7159e+06
1.7259e+06
1.7454e+06
1.7748e+06
1.807e+06
1.8329e+06
1.8482e+06
1.8564e+06
1.866e+06
1.8846e+06
1.913e+06
1.9453e+06
1.9735e+06
1.994e+06
2.0091e+06
2.0252e+06
2.0468e+06
2.0729e+06
2.0981e+06
2.1173e+06
2.1302e+06
2.1421e+06
2.1599e+06
2.1865e+06
2.2182e+06
2.2472e+06
2.2674e+06
2.2789e+06
2.2881e+06
2.3029e+06
2.327e+06
2.3568e+06
2.3848e+06
2.4052e+06
2.4185e+06
2.4306e+06
2.4486e+06
2.4753e+06
2.5066e+06
2.5352e+06
2.556e+06
2.5699e+06
2.5829e+06
2.6009e+06
2.6256e+06
2.6525e+06
2.6747e+06
2.6883e+06
2.6957e+06
2.7039e+06
2.7196e+06
2.7446e+06
2.7745e+06
2.8024e+06
2.8237e+06
2.839e+06
2.8526e+06
2.868e+06
2.8854e+06
2.9011e+06
2.9116e+06
2.9172e+06
2.9228e+06
2.9352e+06
2.9576e+06
2.9868e+06
3.0147e+06
3.0338e+06
3.0419e+06
3.0435e+06
3.0463e+06
3.056e+06
3.0724e+06
3.09e+06
3.1028e+06
3.1092e+06
3.1128e+06
3.1198e+06
3.1343e+06
3.1545e+06
3.1744e+06
3.1878e+06
3.1925e+06
3.1913e+06
3.1896e+06
3.1911e+06
3.1951e+06
3.198e+06
3.1964e+06
3.1907e+06
3.1848e+06
3.1834e+06
3.1876e+06
3.1939e+06
3.1963e+06
3.1905e+06
3.1773e+06
3.1623e+06
3.152e+06
3.1489e+06
3.1497e+06
3.1478e+06
3.1373e+06
3.1174e+06
3.0928e+06
3.0703e+06
3.0543e+06
3.0446e+06
3.0367e+06
3.026e+06
3.0109e+06
2.993e+06
2.9754e+06
2.9595e+06
2.9436e+06
2.9248e+06
2.9015e+06
2.8758e+06
2.8519e+06
2.8336e+06
2.8207e+06
2.8088e+06
2.7919e+06
2.767e+06
2.7364e+06
2.7067e+06
2.6848e+06
2.6731e+06
2.6677e+06
2.661e+06
2.6468e+06
2.6244e+06
2.5983e+06
2.5754e+06
2.5602e+06
2.5522e+06
2.5463e+06
2.5377e+06
2.5252e+06
2.5119e+06
2.5029e+06
2.5012e+06
2.5046e+06
2.5076e+06
2.5051e+06
2.4962e+06
2.4858e+06
2.4814e+06
2.4884e+06
2.5057e+06
2.5268e+06
2.5432e+06
2.5506e+06
2.5507e+06
2.5505e+06
2.5571e+06
2.573e+06
2.594e+06
2.6129e+06
2.6247e+06
2.6302e+06
2.6366e+06
2.6523e+06
2.6812e+06
2.7193e+06
2.7573e+06
2.7859e+06
2.8023e+06
2.811e+06
2.8212e+06
2.8405e+06
2.8696e+06
2.9021e+06
2.9293e+06
2.946e+06
2.9543e+06
2.9618e+06
2.9765e+06
3.0009e+06
3.0305e+06
3.057e+06
3.074e+06
3.0816e+06
3.0857e+06
3.0938e+06
3.1092e+06
3.1286e+06
3.1439e+06
3.1489e+06
3.1431e+06
3.133e+06
3.1277e+06
3.1328e+06
3.1459e+06
3.1584e+06
3.1612e+06
3.1507e+06
3.1309e+06
3.1114e+06
3.1003e+06
3.0988e+06
3.1002e+06
3.0945e+06
3.0752e+06
3.0431e+06
3.0069e+06
2.9768e+06
2.9592e+06
2.9518e+06
2.9463e+06
2.9339e+06
2.9109e+06
2.8806e+06
2.8507e+06
2.8281e+06
2.8141e+06
2.8044e+06
2.7923e+06
2.7739e+06
2.751e+06
2.7296e+06
2.716e+06
2.7119e+06
2.7128e+06
2.7116e+06
2.7024e+06
2.6856e+06
2.6675e+06
2.6569e+06
2.66e+06
2.6757e+06
2.6969e+06
2.7145e+06
2.7233e+06
2.725e+06
2.7265e+06
2.7357e+06
2.756e+06
2.784e+06
2.8117e+06
2.8318e+06
2.8427e+06
2.8493e+06
2.8601e+06
2.8812e+06
2.9126e+06
2.9472e+06
2.9761e+06
2.9933e+06
3.0002e+06
3.0038e+06
3.013e+06
3.032e+06
3.0581e+06
3.0835e+06
3.1002e+06
3.1051e+06
3.1016e+06
3.0969e+06
3.0971e+06
3.1031e+06
3.1099e+06
3.1107e+06
3.1011e+06
3.0826e+06
3.0614e+06
3.0447e+06
3.0359e+06
3.0322e+06
3.0268e+06
3.0135e+06
2.9905e+06
2.9618e+06
2.9345e+06
2.9143e+06
2.9022e+06
2.8936e+06
2.8821e+06
2.8631e+06
2.837e+06
2.8089e+06
2.7851e+06
2.7697e+06
2.7622e+06
2.7581e+06
2.7528e+06
2.7444e+06
2.7354e+06
2.7306e+06
2.734e+06
2.7455e+06
2.7609e+06
2.7742e+06
2.7814e+06
2.7829e+06
2.7841e+06
2.7916e+06
2.8097e+06
2.8372e+06
2.8678e+06
2.8942e+06
2.9121e+06
2.9227e+06
2.9317e+06
2.9457e+06
2.9679e+06
2.9958e+06
3.0226e+06
3.0417e+06
3.0506e+06
3.0521e+06
3.0526e+06
3.0576e+06
3.068e+06
3.0796e+06
3.0852e+06
3.0801e+06
3.0646e+06
3.0441e+06
3.0266e+06
3.017e+06
3.0149e+06
3.0141e+06
3.0075e+06
2.9906e+06
2.9649e+06
2.9365e+06
2.9128e+06
2.898e+06
2.8907e+06
2.8849e+06
2.8743e+06
2.8558e+06
2.8316e+06
2.808e+06
2.7917e+06
2.7864e+06
2.7906e+06
2.7992e+06
2.8065e+06
2.8101e+06
2.8116e+06
2.8157e+06
2.827e+06
2.8469e+06
2.8729e+06
2.8998e+06
2.9232e+06
2.9416e+06
2.9575e+06
2.9751e+06
2.9976e+06
3.0246e+06
3.052e+06
3.0746e+06
3.0894e+06
3.0973e+06
3.1032e+06
3.1126e+06
3.1283e+06
3.148e+06
3.1656e+06
3.1746e+06
3.1718e+06
3.1591e+06
3.1428e+06
3.1294e+06
3.1222e+06
3.119e+06
3.1136e+06
3.0999e+06
3.0755e+06
3.0433e+06
3.0105e+06
2.9846e+06
2.9692e+06
2.9624e+06
2.958e+06
2.9495e+06
2.9337e+06
2.9128e+06
2.8931e+06
2.8815e+06
2.8822e+06
2.8939e+06
2.9111e+06
2.9268e+06
2.9369e+06
2.9419e+06
2.9462e+06
2.9559e+06
2.9751e+06
3.0033e+06
3.0359e+06
3.0666e+06
3.0911e+06
3.1088e+06
3.123e+06
3.1382e+06
3.1573e+06
3.1794e+06
3.2006e+06
3.216e+06
3.2226e+06
3.2208e+06
3.2136e+06
3.2048e+06
3.1961e+06
3.1863e+06
3.1723e+06
3.1515e+06
3.1241e+06
3.0935e+06
3.0648e+06
3.0424e+06
3.0271e+06
3.0159e+06
3.0039e+06
2.9874e+06
2.9661e+06
2.944e+06
2.9274e+06
2.9215e+06
2.9278e+06
2.943e+06
2.9605e+06
2.974e+06
2.981e+06
2.9837e+06
2.9882e+06
3.0009e+06
3.0249e+06
3.058e+06
3.0934e+06
3.1232e+06
3.1424e+06
3.1514e+06
3.1554e+06
3.1617e+06
3.1751e+06
3.1953e+06
3.2169e+06
3.2325e+06
3.2367e+06
3.2293e+06
3.215e+06
3.2007e+06
3.1914e+06
3.1874e+06
3.1838e+06
3.1739e+06
3.1529e+06
3.121e+06
3.0841e+06
3.0508e+06
3.029e+06
3.0216e+06
3.0254e+06
3.0332e+06
3.0379e+06
3.0359e+06
3.0293e+06
3.0245e+06
3.0289e+06
3.0471e+06
3.0781e+06
3.1155e+06
3.151e+06
3.1778e+06
3.1941e+06
3.2032e+06
3.2115e+06
3.2248e+06
3.2451e+06
3.2693e+06
3.2909e+06
3.304e+06
3.3059e+06
3.2987e+06
3.2878e+06
3.2787e+06
3.2741e+06
3.2723e+06
3.2684e+06
3.2571e+06
3.236e+06
3.2069e+06
3.1747e+06
3.1454e+06
3.1235e+06
3.1096e+06
3.1012e+06
3.0946e+06
3.0873e+06
3.0796e+06
3.0742e+06
3.075e+06
3.0843e+06
3.1017e+06
3.1235e+06
3.145e+06
3.1624e+06
3.175e+06
3.1852e+06
3.1976e+06
3.2159e+06
3.2404e+06
3.2677e+06
3.2918e+06
3.307e+06
3.3107e+06
3.3045e+06
3.2931e+06
3.2819e+06
3.2741e+06
3.2688e+06
3.262e+06
3.249e+06
3.227e+06
3.1974e+06
3.1652e+06
3.137e+06
3.1182e+06
3.1104e+06
3.1112e+06
3.1154e+06
3.1182e+06
3.1174e+06
3.1143e+06
3.1134e+06
3.1198e+06
3.1368e+06
3.1638e+06
3.1969e+06
3.2304e+06
3.2593e+06
3.2817e+06
3.2991e+06
3.3151e+06
3.3326e+06
3.3523e+06
3.3712e+06
3.3842e+06
3.3864e+06
3.3759e+06
3.3547e+06
3.3281e+06
3.3022e+06
3.2817e+06
3.2676e+06
3.2575e+06
3.2473e+06
3.2336e+06
3.2158e+06
3.1961e+06
3.1786e+06
3.1673e+06
3.1644e+06
3.1693e+06
3.1795e+06
3.1921e+06
3.2056e+06
3.2206e+06
3.2397e+06
3.2651e+06
3.2973e+06
3.3336e+06
3.3685e+06
3.3956e+06
3.4106e+06
3.4128e+06
3.4057e+06
3.3951e+06
3.3863e+06
3.3818e+06
3.3794e+06
3.3741e+06
3.3604e+06
3.3354e+06
3.3007e+06
3.2616e+06
3.2257e+06
3.1994e+06
3.1857e+06
3.1827e+06
3.1857e+06
3.1893e+06
3.1903e+06
3.1895e+06
3.1909e+06
3.2002e+06
3.222e+06
3.2567e+06
3.3e+06
3.3443e+06
3.3811e+06
3.4051e+06
3.4151e+06
3.4149e+06
3.4106e+06
3.408e+06
3.4094e+06
3.4129e+06
3.4134e+06
3.4055e+06
3.3865e+06
3.3577e+06
3.3244e+06
3.2937e+06
3.2715e+06
3.2605e+06
3.2596e+06
3.2644e+06
3.2701e+06
3.2734e+06
3.2741e+06
3.2747e+06
3.2794e+06
3.2919e+06
3.3138e+06
3.3434e+06
3.3767e+06
3.4087e+06
3.4355e+06
3.4555e+06
3.469e+06
3.478e+06
3.4837e+06
3.4862e+06
3.4838e+06
3.4746e+06
3.4574e+06
3.4331e+06
3.4045e+06
3.3762e+06
3.3521e+06
3.3345e+06
3.3235e+06
3.3171e+06
3.3129e+06
3.3096e+06
3.3079e+06
3.3102e+06
3.3201e+06
3.3401e+06
3.3704e+06
3.4082e+06
3.4481e+06
3.4841e+06
3.5116e+06
3.5289e+06
3.5375e+06
3.5408e+06
3.5425e+06
3.544e+06
3.5441e+06
3.5394e+06
3.5262e+06
3.503e+06
3.4712e+06
3.4359e+06
3.4039e+06
3.3816e+06
3.3727e+06
3.3772e+06
3.3914e+06
3.4101e+06
3.4284e+06
3.444e+06
3.4574e+06
3.4717e+06
3.4907e+06
3.5169e+06
3.5495e+06
3.5846e+06
3.616e+06
3.6376e+06
3.6459e+06
3.6405e+06
3.6249e+06
3.6038e+06
3.582e+06
3.5618e+06
3.5431e+06
3.5235e+06
3.5008e+06
3.4742e+06
3.4453e+06
3.4179e+06
3.3968e+06
3.3859e+06
3.3868e+06
3.3982e+06
3.4166e+06
3.4377e+06
3.4579e+06
3.4759e+06
3.4922e+06
3.5093e+06
3.5291e+06
3.5518e+06
3.5751e+06
3.5946e+06
3.6054e+06
3.604e+06
3.5899e+06
3.5657e+06
3.5362e+06
3.5068e+06
3.4815e+06
3.462e+06
3.4477e+06
3.4369e+06
3.4281e+06
3.4212e+06
3.4181e+06
3.4217e+06
3.4348e+06
3.4584e+06
3.4907e+06
3.5269e+06
3.5607e+06
3.5861e+06
3.5995e+06
3.6008e+06
3.5933e+06
3.5823e+06
3.5728e+06
3.5673e+06
3.5651e+06
3.5629e+06
3.5564e+06
3.5425e+06
3.5213e+06
3.4956e+06
3.4707e+06
3.4524e+06
3.4448e+06
3.4491e+06
3.4636e+06
3.4838e+06
3.5049e+06
3.523e+06
3.5366e+06
3.5467e+06
3.5558e+06
3.5662e+06
3.5785e+06
3.5906e+06
3.5987e+06
3.5983e+06
3.5867e+06
3.564e+06
3.5336e+06
3.5012e+06
3.4726e+06
3.4523e+06
3.4417e+06
3.4391e+06
3.4412e+06
3.4441e+06
3.4455e+06
3.4456e+06
3.4466e+06
3.4524e+06
3.4662e+06
3.4887e+06
3.5177e+06
3.5478e+06
3.5725e+06
3.5863e+06
3.5866e+06
3.5748e+06
3.5548e+06
3.5323e+06
3.5117e+06
3.4954e+06
3.4826e+06
3.4708e+06
3.4571e+06
3.4404e+06
3.4222e+06
3.4065e+06
3.3991e+06
3.4051e+06
3.4272e+06
3.4638e+06
3.5088e+06
3.5535e+06
3.5887e+06
3.608e+06
3.6091e+06
3.5945e+06
3.5705e+06
3.5445e+06
3.5223e+06
3.5065e+06
3.4956e+06
3.4859e+06
3.4735e+06
3.4564e+06
3.4357e+06
3.4157e+06
3.4022e+06
3.401e+06
3.4154e+06
3.4444e+06
3.4831e+06
3.5236e+06
3.5574e+06
3.5781e+06
3.5829e+06
3.5734e+06
3.5544e+06
3.5323e+06
3.5123e+06
3.4971e+06
3.4858e+06
3.4758e+06
3.4638e+06
3.4482e+06
3.43e+06
3.4124e+06
3.3999e+06
3.397e+06
3.406e+06
3.4262e+06
3.4536e+06
3.4825e+06
3.5066e+06
3.5215e+06
3.5256e+06
3.5204e+06
3.5098e+06
3.4983e+06
3.4892e+06
3.483e+06
3.4781e+06
3.4714e+06
3.4601e+06
3.4434e+06
3.4232e+06
3.4036e+06
3.39e+06
3.3873e+06
3.3983e+06
3.4225e+06
3.4558e+06
3.4922e+06
3.5248e+06
3.5481e+06
3.5596e+06
3.5599e+06
3.5524e+06
3.5415e+06
3.5311e+06
3.5231e+06
3.517e+06
3.5104e+06
3.501e+06
3.4874e+06
3.4703e+06
3.4525e+06
3.4379e+06
3.4309e+06
3.4342e+06
3.4484e+06
3.4713e+06
3.4986e+06
3.5246e+06
3.5445e+06
3.5551e+06
3.5557e+06
3.5481e+06
3.5353e+06
3.5206e+06
3.506e+06
3.4925e+06
3.4795e+06
3.4662e+06
3.4523e+06
3.4388e+06
3.4277e+06
3.4218e+06
3.4235e+06
3.4341e+06
3.4529e+06
3.4766e+06
3.5006e+06
3.5195e+06
3.5288e+06
3.5267e+06
3.5138e+06
3.4937e+06
3.4713e+06
3.4515e+06
3.4375e+06
3.4303e+06
3.4287e+06
3.4302e+06
3.432e+06
3.4326e+06
3.4318e+06
3.4312e+06
3.4334e+06
3.4411e+06
3.4559e+06
3.477e+06
3.5011e+06
3.5229e+06
3.5368e+06
3.5385e+06
3.5266e+06
3.5028e+06
3.472e+06
3.4406e+06
3.4148e+06
3.399e+06
3.395e+06
3.4016e+06
3.4155e+06
3.4324e+06
3.4485e+06
3.4615e+06
3.4707e+06
3.4774e+06
3.4835e+06
3.4904e+06
3.4981e+06
3.5044e+06
3.5059e+06
3.4991e+06
3.4819e+06
3.4546e+06
3.4206e+06
3.3856e+06
3.3561e+06
3.3381e+06
3.3354e+06
3.3482e+06
3.3733e+06
3.4046e+06
3.4352e+06
3.4584e+06
3.4699e+06
3.4688e+06
3.4569e+06
3.4387e+06
3.4193e+06
3.4029e+06
3.392e+06
3.3865e+06
3.385e+06
3.3854e+06
3.3861e+06
3.3866e+06
3.3878e+06
3.3913e+06
3.3986e+06
3.4107e+06
3.427e+06
3.4452e+06
3.4616e+06
3.4722e+06
3.4737e+06
3.4647e+06
3.4463e+06
3.4221e+06
3.397e+06
3.3764e+06
3.3644e+06
3.3631e+06
3.3718e+06
3.3878e+06
3.4072e+06
3.4257e+06
3.4399e+06
3.4481e+06
3.4504e+06
3.4485e+06
3.4446e+06
3.4405e+06
3.4367e+06
3.4319e+06
3.4237e+06
3.4098e+06
3.3891e+06
3.3624e+06
3.3328e+06
3.3052e+06
3.2848e+06
3.2762e+06
3.2821e+06
3.3021e+06
3.3329e+06
3.3684e+06
3.4016e+06
3.4257e+06
3.436e+06
3.4309e+06
3.4119e+06
3.3834e+06
3.3512e+06
3.3213e+06
3.2984e+06
3.2852e+06
3.2819e+06
3.287e+06
3.2977e+06
3.3109e+06
3.3239e+06
3.3348e+06
3.3429e+06
3.3482e+06
3.3507e+06
3.3503e+06
3.3462e+06
3.3372e+06
3.3223e+06
3.3014e+06
3.276e+06
3.2491e+06
3.2244e+06
3.2063e+06
3.1981e+06
3.2017e+06
3.2163e+06
3.2393e+06
3.2658e+06
3.2903e+06
3.3079e+06
3.3151e+06
3.311e+06
3.2971e+06
3.277e+06
3.2553e+06
3.2366e+06
3.2241e+06
3.2192e+06
3.2214e+06
3.2287e+06
3.2384e+06
3.2478e+06
3.2548e+06
3.2588e+06
3.2602e+06
3.2606e+06
3.2616e+06
3.2642e+06
3.2681e+06
3.2714e+06
3.2717e+06
3.267e+06
3.2564e+06
3.2407e+06
3.2223e+06
3.205e+06
3.1924e+06
3.1881e+06
3.1934e+06
3.2079e+06
3.2287e+06
3.2508e+06
3.2686e+06
3.2771e+06
3.2731e+06
3.2563e+06
3.2293e+06
3.1972e+06
3.1662e+06
3.1425e+06
3.1304e+06
3.1317e+06
3.145e+06
3.1661e+06
3.1893e+06
3.2085e+06
3.2184e+06
3.2162e+06
3.2016e+06
3.1771e+06
3.1469e+06
3.116e+06
3.089e+06
3.0688e+06
3.0562e+06
3.0507e+06
3.0505e+06
3.0532e+06
3.0568e+06
3.0599e+06
3.0619e+06
3.0631e+06
3.0644e+06
3.0665e+06
3.0693e+06
3.0718e+06
3.0718e+06
3.0673e+06
3.0567e+06
3.04e+06
3.0188e+06
2.996e+06
2.9759e+06
2.9622e+06
2.9581e+06
2.965e+06
2.9819e+06
3.0055e+06
3.0306e+06
3.0512e+06
3.0619e+06
3.0594e+06
3.0427e+06
3.0142e+06
2.9786e+06
2.942e+06
2.9107e+06
2.8898e+06
2.882e+06
2.8874e+06
2.903e+06
2.9239e+06
2.9444e+06
2.9593e+06
2.9649e+06
2.9598e+06
2.9454e+06
2.9248e+06
2.9024e+06
2.8827e+06
2.8689e+06
2.8629e+06
2.8646e+06
2.8721e+06
2.8827e+06
2.8931e+06
2.9004e+06
2.903e+06
2.9005e+06
2.8938e+06
2.8851e+06
2.8766e+06
2.87e+06
2.8663e+06
2.8655e+06
2.8667e+06
2.869e+06
2.8712e+06
2.8728e+06
2.8736e+06
2.8737e+06
2.8738e+06
2.8746e+06
2.8765e+06
2.8793e+06
2.8823e+06
2.8841e+06
2.8833e+06
2.8791e+06
2.8715e+06
2.8616e+06
2.851e+06
2.8423e+06
2.8374e+06
2.8381e+06
2.8447e+06
2.8563e+06
2.8706e+06
2.8841e+06
2.8933e+06
2.895e+06
2.8877e+06
2.8718e+06
2.8496e+06
2.8249e+06
2.8024e+06
2.7863e+06
2.7798e+06
2.7842e+06
2.7983e+06
2.8191e+06
2.8421e+06
2.8621e+06
2.8748e+06
2.8773e+06
2.869e+06
2.8518e+06
2.8295e+06
2.807e+06
2.7891e+06
2.7797e+06
2.7804e+06
2.7907e+06
2.8078e+06
2.8272e+06
2.8441e+06
2.854e+06
2.8543e+06
2.8443e+06
2.8259e+06
2.8029e+06
2.7803e+06
2.7627e+06
2.754e+06
2.7559e+06
2.7679e+06
2.7873e+06
2.8097e+06
2.8302e+06
2.8442e+06
2.8484e+06
2.842e+06
2.8263e+06
2.8049e+06
2.7826e+06
2.7643e+06
2.7542e+06
2.7544e+06
2.7654e+06
2.7849e+06
2.8093e+06
2.8339e+06
2.8538e+06
2.8653e+06
2.8662e+06
2.8566e+06
2.8388e+06
2.8166e+06
2.7944e+06
2.7766e+06
2.766e+06
2.7641e+06
2.7702e+06
2.7824e+06
2.7975e+06
2.812e+06
2.8227e+06
2.8274e+06
2.8254e+06
2.8178e+06
2.8069e+06
2.7957e+06
2.7872e+06
2.7836e+06
2.7857e+06
2.7932e+06
2.8045e+06
2.817e+06
2.8279e+06
2.8346e+06
2.8355e+06
2.8303e+06
2.8202e+06
2.8075e+06
2.7954e+06
2.7868e+06
2.7842e+06
2.7887e+06
2.8e+06
2.8167e+06
2.8362e+06
2.8553e+06
2.8709e+06
2.8804e+06
2.8824e+06
2.8771e+06
2.866e+06
2.8518e+06
2.8375e+06
2.8259e+06
2.819e+06
2.8178e+06
2.8222e+06
2.8307e+06
2.8414e+06
2.8516e+06
2.8587e+06
2.861e+06
2.8579e+06
2.8505e+06
2.8408e+06
2.8316e+06
2.8258e+06
2.8253e+06
2.8312e+06
2.8434e+06
2.8606e+06
2.8802e+06
2.8994e+06
2.9149e+06
2.9241e+06
2.9257e+06
2.9199e+06
2.9087e+06
2.8947e+06
2.8815e+06
2.8719e+06
2.8683e+06
2.8713e+06
2.8805e+06
2.8939e+06
2.9087e+06
2.9215e+06
2.929e+06
2.9293e+06
2.922e+06
2.9087e+06
2.8924e+06
2.877e+06
2.8662e+06
2.863e+06
2.8688e+06
2.8833e+06
2.9046e+06
2.9293e+06
2.9532e+06
2.972e+06
2.9827e+06
2.9835e+06
2.9752e+06
2.9602e+06
2.9426e+06
2.9269e+06
2.9173e+06
2.9166e+06
2.9256e+06
2.9431e+06
2.9658e+06
2.9894e+06
3.0091e+06
3.0209e+06
3.0225e+06
3.0138e+06
2.9971e+06
2.9764e+06
2.9569e+06
2.9436e+06
2.9402e+06
2.9483e+06
2.9671e+06
2.9935e+06
3.0224e+06
3.0483e+06
3.0657e+06
3.0712e+06
3.0632e+06
3.0432e+06
3.0147e+06
2.983e+06
2.9539e+06
2.9325e+06
2.922e+06
2.9235e+06
2.9354e+06
2.9544e+06
2.9754e+06
2.9938e+06
3.0053e+06
3.0078e+06
3.0012e+06
2.9876e+06
2.9706e+06
2.9544e+06
2.9429e+06
2.9389e+06
2.9432e+06
2.955e+06
2.9716e+06
2.9893e+06
3.0043e+06
3.0132e+06
3.0144e+06
3.0076e+06
2.9944e+06
2.9777e+06
2.9605e+06
2.946e+06
2.936e+06
2.9317e+06
2.9328e+06
2.9381e+06
2.9457e+06
2.9536e+06
2.9599e+06
2.9633e+06
2.9635e+06
2.961e+06
2.9566e+06
2.9514e+06
2.946e+06
2.9408e+06
2.936e+06
2.9315e+06
2.9276e+06
2.9249e+06
2.9239e+06
2.9253e+06
2.9295e+06
2.9366e+06
2.9463e+06
2.9573e+06
2.9677e+06
2.9751e+06
2.9768e+06
2.9712e+06
2.9578e+06
2.9375e+06
2.9132e+06
2.8886e+06
2.868e+06
2.8549e+06
2.8517e+06
2.8589e+06
2.8751e+06
2.8967e+06
2.9193e+06
2.9381e+06
2.9492e+06
2.9505e+06
2.9423e+06
2.9269e+06
2.9084e+06
2.8916e+06
2.881e+06
2.8796e+06
2.8884e+06
2.906e+06
2.9293e+06
2.9538e+06
2.975e+06
2.9894e+06
2.9949e+06
2.9916e+06
2.9816e+06
2.9681e+06
2.9549e+06
2.9452e+06
2.9412e+06
2.9434e+06
2.9512e+06
2.9627e+06
2.9757e+06
2.9878e+06
2.9974e+06
3.0038e+06
3.007e+06
3.008e+06
3.0077e+06
3.0067e+06
3.0053e+06
3.0028e+06
2.9987e+06
2.9926e+06
2.985e+06
2.977e+06
2.9704e+06
2.9673e+06
2.9696e+06
2.9783e+06
2.9932e+06
3.0124e+06
3.0328e+06
3.0503e+06
3.0612e+06
3.0626e+06
3.0538e+06
3.0361e+06
3.0129e+06
2.9891e+06
2.9698e+06
2.959e+06
2.9591e+06
2.9698e+06
2.9885e+06
3.0108e+06
3.0314e+06
3.0457e+06
3.0504e+06
3.0447e+06
3.0298e+06
3.0091e+06
2.9867e+06
2.9667e+06
2.9521e+06
2.9443e+06
2.9429e+06
2.9464e+06
2.9525e+06
2.9591e+06
2.9645e+06
2.9682e+06
2.9706e+06
2.9729e+06
2.9761e+06
2.9807e+06
2.9861e+06
2.9904e+06
2.9917e+06
2.9883e+06
2.9798e+06
2.9673e+06
2.9535e+06
2.942e+06
2.9364e+06
2.9392e+06
2.9514e+06
2.9715e+06
2.996e+06
3.0196e+06
3.0372e+06
3.0444e+06
3.0393e+06
3.0225e+06
2.9977e+06
2.9701e+06
2.9458e+06
2.9299e+06
2.9256e+06
2.9334e+06
2.9513e+06
2.9754e+06
3.0009e+06
3.0234e+06
3.0397e+06
3.0485e+06
3.0505e+06
3.0477e+06
3.0428e+06
3.0377e+06
3.033e+06
3.0282e+06
3.0217e+06
3.0123e+06
2.9997e+06
2.9846e+06
2.9694e+06
2.9571e+06
2.9509e+06
2.9529e+06
2.9634e+06
2.9808e+06
3.0013e+06
3.0198e+06
3.0315e+06
3.0328e+06
3.0224e+06
3.0018e+06
2.9749e+06
2.9471e+06
2.9238e+06
2.9091e+06
2.9052e+06
2.9116e+06
2.9258e+06
2.9443e+06
2.9633e+06
2.9797e+06
2.9918e+06
2.9997e+06
3.0045e+06
3.0076e+06
3.0102e+06
3.0121e+06
3.0121e+06
3.0082e+06
2.999e+06
2.9842e+06
2.9656e+06
2.9462e+06
2.9304e+06
2.9224e+06
2.9252e+06
2.9397e+06
2.9643e+06
2.9951e+06
3.0266e+06
3.0533e+06
3.071e+06
3.0777e+06
3.074e+06
3.0627e+06
3.0479e+06
3.0336e+06
3.0225e+06
3.0155e+06
3.0118e+06
3.0096e+06
3.007e+06
3.0027e+06
2.9968e+06
2.9906e+06
2.9861e+06
2.9858e+06
2.9912e+06
3.0022e+06
3.017e+06
3.0319e+06
3.0429e+06
3.0466e+06
3.0417e+06
3.0287e+06
3.0108e+06
2.9921e+06
2.977e+06
2.9688e+06
2.9689e+06
2.9765e+06
2.9891e+06
3.0035e+06
3.0168e+06
3.027e+06
3.0339e+06
3.0384e+06
3.042e+06
3.0458e+06
3.0501e+06
3.0535e+06
3.0537e+06
3.0488e+06
3.0376e+06
3.021e+06
3.0016e+06
2.9836e+06
2.9714e+06
2.9688e+06
2.9775e+06
2.9963e+06
3.0219e+06
3.0489e+06
3.072e+06
3.0868e+06
3.0914e+06
3.0864e+06
3.0748e+06
3.0604e+06
3.0471e+06
3.0369e+06
3.0299e+06
3.0246e+06
3.0186e+06
3.0105e+06
2.9998e+06
2.988e+06
2.9781e+06
2.9734e+06
2.9766e+06
2.9888e+06
3.0085e+06
3.0319e+06
3.0536e+06
3.0687e+06
3.0736e+06
3.0674e+06
3.0518e+06
3.0308e+06
3.0091e+06
2.9906e+06
2.9778e+06
2.9706e+06
2.9676e+06
2.9666e+06
2.9658e+06
2.965e+06
2.9649e+06
2.9676e+06
2.9753e+06
2.9889e+06
3.0076e+06
3.0282e+06
3.0462e+06
3.0567e+06
3.0565e+06
3.0446e+06
3.0233e+06
2.9971e+06
2.9718e+06
2.9525e+06
2.9422e+06
2.9412e+06
2.9472e+06
2.9566e+06
2.9656e+06
2.9717e+06
2.9747e+06
2.9759e+06
2.9783e+06
2.9845e+06
2.9958e+06
3.0113e+06
3.0276e+06
3.0401e+06
3.0446e+06
3.0385e+06
3.0224e+06
2.9992e+06
2.974e+06
2.9518e+06
2.9368e+06
2.9303e+06
2.9316e+06
2.9379e+06
2.9459e+06
2.953e+06
2.9584e+06
2.9625e+06
2.967e+06
2.9736e+06
2.9828e+06
2.9933e+06
3.0022e+06
3.0057e+06
3.0008e+06
2.9868e+06
2.9652e+06
2.9399e+06
2.916e+06
2.8981e+06
2.8888e+06
2.8882e+06
2.8938e+06
2.9019e+06
2.9093e+06
2.9139e+06
2.9162e+06
2.9182e+06
2.9234e+06
2.9343e+06
2.9515e+06
2.9727e+06
2.9931e+06
3.0072e+06
3.0106e+06
3.0016e+06
2.9821e+06
2.9567e+06
2.9317e+06
2.9125e+06
2.9021e+06
2.9002e+06
2.9036e+06
2.9082e+06
2.9101e+06
2.9078e+06
2.9025e+06
2.8978e+06
2.898e+06
2.9069e+06
2.9251e+06
2.9499e+06
2.9755e+06
2.9948e+06
3.0022e+06
2.9949e+06
2.9744e+06
2.9454e+06
2.9147e+06
2.8887e+06
2.8715e+06
2.8637e+06
2.8628e+06
2.865e+06
2.8666e+06
2.8658e+06
2.8633e+06
2.8616e+06
2.8639e+06
2.8726e+06
2.888e+06
2.9077e+06
2.9275e+06
2.9428e+06
2.9504e+06
2.9491e+06
2.9407e+06
2.9282e+06
2.9153e+06
2.9042e+06
2.8951e+06
2.8865e+06
2.8763e+06
2.8632e+06
2.8478e+06
2.8326e+06
2.8216e+06
2.8188e+06
2.8263e+06
2.8437e+06
2.8673e+06
2.892e+06
2.9121e+06
2.924e+06
2.9268e+06
2.9227e+06
2.9157e+06
2.9104e+06
2.9092e+06
2.9117e+06
2.9147e+06
2.9137e+06
2.9054e+06
2.8886e+06
2.8656e+06
2.8411e+06
2.8206e+06
2.8087e+06
2.8072e+06
2.8144e+06
2.8265e+06
2.8387e+06
2.8472e+06
2.8508e+06
2.8508e+06
2.8504e+06
2.8533e+06
2.8613e+06
2.8739e+06
2.8876e+06
2.8976e+06
2.9e+06
2.8927e+06
2.8771e+06
2.8568e+06
2.8364e+06
2.8199e+06
2.8087e+06
2.8019e+06
2.7968e+06
2.7911e+06
2.7835e+06
2.7753e+06
2.7699e+06
2.7711e+06
2.7819e+06
2.8025e+06
2.8299e+06
2.8585e+06
2.8824e+06
2.897e+06
2.9012e+06
2.8969e+06
2.8888e+06
2.8819e+06
2.8792e+06
2.8804e+06
2.8824e+06
2.8802e+06
2.87e+06
2.8508e+06
2.8249e+06
2.7974e+06
2.7747e+06
2.7616e+06
2.76e+06
2.7681e+06
2.7815e+06
2.7952e+06
2.8053e+06
2.8106e+06
2.8125e+06
2.8144e+06
2.8196e+06
2.8297e+06
2.8436e+06
2.8577e+06
2.8678e+06
2.8708e+06
2.8657e+06
2.8543e+06
2.84e+06
2.8262e+06
2.8148e+06
2.8053e+06
2.7958e+06
2.7839e+06
2.7686e+06
2.7508e+06
2.7337e+06
2.7214e+06
2.7175e+06
2.7232e+06
2.737e+06
2.7551e+06
2.7728e+06
2.7868e+06
2.796e+06
2.8022e+06
2.8086e+06
2.8181e+06
2.8315e+06
2.8468e+06
2.8594e+06
2.8645e+06
2.8588e+06
2.8422e+06
2.8183e+06
2.7924e+06
2.77e+06
2.7547e+06
2.7466e+06
2.7432e+06
2.7407e+06
2.7363e+06
2.7294e+06
2.7221e+06
2.7183e+06
2.7217e+06
2.7341e+06
2.7542e+06
2.7778e+06
2.8e+06
2.8166e+06
2.826e+06
2.8298e+06
2.8314e+06
2.8345e+06
2.8406e+06
2.8483e+06
2.8538e+06
2.8525e+06
2.8418e+06
2.822e+06
2.7967e+06
2.7714e+06
2.7511e+06
2.7385e+06
2.7326e+06
2.7301e+06
2.7267e+06
2.7198e+06
2.7098e+06
2.6999e+06
2.6948e+06
2.6989e+06
2.7133e+06
2.736e+06
2.7616e+06
2.7843e+06
2.7995e+06
2.8065e+06
2.8074e+06
2.8071e+06
2.8096e+06
2.8167e+06
2.8265e+06
2.8345e+06
2.8359e+06
2.8276e+06
2.8103e+06
2.7876e+06
2.765e+06
2.747e+06
2.7355e+06
2.7291e+06
2.7244e+06
2.7181e+06
2.7085e+06
2.6971e+06
2.6873e+06
2.6833e+06
2.6879e+06
2.701e+06
2.7192e+06
2.738e+06
2.7529e+06
2.7623e+06
2.7673e+06
2.7714e+06
2.7785e+06
2.7904e+06
2.8058e+06
2.8206e+06
2.8298e+06
2.8298e+06
2.8202e+06
2.8039e+06
2.7857e+06
2.7702e+06
2.7597e+06
2.7533e+06
2.748e+06
2.7403e+06
2.7283e+06
2.713e+06
2.6974e+06
2.6856e+06
2.6804e+06
2.6823e+06
2.6894e+06
2.6984e+06
2.7065e+06
2.713e+06
2.7192e+06
2.7282e+06
2.7425e+06
2.7623e+06
2.7853e+06
2.8069e+06
2.8225e+06
2.8295e+06
2.8284e+06
2.8225e+06
2.8163e+06
2.813e+06
2.8132e+06
2.8141e+06
2.8116e+06
2.8023e+06
2.7853e+06
2.763e+06
2.7395e+06
2.7192e+06
2.7045e+06
2.6951e+06
2.6881e+06
2.6807e+06
2.6712e+06
2.6604e+06
2.6517e+06
2.6486e+06
2.6535e+06
2.6661e+06
2.6834e+06
2.7008e+06
2.7148e+06
2.7243e+06
2.731e+06
2.7384e+06
2.7495e+06
2.7652e+06
2.7829e+06
2.7982e+06
2.8065e+06
2.8057e+06
2.7973e+06
2.7851e+06
2.7741e+06
2.7672e+06
2.7641e+06
2.7614e+06
2.755e+06
2.7419e+06
2.7224e+06
2.7002e+06
2.6801e+06
2.6666e+06
2.6607e+06
2.6602e+06
2.6609e+06
2.6588e+06
2.652e+06
2.6424e+06
2.6341e+06
2.6317e+06
2.6379e+06
2.6519e+06
2.67e+06
2.6873e+06
2.7003e+06
2.7083e+06
2.7135e+06
2.7194e+06
2.7285e+06
2.7409e+06
2.7538e+06
2.7629e+06
2.7652e+06
2.7601e+06
2.75e+06
2.7389e+06
2.7302e+06
2.7247e+06
2.7205e+06
2.714e+06
2.7026e+06
2.6859e+06
2.6664e+06
2.648e+06
2.6341e+06
2.6254e+06
2.6202e+06
2.6148e+06
2.6063e+06
2.5944e+06
2.5815e+06
2.5724e+06
2.571e+06
2.5788e+06
2.5935e+06
2.6101e+06
2.6233e+06
2.6304e+06
2.6322e+06
2.6329e+06
2.6375e+06
2.6491e+06
2.6668e+06
2.6862e+06
2.7014e+06
2.7084e+06
2.7068e+06
2.7e+06
2.6928e+06
2.6892e+06
2.6893e+06
2.69e+06
2.6865e+06
2.6754e+06
2.6567e+06
2.6337e+06
2.6118e+06
2.5951e+06
2.5844e+06
2.5768e+06
2.5679e+06
2.5541e+06
2.5354e+06
2.5148e+06
2.4975e+06
2.4878e+06
2.4867e+06
2.4916e+06
2.4974e+06
2.4999e+06
2.4974e+06
2.4921e+06
2.4884e+06
2.4905e+06
2.5004e+06
2.5162e+06
2.5336e+06
2.5483e+06
2.5583e+06
2.5648e+06
2.5711e+06
2.58e+06
2.5921e+06
2.6046e+06
2.613e+06
2.6138e+06
2.6063e+06
2.5938e+06
2.5813e+06
2.573e+06
2.5697e+06
2.5683e+06
2.5638e+06
2.5522e+06
2.533e+06
2.5098e+06
2.488e+06
2.4721e+06
2.4629e+06
2.4572e+06
2.4497e+06
2.4362e+06
2.416e+06
2.3929e+06
2.3724e+06
2.3595e+06
2.3554e+06
2.3572e+06
2.3596e+06
2.3579e+06
2.3512e+06
2.3426e+06
2.3376e+06
2.3411e+06
2.3543e+06
2.3739e+06
2.3937e+06
2.4081e+06
2.4151e+06
2.4166e+06
2.4178e+06
2.4235e+06
2.4352e+06
2.4506e+06
2.4648e+06
2.4734e+06
2.475e+06
2.4718e+06
2.4678e+06
2.466e+06
2.4665e+06
2.466e+06
2.4604e+06
2.4477e+06
2.4294e+06
2.4099e+06
2.3945e+06
2.3853e+06
2.3803e+06
2.374e+06
2.3608e+06
2.3384e+06
2.3089e+06
2.2786e+06
2.2541e+06
2.239e+06
2.232e+06
2.2279e+06
2.2209e+06
2.2078e+06
2.1902e+06
2.1732e+06
2.1623e+06
2.1605e+06
2.1665e+06
2.1752e+06
2.1814e+06
2.1826e+06
2.1799e+06
2.1776e+06
2.1802e+06
2.1894e+06
2.2031e+06
2.217e+06
2.2271e+06
2.2324e+06
2.2355e+06
2.2409e+06
2.2521e+06
2.2687e+06
2.2866e+06
2.3003e+06
2.3056e+06
2.3025e+06
2.2949e+06
2.288e+06
2.2855e+06
2.2875e+06
2.2903e+06
2.2898e+06
2.2834e+06
2.2723e+06
2.2598e+06
2.2496e+06
2.2423e+06
2.2356e+06
2.2254e+06
2.2091e+06
2.1871e+06
2.1631e+06
2.1423e+06
2.1276e+06
2.1182e+06
2.1098e+06
2.0977e+06
2.0792e+06
2.0562e+06
2.0335e+06
2.0164e+06
2.0073e+06
2.0046e+06
2.0034e+06
1.9992e+06
1.9903e+06
1.979e+06
1.9701e+06
1.9679e+06
1.9732e+06
1.9828e+06
1.9917e+06
1.996e+06
1.9954e+06
1.9936e+06
1.9958e+06
2.005e+06
2.0203e+06
2.037e+06
2.0495e+06
2.0551e+06
2.0554e+06
2.0558e+06
2.0619e+06
2.0759e+06
2.0946e+06
2.112e+06
2.1222e+06
2.1231e+06
2.1176e+06
2.1115e+06
2.1098e+06
2.1137e+06
2.12e+06
2.1235e+06
2.1206e+06
2.1115e+06
2.0999e+06
2.0906e+06
2.0859e+06
2.0842e+06
2.0813e+06
2.0731e+06
2.0584e+06
2.0397e+06
2.0211e+06
2.0058e+06
1.9936e+06
1.9816e+06
1.9663e+06
1.9468e+06
1.9253e+06
1.9059e+06
1.8921e+06
1.884e+06
1.8778e+06
1.8686e+06
1.8532e+06
1.8326e+06
1.8114e+06
1.7951e+06
1.7866e+06
1.7843e+06
1.7833e+06
1.7785e+06
1.7683e+06
1.7554e+06
1.7453e+06
1.7427e+06
1.7485e+06
1.7588e+06
1.7677e+06
1.771e+06
1.7686e+06
1.7646e+06
1.7647e+06
1.7722e+06
1.7858e+06
1.8006e+06
1.8113e+06
1.8159e+06
1.8167e+06
1.819e+06
1.8272e+06
1.8415e+06
1.8578e+06
1.8705e+06
1.876e+06
1.8757e+06
1.875e+06
1.8799e+06
1.8926e+06
1.9103e+06
1.9262e+06
1.9347e+06
1.9341e+06
1.9282e+06
1.9235e+06
1.925e+06
1.933e+06
1.9431e+06
1.9494e+06
1.9488e+06
1.9424e+06
1.9348e+06
1.9305e+06
1.9307e+06
1.9324e+06
1.9308e+06
1.923e+06
1.9097e+06
1.895e+06
1.8836e+06
1.8769e+06
1.8725e+06
1.8657e+06
1.8532e+06
1.8352e+06
1.8156e+06
1.7994e+06
1.7887e+06
1.7818e+06
1.7738e+06
1.7602e+06
1.7402e+06
1.7171e+06
1.6962e+06
1.6813e+06
1.6722e+06
1.665e+06
1.6547e+06
1.6389e+06
1.6192e+06
1.5997e+06
1.5845e+06
1.5751e+06
1.5692e+06
1.5629e+06
1.5533e+06
1.5405e+06
1.527e+06
1.5157e+06
1.508e+06
1.5028e+06
1.4978e+06
1.4916e+06
1.485e+06
1.4806e+06
1.4805e+06
1.4845e+06
1.49e+06
1.493e+06
1.4915e+06
1.4866e+06
1.4819e+06
1.4813e+06
1.4865e+06
1.4955e+06
1.5044e+06
1.51e+06
1.5123e+06
1.5142e+06
1.5197e+06
1.5304e+06
1.5446e+06
1.5582e+06
1.5675e+06
1.5722e+06
1.5753e+06
1.5815e+06
1.5933e+06
1.6094e+06
1.6252e+06
1.6363e+06
1.6413e+06
1.6427e+06
1.6454e+06
1.6532e+06
1.6662e+06
1.6805e+06
1.692e+06
1.6984e+06
1.7014e+06
1.705e+06
1.7125e+06
1.7238e+06
1.7359e+06
1.7451e+06
1.7498e+06
1.7517e+06
1.7545e+06
1.7605e+06
1.769e+06
1.7766e+06
1.7799e+06
1.7782e+06
1.7746e+06
1.7739e+06
1.779e+06
1.7885e+06
1.7975e+06
1.8008e+06
1.7967e+06
1.7875e+06
1.7786e+06
1.7744e+06
1.7757e+06
1.7797e+06
1.7821e+06
1.7807e+06
1.7765e+06
1.7721e+06
1.7695e+06
1.7679e+06
1.7649e+06
1.7581e+06
1.7483e+06
1.7386e+06
1.7326e+06
1.7315e+06
1.7326e+06
1.7313e+06
1.7244e+06
1.7124e+06
1.6992e+06
1.6893e+06
1.6844e+06
1.682e+06
1.6773e+06
1.6673e+06
1.6529e+06
1.6381e+06
1.6276e+06
1.6224e+06
1.6192e+06
1.6131e+06
1.6009e+06
1.5841e+06
1.5674e+06
1.5557e+06
1.55e+06
1.5463e+06
1.5391e+06
1.525e+06
1.5057e+06
1.4863e+06
1.4723e+06
1.4651e+06
1.4613e+06
1.4555e+06
1.4443e+06
1.4287e+06
1.4127e+06
1.4e+06
1.3914e+06
1.3836e+06
1.3729e+06
1.3579e+06
1.341e+06
1.3265e+06
1.3171e+06
1.3112e+06
1.3041e+06
1.2914e+06
1.2726e+06
1.2513e+06
1.2332e+06
1.2216e+06
1.215e+06
1.2083e+06
1.197e+06
1.1805e+06
1.1624e+06
1.148e+06
1.1399e+06
1.1359e+06
1.1306e+06
1.1197e+06
1.1027e+06
1.0835e+06
1.067e+06
1.056e+06
1.049e+06
1.0417e+06
1.031e+06
1.0171e+06
1.0029e+06
9.9158e+05
9.8373e+05
9.768e+05
9.674e+05
9.5424e+05
9.3923e+05
9.2592e+05
9.1642e+05
9.0947e+05
9.0133e+05
8.8901e+05
8.7293e+05
8.57e+05
8.4577e+05
8.4067e+05
8.3849e+05
8.3377e+05
8.2298e+05
8.0726e+05
7.9173e+05
7.8173e+05
7.7846e+05
7.7779e+05
7.7348e+05
7.6192e+05
7.4485e+05
7.2825e+05
7.1799e+05
7.1517e+05
7.1512e+05
7.1121e+05
6.9986e+05
