1.437e+06
1.4456e+06
1.4477e+06
1.4533e+06
1.471e+06
1.5004e+06
1.5326e+06
1.5562e+06
1.5654e+06
1.564e+06
1.5631e+06
1.5731e+06
1.5972e+06
1.6295e+06
1.6601e+06
1.6829e+06
1.6987e+06
1.713e+06
1.7306e+06
1.7514e+06
1.7706e+06
1.7837e+06
1.7912e+06
1.7994e+06
1.8163e+06
1.8447e+06
1.8798e+06
1.912e+06
1.934e+06
1.9462e+06
1.9558e+06
1.9726e+06
2.0005e+06
2.0355e+06
2.0681e+06
2.0909e+06
2.1037e+06
2.1136e+06
2.1293e+06
2.1552e+06
2.1876e+06
2.2188e+06
2.2429e+06
2.2602e+06
2.2766e+06
2.2988e+06
2.3285e+06
2.3612e+06
2.39e+06
2.4114e+06
2.4278e+06
2.4461e+06
2.472e+06
2.5052e+06
2.5394e+06
2.567e+06
2.585e+06
2.5969e+06
2.6105e+06
2.6325e+06
2.663e+06
2.6967e+06
2.7271e+06
2.7516e+06
2.7733e+06
2.7979e+06
2.8285e+06
2.8628e+06
2.894e+06
2.9169e+06
2.9316e+06
2.9439e+06
2.9613e+06
2.9872e+06
3.0177e+06
3.0449e+06
3.0624e+06
3.0705e+06
3.0763e+06
3.0888e+06
3.1126e+06
3.1443e+06
3.1754e+06
3.1983e+06
3.2115e+06
3.2198e+06
3.2305e+06
3.2472e+06
3.2675e+06
3.285e+06
3.2954e+06
3.2999e+06
3.3052e+06
3.3186e+06
3.3423e+06
3.3712e+06
3.3964e+06
3.4112e+06
3.4153e+06
3.4148e+06
3.4175e+06
3.4278e+06
3.4439e+06
3.4599e+06
3.4713e+06
3.4783e+06
3.4855e+06
3.4978e+06
3.5161e+06
3.536e+06
3.5505e+06
3.5553e+06
3.5515e+06
3.5448e+06
3.5418e+06
3.5452e+06
3.5524e+06
3.5585e+06
3.5596e+06
3.5563e+06
3.5524e+06
3.5513e+06
3.5533e+06
3.5545e+06
3.5506e+06
3.5398e+06
3.5251e+06
3.5125e+06
3.5062e+06
3.5058e+06
3.5059e+06
3.4996e+06
3.4834e+06
3.4595e+06
3.4342e+06
3.414e+06
3.4014e+06
3.3941e+06
3.3866e+06
3.3748e+06
3.3582e+06
3.3395e+06
3.3215e+06
3.3052e+06
3.2887e+06
3.2694e+06
3.2463e+06
3.2217e+06
3.1992e+06
3.1811e+06
3.1659e+06
3.1496e+06
3.1281e+06
3.1005e+06
3.0704e+06
3.0435e+06
3.0241e+06
3.0119e+06
3.0025e+06
2.9898e+06
2.9706e+06
2.9464e+06
2.9222e+06
2.9032e+06
2.8911e+06
2.8833e+06
2.8751e+06
2.8627e+06
2.8461e+06
2.8288e+06
2.8152e+06
2.8074e+06
2.8043e+06
2.8029e+06
2.8008e+06
2.798e+06
2.7972e+06
2.801e+06
2.8097e+06
2.8202e+06
2.8288e+06
2.8335e+06
2.8363e+06
2.8424e+06
2.8568e+06
2.8804e+06
2.9087e+06
2.9345e+06
2.9519e+06
2.9608e+06
2.967e+06
2.9789e+06
3.0023e+06
3.0359e+06
3.0726e+06
3.1035e+06
3.1243e+06
3.1371e+06
3.1497e+06
3.1696e+06
3.1991e+06
3.2334e+06
3.2641e+06
3.2848e+06
3.2959e+06
3.3039e+06
3.3175e+06
3.3413e+06
3.3722e+06
3.4015e+06
3.4204e+06
3.4262e+06
3.4234e+06
3.4214e+06
3.4282e+06
3.4452e+06
3.4667e+06
3.4838e+06
3.4907e+06
3.4878e+06
3.4806e+06
3.4755e+06
3.475e+06
3.4759e+06
3.4721e+06
3.4597e+06
3.4401e+06
3.4195e+06
3.4049e+06
3.3984e+06
3.396e+06
3.3893e+06
3.3714e+06
3.3414e+06
3.3054e+06
3.2726e+06
3.2503e+06
3.2386e+06
3.2312e+06
3.2193e+06
3.1978e+06
3.168e+06
3.1364e+06
3.1105e+06
3.0941e+06
3.0849e+06
3.077e+06
3.065e+06
3.0477e+06
3.0288e+06
3.0137e+06
3.006e+06
3.0045e+06
3.0042e+06
3e+06
2.99e+06
2.9774e+06
2.9682e+06
2.9679e+06
2.9774e+06
2.9929e+06
3.0084e+06
3.02e+06
3.0284e+06
3.0386e+06
3.0561e+06
3.0828e+06
3.1153e+06
3.1463e+06
3.1696e+06
3.1838e+06
3.1941e+06
3.2085e+06
3.2337e+06
3.2697e+06
3.3097e+06
3.3444e+06
3.3672e+06
3.3785e+06
3.385e+06
3.3956e+06
3.4152e+06
3.4418e+06
3.4678e+06
3.4845e+06
3.4884e+06
3.4826e+06
3.475e+06
3.4729e+06
3.4785e+06
3.4871e+06
3.4907e+06
3.4832e+06
3.4642e+06
3.4393e+06
3.4164e+06
3.4005e+06
3.3908e+06
3.3817e+06
3.3666e+06
3.3424e+06
3.312e+06
3.2817e+06
3.2574e+06
3.2409e+06
3.2285e+06
3.2138e+06
3.1921e+06
3.1637e+06
3.1333e+06
3.1076e+06
3.0912e+06
3.0837e+06
3.0805e+06
3.0764e+06
3.069e+06
3.0606e+06
3.0567e+06
3.0623e+06
3.0786e+06
3.1016e+06
3.1242e+06
3.1409e+06
3.1506e+06
3.1574e+06
3.1685e+06
3.1892e+06
3.2199e+06
3.2553e+06
3.288e+06
3.313e+06
3.3309e+06
3.3471e+06
3.369e+06
3.4004e+06
3.439e+06
3.4772e+06
3.5067e+06
3.5232e+06
3.5287e+06
3.5304e+06
3.5358e+06
3.5479e+06
3.5636e+06
3.5757e+06
3.5778e+06
3.5685e+06
3.5523e+06
3.5372e+06
3.5288e+06
3.5268e+06
3.525e+06
3.5145e+06
3.4897e+06
3.4518e+06
3.4086e+06
3.3703e+06
3.3445e+06
3.3314e+06
3.3241e+06
3.3131e+06
3.2917e+06
3.2597e+06
3.2234e+06
3.1923e+06
3.1743e+06
3.1714e+06
3.1796e+06
3.192e+06
3.2027e+06
3.2103e+06
3.2176e+06
3.2298e+06
3.2506e+06
3.2798e+06
3.3135e+06
3.3468e+06
3.3764e+06
3.4025e+06
3.4279e+06
3.4556e+06
3.4861e+06
3.5165e+06
3.5422e+06
3.5597e+06
3.5695e+06
3.5758e+06
3.5845e+06
3.5989e+06
3.6176e+06
3.6344e+06
3.6422e+06
3.637e+06
3.6205e+06
3.5999e+06
3.5833e+06
3.5756e+06
3.5747e+06
3.5731e+06
3.562e+06
3.5367e+06
3.4993e+06
3.4581e+06
3.4233e+06
3.4013e+06
3.3918e+06
3.3879e+06
3.3804e+06
3.3636e+06
3.3384e+06
3.3121e+06
3.2948e+06
3.2944e+06
3.3115e+06
3.3398e+06
3.3695e+06
3.3921e+06
3.4052e+06
3.4128e+06
3.4236e+06
3.4452e+06
3.4804e+06
3.5252e+06
3.571e+06
3.6097e+06
3.6375e+06
3.6567e+06
3.6737e+06
3.6947e+06
3.7217e+06
3.7513e+06
3.7763e+06
3.79e+06
3.79e+06
3.779e+06
3.7632e+06
3.7487e+06
3.7378e+06
3.7282e+06
3.7149e+06
3.6938e+06
3.6642e+06
3.6297e+06
3.5962e+06
3.5684e+06
3.5476e+06
3.5318e+06
3.5169e+06
3.5006e+06
3.4837e+06
3.4704e+06
3.4657e+06
3.4727e+06
3.4897e+06
3.5117e+06
3.5323e+06
3.5476e+06
3.5586e+06
3.5705e+06
3.5905e+06
3.623e+06
3.667e+06
3.7155e+06
3.7588e+06
3.7896e+06
3.8063e+06
3.8137e+06
3.8208e+06
3.835e+06
3.8582e+06
3.885e+06
3.9056e+06
3.9112e+06
3.8987e+06
3.8724e+06
3.8418e+06
3.8166e+06
3.8013e+06
3.7929e+06
3.7829e+06
3.7625e+06
3.7277e+06
3.6819e+06
3.635e+06
3.5985e+06
3.5801e+06
3.5801e+06
3.5909e+06
3.6023e+06
3.6058e+06
3.5995e+06
3.5886e+06
3.5827e+06
3.591e+06
3.6175e+06
3.6584e+06
3.704e+06
3.7438e+06
3.7711e+06
3.7858e+06
3.7944e+06
3.8057e+06
3.8262e+06
3.8563e+06
3.8896e+06
3.9171e+06
3.9314e+06
3.9306e+06
3.9185e+06
3.9026e+06
3.8894e+06
3.8809e+06
3.8737e+06
3.8617e+06
3.8394e+06
3.8058e+06
3.7651e+06
3.7251e+06
3.6935e+06
3.6747e+06
3.6676e+06
3.6673e+06
3.6677e+06
3.6651e+06
3.6601e+06
3.6567e+06
3.6606e+06
3.676e+06
3.7029e+06
3.7373e+06
3.7731e+06
3.8049e+06
3.8304e+06
3.851e+06
3.8704e+06
3.8916e+06
3.9148e+06
3.9367e+06
3.952e+06
3.9563e+06
3.9485e+06
3.932e+06
3.9123e+06
3.8947e+06
3.8813e+06
3.8694e+06
3.8537e+06
3.8292e+06
3.7943e+06
3.7524e+06
3.7105e+06
3.6767e+06
3.6563e+06
3.6493e+06
3.6508e+06
3.6538e+06
3.6523e+06
3.6447e+06
3.6345e+06
3.6292e+06
3.637e+06
3.6627e+06
3.7056e+06
3.7589e+06
3.8131e+06
3.8595e+06
3.8931e+06
3.9141e+06
3.9265e+06
3.9355e+06
3.9445e+06
3.9534e+06
3.9594e+06
3.9586e+06
3.9487e+06
3.9303e+06
3.9065e+06
3.8812e+06
3.8571e+06
3.8342e+06
3.8107e+06
3.7843e+06
3.7543e+06
3.7227e+06
3.6939e+06
3.6734e+06
3.6654e+06
3.6707e+06
3.6868e+06
3.7089e+06
3.7322e+06
3.7539e+06
3.7744e+06
3.7964e+06
3.823e+06
3.855e+06
3.8901e+06
3.9227e+06
3.9467e+06
3.958e+06
3.9564e+06
3.9458e+06
3.9323e+06
3.9207e+06
3.9124e+06
3.9038e+06
3.8892e+06
3.8629e+06
3.8234e+06
3.7741e+06
3.7232e+06
3.6806e+06
3.6541e+06
3.6463e+06
3.654e+06
3.6699e+06
3.686e+06
3.6972e+06
3.7031e+06
3.708e+06
3.7185e+06
3.7402e+06
3.7745e+06
3.8174e+06
3.8608e+06
3.8959e+06
3.9167e+06
3.9221e+06
3.9163e+06
3.9057e+06
3.8963e+06
3.8902e+06
3.8851e+06
3.8761e+06
3.8584e+06
3.8305e+06
3.7956e+06
3.7603e+06
3.7321e+06
3.7162e+06
3.7132e+06
3.7193e+06
3.7281e+06
3.734e+06
3.7343e+06
3.7305e+06
3.728e+06
3.7334e+06
3.7515e+06
3.7826e+06
3.8223e+06
3.8626e+06
3.8954e+06
3.9152e+06
3.9213e+06
3.9171e+06
3.9082e+06
3.8995e+06
3.8925e+06
3.8849e+06
3.8723e+06
3.8502e+06
3.8173e+06
3.776e+06
3.732e+06
3.6921e+06
3.6619e+06
3.6439e+06
3.6367e+06
3.6369e+06
3.6402e+06
3.6443e+06
3.6493e+06
3.6573e+06
3.6713e+06
3.6933e+06
3.7223e+06
3.7543e+06
3.7835e+06
3.8044e+06
3.8137e+06
3.8111e+06
3.7995e+06
3.7826e+06
3.7635e+06
3.7429e+06
3.7197e+06
3.6915e+06
3.6571e+06
3.6179e+06
3.5779e+06
3.5429e+06
3.5187e+06
3.5085e+06
3.5118e+06
3.5248e+06
3.542e+06
3.558e+06
3.5701e+06
3.5787e+06
3.5871e+06
3.5994e+06
3.6188e+06
3.6446e+06
3.6728e+06
3.6963e+06
3.7084e+06
3.7048e+06
3.6854e+06
3.6544e+06
3.6183e+06
3.5836e+06
3.5541e+06
3.5302e+06
3.5093e+06
3.4878e+06
3.4636e+06
3.4368e+06
3.4107e+06
3.3899e+06
3.3791e+06
3.3807e+06
3.3942e+06
3.4158e+06
3.4403e+06
3.4626e+06
3.4798e+06
3.4917e+06
3.5001e+06
3.5079e+06
3.5164e+06
3.5247e+06
3.5292e+06
3.5254e+06
3.5101e+06
3.4826e+06
3.4457e+06
3.405e+06
3.3668e+06
3.3364e+06
3.3162e+06
3.3054e+06
3.3012e+06
3.3001e+06
3.3e+06
3.3007e+06
3.304e+06
3.3127e+06
3.329e+06
3.3529e+06
3.3816e+06
3.4102e+06
3.433e+06
3.4461e+06
3.4479e+06
3.4403e+06
3.4274e+06
3.4136e+06
3.4021e+06
3.3933e+06
3.3852e+06
3.3749e+06
3.3603e+06
3.3414e+06
3.3205e+06
3.302e+06
3.2905e+06
3.2892e+06
3.2984e+06
3.3155e+06
3.3359e+06
3.3543e+06
3.367e+06
3.3729e+06
3.3736e+06
3.3726e+06
3.3735e+06
3.3777e+06
3.3839e+06
3.3881e+06
3.3855e+06
3.3729e+06
3.3496e+06
3.3188e+06
3.2858e+06
3.2572e+06
3.2379e+06
3.2299e+06
3.2322e+06
3.2408e+06
3.251e+06
3.259e+06
3.2633e+06
3.2649e+06
3.2669e+06
3.2726e+06
3.284e+06
3.2999e+06
3.3165e+06
3.3282e+06
3.33e+06
3.3193e+06
3.2968e+06
3.2664e+06
3.2336e+06
3.2039e+06
3.1804e+06
3.1639e+06
3.1526e+06
3.1437e+06
3.1353e+06
3.1269e+06
3.1205e+06
3.1192e+06
3.1266e+06
3.1443e+06
3.1711e+06
3.2026e+06
3.2325e+06
3.2542e+06
3.2634e+06
3.2591e+06
3.2439e+06
3.2228e+06
3.2014e+06
3.1834e+06
3.17e+06
3.1594e+06
3.1487e+06
3.1353e+06
3.1188e+06
3.1016e+06
3.0882e+06
3.0839e+06
3.0927e+06
3.1155e+06
3.1489e+06
3.1861e+06
3.2185e+06
3.2386e+06
3.2422e+06
3.2296e+06
3.2056e+06
3.1775e+06
3.1528e+06
3.1364e+06
3.1287e+06
3.1267e+06
3.125e+06
3.1187e+06
3.1058e+06
3.0872e+06
3.0672e+06
3.0517e+06
3.0465e+06
3.0545e+06
3.0749e+06
3.1029e+06
3.1312e+06
3.152e+06
3.1602e+06
3.154e+06
3.1362e+06
3.1121e+06
3.0882e+06
3.0692e+06
3.057e+06
3.0497e+06
3.0438e+06
3.0353e+06
3.0222e+06
3.0053e+06
2.9879e+06
2.975e+06
2.9714e+06
2.9798e+06
2.9994e+06
3.0259e+06
3.0524e+06
3.0718e+06
3.0787e+06
3.0711e+06
3.051e+06
3.0234e+06
2.9946e+06
2.9697e+06
2.9513e+06
2.9386e+06
2.9287e+06
2.918e+06
2.9039e+06
2.8865e+06
2.868e+06
2.8528e+06
2.8457e+06
2.8499e+06
2.866e+06
2.8909e+06
2.9188e+06
2.9425e+06
2.9557e+06
2.9551e+06
2.9408e+06
2.9165e+06
2.888e+06
2.8613e+06
2.8406e+06
2.8278e+06
2.8215e+06
2.819e+06
2.8174e+06
2.8144e+06
2.8099e+06
2.8052e+06
2.8028e+06
2.8051e+06
2.8131e+06
2.8261e+06
2.8411e+06
2.8539e+06
2.8605e+06
2.8586e+06
2.8483e+06
2.8319e+06
2.8134e+06
2.7968e+06
2.785e+06
2.7788e+06
2.7771e+06
2.7775e+06
2.7778e+06
2.7764e+06
2.7736e+06
2.7713e+06
2.7724e+06
2.7794e+06
2.7934e+06
2.8124e+06
2.8319e+06
2.846e+06
2.849e+06
2.8376e+06
2.8121e+06
2.7765e+06
2.7377e+06
2.7037e+06
2.6811e+06
2.6736e+06
2.6805e+06
2.6976e+06
2.7185e+06
2.7366e+06
2.7469e+06
2.7474e+06
2.7395e+06
2.7273e+06
2.7161e+06
2.7102e+06
2.7111e+06
2.7168e+06
2.7227e+06
2.7231e+06
2.714e+06
2.6942e+06
2.6659e+06
2.6343e+06
2.6064e+06
2.5886e+06
2.5852e+06
2.597e+06
2.6205e+06
2.6495e+06
2.6767e+06
2.6955e+06
2.7022e+06
2.6964e+06
2.6809e+06
2.6607e+06
2.6411e+06
2.6258e+06
2.6163e+06
2.6112e+06
2.6077e+06
2.6028e+06
2.5947e+06
2.583e+06
2.5698e+06
2.5581e+06
2.5516e+06
2.5525e+06
2.561e+06
2.5745e+06
2.588e+06
2.5958e+06
2.5935e+06
2.5789e+06
2.5534e+06
2.5215e+06
2.4895e+06
2.4639e+06
2.4497e+06
2.4485e+06
2.4588e+06
2.476e+06
2.4943e+06
2.5082e+06
2.5139e+06
2.5103e+06
2.4991e+06
2.4842e+06
2.4704e+06
2.4612e+06
2.458e+06
2.4593e+06
2.4616e+06
2.4608e+06
2.454e+06
2.4403e+06
2.4213e+06
2.401e+06
2.3841e+06
2.3754e+06
2.378e+06
2.3919e+06
2.4141e+06
2.439e+06
2.4598e+06
2.4708e+06
2.4687e+06
2.4534e+06
2.4284e+06
2.3995e+06
2.3732e+06
2.3553e+06
2.3489e+06
2.3543e+06
2.3686e+06
2.3874e+06
2.4056e+06
2.4192e+06
2.4261e+06
2.4265e+06
2.4225e+06
2.4176e+06
2.415e+06
2.4164e+06
2.4214e+06
2.4277e+06
2.4323e+06
2.4322e+06
2.4264e+06
2.4154e+06
2.4018e+06
2.3894e+06
2.382e+06
2.3826e+06
2.3919e+06
2.4085e+06
2.4283e+06
2.4463e+06
2.4575e+06
2.4585e+06
2.4486e+06
2.4296e+06
2.4058e+06
2.3825e+06
2.3647e+06
2.356e+06
2.3572e+06
2.3667e+06
2.381e+06
2.3957e+06
2.4066e+06
2.4111e+06
2.4085e+06
2.4e+06
2.3885e+06
2.3773e+06
2.3689e+06
2.3645e+06
2.3632e+06
2.3629e+06
2.3613e+06
2.3566e+06
2.3485e+06
2.3379e+06
2.3273e+06
2.3198e+06
2.3183e+06
2.3243e+06
2.3376e+06
2.3555e+06
2.3738e+06
2.3877e+06
2.3929e+06
2.3875e+06
2.3719e+06
2.3494e+06
2.3251e+06
2.3049e+06
2.2939e+06
2.2952e+06
2.3092e+06
2.3332e+06
2.3621e+06
2.39e+06
2.4111e+06
2.4217e+06
2.4205e+06
2.4093e+06
2.3918e+06
2.3734e+06
2.359e+06
2.3522e+06
2.3541e+06
2.3637e+06
2.3782e+06
2.3938e+06
2.4072e+06
2.416e+06
2.4192e+06
2.4176e+06
2.4133e+06
2.4089e+06
2.4069e+06
2.4082e+06
2.4122e+06
2.4171e+06
2.4204e+06
2.42e+06
2.415e+06
2.4058e+06
2.3946e+06
2.3844e+06
2.3781e+06
2.3783e+06
2.386e+06
2.3998e+06
2.4167e+06
2.4323e+06
2.4418e+06
2.442e+06
2.4313e+06
2.411e+06
2.3845e+06
2.3568e+06
2.3333e+06
2.3184e+06
2.3147e+06
2.3219e+06
2.3375e+06
2.3565e+06
2.3737e+06
2.3841e+06
2.3845e+06
2.3742e+06
2.3551e+06
2.3311e+06
2.3072e+06
2.2883e+06
2.2779e+06
2.2772e+06
2.2853e+06
2.299e+06
2.3145e+06
2.3277e+06
2.3352e+06
2.3353e+06
2.3282e+06
2.3159e+06
2.3017e+06
2.2889e+06
2.2805e+06
2.2776e+06
2.28e+06
2.286e+06
2.2932e+06
2.2992e+06
2.3026e+06
2.3024e+06
2.2993e+06
2.2944e+06
2.2898e+06
2.2874e+06
2.2883e+06
2.2925e+06
2.2985e+06
2.3044e+06
2.3077e+06
2.3068e+06
2.301e+06
2.2912e+06
2.2789e+06
2.2667e+06
2.257e+06
2.2522e+06
2.253e+06
2.259e+06
2.2681e+06
2.2773e+06
2.2831e+06
2.2829e+06
2.2755e+06
2.2615e+06
2.2432e+06
2.2239e+06
2.2075e+06
2.1973e+06
2.1954e+06
2.2021e+06
2.2156e+06
2.2326e+06
2.249e+06
2.2606e+06
2.2646e+06
2.26e+06
2.2479e+06
2.2312e+06
2.2142e+06
2.2012e+06
2.196e+06
2.2004e+06
2.2142e+06
2.235e+06
2.2587e+06
2.2806e+06
2.2962e+06
2.3027e+06
2.2991e+06
2.2871e+06
2.2701e+06
2.2527e+06
2.2399e+06
2.2354e+06
2.2412e+06
2.2567e+06
2.2793e+06
2.3047e+06
2.3278e+06
2.344e+06
2.3502e+06
2.3454e+06
2.3309e+06
2.3103e+06
2.2884e+06
2.2702e+06
2.2598e+06
2.2594e+06
2.2691e+06
2.2866e+06
2.3083e+06
2.3297e+06
2.3465e+06
2.3555e+06
2.3552e+06
2.3463e+06
2.3313e+06
2.314e+06
2.2986e+06
2.2886e+06
2.286e+06
2.291e+06
2.302e+06
2.3161e+06
2.3299e+06
2.34e+06
2.3439e+06
2.3404e+06
2.3302e+06
2.3155e+06
2.2998e+06
2.2867e+06
2.2795e+06
2.2798e+06
2.2877e+06
2.3015e+06
2.3185e+06
2.3352e+06
2.3485e+06
2.3559e+06
2.3563e+06
2.35e+06
2.3389e+06
2.3261e+06
2.3149e+06
2.3083e+06
2.3081e+06
2.3149e+06
2.3273e+06
2.3433e+06
2.3598e+06
2.3739e+06
2.383e+06
2.3856e+06
2.3815e+06
2.3721e+06
2.3602e+06
2.349e+06
2.3418e+06
2.3409e+06
2.3471e+06
2.3599e+06
2.3774e+06
2.3967e+06
2.4148e+06
2.4289e+06
2.4368e+06
2.4376e+06
2.4321e+06
2.4225e+06
2.4118e+06
2.4036e+06
2.4008e+06
2.4051e+06
2.4166e+06
2.4339e+06
2.4544e+06
2.4748e+06
2.4915e+06
2.5017e+06
2.5035e+06
2.4968e+06
2.4832e+06
2.4656e+06
2.4477e+06
2.4331e+06
2.4246e+06
2.4234e+06
2.4294e+06
2.4407e+06
2.4547e+06
2.4677e+06
2.4763e+06
2.4781e+06
2.4719e+06
2.4583e+06
2.4397e+06
2.42e+06
2.4032e+06
2.3929e+06
2.3915e+06
2.3995e+06
2.4157e+06
2.4372e+06
2.46e+06
2.48e+06
2.4933e+06
2.4976e+06
2.4923e+06
2.4789e+06
2.461e+06
2.443e+06
2.4295e+06
2.4244e+06
2.4296e+06
2.4451e+06
2.4687e+06
2.4966e+06
2.5239e+06
2.5459e+06
2.5588e+06
2.5606e+06
2.5517e+06
2.5347e+06
2.5138e+06
2.4942e+06
2.4808e+06
2.477e+06
2.4843e+06
2.5018e+06
2.5265e+06
2.5539e+06
2.579e+06
2.5972e+06
2.6056e+06
2.6033e+06
2.5918e+06
2.5744e+06
2.5556e+06
2.5403e+06
2.5323e+06
2.5338e+06
2.5447e+06
2.5629e+06
2.5844e+06
2.6046e+06
2.619e+06
2.6245e+06
2.6197e+06
2.6053e+06
2.5842e+06
2.5604e+06
2.5384e+06
2.5223e+06
2.5149e+06
2.5172e+06
2.5282e+06
2.5453e+06
2.5645e+06
2.582e+06
2.5945e+06
2.5999e+06
2.5982e+06
2.5906e+06
2.5796e+06
2.568e+06
2.5586e+06
2.5534e+06
2.5537e+06
2.5596e+06
2.5704e+06
2.5846e+06
2.6001e+06
2.6149e+06
2.6271e+06
2.6361e+06
2.6415e+06
2.6438e+06
2.6437e+06
2.6417e+06
2.6384e+06
2.6344e+06
2.6304e+06
2.6273e+06
2.626e+06
2.6274e+06
2.6321e+06
2.6401e+06
2.6511e+06
2.6644e+06
2.6784e+06
2.6912e+06
2.7005e+06
2.7042e+06
2.701e+06
2.6911e+06
2.6762e+06
2.6594e+06
2.6444e+06
2.6349e+06
2.6336e+06
2.6419e+06
2.6592e+06
2.6831e+06
2.7097e+06
2.7344e+06
2.7528e+06
2.7618e+06
2.76e+06
2.7486e+06
2.7306e+06
2.7108e+06
2.694e+06
2.6846e+06
2.6854e+06
2.6968e+06
2.7172e+06
2.743e+06
2.7696e+06
2.7925e+06
2.8083e+06
2.8154e+06
2.8141e+06
2.8067e+06
2.7964e+06
2.7868e+06
2.7809e+06
2.7805e+06
2.786e+06
2.7966e+06
2.8104e+06
2.825e+06
2.8384e+06
2.8487e+06
2.8554e+06
2.8587e+06
2.8597e+06
2.8593e+06
2.858e+06
2.8559e+06
2.8522e+06
2.8465e+06
2.8389e+06
2.83e+06
2.8218e+06
2.8162e+06
2.8157e+06
2.8219e+06
2.8355e+06
2.8557e+06
2.8802e+06
2.905e+06
2.9255e+06
2.9378e+06
2.9389e+06
2.9285e+06
2.9086e+06
2.8836e+06
2.8592e+06
2.8411e+06
2.8337e+06
2.8393e+06
2.8573e+06
2.8845e+06
2.9156e+06
2.9446e+06
2.966e+06
2.9763e+06
2.9743e+06
2.9615e+06
2.9414e+06
2.9187e+06
2.8981e+06
2.8831e+06
2.8753e+06
2.875e+06
2.8807e+06
2.8904e+06
2.9019e+06
2.9135e+06
2.9242e+06
2.9342e+06
2.9441e+06
2.9544e+06
2.965e+06
2.9746e+06
2.9811e+06
2.9823e+06
2.9767e+06
2.9644e+06
2.9475e+06
2.9293e+06
2.9144e+06
2.9069e+06
2.9099e+06
2.9242e+06
2.9483e+06
2.978e+06
3.0076e+06
3.0312e+06
3.0438e+06
3.0429e+06
3.029e+06
3.0053e+06
2.9773e+06
2.9511e+06
2.9321e+06
2.9238e+06
2.9271e+06
2.9402e+06
2.9598e+06
2.9814e+06
3.001e+06
3.0158e+06
3.0248e+06
3.0287e+06
3.0295e+06
3.0296e+06
3.0302e+06
3.0314e+06
3.032e+06
3.0303e+06
3.0249e+06
3.0158e+06
3.0044e+06
2.9938e+06
2.9875e+06
2.9889e+06
3.0001e+06
3.0209e+06
3.049e+06
3.0796e+06
3.1067e+06
3.1248e+06
3.1298e+06
3.1204e+06
3.0987e+06
3.0692e+06
3.038e+06
3.0114e+06
2.9942e+06
2.9887e+06
2.9946e+06
3.0095e+06
3.0294e+06
3.0504e+06
3.0692e+06
3.0841e+06
3.0951e+06
3.1031e+06
3.1098e+06
3.1157e+06
3.1206e+06
3.1228e+06
3.1201e+06
3.1111e+06
3.0957e+06
3.0759e+06
3.0555e+06
3.0392e+06
3.0315e+06
3.0355e+06
3.0518e+06
3.0781e+06
3.1098e+06
3.1406e+06
3.1647e+06
3.1778e+06
3.1783e+06
3.1677e+06
3.15e+06
3.1305e+06
3.1139e+06
3.1034e+06
3.0999e+06
3.1021e+06
3.1076e+06
3.1137e+06
3.1185e+06
3.1217e+06
3.1243e+06
3.1285e+06
3.1366e+06
3.15e+06
3.1683e+06
3.1887e+06
3.207e+06
3.2184e+06
3.2196e+06
3.2097e+06
3.1906e+06
3.1668e+06
3.1441e+06
3.1281e+06
3.1228e+06
3.1293e+06
3.1459e+06
3.1685e+06
3.1924e+06
3.2129e+06
3.2275e+06
3.2354e+06
3.2384e+06
3.239e+06
3.2399e+06
3.2421e+06
3.2448e+06
3.2459e+06
3.2425e+06
3.2329e+06
3.2172e+06
3.198e+06
3.1794e+06
3.1663e+06
3.163e+06
3.1715e+06
3.1909e+06
3.2175e+06
3.2452e+06
3.2679e+06
3.2807e+06
3.2814e+06
3.2709e+06
3.2529e+06
3.2321e+06
3.2132e+06
3.1989e+06
3.1893e+06
3.1826e+06
3.1764e+06
3.1685e+06
3.1586e+06
3.1484e+06
3.1411e+06
3.1407e+06
3.1505e+06
3.1716e+06
3.2021e+06
3.2372e+06
3.2705e+06
3.2954e+06
3.3076e+06
3.3057e+06
3.292e+06
3.2713e+06
3.2497e+06
3.2324e+06
3.2221e+06
3.2191e+06
3.2209e+06
3.2244e+06
3.2269e+06
3.2274e+06
3.2266e+06
3.2273e+06
3.2324e+06
3.2443e+06
3.2626e+06
3.2846e+06
3.3051e+06
3.3182e+06
3.3198e+06
3.3082e+06
3.2856e+06
3.2571e+06
3.2295e+06
3.209e+06
3.1995e+06
3.2017e+06
3.2132e+06
3.2297e+06
3.2466e+06
3.2606e+06
3.2709e+06
3.2788e+06
3.2871e+06
3.2988e+06
3.3153e+06
3.3353e+06
3.3549e+06
3.3686e+06
3.3717e+06
3.3615e+06
3.3388e+06
3.3077e+06
3.2746e+06
3.2459e+06
3.2268e+06
3.2192e+06
3.222e+06
3.2319e+06
3.2447e+06
3.2572e+06
3.268e+06
3.2777e+06
3.2883e+06
3.302e+06
3.3197e+06
3.3399e+06
3.3587e+06
3.3714e+06
3.3739e+06
3.3644e+06
3.3444e+06
3.3183e+06
3.2925e+06
3.2729e+06
3.2635e+06
3.265e+06
3.2754e+06
3.2905e+06
3.3064e+06
3.3202e+06
3.3316e+06
3.3423e+06
3.3553e+06
3.3732e+06
3.3964e+06
3.4224e+06
3.4462e+06
3.4617e+06
3.4644e+06
3.4528e+06
3.429e+06
3.3986e+06
3.3688e+06
3.3456e+06
3.3322e+06
3.3281e+06
3.3298e+06
3.3325e+06
3.3321e+06
3.3274e+06
3.3198e+06
3.3135e+06
3.3136e+06
3.3238e+06
3.3446e+06
3.3722e+06
3.3998e+06
3.4195e+06
3.4251e+06
3.4142e+06
3.3893e+06
3.3565e+06
3.3238e+06
3.2982e+06
3.2834e+06
3.2788e+06
3.2804e+06
3.283e+06
3.2826e+06
3.2777e+06
3.2702e+06
3.264e+06
3.2638e+06
3.2726e+06
3.2904e+06
3.3138e+06
3.3369e+06
3.3538e+06
3.3603e+06
3.3557e+06
3.3427e+06
3.3262e+06
3.311e+06
3.2997e+06
3.292e+06
3.2847e+06
3.2739e+06
3.257e+06
3.2339e+06
3.2079e+06
3.1846e+06
3.17e+06
3.1684e+06
3.1807e+06
3.2038e+06
3.2317e+06
3.2578e+06
3.2769e+06
3.2871e+06
3.2899e+06
3.2893e+06
3.2896e+06
3.2934e+06
3.2998e+06
3.305e+06
3.3039e+06
3.2925e+06
3.2702e+06
3.24e+06
3.2079e+06
3.1808e+06
3.1643e+06
3.1603e+06
3.1667e+06
3.1787e+06
3.1904e+06
3.1975e+06
3.1987e+06
3.1959e+06
3.1936e+06
3.1963e+06
3.2065e+06
3.2233e+06
3.242e+06
3.2565e+06
3.261e+06
3.2528e+06
3.233e+06
3.2062e+06
3.1782e+06
3.154e+06
3.1359e+06
3.1227e+06
3.1115e+06
3.099e+06
3.0838e+06
3.0671e+06
3.0531e+06
3.0468e+06
3.0524e+06
3.0706e+06
3.0986e+06
3.1301e+06
3.1579e+06
3.1765e+06
3.1835e+06
3.181e+06
3.1737e+06
3.1674e+06
3.1656e+06
3.1685e+06
3.1723e+06
3.1716e+06
3.162e+06
3.1421e+06
3.1143e+06
3.0846e+06
3.0598e+06
3.0457e+06
3.0441e+06
3.0533e+06
3.0681e+06
3.0829e+06
3.0935e+06
3.0987e+06
3.1005e+06
3.1031e+06
3.1103e+06
3.124e+06
3.1428e+06
3.1623e+06
3.1772e+06
3.1835e+06
3.18e+06
3.1686e+06
3.1531e+06
3.1376e+06
3.1242e+06
3.1124e+06
3.0997e+06
3.0833e+06
3.0618e+06
3.0367e+06
3.0119e+06
2.9926e+06
2.9832e+06
2.9856e+06
2.9979e+06
3.0156e+06
3.0331e+06
3.0465e+06
3.0542e+06
3.0583e+06
3.0625e+06
3.0706e+06
3.0839e+06
3.1002e+06
3.1141e+06
3.1199e+06
3.1135e+06
3.0945e+06
3.0666e+06
3.036e+06
3.0091e+06
2.9898e+06
2.9783e+06
2.9715e+06
2.9651e+06
2.9558e+06
2.9431e+06
2.9297e+06
2.9203e+06
2.9196e+06
2.9299e+06
2.9499e+06
2.9752e+06
3e+06
3.0192e+06
3.031e+06
3.0367e+06
3.0403e+06
3.0457e+06
3.0548e+06
3.0662e+06
3.0754e+06
3.0772e+06
3.0683e+06
3.0487e+06
3.0225e+06
2.9954e+06
2.973e+06
2.9581e+06
2.9495e+06
2.9436e+06
2.9357e+06
2.9232e+06
2.9069e+06
2.8908e+06
2.8807e+06
2.8817e+06
2.8953e+06
2.9191e+06
2.947e+06
2.972e+06
2.9893e+06
2.9974e+06
2.9991e+06
2.9997e+06
3.004e+06
3.0141e+06
3.0277e+06
3.0395e+06
3.0436e+06
3.0365e+06
3.0183e+06
2.9932e+06
2.9671e+06
2.9452e+06
2.9297e+06
2.9194e+06
2.9104e+06
2.8991e+06
2.8837e+06
2.8658e+06
2.8496e+06
2.84e+06
2.8403e+06
2.8507e+06
2.8678e+06
2.8865e+06
2.9019e+06
2.9115e+06
2.9163e+06
2.9195e+06
2.9253e+06
2.936e+06
2.9506e+06
2.9653e+06
2.9748e+06
2.9753e+06
2.9657e+06
2.9483e+06
2.9276e+06
2.908e+06
2.8921e+06
2.8793e+06
2.8671e+06
2.8528e+06
2.835e+06
2.8146e+06
2.7947e+06
2.779e+06
2.7699e+06
2.7675e+06
2.7701e+06
2.7748e+06
2.7796e+06
2.7842e+06
2.7906e+06
2.8015e+06
2.8189e+06
2.8423e+06
2.8682e+06
2.8916e+06
2.908e+06
2.9152e+06
2.9143e+06
2.9094e+06
2.9049e+06
2.9036e+06
2.9052e+06
2.906e+06
2.9015e+06
2.8883e+06
2.8664e+06
2.8389e+06
2.8109e+06
2.7873e+06
2.7704e+06
2.759e+06
2.7501e+06
2.7404e+06
2.7286e+06
2.7162e+06
2.7073e+06
2.706e+06
2.715e+06
2.7333e+06
2.7569e+06
2.7806e+06
2.8002e+06
2.8143e+06
2.8251e+06
2.8369e+06
2.8533e+06
2.8752e+06
2.8997e+06
2.9217e+06
2.9356e+06
2.9389e+06
2.9328e+06
2.9217e+06
2.9108e+06
2.9033e+06
2.8988e+06
2.8933e+06
2.8822e+06
2.8624e+06
2.8347e+06
2.8035e+06
2.775e+06
2.7543e+06
2.7432e+06
2.7393e+06
2.7379e+06
2.7344e+06
2.7267e+06
2.7164e+06
2.7079e+06
2.706e+06
2.7136e+06
2.7298e+06
2.7508e+06
2.7712e+06
2.7871e+06
2.798e+06
2.8061e+06
2.8153e+06
2.8286e+06
2.8455e+06
2.8628e+06
2.8753e+06
2.8793e+06
2.8743e+06
2.8632e+06
2.8507e+06
2.841e+06
2.8352e+06
2.8308e+06
2.8235e+06
2.8097e+06
2.7885e+06
2.7628e+06
2.7375e+06
2.717e+06
2.7033e+06
2.6948e+06
2.6875e+06
2.6778e+06
2.6645e+06
2.6498e+06
2.6385e+06
2.6352e+06
2.6422e+06
2.6577e+06
2.6765e+06
2.6928e+06
2.7031e+06
2.7077e+06
2.7106e+06
2.7174e+06
2.7319e+06
2.7539e+06
2.7792e+06
2.8014e+06
2.8156e+06
2.8204e+06
2.8187e+06
2.8152e+06
2.8139e+06
2.8156e+06
2.817e+06
2.8135e+06
2.8015e+06
2.7807e+06
2.7552e+06
2.7305e+06
2.7117e+06
2.6997e+06
2.6918e+06
2.683e+06
2.6689e+06
2.649e+06
2.6262e+06
2.6061e+06
2.5941e+06
2.592e+06
2.5979e+06
2.607e+06
2.6145e+06
2.6181e+06
2.619e+06
2.6212e+06
2.6289e+06
2.6442e+06
2.6657e+06
2.6892e+06
2.7106e+06
2.7277e+06
2.7416e+06
2.7555e+06
2.7725e+06
2.7929e+06
2.8139e+06
2.8305e+06
2.8383e+06
2.8364e+06
2.8274e+06
2.8166e+06
2.8088e+06
2.8057e+06
2.8046e+06
2.8009e+06
2.7904e+06
2.772e+06
2.7488e+06
2.7258e+06
2.7073e+06
2.6941e+06
2.6833e+06
2.6699e+06
2.6502e+06
2.6242e+06
2.5961e+06
2.5723e+06
2.558e+06
2.5548e+06
2.5594e+06
2.5657e+06
2.5684e+06
2.566e+06
2.561e+06
2.5592e+06
2.566e+06
2.583e+06
2.6074e+06
2.6329e+06
2.6538e+06
2.6671e+06
2.6745e+06
2.6808e+06
2.6908e+06
2.7066e+06
2.7259e+06
2.7442e+06
2.7569e+06
2.7628e+06
2.7641e+06
2.765e+06
2.7688e+06
2.7752e+06
2.7806e+06
2.7802e+06
2.7711e+06
2.7544e+06
2.7346e+06
2.7171e+06
2.7048e+06
2.6962e+06
2.6865e+06
2.6702e+06
2.645e+06
2.6133e+06
2.5812e+06
2.5557e+06
2.5403e+06
2.5336e+06
2.53e+06
2.5232e+06
2.51e+06
2.4916e+06
2.4735e+06
2.4621e+06
2.4611e+06
2.4696e+06
2.4831e+06
2.4957e+06
2.5042e+06
2.5092e+06
2.5144e+06
2.5242e+06
2.5404e+06
2.5613e+06
2.5825e+06
2.5999e+06
2.6121e+06
2.6216e+06
2.6329e+06
2.6495e+06
2.6712e+06
2.6942e+06
2.7123e+06
2.7213e+06
2.7208e+06
2.7145e+06
2.7081e+06
2.7056e+06
2.7074e+06
2.7101e+06
2.709e+06
2.7015e+06
2.6883e+06
2.6731e+06
2.6598e+06
2.6497e+06
2.6407e+06
2.6287e+06
2.6105e+06
2.5861e+06
2.5589e+06
2.5338e+06
2.5139e+06
2.4987e+06
2.4846e+06
2.467e+06
2.4438e+06
2.4167e+06
2.3908e+06
2.3714e+06
2.361e+06
2.3577e+06
2.3563e+06
2.3521e+06
2.3431e+06
2.3316e+06
2.3227e+06
2.321e+06
2.3277e+06
2.3397e+06
2.352e+06
2.3605e+06
2.365e+06
2.369e+06
2.3776e+06
2.3938e+06
2.4162e+06
2.4394e+06
2.4572e+06
2.4665e+06
2.4692e+06
2.4712e+06
2.4788e+06
2.4948e+06
2.5164e+06
2.5369e+06
2.5502e+06
2.554e+06
2.5511e+06
2.5475e+06
2.5483e+06
2.5544e+06
2.5619e+06
2.5652e+06
2.5607e+06
2.5492e+06
2.5353e+06
2.5244e+06
2.519e+06
2.5167e+06
2.5123e+06
2.5011e+06
2.482e+06
2.4585e+06
2.4358e+06
2.4179e+06
2.4044e+06
2.3913e+06
2.3739e+06
2.3506e+06
2.3237e+06
2.2989e+06
2.2812e+06
2.2714e+06
2.2656e+06
2.2578e+06
2.2435e+06
2.2229e+06
2.2008e+06
2.1835e+06
2.1749e+06
2.1743e+06
2.1765e+06
2.1758e+06
2.1696e+06
2.1598e+06
2.152e+06
2.1514e+06
2.1593e+06
2.1723e+06
2.1845e+06
2.1911e+06
2.192e+06
2.1913e+06
2.195e+06
2.2069e+06
2.2256e+06
2.2459e+06
2.2619e+06
2.2712e+06
2.2762e+06
2.2828e+06
2.2959e+06
2.3163e+06
2.3395e+06
2.359e+06
2.3706e+06
2.3755e+06
2.3794e+06
2.3889e+06
2.4066e+06
2.4292e+06
2.4492e+06
2.4599e+06
2.4595e+06
2.4526e+06
2.4469e+06
2.4486e+06
2.4582e+06
2.4705e+06
2.4783e+06
2.4775e+06
2.4693e+06
2.4593e+06
2.4535e+06
2.4536e+06
2.4562e+06
2.4552e+06
2.4458e+06
2.4282e+06
2.407e+06
2.3882e+06
2.375e+06
2.366e+06
2.3564e+06
2.3417e+06
2.3214e+06
2.2988e+06
2.2791e+06
2.2651e+06
2.2553e+06
2.2444e+06
2.2279e+06
2.2045e+06
2.1777e+06
2.1534e+06
2.1362e+06
2.126e+06
2.1183e+06
2.1072e+06
2.0895e+06
2.0663e+06
2.0424e+06
2.0232e+06
2.0112e+06
2.0045e+06
1.9993e+06
1.9917e+06
1.9808e+06
1.9686e+06
1.9577e+06
1.9495e+06
1.9435e+06
1.9378e+06
1.9316e+06
1.9262e+06
1.9244e+06
1.9286e+06
1.938e+06
1.9493e+06
1.9578e+06
1.9609e+06
1.9596e+06
1.9578e+06
1.96e+06
1.968e+06
1.9795e+06
1.9901e+06
1.9962e+06
1.9984e+06
2.0007e+06
2.0086e+06
2.0246e+06
2.0466e+06
2.0689e+06
2.0863e+06
2.0971e+06
2.1046e+06
2.1147e+06
2.1314e+06
2.1539e+06
2.1771e+06
2.1952e+06
2.2055e+06
2.2106e+06
2.2162e+06
2.2277e+06
2.2461e+06
2.2674e+06
2.286e+06
2.2981e+06
2.3048e+06
2.3106e+06
2.3202e+06
2.3353e+06
2.3535e+06
2.3704e+06
2.3832e+06
2.3922e+06
2.4006e+06
2.411e+06
2.4231e+06
2.4339e+06
2.4399e+06
2.4402e+06
2.4378e+06
2.4378e+06
2.4437e+06
2.4548e+06
2.4664e+06
2.473e+06
2.4722e+06
2.4661e+06
2.4599e+06
2.458e+06
2.4612e+06
2.4664e+06
2.4695e+06
2.4682e+06
2.464e+06
2.46e+06
2.4582e+06
2.4574e+06
2.4542e+06
2.4456e+06
2.4318e+06
2.417e+06
2.4062e+06
2.4018e+06
2.4016e+06
2.4001e+06
2.3927e+06
2.3791e+06
2.3629e+06
2.3496e+06
2.342e+06
2.338e+06
2.3327e+06
2.3218e+06
2.3052e+06
2.2866e+06
2.2712e+06
2.2613e+06
2.255e+06
2.2474e+06
2.2349e+06
2.2175e+06
2.1992e+06
2.184e+06
2.1735e+06
2.1648e+06
2.1536e+06
2.1373e+06
2.1174e+06
2.0985e+06
2.0845e+06
2.0757e+06
2.0683e+06
2.0572e+06
2.0399e+06
2.0184e+06
1.9973e+06
1.98e+06
1.9664e+06
1.9527e+06
1.9351e+06
1.9133e+06
1.8907e+06
1.8728e+06
1.8616e+06
1.8543e+06
1.8445e+06
1.8267e+06
1.8007e+06
1.7717e+06
1.7471e+06
1.731e+06
1.7213e+06
1.7117e+06
1.6961e+06
1.6738e+06
1.649e+06
1.6285e+06
1.6159e+06
1.6089e+06
1.6016e+06
1.5885e+06
1.5684e+06
1.5453e+06
1.5247e+06
1.5095e+06
1.4984e+06
1.4872e+06
1.4728e+06
1.4555e+06
1.4382e+06
1.4239e+06
1.4124e+06
1.4005e+06
1.385e+06
1.3653e+06
1.3448e+06
1.3281e+06
1.3172e+06
1.3096e+06
1.3001e+06
1.2845e+06
1.2635e+06
1.2422e+06
1.2261e+06
1.2166e+06
1.2096e+06
1.1984e+06
1.1791e+06
1.1538e+06
1.1301e+06
1.1154e+06
1.1113e+06
1.1119e+06
1.1082e+06
1.0948e+06
1.073e+06
1.0504e+06
1.0348e+06
1.0284e+06
1.0264e+06
1.0206e+06
1.0064e+06
