1.2499e+06
1.253e+06
1.2532e+06
1.2617e+06
1.2841e+06
1.316e+06
1.346e+06
1.3645e+06
1.3701e+06
1.3702e+06
1.3756e+06
1.3926e+06
1.4185e+06
1.4449e+06
1.4645e+06
1.4765e+06
1.4864e+06
1.5011e+06
1.5221e+06
1.5449e+06
1.5624e+06
1.5716e+06
1.5766e+06
1.586e+06
1.6062e+06
1.6362e+06
1.6674e+06
1.6904e+06
1.7018e+06
1.707e+06
1.716e+06
1.7362e+06
1.7669e+06
1.7994e+06
1.8246e+06
1.8388e+06
1.8468e+06
1.8579e+06
1.8786e+06
1.908e+06
1.9392e+06
1.9649e+06
1.9831e+06
1.9983e+06
2.0171e+06
2.0427e+06
2.0717e+06
2.0975e+06
2.1153e+06
2.1272e+06
2.1404e+06
2.1621e+06
2.1933e+06
2.2277e+06
2.2558e+06
2.2722e+06
2.2796e+06
2.2871e+06
2.3035e+06
2.3312e+06
2.364e+06
2.3925e+06
2.4107e+06
2.4208e+06
2.4306e+06
2.4482e+06
2.4754e+06
2.5066e+06
2.5336e+06
2.5519e+06
2.5637e+06
2.5761e+06
2.5953e+06
2.6215e+06
2.6487e+06
2.67e+06
2.6824e+06
2.6897e+06
2.6996e+06
2.7177e+06
2.7438e+06
2.7719e+06
2.7956e+06
2.8124e+06
2.8255e+06
2.8403e+06
2.8594e+06
2.8799e+06
2.8963e+06
2.9046e+06
2.9072e+06
2.9118e+06
2.9267e+06
2.9539e+06
2.9876e+06
3.0169e+06
3.034e+06
3.0381e+06
3.0364e+06
3.0385e+06
3.0498e+06
3.0683e+06
3.0868e+06
3.099e+06
3.1044e+06
3.1083e+06
3.1176e+06
3.1349e+06
3.1564e+06
3.1744e+06
3.1833e+06
3.183e+06
3.1792e+06
3.1785e+06
3.1837e+06
3.1917e+06
3.1967e+06
3.1948e+06
3.1877e+06
3.181e+06
3.1803e+06
3.186e+06
3.1928e+06
3.1935e+06
3.1846e+06
3.169e+06
3.1541e+06
3.1471e+06
3.1488e+06
3.1535e+06
3.1524e+06
3.1401e+06
3.1177e+06
3.0923e+06
3.0717e+06
3.0593e+06
3.0521e+06
3.0439e+06
3.0302e+06
3.0116e+06
2.9926e+06
2.9778e+06
2.968e+06
2.9587e+06
2.9442e+06
2.9218e+06
2.8944e+06
2.8685e+06
2.8496e+06
2.8375e+06
2.8263e+06
2.8085e+06
2.7802e+06
2.7449e+06
2.7111e+06
2.6876e+06
2.677e+06
2.6742e+06
2.67e+06
2.6572e+06
2.635e+06
2.6088e+06
2.5866e+06
2.5727e+06
2.5656e+06
2.5595e+06
2.5493e+06
2.5344e+06
2.5194e+06
2.5102e+06
2.5095e+06
2.5144e+06
2.5183e+06
2.5156e+06
2.5062e+06
2.4959e+06
2.4924e+06
2.5001e+06
2.5163e+06
2.5334e+06
2.5436e+06
2.545e+06
2.5428e+06
2.5464e+06
2.5623e+06
2.5895e+06
2.6191e+06
2.6405e+06
2.6481e+06
2.6455e+06
2.6441e+06
2.6555e+06
2.6846e+06
2.7255e+06
2.7657e+06
2.7942e+06
2.8079e+06
2.8134e+06
2.8222e+06
2.8429e+06
2.8752e+06
2.9106e+06
2.939e+06
2.9551e+06
2.9627e+06
2.9711e+06
2.989e+06
3.0175e+06
3.0492e+06
3.0734e+06
3.0833e+06
3.0808e+06
3.0753e+06
3.0776e+06
3.0928e+06
3.117e+06
3.14e+06
3.153e+06
3.154e+06
3.1483e+06
3.1446e+06
3.1483e+06
3.1571e+06
3.1633e+06
3.1595e+06
3.1442e+06
3.1235e+06
3.1074e+06
3.1025e+06
3.1072e+06
3.112e+06
3.106e+06
3.0836e+06
3.0483e+06
3.0109e+06
2.9829e+06
2.9692e+06
2.9655e+06
2.9616e+06
2.9481e+06
2.9227e+06
2.8905e+06
2.8607e+06
2.8398e+06
2.8278e+06
2.8187e+06
2.8052e+06
2.7845e+06
2.7597e+06
2.7383e+06
2.7267e+06
2.7251e+06
2.7275e+06
2.7253e+06
2.7131e+06
2.6927e+06
2.6721e+06
2.6613e+06
2.6657e+06
2.6829e+06
2.7043e+06
2.7205e+06
2.7273e+06
2.7279e+06
2.7303e+06
2.7421e+06
2.7653e+06
2.7944e+06
2.8207e+06
2.8378e+06
2.8456e+06
2.8509e+06
2.8624e+06
2.8851e+06
2.9166e+06
2.9487e+06
2.9727e+06
2.9854e+06
2.9905e+06
2.9971e+06
3.0129e+06
3.0392e+06
3.0698e+06
3.0947e+06
3.107e+06
3.1067e+06
3.1004e+06
3.0972e+06
3.1022e+06
3.1133e+06
3.1227e+06
3.1221e+06
3.1086e+06
3.0864e+06
3.0644e+06
3.0505e+06
3.0463e+06
3.046e+06
3.041e+06
3.0247e+06
2.9975e+06
2.966e+06
2.9388e+06
2.9214e+06
2.9122e+06
2.9042e+06
2.8898e+06
2.8656e+06
2.835e+06
2.8057e+06
2.7852e+06
2.7762e+06
2.7747e+06
2.7735e+06
2.7667e+06
2.7537e+06
2.74e+06
2.7334e+06
2.7392e+06
2.7562e+06
2.7775e+06
2.7942e+06
2.8013e+06
2.8003e+06
2.7985e+06
2.805e+06
2.8247e+06
2.8553e+06
2.8882e+06
2.9143e+06
2.9288e+06
2.9342e+06
2.9386e+06
2.9509e+06
2.9747e+06
3.0064e+06
3.037e+06
3.0579e+06
3.0656e+06
3.0633e+06
3.0588e+06
3.0589e+06
3.0656e+06
3.0748e+06
3.0797e+06
3.0753e+06
3.0622e+06
3.046e+06
3.0334e+06
3.0281e+06
3.0277e+06
3.0253e+06
3.0139e+06
2.991e+06
2.9602e+06
2.9295e+06
2.9067e+06
2.8946e+06
2.8895e+06
2.8837e+06
2.8704e+06
2.8476e+06
2.8197e+06
2.7948e+06
2.7803e+06
2.7786e+06
2.7864e+06
2.7964e+06
2.8026e+06
2.8031e+06
2.8014e+06
2.8038e+06
2.8155e+06
2.8373e+06
2.8648e+06
2.8917e+06
2.9129e+06
2.9279e+06
2.9408e+06
2.957e+06
2.9802e+06
3.009e+06
3.0381e+06
3.0611e+06
3.0747e+06
3.0808e+06
3.0854e+06
3.0951e+06
3.1123e+06
3.1338e+06
3.1521e+06
3.16e+06
3.1549e+06
3.1399e+06
3.123e+06
3.1113e+06
3.1077e+06
3.1085e+06
3.106e+06
3.0932e+06
3.068e+06
3.0347e+06
3.0019e+06
2.9778e+06
2.9657e+06
2.9624e+06
2.9606e+06
2.9528e+06
2.9363e+06
2.9139e+06
2.8926e+06
2.8799e+06
2.8794e+06
2.8894e+06
2.9039e+06
2.9163e+06
2.9236e+06
2.9273e+06
2.9328e+06
2.946e+06
2.9695e+06
3.0011e+06
3.0349e+06
3.0643e+06
3.086e+06
3.101e+06
3.1139e+06
3.1296e+06
3.1503e+06
3.1736e+06
3.1945e+06
3.2079e+06
3.2116e+06
3.2075e+06
3.1999e+06
3.1926e+06
3.1865e+06
3.179e+06
3.1658e+06
3.1441e+06
3.1151e+06
3.0835e+06
3.0557e+06
3.0359e+06
3.0239e+06
3.015e+06
3.0033e+06
2.9846e+06
2.9598e+06
2.9341e+06
2.9153e+06
2.9091e+06
2.9164e+06
2.9326e+06
2.9503e+06
2.963e+06
2.969e+06
2.9717e+06
2.978e+06
2.9944e+06
3.0227e+06
3.059e+06
3.095e+06
3.1227e+06
3.1383e+06
3.1443e+06
3.1477e+06
3.1565e+06
3.1744e+06
3.199e+06
3.2225e+06
3.2365e+06
3.2363e+06
3.2235e+06
3.205e+06
3.1892e+06
3.1812e+06
3.1799e+06
3.1785e+06
3.1692e+06
3.1471e+06
3.1137e+06
3.0762e+06
3.0443e+06
3.0254e+06
3.021e+06
3.026e+06
3.0322e+06
3.0326e+06
3.0253e+06
3.0145e+06
3.0082e+06
3.0144e+06
3.0367e+06
3.0718e+06
3.1114e+06
3.146e+06
3.1697e+06
3.1823e+06
3.1888e+06
3.197e+06
3.2122e+06
3.235e+06
3.2601e+06
3.28e+06
3.2889e+06
3.2857e+06
3.2746e+06
3.2623e+06
3.2548e+06
3.2531e+06
3.2536e+06
3.2496e+06
3.2356e+06
3.2105e+06
3.1777e+06
3.1444e+06
3.1173e+06
3.0999e+06
3.091e+06
3.0861e+06
3.0803e+06
3.0715e+06
3.0612e+06
3.0541e+06
3.0553e+06
3.0675e+06
3.089e+06
3.1147e+06
3.1382e+06
3.1555e+06
3.1665e+06
3.1756e+06
3.1885e+06
3.2097e+06
3.239e+06
3.2712e+06
3.2985e+06
3.3142e+06
3.3158e+06
3.3059e+06
3.291e+06
3.2778e+06
3.2698e+06
3.2656e+06
3.2599e+06
3.247e+06
3.2241e+06
3.1932e+06
3.16e+06
3.132e+06
3.1144e+06
3.108e+06
3.1088e+06
3.1108e+06
3.1087e+06
3.1011e+06
3.0908e+06
3.0841e+06
3.0873e+06
3.1043e+06
3.134e+06
3.1712e+06
3.2088e+06
3.241e+06
3.2658e+06
3.2845e+06
3.3009e+06
3.3182e+06
3.3365e+06
3.353e+06
3.3628e+06
3.3621e+06
3.3502e+06
3.3304e+06
3.3082e+06
3.2893e+06
3.2762e+06
3.2673e+06
3.2583e+06
3.2443e+06
3.2232e+06
3.1963e+06
3.1687e+06
3.147e+06
3.1363e+06
3.138e+06
3.1499e+06
3.1671e+06
3.1849e+06
3.2011e+06
3.217e+06
3.2363e+06
3.2628e+06
3.2976e+06
3.3377e+06
3.3764e+06
3.4061e+06
3.4217e+06
3.4224e+06
3.4124e+06
3.3988e+06
3.3882e+06
3.3835e+06
3.3821e+06
3.378e+06
3.3645e+06
3.3379e+06
3.2998e+06
3.2565e+06
3.2165e+06
3.1876e+06
3.1736e+06
3.1729e+06
3.1804e+06
3.1901e+06
3.1979e+06
3.2035e+06
3.2101e+06
3.2225e+06
3.2445e+06
3.2763e+06
3.3141e+06
3.3514e+06
3.3817e+06
3.401e+06
3.4096e+06
3.4112e+06
3.4113e+06
3.4137e+06
3.4184e+06
3.4221e+06
3.4191e+06
3.4052e+06
3.3793e+06
3.345e+06
3.309e+06
3.2787e+06
3.2595e+06
3.2524e+06
3.2547e+06
3.2612e+06
3.2672e+06
3.2704e+06
3.2715e+06
3.2741e+06
3.2822e+06
3.2989e+06
3.324e+06
3.3545e+06
3.3856e+06
3.4127e+06
3.4331e+06
3.4472e+06
3.4569e+06
3.4648e+06
3.4722e+06
3.4777e+06
3.4784e+06
3.4711e+06
3.4544e+06
3.4295e+06
3.4002e+06
3.3714e+06
3.3473e+06
3.3299e+06
3.3182e+06
3.31e+06
3.303e+06
3.2967e+06
3.2931e+06
3.2959e+06
3.3094e+06
3.3358e+06
3.3738e+06
3.4184e+06
3.4625e+06
3.4992e+06
3.5241e+06
3.5372e+06
3.5419e+06
3.5434e+06
3.546e+06
3.5507e+06
3.5546e+06
3.5524e+06
3.539e+06
3.5124e+06
3.4753e+06
3.4342e+06
3.3978e+06
3.3736e+06
3.3655e+06
3.3725e+06
3.3895e+06
3.4099e+06
3.4284e+06
3.4426e+06
3.4543e+06
3.4675e+06
3.4869e+06
3.5153e+06
3.5512e+06
3.5895e+06
3.6231e+06
3.6455e+06
3.6532e+06
3.6472e+06
3.6318e+06
3.6127e+06
3.5944e+06
3.5787e+06
3.5639e+06
3.5466e+06
3.5241e+06
3.4958e+06
3.4646e+06
3.4354e+06
3.414e+06
3.4046e+06
3.4082e+06
3.4225e+06
3.4427e+06
3.4636e+06
3.4817e+06
3.4963e+06
3.5093e+06
3.5242e+06
3.5435e+06
3.5671e+06
3.5915e+06
3.611e+06
3.6197e+06
3.6143e+06
3.5951e+06
3.5666e+06
3.5354e+06
3.508e+06
3.4884e+06
3.477e+06
3.4712e+06
3.4668e+06
3.4611e+06
3.4534e+06
3.4464e+06
3.4447e+06
3.4533e+06
3.4747e+06
3.508e+06
3.548e+06
3.5868e+06
3.6168e+06
3.6328e+06
3.6336e+06
3.6226e+06
3.6056e+06
3.5891e+06
3.5766e+06
3.5684e+06
3.5614e+06
3.5512e+06
3.5347e+06
3.5118e+06
3.4859e+06
3.4626e+06
3.448e+06
3.4461e+06
3.4578e+06
3.4799e+06
3.507e+06
3.5328e+06
3.5529e+06
3.5659e+06
3.5735e+06
3.5798e+06
3.5883e+06
3.6008e+06
3.6154e+06
3.6273e+06
3.6309e+06
3.6218e+06
3.5991e+06
3.5657e+06
3.5279e+06
3.4929e+06
3.4669e+06
3.453e+06
3.4507e+06
3.4564e+06
3.4658e+06
3.4748e+06
3.4818e+06
3.4874e+06
3.4941e+06
3.5046e+06
3.5204e+06
3.5408e+06
3.5622e+06
3.5798e+06
3.5893e+06
3.5883e+06
3.5775e+06
3.5596e+06
3.5389e+06
3.5188e+06
3.5009e+06
3.4848e+06
3.469e+06
3.4519e+06
3.4335e+06
3.416e+06
3.4035e+06
3.4009e+06
3.412e+06
3.4378e+06
3.4754e+06
3.5184e+06
3.5581e+06
3.5869e+06
3.5997e+06
3.5958e+06
3.5788e+06
3.5551e+06
3.5313e+06
3.512e+06
3.498e+06
3.487e+06
3.4749e+06
3.4584e+06
3.4365e+06
3.4115e+06
3.3887e+06
3.3745e+06
3.3744e+06
3.3909e+06
3.422e+06
3.4619e+06
3.5022e+06
3.5345e+06
3.5533e+06
3.5566e+06
3.5469e+06
3.5294e+06
3.51e+06
3.4932e+06
3.4805e+06
3.4703e+06
3.4597e+06
3.4458e+06
3.4279e+06
3.408e+06
3.3901e+06
3.3792e+06
3.3794e+06
3.3922e+06
3.4159e+06
3.4458e+06
3.4754e+06
3.4988e+06
3.5121e+06
3.5146e+06
3.5086e+06
3.4986e+06
3.4887e+06
3.4813e+06
3.476e+06
3.4701e+06
3.4603e+06
3.4442e+06
3.4221e+06
3.3969e+06
3.374e+06
3.3595e+06
3.3583e+06
3.3725e+06
3.4004e+06
3.4368e+06
3.4742e+06
3.5055e+06
3.5255e+06
3.5322e+06
3.5273e+06
3.5154e+06
3.5014e+06
3.4893e+06
3.4807e+06
3.4744e+06
3.4677e+06
3.4578e+06
3.4437e+06
3.4266e+06
3.4096e+06
3.3973e+06
3.3938e+06
3.4017e+06
3.4205e+06
3.4473e+06
3.4768e+06
3.5029e+06
3.5208e+06
3.528e+06
3.5246e+06
3.5134e+06
3.4981e+06
3.4821e+06
3.4674e+06
3.4542e+06
3.4416e+06
3.4282e+06
3.4138e+06
3.3991e+06
3.3868e+06
3.3797e+06
3.3807e+06
3.3912e+06
3.4105e+06
3.4352e+06
3.4606e+06
3.4812e+06
3.4928e+06
3.4934e+06
3.4839e+06
3.4674e+06
3.4484e+06
3.431e+06
3.4177e+06
3.4091e+06
3.4038e+06
3.3999e+06
3.3959e+06
3.3913e+06
3.3876e+06
3.3872e+06
3.3934e+06
3.4083e+06
3.4322e+06
3.4622e+06
3.4931e+06
3.5181e+06
3.5309e+06
3.5278e+06
3.5086e+06
3.477e+06
3.4397e+06
3.4042e+06
3.3774e+06
3.3634e+06
3.3626e+06
3.3725e+06
3.3885e+06
3.4057e+06
3.42e+06
3.4297e+06
3.4351e+06
3.4386e+06
3.4432e+06
3.451e+06
3.4617e+06
3.4725e+06
3.479e+06
3.4765e+06
3.4622e+06
3.4361e+06
3.4017e+06
3.3652e+06
3.3337e+06
3.3141e+06
3.3103e+06
3.3233e+06
3.3497e+06
3.3838e+06
3.4182e+06
3.4463e+06
3.4634e+06
3.4682e+06
3.4621e+06
3.4486e+06
3.4323e+06
3.4168e+06
3.4041e+06
3.3947e+06
3.3874e+06
3.3812e+06
3.3754e+06
3.3706e+06
3.3681e+06
3.3696e+06
3.3765e+06
3.3888e+06
3.405e+06
3.4219e+06
3.4352e+06
3.4407e+06
3.4357e+06
3.4197e+06
3.3951e+06
3.3662e+06
3.3387e+06
3.3178e+06
3.307e+06
3.3074e+06
3.3177e+06
3.3346e+06
3.354e+06
3.3723e+06
3.3869e+06
3.3971e+06
3.4037e+06
3.4089e+06
3.4142e+06
3.4204e+06
3.4261e+06
3.4285e+06
3.4239e+06
3.41e+06
3.3862e+06
3.3548e+06
3.3205e+06
3.2896e+06
3.2685e+06
3.2623e+06
3.273e+06
3.2993e+06
3.3361e+06
3.376e+06
3.4111e+06
3.4344e+06
3.4419e+06
3.4329e+06
3.4104e+06
3.3796e+06
3.347e+06
3.3182e+06
3.2971e+06
3.285e+06
3.2813e+06
3.2839e+06
3.29e+06
3.2973e+06
3.3044e+06
3.3112e+06
3.3183e+06
3.3265e+06
3.3359e+06
3.3454e+06
3.3524e+06
3.3535e+06
3.3461e+06
3.3289e+06
3.3029e+06
3.2716e+06
3.2402e+06
3.2142e+06
3.1988e+06
3.1967e+06
3.208e+06
3.2296e+06
3.2561e+06
3.281e+06
3.2982e+06
3.3038e+06
3.2965e+06
3.2783e+06
3.2537e+06
3.2285e+06
3.208e+06
3.1962e+06
3.1944e+06
3.2017e+06
3.2153e+06
3.2314e+06
3.2464e+06
3.2577e+06
3.2642e+06
3.2666e+06
3.2668e+06
3.2672e+06
3.2691e+06
3.2727e+06
3.2763e+06
3.2776e+06
3.2742e+06
3.265e+06
3.2507e+06
3.2336e+06
3.2172e+06
3.2054e+06
3.2017e+06
3.2077e+06
3.2228e+06
3.2443e+06
3.2672e+06
3.286e+06
3.2957e+06
3.293e+06
3.2777e+06
3.2525e+06
3.2223e+06
3.1932e+06
3.1712e+06
3.1604e+06
3.1622e+06
3.1751e+06
3.195e+06
3.2162e+06
3.2327e+06
3.2401e+06
3.2357e+06
3.2199e+06
3.1954e+06
3.1668e+06
3.1387e+06
3.1154e+06
3.0991e+06
3.0905e+06
3.0887e+06
3.0917e+06
3.0973e+06
3.1036e+06
3.1095e+06
3.1146e+06
3.1192e+06
3.1243e+06
3.13e+06
3.1358e+06
3.14e+06
3.1401e+06
3.1338e+06
3.1198e+06
3.0985e+06
3.072e+06
3.0442e+06
3.0196e+06
3.0028e+06
2.9969e+06
3.0032e+06
3.0204e+06
3.0446e+06
3.0698e+06
3.0898e+06
3.0988e+06
3.0936e+06
3.0737e+06
3.042e+06
3.0036e+06
2.9653e+06
2.9336e+06
2.9137e+06
2.9079e+06
2.9157e+06
2.9337e+06
2.9565e+06
2.978e+06
2.9926e+06
2.997e+06
2.9899e+06
2.9731e+06
2.9502e+06
2.9258e+06
2.9047e+06
2.8901e+06
2.8839e+06
2.8855e+06
2.8932e+06
2.9037e+06
2.9139e+06
2.9209e+06
2.9231e+06
2.9203e+06
2.9134e+06
2.9045e+06
2.8956e+06
2.8883e+06
2.8832e+06
2.8804e+06
2.8792e+06
2.8789e+06
2.8788e+06
2.8786e+06
2.8786e+06
2.8792e+06
2.881e+06
2.8844e+06
2.8895e+06
2.8955e+06
2.9009e+06
2.9038e+06
2.9027e+06
2.8967e+06
2.8861e+06
2.8723e+06
2.8578e+06
2.8454e+06
2.8376e+06
2.8364e+06
2.842e+06
2.8533e+06
2.8676e+06
2.8812e+06
2.8899e+06
2.8909e+06
2.8826e+06
2.8659e+06
2.8436e+06
2.8201e+06
2.8001e+06
2.7881e+06
2.7867e+06
2.7967e+06
2.816e+06
2.8406e+06
2.8653e+06
2.8844e+06
2.8936e+06
2.8907e+06
2.876e+06
2.8525e+06
2.8252e+06
2.7999e+06
2.782e+06
2.7753e+06
2.7809e+06
2.7973e+06
2.8205e+06
2.8451e+06
2.865e+06
2.8754e+06
2.8734e+06
2.8591e+06
2.835e+06
2.8059e+06
2.7779e+06
2.7566e+06
2.7461e+06
2.7485e+06
2.7628e+06
2.7858e+06
2.8123e+06
2.8366e+06
2.8534e+06
2.8591e+06
2.8526e+06
2.8358e+06
2.8125e+06
2.788e+06
2.7679e+06
2.7563e+06
2.7556e+06
2.7656e+06
2.784e+06
2.8069e+06
2.8294e+06
2.8466e+06
2.8547e+06
2.8519e+06
2.8386e+06
2.8178e+06
2.7937e+06
2.7713e+06
2.7548e+06
2.7471e+06
2.7488e+06
2.7588e+06
2.7744e+06
2.7918e+06
2.8073e+06
2.8173e+06
2.8198e+06
2.8146e+06
2.8032e+06
2.7885e+06
2.7743e+06
2.7641e+06
2.7602e+06
2.7636e+06
2.7735e+06
2.7879e+06
2.8039e+06
2.8182e+06
2.8277e+06
2.8306e+06
2.8261e+06
2.8154e+06
2.8011e+06
2.7863e+06
2.7746e+06
2.7685e+06
2.7694e+06
2.7772e+06
2.7904e+06
2.8066e+06
2.8226e+06
2.8352e+06
2.842e+06
2.8418e+06
2.8349e+06
2.8231e+06
2.8092e+06
2.7964e+06
2.7875e+06
2.7842e+06
2.7871e+06
2.7958e+06
2.8084e+06
2.8225e+06
2.8353e+06
2.8441e+06
2.8472e+06
2.8441e+06
2.8359e+06
2.8248e+06
2.814e+06
2.8062e+06
2.8041e+06
2.8087e+06
2.82e+06
2.8367e+06
2.8564e+06
2.8759e+06
2.8919e+06
2.9021e+06
2.905e+06
2.9008e+06
2.8913e+06
2.879e+06
2.8672e+06
2.8586e+06
2.8553e+06
2.8581e+06
2.8665e+06
2.8787e+06
2.8919e+06
2.9028e+06
2.9085e+06
2.9071e+06
2.8985e+06
2.8843e+06
2.8675e+06
2.852e+06
2.8413e+06
2.8383e+06
2.8442e+06
2.8585e+06
2.8791e+06
2.9027e+06
2.925e+06
2.9422e+06
2.951e+06
2.9503e+06
2.9407e+06
2.9248e+06
2.9067e+06
2.8908e+06
2.881e+06
2.8801e+06
2.8887e+06
2.9053e+06
2.9269e+06
2.9491e+06
2.9674e+06
2.978e+06
2.9791e+06
2.9707e+06
2.9554e+06
2.9372e+06
2.921e+06
2.9114e+06
2.9117e+06
2.9232e+06
2.9446e+06
2.9725e+06
3.002e+06
3.0275e+06
3.0441e+06
3.0486e+06
3.0402e+06
3.0207e+06
2.994e+06
2.9655e+06
2.9409e+06
2.9248e+06
2.9201e+06
2.9272e+06
2.944e+06
2.9665e+06
2.9895e+06
3.008e+06
3.0183e+06
3.0184e+06
3.0088e+06
2.992e+06
2.9721e+06
2.9536e+06
2.9407e+06
2.9361e+06
2.9407e+06
2.9532e+06
2.9707e+06
2.9893e+06
3.0047e+06
3.0136e+06
3.014e+06
3.0061e+06
2.9915e+06
2.9733e+06
2.955e+06
2.9398e+06
2.93e+06
2.9266e+06
2.9294e+06
2.9371e+06
2.9477e+06
2.9587e+06
2.9681e+06
2.9741e+06
2.9763e+06
2.9747e+06
2.9702e+06
2.964e+06
2.9569e+06
2.9498e+06
2.9432e+06
2.9375e+06
2.9333e+06
2.931e+06
2.9313e+06
2.9342e+06
2.9398e+06
2.9478e+06
2.9571e+06
2.9663e+06
2.9733e+06
2.9761e+06
2.9727e+06
2.9621e+06
2.9449e+06
2.9227e+06
2.899e+06
2.8776e+06
2.8625e+06
2.8565e+06
2.8612e+06
2.876e+06
2.8983e+06
2.924e+06
2.948e+06
2.9656e+06
2.9736e+06
2.9705e+06
2.9573e+06
2.9375e+06
2.9155e+06
2.8965e+06
2.8847e+06
2.8829e+06
2.8911e+06
2.9076e+06
2.9286e+06
2.9495e+06
2.9659e+06
2.9748e+06
2.9749e+06
2.9671e+06
2.9543e+06
2.9403e+06
2.9287e+06
2.9226e+06
2.9236e+06
2.9314e+06
2.9445e+06
2.9606e+06
2.9767e+06
2.9906e+06
3.0006e+06
3.0065e+06
3.0087e+06
3.0086e+06
3.0075e+06
3.0059e+06
3.0038e+06
3.0004e+06
2.9947e+06
2.9864e+06
2.976e+06
2.9649e+06
2.9555e+06
2.9503e+06
2.9514e+06
2.9603e+06
2.9765e+06
2.998e+06
3.0212e+06
3.0416e+06
3.0547e+06
3.0575e+06
3.0491e+06
3.0309e+06
3.0069e+06
2.9824e+06
2.9627e+06
2.9526e+06
2.9542e+06
2.9673e+06
2.9889e+06
3.014e+06
3.0369e+06
3.0527e+06
3.0579e+06
3.0517e+06
3.0359e+06
3.0141e+06
2.9911e+06
2.9713e+06
2.9578e+06
2.952e+06
2.9532e+06
2.9593e+06
2.9676e+06
2.9757e+06
2.9818e+06
2.9853e+06
2.9871e+06
2.9886e+06
2.9914e+06
2.9961e+06
3.0021e+06
3.0077e+06
3.0103e+06
3.0079e+06
2.9997e+06
2.9865e+06
2.9709e+06
2.9568e+06
2.948e+06
2.9477e+06
2.9574e+06
2.9761e+06
3.0003e+06
3.0248e+06
3.0439e+06
3.0529e+06
3.0491e+06
3.033e+06
3.0076e+06
2.9784e+06
2.9517e+06
2.9329e+06
2.9257e+06
2.931e+06
2.9469e+06
2.9697e+06
2.9945e+06
3.0167e+06
3.0332e+06
3.0426e+06
3.0453e+06
3.0434e+06
3.0394e+06
3.0354e+06
3.0321e+06
3.029e+06
3.0247e+06
3.0179e+06
3.0082e+06
2.9962e+06
2.9841e+06
2.9746e+06
2.9708e+06
2.9748e+06
2.987e+06
3.0056e+06
3.0269e+06
3.046e+06
3.0578e+06
3.0589e+06
3.0479e+06
3.0265e+06
2.9986e+06
2.9698e+06
2.9455e+06
2.93e+06
2.9252e+06
2.9309e+06
2.9445e+06
2.9622e+06
2.9802e+06
2.9953e+06
3.0059e+06
3.012e+06
3.0148e+06
3.0161e+06
3.0169e+06
3.0172e+06
3.0158e+06
3.0109e+06
3.001e+06
2.9861e+06
2.9677e+06
2.9491e+06
2.9344e+06
2.9277e+06
2.9319e+06
2.9473e+06
2.9722e+06
3.0021e+06
3.0317e+06
3.0554e+06
3.0693e+06
3.0717e+06
3.0639e+06
3.0491e+06
3.032e+06
3.0169e+06
3.0066e+06
3.0019e+06
3.0017e+06
3.0036e+06
3.0052e+06
3.0049e+06
3.0023e+06
2.9986e+06
2.9959e+06
2.9964e+06
3.0019e+06
3.0122e+06
3.0254e+06
3.0381e+06
3.0461e+06
3.0464e+06
3.0375e+06
3.0206e+06
2.999e+06
2.9772e+06
2.9597e+06
2.95e+06
2.9494e+06
2.957e+06
2.9701e+06
2.9853e+06
2.9992e+06
3.01e+06
3.0171e+06
3.0217e+06
3.0254e+06
3.0296e+06
3.0346e+06
3.0391e+06
3.041e+06
3.0381e+06
3.0294e+06
3.0155e+06
2.999e+06
2.984e+06
2.975e+06
2.9756e+06
2.9872e+06
3.0086e+06
3.0359e+06
3.0634e+06
3.0855e+06
3.0978e+06
3.0983e+06
3.0882e+06
3.0708e+06
3.0509e+06
3.0328e+06
3.0191e+06
3.0102e+06
3.0044e+06
2.9992e+06
2.9922e+06
2.9828e+06
2.9717e+06
2.9615e+06
2.9555e+06
2.9562e+06
2.965e+06
2.9806e+06
2.9996e+06
3.0171e+06
3.0285e+06
3.0305e+06
3.0222e+06
3.0056e+06
2.9844e+06
2.9634e+06
2.9464e+06
2.9355e+06
2.9307e+06
2.9302e+06
2.9315e+06
2.9327e+06
2.9331e+06
2.9334e+06
2.9358e+06
2.9424e+06
2.9547e+06
2.9719e+06
2.9915e+06
3.009e+06
3.0198e+06
3.0203e+06
3.0096e+06
2.9896e+06
2.9645e+06
2.9399e+06
2.921e+06
2.9107e+06
2.9096e+06
2.9157e+06
2.9253e+06
2.9347e+06
2.9413e+06
2.9442e+06
2.9446e+06
2.9447e+06
2.947e+06
2.9528e+06
2.9615e+06
2.9704e+06
2.9757e+06
2.9742e+06
2.9641e+06
2.9461e+06
2.9232e+06
2.8999e+06
2.8805e+06
2.868e+06
2.8633e+06
2.8649e+06
2.8702e+06
2.8762e+06
2.8811e+06
2.8846e+06
2.888e+06
2.8937e+06
2.9036e+06
2.9179e+06
2.9347e+06
2.9502e+06
2.9597e+06
2.9596e+06
2.9485e+06
2.9281e+06
2.9028e+06
2.8782e+06
2.8598e+06
2.8508e+06
2.8516e+06
2.8598e+06
2.8713e+06
2.8822e+06
2.8897e+06
2.8936e+06
2.8956e+06
2.899e+06
2.9065e+06
2.9194e+06
2.9359e+06
2.9519e+06
2.9621e+06
2.9625e+06
2.9513e+06
2.9304e+06
2.9042e+06
2.8787e+06
2.8595e+06
2.8495e+06
2.8484e+06
2.8532e+06
2.8596e+06
2.864e+06
2.8644e+06
2.8619e+06
2.8597e+06
2.862e+06
2.8725e+06
2.8919e+06
2.9177e+06
2.9441e+06
2.9642e+06
2.9722e+06
2.9655e+06
2.9453e+06
2.9163e+06
2.8855e+06
2.8593e+06
2.8419e+06
2.834e+06
2.8334e+06
2.836e+06
2.8382e+06
2.8381e+06
2.836e+06
2.8345e+06
2.8367e+06
2.8451e+06
2.8601e+06
2.8797e+06
2.8999e+06
2.9162e+06
2.9253e+06
2.9262e+06
2.9204e+06
2.9112e+06
2.902e+06
2.8948e+06
2.8898e+06
2.8851e+06
2.8781e+06
2.867e+06
2.852e+06
2.8354e+06
2.8212e+06
2.8137e+06
2.8158e+06
2.828e+06
2.8475e+06
2.8696e+06
2.8892e+06
2.902e+06
2.9066e+06
2.9042e+06
2.8983e+06
2.8926e+06
2.8894e+06
2.8887e+06
2.8879e+06
2.8836e+06
2.8729e+06
2.8551e+06
2.8326e+06
2.8098e+06
2.7918e+06
2.7826e+06
2.7836e+06
2.7932e+06
2.8075e+06
2.8218e+06
2.8326e+06
2.8387e+06
2.8413e+06
2.8439e+06
2.8496e+06
2.8605e+06
2.8757e+06
2.8917e+06
2.9038e+06
2.9077e+06
2.9018e+06
2.8869e+06
2.867e+06
2.8468e+06
2.8302e+06
2.819e+06
2.8122e+06
2.8072e+06
2.8012e+06
2.7928e+06
2.783e+06
2.775e+06
2.7729e+06
2.7799e+06
2.7968e+06
2.8212e+06
2.8479e+06
2.871e+06
2.8858e+06
2.8904e+06
2.8863e+06
2.8776e+06
2.8691e+06
2.8642e+06
2.8634e+06
2.8642e+06
2.8625e+06
2.8545e+06
2.8386e+06
2.8163e+06
2.7919e+06
2.7706e+06
2.757e+06
2.7534e+06
2.7588e+06
2.77e+06
2.7828e+06
2.7937e+06
2.8012e+06
2.8063e+06
2.8111e+06
2.8182e+06
2.8289e+06
2.8422e+06
2.8554e+06
2.8651e+06
2.8689e+06
2.8662e+06
2.8584e+06
2.8484e+06
2.8389e+06
2.8313e+06
2.8251e+06
2.8185e+06
2.8097e+06
2.7979e+06
2.7842e+06
2.7714e+06
2.7632e+06
2.7623e+06
2.7695e+06
2.7831e+06
2.7993e+06
2.8142e+06
2.8249e+06
2.8308e+06
2.8338e+06
2.837e+06
2.8433e+06
2.8535e+06
2.8656e+06
2.8758e+06
2.8797e+06
2.8745e+06
2.86e+06
2.8391e+06
2.8163e+06
2.7962e+06
2.7815e+06
2.7724e+06
2.7669e+06
2.7621e+06
2.7563e+06
2.7494e+06
2.7438e+06
2.7426e+06
2.7485e+06
2.7623e+06
2.7819e+06
2.8033e+06
2.822e+06
2.8347e+06
2.841e+06
2.843e+06
2.8442e+06
2.8477e+06
2.8545e+06
2.8623e+06
2.8671e+06
2.8646e+06
2.8526e+06
2.8321e+06
2.8072e+06
2.7835e+06
2.7656e+06
2.7555e+06
2.7518e+06
2.7506e+06
2.7478e+06
2.7408e+06
2.7303e+06
2.7195e+06
2.7132e+06
2.7156e+06
2.7281e+06
2.7486e+06
2.7723e+06
2.7937e+06
2.8088e+06
2.8167e+06
2.8193e+06
2.8207e+06
2.824e+06
2.8305e+06
2.8383e+06
2.8435e+06
2.8422e+06
2.8324e+06
2.8151e+06
2.794e+06
2.7735e+06
2.7571e+06
2.7457e+06
2.7376e+06
2.7298e+06
2.7196e+06
2.7066e+06
2.6931e+06
2.683e+06
2.68e+06
2.6862e+06
2.7004e+06
2.7189e+06
2.7367e+06
2.75e+06
2.7578e+06
2.7618e+06
2.7659e+06
2.7738e+06
2.7869e+06
2.8034e+06
2.8187e+06
2.8281e+06
2.8283e+06
2.8192e+06
2.8039e+06
2.7872e+06
2.7729e+06
2.763e+06
2.7561e+06
2.7493e+06
2.7396e+06
2.726e+06
2.7099e+06
2.6947e+06
2.6844e+06
2.6812e+06
2.6849e+06
2.6928e+06
2.7014e+06
2.7082e+06
2.7127e+06
2.717e+06
2.7243e+06
2.7371e+06
2.7556e+06
2.7769e+06
2.7966e+06
2.8103e+06
2.8158e+06
2.8141e+06
2.8086e+06
2.8035e+06
2.8016e+06
2.8025e+06
2.8032e+06
2.7995e+06
2.7886e+06
2.7705e+06
2.7479e+06
2.7256e+06
2.7077e+06
2.6963e+06
2.69e+06
2.6857e+06
2.68e+06
2.6715e+06
2.6615e+06
2.6533e+06
2.6512e+06
2.6575e+06
2.6718e+06
2.6906e+06
2.7095e+06
2.7246e+06
2.735e+06
2.7425e+06
2.7505e+06
2.762e+06
2.7774e+06
2.7943e+06
2.808e+06
2.8146e+06
2.8124e+06
2.8031e+06
2.7909e+06
2.7803e+06
2.7737e+06
2.7703e+06
2.7664e+06
2.7578e+06
2.742e+06
2.72e+06
2.696e+06
2.6751e+06
2.6614e+06
2.6557e+06
2.6553e+06
2.6556e+06
2.6526e+06
2.645e+06
2.635e+06
2.6272e+06
2.626e+06
2.6338e+06
2.6492e+06
2.6682e+06
2.6855e+06
2.6978e+06
2.7047e+06
2.7089e+06
2.7141e+06
2.723e+06
2.7353e+06
2.748e+06
2.7567e+06
2.7585e+06
2.7531e+06
2.743e+06
2.7324e+06
2.7244e+06
2.7195e+06
2.7156e+06
2.7091e+06
2.6974e+06
2.6806e+06
2.6615e+06
2.6446e+06
2.633e+06
2.6272e+06
2.6247e+06
2.6214e+06
2.614e+06
2.6019e+06
2.5879e+06
2.5771e+06
2.5738e+06
2.5796e+06
2.5925e+06
2.6073e+06
2.619e+06
2.6248e+06
2.626e+06
2.6266e+06
2.6316e+06
2.6437e+06
2.6618e+06
2.6809e+06
2.6954e+06
2.7012e+06
2.6984e+06
2.6903e+06
2.6821e+06
2.6774e+06
2.6763e+06
2.6754e+06
2.67e+06
2.6568e+06
2.6363e+06
2.6125e+06
2.5907e+06
2.5753e+06
2.5666e+06
2.5615e+06
2.5549e+06
2.5432e+06
2.5261e+06
2.5071e+06
2.4916e+06
2.484e+06
2.4853e+06
2.4926e+06
2.5006e+06
2.5047e+06
2.5032e+06
2.4981e+06
2.4941e+06
2.4959e+06
2.5053e+06
2.5207e+06
2.5377e+06
2.5518e+06
2.5609e+06
2.5662e+06
2.5711e+06
2.5791e+06
2.5909e+06
2.6041e+06
2.6141e+06
2.6169e+06
2.6114e+06
2.6001e+06
2.5876e+06
2.5781e+06
2.5728e+06
2.5694e+06
2.5636e+06
2.5517e+06
2.5331e+06
2.5105e+06
2.4887e+06
2.4716e+06
2.46e+06
2.4515e+06
2.4416e+06
2.4272e+06
2.408e+06
2.3873e+06
2.3698e+06
2.3595e+06
2.3567e+06
2.3583e+06
2.3595e+06
2.3566e+06
2.3496e+06
2.3419e+06
2.3392e+06
2.3456e+06
2.3615e+06
2.383e+06
2.4037e+06
2.4183e+06
2.4249e+06
2.4261e+06
2.4268e+06
2.4315e+06
2.4417e+06
2.4551e+06
2.4671e+06
2.474e+06
2.4752e+06
2.473e+06
2.4712e+06
2.4724e+06
2.4758e+06
2.4776e+06
2.4736e+06
2.4618e+06
2.4441e+06
2.4251e+06
2.4098e+06
2.4003e+06
2.3944e+06
2.3869e+06
2.3725e+06
2.3491e+06
2.3196e+06
2.2899e+06
2.2662e+06
2.2519e+06
2.245e+06
2.2403e+06
2.2321e+06
2.2179e+06
2.1993e+06
2.1814e+06
2.1697e+06
2.1669e+06
2.1716e+06
2.1792e+06
2.1848e+06
2.1863e+06
2.185e+06
2.185e+06
2.19e+06
2.2012e+06
2.2162e+06
2.2305e+06
2.2405e+06
2.2456e+06
2.2483e+06
2.2529e+06
2.2625e+06
2.2767e+06
2.2917e+06
2.3028e+06
2.307e+06
2.3047e+06
2.2996e+06
2.2959e+06
2.2957e+06
2.2979e+06
2.2987e+06
2.2946e+06
2.2845e+06
2.2709e+06
2.2577e+06
2.2481e+06
2.242e+06
2.2362e+06
2.2262e+06
2.2095e+06
2.1874e+06
2.1643e+06
2.1452e+06
2.1326e+06
2.1248e+06
2.1168e+06
2.104e+06
2.0844e+06
2.0608e+06
2.0385e+06
2.0229e+06
2.0159e+06
2.0147e+06
2.0141e+06
2.0092e+06
1.9991e+06
1.987e+06
1.9783e+06
1.9774e+06
1.9843e+06
1.9953e+06
2.0045e+06
2.0083e+06
2.0071e+06
2.0052e+06
2.0081e+06
2.0189e+06
2.0358e+06
2.053e+06
2.0647e+06
2.0684e+06
2.0666e+06
2.0655e+06
2.0712e+06
2.0857e+06
2.1052e+06
2.1227e+06
2.1321e+06
2.1316e+06
2.1245e+06
2.1175e+06
2.1158e+06
2.1204e+06
2.1275e+06
2.1311e+06
2.1273e+06
2.1166e+06
2.1032e+06
2.0924e+06
2.0867e+06
2.0846e+06
2.0814e+06
2.0729e+06
2.0578e+06
2.0388e+06
2.0203e+06
2.0053e+06
1.9938e+06
1.9824e+06
1.9674e+06
1.9476e+06
1.9252e+06
1.9046e+06
1.8895e+06
1.8802e+06
1.8734e+06
1.864e+06
1.8491e+06
1.8296e+06
1.81e+06
1.7953e+06
1.7883e+06
1.787e+06
1.7864e+06
1.7817e+06
1.7715e+06
1.7588e+06
1.7491e+06
1.7472e+06
1.7536e+06
1.7644e+06
1.7736e+06
1.7771e+06
1.7751e+06
1.7717e+06
1.7723e+06
1.7798e+06
1.7929e+06
1.8067e+06
1.8164e+06
1.8205e+06
1.8219e+06
1.8256e+06
1.8354e+06
1.851e+06
1.8675e+06
1.8793e+06
1.8834e+06
1.8817e+06
1.88e+06
1.8842e+06
1.8963e+06
1.9129e+06
1.9273e+06
1.934e+06
1.9322e+06
1.926e+06
1.9219e+06
1.9242e+06
1.9323e+06
1.9411e+06
1.9449e+06
1.9412e+06
1.9323e+06
1.9236e+06
1.9197e+06
1.9214e+06
1.9248e+06
1.9243e+06
1.9165e+06
1.9024e+06
1.8866e+06
1.8742e+06
1.867e+06
1.8625e+06
1.8562e+06
1.8444e+06
1.8274e+06
1.809e+06
1.7937e+06
1.7834e+06
1.7758e+06
1.7664e+06
1.7512e+06
1.7302e+06
1.7072e+06
1.6875e+06
1.6744e+06
1.6667e+06
1.66e+06
1.6492e+06
1.6325e+06
1.612e+06
1.5924e+06
1.5778e+06
1.5689e+06
1.5631e+06
1.5563e+06
1.5463e+06
1.534e+06
1.5224e+06
1.5145e+06
1.5105e+06
1.508e+06
1.5037e+06
1.4961e+06
1.4868e+06
1.4797e+06
1.4784e+06
1.483e+06
1.4904e+06
1.4956e+06
1.4957e+06
1.4912e+06
1.4861e+06
1.4849e+06
1.4896e+06
1.4982e+06
1.5063e+06
1.5104e+06
1.5106e+06
1.5104e+06
1.5146e+06
1.5257e+06
1.5417e+06
1.5577e+06
1.569e+06
1.5744e+06
1.5767e+06
1.5811e+06
1.5911e+06
1.6061e+06
1.6217e+06
1.6333e+06
1.6387e+06
1.6404e+06
1.6432e+06
1.6512e+06
1.6647e+06
1.6801e+06
1.6925e+06
1.6994e+06
1.7021e+06
1.7045e+06
1.7102e+06
1.7198e+06
1.7306e+06
1.7391e+06
1.7437e+06
1.746e+06
1.7495e+06
1.7564e+06
1.7659e+06
1.7743e+06
1.7778e+06
1.7757e+06
1.7711e+06
1.7691e+06
1.773e+06
1.7819e+06
1.7909e+06
1.7946e+06
1.7908e+06
1.7818e+06
1.7729e+06
1.7685e+06
1.7696e+06
1.7731e+06
1.7748e+06
1.7727e+06
1.7678e+06
1.7635e+06
1.7617e+06
1.7617e+06
1.7604e+06
1.7549e+06
1.7451e+06
1.7343e+06
1.7266e+06
1.7238e+06
1.7239e+06
1.7223e+06
1.7154e+06
1.7034e+06
1.6902e+06
1.6806e+06
1.6769e+06
1.6767e+06
1.6749e+06
1.6674e+06
1.654e+06
1.6383e+06
1.6253e+06
1.6173e+06
1.6123e+06
1.6059e+06
1.5946e+06
1.5787e+06
1.5623e+06
1.5497e+06
1.5424e+06
1.5377e+06
1.5307e+06
1.5181e+06
1.5007e+06
1.4828e+06
1.4691e+06
1.4611e+06
1.4559e+06
1.449e+06
1.4375e+06
1.4221e+06
1.4067e+06
1.3948e+06
1.3867e+06
1.3794e+06
1.3691e+06
1.354e+06
1.3366e+06
1.3211e+06
1.3104e+06
1.3038e+06
1.2969e+06
1.2854e+06
1.2682e+06
1.2484e+06
1.231e+06
1.2193e+06
1.2123e+06
1.2057e+06
1.195e+06
1.1791e+06
1.1612e+06
1.1458e+06
1.1356e+06
1.1293e+06
1.1227e+06
1.112e+06
1.0968e+06
1.0801e+06
1.0658e+06
1.0558e+06
1.0484e+06
1.0399e+06
1.028e+06
1.0132e+06
9.9861e+05
9.8729e+05
9.7965e+05
9.7313e+05
9.6441e+05
9.5216e+05
9.3811e+05
9.2557e+05
9.1654e+05
9.0986e+05
9.0209e+05
8.9041e+05
8.7514e+05
8.5975e+05
8.4828e+05
8.4192e+05
8.377e+05
8.3072e+05
8.1794e+05
8.0073e+05
7.8424e+05
7.7374e+05
7.7047e+05
7.7049e+05
7.6769e+05
7.5839e+05
7.4385e+05
7.2923e+05
7.197e+05
7.1621e+05
7.1473e+05
7.0956e+05
6.9788e+05
