1.3986e+06
1.4068e+06
1.4107e+06
1.4199e+06
1.4404e+06
1.47e+06
1.5e+06
1.5214e+06
1.5316e+06
1.5356e+06
1.5425e+06
1.5585e+06
1.5831e+06
1.6096e+06
1.6312e+06
1.6457e+06
1.6565e+06
1.6693e+06
1.6867e+06
1.7069e+06
1.7251e+06
1.7383e+06
1.7489e+06
1.7625e+06
1.7842e+06
1.8139e+06
1.8456e+06
1.8721e+06
1.8902e+06
1.9029e+06
1.9174e+06
1.9392e+06
1.9681e+06
1.9981e+06
2.022e+06
2.0369e+06
2.0463e+06
2.0573e+06
2.0756e+06
2.1013e+06
2.1291e+06
2.1529e+06
2.1708e+06
2.186e+06
2.2041e+06
2.2284e+06
2.2571e+06
2.2848e+06
2.3072e+06
2.3246e+06
2.342e+06
2.3649e+06
2.395e+06
2.4284e+06
2.4583e+06
2.4804e+06
2.4966e+06
2.5131e+06
2.5365e+06
2.5682e+06
2.6032e+06
2.6336e+06
2.6546e+06
2.6679e+06
2.6807e+06
2.7002e+06
2.7288e+06
2.7621e+06
2.7926e+06
2.8154e+06
2.8311e+06
2.8456e+06
2.8648e+06
2.8904e+06
2.9186e+06
2.9431e+06
2.9606e+06
2.9729e+06
2.9858e+06
3.0047e+06
3.0305e+06
3.0589e+06
3.0837e+06
3.1013e+06
3.1128e+06
3.123e+06
3.1361e+06
3.1528e+06
3.1701e+06
3.1844e+06
3.1952e+06
3.2054e+06
3.2199e+06
3.2409e+06
3.2659e+06
3.2889e+06
3.3042e+06
3.3106e+06
3.3119e+06
3.3144e+06
3.3223e+06
3.3355e+06
3.3494e+06
3.3595e+06
3.3645e+06
3.3676e+06
3.3736e+06
3.3855e+06
3.4019e+06
3.4181e+06
3.4295e+06
3.4344e+06
3.4348e+06
3.4344e+06
3.4358e+06
3.4382e+06
3.4394e+06
3.4374e+06
3.4326e+06
3.4274e+06
3.4243e+06
3.423e+06
3.4207e+06
3.4144e+06
3.4033e+06
3.3906e+06
3.3815e+06
3.3797e+06
3.3839e+06
3.3887e+06
3.3868e+06
3.3746e+06
3.3534e+06
3.3292e+06
3.3087e+06
3.2953e+06
3.2876e+06
3.2811e+06
3.2718e+06
3.2587e+06
3.2437e+06
3.229e+06
3.2153e+06
3.2008e+06
3.1829e+06
3.1612e+06
3.1377e+06
3.116e+06
3.098e+06
3.0822e+06
3.064e+06
3.0392e+06
3.0068e+06
2.9712e+06
2.9394e+06
2.9172e+06
2.9055e+06
2.8993e+06
2.8914e+06
2.8766e+06
2.8545e+06
2.8293e+06
2.8066e+06
2.7894e+06
2.7769e+06
2.7656e+06
2.7527e+06
2.7386e+06
2.7262e+06
2.719e+06
2.7175e+06
2.7185e+06
2.7175e+06
2.7121e+06
2.7039e+06
2.6983e+06
2.7006e+06
2.7119e+06
2.7278e+06
2.7406e+06
2.7448e+06
2.7406e+06
2.7348e+06
2.7372e+06
2.7538e+06
2.783e+06
2.8159e+06
2.8422e+06
2.8562e+06
2.8607e+06
2.8651e+06
2.8797e+06
2.9087e+06
2.9477e+06
2.9862e+06
3.015e+06
3.0315e+06
3.0415e+06
3.0547e+06
3.0785e+06
3.113e+06
3.1509e+06
3.1832e+06
3.205e+06
3.2188e+06
3.2321e+06
3.2521e+06
3.2799e+06
3.3096e+06
3.3322e+06
3.3426e+06
3.343e+06
3.3428e+06
3.3522e+06
3.3761e+06
3.4097e+06
3.4416e+06
3.4606e+06
3.4618e+06
3.4493e+06
3.4329e+06
3.4221e+06
3.4208e+06
3.4256e+06
3.4296e+06
3.4273e+06
3.4182e+06
3.4065e+06
3.3965e+06
3.3895e+06
3.3825e+06
3.3699e+06
3.3486e+06
3.3199e+06
3.2899e+06
3.2651e+06
3.249e+06
3.2394e+06
3.2304e+06
3.2162e+06
3.1953e+06
3.1704e+06
3.1471e+06
3.1292e+06
3.1169e+06
3.1066e+06
3.0939e+06
3.077e+06
3.0582e+06
3.0418e+06
3.0316e+06
3.0277e+06
3.0263e+06
3.0226e+06
3.0139e+06
3.0022e+06
2.9933e+06
2.9934e+06
3.005e+06
3.0255e+06
3.0483e+06
3.0674e+06
3.0805e+06
3.0907e+06
3.104e+06
3.1251e+06
3.1538e+06
3.1848e+06
3.2108e+06
3.2274e+06
3.2355e+06
3.2419e+06
3.2548e+06
3.2789e+06
3.3129e+06
3.3497e+06
3.3819e+06
3.4054e+06
3.4223e+06
3.4388e+06
3.4606e+06
3.489e+06
3.5193e+06
3.5441e+06
3.5578e+06
3.5598e+06
3.555e+06
3.5501e+06
3.5496e+06
3.5528e+06
3.5545e+06
3.5492e+06
3.5349e+06
3.5148e+06
3.4952e+06
3.4815e+06
3.4745e+06
3.4698e+06
3.4609e+06
3.4431e+06
3.4169e+06
3.3875e+06
3.3614e+06
3.342e+06
3.3279e+06
3.3134e+06
3.2931e+06
3.2649e+06
3.2324e+06
3.2022e+06
3.1806e+06
3.1694e+06
3.1651e+06
3.1611e+06
3.1526e+06
3.1392e+06
3.1258e+06
3.1195e+06
3.1254e+06
3.1429e+06
3.1658e+06
3.1859e+06
3.1976e+06
3.2011e+06
3.2025e+06
3.2102e+06
3.2304e+06
3.263e+06
3.3019e+06
3.3387e+06
3.3671e+06
3.3863e+06
3.4005e+06
3.4161e+06
3.4375e+06
3.4642e+06
3.4918e+06
3.5147e+06
3.5302e+06
3.5395e+06
3.5469e+06
3.5561e+06
3.5675e+06
3.5776e+06
3.5812e+06
3.5753e+06
3.5611e+06
3.5437e+06
3.5297e+06
3.5223e+06
3.5195e+06
3.5147e+06
3.5009e+06
3.4748e+06
3.4386e+06
3.3997e+06
3.3667e+06
3.3445e+06
3.3325e+06
3.3249e+06
3.3145e+06
3.2967e+06
3.2718e+06
3.2444e+06
3.2206e+06
3.2047e+06
3.1974e+06
3.1963e+06
3.1977e+06
3.1998e+06
3.2033e+06
3.2106e+06
3.2242e+06
3.2438e+06
3.2669e+06
3.2894e+06
3.3087e+06
3.3252e+06
3.3419e+06
3.3629e+06
3.3904e+06
3.4228e+06
3.455e+06
3.4816e+06
3.4993e+06
3.5093e+06
3.516e+06
3.5244e+06
3.5366e+06
3.5501e+06
3.5591e+06
3.5577e+06
3.5439e+06
3.521e+06
3.496e+06
3.4763e+06
3.4653e+06
3.4605e+06
3.455e+06
3.4417e+06
3.4175e+06
3.3846e+06
3.3499e+06
3.3206e+06
3.3006e+06
3.2883e+06
3.2777e+06
3.2624e+06
3.2392e+06
3.2101e+06
3.1817e+06
3.1618e+06
3.1557e+06
3.1634e+06
3.1803e+06
3.1994e+06
3.216e+06
3.229e+06
3.2415e+06
3.2585e+06
3.2833e+06
3.3154e+06
3.3508e+06
3.3837e+06
3.4102e+06
3.4295e+06
3.4446e+06
3.4597e+06
3.4773e+06
3.4968e+06
3.5145e+06
3.526e+06
3.5289e+06
3.524e+06
3.5151e+06
3.5066e+06
3.5007e+06
3.4963e+06
3.4898e+06
3.4774e+06
3.4575e+06
3.432e+06
3.4046e+06
3.3794e+06
3.3579e+06
3.3388e+06
3.3189e+06
3.2956e+06
3.2694e+06
3.2439e+06
3.2248e+06
3.2169e+06
3.2215e+06
3.2354e+06
3.2528e+06
3.2678e+06
3.2778e+06
3.2843e+06
3.2926e+06
3.3083e+06
3.334e+06
3.3679e+06
3.4041e+06
3.4357e+06
3.4585e+06
3.473e+06
3.4838e+06
3.4966e+06
3.5149e+06
3.537e+06
3.557e+06
3.5674e+06
3.5638e+06
3.5467e+06
3.5217e+06
3.4968e+06
3.4778e+06
3.4657e+06
3.4562e+06
3.4424e+06
3.4193e+06
3.3866e+06
3.3493e+06
3.3153e+06
3.2918e+06
3.2812e+06
3.2803e+06
3.2823e+06
3.2805e+06
3.2719e+06
3.259e+06
3.2487e+06
3.2489e+06
3.2645e+06
3.2946e+06
3.3329e+06
3.3703e+06
3.3996e+06
3.4182e+06
3.4289e+06
3.438e+06
3.4516e+06
3.472e+06
3.4964e+06
3.5184e+06
3.5314e+06
3.5323e+06
3.5228e+06
3.5083e+06
3.4952e+06
3.4872e+06
3.4834e+06
3.4792e+06
3.4691e+06
3.4494e+06
3.4208e+06
3.3878e+06
3.3564e+06
3.3318e+06
3.3159e+06
3.307e+06
3.3016e+06
3.2964e+06
3.2905e+06
3.2856e+06
3.2853e+06
3.2924e+06
3.3082e+06
3.331e+06
3.3573e+06
3.3837e+06
3.4086e+06
3.4326e+06
3.4578e+06
3.4858e+06
3.5162e+06
3.5456e+06
3.5692e+06
3.5827e+06
3.5848e+06
3.5777e+06
3.5665e+06
3.5563e+06
3.5497e+06
3.5451e+06
3.5376e+06
3.5215e+06
3.4933e+06
3.4542e+06
3.4098e+06
3.3683e+06
3.3372e+06
3.3202e+06
3.3164e+06
3.3205e+06
3.3263e+06
3.3295e+06
3.3295e+06
3.3293e+06
3.334e+06
3.3484e+06
3.374e+06
3.4087e+06
3.4477e+06
3.4852e+06
3.5172e+06
3.5426e+06
3.5629e+06
3.5805e+06
3.5966e+06
3.6106e+06
3.6193e+06
3.6195e+06
3.6092e+06
3.5894e+06
3.5638e+06
3.5375e+06
3.5149e+06
3.4977e+06
3.4846e+06
3.4723e+06
3.4574e+06
3.4382e+06
3.4155e+06
3.3923e+06
3.3726e+06
3.36e+06
3.3562e+06
3.3612e+06
3.3738e+06
3.3929e+06
3.4179e+06
3.4489e+06
3.4856e+06
3.5268e+06
3.5691e+06
3.6076e+06
3.6375e+06
3.6555e+06
3.6612e+06
3.6576e+06
3.6493e+06
3.6407e+06
3.6339e+06
3.6273e+06
3.6173e+06
3.5994e+06
3.5716e+06
3.5352e+06
3.495e+06
3.4578e+06
3.4297e+06
3.4141e+06
3.4103e+06
3.4149e+06
3.4233e+06
3.4321e+06
3.4408e+06
3.4519e+06
3.4691e+06
3.4957e+06
3.5319e+06
3.5746e+06
3.6175e+06
3.6538e+06
3.6787e+06
3.6906e+06
3.6918e+06
3.687e+06
3.6806e+06
3.6749e+06
3.6692e+06
3.6604e+06
3.6451e+06
3.6219e+06
3.5926e+06
3.5616e+06
3.5345e+06
3.5156e+06
3.5066e+06
3.5059e+06
3.5099e+06
3.5147e+06
3.5183e+06
3.5211e+06
3.526e+06
3.5365e+06
3.5555e+06
3.5832e+06
3.617e+06
3.6521e+06
3.6836e+06
3.7079e+06
3.7244e+06
3.7348e+06
3.7421e+06
3.7484e+06
3.754e+06
3.7569e+06
3.7539e+06
3.7426e+06
3.7224e+06
3.6956e+06
3.6662e+06
3.6385e+06
3.6159e+06
3.5993e+06
3.5875e+06
3.5784e+06
3.5708e+06
3.5647e+06
3.5625e+06
3.5677e+06
3.5833e+06
3.6102e+06
3.6461e+06
3.686e+06
3.7232e+06
3.7523e+06
3.7704e+06
3.7781e+06
3.7789e+06
3.7768e+06
3.7747e+06
3.7723e+06
3.7665e+06
3.7528e+06
3.7277e+06
3.691e+06
3.6465e+06
3.6012e+06
3.5633e+06
3.5398e+06
3.5339e+06
3.5445e+06
3.5665e+06
3.5936e+06
3.6199e+06
3.6421e+06
3.6601e+06
3.6765e+06
3.6945e+06
3.7169e+06
3.7436e+06
3.7718e+06
3.7967e+06
3.8133e+06
3.818e+06
3.8101e+06
3.7915e+06
3.7657e+06
3.7367e+06
3.7074e+06
3.6794e+06
3.6529e+06
3.6278e+06
3.6045e+06
3.5842e+06
3.5692e+06
3.5616e+06
3.5631e+06
3.5741e+06
3.5932e+06
3.6183e+06
3.6464e+06
3.6749e+06
3.7019e+06
3.7262e+06
3.7471e+06
3.7635e+06
3.7742e+06
3.7776e+06
3.7724e+06
3.7581e+06
3.7356e+06
3.7073e+06
3.6764e+06
3.6461e+06
3.6188e+06
3.5957e+06
3.5771e+06
3.5627e+06
3.5526e+06
3.5475e+06
3.549e+06
3.5586e+06
3.5773e+06
3.6044e+06
3.6374e+06
3.6721e+06
3.7037e+06
3.7282e+06
3.7434e+06
3.7495e+06
3.7487e+06
3.7443e+06
3.7389e+06
3.7336e+06
3.7274e+06
3.7181e+06
3.7036e+06
3.6835e+06
3.6595e+06
3.6354e+06
3.6159e+06
3.6053e+06
3.606e+06
3.6175e+06
3.6367e+06
3.659e+06
3.6795e+06
3.6952e+06
3.7049e+06
3.7103e+06
3.714e+06
3.7186e+06
3.7252e+06
3.732e+06
3.7357e+06
3.7322e+06
3.7189e+06
3.6957e+06
3.6654e+06
3.6332e+06
3.6049e+06
3.5851e+06
3.5761e+06
3.5771e+06
3.5854e+06
3.5973e+06
3.6099e+06
3.6215e+06
3.6323e+06
3.6437e+06
3.6572e+06
3.6734e+06
3.6909e+06
3.7066e+06
3.717e+06
3.719e+06
3.7115e+06
3.6958e+06
3.675e+06
3.653e+06
3.6328e+06
3.6155e+06
3.6001e+06
3.5845e+06
3.5669e+06
3.5469e+06
3.5265e+06
3.5097e+06
3.5017e+06
3.507e+06
3.5277e+06
3.562e+06
3.6042e+06
3.6462e+06
3.6796e+06
3.6982e+06
3.6996e+06
3.6857e+06
3.6617e+06
3.6342e+06
3.6086e+06
3.5879e+06
3.5716e+06
3.5573e+06
3.542e+06
3.5241e+06
3.5047e+06
3.487e+06
3.4758e+06
3.4757e+06
3.4891e+06
3.5152e+06
3.5497e+06
3.5859e+06
3.6165e+06
3.6361e+06
3.6423e+06
3.6363e+06
3.6224e+06
3.6056e+06
3.5901e+06
3.5778e+06
3.5677e+06
3.557e+06
3.5429e+06
3.5241e+06
3.5016e+06
3.4791e+06
3.4613e+06
3.453e+06
3.4573e+06
3.4739e+06
3.4997e+06
3.529e+06
3.5551e+06
3.5729e+06
3.5793e+06
3.5747e+06
3.5621e+06
3.5456e+06
3.5292e+06
3.5148e+06
3.5023e+06
3.4898e+06
3.4754e+06
3.458e+06
3.4387e+06
3.4202e+06
3.4067e+06
3.4021e+06
3.4086e+06
3.426e+06
3.451e+06
3.4782e+06
3.5014e+06
3.5155e+06
3.5176e+06
3.508e+06
3.4898e+06
3.4676e+06
3.4459e+06
3.4278e+06
3.4138e+06
3.4026e+06
3.392e+06
3.3802e+06
3.367e+06
3.3538e+06
3.3434e+06
3.3392e+06
3.3438e+06
3.358e+06
3.3803e+06
3.407e+06
3.4328e+06
3.4525e+06
3.4623e+06
3.4604e+06
3.4477e+06
3.4267e+06
3.4012e+06
3.3748e+06
3.3499e+06
3.3279e+06
3.3094e+06
3.2944e+06
3.2833e+06
3.2771e+06
3.277e+06
3.2842e+06
3.2991e+06
3.3207e+06
3.3462e+06
3.3718e+06
3.3929e+06
3.4056e+06
3.4075e+06
3.3984e+06
3.3804e+06
3.3569e+06
3.3318e+06
3.3086e+06
3.2893e+06
3.2742e+06
3.2628e+06
3.2542e+06
3.2476e+06
3.2433e+06
3.2422e+06
3.2456e+06
3.255e+06
3.2703e+06
3.2899e+06
3.3103e+06
3.3269e+06
3.3353e+06
3.3322e+06
3.3173e+06
3.2927e+06
3.2632e+06
3.2346e+06
3.2122e+06
3.1996e+06
3.1979e+06
3.2053e+06
3.2186e+06
3.2335e+06
3.2467e+06
3.2562e+06
3.2619e+06
3.2658e+06
3.2702e+06
3.2771e+06
3.2869e+06
3.2974e+06
3.3051e+06
3.3056e+06
3.2961e+06
3.2759e+06
3.2473e+06
3.215e+06
3.1854e+06
3.1646e+06
3.1569e+06
3.1642e+06
3.1845e+06
3.2133e+06
3.2445e+06
3.2716e+06
3.29e+06
3.2972e+06
3.2936e+06
3.2817e+06
3.2651e+06
3.2471e+06
3.2301e+06
3.2148e+06
3.2006e+06
3.1869e+06
3.1734e+06
3.1606e+06
3.1503e+06
3.1447e+06
3.1462e+06
3.156e+06
3.1735e+06
3.1957e+06
3.218e+06
3.2346e+06
3.2405e+06
3.2329e+06
3.2116e+06
3.1799e+06
3.1434e+06
3.1087e+06
3.082e+06
3.0676e+06
3.0669e+06
3.0782e+06
3.0978e+06
3.121e+06
3.1431e+06
3.161e+06
3.1731e+06
3.1799e+06
3.183e+06
3.1842e+06
3.1844e+06
3.183e+06
3.1783e+06
3.1682e+06
3.1512e+06
3.1274e+06
3.0988e+06
3.0694e+06
3.0442e+06
3.028e+06
3.0246e+06
3.0355e+06
3.0591e+06
3.0909e+06
3.1246e+06
3.1532e+06
3.171e+06
3.1746e+06
3.1637e+06
3.1414e+06
3.1124e+06
3.0829e+06
3.0582e+06
3.042e+06
3.036e+06
3.0394e+06
3.0499e+06
3.0643e+06
3.0793e+06
3.0925e+06
3.1026e+06
3.1094e+06
3.1133e+06
3.1147e+06
3.1136e+06
3.1094e+06
3.1011e+06
3.088e+06
3.0701e+06
3.0488e+06
3.0267e+06
3.0071e+06
2.9935e+06
2.9885e+06
2.9931e+06
3.0066e+06
3.026e+06
3.0469e+06
3.0642e+06
3.0734e+06
3.0718e+06
3.0588e+06
3.0366e+06
3.009e+06
2.9811e+06
2.9578e+06
2.943e+06
2.9383e+06
2.9434e+06
2.956e+06
2.9725e+06
2.9889e+06
3.0015e+06
3.0081e+06
3.0076e+06
3.0007e+06
2.9889e+06
2.974e+06
2.9579e+06
2.9419e+06
2.9267e+06
2.9127e+06
2.9006e+06
2.8909e+06
2.8844e+06
2.8819e+06
2.8836e+06
2.8894e+06
2.8983e+06
2.9085e+06
2.9175e+06
2.9227e+06
2.9219e+06
2.9138e+06
2.8987e+06
2.8783e+06
2.8559e+06
2.8354e+06
2.8203e+06
2.8136e+06
2.8161e+06
2.8271e+06
2.8437e+06
2.8622e+06
2.8782e+06
2.888e+06
2.8894e+06
2.8819e+06
2.8669e+06
2.8474e+06
2.8269e+06
2.8087e+06
2.7954e+06
2.7881e+06
2.7867e+06
2.7903e+06
2.7973e+06
2.806e+06
2.8149e+06
2.8228e+06
2.8292e+06
2.8341e+06
2.8375e+06
2.8394e+06
2.8394e+06
2.8365e+06
2.83e+06
2.8195e+06
2.8056e+06
2.7896e+06
2.7741e+06
2.762e+06
2.7558e+06
2.7576e+06
2.7678e+06
2.7855e+06
2.8079e+06
2.8308e+06
2.85e+06
2.8612e+06
2.862e+06
2.8518e+06
2.8321e+06
2.8066e+06
2.7799e+06
2.7568e+06
2.7411e+06
2.7352e+06
2.7391e+06
2.7507e+06
2.7665e+06
2.7821e+06
2.7933e+06
2.7972e+06
2.7926e+06
2.7802e+06
2.7624e+06
2.7426e+06
2.7245e+06
2.7111e+06
2.7043e+06
2.7046e+06
2.7108e+06
2.7209e+06
2.7324e+06
2.7424e+06
2.749e+06
2.751e+06
2.7482e+06
2.7415e+06
2.7322e+06
2.7218e+06
2.7113e+06
2.7017e+06
2.6932e+06
2.686e+06
2.68e+06
2.6752e+06
2.6716e+06
2.6691e+06
2.6678e+06
2.6675e+06
2.6681e+06
2.6689e+06
2.6691e+06
2.6676e+06
2.6637e+06
2.6569e+06
2.6476e+06
2.6369e+06
2.6263e+06
2.6177e+06
2.6124e+06
2.6115e+06
2.6149e+06
2.6216e+06
2.6298e+06
2.6369e+06
2.6404e+06
2.6386e+06
2.6305e+06
2.6169e+06
2.5999e+06
2.5826e+06
2.5682e+06
2.5598e+06
2.5592e+06
2.5667e+06
2.5807e+06
2.5982e+06
2.6154e+06
2.6282e+06
2.6334e+06
2.6294e+06
2.6164e+06
2.5969e+06
2.5745e+06
2.5539e+06
2.5394e+06
2.5342e+06
2.5394e+06
2.5543e+06
2.5758e+06
2.5997e+06
2.6212e+06
2.636e+06
2.6414e+06
2.6366e+06
2.6232e+06
2.6044e+06
2.5848e+06
2.569e+06
2.5609e+06
2.5626e+06
2.5741e+06
2.5934e+06
2.6167e+06
2.6395e+06
2.6575e+06
2.6672e+06
2.6671e+06
2.6579e+06
2.6422e+06
2.6238e+06
2.6072e+06
2.5964e+06
2.5938e+06
2.6003e+06
2.6147e+06
2.6342e+06
2.6549e+06
2.6728e+06
2.6844e+06
2.6874e+06
2.6817e+06
2.6685e+06
2.6508e+06
2.6322e+06
2.6163e+06
2.6059e+06
2.6026e+06
2.6063e+06
2.6157e+06
2.6284e+06
2.6413e+06
2.6516e+06
2.6573e+06
2.6574e+06
2.6526e+06
2.6443e+06
2.6351e+06
2.6274e+06
2.623e+06
2.6229e+06
2.6269e+06
2.6338e+06
2.6417e+06
2.6482e+06
2.6512e+06
2.6491e+06
2.6417e+06
2.6298e+06
2.6155e+06
2.6016e+06
2.591e+06
2.5859e+06
2.5876e+06
2.5959e+06
2.6098e+06
2.6269e+06
2.6443e+06
2.659e+06
2.6687e+06
2.6717e+06
2.6682e+06
2.6594e+06
2.6478e+06
2.6365e+06
2.6283e+06
2.6254e+06
2.6288e+06
2.6382e+06
2.6522e+06
2.6684e+06
2.6841e+06
2.6963e+06
2.7031e+06
2.7036e+06
2.6984e+06
2.6895e+06
2.6798e+06
2.6725e+06
2.6704e+06
2.6751e+06
2.6871e+06
2.7054e+06
2.7276e+06
2.7506e+06
2.7708e+06
2.7851e+06
2.7912e+06
2.7886e+06
2.7781e+06
2.7621e+06
2.7437e+06
2.7264e+06
2.713e+06
2.7056e+06
2.7048e+06
2.7096e+06
2.7181e+06
2.7273e+06
2.7345e+06
2.7372e+06
2.7344e+06
2.7267e+06
2.7157e+06
2.7041e+06
2.6948e+06
2.6903e+06
2.6923e+06
2.7008e+06
2.7146e+06
2.7312e+06
2.7471e+06
2.759e+06
2.764e+06
2.7605e+06
2.7489e+06
2.7309e+06
2.7101e+06
2.6903e+06
2.6755e+06
2.6683e+06
2.6701e+06
2.6802e+06
2.6961e+06
2.7142e+06
2.7303e+06
2.7407e+06
2.743e+06
2.7368e+06
2.7235e+06
2.7063e+06
2.6894e+06
2.6771e+06
2.6729e+06
2.6786e+06
2.6939e+06
2.7164e+06
2.7421e+06
2.7664e+06
2.7845e+06
2.7932e+06
2.791e+06
2.7784e+06
2.7584e+06
2.7351e+06
2.7131e+06
2.6967e+06
2.6887e+06
2.69e+06
2.6996e+06
2.7146e+06
2.731e+06
2.7449e+06
2.7531e+06
2.7536e+06
2.7468e+06
2.7343e+06
2.7192e+06
2.7052e+06
2.6954e+06
2.692e+06
2.6955e+06
2.7051e+06
2.7183e+06
2.7322e+06
2.7435e+06
2.7499e+06
2.75e+06
2.7442e+06
2.7341e+06
2.7222e+06
2.7112e+06
2.7035e+06
2.7005e+06
2.7027e+06
2.7092e+06
2.7188e+06
2.7298e+06
2.7406e+06
2.7498e+06
2.757e+06
2.762e+06
2.7657e+06
2.7686e+06
2.7716e+06
2.7748e+06
2.7778e+06
2.7802e+06
2.7813e+06
2.7809e+06
2.7793e+06
2.7771e+06
2.7754e+06
2.7755e+06
2.7783e+06
2.7843e+06
2.7931e+06
2.8033e+06
2.813e+06
2.8198e+06
2.8219e+06
2.8183e+06
2.8093e+06
2.7966e+06
2.7832e+06
2.7721e+06
2.7665e+06
2.7684e+06
2.7783e+06
2.7949e+06
2.8151e+06
2.8349e+06
2.85e+06
2.857e+06
2.854e+06
2.8415e+06
2.8216e+06
2.7983e+06
2.7763e+06
2.7599e+06
2.7521e+06
2.7541e+06
2.7649e+06
2.7816e+06
2.8004e+06
2.8171e+06
2.8283e+06
2.8323e+06
2.8289e+06
2.8199e+06
2.808e+06
2.7964e+06
2.7881e+06
2.7845e+06
2.7859e+06
2.7915e+06
2.7991e+06
2.8067e+06
2.8124e+06
2.815e+06
2.8144e+06
2.8116e+06
2.8078e+06
2.8045e+06
2.8027e+06
2.8024e+06
2.8029e+06
2.8029e+06
2.8016e+06
2.7983e+06
2.7935e+06
2.7886e+06
2.7852e+06
2.7855e+06
2.7907e+06
2.8011e+06
2.8158e+06
2.8323e+06
2.8475e+06
2.8581e+06
2.8615e+06
2.857e+06
2.8455e+06
2.8299e+06
2.8141e+06
2.8024e+06
2.7983e+06
2.8036e+06
2.8179e+06
2.8387e+06
2.862e+06
2.8831e+06
2.8979e+06
2.9037e+06
2.8997e+06
2.8872e+06
2.8693e+06
2.8496e+06
2.8318e+06
2.8184e+06
2.8103e+06
2.807e+06
2.8071e+06
2.8086e+06
2.8098e+06
2.8099e+06
2.809e+06
2.8081e+06
2.8086e+06
2.8117e+06
2.8178e+06
2.8256e+06
2.8332e+06
2.8377e+06
2.837e+06
2.8298e+06
2.8169e+06
2.8005e+06
2.7841e+06
2.7717e+06
2.7665e+06
2.7702e+06
2.7821e+06
2.7994e+06
2.8178e+06
2.8324e+06
2.8391e+06
2.8354e+06
2.8217e+06
2.8005e+06
2.7764e+06
2.7545e+06
2.7393e+06
2.7335e+06
2.7374e+06
2.7492e+06
2.7653e+06
2.7818e+06
2.7952e+06
2.8034e+06
2.8059e+06
2.8039e+06
2.7996e+06
2.7956e+06
2.7933e+06
2.7928e+06
2.7929e+06
2.7915e+06
2.7867e+06
2.7775e+06
2.7646e+06
2.7501e+06
2.7372e+06
2.7293e+06
2.7293e+06
2.7379e+06
2.7539e+06
2.774e+06
2.7932e+06
2.8067e+06
2.8108e+06
2.804e+06
2.7872e+06
2.7638e+06
2.7387e+06
2.7168e+06
2.7018e+06
2.6952e+06
2.6966e+06
2.7033e+06
2.7119e+06
2.7194e+06
2.7234e+06
2.7233e+06
2.7202e+06
2.7161e+06
2.7134e+06
2.7138e+06
2.7171e+06
2.7216e+06
2.7246e+06
2.7234e+06
2.7162e+06
2.7035e+06
2.6874e+06
2.6717e+06
2.6605e+06
2.6572e+06
2.6636e+06
2.679e+06
2.7002e+06
2.7227e+06
2.7415e+06
2.7526e+06
2.7538e+06
2.7456e+06
2.7304e+06
2.7123e+06
2.695e+06
2.6814e+06
2.6726e+06
2.6676e+06
2.6645e+06
2.661e+06
2.6558e+06
2.6484e+06
2.6402e+06
2.6331e+06
2.6297e+06
2.6317e+06
2.6392e+06
2.6505e+06
2.6623e+06
2.6706e+06
2.6718e+06
2.6644e+06
2.6488e+06
2.6277e+06
2.6055e+06
2.5864e+06
2.5741e+06
2.5702e+06
2.5741e+06
2.5837e+06
2.5958e+06
2.6072e+06
2.6159e+06
2.6214e+06
2.6244e+06
2.6267e+06
2.6298e+06
2.6341e+06
2.6389e+06
2.6418e+06
2.6403e+06
2.6326e+06
2.6183e+06
2.599e+06
2.5781e+06
2.5599e+06
2.5486e+06
2.5466e+06
2.5542e+06
2.5692e+06
2.5872e+06
2.6036e+06
2.6139e+06
2.6157e+06
2.6089e+06
2.5955e+06
2.5789e+06
2.5628e+06
2.5494e+06
2.5394e+06
2.5318e+06
2.5242e+06
2.5149e+06
2.5028e+06
2.4888e+06
2.475e+06
2.4646e+06
2.4602e+06
2.4637e+06
2.4746e+06
2.4906e+06
2.5078e+06
2.5217e+06
2.529e+06
2.528e+06
2.5193e+06
2.5054e+06
2.4898e+06
2.4757e+06
2.4649e+06
2.4578e+06
2.453e+06
2.4487e+06
2.4434e+06
2.4363e+06
2.4285e+06
2.4217e+06
2.4184e+06
2.4204e+06
2.4279e+06
2.4393e+06
2.4514e+06
2.4602e+06
2.4624e+06
2.4561e+06
2.4421e+06
2.4231e+06
2.4031e+06
2.3862e+06
2.3752e+06
2.371e+06
2.3724e+06
2.3769e+06
2.3816e+06
2.3846e+06
2.3853e+06
2.3847e+06
2.3848e+06
2.3879e+06
2.3952e+06
2.4063e+06
2.4189e+06
2.4295e+06
2.4348e+06
2.4322e+06
2.4215e+06
2.4042e+06
2.3837e+06
2.3636e+06
2.3469e+06
2.3351e+06
2.3277e+06
2.3232e+06
2.3197e+06
2.3155e+06
2.3106e+06
2.3058e+06
2.3029e+06
2.3037e+06
2.3086e+06
2.3167e+06
2.3253e+06
2.3308e+06
2.33e+06
2.3214e+06
2.3054e+06
2.2848e+06
2.2634e+06
2.2453e+06
2.2331e+06
2.2274e+06
2.2271e+06
2.2294e+06
2.2318e+06
2.2326e+06
2.2316e+06
2.2304e+06
2.2315e+06
2.2371e+06
2.2481e+06
2.2632e+06
2.2791e+06
2.2915e+06
2.2965e+06
2.2922e+06
2.2791e+06
2.2601e+06
2.2395e+06
2.2214e+06
2.2085e+06
2.2011e+06
2.1972e+06
2.1939e+06
2.1887e+06
2.1804e+06
2.17e+06
2.1603e+06
2.1549e+06
2.1566e+06
2.1665e+06
2.1827e+06
2.2009e+06
2.216e+06
2.2233e+06
2.2203e+06
2.2076e+06
2.1885e+06
2.1677e+06
2.1501e+06
2.1386e+06
2.1335e+06
2.1328e+06
2.1332e+06
2.1317e+06
2.127e+06
2.1196e+06
2.112e+06
2.1073e+06
2.1082e+06
2.1156e+06
2.1283e+06
2.1429e+06
2.1555e+06
2.1629e+06
2.1632e+06
2.1573e+06
2.1473e+06
2.1361e+06
2.1262e+06
2.118e+06
2.1106e+06
2.1021e+06
2.0907e+06
2.0759e+06
2.0591e+06
2.0429e+06
2.0307e+06
2.0252e+06
2.0274e+06
2.0363e+06
2.0489e+06
2.0616e+06
2.0713e+06
2.0763e+06
2.077e+06
2.0752e+06
2.0734e+06
2.0732e+06
2.0747e+06
2.0762e+06
2.0753e+06
2.0695e+06
2.0579e+06
2.0417e+06
2.0238e+06
2.0079e+06
1.9971e+06
1.9928e+06
1.9944e+06
1.9994e+06
2.0048e+06
2.0081e+06
2.0086e+06
2.0072e+06
2.0063e+06
2.0085e+06
2.0153e+06
2.0264e+06
2.0391e+06
2.0496e+06
2.0544e+06
2.0514e+06
2.041e+06
2.0255e+06
2.0084e+06
1.9928e+06
1.9806e+06
1.9715e+06
1.9639e+06
1.9559e+06
1.9463e+06
1.9356e+06
1.9256e+06
1.9195e+06
1.9197e+06
1.9274e+06
1.9413e+06
1.9583e+06
1.9743e+06
1.9861e+06
1.9916e+06
1.9915e+06
1.9882e+06
1.9846e+06
1.983e+06
1.9838e+06
1.9852e+06
1.9841e+06
1.9777e+06
1.9646e+06
1.9458e+06
1.9241e+06
1.9036e+06
1.8878e+06
1.8785e+06
1.8755e+06
1.8767e+06
1.8794e+06
1.8812e+06
1.8814e+06
1.8806e+06
1.881e+06
1.8843e+06
1.8917e+06
1.9024e+06
1.9143e+06
1.9244e+06
1.9304e+06
1.9312e+06
1.9275e+06
1.921e+06
1.9139e+06
1.9073e+06
1.9012e+06
1.8943e+06
1.8851e+06
1.8728e+06
1.858e+06
1.8427e+06
1.8298e+06
1.8217e+06
1.8196e+06
1.823e+06
1.8296e+06
1.8369e+06
1.8425e+06
1.8458e+06
1.8477e+06
1.8499e+06
1.8544e+06
1.8619e+06
1.8712e+06
1.8796e+06
1.884e+06
1.8821e+06
1.8735e+06
1.8598e+06
1.8441e+06
1.8297e+06
1.8184e+06
1.8105e+06
1.8044e+06
1.798e+06
1.7896e+06
1.7792e+06
1.7685e+06
1.7599e+06
1.756e+06
1.7579e+06
1.7651e+06
1.7752e+06
1.785e+06
1.7921e+06
1.7959e+06
1.7971e+06
1.7981e+06
1.8007e+06
1.8058e+06
1.812e+06
1.8168e+06
1.8171e+06
1.8112e+06
1.7994e+06
1.7841e+06
1.769e+06
1.757e+06
1.7495e+06
1.7455e+06
1.7425e+06
1.7377e+06
1.7297e+06
1.719e+06
1.7082e+06
1.7012e+06
1.7008e+06
1.7081e+06
1.7215e+06
1.7374e+06
1.7517e+06
1.7616e+06
1.7663e+06
1.7678e+06
1.769e+06
1.7727e+06
1.7798e+06
1.7884e+06
1.7952e+06
1.7964e+06
1.7901e+06
1.7768e+06
1.7596e+06
1.7426e+06
1.7291e+06
1.7205e+06
1.7155e+06
1.7112e+06
1.705e+06
1.6956e+06
1.6842e+06
1.6736e+06
1.6675e+06
1.6681e+06
1.6756e+06
1.6876e+06
1.7003e+06
1.7102e+06
1.7157e+06
1.7174e+06
1.7181e+06
1.7208e+06
1.7277e+06
1.7383e+06
1.7498e+06
1.7583e+06
1.7608e+06
1.7561e+06
1.746e+06
1.7337e+06
1.7226e+06
1.7146e+06
1.7092e+06
1.7041e+06
1.6965e+06
1.6846e+06
1.6691e+06
1.6525e+06
1.6381e+06
1.6288e+06
1.6257e+06
1.6274e+06
1.6313e+06
1.6348e+06
1.6362e+06
1.6362e+06
1.6369e+06
1.6406e+06
1.649e+06
1.6614e+06
1.6752e+06
1.6871e+06
1.6944e+06
1.696e+06
1.6935e+06
1.6894e+06
1.6866e+06
1.6862e+06
1.6874e+06
1.6878e+06
1.6846e+06
1.6763e+06
1.6633e+06
1.6477e+06
1.6325e+06
1.6198e+06
1.6104e+06
1.6033e+06
1.5969e+06
1.5898e+06
1.5822e+06
1.5754e+06
1.5716e+06
1.5723e+06
1.5781e+06
1.5875e+06
1.5982e+06
1.6078e+06
1.6151e+06
1.6206e+06
1.6261e+06
1.6332e+06
1.643e+06
1.6542e+06
1.6646e+06
1.6713e+06
1.6727e+06
1.6691e+06
1.6623e+06
1.655e+06
1.6493e+06
1.6453e+06
1.6414e+06
1.6353e+06
1.6253e+06
1.6115e+06
1.5956e+06
1.5808e+06
1.5696e+06
1.5631e+06
1.5603e+06
1.5586e+06
1.5557e+06
1.5504e+06
1.5436e+06
1.5375e+06
1.535e+06
1.5377e+06
1.5452e+06
1.5555e+06
1.5656e+06
1.5733e+06
1.5782e+06
1.5817e+06
1.5861e+06
1.5931e+06
1.6025e+06
1.6125e+06
1.62e+06
1.6227e+06
1.6199e+06
1.6134e+06
1.6059e+06
1.6e+06
1.5965e+06
1.5943e+06
1.5907e+06
1.5835e+06
1.5719e+06
1.5575e+06
1.5431e+06
1.5317e+06
1.5244e+06
1.5204e+06
1.5172e+06
1.5122e+06
1.5041e+06
1.4942e+06
1.4851e+06
1.4802e+06
1.4814e+06
1.4885e+06
1.4985e+06
1.5079e+06
1.514e+06
1.5163e+06
1.517e+06
1.5191e+06
1.5253e+06
1.5362e+06
1.5497e+06
1.562e+06
1.5697e+06
1.5716e+06
1.5689e+06
1.5645e+06
1.5613e+06
1.5608e+06
1.5617e+06
1.5612e+06
1.5566e+06
1.5467e+06
1.5326e+06
1.5173e+06
1.5037e+06
1.4935e+06
1.486e+06
1.4791e+06
1.4705e+06
1.4593e+06
1.4466e+06
1.4348e+06
1.4268e+06
1.4237e+06
1.4249e+06
1.4281e+06
1.4306e+06
1.431e+06
1.4296e+06
1.4284e+06
1.4298e+06
1.4351e+06
1.4439e+06
1.4541e+06
1.4635e+06
1.4707e+06
1.4758e+06
1.4807e+06
1.487e+06
1.4954e+06
1.5046e+06
1.5122e+06
1.5157e+06
1.5143e+06
1.5092e+06
1.5031e+06
1.4985e+06
1.4965e+06
1.4956e+06
1.4932e+06
1.4868e+06
1.4755e+06
1.4612e+06
1.4468e+06
1.4353e+06
1.4277e+06
1.4225e+06
1.4169e+06
1.4081e+06
1.3954e+06
1.3806e+06
1.367e+06
1.3576e+06
1.3536e+06
1.3537e+06
1.3548e+06
1.354e+06
1.3504e+06
1.3453e+06
1.3421e+06
1.344e+06
1.3522e+06
1.3649e+06
1.3786e+06
1.3894e+06
1.3954e+06
1.3974e+06
1.3986e+06
1.4022e+06
1.4102e+06
1.4215e+06
1.433e+06
1.4415e+06
1.4454e+06
1.4453e+06
1.4439e+06
1.4439e+06
1.4459e+06
1.4486e+06
1.4491e+06
1.445e+06
1.436e+06
1.4242e+06
1.413e+06
1.4048e+06
1.4001e+06
1.3965e+06
1.3906e+06
1.3802e+06
1.3651e+06
1.3478e+06
1.3319e+06
1.3203e+06
1.3133e+06
1.309e+06
1.3043e+06
1.2971e+06
1.2873e+06
1.2769e+06
1.2689e+06
1.2654e+06
1.2664e+06
1.2699e+06
1.2734e+06
1.2753e+06
1.2756e+06
1.2762e+06
1.2792e+06
1.2855e+06
1.2943e+06
1.3032e+06
1.3102e+06
1.3144e+06
1.3173e+06
1.3211e+06
1.3278e+06
1.3375e+06
1.348e+06
1.3565e+06
1.3606e+06
1.3605e+06
1.3581e+06
1.3564e+06
1.3573e+06
1.3604e+06
1.3633e+06
1.3632e+06
1.3586e+06
1.3505e+06
1.3416e+06
1.3345e+06
1.3303e+06
1.3275e+06
1.3231e+06
1.3147e+06
1.3019e+06
1.2868e+06
1.2728e+06
1.2624e+06
1.2557e+06
1.2504e+06
1.2434e+06
1.2325e+06
1.2183e+06
1.2035e+06
1.1918e+06
1.1853e+06
1.1835e+06
1.1837e+06
1.1825e+06
1.1782e+06
1.1715e+06
1.1654e+06
1.1629e+06
1.1654e+06
1.1717e+06
1.1788e+06
1.1838e+06
1.1858e+06
1.1863e+06
1.1882e+06
1.194e+06
1.2037e+06
1.2152e+06
1.225e+06
1.2311e+06
1.2338e+06
1.2358e+06
1.2405e+06
1.2495e+06
1.2618e+06
1.2739e+06
1.282e+06
1.2848e+06
1.2834e+06
1.2813e+06
1.2816e+06
1.2853e+06
1.2905e+06
1.294e+06
1.2932e+06
1.288e+06
1.2808e+06
1.2747e+06
1.2716e+06
1.2707e+06
1.269e+06
1.2637e+06
1.2536e+06
1.2404e+06
1.2272e+06
1.2166e+06
1.2091e+06
1.2028e+06
1.1947e+06
1.1831e+06
1.1688e+06
1.1546e+06
1.1433e+06
1.1362e+06
1.1317e+06
1.1266e+06
1.1182e+06
1.1059e+06
1.092e+06
1.0802e+06
1.0729e+06
1.0704e+06
1.0701e+06
1.0687e+06
1.0642e+06
1.0574e+06
1.0511e+06
1.0485e+06
1.0509e+06
1.0567e+06
1.0627e+06
1.0659e+06
1.0656e+06
1.0636e+06
1.0634e+06
1.0673e+06
1.0752e+06
1.0846e+06
1.0921e+06
1.0959e+06
1.097e+06
1.0983e+06
1.1032e+06
1.1125e+06
1.1242e+06
1.1345e+06
1.1406e+06
1.1422e+06
1.1422e+06
1.1443e+06
1.151e+06
1.1617e+06
1.1728e+06
1.1807e+06
1.1837e+06
1.1829e+06
1.1818e+06
1.1832e+06
1.1877e+06
1.1931e+06
1.196e+06
1.1946e+06
1.1896e+06
1.1842e+06
1.1815e+06
1.1822e+06
1.1846e+06
1.1851e+06
1.1811e+06
1.1728e+06
1.163e+06
1.155e+06
1.1505e+06
1.1483e+06
1.1451e+06
1.1379e+06
1.1264e+06
1.113e+06
1.1013e+06
1.0937e+06
1.0898e+06
1.0862e+06
1.0793e+06
1.0675e+06
1.0523e+06
1.0373e+06
1.0261e+06
1.0197e+06
1.016e+06
1.0115e+06
1.0035e+06
9.9165e+05
9.7836e+05
9.6672e+05
9.5871e+05
9.5401e+05
9.5049e+05
9.4584e+05
9.3916e+05
9.3123e+05
9.2377e+05
9.1806e+05
9.1413e+05
9.1106e+05
9.0799e+05
9.0503e+05
9.0325e+05
9.0371e+05
9.0636e+05
9.097e+05
9.1161e+05
9.1084e+05
9.0798e+05
9.0533e+05
9.0549e+05
9.0956e+05
9.1629e+05
9.2292e+05
9.2707e+05
9.2844e+05
9.2909e+05
9.3203e+05
9.391e+05
9.4945e+05
9.6007e+05
9.678e+05
9.7152e+05
9.7293e+05
9.755e+05
9.8206e+05
9.9272e+05
1.0048e+06
1.0145e+06
1.0199e+06
1.0217e+06
1.0232e+06
1.0277e+06
1.0363e+06
1.0473e+06
1.0572e+06
1.0634e+06
1.0659e+06
1.0671e+06
1.0701e+06
1.0764e+06
1.0851e+06
1.0935e+06
1.0995e+06
1.1028e+06
1.1051e+06
1.1081e+06
1.1128e+06
1.1179e+06
1.1215e+06
1.1227e+06
1.1223e+06
1.1224e+06
1.1249e+06
1.1295e+06
1.134e+06
1.1356e+06
1.1331e+06
1.1277e+06
1.1227e+06
1.121e+06
1.1231e+06
1.1272e+06
1.1301e+06
1.1302e+06
1.1277e+06
1.1248e+06
1.1233e+06
1.1232e+06
1.1227e+06
1.1197e+06
1.1138e+06
1.1067e+06
1.1014e+06
1.0996e+06
1.1005e+06
1.1011e+06
1.0982e+06
1.0912e+06
1.0821e+06
1.0745e+06
1.0708e+06
1.0707e+06
1.0708e+06
1.0679e+06
1.0605e+06
1.0505e+06
1.041e+06
1.0345e+06
1.031e+06
1.028e+06
1.0228e+06
1.0144e+06
1.0046e+06
9.959e+05
9.9006e+05
9.8623e+05
9.8184e+05
9.7459e+05
9.6435e+05
9.5325e+05
9.4416e+05
9.3845e+05
9.3497e+05
9.3102e+05
9.2449e+05
9.1544e+05
9.0593e+05
8.9827e+05
8.9304e+05
8.8865e+05
8.8261e+05
8.737e+05
8.6305e+05
8.5335e+05
8.4668e+05
8.4266e+05
8.3851e+05
8.3111e+05
8.1939e+05
8.0534e+05
7.9278e+05
7.847e+05
7.8095e+05
7.7841e+05
7.733e+05
7.6392e+05
7.5177e+05
7.4035e+05
7.3258e+05
7.286e+05
7.2577e+05
7.2083e+05
7.123e+05
7.0135e+05
6.9079e+05
6.8282e+05
6.775e+05
6.7287e+05
6.668e+05
6.5862e+05
6.495e+05
6.4126e+05
6.3471e+05
6.2902e+05
6.2256e+05
6.145e+05
6.0565e+05
5.9784e+05
5.9227e+05
5.8819e+05
5.8333e+05
5.7573e+05
5.6548e+05
5.5495e+05
5.472e+05
5.4342e+05
5.4174e+05
5.3848e+05
5.3095e+05
5.1961e+05
5.0807e+05
5.0072e+05
4.9933e+05
5.0143e+05
5.0213e+05
4.9758e+05
4.8756e+05
4.7547e+05
4.6602e+05
4.6174e+05
4.6108e+05
4.5989e+05
4.548e+05
