1.4214e+06
1.4297e+06
1.4302e+06
1.436e+06
1.4566e+06
1.4904e+06
1.5256e+06
1.5495e+06
1.5578e+06
1.5578e+06
1.5626e+06
1.5817e+06
1.6134e+06
1.6471e+06
1.672e+06
1.6851e+06
1.6935e+06
1.7072e+06
1.7315e+06
1.7618e+06
1.7875e+06
1.8012e+06
1.8048e+06
1.8088e+06
1.8243e+06
1.8548e+06
1.8923e+06
1.9242e+06
1.9425e+06
1.9498e+06
1.957e+06
1.9753e+06
2.0073e+06
2.0449e+06
2.0761e+06
2.0937e+06
2.1006e+06
2.1069e+06
2.1224e+06
2.1492e+06
2.1809e+06
2.2086e+06
2.2287e+06
2.2453e+06
2.2661e+06
2.2958e+06
2.331e+06
2.3627e+06
2.3839e+06
2.3956e+06
2.4067e+06
2.4279e+06
2.4628e+06
2.5047e+06
2.5411e+06
2.5635e+06
2.573e+06
2.5803e+06
2.5978e+06
2.6301e+06
2.6705e+06
2.7067e+06
2.7298e+06
2.7412e+06
2.7513e+06
2.7714e+06
2.8052e+06
2.8452e+06
2.879e+06
2.8983e+06
2.9055e+06
2.9114e+06
2.9277e+06
2.9578e+06
2.9951e+06
3.0277e+06
3.0484e+06
3.0594e+06
3.0702e+06
3.0905e+06
3.1221e+06
3.158e+06
3.1875e+06
3.2048e+06
3.2126e+06
3.2194e+06
3.2331e+06
3.2544e+06
3.2767e+06
3.2927e+06
3.3003e+06
3.3058e+06
3.3188e+06
3.345e+06
3.3808e+06
3.4154e+06
3.4379e+06
3.4453e+06
3.4437e+06
3.4441e+06
3.4542e+06
3.4732e+06
3.493e+06
3.5056e+06
3.5094e+06
3.5106e+06
3.5184e+06
3.5374e+06
3.5639e+06
3.5879e+06
3.6012e+06
3.6025e+06
3.5986e+06
3.5989e+06
3.608e+06
3.6223e+06
3.633e+06
3.6334e+06
3.6239e+06
3.6122e+06
3.6071e+06
3.6119e+06
3.6212e+06
3.6251e+06
3.617e+06
3.5986e+06
3.5795e+06
3.5697e+06
3.5722e+06
3.58e+06
3.5807e+06
3.5652e+06
3.5337e+06
3.4965e+06
3.4667e+06
3.4519e+06
3.4494e+06
3.4491e+06
3.4413e+06
3.4233e+06
3.4e+06
3.3797e+06
3.3666e+06
3.3575e+06
3.3445e+06
3.3215e+06
3.2891e+06
3.2548e+06
3.2279e+06
3.2118e+06
3.202e+06
3.1887e+06
3.164e+06
3.1283e+06
3.0896e+06
3.0587e+06
3.0414e+06
3.0339e+06
3.0256e+06
3.007e+06
2.9755e+06
2.938e+06
2.9058e+06
2.887e+06
2.8813e+06
2.8804e+06
2.8745e+06
2.8593e+06
2.8386e+06
2.8212e+06
2.8142e+06
2.8176e+06
2.824e+06
2.8242e+06
2.8138e+06
2.7969e+06
2.7833e+06
2.7823e+06
2.7958e+06
2.8174e+06
2.8368e+06
2.8474e+06
2.8506e+06
2.8547e+06
2.8685e+06
2.8942e+06
2.9254e+06
2.9507e+06
2.9623e+06
2.9615e+06
2.9594e+06
2.97e+06
3.0009e+06
3.048e+06
3.0973e+06
3.1346e+06
3.1542e+06
3.1619e+06
3.1711e+06
3.1936e+06
3.2313e+06
3.2752e+06
3.3117e+06
3.3326e+06
3.3402e+06
3.3458e+06
3.3616e+06
3.3918e+06
3.4295e+06
3.4615e+06
3.4782e+06
3.48e+06
3.4773e+06
3.484e+06
3.5068e+06
3.5404e+06
3.5705e+06
3.5834e+06
3.5746e+06
3.552e+06
3.5306e+06
3.5229e+06
3.5304e+06
3.5437e+06
3.5489e+06
3.538e+06
3.5132e+06
3.4854e+06
3.466e+06
3.4589e+06
3.4576e+06
3.4503e+06
3.4284e+06
3.3925e+06
3.3522e+06
3.32e+06
3.3025e+06
3.296e+06
3.2896e+06
3.2725e+06
3.2418e+06
3.2039e+06
3.1701e+06
3.1492e+06
3.1409e+06
3.137e+06
3.1273e+06
3.1069e+06
3.0801e+06
3.0576e+06
3.0487e+06
3.055e+06
3.0679e+06
3.0741e+06
3.0641e+06
3.0381e+06
3.0064e+06
2.9843e+06
2.9828e+06
3.002e+06
3.0313e+06
3.0568e+06
3.0703e+06
3.0735e+06
3.0766e+06
3.0911e+06
3.1212e+06
3.1611e+06
3.1979e+06
3.2206e+06
3.227e+06
3.2255e+06
3.2303e+06
3.2525e+06
3.2925e+06
3.3393e+06
3.3777e+06
3.3977e+06
3.4003e+06
3.3967e+06
3.4016e+06
3.4233e+06
3.459e+06
3.4968e+06
3.5234e+06
3.5328e+06
3.5287e+06
3.5215e+06
3.521e+06
3.5295e+06
3.5407e+06
3.5444e+06
3.5335e+06
3.509e+06
3.4795e+06
3.4553e+06
3.4421e+06
3.4369e+06
3.4311e+06
3.4159e+06
3.3888e+06
3.3547e+06
3.323e+06
3.3008e+06
3.2884e+06
3.2792e+06
3.2639e+06
3.2375e+06
3.2022e+06
3.1663e+06
3.1398e+06
3.1275e+06
3.1267e+06
3.1289e+06
3.1258e+06
3.1146e+06
3.0995e+06
3.0893e+06
3.0914e+06
3.1068e+06
3.1294e+06
3.1495e+06
3.1605e+06
3.1623e+06
3.1623e+06
3.1708e+06
3.1943e+06
3.2311e+06
3.272e+06
3.3056e+06
3.3253e+06
3.3329e+06
3.3378e+06
3.3506e+06
3.3767e+06
3.4124e+06
3.447e+06
3.4693e+06
3.4748e+06
3.4678e+06
3.4591e+06
3.459e+06
3.4709e+06
3.4889e+06
3.5017e+06
3.5e+06
3.4817e+06
3.4534e+06
3.4262e+06
3.4086e+06
3.4016e+06
3.3978e+06
3.3873e+06
3.3637e+06
3.3286e+06
3.291e+06
3.2615e+06
3.2464e+06
3.2431e+06
3.2424e+06
3.2339e+06
3.2123e+06
3.1802e+06
3.1471e+06
3.1234e+06
3.115e+06
3.1201e+06
3.1306e+06
3.1374e+06
3.1362e+06
3.1295e+06
3.1251e+06
3.131e+06
3.1507e+06
3.1807e+06
3.213e+06
3.2398e+06
3.2585e+06
3.2727e+06
3.2902e+06
3.3171e+06
3.3539e+06
3.3942e+06
3.4286e+06
3.4496e+06
3.4568e+06
3.4564e+06
3.4578e+06
3.4678e+06
3.4861e+06
3.5053e+06
3.5155e+06
3.5103e+06
3.4903e+06
3.463e+06
3.4382e+06
3.4221e+06
3.4135e+06
3.4051e+06
3.3883e+06
3.3587e+06
3.3196e+06
3.2799e+06
3.2496e+06
3.2338e+06
3.2294e+06
3.2272e+06
3.2173e+06
3.1949e+06
3.1628e+06
3.1309e+06
3.1105e+06
3.1089e+06
3.1251e+06
3.1508e+06
3.1751e+06
3.1904e+06
3.196e+06
3.1977e+06
3.2044e+06
3.2226e+06
3.2527e+06
3.2886e+06
3.3218e+06
3.346e+06
3.3607e+06
3.3708e+06
3.3837e+06
3.4039e+06
3.4307e+06
3.4577e+06
3.4775e+06
3.4852e+06
3.4814e+06
3.4713e+06
3.4612e+06
3.4545e+06
3.4497e+06
3.4416e+06
3.4247e+06
3.3973e+06
3.3628e+06
3.328e+06
3.2996e+06
3.2802e+06
3.2668e+06
3.2534e+06
3.2346e+06
3.2095e+06
3.1826e+06
3.162e+06
3.155e+06
3.1639e+06
3.1848e+06
3.2093e+06
3.2293e+06
3.2411e+06
3.247e+06
3.2545e+06
3.2714e+06
3.3012e+06
3.3411e+06
3.3824e+06
3.4158e+06
3.4359e+06
3.444e+06
3.4473e+06
3.4546e+06
3.471e+06
3.4945e+06
3.5172e+06
3.5296e+06
3.5266e+06
3.5102e+06
3.4887e+06
3.4723e+06
3.4673e+06
3.4718e+06
3.4769e+06
3.4717e+06
3.4493e+06
3.4108e+06
3.3652e+06
3.3254e+06
3.3024e+06
3.2993e+06
3.3105e+06
3.3248e+06
3.3316e+06
3.3261e+06
3.3111e+06
3.2958e+06
3.2904e+06
3.3015e+06
3.328e+06
3.3622e+06
3.3939e+06
3.4155e+06
3.4258e+06
3.4296e+06
3.4354e+06
3.4495e+06
3.473e+06
3.5006e+06
3.5239e+06
3.536e+06
3.5357e+06
3.5271e+06
3.5179e+06
3.5139e+06
3.516e+06
3.5192e+06
3.5158e+06
3.4994e+06
3.4693e+06
3.4304e+06
3.3916e+06
3.3613e+06
3.3432e+06
3.3352e+06
3.3308e+06
3.3235e+06
3.3104e+06
3.2937e+06
3.2801e+06
3.2768e+06
3.2881e+06
3.3124e+06
3.3433e+06
3.3727e+06
3.3947e+06
3.4092e+06
3.4211e+06
3.4378e+06
3.4646e+06
3.5011e+06
3.5405e+06
3.5729e+06
3.5899e+06
3.5891e+06
3.5751e+06
3.5571e+06
3.5442e+06
3.5407e+06
3.5434e+06
3.5439e+06
3.5335e+06
3.5079e+06
3.4698e+06
3.4284e+06
3.395e+06
3.3777e+06
3.3777e+06
3.3889e+06
3.4012e+06
3.4057e+06
3.3991e+06
3.3849e+06
3.372e+06
3.3708e+06
3.3881e+06
3.4236e+06
3.47e+06
3.5167e+06
3.5544e+06
3.5792e+06
3.593e+06
3.6024e+06
3.6136e+06
3.6295e+06
3.6471e+06
3.6601e+06
3.6619e+06
3.6496e+06
3.626e+06
3.5979e+06
3.5731e+06
3.5564e+06
3.5472e+06
3.5401e+06
3.5284e+06
3.5078e+06
3.4788e+06
3.4468e+06
3.4196e+06
3.4041e+06
3.4029e+06
3.4136e+06
3.4302e+06
3.4465e+06
3.4595e+06
3.4708e+06
3.4854e+06
3.5092e+06
3.5444e+06
3.5879e+06
3.6315e+06
3.6656e+06
3.6833e+06
3.684e+06
3.6734e+06
3.6609e+06
3.6548e+06
3.6577e+06
3.6649e+06
3.6665e+06
3.6528e+06
3.6186e+06
3.5666e+06
3.5064e+06
3.4515e+06
3.4137e+06
3.3983e+06
3.4024e+06
3.4171e+06
3.4318e+06
3.4396e+06
3.4395e+06
3.4365e+06
3.4391e+06
3.4546e+06
3.4853e+06
3.527e+06
3.5705e+06
3.606e+06
3.6276e+06
3.6352e+06
3.6344e+06
3.6332e+06
3.6374e+06
3.6473e+06
3.6573e+06
3.6592e+06
3.6459e+06
3.6162e+06
3.5749e+06
3.5319e+06
3.4979e+06
3.4796e+06
3.4774e+06
3.4853e+06
3.4946e+06
3.4978e+06
3.4922e+06
3.4808e+06
3.4709e+06
3.4711e+06
3.4871e+06
3.5187e+06
3.5598e+06
3.601e+06
3.6335e+06
3.6531e+06
3.6612e+06
3.6634e+06
3.6669e+06
3.6755e+06
3.688e+06
3.6985e+06
3.6993e+06
3.6854e+06
3.6565e+06
3.6183e+06
3.5798e+06
3.5498e+06
3.5333e+06
3.5294e+06
3.5325e+06
3.5354e+06
3.533e+06
3.5244e+06
3.514e+06
3.5091e+06
3.517e+06
3.5413e+06
3.5796e+06
3.6241e+06
3.6647e+06
3.6928e+06
3.705e+06
3.7036e+06
3.6955e+06
3.6881e+06
3.6859e+06
3.6879e+06
3.688e+06
3.6787e+06
3.6547e+06
3.616e+06
3.5685e+06
3.5221e+06
3.4873e+06
3.4708e+06
3.4733e+06
3.4896e+06
3.5112e+06
3.5301e+06
3.5418e+06
3.547e+06
3.5509e+06
3.5605e+06
3.5812e+06
3.6137e+06
3.653e+06
3.6903e+06
3.7165e+06
3.7257e+06
3.7173e+06
3.6961e+06
3.6697e+06
3.6451e+06
3.6258e+06
3.6107e+06
3.5954e+06
3.5753e+06
3.5483e+06
3.5163e+06
3.4853e+06
3.4626e+06
3.4545e+06
3.4635e+06
3.487e+06
3.5188e+06
3.551e+06
3.5777e+06
3.5962e+06
3.6084e+06
3.619e+06
3.6332e+06
3.6534e+06
3.6777e+06
3.7004e+06
3.7144e+06
3.7141e+06
3.6982e+06
3.67e+06
3.6366e+06
3.6055e+06
3.5822e+06
3.5684e+06
3.5618e+06
3.5584e+06
3.5546e+06
3.5495e+06
3.5454e+06
3.5473e+06
3.5604e+06
3.5875e+06
3.6272e+06
3.6733e+06
3.717e+06
3.7495e+06
3.7653e+06
3.7641e+06
3.7508e+06
3.7333e+06
3.7192e+06
3.7125e+06
3.7121e+06
3.7127e+06
3.7076e+06
3.692e+06
3.6657e+06
3.633e+06
3.6015e+06
3.5793e+06
3.5724e+06
3.5818e+06
3.604e+06
3.632e+06
3.6584e+06
3.678e+06
3.6899e+06
3.6973e+06
3.7057e+06
3.7203e+06
3.7426e+06
3.7693e+06
3.7932e+06
3.8062e+06
3.8027e+06
3.7819e+06
3.7484e+06
3.7109e+06
3.6791e+06
3.6601e+06
3.6568e+06
3.6666e+06
3.6835e+06
3.7009e+06
3.7139e+06
3.7215e+06
3.726e+06
3.7323e+06
3.7454e+06
3.7671e+06
3.7952e+06
3.8235e+06
3.8438e+06
3.8497e+06
3.8388e+06
3.8135e+06
3.7808e+06
3.7488e+06
3.7243e+06
3.7097e+06
3.7026e+06
3.6979e+06
3.6896e+06
3.6745e+06
3.6536e+06
3.6317e+06
3.6168e+06
3.6167e+06
3.6358e+06
3.6731e+06
3.7214e+06
3.7696e+06
3.8064e+06
3.8239e+06
3.8203e+06
3.7999e+06
3.7718e+06
3.746e+06
3.7296e+06
3.7242e+06
3.7259e+06
3.7276e+06
3.7224e+06
3.7071e+06
3.683e+06
3.6565e+06
3.6366e+06
3.6321e+06
3.6484e+06
3.6851e+06
3.7355e+06
3.7887e+06
3.8329e+06
3.8591e+06
3.8635e+06
3.848e+06
3.8194e+06
3.7865e+06
3.757e+06
3.7351e+06
3.7207e+06
3.7106e+06
3.7009e+06
3.6893e+06
3.6764e+06
3.6654e+06
3.6609e+06
3.6667e+06
3.6843e+06
3.7114e+06
3.7428e+06
3.7718e+06
3.7923e+06
3.801e+06
3.7985e+06
3.7889e+06
3.7779e+06
3.7706e+06
3.7689e+06
3.7712e+06
3.7724e+06
3.7673e+06
3.7524e+06
3.7279e+06
3.6977e+06
3.6691e+06
3.6499e+06
3.6465e+06
3.6612e+06
3.6913e+06
3.7298e+06
3.7676e+06
3.7963e+06
3.8109e+06
3.811e+06
3.8005e+06
3.7863e+06
3.775e+06
3.7701e+06
3.7712e+06
3.7739e+06
3.7726e+06
3.7629e+06
3.7436e+06
3.7179e+06
3.6924e+06
3.6753e+06
3.6741e+06
3.6928e+06
3.7303e+06
3.7801e+06
3.8321e+06
3.8758e+06
3.9025e+06
3.9085e+06
3.8953e+06
3.8689e+06
3.8377e+06
3.8095e+06
3.789e+06
3.7767e+06
3.77e+06
3.7644e+06
3.7565e+06
3.745e+06
3.7314e+06
3.7195e+06
3.714e+06
3.7185e+06
3.7341e+06
3.7586e+06
3.7864e+06
3.8106e+06
3.8249e+06
3.8257e+06
3.813e+06
3.7909e+06
3.7652e+06
3.7422e+06
3.7262e+06
3.7183e+06
3.7169e+06
3.7188e+06
3.7205e+06
3.7202e+06
3.7182e+06
3.7169e+06
3.72e+06
3.731e+06
3.7514e+06
3.7789e+06
3.8082e+06
3.8315e+06
3.8412e+06
3.8325e+06
3.8048e+06
3.7626e+06
3.7142e+06
3.6694e+06
3.6372e+06
3.6227e+06
3.6264e+06
3.6446e+06
3.6707e+06
3.6977e+06
3.7201e+06
3.7353e+06
3.7441e+06
3.7501e+06
3.7579e+06
3.771e+06
3.7896e+06
3.8104e+06
3.8268e+06
3.8323e+06
3.8221e+06
3.7955e+06
3.7562e+06
3.712e+06
3.6723e+06
3.6462e+06
3.6399e+06
3.6549e+06
3.6877e+06
3.7308e+06
3.775e+06
3.8115e+06
3.8342e+06
3.8411e+06
3.834e+06
3.8175e+06
3.7973e+06
3.7781e+06
3.7625e+06
3.7503e+06
3.7402e+06
3.73e+06
3.719e+06
3.7079e+06
3.699e+06
3.6955e+06
3.7003e+06
3.7147e+06
3.7378e+06
3.7658e+06
3.7926e+06
3.8119e+06
3.8183e+06
3.8093e+06
3.7863e+06
3.7535e+06
3.7175e+06
3.6853e+06
3.6622e+06
3.6509e+06
3.6508e+06
3.6589e+06
3.6708e+06
3.682e+06
3.6897e+06
3.693e+06
3.6931e+06
3.693e+06
3.6955e+06
3.7017e+06
3.7103e+06
3.7176e+06
3.7187e+06
3.7095e+06
3.6882e+06
3.6561e+06
3.6176e+06
3.5794e+06
3.5489e+06
3.5324e+06
3.5332e+06
3.551e+06
3.5815e+06
3.6176e+06
3.6508e+06
3.6738e+06
3.6819e+06
3.6742e+06
3.6533e+06
3.6242e+06
3.5929e+06
3.5647e+06
3.543e+06
3.5288e+06
3.5211e+06
3.5176e+06
3.5163e+06
3.5154e+06
3.515e+06
3.516e+06
3.5202e+06
3.5288e+06
3.5417e+06
3.5566e+06
3.569e+06
3.574e+06
3.5676e+06
3.5481e+06
3.517e+06
3.4791e+06
3.4412e+06
3.4107e+06
3.3938e+06
3.3937e+06
3.4101e+06
3.4384e+06
3.4713e+06
3.5007e+06
3.5193e+06
3.5228e+06
3.5108e+06
3.4865e+06
3.4564e+06
3.4276e+06
3.4063e+06
3.3964e+06
3.3983e+06
3.4094e+06
3.4257e+06
3.4422e+06
3.455e+06
3.462e+06
3.4632e+06
3.4609e+06
3.4587e+06
3.4597e+06
3.4655e+06
3.475e+06
3.4848e+06
3.4905e+06
3.4886e+06
3.4772e+06
3.4577e+06
3.4336e+06
3.4104e+06
3.3941e+06
3.3894e+06
3.3987e+06
3.4208e+06
3.451e+06
3.4823e+06
3.5067e+06
3.5175e+06
3.5113e+06
3.4887e+06
3.4541e+06
3.4152e+06
3.3806e+06
3.358e+06
3.3523e+06
3.3642e+06
3.3905e+06
3.4244e+06
3.4579e+06
3.4834e+06
3.4953e+06
3.4914e+06
3.4735e+06
3.4465e+06
3.417e+06
3.3914e+06
3.3746e+06
3.3684e+06
3.3721e+06
3.383e+06
3.3978e+06
3.413e+06
3.4263e+06
3.4366e+06
3.444e+06
3.4498e+06
3.4557e+06
3.4626e+06
3.47e+06
3.476e+06
3.4774e+06
3.4715e+06
3.4568e+06
3.4341e+06
3.4065e+06
3.3789e+06
3.3572e+06
3.3464e+06
3.3498e+06
3.3678e+06
3.3976e+06
3.4332e+06
3.4669e+06
3.4911e+06
3.4998e+06
3.4904e+06
3.4645e+06
3.427e+06
3.3857e+06
3.349e+06
3.3243e+06
3.3163e+06
3.3256e+06
3.3492e+06
3.3806e+06
3.4121e+06
3.4359e+06
3.4465e+06
3.4414e+06
3.422e+06
3.3927e+06
3.3601e+06
3.331e+06
3.311e+06
3.3029e+06
3.307e+06
3.3206e+06
3.3393e+06
3.3583e+06
3.373e+06
3.3802e+06
3.379e+06
3.3706e+06
3.3579e+06
3.3448e+06
3.3344e+06
3.3285e+06
3.3269e+06
3.3282e+06
3.3303e+06
3.3313e+06
3.33e+06
3.3264e+06
3.3213e+06
3.3166e+06
3.3142e+06
3.3158e+06
3.3221e+06
3.3323e+06
3.344e+06
3.354e+06
3.3593e+06
3.3579e+06
3.3495e+06
3.3358e+06
3.3198e+06
3.3054e+06
3.2962e+06
3.2948e+06
3.3023e+06
3.3171e+06
3.3357e+06
3.353e+06
3.3637e+06
3.3637e+06
3.3515e+06
3.3285e+06
3.2988e+06
3.2686e+06
3.2446e+06
3.2325e+06
3.2358e+06
3.2549e+06
3.2867e+06
3.3251e+06
3.3624e+06
3.3909e+06
3.4048e+06
3.4012e+06
3.381e+06
3.3488e+06
3.3116e+06
3.2774e+06
3.2534e+06
3.2446e+06
3.2522e+06
3.2739e+06
3.3043e+06
3.336e+06
3.3615e+06
3.3748e+06
3.3728e+06
3.356e+06
3.3286e+06
3.2968e+06
3.2682e+06
3.2495e+06
3.2449e+06
3.2557e+06
3.2796e+06
3.3114e+06
3.3444e+06
3.3715e+06
3.3869e+06
3.3876e+06
3.3739e+06
3.3497e+06
3.3212e+06
3.2953e+06
3.2785e+06
3.2745e+06
3.2845e+06
3.3063e+06
3.3354e+06
3.366e+06
3.3918e+06
3.4074e+06
3.4098e+06
3.3987e+06
3.3773e+06
3.351e+06
3.3264e+06
3.3095e+06
3.3039e+06
3.3105e+06
3.3273e+06
3.3503e+06
3.3745e+06
3.3945e+06
3.4057e+06
3.4053e+06
3.3928e+06
3.3703e+06
3.3427e+06
3.3158e+06
3.2955e+06
3.2859e+06
3.2884e+06
3.3015e+06
3.3217e+06
3.3443e+06
3.3642e+06
3.377e+06
3.3797e+06
3.3714e+06
3.3536e+06
3.3304e+06
3.3071e+06
3.2895e+06
3.2819e+06
3.2865e+06
3.3028e+06
3.328e+06
3.3577e+06
3.3867e+06
3.4101e+06
3.4237e+06
3.4253e+06
3.4147e+06
3.3945e+06
3.369e+06
3.3438e+06
3.3238e+06
3.3127e+06
3.3119e+06
3.3207e+06
3.3364e+06
3.3552e+06
3.3727e+06
3.3846e+06
3.3875e+06
3.3801e+06
3.363e+06
3.3392e+06
3.3135e+06
3.2909e+06
3.2759e+06
3.2712e+06
3.2775e+06
3.2935e+06
3.316e+06
3.3409e+06
3.3634e+06
3.379e+06
3.3848e+06
3.3797e+06
3.3652e+06
3.3447e+06
3.3228e+06
3.304e+06
3.2922e+06
3.2895e+06
3.2959e+06
3.3099e+06
3.3283e+06
3.3467e+06
3.3606e+06
3.3662e+06
3.3616e+06
3.3471e+06
3.3257e+06
3.3023e+06
3.2819e+06
3.2695e+06
3.2677e+06
3.2773e+06
3.2965e+06
3.3216e+06
3.3473e+06
3.3681e+06
3.3791e+06
3.3773e+06
3.3624e+06
3.3372e+06
3.3068e+06
3.2781e+06
3.2577e+06
3.2509e+06
3.2602e+06
3.285e+06
3.3215e+06
3.3632e+06
3.4026e+06
3.4321e+06
3.4459e+06
3.4413e+06
3.4192e+06
3.3842e+06
3.3433e+06
3.3053e+06
3.2778e+06
3.2668e+06
3.2746e+06
3.2999e+06
3.3376e+06
3.3806e+06
3.4202e+06
3.4492e+06
3.4621e+06
3.4574e+06
3.4369e+06
3.4059e+06
3.3716e+06
3.3418e+06
3.323e+06
3.3191e+06
3.3306e+06
3.3545e+06
3.3852e+06
3.4155e+06
3.4385e+06
3.4491e+06
3.4447e+06
3.4263e+06
3.3978e+06
3.365e+06
3.3347e+06
3.3128e+06
3.3035e+06
3.3079e+06
3.3246e+06
3.3492e+06
3.3758e+06
3.3985e+06
3.4123e+06
3.4144e+06
3.4049e+06
3.3866e+06
3.3637e+06
3.3412e+06
3.3238e+06
3.3147e+06
3.3153e+06
3.3254e+06
3.3428e+06
3.3643e+06
3.3861e+06
3.4045e+06
3.4168e+06
3.4218e+06
3.4202e+06
3.4134e+06
3.4036e+06
3.3927e+06
3.382e+06
3.3726e+06
3.3651e+06
3.3603e+06
3.3589e+06
3.3616e+06
3.3685e+06
3.3793e+06
3.3936e+06
3.41e+06
3.4267e+06
3.4413e+06
3.4512e+06
3.4539e+06
3.4479e+06
3.4337e+06
3.4133e+06
3.3907e+06
3.3707e+06
3.3581e+06
3.3565e+06
3.3675e+06
3.3901e+06
3.4209e+06
3.4546e+06
3.4849e+06
3.5057e+06
3.5127e+06
3.5043e+06
3.4823e+06
3.4509e+06
3.4169e+06
3.3872e+06
3.3682e+06
3.3638e+06
3.3749e+06
3.3993e+06
3.4319e+06
3.4664e+06
3.4962e+06
3.5161e+06
3.5232e+06
3.5175e+06
3.5016e+06
3.4798e+06
3.457e+06
3.4375e+06
3.4242e+06
3.4182e+06
3.4189e+06
3.4245e+06
3.4326e+06
3.4406e+06
3.4467e+06
3.4502e+06
3.4513e+06
3.451e+06
3.45e+06
3.4488e+06
3.4467e+06
3.4427e+06
3.4358e+06
3.4257e+06
3.4133e+06
3.4008e+06
3.3911e+06
3.3873e+06
3.392e+06
3.4062e+06
3.4293e+06
3.458e+06
3.4874e+06
3.5115e+06
3.5245e+06
3.5229e+06
3.5057e+06
3.4757e+06
3.4384e+06
3.4013e+06
3.3719e+06
3.3563e+06
3.3579e+06
3.3762e+06
3.4073e+06
3.4446e+06
3.4802e+06
3.5072e+06
3.5206e+06
3.5186e+06
3.503e+06
3.478e+06
3.4495e+06
3.4232e+06
3.4037e+06
3.393e+06
3.3914e+06
3.3969e+06
3.407e+06
3.4186e+06
3.4295e+06
3.4386e+06
3.4461e+06
3.4531e+06
3.4609e+06
3.4698e+06
3.4788e+06
3.4854e+06
3.4867e+06
3.4806e+06
3.4667e+06
3.4468e+06
3.4249e+06
3.406e+06
3.3954e+06
3.3971e+06
3.4123e+06
3.4396e+06
3.4742e+06
3.5091e+06
3.537e+06
3.5515e+06
3.549e+06
3.5297e+06
3.4973e+06
3.4585e+06
3.4208e+06
3.3914e+06
3.375e+06
3.3733e+06
3.3848e+06
3.4052e+06
3.4294e+06
3.4521e+06
3.4693e+06
3.479e+06
3.4817e+06
3.479e+06
3.4735e+06
3.4672e+06
3.4607e+06
3.453e+06
3.4429e+06
3.4291e+06
3.4118e+06
3.3925e+06
3.3743e+06
3.3611e+06
3.3565e+06
3.3628e+06
3.38e+06
3.4054e+06
3.434e+06
3.4594e+06
3.4755e+06
3.4781e+06
3.4659e+06
3.4411e+06
3.4087e+06
3.3754e+06
3.3478e+06
3.3306e+06
3.3262e+06
3.3338e+06
3.3502e+06
3.3709e+06
3.3912e+06
3.4076e+06
3.4183e+06
3.4234e+06
3.4248e+06
3.4246e+06
3.4241e+06
3.4232e+06
3.4202e+06
3.413e+06
3.3998e+06
3.3808e+06
3.3581e+06
3.3358e+06
3.3191e+06
3.3126e+06
3.3196e+06
3.3404e+06
3.372e+06
3.409e+06
3.4443e+06
3.471e+06
3.4843e+06
3.4823e+06
3.4668e+06
3.4423e+06
3.4148e+06
3.39e+06
3.3716e+06
3.361e+06
3.3571e+06
3.3574e+06
3.3592e+06
3.3605e+06
3.3607e+06
3.3607e+06
3.3624e+06
3.3681e+06
3.3791e+06
3.395e+06
3.4129e+06
3.4283e+06
3.4365e+06
3.4338e+06
3.4192e+06
3.3946e+06
3.3646e+06
3.3352e+06
3.3123e+06
3.3003e+06
3.3007e+06
3.3121e+06
3.3311e+06
3.3529e+06
3.3731e+06
3.3885e+06
3.3983e+06
3.4033e+06
3.4052e+06
3.4058e+06
3.4054e+06
3.4032e+06
3.397e+06
3.3851e+06
3.3668e+06
3.3437e+06
3.3195e+06
3.2992e+06
3.2881e+06
3.2902e+06
3.3066e+06
3.3353e+06
3.3712e+06
3.4074e+06
3.4367e+06
3.4539e+06
3.4567e+06
3.4464e+06
3.4271e+06
3.4042e+06
3.3826e+06
3.3651e+06
3.3521e+06
3.342e+06
3.3323e+06
3.3213e+06
3.3088e+06
3.2966e+06
3.2877e+06
3.286e+06
3.2942e+06
3.313e+06
3.3402e+06
3.371e+06
3.3988e+06
3.4172e+06
3.4221e+06
3.4123e+06
3.3904e+06
3.3613e+06
3.3313e+06
3.3056e+06
3.2875e+06
3.2777e+06
3.2745e+06
3.2754e+06
3.2782e+06
3.2819e+06
3.2869e+06
3.2948e+06
3.3075e+06
3.3259e+06
3.3487e+06
3.3724e+06
3.3918e+06
3.4015e+06
3.3978e+06
3.3802e+06
3.3515e+06
3.3171e+06
3.2842e+06
3.2587e+06
3.2447e+06
3.2426e+06
3.2502e+06
3.2632e+06
3.2773e+06
3.2892e+06
3.2979e+06
3.3041e+06
3.3102e+06
3.3185e+06
3.33e+06
3.3433e+06
3.355e+06
3.3605e+06
3.3558e+06
3.3392e+06
3.3121e+06
3.2786e+06
3.2442e+06
3.2148e+06
3.1942e+06
3.1838e+06
3.1825e+06
3.1874e+06
3.195e+06
3.2028e+06
3.2101e+06
3.2175e+06
3.2269e+06
3.2397e+06
3.2557e+06
3.2726e+06
3.2861e+06
3.2916e+06
3.2858e+06
3.2678e+06
3.2404e+06
3.2089e+06
3.1799e+06
3.1592e+06
3.1501e+06
3.153e+06
3.1648e+06
3.1814e+06
3.1984e+06
3.2129e+06
3.2247e+06
3.2353e+06
3.2478e+06
3.2645e+06
3.2856e+06
3.3084e+06
3.3277e+06
3.3379e+06
3.3347e+06
3.3173e+06
3.2886e+06
3.2546e+06
3.2225e+06
3.1983e+06
3.1852e+06
3.1828e+06
3.1875e+06
3.1949e+06
3.201e+06
3.2042e+06
3.2056e+06
3.2088e+06
3.2181e+06
3.2367e+06
3.2643e+06
3.2967e+06
3.3269e+06
3.347e+06
3.3511e+06
3.3375e+06
3.3087e+06
3.2713e+06
3.2336e+06
3.2028e+06
3.1833e+06
3.1752e+06
3.1756e+06
3.1803e+06
3.1856e+06
3.1897e+06
3.1934e+06
3.1993e+06
3.2104e+06
3.2285e+06
3.2528e+06
3.2796e+06
3.3037e+06
3.3196e+06
3.3243e+06
3.3175e+06
3.3023e+06
3.2832e+06
3.2649e+06
3.2501e+06
3.2388e+06
3.229e+06
3.2178e+06
3.2037e+06
3.1873e+06
3.1715e+06
3.161e+06
3.1601e+06
3.1715e+06
3.1946e+06
3.2254e+06
3.2578e+06
3.2855e+06
3.3039e+06
3.3117e+06
3.3107e+06
3.3051e+06
3.2991e+06
3.295e+06
3.2925e+06
3.2887e+06
3.2797e+06
3.2633e+06
3.2398e+06
3.2127e+06
3.1876e+06
3.1702e+06
3.1645e+06
3.1712e+06
3.1872e+06
3.2076e+06
3.2268e+06
3.2413e+06
3.25e+06
3.2551e+06
3.2605e+06
3.2697e+06
3.284e+06
3.3013e+06
3.3168e+06
3.3249e+06
3.3214e+06
3.3056e+06
3.2805e+06
3.2516e+06
3.2251e+06
3.2054e+06
3.1939e+06
3.1887e+06
3.1865e+06
3.184e+06
3.1801e+06
3.1765e+06
3.177e+06
3.1864e+06
3.2075e+06
3.2397e+06
3.2786e+06
3.3166e+06
3.3463e+06
3.3623e+06
3.3638e+06
3.354e+06
3.3392e+06
3.3256e+06
3.3167e+06
3.312e+06
3.3073e+06
3.2973e+06
3.278e+06
3.2492e+06
3.2145e+06
3.1807e+06
3.1549e+06
3.1425e+06
3.1449e+06
3.1595e+06
3.1806e+06
3.202e+06
3.2194e+06
3.2313e+06
3.2394e+06
3.2474e+06
3.2582e+06
3.2727e+06
3.2886e+06
3.3012e+06
3.3058e+06
3.2996e+06
3.2832e+06
3.2601e+06
3.2355e+06
3.2136e+06
3.1964e+06
3.183e+06
3.1707e+06
3.1568e+06
3.1404e+06
3.1235e+06
3.1103e+06
3.1061e+06
3.1146e+06
3.1362e+06
3.1678e+06
3.2032e+06
3.2359e+06
3.2613e+06
3.2782e+06
3.2889e+06
3.2979e+06
3.3089e+06
3.323e+06
3.3373e+06
3.3465e+06
3.3447e+06
3.3291e+06
3.3009e+06
3.2653e+06
3.2298e+06
3.2015e+06
3.184e+06
3.1771e+06
3.1769e+06
3.1787e+06
3.1791e+06
3.1779e+06
3.178e+06
3.1841e+06
3.2004e+06
3.2281e+06
3.2642e+06
3.3026e+06
3.3361e+06
3.3592e+06
3.3704e+06
3.3725e+06
3.3707e+06
3.3705e+06
3.374e+06
3.3796e+06
3.382e+06
3.3756e+06
3.3574e+06
3.3281e+06
3.293e+06
3.2594e+06
3.2336e+06
3.2188e+06
3.2135e+06
3.2132e+06
3.2126e+06
3.2086e+06
3.2016e+06
3.1957e+06
3.1966e+06
3.2092e+06
3.2349e+06
3.2704e+06
3.3087e+06
3.3423e+06
3.3658e+06
3.3779e+06
3.3817e+06
3.3825e+06
3.3853e+06
3.3913e+06
3.3979e+06
3.3997e+06
3.3917e+06
3.3715e+06
3.3412e+06
3.3064e+06
3.2741e+06
3.2493e+06
3.2337e+06
3.225e+06
3.2186e+06
3.211e+06
3.2011e+06
3.1914e+06
3.1866e+06
3.1917e+06
3.2091e+06
3.237e+06
3.2701e+06
3.3016e+06
3.3258e+06
3.3412e+06
3.3502e+06
3.3582e+06
3.3702e+06
3.3885e+06
3.4105e+06
3.4304e+06
3.4411e+06
3.4385e+06
3.4222e+06
3.3967e+06
3.3686e+06
3.3436e+06
3.3246e+06
3.3104e+06
3.2973e+06
3.2816e+06
3.2617e+06
3.2398e+06
3.2203e+06
3.2081e+06
3.2065e+06
3.2151e+06
3.2306e+06
3.2483e+06
3.2645e+06
3.2782e+06
3.2914e+06
3.3078e+06
3.3303e+06
3.3585e+06
3.3888e+06
3.4152e+06
3.432e+06
3.4368e+06
3.4312e+06
3.4202e+06
3.4098e+06
3.4034e+06
3.4008e+06
3.3977e+06
3.3886e+06
3.3698e+06
3.3413e+06
3.3072e+06
3.274e+06
3.2475e+06
3.2305e+06
3.222e+06
3.2182e+06
3.2149e+06
3.2099e+06
3.2045e+06
3.2025e+06
3.2082e+06
3.2241e+06
3.249e+06
3.2787e+06
3.3075e+06
3.3313e+06
3.3495e+06
3.3646e+06
3.3811e+06
3.4023e+06
3.4277e+06
3.4531e+06
3.4722e+06
3.4795e+06
3.4734e+06
3.4569e+06
3.4362e+06
3.4176e+06
3.4047e+06
3.3964e+06
3.3882e+06
3.375e+06
3.3543e+06
3.3277e+06
3.301e+06
3.2809e+06
3.2723e+06
3.2756e+06
3.2867e+06
3.299e+06
3.3072e+06
3.3094e+06
3.3083e+06
3.3095e+06
3.3189e+06
3.3392e+06
3.3683e+06
3.4006e+06
3.4293e+06
3.4502e+06
3.4632e+06
3.4716e+06
3.4803e+06
3.4923e+06
3.5068e+06
3.5194e+06
3.5249e+06
3.5201e+06
3.5056e+06
3.4857e+06
3.4658e+06
3.4496e+06
3.4371e+06
3.4247e+06
3.4079e+06
3.3841e+06
3.3549e+06
3.325e+06
3.3006e+06
3.2858e+06
3.2804e+06
3.2802e+06
3.2792e+06
3.2733e+06
3.2627e+06
3.252e+06
3.2481e+06
3.2566e+06
3.2786e+06
3.3095e+06
3.3412e+06
3.3663e+06
3.3814e+06
3.3891e+06
3.3962e+06
3.4101e+06
3.4342e+06
3.4657e+06
3.4969e+06
3.5189e+06
3.5267e+06
3.5213e+06
3.5091e+06
3.4982e+06
3.4938e+06
3.4952e+06
3.4961e+06
3.4889e+06
3.4687e+06
3.4367e+06
3.3996e+06
3.3667e+06
3.3445e+06
3.3339e+06
3.3298e+06
3.3244e+06
3.3118e+06
3.2915e+06
3.2682e+06
3.2502e+06
3.2441e+06
3.2519e+06
3.2697e+06
3.2896e+06
3.3046e+06
3.3114e+06
3.3124e+06
3.3135e+06
3.3213e+06
3.3386e+06
3.3636e+06
3.3904e+06
3.4132e+06
3.429e+06
3.4391e+06
3.4478e+06
3.4593e+06
3.4744e+06
3.4897e+06
3.4999e+06
3.5004e+06
3.491e+06
3.4755e+06
3.4601e+06
3.4493e+06
3.4431e+06
3.4374e+06
3.426e+06
3.405e+06
3.3755e+06
3.343e+06
3.3153e+06
3.2974e+06
3.2893e+06
3.2859e+06
3.28e+06
3.2669e+06
3.2473e+06
3.2271e+06
3.2143e+06
3.2145e+06
3.2279e+06
3.2484e+06
3.2679e+06
3.2801e+06
3.2846e+06
3.2869e+06
3.2953e+06
3.3162e+06
3.3501e+06
3.3906e+06
3.4281e+06
3.4547e+06
3.4684e+06
3.4735e+06
3.4781e+06
3.4893e+06
3.5088e+06
3.5324e+06
3.5527e+06
3.5641e+06
3.5656e+06
3.5614e+06
3.5572e+06
3.5567e+06
3.558e+06
3.5554e+06
3.5427e+06
3.5176e+06
3.4839e+06
3.4497e+06
3.423e+06
3.4069e+06
3.3977e+06
3.3869e+06
3.3665e+06
3.3334e+06
3.2918e+06
3.2504e+06
3.2184e+06
3.2e+06
3.1928e+06
3.1893e+06
3.1819e+06
3.1675e+06
3.1489e+06
3.1334e+06
3.1277e+06
3.1345e+06
3.1503e+06
3.1684e+06
3.1822e+06
3.19e+06
3.1951e+06
3.2038e+06
3.2212e+06
3.2473e+06
3.277e+06
3.3031e+06
3.3207e+06
3.3303e+06
3.3375e+06
3.3497e+06
3.3708e+06
3.3988e+06
3.4262e+06
3.4453e+06
3.452e+06
3.4486e+06
3.4421e+06
3.4396e+06
3.444e+06
3.452e+06
3.4565e+06
3.4515e+06
3.436e+06
3.4149e+06
3.3956e+06
3.3833e+06
3.3776e+06
3.3723e+06
3.3601e+06
3.3372e+06
3.306e+06
3.2743e+06
3.2501e+06
3.2369e+06
3.2314e+06
3.2253e+06
3.2111e+06
3.1866e+06
3.1567e+06
3.1307e+06
3.1166e+06
3.1165e+06
3.1248e+06
3.1324e+06
3.1318e+06
3.1223e+06
3.1097e+06
3.1032e+06
3.1094e+06
3.1275e+06
3.1503e+06
3.1685e+06
3.1768e+06
3.1773e+06
3.1781e+06
3.1882e+06
3.2114e+06
3.2429e+06
3.2724e+06
3.2905e+06
3.2943e+06
3.2899e+06
3.2884e+06
3.2992e+06
3.3239e+06
3.3544e+06
3.3783e+06
3.3865e+06
3.3783e+06
3.3618e+06
3.349e+06
3.3478e+06
3.3575e+06
3.369e+06
3.3717e+06
3.3594e+06
3.3345e+06
3.3059e+06
3.283e+06
3.2696e+06
3.2618e+06
3.2514e+06
3.2313e+06
3.2007e+06
3.1654e+06
3.1334e+06
3.1097e+06
3.0929e+06
3.0761e+06
3.0523e+06
3.0192e+06
2.9811e+06
2.9458e+06
2.9202e+06
2.9047e+06
2.894e+06
2.88e+06
2.8582e+06
2.8303e+06
2.8035e+06
2.7856e+06
2.7796e+06
2.7816e+06
2.7834e+06
2.7776e+06
2.7632e+06
2.7461e+06
2.7358e+06
2.7394e+06
2.7566e+06
2.7795e+06
2.7981e+06
2.8061e+06
2.805e+06
2.8024e+06
2.8079e+06
2.8256e+06
2.852e+06
2.8781e+06
2.8957e+06
2.9027e+06
2.9047e+06
2.9108e+06
2.928e+06
2.9554e+06
2.9852e+06
3.0076e+06
3.0178e+06
3.0192e+06
3.0209e+06
3.0322e+06
3.0552e+06
3.0836e+06
3.1067e+06
3.1165e+06
3.1126e+06
3.103e+06
3.098e+06
3.1041e+06
3.1191e+06
3.1342e+06
3.1402e+06
3.1337e+06
3.1194e+06
3.1063e+06
3.1014e+06
3.1051e+06
3.1102e+06
3.108e+06
3.0938e+06
3.07e+06
3.0448e+06
3.0257e+06
3.015e+06
3.0083e+06
2.9977e+06
2.9785e+06
2.9521e+06
2.9251e+06
2.9044e+06
2.8923e+06
2.8839e+06
2.8711e+06
2.8476e+06
2.8138e+06
2.7769e+06
2.7459e+06
2.7264e+06
2.7168e+06
2.7094e+06
2.6962e+06
2.6736e+06
2.6445e+06
2.6156e+06
2.5932e+06
2.5789e+06
2.5693e+06
2.5594e+06
2.5459e+06
2.5299e+06
2.515e+06
2.504e+06
2.4967e+06
2.4899e+06
2.4805e+06
2.4683e+06
2.4574e+06
2.4532e+06
2.4588e+06
2.4719e+06
2.4857e+06
2.4934e+06
2.492e+06
2.4851e+06
2.48e+06
2.483e+06
2.4952e+06
2.5116e+06
2.5248e+06
2.5306e+06
2.5309e+06
2.5324e+06
2.5419e+06
2.5616e+06
2.5868e+06
2.6096e+06
2.6245e+06
2.6317e+06
2.6374e+06
2.6487e+06
2.6685e+06
2.6933e+06
2.7155e+06
2.7293e+06
2.7345e+06
2.737e+06
2.7443e+06
2.7604e+06
2.7823e+06
2.8028e+06
2.8158e+06
2.8204e+06
2.822e+06
2.8276e+06
2.8411e+06
2.8601e+06
2.8779e+06
2.889e+06
2.893e+06
2.895e+06
2.9013e+06
2.9142e+06
2.9297e+06
2.9404e+06
2.9413e+06
2.934e+06
2.9259e+06
2.926e+06
2.9375e+06
2.9556e+06
2.9703e+06
2.9733e+06
2.9633e+06
2.9467e+06
2.9331e+06
2.9289e+06
2.9333e+06
2.9399e+06
2.9422e+06
2.9381e+06
2.9306e+06
2.9248e+06
2.9224e+06
2.9208e+06
2.9144e+06
2.9006e+06
2.8815e+06
2.8639e+06
2.8539e+06
2.8521e+06
2.8532e+06
2.8495e+06
2.8369e+06
2.8183e+06
2.8007e+06
2.7905e+06
2.788e+06
2.7869e+06
2.7791e+06
2.7612e+06
2.7364e+06
2.7129e+06
2.6976e+06
2.6904e+06
2.6848e+06
2.6727e+06
2.6506e+06
2.6228e+06
2.5975e+06
2.5814e+06
2.5736e+06
2.567e+06
2.553e+06
2.5286e+06
2.4983e+06
2.4707e+06
2.4523e+06
2.4426e+06
2.4349e+06
2.4215e+06
2.3999e+06
2.3741e+06
2.3511e+06
2.3352e+06
2.3244e+06
2.3122e+06
2.2935e+06
2.2686e+06
2.2434e+06
2.2248e+06
2.2146e+06
2.2075e+06
2.1946e+06
2.1705e+06
2.137e+06
2.1029e+06
2.0773e+06
2.0632e+06
2.0554e+06
2.0445e+06
2.0241e+06
1.9955e+06
1.9664e+06
1.945e+06
1.9336e+06
1.9269e+06
1.9163e+06
1.8966e+06
1.8693e+06
1.8412e+06
1.8192e+06
1.8045e+06
1.7925e+06
1.7768e+06
1.7549e+06
1.7296e+06
1.707e+06
1.6907e+06
1.679e+06
1.6659e+06
1.6464e+06
1.6204e+06
1.5935e+06
1.572e+06
1.5579e+06
1.5466e+06
1.5309e+06
1.5068e+06
1.4772e+06
1.4504e+06
1.4337e+06
1.4274e+06
1.4236e+06
1.4125e+06
1.3893e+06
1.3583e+06
1.3294e+06
1.3117e+06
1.3055e+06
1.3027e+06
1.2927e+06
1.2709e+06
1.2417e+06
1.2154e+06
1.2005e+06
1.1963e+06
1.194e+06
1.1832e+06
1.1602e+06
