1.3364e+06
1.3418e+06
1.3446e+06
1.355e+06
1.3786e+06
1.4109e+06
1.441e+06
1.4592e+06
1.4637e+06
1.4614e+06
1.4629e+06
1.4757e+06
1.4984e+06
1.5238e+06
1.545e+06
1.5604e+06
1.5742e+06
1.5916e+06
1.6136e+06
1.6358e+06
1.6521e+06
1.66e+06
1.6638e+06
1.6718e+06
1.6905e+06
1.7189e+06
1.7495e+06
1.7736e+06
1.788e+06
1.797e+06
1.8093e+06
1.8308e+06
1.8601e+06
1.8895e+06
1.9113e+06
1.9235e+06
1.9315e+06
1.9442e+06
1.9667e+06
1.997e+06
2.0276e+06
2.0515e+06
2.0678e+06
2.0815e+06
2.0996e+06
2.1248e+06
2.1534e+06
2.1784e+06
2.1957e+06
2.2078e+06
2.2226e+06
2.2473e+06
2.2822e+06
2.3199e+06
2.3506e+06
2.369e+06
2.3784e+06
2.3884e+06
2.4081e+06
2.4393e+06
2.4752e+06
2.5061e+06
2.5263e+06
2.5384e+06
2.5511e+06
2.5723e+06
2.6035e+06
2.6382e+06
2.6673e+06
2.6863e+06
2.6976e+06
2.7092e+06
2.7276e+06
2.7534e+06
2.7806e+06
2.8018e+06
2.8144e+06
2.8226e+06
2.8345e+06
2.856e+06
2.8863e+06
2.9181e+06
2.9438e+06
2.9602e+06
2.9708e+06
2.9824e+06
2.9994e+06
3.02e+06
3.0384e+06
3.0493e+06
3.053e+06
3.0559e+06
3.0664e+06
3.0883e+06
3.1175e+06
3.1449e+06
3.1622e+06
3.1675e+06
3.1658e+06
3.1657e+06
3.1726e+06
3.1857e+06
3.1994e+06
3.2081e+06
3.2114e+06
3.2136e+06
3.2207e+06
3.2351e+06
3.2534e+06
3.2688e+06
3.2758e+06
3.2744e+06
3.2694e+06
3.2672e+06
3.2704e+06
3.2765e+06
3.28e+06
3.2772e+06
3.2691e+06
3.2608e+06
3.2573e+06
3.2597e+06
3.2635e+06
3.2628e+06
3.254e+06
3.2393e+06
3.2252e+06
3.2176e+06
3.2176e+06
3.2205e+06
3.2189e+06
3.2077e+06
3.1876e+06
3.1639e+06
3.1431e+06
3.1283e+06
3.1179e+06
3.1081e+06
3.0963e+06
3.083e+06
3.0713e+06
3.0629e+06
3.056e+06
3.0458e+06
3.0279e+06
3.0021e+06
2.9732e+06
2.9484e+06
2.9323e+06
2.9234e+06
2.9147e+06
2.8985e+06
2.8718e+06
2.8383e+06
2.8065e+06
2.7839e+06
2.772e+06
2.7653e+06
2.7556e+06
2.7374e+06
2.7113e+06
2.6838e+06
2.662e+06
2.6487e+06
2.6409e+06
2.6322e+06
2.6179e+06
2.5987e+06
2.5805e+06
2.5701e+06
2.57e+06
2.5765e+06
2.582e+06
2.5805e+06
2.5717e+06
2.5616e+06
2.558e+06
2.5655e+06
2.5814e+06
2.5979e+06
2.6072e+06
2.6069e+06
2.6019e+06
2.6014e+06
2.6124e+06
2.6349e+06
2.6616e+06
2.6829e+06
2.694e+06
2.6976e+06
2.7033e+06
2.7206e+06
2.7526e+06
2.7932e+06
2.8311e+06
2.8568e+06
2.8686e+06
2.8734e+06
2.8818e+06
2.9014e+06
2.9315e+06
2.9642e+06
2.9901e+06
3.0048e+06
3.0119e+06
3.02e+06
3.0364e+06
3.062e+06
3.0906e+06
3.1129e+06
3.1237e+06
3.1249e+06
3.1246e+06
3.1307e+06
3.1461e+06
3.1656e+06
3.1804e+06
3.1841e+06
3.1769e+06
3.1655e+06
3.1585e+06
3.1599e+06
3.1667e+06
3.1707e+06
3.1651e+06
3.1491e+06
3.129e+06
3.1136e+06
3.1083e+06
3.1103e+06
3.1107e+06
3.0998e+06
3.0737e+06
3.0371e+06
3.0004e+06
2.9734e+06
2.9594e+06
2.9533e+06
2.9457e+06
2.9292e+06
2.9033e+06
2.8738e+06
2.8487e+06
2.8327e+06
2.8239e+06
2.8158e+06
2.8024e+06
2.7823e+06
2.7601e+06
2.7431e+06
2.7362e+06
2.7378e+06
2.7411e+06
2.7382e+06
2.7256e+06
2.7069e+06
2.6911e+06
2.6874e+06
2.6992e+06
2.722e+06
2.7461e+06
2.7631e+06
2.7704e+06
2.7726e+06
2.7782e+06
2.7938e+06
2.8196e+06
2.849e+06
2.8737e+06
2.8885e+06
2.8956e+06
2.9029e+06
2.9192e+06
2.9479e+06
2.9848e+06
3.0202e+06
3.0452e+06
3.0572e+06
3.0615e+06
3.0676e+06
3.0834e+06
3.1099e+06
3.1405e+06
3.1655e+06
3.1782e+06
3.1786e+06
3.1732e+06
3.1703e+06
3.1741e+06
3.1825e+06
3.1887e+06
3.186e+06
3.1727e+06
3.1529e+06
3.1337e+06
3.1205e+06
3.113e+06
3.1055e+06
3.0913e+06
3.0673e+06
3.0366e+06
3.0068e+06
2.9853e+06
2.9741e+06
2.969e+06
2.9615e+06
2.9451e+06
2.9186e+06
2.8875e+06
2.8604e+06
2.8437e+06
2.8381e+06
2.8381e+06
2.8361e+06
2.8276e+06
2.8136e+06
2.8008e+06
2.7966e+06
2.8046e+06
2.822e+06
2.8415e+06
2.8555e+06
2.8614e+06
2.8631e+06
2.8688e+06
2.886e+06
2.9166e+06
2.9547e+06
2.9906e+06
3.016e+06
3.0293e+06
3.036e+06
3.0458e+06
3.0668e+06
3.0996e+06
3.1373e+06
3.1696e+06
3.1888e+06
3.1941e+06
3.192e+06
3.1918e+06
3.1998e+06
3.2149e+06
3.2298e+06
3.2356e+06
3.2277e+06
3.2086e+06
3.1868e+06
3.1713e+06
3.1662e+06
3.1678e+06
3.1674e+06
3.1568e+06
3.1334e+06
3.1017e+06
3.0711e+06
3.05e+06
3.0409e+06
3.0391e+06
3.0359e+06
3.0238e+06
3.001e+06
2.9726e+06
2.9469e+06
2.9316e+06
2.9289e+06
2.9349e+06
2.9427e+06
2.9466e+06
2.9458e+06
2.9445e+06
2.9492e+06
2.9643e+06
2.9892e+06
3.0182e+06
3.0442e+06
3.0624e+06
3.0737e+06
3.0834e+06
3.0986e+06
3.123e+06
3.1548e+06
3.1871e+06
3.2125e+06
3.2267e+06
3.2317e+06
3.2341e+06
3.241e+06
3.2554e+06
3.2739e+06
3.2887e+06
3.2923e+06
3.2818e+06
3.261e+06
3.2382e+06
3.2215e+06
3.214e+06
3.212e+06
3.2072e+06
3.1919e+06
3.1637e+06
3.1266e+06
3.0892e+06
3.06e+06
3.0426e+06
3.0345e+06
3.0283e+06
3.0172e+06
2.9985e+06
2.9754e+06
2.9554e+06
2.9458e+06
2.9503e+06
2.9664e+06
2.9876e+06
3.0069e+06
3.0206e+06
3.03e+06
3.0403e+06
3.0573e+06
3.0838e+06
3.1176e+06
3.1533e+06
3.1848e+06
3.2091e+06
3.2273e+06
3.2439e+06
3.2631e+06
3.2865e+06
3.3112e+06
3.3319e+06
3.344e+06
3.3462e+06
3.3412e+06
3.334e+06
3.3287e+06
3.3259e+06
3.3228e+06
3.3149e+06
3.2994e+06
3.2774e+06
3.2535e+06
3.2334e+06
3.2199e+06
3.2115e+06
3.2027e+06
3.1873e+06
3.1625e+06
3.131e+06
3.1006e+06
3.0804e+06
3.077e+06
3.09e+06
3.1127e+06
3.135e+06
3.1492e+06
3.1528e+06
3.1502e+06
3.1504e+06
3.1618e+06
3.1875e+06
3.2236e+06
3.2609e+06
3.2901e+06
3.3062e+06
3.3115e+06
3.3136e+06
3.3212e+06
3.3389e+06
3.3643e+06
3.389e+06
3.4037e+06
3.403e+06
3.3885e+06
3.3676e+06
3.3497e+06
3.3405e+06
3.3387e+06
3.3369e+06
3.3258e+06
3.2998e+06
3.2601e+06
3.2149e+06
3.1753e+06
3.1507e+06
3.1437e+06
3.1492e+06
3.1578e+06
3.1607e+06
3.1541e+06
3.1408e+06
3.1289e+06
3.1271e+06
3.1405e+06
3.1679e+06
3.2021e+06
3.2341e+06
3.2574e+06
3.2708e+06
3.2785e+06
3.2873e+06
3.3025e+06
3.3249e+06
3.3496e+06
3.3696e+06
3.3791e+06
3.377e+06
3.3674e+06
3.3573e+06
3.3526e+06
3.3549e+06
3.3603e+06
3.3616e+06
3.3526e+06
3.3306e+06
3.2984e+06
3.2624e+06
3.2298e+06
3.2052e+06
3.1892e+06
3.1786e+06
3.1696e+06
3.1597e+06
3.15e+06
3.1445e+06
3.1477e+06
3.162e+06
3.1862e+06
3.2156e+06
3.2442e+06
3.2676e+06
3.2849e+06
3.2992e+06
3.3153e+06
3.3372e+06
3.3651e+06
3.395e+06
3.4204e+06
3.4354e+06
3.4381e+06
3.4306e+06
3.4186e+06
3.4081e+06
3.402e+06
3.3989e+06
3.3941e+06
3.3821e+06
3.3603e+06
3.3301e+06
3.2969e+06
3.2672e+06
3.2461e+06
3.2348e+06
3.23e+06
3.2265e+06
3.2197e+06
3.2083e+06
3.195e+06
3.1854e+06
3.1858e+06
3.1999e+06
3.227e+06
3.2623e+06
3.299e+06
3.3311e+06
3.3557e+06
3.3735e+06
3.387e+06
3.3992e+06
3.4108e+06
3.4198e+06
3.4227e+06
3.4165e+06
3.4006e+06
3.3772e+06
3.3509e+06
3.3258e+06
3.3045e+06
3.2862e+06
3.2684e+06
3.2486e+06
3.2258e+06
3.2018e+06
3.1803e+06
3.1653e+06
3.1589e+06
3.1603e+06
3.166e+06
3.1721e+06
3.1763e+06
3.1794e+06
3.1856e+06
3.2007e+06
3.2285e+06
3.2687e+06
3.3156e+06
3.3598e+06
3.3918e+06
3.4059e+06
3.4023e+06
3.3869e+06
3.3688e+06
3.356e+06
3.3518e+06
3.3531e+06
3.3525e+06
3.342e+06
3.3173e+06
3.28e+06
3.2369e+06
3.1977e+06
3.1708e+06
3.16e+06
3.163e+06
3.1733e+06
3.1832e+06
3.1878e+06
3.1861e+06
3.1822e+06
3.1824e+06
3.1926e+06
3.2153e+06
3.248e+06
3.2846e+06
3.3177e+06
3.3418e+06
3.3555e+06
3.361e+06
3.3625e+06
3.3638e+06
3.3655e+06
3.3652e+06
3.3589e+06
3.3431e+06
3.3176e+06
3.2857e+06
3.2536e+06
3.2275e+06
3.2113e+06
3.2051e+06
3.2052e+06
3.2067e+06
3.2055e+06
3.2004e+06
3.1939e+06
3.1907e+06
3.1962e+06
3.2135e+06
3.2422e+06
3.2777e+06
3.3139e+06
3.3447e+06
3.3669e+06
3.3807e+06
3.3889e+06
3.3951e+06
3.4015e+06
3.4073e+06
3.4094e+06
3.404e+06
3.3888e+06
3.3643e+06
3.3338e+06
3.3025e+06
3.2753e+06
3.2547e+06
3.2408e+06
3.2312e+06
3.2232e+06
3.2154e+06
3.2089e+06
3.2065e+06
3.2124e+06
3.2292e+06
3.2568e+06
3.2915e+06
3.3273e+06
3.3579e+06
3.3787e+06
3.3887e+06
3.3905e+06
3.3886e+06
3.3869e+06
3.3871e+06
3.3873e+06
3.3832e+06
3.3703e+06
3.3467e+06
3.3138e+06
3.277e+06
3.2436e+06
3.2205e+06
3.2114e+06
3.2164e+06
3.2314e+06
3.2511e+06
3.2704e+06
3.2867e+06
3.3e+06
3.313e+06
3.3291e+06
3.3504e+06
3.3767e+06
3.4051e+06
3.4308e+06
3.4497e+06
3.459e+06
3.4589e+06
3.4517e+06
3.4404e+06
3.4271e+06
3.4125e+06
3.3954e+06
3.3743e+06
3.3486e+06
3.3201e+06
3.2924e+06
3.2705e+06
3.2588e+06
3.2596e+06
3.2722e+06
3.2929e+06
3.317e+06
3.34e+06
3.3593e+06
3.3752e+06
3.3902e+06
3.4077e+06
3.4298e+06
3.456e+06
3.4828e+06
3.5046e+06
3.5165e+06
3.5154e+06
3.5019e+06
3.4797e+06
3.4542e+06
3.4303e+06
3.4111e+06
3.3968e+06
3.3855e+06
3.3749e+06
3.3637e+06
3.3528e+06
3.3452e+06
3.3451e+06
3.3561e+06
3.3791e+06
3.4121e+06
3.4497e+06
3.4851e+06
3.5121e+06
3.5274e+06
3.531e+06
3.5259e+06
3.517e+06
3.5082e+06
3.5012e+06
3.4949e+06
3.4864e+06
3.4725e+06
3.4521e+06
3.4267e+06
3.4006e+06
3.3791e+06
3.3669e+06
3.3664e+06
3.3768e+06
3.3946e+06
3.4147e+06
3.4326e+06
3.4458e+06
3.4546e+06
3.4615e+06
3.4702e+06
3.4832e+06
3.5002e+06
3.5181e+06
3.5317e+06
3.5361e+06
3.5286e+06
3.51e+06
3.4844e+06
3.4577e+06
3.4358e+06
3.4227e+06
3.4188e+06
3.4222e+06
3.4291e+06
3.4362e+06
3.4415e+06
3.4458e+06
3.4516e+06
3.4623e+06
3.4802e+06
3.5055e+06
3.5352e+06
3.5641e+06
3.5867e+06
3.599e+06
3.6e+06
3.5919e+06
3.5789e+06
3.5656e+06
3.555e+06
3.5472e+06
3.5404e+06
3.5316e+06
3.5185e+06
3.5015e+06
3.4833e+06
3.4693e+06
3.4653e+06
3.4762e+06
3.5029e+06
3.5425e+06
3.5877e+06
3.6297e+06
3.6603e+06
3.6747e+06
3.6724e+06
3.6573e+06
3.6359e+06
3.6147e+06
3.5979e+06
3.5861e+06
3.5771e+06
3.5669e+06
3.5529e+06
3.5348e+06
3.5157e+06
3.501e+06
3.4968e+06
3.5079e+06
3.5355e+06
3.5767e+06
3.6249e+06
3.6716e+06
3.7089e+06
3.7319e+06
3.7394e+06
3.7342e+06
3.7213e+06
3.7062e+06
3.6923e+06
3.6805e+06
3.6691e+06
3.6553e+06
3.6372e+06
3.6153e+06
3.5923e+06
3.5732e+06
3.5632e+06
3.566e+06
3.5826e+06
3.6106e+06
3.6447e+06
3.6781e+06
3.7048e+06
3.7209e+06
3.7258e+06
3.7217e+06
3.7124e+06
3.7016e+06
3.6916e+06
3.682e+06
3.671e+06
3.6562e+06
3.6363e+06
3.6125e+06
3.5883e+06
3.5687e+06
3.559e+06
3.5627e+06
3.5806e+06
3.6099e+06
3.6452e+06
3.6794e+06
3.7066e+06
3.7227e+06
3.727e+06
3.7218e+06
3.7111e+06
3.699e+06
3.688e+06
3.6781e+06
3.6675e+06
3.6539e+06
3.6355e+06
3.6131e+06
3.5896e+06
3.5698e+06
3.5589e+06
3.5612e+06
3.5782e+06
3.6083e+06
3.6463e+06
3.6852e+06
3.7179e+06
3.739e+06
3.7458e+06
3.7396e+06
3.7239e+06
3.7038e+06
3.6839e+06
3.6669e+06
3.6533e+06
3.642e+06
3.6315e+06
3.6208e+06
3.6104e+06
3.6023e+06
3.5993e+06
3.6037e+06
3.617e+06
3.6384e+06
3.6648e+06
3.6914e+06
3.713e+06
3.7251e+06
3.7253e+06
3.7141e+06
3.6939e+06
3.6688e+06
3.6429e+06
3.6191e+06
3.5988e+06
3.5822e+06
3.5686e+06
3.5575e+06
3.5495e+06
3.546e+06
3.549e+06
3.5606e+06
3.5818e+06
3.6113e+06
3.6456e+06
3.6788e+06
3.7045e+06
3.7172e+06
3.714e+06
3.6955e+06
3.6658e+06
3.6313e+06
3.5992e+06
3.5754e+06
3.5634e+06
3.5632e+06
3.5724e+06
3.587e+06
3.6028e+06
3.6167e+06
3.6272e+06
3.6351e+06
3.6426e+06
3.6518e+06
3.664e+06
3.6782e+06
3.6909e+06
3.6973e+06
3.6931e+06
3.6759e+06
3.6463e+06
3.6084e+06
3.569e+06
3.5356e+06
3.5152e+06
3.5119e+06
3.5264e+06
3.5555e+06
3.593e+06
3.6314e+06
3.6638e+06
3.685e+06
3.693e+06
3.6884e+06
3.6745e+06
3.6555e+06
3.6353e+06
3.6163e+06
3.5998e+06
3.5855e+06
3.573e+06
3.5621e+06
3.5533e+06
3.5478e+06
3.5471e+06
3.5522e+06
3.5632e+06
3.5786e+06
3.5954e+06
3.6096e+06
3.617e+06
3.6147e+06
3.6011e+06
3.5776e+06
3.5473e+06
3.5147e+06
3.4847e+06
3.4611e+06
3.4463e+06
3.4406e+06
3.4429e+06
3.4508e+06
3.4617e+06
3.4737e+06
3.4854e+06
3.4965e+06
3.5069e+06
3.5165e+06
3.5241e+06
3.5279e+06
3.5252e+06
3.514e+06
3.4935e+06
3.465e+06
3.432e+06
3.3998e+06
3.3743e+06
3.3609e+06
3.3629e+06
3.3811e+06
3.4127e+06
3.4524e+06
3.4931e+06
3.5278e+06
3.5511e+06
3.5599e+06
3.5547e+06
3.5382e+06
3.5154e+06
3.4913e+06
3.4702e+06
3.4549e+06
3.4461e+06
3.4431e+06
3.4441e+06
3.4474e+06
3.4514e+06
3.4555e+06
3.4597e+06
3.4647e+06
3.4709e+06
3.4779e+06
3.4838e+06
3.4859e+06
3.481e+06
3.4669e+06
3.4433e+06
3.4122e+06
3.3778e+06
3.3455e+06
3.3211e+06
3.3091e+06
3.3116e+06
3.3276e+06
3.3534e+06
3.3829e+06
3.4092e+06
3.4263e+06
3.4301e+06
3.4196e+06
3.3968e+06
3.366e+06
3.3327e+06
3.3023e+06
3.2787e+06
3.2638e+06
3.2571e+06
3.2567e+06
3.2595e+06
3.2626e+06
3.2637e+06
3.2622e+06
3.2582e+06
3.2532e+06
3.2486e+06
3.2448e+06
3.2412e+06
3.2357e+06
3.2261e+06
3.2106e+06
3.1891e+06
3.163e+06
3.1357e+06
3.1114e+06
3.0942e+06
3.0873e+06
3.0922e+06
3.1076e+06
3.1298e+06
3.1532e+06
3.1717e+06
3.1801e+06
3.1751e+06
3.1568e+06
3.1282e+06
3.0944e+06
3.062e+06
3.037e+06
3.0234e+06
3.0228e+06
3.0335e+06
3.0516e+06
3.0714e+06
3.0874e+06
3.095e+06
3.0919e+06
3.0785e+06
3.0572e+06
3.0323e+06
3.008e+06
2.988e+06
2.9742e+06
2.9669e+06
2.9653e+06
2.9676e+06
2.9721e+06
2.9774e+06
2.9824e+06
2.9872e+06
2.9919e+06
2.9969e+06
3.0022e+06
3.0066e+06
3.0083e+06
3.0049e+06
2.9946e+06
2.9766e+06
2.952e+06
2.9238e+06
2.8961e+06
2.8735e+06
2.8603e+06
2.8593e+06
2.8709e+06
2.8932e+06
2.9217e+06
2.9505e+06
2.9733e+06
2.9851e+06
2.9833e+06
2.9682e+06
2.943e+06
2.9131e+06
2.8849e+06
2.8644e+06
2.8556e+06
2.8602e+06
2.8766e+06
2.901e+06
2.9279e+06
2.9516e+06
2.9673e+06
2.9722e+06
2.9659e+06
2.9507e+06
2.9301e+06
2.9086e+06
2.8903e+06
2.878e+06
2.8731e+06
2.8752e+06
2.8824e+06
2.8923e+06
2.9021e+06
2.9096e+06
2.9136e+06
2.9139e+06
2.9115e+06
2.9077e+06
2.9037e+06
2.9003e+06
2.8974e+06
2.8943e+06
2.8905e+06
2.8855e+06
2.8794e+06
2.8727e+06
2.8665e+06
2.862e+06
2.8604e+06
2.8625e+06
2.868e+06
2.8758e+06
2.8839e+06
2.8897e+06
2.8911e+06
2.8869e+06
2.8774e+06
2.8642e+06
2.8499e+06
2.8377e+06
2.8303e+06
2.8297e+06
2.8364e+06
2.8489e+06
2.8646e+06
2.8793e+06
2.8891e+06
2.8906e+06
2.8823e+06
2.8651e+06
2.8418e+06
2.8169e+06
2.7952e+06
2.7814e+06
2.7782e+06
2.7866e+06
2.8048e+06
2.8291e+06
2.8542e+06
2.8749e+06
2.8867e+06
2.8871e+06
2.8763e+06
2.857e+06
2.8337e+06
2.812e+06
2.7971e+06
2.7926e+06
2.7998e+06
2.8175e+06
2.8419e+06
2.8678e+06
2.8895e+06
2.9023e+06
2.9033e+06
2.8922e+06
2.8713e+06
2.845e+06
2.8188e+06
2.7982e+06
2.7875e+06
2.7887e+06
2.8015e+06
2.8229e+06
2.8482e+06
2.872e+06
2.8891e+06
2.8959e+06
2.8911e+06
2.8757e+06
2.8533e+06
2.8284e+06
2.8063e+06
2.7912e+06
2.7857e+06
2.7905e+06
2.8043e+06
2.824e+06
2.8455e+06
2.8647e+06
2.878e+06
2.8834e+06
2.881e+06
2.8723e+06
2.8605e+06
2.8491e+06
2.8411e+06
2.8388e+06
2.843e+06
2.8531e+06
2.8674e+06
2.8833e+06
2.898e+06
2.9088e+06
2.9141e+06
2.9135e+06
2.908e+06
2.8996e+06
2.8908e+06
2.8838e+06
2.8802e+06
2.8805e+06
2.8845e+06
2.8907e+06
2.8972e+06
2.9021e+06
2.9037e+06
2.9011e+06
2.8946e+06
2.8856e+06
2.8763e+06
2.8693e+06
2.8666e+06
2.8696e+06
2.8785e+06
2.8924e+06
2.9095e+06
2.9275e+06
2.9435e+06
2.955e+06
2.9603e+06
2.9587e+06
2.9512e+06
2.9399e+06
2.9275e+06
2.917e+06
2.9104e+06
2.9091e+06
2.9132e+06
2.9218e+06
2.9333e+06
2.9454e+06
2.9558e+06
2.9624e+06
2.9642e+06
2.9613e+06
2.9552e+06
2.9483e+06
2.9432e+06
2.9423e+06
2.9469e+06
2.9575e+06
2.9731e+06
2.9919e+06
3.011e+06
3.0273e+06
3.0379e+06
3.0404e+06
3.0344e+06
3.0209e+06
3.0025e+06
2.9828e+06
2.9654e+06
2.9535e+06
2.9489e+06
2.9524e+06
2.963e+06
2.9785e+06
2.9957e+06
3.0112e+06
3.0217e+06
3.0253e+06
3.0214e+06
3.0116e+06
2.9987e+06
2.9861e+06
2.9772e+06
2.9745e+06
2.979e+06
2.9903e+06
3.0061e+06
3.0232e+06
3.0377e+06
3.0459e+06
3.0453e+06
3.0352e+06
3.0168e+06
2.9933e+06
2.9692e+06
2.9489e+06
2.9365e+06
2.9343e+06
2.9424e+06
2.9588e+06
2.9797e+06
3.0002e+06
3.015e+06
3.0203e+06
3.0139e+06
2.9961e+06
2.97e+06
2.9403e+06
2.9127e+06
2.8925e+06
2.8838e+06
2.8882e+06
2.9048e+06
2.9301e+06
2.9589e+06
2.9852e+06
3.0036e+06
3.0105e+06
3.0048e+06
2.9879e+06
2.9636e+06
2.9372e+06
2.9144e+06
2.8998e+06
2.8963e+06
2.9041e+06
2.921e+06
2.9429e+06
2.9646e+06
2.9812e+06
2.989e+06
2.9864e+06
2.9743e+06
2.9556e+06
2.9347e+06
2.9166e+06
2.9053e+06
2.9033e+06
2.911e+06
2.9266e+06
2.9464e+06
2.9662e+06
2.9815e+06
2.9891e+06
2.9875e+06
2.9773e+06
2.9607e+06
2.9414e+06
2.9231e+06
2.9091e+06
2.9015e+06
2.901e+06
2.9069e+06
2.9175e+06
2.9305e+06
2.9433e+06
2.9542e+06
2.9619e+06
2.9665e+06
2.9688e+06
2.9701e+06
2.9716e+06
2.974e+06
2.9774e+06
2.9813e+06
2.9852e+06
2.9887e+06
2.9916e+06
2.9944e+06
2.9976e+06
3.0019e+06
3.0078e+06
3.0156e+06
3.0245e+06
3.033e+06
3.039e+06
3.0404e+06
3.0357e+06
3.0245e+06
3.0082e+06
2.9894e+06
2.9719e+06
2.9596e+06
2.9557e+06
2.9621e+06
2.9787e+06
3.0035e+06
3.0323e+06
3.0601e+06
3.0818e+06
3.0934e+06
3.093e+06
3.0811e+06
3.0609e+06
3.0368e+06
3.0143e+06
2.9981e+06
2.9914e+06
2.9951e+06
3.0076e+06
3.0255e+06
3.044e+06
3.0585e+06
3.0657e+06
3.0641e+06
3.0542e+06
3.0389e+06
3.0218e+06
3.0069e+06
2.9976e+06
2.9954e+06
3.0004e+06
3.0108e+06
3.0241e+06
3.0373e+06
3.048e+06
3.0547e+06
3.0572e+06
3.0566e+06
3.0547e+06
3.0531e+06
3.0526e+06
3.0531e+06
3.0533e+06
3.0518e+06
3.0474e+06
3.0399e+06
3.0304e+06
3.021e+06
3.0145e+06
3.0138e+06
3.0207e+06
3.0357e+06
3.0572e+06
3.0814e+06
3.1037e+06
3.119e+06
3.1236e+06
3.1162e+06
3.0978e+06
3.0724e+06
3.0455e+06
3.0231e+06
3.0103e+06
3.0102e+06
3.0229e+06
3.0455e+06
3.0728e+06
3.0989e+06
3.1181e+06
3.1266e+06
3.1232e+06
3.1096e+06
3.0896e+06
3.0682e+06
3.0504e+06
3.0398e+06
3.0378e+06
3.0438e+06
3.0552e+06
3.0686e+06
3.0809e+06
3.0894e+06
3.0934e+06
3.0933e+06
3.091e+06
3.0885e+06
3.0873e+06
3.0876e+06
3.0882e+06
3.0873e+06
3.0827e+06
3.0735e+06
3.0604e+06
3.0455e+06
3.032e+06
3.0237e+06
3.0234e+06
3.0326e+06
3.0504e+06
3.0735e+06
3.0969e+06
3.1152e+06
3.1235e+06
3.1192e+06
3.1025e+06
3.0766e+06
3.0466e+06
3.0188e+06
2.9987e+06
2.99e+06
2.9937e+06
3.0081e+06
3.0295e+06
3.0532e+06
3.075e+06
3.0916e+06
3.1017e+06
3.106e+06
3.1066e+06
3.1058e+06
3.1055e+06
3.1064e+06
3.1077e+06
3.1076e+06
3.1045e+06
3.0975e+06
3.0873e+06
3.0758e+06
3.066e+06
3.061e+06
3.0632e+06
3.0731e+06
3.0892e+06
3.1079e+06
3.1246e+06
3.1345e+06
3.1342e+06
3.1228e+06
3.1018e+06
3.0751e+06
3.0477e+06
3.0247e+06
3.0098e+06
3.0046e+06
3.0082e+06
3.018e+06
3.0306e+06
3.0424e+06
3.0513e+06
3.0563e+06
3.0584e+06
3.0592e+06
3.0607e+06
3.0638e+06
3.0682e+06
3.072e+06
3.073e+06
3.0692e+06
3.0602e+06
3.0473e+06
3.0337e+06
3.0235e+06
3.0208e+06
3.028e+06
3.0456e+06
3.0709e+06
3.0992e+06
3.1246e+06
3.1418e+06
3.147e+06
3.1397e+06
3.1221e+06
3.0987e+06
3.075e+06
3.0558e+06
3.044e+06
3.0399e+06
3.0415e+06
3.0455e+06
3.0489e+06
3.0495e+06
3.0468e+06
3.0423e+06
3.0384e+06
3.0382e+06
3.0435e+06
3.0542e+06
3.0679e+06
3.0802e+06
3.0865e+06
3.0831e+06
3.0687e+06
3.0449e+06
3.0159e+06
2.9872e+06
2.9644e+06
2.9516e+06
2.9502e+06
2.9589e+06
2.9742e+06
2.9918e+06
3.0077e+06
3.0195e+06
3.0265e+06
3.0302e+06
3.0327e+06
3.036e+06
3.0408e+06
3.046e+06
3.0493e+06
3.0482e+06
3.0409e+06
3.0277e+06
3.0109e+06
2.9948e+06
2.984e+06
2.9827e+06
2.9928e+06
3.0134e+06
3.0407e+06
3.0688e+06
3.0917e+06
3.1047e+06
3.1057e+06
3.0955e+06
3.0778e+06
3.0574e+06
3.0387e+06
3.0246e+06
3.015e+06
3.008e+06
3.0009e+06
2.9912e+06
2.9781e+06
2.963e+06
2.9491e+06
2.9401e+06
2.9395e+06
2.949e+06
2.9673e+06
2.9906e+06
3.0136e+06
3.0306e+06
3.0378e+06
3.034e+06
3.021e+06
3.0029e+06
2.9849e+06
2.9712e+06
2.9642e+06
2.9634e+06
2.9668e+06
2.971e+06
2.9736e+06
2.9733e+06
2.971e+06
2.9689e+06
2.9699e+06
2.9758e+06
2.9867e+06
3.0001e+06
3.0118e+06
3.0169e+06
3.0119e+06
2.9959e+06
2.9707e+06
2.9412e+06
2.9132e+06
2.8923e+06
2.882e+06
2.8826e+06
2.8917e+06
2.9053e+06
2.9189e+06
2.9295e+06
2.9363e+06
2.9405e+06
2.9446e+06
2.9517e+06
2.9632e+06
2.9782e+06
2.9938e+06
3.0052e+06
3.0084e+06
3.0011e+06
2.9837e+06
2.9593e+06
2.9328e+06
2.9092e+06
2.8923e+06
2.8833e+06
2.8808e+06
2.8822e+06
2.8841e+06
2.8844e+06
2.8826e+06
2.8803e+06
2.8799e+06
2.8838e+06
2.8928e+06
2.9053e+06
2.9177e+06
2.9253e+06
2.9244e+06
2.9135e+06
2.8939e+06
2.8701e+06
2.8474e+06
2.8313e+06
2.8249e+06
2.8281e+06
2.8383e+06
2.851e+06
2.862e+06
2.8688e+06
2.8714e+06
2.8723e+06
2.8754e+06
2.8843e+06
2.9003e+06
2.9217e+06
2.9438e+06
2.9608e+06
2.9673e+06
2.9612e+06
2.9435e+06
2.9189e+06
2.8933e+06
2.8727e+06
2.8606e+06
2.8569e+06
2.8589e+06
2.8621e+06
2.8629e+06
2.8595e+06
2.853e+06
2.8469e+06
2.8461e+06
2.8542e+06
2.872e+06
2.8968e+06
2.9224e+06
2.9417e+06
2.9489e+06
2.9415e+06
2.921e+06
2.8927e+06
2.8636e+06
2.8403e+06
2.8265e+06
2.822e+06
2.8235e+06
2.826e+06
2.8255e+06
2.8201e+06
2.8108e+06
2.801e+06
2.795e+06
2.7961e+06
2.8056e+06
2.8213e+06
2.8388e+06
2.8532e+06
2.8605e+06
2.8595e+06
2.8516e+06
2.8404e+06
2.8298e+06
2.8226e+06
2.819e+06
2.8172e+06
2.8142e+06
2.8076e+06
2.7967e+06
2.7834e+06
2.7712e+06
2.7645e+06
2.7662e+06
2.7768e+06
2.7939e+06
2.8129e+06
2.8288e+06
2.8377e+06
2.8383e+06
2.8324e+06
2.8233e+06
2.815e+06
2.8099e+06
2.8078e+06
2.8062e+06
2.8016e+06
2.7911e+06
2.7743e+06
2.7533e+06
2.7326e+06
2.7172e+06
2.7108e+06
2.7145e+06
2.7262e+06
2.7416e+06
2.7559e+06
2.7658e+06
2.7705e+06
2.7719e+06
2.7737e+06
2.7798e+06
2.7918e+06
2.8087e+06
2.8262e+06
2.839e+06
2.8424e+06
2.8346e+06
2.8172e+06
2.7945e+06
2.7718e+06
2.7536e+06
2.7418e+06
2.735e+06
2.7304e+06
2.7246e+06
2.7159e+06
2.7052e+06
2.6957e+06
2.6917e+06
2.6969e+06
2.7122e+06
2.7354e+06
2.7615e+06
2.7846e+06
2.8e+06
2.8059e+06
2.8037e+06
2.7977e+06
2.7925e+06
2.7911e+06
2.7936e+06
2.7971e+06
2.7971e+06
2.7899e+06
2.7741e+06
2.7516e+06
2.727e+06
2.7058e+06
2.6926e+06
2.6891e+06
2.6941e+06
2.7037e+06
2.7139e+06
2.7213e+06
2.7254e+06
2.7277e+06
2.7312e+06
2.7387e+06
2.7509e+06
2.766e+06
2.7803e+06
2.7897e+06
2.7914e+06
2.7852e+06
2.7735e+06
2.7599e+06
2.7479e+06
2.739e+06
2.732e+06
2.7245e+06
2.7137e+06
2.6985e+06
2.6799e+06
2.6615e+06
2.6479e+06
2.6426e+06
2.647e+06
2.659e+06
2.6746e+06
2.689e+06
2.6986e+06
2.7029e+06
2.704e+06
2.7057e+06
2.7113e+06
2.7219e+06
2.7352e+06
2.7464e+06
2.7503e+06
2.7437e+06
2.7267e+06
2.7029e+06
2.6781e+06
2.6577e+06
2.645e+06
2.6395e+06
2.6378e+06
2.6355e+06
2.6295e+06
2.6193e+06
2.6077e+06
2.599e+06
2.5979e+06
2.6064e+06
2.6233e+06
2.6444e+06
2.6641e+06
2.6781e+06
2.6846e+06
2.6853e+06
2.6843e+06
2.6856e+06
2.691e+06
2.6993e+06
2.7063e+06
2.7072e+06
2.6986e+06
2.6808e+06
2.6572e+06
2.6334e+06
2.6144e+06
2.6027e+06
2.5972e+06
2.5941e+06
2.5889e+06
2.579e+06
2.5648e+06
2.5496e+06
2.5388e+06
2.5366e+06
2.545e+06
2.5618e+06
2.5823e+06
2.6008e+06
2.6136e+06
2.6199e+06
2.6224e+06
2.6252e+06
2.632e+06
2.6435e+06
2.6569e+06
2.6671e+06
2.6691e+06
2.6606e+06
2.6429e+06
2.6205e+06
2.5993e+06
2.584e+06
2.576e+06
2.573e+06
2.5708e+06
2.5654e+06
2.5554e+06
2.5425e+06
2.5309e+06
2.5255e+06
2.5291e+06
2.5413e+06
2.5584e+06
2.575e+06
2.5867e+06
2.5921e+06
2.5928e+06
2.5934e+06
2.5984e+06
2.6099e+06
2.6264e+06
2.6434e+06
2.6549e+06
2.657e+06
2.6489e+06
2.6336e+06
2.6162e+06
2.6016e+06
2.5921e+06
2.5866e+06
2.5816e+06
2.5734e+06
2.56e+06
2.5426e+06
2.5249e+06
2.5113e+06
2.5051e+06
2.5065e+06
2.5129e+06
2.5202e+06
2.525e+06
2.5261e+06
2.5253e+06
2.5259e+06
2.5314e+06
2.5427e+06
2.558e+06
2.5728e+06
2.5826e+06
2.5847e+06
2.5797e+06
2.5713e+06
2.5642e+06
2.5618e+06
2.5641e+06
2.568e+06
2.5686e+06
2.5619e+06
2.5466e+06
2.5251e+06
2.5021e+06
2.4826e+06
2.469e+06
2.461e+06
2.4553e+06
2.4481e+06
2.4373e+06
2.4236e+06
2.4106e+06
2.4026e+06
2.403e+06
2.4118e+06
2.4261e+06
2.4411e+06
2.4525e+06
2.4588e+06
2.4615e+06
2.4645e+06
2.4716e+06
2.4841e+06
2.5001e+06
2.5148e+06
2.5231e+06
2.5222e+06
2.5126e+06
2.498e+06
2.4833e+06
2.4724e+06
2.466e+06
2.4613e+06
2.4542e+06
2.4415e+06
2.4228e+06
2.4009e+06
2.3805e+06
2.3659e+06
2.3587e+06
2.3572e+06
2.3575e+06
2.3553e+06
2.3487e+06
2.3386e+06
2.3285e+06
2.3228e+06
2.3245e+06
2.3334e+06
2.3464e+06
2.3594e+06
2.3688e+06
2.3736e+06
2.3755e+06
2.3775e+06
2.382e+06
2.3893e+06
2.3974e+06
2.4029e+06
2.4031e+06
2.3976e+06
2.3886e+06
2.3793e+06
2.3725e+06
2.3684e+06
2.365e+06
2.3589e+06
2.3477e+06
2.3314e+06
2.3127e+06
2.2957e+06
2.2836e+06
2.2769e+06
2.2735e+06
2.2692e+06
2.2609e+06
2.248e+06
2.2331e+06
2.2209e+06
2.2157e+06
2.2193e+06
2.2296e+06
2.2418e+06
2.2507e+06
2.2533e+06
2.2503e+06
2.2459e+06
2.2451e+06
2.2512e+06
2.264e+06
2.2792e+06
2.2914e+06
2.2964e+06
2.2935e+06
2.2859e+06
2.2781e+06
2.274e+06
2.2739e+06
2.2749e+06
2.2722e+06
2.2622e+06
2.2445e+06
2.2225e+06
2.2016e+06
2.186e+06
2.1772e+06
2.1726e+06
2.1675e+06
2.158e+06
2.143e+06
2.1251e+06
2.1092e+06
2.0996e+06
2.0981e+06
2.1027e+06
2.1089e+06
2.1122e+06
2.1106e+06
2.1054e+06
2.1007e+06
2.1005e+06
2.1073e+06
2.1198e+06
2.1343e+06
2.1466e+06
2.1542e+06
2.1577e+06
2.1599e+06
2.164e+06
2.1714e+06
2.1808e+06
2.1885e+06
2.1913e+06
2.1878e+06
2.1796e+06
2.1704e+06
2.1633e+06
2.1593e+06
2.1565e+06
2.151e+06
2.1399e+06
2.1227e+06
2.1019e+06
2.0818e+06
2.066e+06
2.0553e+06
2.0474e+06
2.0383e+06
2.025e+06
2.0074e+06
1.9885e+06
1.9728e+06
1.9641e+06
1.9629e+06
1.966e+06
1.969e+06
1.9681e+06
1.9629e+06
1.9562e+06
1.9531e+06
1.9573e+06
1.9696e+06
1.9865e+06
2.0024e+06
2.0127e+06
2.016e+06
2.0148e+06
2.0141e+06
2.0184e+06
2.0291e+06
2.0438e+06
2.0576e+06
2.0665e+06
2.0693e+06
2.0681e+06
2.0667e+06
2.0679e+06
2.0713e+06
2.0736e+06
2.0703e+06
2.0592e+06
2.0415e+06
2.0216e+06
2.005e+06
1.9948e+06
1.9897e+06
1.9852e+06
1.9758e+06
1.9589e+06
1.9359e+06
1.9116e+06
1.8918e+06
1.8797e+06
1.8745e+06
1.8716e+06
1.8661e+06
1.8551e+06
1.84e+06
1.825e+06
1.8149e+06
1.8124e+06
1.8163e+06
1.8224e+06
1.8263e+06
1.826e+06
1.8227e+06
1.8205e+06
1.823e+06
1.8316e+06
1.8442e+06
1.8565e+06
1.8648e+06
1.8683e+06
1.8691e+06
1.8714e+06
1.8785e+06
1.8903e+06
1.9037e+06
1.9139e+06
1.9178e+06
1.9156e+06
1.9103e+06
1.9064e+06
1.9064e+06
1.9094e+06
1.9121e+06
1.9107e+06
1.9035e+06
1.8922e+06
1.8807e+06
1.8722e+06
1.8675e+06
1.864e+06
1.8576e+06
1.8454e+06
1.8278e+06
1.8082e+06
1.7915e+06
1.7803e+06
1.774e+06
1.7687e+06
1.7598e+06
1.7454e+06
1.7269e+06
1.7087e+06
1.6957e+06
1.6897e+06
1.689e+06
1.6889e+06
1.6852e+06
1.6768e+06
1.6661e+06
1.6575e+06
1.6549e+06
1.6589e+06
1.6661e+06
1.6718e+06
1.6727e+06
1.669e+06
1.6648e+06
1.6649e+06
1.6723e+06
1.6856e+06
1.6997e+06
1.7092e+06
1.7115e+06
1.7085e+06
1.7057e+06
1.7088e+06
1.72e+06
1.7365e+06
1.7523e+06
1.7615e+06
1.7622e+06
1.7569e+06
1.751e+06
1.7491e+06
1.7524e+06
1.7579e+06
1.7608e+06
1.7577e+06
1.7489e+06
1.7381e+06
1.7294e+06
1.725e+06
1.7231e+06
1.7199e+06
1.7117e+06
1.6979e+06
1.6812e+06
1.6657e+06
1.6542e+06
1.6461e+06
1.6381e+06
1.6264e+06
1.6096e+06
1.5899e+06
1.5717e+06
1.5589e+06
1.552e+06
1.5477e+06
1.5414e+06
1.5299e+06
1.514e+06
1.4976e+06
1.4857e+06
1.4806e+06
1.4808e+06
1.4813e+06
1.4776e+06
1.4682e+06
1.4559e+06
1.446e+06
1.4433e+06
1.4484e+06
1.4578e+06
1.4657e+06
1.4678e+06
1.464e+06
1.4584e+06
1.4562e+06
1.4608e+06
1.4709e+06
1.4819e+06
1.4889e+06
1.49e+06
1.4876e+06
1.4868e+06
1.492e+06
1.5038e+06
1.5184e+06
1.5301e+06
1.5353e+06
1.5344e+06
1.5321e+06
1.5337e+06
1.5416e+06
1.554e+06
1.5655e+06
1.5714e+06
1.5706e+06
1.566e+06
1.5628e+06
1.5644e+06
1.5706e+06
1.5771e+06
1.5793e+06
1.5752e+06
1.5669e+06
1.559e+06
1.5554e+06
1.5565e+06
1.5588e+06
1.5575e+06
1.5501e+06
1.5377e+06
1.5247e+06
1.5153e+06
1.5109e+06
1.5086e+06
1.504e+06
1.4937e+06
1.4785e+06
1.4622e+06
1.4494e+06
1.4419e+06
1.4376e+06
1.4313e+06
1.4192e+06
1.4008e+06
1.3798e+06
1.3615e+06
1.3496e+06
1.3435e+06
1.3389e+06
1.3309e+06
1.3172e+06
1.2995e+06
1.2822e+06
1.2696e+06
1.2627e+06
1.259e+06
1.2544e+06
1.2461e+06
1.2341e+06
1.2213e+06
1.2107e+06
1.2038e+06
1.1992e+06
1.1947e+06
1.1888e+06
1.1823e+06
1.178e+06
1.1781e+06
1.1824e+06
1.1881e+06
1.1912e+06
1.1894e+06
1.1836e+06
1.1775e+06
1.175e+06
1.1779e+06
1.1843e+06
1.1903e+06
1.1928e+06
1.1916e+06
1.1899e+06
1.1919e+06
1.1995e+06
1.2112e+06
1.2228e+06
1.2303e+06
1.2328e+06
1.2332e+06
1.2356e+06
1.243e+06
1.2546e+06
1.2664e+06
1.2744e+06
1.277e+06
1.2768e+06
1.2783e+06
1.2848e+06
1.2962e+06
1.3086e+06
1.3176e+06
1.3211e+06
1.3207e+06
1.3205e+06
1.3244e+06
1.3328e+06
1.3429e+06
1.3507e+06
1.3543e+06
1.3547e+06
1.3553e+06
1.3587e+06
1.3646e+06
1.3704e+06
1.3728e+06
1.3709e+06
1.3673e+06
1.366e+06
1.3697e+06
1.3773e+06
1.3844e+06
1.3863e+06
1.3812e+06
1.3715e+06
1.3622e+06
1.3577e+06
1.359e+06
1.3633e+06
1.3665e+06
1.3663e+06
1.3631e+06
1.3594e+06
1.357e+06
1.3554e+06
1.3523e+06
1.3459e+06
1.3366e+06
1.3276e+06
1.3223e+06
1.322e+06
1.3241e+06
1.324e+06
1.3184e+06
1.3075e+06
1.2952e+06
1.2863e+06
1.283e+06
1.2832e+06
1.282e+06
1.2757e+06
1.2641e+06
1.2508e+06
1.2402e+06
1.2345e+06
1.2318e+06
1.2275e+06
1.2182e+06
1.2041e+06
1.189e+06
1.1774e+06
1.1712e+06
1.168e+06
1.1633e+06
1.1539e+06
1.1401e+06
1.1258e+06
1.1151e+06
1.1096e+06
1.1067e+06
1.1023e+06
1.0934e+06
1.0806e+06
1.0671e+06
1.0564e+06
1.0492e+06
1.0432e+06
1.0353e+06
1.0241e+06
1.0112e+06
1.0003e+06
9.9322e+05
9.8888e+05
9.8334e+05
9.7294e+05
9.572e+05
9.3945e+05
9.247e+05
9.1607e+05
9.1238e+05
9.0909e+05
9.018e+05
8.8939e+05
8.7463e+05
8.6202e+05
8.5425e+05
8.5018e+05
8.4583e+05
8.3767e+05
8.2521e+05
8.1129e+05
7.9982e+05
7.926e+05
7.8801e+05
7.8238e+05
7.7307e+05
7.6048e+05
7.4774e+05
7.3819e+05
7.3271e+05
7.2904e+05
7.2367e+05
7.1466e+05
7.03e+05
6.9162e+05
6.8296e+05
6.7693e+05
6.7109e+05
6.6298e+05
6.5228e+05
6.4127e+05
6.3292e+05
6.2822e+05
6.2503e+05
6.1964e+05
6.098e+05
5.967e+05
5.8448e+05
5.772e+05
5.7552e+05
5.7586e+05
5.7313e+05
5.645e+05
5.5147e+05
5.3891e+05
5.3152e+05
5.3005e+05
5.3063e+05
5.2785e+05
5.1883e+05
