1.2474e+06
1.251e+06
1.2523e+06
1.2621e+06
1.2854e+06
1.317e+06
1.3457e+06
1.3626e+06
1.3673e+06
1.3678e+06
1.3748e+06
1.3937e+06
1.4208e+06
1.4467e+06
1.4645e+06
1.4743e+06
1.4829e+06
1.4976e+06
1.5203e+06
1.5459e+06
1.5666e+06
1.5791e+06
1.587e+06
1.5985e+06
1.6197e+06
1.6494e+06
1.6799e+06
1.7027e+06
1.7157e+06
1.724e+06
1.7372e+06
1.7609e+06
1.7928e+06
1.8241e+06
1.8465e+06
1.8581e+06
1.8647e+06
1.8757e+06
1.8964e+06
1.9246e+06
1.9523e+06
1.973e+06
1.9863e+06
1.9982e+06
2.0162e+06
2.0425e+06
2.0722e+06
2.0973e+06
2.1129e+06
2.1217e+06
2.1323e+06
2.1526e+06
2.1834e+06
2.2173e+06
2.2444e+06
2.2594e+06
2.2657e+06
2.2732e+06
2.2907e+06
2.3196e+06
2.3529e+06
2.3805e+06
2.3978e+06
2.4083e+06
2.421e+06
2.4436e+06
2.4759e+06
2.5102e+06
2.537e+06
2.5526e+06
2.5613e+06
2.5726e+06
2.5937e+06
2.6242e+06
2.656e+06
2.6803e+06
2.6937e+06
2.7009e+06
2.7111e+06
2.7308e+06
2.7596e+06
2.7903e+06
2.8155e+06
2.8323e+06
2.8447e+06
2.8588e+06
2.8777e+06
2.8986e+06
2.9149e+06
2.9222e+06
2.923e+06
2.9261e+06
2.9407e+06
2.9692e+06
3.0049e+06
3.036e+06
3.0538e+06
3.0578e+06
3.0558e+06
3.0582e+06
3.0705e+06
3.0901e+06
3.1088e+06
3.12e+06
3.1236e+06
3.1263e+06
3.1359e+06
3.1549e+06
3.1783e+06
3.1966e+06
3.2035e+06
3.1996e+06
3.1924e+06
3.1903e+06
3.197e+06
3.2083e+06
3.216e+06
3.2143e+06
3.2042e+06
3.1927e+06
3.1873e+06
3.1902e+06
3.1966e+06
3.1981e+06
3.1894e+06
3.1722e+06
3.1546e+06
3.1446e+06
3.1446e+06
3.1492e+06
3.1491e+06
3.1372e+06
3.114e+06
3.0865e+06
3.0637e+06
3.05e+06
3.0432e+06
3.0367e+06
3.0247e+06
3.0068e+06
2.9871e+06
2.9707e+06
2.959e+06
2.9486e+06
2.9339e+06
2.9119e+06
2.8852e+06
2.8606e+06
2.8439e+06
2.8352e+06
2.8284e+06
2.8151e+06
2.7905e+06
2.757e+06
2.7234e+06
2.6991e+06
2.6883e+06
2.6866e+06
2.6848e+06
2.6745e+06
2.6537e+06
2.6271e+06
2.6027e+06
2.5862e+06
2.5775e+06
2.5716e+06
2.5631e+06
2.5504e+06
2.5367e+06
2.5273e+06
2.5253e+06
2.5289e+06
2.5325e+06
2.5308e+06
2.5232e+06
2.514e+06
2.5099e+06
2.5153e+06
2.5287e+06
2.5444e+06
2.5561e+06
2.5621e+06
2.5663e+06
2.5756e+06
2.5941e+06
2.6196e+06
2.6441e+06
2.6589e+06
2.661e+06
2.6558e+06
2.6548e+06
2.669e+06
2.7015e+06
2.7449e+06
2.7862e+06
2.8146e+06
2.8281e+06
2.8337e+06
2.843e+06
2.8642e+06
2.8965e+06
2.9313e+06
2.9586e+06
2.9737e+06
2.9806e+06
2.9887e+06
3.0061e+06
3.0339e+06
3.065e+06
3.0894e+06
3.1017e+06
3.1046e+06
3.1071e+06
3.1185e+06
3.1413e+06
3.1686e+06
3.1891e+06
3.1942e+06
3.1836e+06
3.1656e+06
3.1518e+06
3.1496e+06
3.1574e+06
3.1661e+06
3.1664e+06
3.1548e+06
3.1361e+06
3.1196e+06
3.1126e+06
3.1141e+06
3.1159e+06
3.1075e+06
3.0832e+06
3.0464e+06
3.0072e+06
2.9767e+06
2.96e+06
2.9531e+06
2.9464e+06
2.9312e+06
2.9051e+06
2.873e+06
2.8434e+06
2.8225e+06
2.81e+06
2.8004e+06
2.7873e+06
2.768e+06
2.746e+06
2.728e+06
2.7189e+06
2.7181e+06
2.7192e+06
2.7142e+06
2.6993e+06
2.6775e+06
2.6576e+06
2.6493e+06
2.6571e+06
2.6771e+06
2.6997e+06
2.7158e+06
2.7219e+06
2.7225e+06
2.7266e+06
2.7415e+06
2.7682e+06
2.8e+06
2.8272e+06
2.8435e+06
2.8496e+06
2.8533e+06
2.8643e+06
2.8879e+06
2.921e+06
2.9546e+06
2.9792e+06
2.9913e+06
2.9954e+06
3.001e+06
3.0165e+06
3.0433e+06
3.0747e+06
3.1002e+06
3.1124e+06
3.1112e+06
3.1036e+06
3.0991e+06
3.1032e+06
3.1141e+06
3.1236e+06
3.1236e+06
3.1108e+06
3.0893e+06
3.0678e+06
3.0538e+06
3.0485e+06
3.0462e+06
3.0381e+06
3.0186e+06
2.9887e+06
2.9557e+06
2.9286e+06
2.9123e+06
2.9048e+06
2.8979e+06
2.8835e+06
2.858e+06
2.8248e+06
2.7921e+06
2.7683e+06
2.7561e+06
2.7522e+06
2.7493e+06
2.7415e+06
2.7282e+06
2.7149e+06
2.7091e+06
2.7156e+06
2.7329e+06
2.7539e+06
2.7698e+06
2.7757e+06
2.7734e+06
2.7706e+06
2.7764e+06
2.7956e+06
2.8256e+06
2.8582e+06
2.8843e+06
2.8995e+06
2.9067e+06
2.9137e+06
2.9286e+06
2.9543e+06
2.9863e+06
3.0159e+06
3.0351e+06
3.0417e+06
3.0401e+06
3.0386e+06
3.0436e+06
3.056e+06
3.0704e+06
3.0789e+06
3.0765e+06
3.0641e+06
3.0478e+06
3.0352e+06
3.0299e+06
3.0296e+06
3.0272e+06
3.0155e+06
2.9922e+06
2.9614e+06
2.9313e+06
2.9099e+06
2.8996e+06
2.8964e+06
2.8922e+06
2.88e+06
2.858e+06
2.8306e+06
2.806e+06
2.7913e+06
2.7888e+06
2.7949e+06
2.8027e+06
2.8066e+06
2.8056e+06
2.8036e+06
2.8071e+06
2.8209e+06
2.8449e+06
2.874e+06
2.9012e+06
2.9213e+06
2.9343e+06
2.9446e+06
2.9586e+06
2.9803e+06
3.0086e+06
3.0381e+06
3.0622e+06
3.0776e+06
3.086e+06
3.093e+06
3.1047e+06
3.1232e+06
3.1448e+06
3.162e+06
3.1682e+06
3.1611e+06
3.1447e+06
3.1269e+06
3.1149e+06
3.111e+06
3.1109e+06
3.1066e+06
3.0914e+06
3.0638e+06
3.0286e+06
2.9946e+06
2.9699e+06
2.9572e+06
2.9527e+06
2.9485e+06
2.9375e+06
2.9173e+06
2.8915e+06
2.8681e+06
2.855e+06
2.8557e+06
2.8681e+06
2.8854e+06
2.9009e+06
2.9109e+06
2.9169e+06
2.924e+06
2.9381e+06
2.9614e+06
2.9918e+06
3.0233e+06
3.05e+06
3.0691e+06
3.0822e+06
3.094e+06
3.1092e+06
3.1294e+06
3.1519e+06
3.1711e+06
3.1824e+06
3.1843e+06
3.1793e+06
3.172e+06
3.1659e+06
3.1613e+06
3.1547e+06
3.1417e+06
3.12e+06
3.0915e+06
3.062e+06
3.038e+06
3.0232e+06
3.0159e+06
3.0099e+06
2.9982e+06
2.9769e+06
2.9477e+06
2.9181e+06
2.8973e+06
2.8923e+06
2.9036e+06
2.9252e+06
2.9478e+06
2.9637e+06
2.9706e+06
2.9725e+06
2.9777e+06
2.9936e+06
3.0227e+06
3.0605e+06
3.0978e+06
3.1256e+06
3.1396e+06
3.1428e+06
3.1437e+06
3.1514e+06
3.1709e+06
3.1992e+06
3.2275e+06
3.2459e+06
3.2486e+06
3.237e+06
3.2187e+06
3.2029e+06
3.1955e+06
3.1954e+06
3.1953e+06
3.1861e+06
3.1621e+06
3.1248e+06
3.0822e+06
3.0456e+06
3.0239e+06
3.0196e+06
3.0273e+06
3.0375e+06
3.0417e+06
3.0366e+06
3.0257e+06
3.0173e+06
3.0205e+06
3.0396e+06
3.0724e+06
3.1107e+06
3.1447e+06
3.1677e+06
3.1791e+06
3.1843e+06
3.1913e+06
3.2064e+06
3.2305e+06
3.2584e+06
3.282e+06
3.2945e+06
3.294e+06
3.2839e+06
3.2714e+06
3.2625e+06
3.2596e+06
3.2594e+06
3.2556e+06
3.2427e+06
3.2185e+06
3.1861e+06
3.1518e+06
3.1223e+06
3.1014e+06
3.0888e+06
3.0805e+06
3.0724e+06
3.0623e+06
3.0518e+06
3.045e+06
3.0468e+06
3.0595e+06
3.0814e+06
3.1075e+06
3.1318e+06
3.1501e+06
3.1625e+06
3.1727e+06
3.1863e+06
3.207e+06
3.2346e+06
3.2643e+06
3.2888e+06
3.3022e+06
3.3026e+06
3.2931e+06
3.2799e+06
3.2692e+06
3.2638e+06
3.2615e+06
3.2568e+06
3.2442e+06
3.2213e+06
3.1903e+06
3.1577e+06
3.131e+06
3.1152e+06
3.1109e+06
3.1139e+06
3.1179e+06
3.1176e+06
3.1118e+06
3.1036e+06
3.0993e+06
3.1053e+06
3.125e+06
3.1571e+06
3.1958e+06
3.234e+06
3.2662e+06
3.2903e+06
3.3086e+06
3.3251e+06
3.3433e+06
3.3636e+06
3.3824e+06
3.3946e+06
3.3957e+06
3.3844e+06
3.3634e+06
3.3385e+06
3.3152e+06
3.2968e+06
3.283e+06
3.2704e+06
3.2553e+06
3.236e+06
3.2138e+06
3.1931e+06
3.1785e+06
3.1733e+06
3.1773e+06
3.1872e+06
3.1983e+06
3.2071e+06
3.2132e+06
3.2199e+06
3.2325e+06
3.2553e+06
3.2893e+06
3.3299e+06
3.3693e+06
3.3988e+06
3.413e+06
3.412e+06
3.4009e+06
3.388e+06
3.3802e+06
3.3797e+06
3.3832e+06
3.383e+06
3.3718e+06
3.3463e+06
3.3087e+06
3.2665e+06
3.2295e+06
3.2056e+06
3.1978e+06
3.2028e+06
3.2136e+06
3.2227e+06
3.2253e+06
3.2217e+06
3.2168e+06
3.2178e+06
3.2307e+06
3.2577e+06
3.2954e+06
3.3363e+06
3.3725e+06
3.3984e+06
3.4129e+06
3.4197e+06
3.4239e+06
3.4299e+06
3.4381e+06
3.4448e+06
3.4442e+06
3.4316e+06
3.406e+06
3.3711e+06
3.3343e+06
3.3035e+06
3.2846e+06
3.2786e+06
3.282e+06
3.2887e+06
3.2933e+06
3.2932e+06
3.2897e+06
3.2873e+06
3.2918e+06
3.3072e+06
3.3342e+06
3.369e+06
3.4054e+06
3.4371e+06
3.46e+06
3.4739e+06
3.4814e+06
3.4865e+06
3.4919e+06
3.4977e+06
3.5012e+06
3.4985e+06
3.4864e+06
3.4647e+06
3.436e+06
3.4051e+06
3.3769e+06
3.3546e+06
3.339e+06
3.3285e+06
3.321e+06
3.3152e+06
3.3119e+06
3.3138e+06
3.3245e+06
3.3461e+06
3.3785e+06
3.4178e+06
3.4583e+06
3.4936e+06
3.5196e+06
3.5357e+06
3.5443e+06
3.55e+06
3.5564e+06
3.5641e+06
3.5705e+06
3.5705e+06
3.5592e+06
3.5348e+06
3.4996e+06
3.4598e+06
3.424e+06
3.3998e+06
3.3911e+06
3.3971e+06
3.4131e+06
3.4324e+06
3.4494e+06
3.4616e+06
3.4702e+06
3.4794e+06
3.4944e+06
3.5185e+06
3.5513e+06
3.5883e+06
3.6224e+06
3.6463e+06
3.6556e+06
3.6495e+06
3.6314e+06
3.6067e+06
3.5806e+06
3.5564e+06
3.5342e+06
3.5122e+06
3.4883e+06
3.4619e+06
3.4347e+06
3.4104e+06
3.3936e+06
3.3875e+06
3.3933e+06
3.4087e+06
3.4299e+06
3.4522e+06
3.4722e+06
3.4888e+06
3.5035e+06
3.519e+06
3.5379e+06
3.5603e+06
3.5838e+06
3.6036e+06
3.6144e+06
3.6128e+06
3.598e+06
3.5728e+06
3.5423e+06
3.5119e+06
3.4855e+06
3.465e+06
3.4496e+06
3.4378e+06
3.4284e+06
3.4217e+06
3.4197e+06
3.4255e+06
3.4416e+06
3.4684e+06
3.5035e+06
3.5416e+06
3.5758e+06
3.6003e+06
3.6117e+06
3.6102e+06
3.5994e+06
3.5847e+06
3.5713e+06
3.5618e+06
3.5557e+06
3.5499e+06
3.5409e+06
3.5263e+06
3.5064e+06
3.4841e+06
3.4639e+06
3.4503e+06
3.4461e+06
3.4511e+06
3.4629e+06
3.4776e+06
3.4913e+06
3.502e+06
3.5099e+06
3.5174e+06
3.5273e+06
3.5412e+06
3.5582e+06
3.5745e+06
3.5847e+06
3.5841e+06
3.5705e+06
3.5451e+06
3.5129e+06
3.4803e+06
3.4536e+06
3.4364e+06
3.4291e+06
3.4291e+06
3.4323e+06
3.4353e+06
3.4365e+06
3.437e+06
3.44e+06
3.4496e+06
3.4682e+06
3.4955e+06
3.5272e+06
3.5571e+06
3.5782e+06
3.5861e+06
3.58e+06
3.5634e+06
3.5421e+06
3.5226e+06
3.5091e+06
3.502e+06
3.4983e+06
3.4934e+06
3.483e+06
3.4657e+06
3.4433e+06
3.4214e+06
3.407e+06
3.4069e+06
3.4242e+06
3.4574e+06
3.4998e+06
3.5418e+06
3.5738e+06
3.5893e+06
3.5867e+06
3.5695e+06
3.5446e+06
3.5197e+06
3.5003e+06
3.4877e+06
3.4792e+06
3.4702e+06
3.4564e+06
3.4362e+06
3.4118e+06
3.3886e+06
3.3738e+06
3.3735e+06
3.3908e+06
3.4242e+06
3.4674e+06
3.5116e+06
3.5476e+06
3.569e+06
3.5737e+06
3.5638e+06
3.545e+06
3.5237e+06
3.505e+06
3.4906e+06
3.4791e+06
3.4671e+06
3.4513e+06
3.4305e+06
3.4065e+06
3.3834e+06
3.3669e+06
3.3619e+06
3.3708e+06
3.3928e+06
3.4233e+06
3.4558e+06
3.4836e+06
3.502e+06
3.5091e+06
3.5066e+06
3.4984e+06
3.4887e+06
3.4806e+06
3.4749e+06
3.4699e+06
3.4631e+06
3.4526e+06
3.4383e+06
3.4226e+06
3.4097e+06
3.4044e+06
3.4102e+06
3.4282e+06
3.4564e+06
3.4899e+06
3.5223e+06
3.5478e+06
3.5627e+06
3.5663e+06
3.5609e+06
3.5508e+06
3.54e+06
3.531e+06
3.5237e+06
3.5158e+06
3.5044e+06
3.4871e+06
3.4639e+06
3.4375e+06
3.4127e+06
3.3951e+06
3.3895e+06
3.3984e+06
3.4207e+06
3.4518e+06
3.4848e+06
3.5125e+06
3.5293e+06
3.5326e+06
3.5234e+06
3.5055e+06
3.4842e+06
3.4643e+06
3.4485e+06
3.4371e+06
3.4284e+06
3.4203e+06
3.4113e+06
3.4012e+06
3.3919e+06
3.3862e+06
3.387e+06
3.3959e+06
3.4127e+06
3.4344e+06
3.4567e+06
3.4743e+06
3.4833e+06
3.482e+06
3.4714e+06
3.4552e+06
3.438e+06
3.4241e+06
3.4156e+06
3.4126e+06
3.413e+06
3.4142e+06
3.4139e+06
3.4114e+06
3.4078e+06
3.406e+06
3.4096e+06
3.4219e+06
3.4436e+06
3.4728e+06
3.5043e+06
3.5311e+06
3.5465e+06
3.5461e+06
3.5288e+06
3.4981e+06
3.4602e+06
3.423e+06
3.3938e+06
3.3772e+06
3.3743e+06
3.3829e+06
3.3985e+06
3.416e+06
3.4311e+06
3.4417e+06
3.4479e+06
3.4518e+06
3.4563e+06
3.4636e+06
3.4737e+06
3.484e+06
3.4901e+06
3.4874e+06
3.4731e+06
3.4471e+06
3.4129e+06
3.3764e+06
3.3452e+06
3.3258e+06
3.3224e+06
3.3355e+06
3.362e+06
3.3954e+06
3.4284e+06
3.4542e+06
3.4682e+06
3.4693e+06
3.4596e+06
3.4433e+06
3.4255e+06
3.4106e+06
3.4008e+06
3.3964e+06
3.3961e+06
3.398e+06
3.4009e+06
3.4048e+06
3.4104e+06
3.4193e+06
3.4326e+06
3.4506e+06
3.4718e+06
3.4929e+06
3.5097e+06
3.5178e+06
3.514e+06
3.4977e+06
3.471e+06
3.4385e+06
3.4062e+06
3.3799e+06
3.3638e+06
3.3597e+06
3.3664e+06
3.3805e+06
3.3977e+06
3.4133e+06
3.4243e+06
3.4291e+06
3.4283e+06
3.4243e+06
3.4196e+06
3.4162e+06
3.4142e+06
3.412e+06
3.4067e+06
3.3955e+06
3.377e+06
3.352e+06
3.3235e+06
3.2963e+06
3.2758e+06
3.2665e+06
3.2711e+06
3.2895e+06
3.3184e+06
3.3519e+06
3.3833e+06
3.4061e+06
3.416e+06
3.4115e+06
3.394e+06
3.3675e+06
3.3373e+06
3.3086e+06
3.2854e+06
3.2701e+06
3.2631e+06
3.2632e+06
3.2687e+06
3.2776e+06
3.2884e+06
3.3003e+06
3.3128e+06
3.3259e+06
3.3385e+06
3.3493e+06
3.3557e+06
3.3552e+06
3.3461e+06
3.3282e+06
3.3033e+06
3.2751e+06
3.2483e+06
3.2282e+06
3.2185e+06
3.2212e+06
3.2357e+06
3.2586e+06
3.2849e+06
3.3085e+06
3.3245e+06
3.3295e+06
3.3229e+06
3.3067e+06
3.285e+06
3.2626e+06
3.2441e+06
3.2323e+06
3.2284e+06
3.2314e+06
3.2393e+06
3.249e+06
3.2581e+06
3.2647e+06
3.2684e+06
3.27e+06
3.2711e+06
3.2731e+06
3.2765e+06
3.2803e+06
3.2824e+06
3.2803e+06
3.2723e+06
3.2579e+06
3.239e+06
3.2186e+06
3.2011e+06
3.1904e+06
3.1897e+06
3.1999e+06
3.2193e+06
3.2438e+06
3.2674e+06
3.2839e+06
3.2882e+06
3.2777e+06
3.2532e+06
3.2187e+06
3.1804e+06
3.1456e+06
3.1208e+06
3.1104e+06
3.1152e+06
3.133e+06
3.1586e+06
3.1852e+06
3.2062e+06
3.2165e+06
3.2133e+06
3.1972e+06
3.1715e+06
3.1412e+06
3.1116e+06
3.0871e+06
3.0702e+06
3.0611e+06
3.0587e+06
3.0605e+06
3.0641e+06
3.0674e+06
3.0691e+06
3.0691e+06
3.068e+06
3.067e+06
3.0669e+06
3.0676e+06
3.0679e+06
3.0655e+06
3.058e+06
3.0441e+06
3.0239e+06
2.9993e+06
2.9741e+06
2.9525e+06
2.9389e+06
2.9362e+06
2.9454e+06
2.965e+06
2.9908e+06
3.0172e+06
3.0379e+06
3.0476e+06
3.0432e+06
3.0246e+06
2.995e+06
2.9596e+06
2.9253e+06
2.8985e+06
2.8839e+06
2.8839e+06
2.8973e+06
2.9205e+06
2.948e+06
2.9735e+06
2.9918e+06
2.9996e+06
2.9961e+06
2.983e+06
2.9638e+06
2.9433e+06
2.9254e+06
2.9132e+06
2.9078e+06
2.9087e+06
2.9138e+06
2.9205e+06
2.9258e+06
2.9278e+06
2.9257e+06
2.9199e+06
2.9122e+06
2.9049e+06
2.9e+06
2.8986e+06
2.9004e+06
2.9043e+06
2.9085e+06
2.9112e+06
2.9114e+06
2.9087e+06
2.9034e+06
2.8968e+06
2.8904e+06
2.886e+06
2.8846e+06
2.8863e+06
2.8902e+06
2.8947e+06
2.8975e+06
2.8973e+06
2.8934e+06
2.8865e+06
2.8782e+06
2.8705e+06
2.8658e+06
2.8655e+06
2.8702e+06
2.8791e+06
2.8897e+06
2.8989e+06
2.9031e+06
2.8997e+06
2.8872e+06
2.8668e+06
2.8412e+06
2.8149e+06
2.7929e+06
2.7798e+06
2.7784e+06
2.7895e+06
2.8112e+06
2.8394e+06
2.8684e+06
2.8922e+06
2.9058e+06
2.9063e+06
2.8934e+06
2.8699e+06
2.8405e+06
2.8114e+06
2.7884e+06
2.7762e+06
2.777e+06
2.79e+06
2.8122e+06
2.8383e+06
2.8623e+06
2.8789e+06
2.8843e+06
2.8772e+06
2.859e+06
2.8336e+06
2.8062e+06
2.7822e+06
2.7663e+06
2.7611e+06
2.7669e+06
2.7817e+06
2.8015e+06
2.8215e+06
2.837e+06
2.8445e+06
2.8427e+06
2.8321e+06
2.8157e+06
2.7976e+06
2.7821e+06
2.7731e+06
2.7726e+06
2.781e+06
2.7966e+06
2.8161e+06
2.8355e+06
2.8507e+06
2.8585e+06
2.8572e+06
2.8471e+06
2.8305e+06
2.811e+06
2.7923e+06
2.7783e+06
2.7711e+06
2.7715e+06
2.779e+06
2.7913e+06
2.8056e+06
2.8188e+06
2.8282e+06
2.8322e+06
2.8306e+06
2.8246e+06
2.8166e+06
2.8095e+06
2.8055e+06
2.8063e+06
2.8122e+06
2.8221e+06
2.8341e+06
2.8457e+06
2.8541e+06
2.8573e+06
2.8541e+06
2.8447e+06
2.8307e+06
2.8147e+06
2.7999e+06
2.7892e+06
2.7844e+06
2.7864e+06
2.7947e+06
2.8075e+06
2.8223e+06
2.8362e+06
2.8464e+06
2.851e+06
2.8493e+06
2.8419e+06
2.8307e+06
2.8184e+06
2.8078e+06
2.8011e+06
2.7998e+06
2.8039e+06
2.8128e+06
2.8248e+06
2.8375e+06
2.8485e+06
2.8558e+06
2.8583e+06
2.8559e+06
2.8501e+06
2.843e+06
2.8374e+06
2.8353e+06
2.8384e+06
2.8469e+06
2.8601e+06
2.8762e+06
2.8925e+06
2.9064e+06
2.9153e+06
2.9175e+06
2.9128e+06
2.9023e+06
2.8886e+06
2.8747e+06
2.8638e+06
2.8585e+06
2.86e+06
2.8683e+06
2.8822e+06
2.8989e+06
2.9153e+06
2.928e+06
2.9343e+06
2.933e+06
2.9247e+06
2.9115e+06
2.897e+06
2.8852e+06
2.8794e+06
2.8817e+06
2.8927e+06
2.9111e+06
2.9338e+06
2.957e+06
2.9763e+06
2.9879e+06
2.9896e+06
2.981e+06
2.964e+06
2.9424e+06
2.921e+06
2.9048e+06
2.8977e+06
2.9018e+06
2.9166e+06
2.9397e+06
2.9666e+06
2.9917e+06
3.0098e+06
3.017e+06
3.0116e+06
2.9944e+06
2.969e+06
2.9406e+06
2.9153e+06
2.8987e+06
2.8947e+06
2.9047e+06
2.9272e+06
2.958e+06
2.9914e+06
3.0209e+06
3.0407e+06
3.047e+06
3.0387e+06
3.0176e+06
2.9879e+06
2.9555e+06
2.9265e+06
2.9063e+06
2.898e+06
2.9023e+06
2.9171e+06
2.9383e+06
2.9604e+06
2.9781e+06
2.9873e+06
2.9859e+06
2.9744e+06
2.9554e+06
2.9332e+06
2.9127e+06
2.8985e+06
2.8934e+06
2.8985e+06
2.9124e+06
2.932e+06
2.9529e+06
2.9707e+06
2.9816e+06
2.9836e+06
2.9764e+06
2.9617e+06
2.9425e+06
2.9222e+06
2.9043e+06
2.8912e+06
2.8842e+06
2.8833e+06
2.8876e+06
2.8952e+06
2.9038e+06
2.9114e+06
2.9166e+06
2.9188e+06
2.9184e+06
2.9161e+06
2.9129e+06
2.9094e+06
2.9057e+06
2.9018e+06
2.8976e+06
2.8933e+06
2.8892e+06
2.8862e+06
2.8848e+06
2.8856e+06
2.8888e+06
2.8944e+06
2.9016e+06
2.9088e+06
2.9142e+06
2.9156e+06
2.9115e+06
2.9016e+06
2.8867e+06
2.8694e+06
2.8527e+06
2.8404e+06
2.8352e+06
2.8392e+06
2.8522e+06
2.8725e+06
2.8967e+06
2.9207e+06
2.9401e+06
2.9516e+06
2.9536e+06
2.9466e+06
2.933e+06
2.9168e+06
2.9025e+06
2.894e+06
2.8939e+06
2.9028e+06
2.9193e+06
2.9403e+06
2.9618e+06
2.9798e+06
2.9912e+06
2.9947e+06
2.9907e+06
2.9811e+06
2.9691e+06
2.9581e+06
2.9505e+06
2.9482e+06
2.9512e+06
2.9587e+06
2.9689e+06
2.9796e+06
2.9891e+06
2.9962e+06
3.0007e+06
3.003e+06
3.0041e+06
3.0046e+06
3.005e+06
3.0046e+06
3.0027e+06
2.9983e+06
2.991e+06
2.9814e+06
2.9708e+06
2.9615e+06
2.9558e+06
2.9559e+06
2.963e+06
2.9769e+06
2.9955e+06
3.0155e+06
3.0325e+06
3.0426e+06
3.0427e+06
3.0322e+06
3.0127e+06
2.9878e+06
2.9625e+06
2.942e+06
2.9304e+06
2.9299e+06
2.9401e+06
2.9584e+06
2.9801e+06
3.0001e+06
3.0138e+06
3.0183e+06
3.013e+06
2.9993e+06
2.9806e+06
2.961e+06
2.944e+06
2.9324e+06
2.927e+06
2.9272e+06
2.9315e+06
2.9377e+06
2.9442e+06
2.9497e+06
2.9544e+06
2.9589e+06
2.9647e+06
2.9727e+06
2.983e+06
2.9942e+06
3.0041e+06
3.0099e+06
3.0097e+06
3.0029e+06
2.9911e+06
2.9772e+06
2.9654e+06
2.9599e+06
2.9637e+06
2.978e+06
3.0012e+06
3.0296e+06
3.0575e+06
3.0793e+06
3.0903e+06
3.088e+06
3.0732e+06
3.0492e+06
3.0215e+06
2.9963e+06
2.9787e+06
2.9719e+06
2.9763e+06
2.9896e+06
3.008e+06
3.0269e+06
3.042e+06
3.0508e+06
3.0526e+06
3.0488e+06
3.0419e+06
3.0348e+06
3.0292e+06
3.0255e+06
3.0224e+06
3.0179e+06
3.0102e+06
2.9987e+06
2.9841e+06
2.969e+06
2.9568e+06
2.9512e+06
2.9547e+06
2.968e+06
2.9893e+06
3.0144e+06
3.0378e+06
3.0539e+06
3.0585e+06
3.05e+06
3.0297e+06
3.0017e+06
2.9717e+06
2.9455e+06
2.9278e+06
2.9211e+06
2.9252e+06
2.9378e+06
2.9553e+06
2.9738e+06
2.9902e+06
3.0029e+06
3.0116e+06
3.0174e+06
3.0218e+06
3.0258e+06
3.0291e+06
3.0306e+06
3.0284e+06
3.0211e+06
3.0086e+06
2.9923e+06
2.9756e+06
2.9624e+06
2.9567e+06
2.9613e+06
2.9767e+06
3.0007e+06
3.029e+06
3.0561e+06
3.0765e+06
3.0864e+06
3.0844e+06
3.0722e+06
3.0534e+06
3.0331e+06
3.016e+06
3.0051e+06
3.0014e+06
3.0033e+06
3.0082e+06
3.0131e+06
3.0159e+06
3.0159e+06
3.0138e+06
3.0118e+06
3.0123e+06
3.0173e+06
3.027e+06
3.0398e+06
3.0526e+06
3.0615e+06
3.0635e+06
3.0572e+06
3.0437e+06
3.0262e+06
3.0088e+06
2.9959e+06
2.9907e+06
2.9939e+06
3.0044e+06
3.0192e+06
3.0346e+06
3.0473e+06
3.0556e+06
3.0592e+06
3.0597e+06
3.0593e+06
3.0601e+06
3.0624e+06
3.0655e+06
3.0668e+06
3.0639e+06
3.0551e+06
3.0403e+06
3.0216e+06
3.0028e+06
2.9881e+06
2.9815e+06
2.9851e+06
2.9982e+06
3.0178e+06
3.0391e+06
3.0566e+06
3.0662e+06
3.0658e+06
3.0561e+06
3.0401e+06
3.022e+06
3.0059e+06
2.994e+06
2.9868e+06
2.9826e+06
2.9791e+06
2.9739e+06
2.9665e+06
2.9575e+06
2.9496e+06
2.9458e+06
2.9491e+06
2.9609e+06
2.98e+06
3.0032e+06
3.0257e+06
3.0423e+06
3.0496e+06
3.0461e+06
3.0334e+06
3.0148e+06
2.995e+06
2.978e+06
2.9664e+06
2.9607e+06
2.9597e+06
2.9612e+06
2.9632e+06
2.9647e+06
2.9659e+06
2.9682e+06
2.9733e+06
2.9825e+06
2.9951e+06
3.0088e+06
3.02e+06
3.0245e+06
3.0196e+06
3.0044e+06
2.981e+06
2.9537e+06
2.9277e+06
2.908e+06
2.8975e+06
2.897e+06
2.9044e+06
2.9163e+06
2.929e+06
2.9397e+06
2.9474e+06
2.9528e+06
2.9576e+06
2.9641e+06
2.9734e+06
2.9848e+06
2.9959e+06
3.0034e+06
3.0041e+06
2.9964e+06
2.981e+06
2.9607e+06
2.9395e+06
2.9215e+06
2.9097e+06
2.905e+06
2.9064e+06
2.9115e+06
2.9175e+06
2.9226e+06
2.9261e+06
2.9291e+06
2.9333e+06
2.9402e+06
2.9501e+06
2.9614e+06
2.9711e+06
2.9754e+06
2.9714e+06
2.9582e+06
2.9376e+06
2.9133e+06
2.8904e+06
2.8733e+06
2.8646e+06
2.8647e+06
2.8714e+06
2.8816e+06
2.8918e+06
2.9004e+06
2.9073e+06
2.9142e+06
2.9236e+06
2.9374e+06
2.9557e+06
2.9758e+06
2.9935e+06
3.0039e+06
3.0032e+06
2.9907e+06
2.9686e+06
2.9417e+06
2.9159e+06
2.8962e+06
2.8852e+06
2.8824e+06
2.8846e+06
2.8878e+06
2.8886e+06
2.8857e+06
2.8801e+06
2.8753e+06
2.8753e+06
2.8833e+06
2.8997e+06
2.9216e+06
2.9436e+06
2.9595e+06
2.9643e+06
2.9562e+06
2.937e+06
2.9117e+06
2.8866e+06
2.8671e+06
2.8563e+06
2.8539e+06
2.8569e+06
2.8612e+06
2.8633e+06
2.8619e+06
2.858e+06
2.8546e+06
2.8551e+06
2.8623e+06
2.8767e+06
2.8959e+06
2.9156e+06
2.9312e+06
2.939e+06
2.9377e+06
2.9284e+06
2.9141e+06
2.8983e+06
2.8834e+06
2.8703e+06
2.858e+06
2.8452e+06
2.831e+06
2.8161e+06
2.8027e+06
2.7943e+06
2.794e+06
2.8037e+06
2.8224e+06
2.8468e+06
2.8718e+06
2.8926e+06
2.9059e+06
2.9109e+06
2.9095e+06
2.9053e+06
2.9019e+06
2.9009e+06
2.9018e+06
2.9018e+06
2.8972e+06
2.8855e+06
2.8666e+06
2.8429e+06
2.8191e+06
2.8002e+06
2.7897e+06
2.7886e+06
2.7951e+06
2.8052e+06
2.8149e+06
2.8211e+06
2.8235e+06
2.8241e+06
2.8263e+06
2.8335e+06
2.8469e+06
2.865e+06
2.8835e+06
2.8971e+06
2.9017e+06
2.8955e+06
2.8803e+06
2.8599e+06
2.8396e+06
2.8234e+06
2.8131e+06
2.8076e+06
2.8043e+06
2.8004e+06
2.7945e+06
2.7873e+06
2.7818e+06
2.7815e+06
2.7894e+06
2.8059e+06
2.8286e+06
2.8528e+06
2.8732e+06
2.8859e+06
2.8895e+06
2.8859e+06
2.879e+06
2.8731e+06
2.8707e+06
2.8715e+06
2.8727e+06
2.8702e+06
2.8608e+06
2.8438e+06
2.8214e+06
2.798e+06
2.779e+06
2.7683e+06
2.7671e+06
2.7739e+06
2.7851e+06
2.7965e+06
2.8053e+06
2.8107e+06
2.8143e+06
2.8188e+06
2.8265e+06
2.838e+06
2.8514e+06
2.8634e+06
2.8702e+06
2.8696e+06
2.8619e+06
2.8495e+06
2.8361e+06
2.825e+06
2.8173e+06
2.8124e+06
2.8078e+06
2.8009e+06
2.7907e+06
2.7783e+06
2.7666e+06
2.7597e+06
2.7604e+06
2.7698e+06
2.7858e+06
2.8047e+06
2.8219e+06
2.8346e+06
2.8419e+06
2.8458e+06
2.8495e+06
2.8558e+06
2.8655e+06
2.8765e+06
2.8847e+06
2.8858e+06
2.8772e+06
2.8591e+06
2.8348e+06
2.8092e+06
2.7869e+06
2.7707e+06
2.7604e+06
2.7538e+06
2.7479e+06
2.7407e+06
2.7326e+06
2.726e+06
2.7245e+06
2.7309e+06
2.7457e+06
2.7667e+06
2.7892e+06
2.8084e+06
2.8208e+06
2.8258e+06
2.8259e+06
2.8251e+06
2.8271e+06
2.833e+06
2.841e+06
2.8469e+06
2.846e+06
2.8359e+06
2.817e+06
2.7929e+06
2.769e+06
2.7497e+06
2.7373e+06
2.7309e+06
2.7272e+06
2.7227e+06
2.7155e+06
2.7064e+06
2.6986e+06
2.6964e+06
2.703e+06
2.7185e+06
2.7402e+06
2.7627e+06
2.7812e+06
2.7924e+06
2.7968e+06
2.7976e+06
2.7995e+06
2.8058e+06
2.8168e+06
2.8292e+06
2.8376e+06
2.8372e+06
2.8259e+06
2.8053e+06
2.7803e+06
2.7569e+06
2.7396e+06
2.7299e+06
2.7258e+06
2.7233e+06
2.7189e+06
2.7112e+06
2.7017e+06
2.6941e+06
2.6923e+06
2.6984e+06
2.7116e+06
2.7282e+06
2.7435e+06
2.7538e+06
2.7584e+06
2.7595e+06
2.7614e+06
2.7681e+06
2.7811e+06
2.798e+06
2.8141e+06
2.8239e+06
2.8239e+06
2.8142e+06
2.7984e+06
2.7819e+06
2.7693e+06
2.7626e+06
2.7601e+06
2.7581e+06
2.7527e+06
2.742e+06
2.7273e+06
2.7123e+06
2.7016e+06
2.6985e+06
2.7034e+06
2.7141e+06
2.7267e+06
2.738e+06
2.7466e+06
2.7537e+06
2.7622e+06
2.7747e+06
2.7918e+06
2.8116e+06
2.8301e+06
2.8432e+06
2.8488e+06
2.8477e+06
2.8432e+06
2.839e+06
2.8378e+06
2.8389e+06
2.8393e+06
2.8347e+06
2.822e+06
2.8011e+06
2.7753e+06
2.7493e+06
2.728e+06
2.7137e+06
2.7056e+06
2.7006e+06
2.6952e+06
2.6874e+06
2.678e+06
2.6702e+06
2.6677e+06
2.673e+06
2.6859e+06
2.7032e+06
2.7207e+06
2.7349e+06
2.7447e+06
2.7521e+06
2.7602e+06
2.772e+06
2.7878e+06
2.8049e+06
2.8186e+06
2.8246e+06
2.8213e+06
2.8102e+06
2.7959e+06
2.7832e+06
2.7749e+06
2.7706e+06
2.7666e+06
2.7585e+06
2.7435e+06
2.722e+06
2.6978e+06
2.6763e+06
2.6618e+06
2.6555e+06
2.6553e+06
2.6569e+06
2.656e+06
2.6508e+06
2.6427e+06
2.6357e+06
2.6341e+06
2.6405e+06
2.6545e+06
2.6726e+06
2.6905e+06
2.7048e+06
2.7147e+06
2.722e+06
2.7295e+06
2.7392e+06
2.7506e+06
2.761e+06
2.7668e+06
2.7658e+06
2.7581e+06
2.7465e+06
2.735e+06
2.7264e+06
2.721e+06
2.7165e+06
2.7094e+06
2.6973e+06
2.6803e+06
2.6611e+06
2.6438e+06
2.6315e+06
2.6247e+06
2.621e+06
2.6167e+06
2.6089e+06
2.5974e+06
2.585e+06
2.5761e+06
2.5749e+06
2.5823e+06
2.5961e+06
2.6111e+06
2.6226e+06
2.6283e+06
2.6292e+06
2.6298e+06
2.6346e+06
2.6462e+06
2.6633e+06
2.6813e+06
2.6948e+06
2.7003e+06
2.698e+06
2.6915e+06
2.6854e+06
2.6828e+06
2.6831e+06
2.6826e+06
2.6767e+06
2.6627e+06
2.6416e+06
2.6179e+06
2.5973e+06
2.5835e+06
2.5764e+06
2.5719e+06
2.5648e+06
2.5511e+06
2.5311e+06
2.5087e+06
2.49e+06
2.4801e+06
2.4804e+06
2.4878e+06
2.497e+06
2.5027e+06
2.5028e+06
2.4991e+06
2.4959e+06
2.4978e+06
2.5069e+06
2.5215e+06
2.5376e+06
2.5508e+06
2.559e+06
2.5634e+06
2.5674e+06
2.5744e+06
2.5854e+06
2.598e+06
2.6079e+06
2.611e+06
2.606e+06
2.5953e+06
2.5831e+06
2.5736e+06
2.5681e+06
2.5645e+06
2.5588e+06
2.5474e+06
2.5298e+06
2.5084e+06
2.4877e+06
2.4711e+06
2.4593e+06
2.4497e+06
2.4386e+06
2.4229e+06
2.4031e+06
2.3827e+06
2.3664e+06
2.3579e+06
2.3572e+06
2.3609e+06
2.364e+06
2.3626e+06
2.3567e+06
2.3495e+06
2.3464e+06
2.3513e+06
2.3645e+06
2.3824e+06
2.3993e+06
2.4106e+06
2.4152e+06
2.4159e+06
2.4174e+06
2.4239e+06
2.4359e+06
2.4504e+06
2.4628e+06
2.4693e+06
2.4697e+06
2.4669e+06
2.4649e+06
2.4661e+06
2.4696e+06
2.4713e+06
2.4667e+06
2.4537e+06
2.434e+06
2.4124e+06
2.394e+06
2.3812e+06
2.3722e+06
2.3619e+06
2.3459e+06
2.3225e+06
2.2945e+06
2.268e+06
2.2485e+06
2.2381e+06
2.2341e+06
2.2308e+06
2.2227e+06
2.2078e+06
2.1887e+06
2.1712e+06
2.1611e+06
2.1606e+06
2.1676e+06
2.1766e+06
2.1825e+06
2.1834e+06
2.1811e+06
2.1805e+06
2.1856e+06
2.1977e+06
2.2138e+06
2.2286e+06
2.2383e+06
2.2421e+06
2.2433e+06
2.2468e+06
2.2562e+06
2.2711e+06
2.2871e+06
2.2986e+06
2.3021e+06
2.2978e+06
2.29e+06
2.2838e+06
2.2823e+06
2.2846e+06
2.2867e+06
2.2842e+06
2.2756e+06
2.2625e+06
2.2492e+06
2.239e+06
2.2325e+06
2.2264e+06
2.2162e+06
2.1994e+06
2.1768e+06
2.153e+06
2.1335e+06
2.1213e+06
2.1147e+06
2.1088e+06
2.0982e+06
2.0802e+06
2.0571e+06
2.0343e+06
2.0175e+06
2.0093e+06
2.0074e+06
2.0066e+06
2.0017e+06
1.9913e+06
1.9781e+06
1.9676e+06
1.9645e+06
1.9699e+06
1.9803e+06
1.9901e+06
1.995e+06
1.9948e+06
1.9933e+06
1.9959e+06
2.0059e+06
2.0219e+06
2.0386e+06
2.0501e+06
2.0535e+06
2.0509e+06
2.0486e+06
2.0527e+06
2.0661e+06
2.0855e+06
2.1044e+06
2.1163e+06
2.1187e+06
2.1145e+06
2.1094e+06
2.1089e+06
2.114e+06
2.1213e+06
2.125e+06
2.1215e+06
2.1111e+06
2.0979e+06
2.0873e+06
2.0819e+06
2.0802e+06
2.0773e+06
2.0687e+06
2.0528e+06
2.0321e+06
2.0112e+06
1.994e+06
1.9809e+06
1.969e+06
1.9545e+06
1.9354e+06
1.9136e+06
1.8931e+06
1.8781e+06
1.8692e+06
1.8634e+06
1.8557e+06
1.8425e+06
1.8239e+06
1.8038e+06
1.7876e+06
1.7785e+06
1.7758e+06
1.775e+06
1.7716e+06
1.7634e+06
1.7525e+06
1.7436e+06
1.7413e+06
1.7466e+06
1.7562e+06
1.765e+06
1.7686e+06
1.7669e+06
1.7635e+06
1.7635e+06
1.7701e+06
1.7824e+06
1.7959e+06
1.8059e+06
1.8103e+06
1.8111e+06
1.8131e+06
1.8206e+06
1.8341e+06
1.8501e+06
1.8634e+06
1.8706e+06
1.8725e+06
1.8734e+06
1.8786e+06
1.8899e+06
1.9049e+06
1.9181e+06
1.9246e+06
1.9237e+06
1.919e+06
1.9163e+06
1.9195e+06
1.9281e+06
1.9375e+06
1.942e+06
1.9391e+06
1.9304e+06
1.9213e+06
1.9164e+06
1.9171e+06
1.9201e+06
1.9202e+06
1.9137e+06
1.9008e+06
1.8852e+06
1.8717e+06
1.8625e+06
1.8562e+06
1.8488e+06
1.8371e+06
1.821e+06
1.8034e+06
1.7885e+06
1.7784e+06
1.7714e+06
1.7635e+06
1.7509e+06
1.7326e+06
1.7111e+06
1.691e+06
1.6756e+06
1.665e+06
1.656e+06
1.6449e+06
1.6295e+06
1.6111e+06
1.5932e+06
1.579e+06
1.5694e+06
1.5624e+06
1.5551e+06
1.5454e+06
1.5335e+06
1.5218e+06
1.5124e+06
1.506e+06
1.501e+06
1.4957e+06
1.489e+06
1.4826e+06
1.479e+06
1.4803e+06
1.4859e+06
1.4926e+06
1.4966e+06
1.4957e+06
1.4911e+06
1.4866e+06
1.486e+06
1.491e+06
1.4995e+06
1.5078e+06
1.5129e+06
1.5149e+06
1.5166e+06
1.522e+06
1.5327e+06
1.5469e+06
1.5607e+06
1.5705e+06
1.5757e+06
1.5793e+06
1.5853e+06
1.5963e+06
1.6111e+06
1.6257e+06
1.6362e+06
1.6415e+06
1.6438e+06
1.6477e+06
1.6563e+06
1.6692e+06
1.683e+06
1.6938e+06
1.6999e+06
1.7031e+06
1.707e+06
1.7147e+06
1.7261e+06
1.7381e+06
1.7473e+06
1.7525e+06
1.7552e+06
1.7588e+06
1.7653e+06
1.7738e+06
1.7809e+06
1.7831e+06
1.7802e+06
1.7752e+06
1.7727e+06
1.7756e+06
1.7832e+06
1.7909e+06
1.794e+06
1.7908e+06
1.7831e+06
1.7757e+06
1.7723e+06
1.7735e+06
1.7769e+06
1.7788e+06
1.7774e+06
1.7737e+06
1.77e+06
1.7676e+06
1.7659e+06
1.7623e+06
1.7553e+06
1.7455e+06
1.7361e+06
1.7304e+06
1.7291e+06
1.7296e+06
1.7276e+06
1.7204e+06
1.7088e+06
1.6966e+06
1.6881e+06
1.6842e+06
1.6824e+06
1.6781e+06
1.6681e+06
1.6534e+06
1.638e+06
1.6264e+06
1.62e+06
1.6161e+06
1.6102e+06
1.5992e+06
1.5838e+06
1.568e+06
1.5557e+06
1.5481e+06
1.5424e+06
1.5342e+06
1.5211e+06
1.5042e+06
1.4875e+06
1.4746e+06
1.4663e+06
1.4597e+06
1.4511e+06
1.4385e+06
1.4234e+06
1.4092e+06
1.3983e+06
1.39e+06
1.3811e+06
1.3687e+06
1.3526e+06
1.336e+06
1.3231e+06
1.3154e+06
1.3105e+06
1.3034e+06
1.2899e+06
1.2704e+06
1.2491e+06
1.2315e+06
1.2205e+06
1.214e+06
1.2071e+06
1.1955e+06
1.1791e+06
1.1615e+06
1.1475e+06
1.139e+06
1.1336e+06
1.1265e+06
1.1144e+06
1.0978e+06
1.0807e+06
1.0674e+06
1.0592e+06
1.0534e+06
1.0455e+06
1.033e+06
1.017e+06
1.0013e+06
9.8961e+05
9.8207e+05
9.7568e+05
9.6667e+05
9.5363e+05
9.3859e+05
9.2529e+05
9.1597e+05
9.0939e+05
9.0188e+05
8.904e+05
8.7526e+05
8.6004e+05
8.4885e+05
8.4282e+05
8.3883e+05
8.3191e+05
8.1916e+05
8.0221e+05
7.8638e+05
7.7681e+05
7.7429e+05
7.7441e+05
7.7089e+05
7.6026e+05
7.443e+05
7.2879e+05
7.1922e+05
7.1647e+05
7.1603e+05
7.1169e+05
7.0022e+05
