1.8302e+06
1.8482e+06
1.8576e+06
1.8692e+06
1.8915e+06
1.923e+06
1.9539e+06
1.9741e+06
1.9817e+06
1.9854e+06
1.9982e+06
2.0273e+06
2.0676e+06
2.1057e+06
2.1301e+06
2.1399e+06
2.1453e+06
2.16e+06
2.1899e+06
2.2287e+06
2.263e+06
2.283e+06
2.291e+06
2.2996e+06
2.3228e+06
2.3643e+06
2.414e+06
2.4558e+06
2.4794e+06
2.4878e+06
2.4955e+06
2.5177e+06
2.5586e+06
2.6083e+06
2.6508e+06
2.6757e+06
2.6857e+06
2.6943e+06
2.7156e+06
2.7539e+06
2.8006e+06
2.8417e+06
2.8687e+06
2.8839e+06
2.8985e+06
2.9231e+06
2.9598e+06
3.0009e+06
3.0363e+06
3.0614e+06
3.0804e+06
3.1028e+06
3.1345e+06
3.1731e+06
3.2099e+06
3.2374e+06
3.2562e+06
3.275e+06
3.3038e+06
3.3457e+06
3.3931e+06
3.4337e+06
3.4594e+06
3.4727e+06
3.4856e+06
3.5101e+06
3.5493e+06
3.5941e+06
3.6306e+06
3.6505e+06
3.658e+06
3.6672e+06
3.6918e+06
3.7347e+06
3.7854e+06
3.8279e+06
3.8522e+06
3.8612e+06
3.8683e+06
3.8874e+06
3.9226e+06
3.9653e+06
4.0017e+06
4.0229e+06
4.0314e+06
4.0384e+06
4.0551e+06
4.0838e+06
4.1166e+06
4.1425e+06
4.156e+06
4.162e+06
4.1714e+06
4.192e+06
4.2219e+06
4.2505e+06
4.2668e+06
4.2686e+06
4.2648e+06
4.2694e+06
4.2907e+06
4.3244e+06
4.3563e+06
4.3725e+06
4.3695e+06
4.357e+06
4.3509e+06
4.362e+06
4.3875e+06
4.4135e+06
4.4256e+06
4.4191e+06
4.4027e+06
4.3918e+06
4.3971e+06
4.4166e+06
4.4371e+06
4.4444e+06
4.4334e+06
4.4115e+06
4.3925e+06
4.3864e+06
4.3916e+06
4.397e+06
4.3907e+06
4.3698e+06
4.3425e+06
4.3227e+06
4.3187e+06
4.3264e+06
4.332e+06
4.3216e+06
4.2912e+06
4.2495e+06
4.2121e+06
4.1908e+06
4.185e+06
4.1835e+06
4.1723e+06
4.1455e+06
4.1083e+06
4.0729e+06
4.049e+06
4.0362e+06
4.0252e+06
4.0047e+06
3.9706e+06
3.929e+06
3.8919e+06
3.8677e+06
3.8552e+06
3.8436e+06
3.8209e+06
3.7825e+06
3.7349e+06
3.6917e+06
3.6642e+06
3.6537e+06
3.6501e+06
3.6401e+06
3.616e+06
3.5809e+06
3.5462e+06
3.5233e+06
3.5155e+06
3.5158e+06
3.5118e+06
3.4954e+06
3.4676e+06
3.4384e+06
3.4196e+06
3.4167e+06
3.4252e+06
3.4341e+06
3.4343e+06
3.4247e+06
3.4128e+06
3.4095e+06
3.4211e+06
3.4446e+06
3.4703e+06
3.4886e+06
3.4969e+06
3.501e+06
3.5108e+06
3.533e+06
3.5658e+06
3.6001e+06
3.6264e+06
3.6417e+06
3.6523e+06
3.6695e+06
3.7015e+06
3.7472e+06
3.796e+06
3.8352e+06
3.8584e+06
3.8703e+06
3.8835e+06
3.9099e+06
3.9525e+06
4.0024e+06
4.045e+06
4.0698e+06
4.0776e+06
4.0798e+06
4.0915e+06
4.121e+06
4.1641e+06
4.2075e+06
4.2379e+06
4.2509e+06
4.2532e+06
4.2576e+06
4.2731e+06
4.2989e+06
4.3244e+06
4.3374e+06
4.3325e+06
4.3155e+06
4.299e+06
4.2944e+06
4.3032e+06
4.3164e+06
4.321e+06
4.3092e+06
4.284e+06
4.2572e+06
4.2414e+06
4.2407e+06
4.2483e+06
4.2504e+06
4.2363e+06
4.2051e+06
4.166e+06
4.1322e+06
4.1115e+06
4.101e+06
4.0893e+06
4.0648e+06
4.0237e+06
3.9733e+06
3.9278e+06
3.8992e+06
3.8898e+06
3.8904e+06
3.8872e+06
3.8704e+06
3.8402e+06
3.8061e+06
3.7803e+06
3.7701e+06
3.7727e+06
3.7783e+06
3.7772e+06
3.7663e+06
3.7516e+06
3.7441e+06
3.7523e+06
3.7764e+06
3.8078e+06
3.8353e+06
3.8522e+06
3.8606e+06
3.8702e+06
3.8911e+06
3.9271e+06
3.9723e+06
4.0149e+06
4.0451e+06
4.0614e+06
4.072e+06
4.0898e+06
4.1236e+06
4.1718e+06
4.2236e+06
4.2652e+06
4.2895e+06
4.2999e+06
4.3086e+06
4.3283e+06
4.3633e+06
4.4061e+06
4.4422e+06
4.4589e+06
4.4535e+06
4.4348e+06
4.4179e+06
4.4144e+06
4.4257e+06
4.4418e+06
4.4493e+06
4.4396e+06
4.4146e+06
4.3851e+06
4.363e+06
4.3538e+06
4.3525e+06
4.3475e+06
4.3283e+06
4.2928e+06
4.2482e+06
4.2066e+06
4.1769e+06
4.159e+06
4.1446e+06
4.1233e+06
4.09e+06
4.049e+06
4.0117e+06
3.9895e+06
3.986e+06
3.9943e+06
4.0013e+06
3.9955e+06
3.9748e+06
3.9479e+06
3.9295e+06
3.9322e+06
3.9577e+06
3.9962e+06
4.0317e+06
4.0521e+06
4.0554e+06
4.0515e+06
4.0555e+06
4.0793e+06
4.123e+06
4.1752e+06
4.22e+06
4.2465e+06
4.2552e+06
4.2579e+06
4.2702e+06
4.302e+06
4.3509e+06
4.4034e+06
4.4436e+06
4.4621e+06
4.4612e+06
4.4525e+06
4.4496e+06
4.4589e+06
4.4762e+06
4.4894e+06
4.4875e+06
4.4671e+06
4.4353e+06
4.4048e+06
4.3861e+06
4.3804e+06
4.3795e+06
4.3707e+06
4.3456e+06
4.3053e+06
4.2596e+06
4.2214e+06
4.1982e+06
4.1877e+06
4.1795e+06
4.162e+06
4.1299e+06
4.0877e+06
4.0478e+06
4.0233e+06
4.0202e+06
4.0337e+06
4.051e+06
4.0592e+06
4.0527e+06
4.0367e+06
4.024e+06
4.0283e+06
4.0557e+06
4.1007e+06
4.1495e+06
4.1879e+06
4.2092e+06
4.2173e+06
4.2243e+06
4.2432e+06
4.2796e+06
4.3281e+06
4.3757e+06
4.4095e+06
4.4242e+06
4.4244e+06
4.4218e+06
4.4274e+06
4.4446e+06
4.4667e+06
4.4812e+06
4.4775e+06
4.4535e+06
4.4167e+06
4.3805e+06
4.3556e+06
4.3447e+06
4.3404e+06
4.3306e+06
4.3059e+06
4.2652e+06
4.2164e+06
4.1716e+06
4.1407e+06
4.1258e+06
4.1204e+06
4.1141e+06
4.099e+06
4.0744e+06
4.0468e+06
4.0265e+06
4.0215e+06
4.0329e+06
4.0547e+06
4.0775e+06
4.0944e+06
4.1045e+06
4.1131e+06
4.1285e+06
4.156e+06
4.1946e+06
4.2372e+06
4.2746e+06
4.3013e+06
4.3183e+06
4.3328e+06
4.3535e+06
4.3847e+06
4.4225e+06
4.4568e+06
4.4764e+06
4.4757e+06
4.4576e+06
4.4328e+06
4.4136e+06
4.4074e+06
4.4122e+06
4.418e+06
4.4129e+06
4.39e+06
4.3511e+06
4.3057e+06
4.2662e+06
4.2408e+06
4.2297e+06
4.225e+06
4.2166e+06
4.1974e+06
4.1682e+06
4.1369e+06
4.1145e+06
4.1096e+06
4.1233e+06
4.1494e+06
4.1775e+06
4.1991e+06
4.2117e+06
4.2199e+06
4.232e+06
4.2555e+06
4.2922e+06
4.3372e+06
4.3815e+06
4.4171e+06
4.4414e+06
4.4578e+06
4.4732e+06
4.493e+06
4.5176e+06
4.5411e+06
4.5548e+06
4.5525e+06
4.5339e+06
4.5054e+06
4.4765e+06
4.455e+06
4.4421e+06
4.4324e+06
4.4174e+06
4.3904e+06
4.3511e+06
4.3063e+06
4.2662e+06
4.2399e+06
4.2301e+06
4.2322e+06
4.2372e+06
4.2371e+06
4.229e+06
4.2171e+06
4.2108e+06
4.2191e+06
4.2462e+06
4.2884e+06
4.3361e+06
4.3784e+06
4.4088e+06
4.4283e+06
4.4441e+06
4.4657e+06
4.4988e+06
4.5414e+06
4.5843e+06
4.6159e+06
4.628e+06
4.6208e+06
4.6019e+06
4.583e+06
4.5735e+06
4.5748e+06
4.5802e+06
4.5788e+06
4.5614e+06
4.5261e+06
4.479e+06
4.4312e+06
4.3938e+06
4.3717e+06
4.3622e+06
4.3569e+06
4.3472e+06
4.3296e+06
4.3076e+06
4.2906e+06
4.2889e+06
4.3083e+06
4.3466e+06
4.3938e+06
4.4376e+06
4.4687e+06
4.4857e+06
4.4953e+06
4.5089e+06
4.5362e+06
4.5794e+06
4.6315e+06
4.6794e+06
4.7105e+06
4.7191e+06
4.7085e+06
4.6896e+06
4.6746e+06
4.6707e+06
4.6759e+06
4.6804e+06
4.6724e+06
4.6445e+06
4.5979e+06
4.5422e+06
4.4914e+06
4.4573e+06
4.4441e+06
4.447e+06
4.4557e+06
4.4602e+06
4.4559e+06
4.4462e+06
4.4407e+06
4.45e+06
4.4803e+06
4.5287e+06
4.5849e+06
4.6349e+06
4.6682e+06
4.6818e+06
4.6821e+06
4.6812e+06
4.6908e+06
4.7156e+06
4.7506e+06
4.7833e+06
4.8002e+06
4.7935e+06
4.7643e+06
4.7225e+06
4.6816e+06
4.6522e+06
4.6372e+06
4.631e+06
4.6233e+06
4.6051e+06
4.5737e+06
4.5345e+06
4.4983e+06
4.4772e+06
4.4784e+06
4.5012e+06
4.5375e+06
4.5758e+06
4.6067e+06
4.6268e+06
4.6402e+06
4.6556e+06
4.6822e+06
4.7239e+06
4.7772e+06
4.832e+06
4.8765e+06
4.9022e+06
4.9074e+06
4.8972e+06
4.8805e+06
4.865e+06
4.8537e+06
4.8437e+06
4.8285e+06
4.8025e+06
4.7642e+06
4.7179e+06
4.672e+06
4.6353e+06
4.6136e+06
4.6071e+06
4.6113e+06
4.6197e+06
4.6279e+06
4.6358e+06
4.6475e+06
4.6696e+06
4.7068e+06
4.759e+06
4.8198e+06
4.8789e+06
4.9257e+06
4.954e+06
4.9642e+06
4.963e+06
4.9595e+06
4.9611e+06
4.969e+06
4.9782e+06
4.9795e+06
4.9653e+06
4.9328e+06
4.8865e+06
4.8361e+06
4.793e+06
4.765e+06
4.7535e+06
4.7537e+06
4.7574e+06
4.7577e+06
4.7526e+06
4.7459e+06
4.746e+06
4.7616e+06
4.7976e+06
4.8517e+06
4.9148e+06
4.9746e+06
5.0201e+06
5.0467e+06
5.057e+06
5.0595e+06
5.0638e+06
5.0759e+06
5.0942e+06
5.1105e+06
5.1138e+06
5.0959e+06
5.0557e+06
5.0001e+06
4.9421e+06
4.8953e+06
4.869e+06
4.8644e+06
4.875e+06
4.8902e+06
4.9003e+06
4.9008e+06
4.8941e+06
4.8884e+06
4.8941e+06
4.919e+06
4.9644e+06
5.0235e+06
5.0846e+06
5.1351e+06
5.1663e+06
5.1768e+06
5.1715e+06
5.1591e+06
5.1476e+06
5.1405e+06
5.1358e+06
5.1274e+06
5.1094e+06
5.0793e+06
5.04e+06
4.9989e+06
4.9651e+06
4.9458e+06
4.9435e+06
4.9554e+06
4.9753e+06
4.9964e+06
5.0145e+06
5.0297e+06
5.046e+06
5.0688e+06
5.1019e+06
5.1446e+06
5.1909e+06
5.2316e+06
5.2575e+06
5.2635e+06
5.2503e+06
5.2245e+06
5.1956e+06
5.1718e+06
5.1566e+06
5.1478e+06
5.1391e+06
5.124e+06
5.0988e+06
5.0657e+06
5.0312e+06
5.0049e+06
4.9952e+06
5.0062e+06
5.0359e+06
5.0774e+06
5.1211e+06
5.1591e+06
5.1874e+06
5.2072e+06
5.2239e+06
5.2435e+06
5.2693e+06
5.2994e+06
5.3267e+06
5.3417e+06
5.3367e+06
5.309e+06
5.2627e+06
5.2069e+06
5.1533e+06
5.1112e+06
5.0851e+06
5.0738e+06
5.0715e+06
5.0718e+06
5.0704e+06
5.0674e+06
5.0669e+06
5.0753e+06
5.0986e+06
5.1385e+06
5.1915e+06
5.2491e+06
5.3007e+06
5.3374e+06
5.3546e+06
5.3536e+06
5.34e+06
5.3211e+06
5.3024e+06
5.2856e+06
5.2684e+06
5.2462e+06
5.216e+06
5.1781e+06
5.1373e+06
5.1019e+06
5.0811e+06
5.0813e+06
5.1039e+06
5.1445e+06
5.1941e+06
5.2423e+06
5.2807e+06
5.3056e+06
5.3187e+06
5.3257e+06
5.3333e+06
5.3459e+06
5.3627e+06
5.3779e+06
5.3835e+06
5.3724e+06
5.3421e+06
5.296e+06
5.2424e+06
5.1923e+06
5.1553e+06
5.1366e+06
5.1361e+06
5.1488e+06
5.1677e+06
5.1868e+06
5.2033e+06
5.2187e+06
5.2375e+06
5.265e+06
5.3041e+06
5.3526e+06
5.4031e+06
5.445e+06
5.468e+06
5.466e+06
5.4393e+06
5.3946e+06
5.3428e+06
5.2951e+06
5.2598e+06
5.2397e+06
5.2325e+06
5.2327e+06
5.2344e+06
5.2346e+06
5.2335e+06
5.2349e+06
5.2441e+06
5.2651e+06
5.299e+06
5.342e+06
5.3866e+06
5.4237e+06
5.4459e+06
5.4497e+06
5.4365e+06
5.4122e+06
5.3839e+06
5.3574e+06
5.3352e+06
5.3159e+06
5.2959e+06
5.2719e+06
5.2435e+06
5.2139e+06
5.19e+06
5.1798e+06
5.1902e+06
5.2239e+06
5.2774e+06
5.342e+06
5.4053e+06
5.4555e+06
5.4846e+06
5.4904e+06
5.4772e+06
5.4533e+06
5.4279e+06
5.4073e+06
5.3927e+06
5.3808e+06
5.3654e+06
5.3417e+06
5.3087e+06
5.2701e+06
5.234e+06
5.2106e+06
5.2082e+06
5.2307e+06
5.2755e+06
5.3335e+06
5.3921e+06
5.4384e+06
5.4636e+06
5.465e+06
5.4467e+06
5.4177e+06
5.3881e+06
5.3656e+06
5.3522e+06
5.3443e+06
5.3349e+06
5.3172e+06
5.288e+06
5.249e+06
5.207e+06
5.1719e+06
5.1536e+06
5.1589e+06
5.1885e+06
5.2369e+06
5.2933e+06
5.345e+06
5.3813e+06
5.3962e+06
5.3896e+06
5.367e+06
5.3365e+06
5.3062e+06
5.2806e+06
5.2601e+06
5.2418e+06
5.2217e+06
5.1975e+06
5.1701e+06
5.144e+06
5.1259e+06
5.123e+06
5.1397e+06
5.1761e+06
5.2267e+06
5.2817e+06
5.3299e+06
5.3614e+06
5.3707e+06
5.3582e+06
5.3292e+06
5.2925e+06
5.2566e+06
5.2269e+06
5.2048e+06
5.1877e+06
5.1711e+06
5.1515e+06
5.1279e+06
5.1029e+06
5.0822e+06
5.073e+06
5.0818e+06
5.1111e+06
5.1584e+06
5.2151e+06
5.2694e+06
5.3086e+06
5.3234e+06
5.3104e+06
5.2726e+06
5.2185e+06
5.1595e+06
5.1062e+06
5.0661e+06
5.0416e+06
5.0305e+06
5.0282e+06
5.0298e+06
5.0321e+06
5.0344e+06
5.0389e+06
5.0492e+06
5.0687e+06
5.0979e+06
5.1335e+06
5.1682e+06
5.1926e+06
5.1983e+06
5.1803e+06
5.1394e+06
5.0816e+06
5.0173e+06
4.9584e+06
4.9149e+06
4.8929e+06
4.8931e+06
4.9112e+06
4.9397e+06
4.9702e+06
4.9959e+06
5.0131e+06
5.0218e+06
5.0248e+06
5.0258e+06
5.0274e+06
5.0294e+06
5.0287e+06
5.021e+06
5.0022e+06
4.9711e+06
4.9306e+06
4.8865e+06
4.8473e+06
4.8212e+06
4.8137e+06
4.8266e+06
4.8563e+06
4.8953e+06
4.934e+06
4.9628e+06
4.9754e+06
4.9695e+06
4.9477e+06
4.916e+06
4.8814e+06
4.85e+06
4.8245e+06
4.8046e+06
4.7873e+06
4.7692e+06
4.7484e+06
4.7247e+06
4.701e+06
4.6814e+06
4.6711e+06
4.6737e+06
4.6898e+06
4.716e+06
4.745e+06
4.7672e+06
4.7737e+06
4.7588e+06
4.7218e+06
4.6675e+06
4.6052e+06
4.5461e+06
4.5004e+06
4.4748e+06
4.4711e+06
4.4858e+06
4.5118e+06
4.5406e+06
4.5642e+06
4.5776e+06
4.5791e+06
4.5711e+06
4.5581e+06
4.5449e+06
4.5341e+06
4.5253e+06
4.5151e+06
4.4989e+06
4.4729e+06
4.4365e+06
4.3924e+06
4.3467e+06
4.3073e+06
4.2819e+06
4.2758e+06
4.2903e+06
4.3215e+06
4.3611e+06
4.3981e+06
4.422e+06
4.4253e+06
4.4055e+06
4.3656e+06
4.3134e+06
4.2593e+06
4.2135e+06
4.183e+06
4.1708e+06
4.1748e+06
4.1895e+06
4.208e+06
4.2233e+06
4.2308e+06
4.229e+06
4.2195e+06
4.2064e+06
4.1942e+06
4.1859e+06
4.1815e+06
4.1779e+06
4.1702e+06
4.154e+06
4.1269e+06
4.0902e+06
4.0486e+06
4.0091e+06
3.9795e+06
3.9664e+06
3.9727e+06
3.997e+06
4.033e+06
4.071e+06
4.1002e+06
4.1115e+06
4.0997e+06
4.0648e+06
4.0122e+06
3.951e+06
3.8921e+06
3.8449e+06
3.8154e+06
3.8052e+06
3.8109e+06
3.8261e+06
3.843e+06
3.8545e+06
3.8559e+06
3.8459e+06
3.8268e+06
3.8031e+06
3.7803e+06
3.7621e+06
3.7496e+06
3.7408e+06
3.7319e+06
3.7187e+06
3.6988e+06
3.6719e+06
3.6404e+06
3.6085e+06
3.5818e+06
3.5652e+06
3.5615e+06
3.5704e+06
3.5874e+06
3.6051e+06
3.6153e+06
3.6108e+06
3.588e+06
3.5481e+06
3.4963e+06
3.4414e+06
3.3932e+06
3.3603e+06
3.3478e+06
3.3561e+06
3.3807e+06
3.4135e+06
3.4445e+06
3.4647e+06
3.468e+06
3.4523e+06
3.4204e+06
3.3785e+06
3.335e+06
3.2979e+06
3.2725e+06
3.2611e+06
3.262e+06
3.2711e+06
3.2832e+06
3.2933e+06
3.2979e+06
3.2954e+06
3.2869e+06
3.2752e+06
3.264e+06
3.256e+06
3.252e+06
3.2507e+06
3.2489e+06
3.2431e+06
3.2312e+06
3.2128e+06
3.1897e+06
3.1656e+06
3.1453e+06
3.133e+06
3.1317e+06
3.1417e+06
3.1604e+06
3.1823e+06
3.2003e+06
3.2079e+06
3.2008e+06
3.1782e+06
3.1434e+06
3.1027e+06
3.0642e+06
3.0361e+06
3.0241e+06
3.0305e+06
3.0532e+06
3.0862e+06
3.1209e+06
3.1483e+06
3.161e+06
3.1554e+06
3.1317e+06
3.0949e+06
3.0527e+06
3.0141e+06
2.987e+06
2.9761e+06
2.9825e+06
3.003e+06
3.0319e+06
3.0621e+06
3.0863e+06
3.0991e+06
3.098e+06
3.0837e+06
3.0599e+06
3.0326e+06
3.0077e+06
2.9898e+06
2.9806e+06
2.9792e+06
2.9829e+06
2.9884e+06
2.9928e+06
2.9942e+06
2.9921e+06
2.9876e+06
2.9828e+06
2.9806e+06
2.9832e+06
2.9917e+06
3.0049e+06
3.0194e+06
3.0313e+06
3.0367e+06
3.0335e+06
3.0217e+06
3.0036e+06
2.9833e+06
2.9657e+06
2.9553e+06
2.9555e+06
2.9672e+06
2.9881e+06
3.0135e+06
3.0367e+06
3.0511e+06
3.0521e+06
3.0381e+06
3.0112e+06
2.9764e+06
2.9406e+06
2.9111e+06
2.8944e+06
2.894e+06
2.9099e+06
2.9385e+06
2.9727e+06
3.0041e+06
3.0249e+06
3.0293e+06
3.0156e+06
2.9862e+06
2.947e+06
2.9065e+06
2.8734e+06
2.8549e+06
2.8553e+06
2.8743e+06
2.9078e+06
2.9481e+06
2.9864e+06
3.0142e+06
3.0255e+06
3.018e+06
2.9935e+06
2.9578e+06
2.9188e+06
2.8853e+06
2.8647e+06
2.8611e+06
2.875e+06
2.903e+06
2.9384e+06
2.9734e+06
3.0004e+06
3.0138e+06
3.0111e+06
2.9938e+06
2.9668e+06
2.937e+06
2.9122e+06
2.8986e+06
2.8997e+06
2.9157e+06
2.9433e+06
2.9771e+06
3.0105e+06
3.037e+06
3.0518e+06
3.053e+06
3.0418e+06
3.0225e+06
3.0011e+06
2.9846e+06
2.9781e+06
2.9846e+06
3.004e+06
3.0334e+06
3.0677e+06
3.1011e+06
3.1278e+06
3.1434e+06
3.1459e+06
3.1359e+06
3.1168e+06
3.094e+06
3.0735e+06
3.0605e+06
3.058e+06
3.0667e+06
3.085e+06
3.1095e+06
3.1357e+06
3.1591e+06
3.1761e+06
3.1845e+06
3.1842e+06
3.1775e+06
3.1682e+06
3.1608e+06
3.1593e+06
3.1659e+06
3.1809e+06
3.2027e+06
3.2281e+06
3.2534e+06
3.2746e+06
3.2885e+06
3.2931e+06
3.2885e+06
3.2768e+06
3.2618e+06
3.2482e+06
3.2401e+06
3.2402e+06
3.2494e+06
3.2667e+06
3.2895e+06
3.3143e+06
3.3374e+06
3.3552e+06
3.3654e+06
3.3671e+06
3.3618e+06
3.3525e+06
3.3437e+06
3.3396e+06
3.3435e+06
3.3567e+06
3.3784e+06
3.4061e+06
3.436e+06
3.4637e+06
3.4847e+06
3.4957e+06
3.495e+06
3.4832e+06
3.4634e+06
3.4406e+06
3.4205e+06
3.4082e+06
3.4071e+06
3.4184e+06
3.4408e+06
3.4709e+06
3.5038e+06
3.534e+06
3.556e+06
3.5658e+06
3.5616e+06
3.5446e+06
3.5188e+06
3.4902e+06
3.4651e+06
3.4492e+06
3.446e+06
3.4565e+06
3.4789e+06
3.5091e+06
3.5413e+06
3.5693e+06
3.5873e+06
3.5916e+06
3.5813e+06
3.5591e+06
3.5298e+06
3.5003e+06
3.4774e+06
3.4664e+06
3.4702e+06
3.4887e+06
3.5185e+06
3.554e+06
3.5882e+06
3.6139e+06
3.6257e+06
3.6209e+06
3.6006e+06
3.5691e+06
3.5335e+06
3.5015e+06
3.4805e+06
3.4751e+06
3.4871e+06
3.5144e+06
3.5516e+06
3.5915e+06
3.6258e+06
3.6476e+06
3.6524e+06
3.6392e+06
3.6109e+06
3.5737e+06
3.5356e+06
3.5049e+06
3.488e+06
3.4884e+06
3.5059e+06
3.5363e+06
3.5727e+06
3.6071e+06
3.6315e+06
3.6406e+06
3.6321e+06
3.6075e+06
3.5718e+06
3.5324e+06
3.4972e+06
3.4733e+06
3.4653e+06
3.4747e+06
3.499e+06
3.5332e+06
3.57e+06
3.6022e+06
3.6239e+06
3.6315e+06
3.6248e+06
3.6067e+06
3.5819e+06
3.5562e+06
3.5352e+06
3.5228e+06
3.5214e+06
3.5308e+06
3.5489e+06
3.5719e+06
3.5956e+06
3.6157e+06
3.6293e+06
3.6355e+06
3.6349e+06
3.6293e+06
3.6208e+06
3.6117e+06
3.6033e+06
3.5971e+06
3.5941e+06
3.5954e+06
3.6016e+06
3.6131e+06
3.6294e+06
3.65e+06
3.6738e+06
3.6995e+06
3.725e+06
3.7476e+06
3.7643e+06
3.772e+06
3.7692e+06
3.7561e+06
3.7355e+06
3.7118e+06
3.6909e+06
3.6782e+06
3.678e+06
3.6921e+06
3.7195e+06
3.7562e+06
3.796e+06
3.8313e+06
3.8548e+06
3.8614e+06
3.849e+06
3.82e+06
3.7799e+06
3.7373e+06
3.7011e+06
3.6794e+06
3.677e+06
3.6949e+06
3.7298e+06
3.7747e+06
3.8205e+06
3.8583e+06
3.8808e+06
3.8842e+06
3.8688e+06
3.8389e+06
3.8016e+06
3.765e+06
3.7365e+06
3.7213e+06
3.7215e+06
3.7357e+06
3.7601e+06
3.789e+06
3.8165e+06
3.8375e+06
3.8492e+06
3.8512e+06
3.8451e+06
3.8342e+06
3.8215e+06
3.8091e+06
3.7981e+06
3.7884e+06
3.7795e+06
3.7717e+06
3.7653e+06
3.7616e+06
3.762e+06
3.7681e+06
3.7805e+06
3.7992e+06
3.8223e+06
3.8462e+06
3.8663e+06
3.8775e+06
3.8761e+06
3.8612e+06
3.8348e+06
3.802e+06
3.77e+06
3.7465e+06
3.7375e+06
3.7465e+06
3.7729e+06
3.8122e+06
3.8571e+06
3.8986e+06
3.9285e+06
3.941e+06
3.9341e+06
3.91e+06
3.8745e+06
3.8354e+06
3.8008e+06
3.7772e+06
3.7684e+06
3.7746e+06
3.7934e+06
3.8201e+06
3.8495e+06
3.8764e+06
3.8972e+06
3.9105e+06
3.9165e+06
3.9171e+06
3.9141e+06
3.9085e+06
3.9001e+06
3.8879e+06
3.871e+06
3.8495e+06
3.8254e+06
3.8023e+06
3.7846e+06
3.7769e+06
3.7827e+06
3.803e+06
3.8361e+06
3.8771e+06
3.9187e+06
3.9529e+06
3.9726e+06
3.9734e+06
3.9549e+06
3.921e+06
3.8786e+06
3.8365e+06
3.8031e+06
3.7848e+06
3.7843e+06
3.8009e+06
3.8306e+06
3.8674e+06
3.905e+06
3.9378e+06
3.9628e+06
3.9791e+06
3.9882e+06
3.9927e+06
3.9946e+06
3.9951e+06
3.9938e+06
3.9895e+06
3.9813e+06
3.9695e+06
3.9559e+06
3.9439e+06
3.9375e+06
3.9405e+06
3.955e+06
3.9811e+06
4.0156e+06
4.053e+06
4.0862e+06
4.1082e+06
4.1141e+06
4.1022e+06
4.0748e+06
4.0375e+06
3.9979e+06
3.9638e+06
3.9412e+06
3.9335e+06
3.9404e+06
3.9589e+06
3.9841e+06
4.0108e+06
4.0345e+06
4.053e+06
4.0659e+06
4.0749e+06
4.0818e+06
4.0879e+06
4.093e+06
4.0952e+06
4.0918e+06
4.0812e+06
4.0634e+06
4.0408e+06
4.0179e+06
4.0005e+06
3.9941e+06
4.0023e+06
4.0256e+06
4.061e+06
4.1021e+06
4.1409e+06
4.1696e+06
4.1826e+06
4.178e+06
4.1578e+06
4.1274e+06
4.0938e+06
4.0638e+06
4.042e+06
4.0304e+06
4.0281e+06
4.0324e+06
4.0403e+06
4.0493e+06
4.0583e+06
4.0683e+06
4.0811e+06
4.099e+06
4.1227e+06
4.1502e+06
4.1769e+06
4.1961e+06
4.2016e+06
4.1894e+06
4.1594e+06
4.1162e+06
4.0678e+06
4.0238e+06
3.9936e+06
3.983e+06
3.9939e+06
4.0232e+06
4.0639e+06
4.1076e+06
4.1462e+06
4.1744e+06
4.1902e+06
4.1956e+06
4.1944e+06
4.1914e+06
4.1892e+06
4.1881e+06
4.1858e+06
4.1791e+06
4.1657e+06
4.1459e+06
4.1225e+06
4.1011e+06
4.0882e+06
4.0892e+06
4.1073e+06
4.1418e+06
4.1877e+06
4.2375e+06
4.2824e+06
4.3152e+06
4.3319e+06
4.3326e+06
4.321e+06
4.3028e+06
4.2837e+06
4.2673e+06
4.2543e+06
4.243e+06
4.2307e+06
4.2155e+06
4.1972e+06
4.1786e+06
4.1641e+06
4.1594e+06
4.1688e+06
4.1938e+06
4.2314e+06
4.2746e+06
4.3141e+06
4.3406e+06
4.348e+06
4.335e+06
4.3054e+06
4.267e+06
4.2295e+06
4.2011e+06
4.1865e+06
4.1862e+06
4.1966e+06
4.2122e+06
4.2277e+06
4.2398e+06
4.2482e+06
4.2555e+06
4.2658e+06
4.2828e+06
4.3077e+06
4.3377e+06
4.3665e+06
4.3862e+06
4.3899e+06
4.3747e+06
4.3423e+06
4.2992e+06
4.2548e+06
4.2185e+06
4.1973e+06
4.1936e+06
4.2052e+06
4.2266e+06
4.2509e+06
4.2723e+06
4.2877e+06
4.2974e+06
4.3046e+06
4.3137e+06
4.3278e+06
4.3468e+06
4.3674e+06
4.3833e+06
4.3885e+06
4.3789e+06
4.3549e+06
4.3209e+06
4.2843e+06
4.2537e+06
4.2357e+06
4.2335e+06
4.246e+06
4.269e+06
4.2964e+06
4.3228e+06
4.3452e+06
4.3633e+06
4.3796e+06
4.3974e+06
4.4188e+06
4.4427e+06
4.465e+06
4.4791e+06
4.4789e+06
4.4611e+06
4.4268e+06
4.3818e+06
4.3349e+06
4.2959e+06
4.2722e+06
4.267e+06
4.2788e+06
4.3023e+06
4.3303e+06
4.3566e+06
4.3774e+06
4.3922e+06
4.4036e+06
4.4156e+06
4.4311e+06
4.4505e+06
4.471e+06
4.4873e+06
4.4941e+06
4.488e+06
4.4692e+06
4.4414e+06
4.4109e+06
4.3841e+06
4.3658e+06
4.3578e+06
4.3586e+06
4.3648e+06
4.373e+06
4.381e+06
4.3891e+06
4.3997e+06
4.4162e+06
4.4408e+06
4.4728e+06
4.5077e+06
4.5382e+06
4.5564e+06
4.5566e+06
4.5374e+06
4.5025e+06
4.4595e+06
4.4178e+06
4.3853e+06
4.3663e+06
4.3603e+06
4.3631e+06
4.3692e+06
4.3741e+06
4.3763e+06
4.3773e+06
4.3812e+06
4.3926e+06
4.4143e+06
4.4458e+06
4.4823e+06
4.5162e+06
4.5399e+06
4.5482e+06
4.5402e+06
4.5196e+06
4.493e+06
4.4675e+06
4.4479e+06
4.4353e+06
4.4273e+06
4.4197e+06
4.4091e+06
4.3948e+06
4.3792e+06
4.3674e+06
4.3654e+06
4.378e+06
4.4061e+06
4.4469e+06
4.4939e+06
4.5392e+06
4.576e+06
4.6006e+06
4.6128e+06
4.6156e+06
4.6127e+06
4.6066e+06
4.5975e+06
4.5833e+06
4.5609e+06
4.5287e+06
4.488e+06
4.4433e+06
4.4015e+06
4.3696e+06
4.3526e+06
4.3516e+06
4.3643e+06
4.3856e+06
4.4099e+06
4.4334e+06
4.4552e+06
4.4769e+06
4.5018e+06
4.5319e+06
4.5665e+06
4.6014e+06
4.6295e+06
4.644e+06
4.641e+06
4.6209e+06
4.5891e+06
4.5537e+06
4.5226e+06
4.5004e+06
4.4873e+06
4.4792e+06
4.4705e+06
4.4567e+06
4.4372e+06
4.4154e+06
4.3978e+06
4.3919e+06
4.4027e+06
4.4304e+06
4.47e+06
4.5127e+06
4.5491e+06
4.5726e+06
4.5819e+06
4.5803e+06
4.5746e+06
4.5714e+06
4.5741e+06
4.5811e+06
4.5869e+06
4.585e+06
4.5714e+06
4.5467e+06
4.5162e+06
4.4884e+06
4.4716e+06
4.4705e+06
4.4844e+06
4.5077e+06
4.5326e+06
4.5519e+06
4.5626e+06
4.5662e+06
4.5687e+06
4.5767e+06
4.5948e+06
4.6224e+06
4.6533e+06
4.6785e+06
4.6896e+06
4.6826e+06
4.6592e+06
4.6262e+06
4.5926e+06
4.5655e+06
4.5473e+06
4.5354e+06
4.5239e+06
4.5072e+06
4.4833e+06
4.4553e+06
4.43e+06
4.4163e+06
4.4205e+06
4.444e+06
4.482e+06
4.5254e+06
4.5645e+06
4.5927e+06
4.6087e+06
4.6171e+06
4.6253e+06
4.6398e+06
4.6625e+06
4.6891e+06
4.7108e+06
4.7183e+06
4.7065e+06
4.6767e+06
4.6364e+06
4.5965e+06
4.567e+06
4.5521e+06
4.5498e+06
4.5529e+06
4.5528e+06
4.5445e+06
4.5281e+06
4.5099e+06
4.4989e+06
4.5036e+06
4.5273e+06
4.5664e+06
4.6114e+06
4.6511e+06
4.6768e+06
4.6859e+06
4.6827e+06
4.6758e+06
4.6741e+06
4.682e+06
4.6973e+06
4.7119e+06
4.716e+06
4.703e+06
4.6724e+06
4.6302e+06
4.5861e+06
4.5498e+06
4.5267e+06
4.5163e+06
4.5133e+06
4.5113e+06
4.5062e+06
4.4985e+06
4.4928e+06
4.496e+06
4.513e+06
4.5439e+06
4.5831e+06
4.6216e+06
4.6506e+06
4.6653e+06
4.6675e+06
4.6642e+06
4.6641e+06
4.6732e+06
4.691e+06
4.7102e+06
4.7203e+06
4.7126e+06
4.6843e+06
4.6399e+06
4.5896e+06
4.5444e+06
4.5118e+06
4.492e+06
4.4792e+06
4.4648e+06
4.443e+06
4.4134e+06
4.3825e+06
4.3604e+06
4.3573e+06
4.3775e+06
4.4175e+06
4.4669e+06
4.5127e+06
4.5451e+06
4.5607e+06
4.5644e+06
4.5659e+06
4.5753e+06
4.5974e+06
4.6287e+06
4.659e+06
4.6764e+06
4.6727e+06
4.6475e+06
4.6076e+06
4.564e+06
4.5268e+06
4.4998e+06
4.4801e+06
4.4599e+06
4.4318e+06
4.3931e+06
4.3476e+06
4.3043e+06
4.2733e+06
4.2612e+06
4.2678e+06
4.2866e+06
4.3076e+06
4.3227e+06
4.3286e+06
4.3288e+06
4.3309e+06
4.343e+06
4.3685e+06
4.4047e+06
4.4427e+06
4.4723e+06
4.4865e+06
4.4846e+06
4.4722e+06
4.458e+06
4.4491e+06
4.4469e+06
4.4468e+06
4.4405e+06
4.4209e+06
4.386e+06
4.3398e+06
4.2909e+06
4.2481e+06
4.2167e+06
4.1961e+06
4.1812e+06
4.1657e+06
4.1463e+06
4.1242e+06
4.1053e+06
4.097e+06
4.1044e+06
4.1273e+06
4.1599e+06
4.1936e+06
4.2207e+06
4.2384e+06
4.2492e+06
4.2597e+06
4.2767e+06
4.3026e+06
4.3343e+06
4.3638e+06
4.3826e+06
4.3858e+06
4.3742e+06
4.3537e+06
4.3318e+06
4.3135e+06
4.2988e+06
4.2831e+06
4.2603e+06
4.2274e+06
4.1863e+06
4.1435e+06
4.1073e+06
4.0832e+06
4.0713e+06
4.0661e+06
4.0598e+06
4.047e+06
4.0271e+06
4.006e+06
3.9927e+06
3.9956e+06
4.0172e+06
4.053e+06
4.093e+06
4.1267e+06
4.148e+06
4.1577e+06
4.1628e+06
4.1726e+06
4.1927e+06
4.2222e+06
4.2528e+06
4.2742e+06
4.2786e+06
4.2653e+06
4.2405e+06
4.2144e+06
4.1952e+06
4.1847e+06
4.1777e+06
4.1651e+06
4.1396e+06
4.0996e+06
4.0508e+06
4.0028e+06
3.9646e+06
3.9396e+06
3.9244e+06
3.9112e+06
3.8926e+06
3.8663e+06
3.8368e+06
3.8133e+06
3.8051e+06
3.8163e+06
3.8434e+06
3.8762e+06
3.9037e+06
3.9189e+06
3.9227e+06
3.9234e+06
3.9317e+06
3.9553e+06
3.9936e+06
4.0377e+06
4.0749e+06
4.0952e+06
4.096e+06
4.0832e+06
4.0673e+06
4.0579e+06
4.0577e+06
4.0615e+06
4.0597e+06
4.0438e+06
4.0122e+06
3.9707e+06
3.9296e+06
3.8985e+06
3.8805e+06
3.871e+06
3.8607e+06
3.8414e+06
3.8107e+06
3.7732e+06
3.7388e+06
3.717e+06
3.7121e+06
3.7209e+06
3.735e+06
3.7457e+06
3.7486e+06
3.7461e+06
3.7457e+06
3.7556e+06
3.7795e+06
3.8143e+06
3.8514e+06
3.8817e+06
3.9005e+06
3.9102e+06
3.9184e+06
3.9338e+06
3.9602e+06
3.9936e+06
4.0243e+06
4.042e+06
4.0412e+06
4.0242e+06
3.9992e+06
3.9763e+06
3.9611e+06
3.9521e+06
3.9423e+06
3.9237e+06
3.8924e+06
3.8508e+06
3.8064e+06
3.7667e+06
3.7355e+06
3.7105e+06
3.6856e+06
3.6552e+06
3.6183e+06
3.5796e+06
3.5468e+06
3.526e+06
3.5181e+06
3.5178e+06
3.5168e+06
3.5086e+06
3.4929e+06
3.4761e+06
3.468e+06
3.4767e+06
3.5033e+06
3.5405e+06
3.5767e+06
3.6019e+06
3.6132e+06
3.6161e+06
3.6213e+06
3.6387e+06
3.6707e+06
3.7105e+06
3.7459e+06
3.766e+06
3.7672e+06
3.7549e+06
3.7404e+06
3.7339e+06
3.7384e+06
3.7477e+06
3.7504e+06
3.737e+06
3.7053e+06
3.6618e+06
3.6184e+06
3.5851e+06
3.5649e+06
3.552e+06
3.536e+06
3.5082e+06
3.4669e+06
3.4182e+06
3.3721e+06
3.337e+06
3.3154e+06
3.3028e+06
3.2914e+06
3.2752e+06
3.2535e+06
3.2309e+06
3.2143e+06
3.2081e+06
3.212e+06
3.221e+06
3.2291e+06
3.2331e+06
3.2351e+06
3.2411e+06
3.2571e+06
3.2848e+06
3.32e+06
3.3547e+06
3.3815e+06
3.3983e+06
3.4095e+06
3.4231e+06
3.4461e+06
3.4792e+06
3.516e+06
3.5469e+06
3.5643e+06
3.5677e+06
3.5634e+06
3.5611e+06
3.5675e+06
3.5822e+06
3.5977e+06
3.6041e+06
3.5954e+06
3.5733e+06
3.5457e+06
3.5222e+06
3.5078e+06
3.4999e+06
3.4901e+06
3.4697e+06
3.4355e+06
3.3916e+06
3.3476e+06
3.3125e+06
3.2895e+06
3.2744e+06
3.2584e+06
3.2339e+06
3.199e+06
3.1589e+06
3.1222e+06
3.0964e+06
3.0833e+06
3.0786e+06
3.075e+06
3.0672e+06
3.0548e+06
3.0427e+06
3.0373e+06
3.0423e+06
3.0565e+06
3.0741e+06
3.0891e+06
3.0987e+06
3.105e+06
3.1136e+06
3.1296e+06
3.1539e+06
3.1824e+06
3.2086e+06
3.2277e+06
3.2397e+06
3.2492e+06
3.2624e+06
3.2829e+06
3.3091e+06
3.3352e+06
3.3554e+06
3.3672e+06
3.3734e+06
3.3794e+06
3.3894e+06
3.4027e+06
3.4141e+06
3.4171e+06
3.4088e+06
3.3918e+06
3.3735e+06
3.3608e+06
3.3561e+06
3.3552e+06
3.3503e+06
3.335e+06
3.3089e+06
3.278e+06
3.2507e+06
3.2325e+06
3.2221e+06
3.2121e+06
3.1942e+06
3.1644e+06
3.1257e+06
3.0863e+06
3.0546e+06
3.0335e+06
3.019e+06
3.0031e+06
2.9797e+06
2.9487e+06
2.9166e+06
2.8922e+06
2.8813e+06
2.8822e+06
2.8869e+06
2.8859e+06
2.8743e+06
2.8547e+06
2.8356e+06
2.8262e+06
2.8309e+06
2.8465e+06
2.8646e+06
2.8769e+06
2.881e+06
2.8808e+06
2.8844e+06
2.8984e+06
2.9235e+06
2.9543e+06
2.9826e+06
3.0034e+06
3.0172e+06
3.0295e+06
3.0469e+06
3.0723e+06
3.1028e+06
3.1322e+06
3.155e+06
3.1701e+06
3.1813e+06
3.1944e+06
3.2123e+06
3.2338e+06
3.2539e+06
3.2682e+06
3.2758e+06
3.2804e+06
3.2871e+06
3.2985e+06
3.3125e+06
3.3231e+06
3.3253e+06
3.3183e+06
3.3069e+06
3.298e+06
3.2962e+06
3.3001e+06
3.3031e+06
3.2982e+06
3.2824e+06
3.2594e+06
3.2364e+06
3.2195e+06
3.2091e+06
3.1999e+06
3.1841e+06
3.158e+06
3.124e+06
3.0897e+06
3.0626e+06
3.0449e+06
3.032e+06
3.0154e+06
2.989e+06
2.953e+06
2.914e+06
2.8804e+06
2.857e+06
2.8416e+06
2.8268e+06
2.8057e+06
2.776e+06
2.742e+06
2.7112e+06
2.689e+06
2.6752e+06
2.6641e+06
2.6488e+06
2.6262e+06
2.5993e+06
2.5748e+06
2.559e+06
2.5529e+06
2.5525e+06
2.5512e+06
2.5449e+06
2.5351e+06
2.5271e+06
2.5266e+06
2.5351e+06
2.5486e+06
2.5604e+06
2.5661e+06
2.5665e+06
2.5672e+06
2.5751e+06
2.593e+06
2.6177e+06
2.6421e+06
2.6603e+06
2.6716e+06
2.6813e+06
2.6966e+06
2.7215e+06
2.7534e+06
2.7848e+06
2.8086e+06
2.8228e+06
2.8324e+06
2.8461e+06
2.8699e+06
2.9029e+06
2.9378e+06
2.9659e+06
2.9834e+06
2.9939e+06
3.0059e+06
3.0269e+06
3.0579e+06
3.0921e+06
3.1205e+06
3.1372e+06
3.1441e+06
3.149e+06
3.1604e+06
3.1817e+06
3.2091e+06
3.2348e+06
3.2525e+06
3.2614e+06
3.2661e+06
3.2723e+06
3.2829e+06
3.2958e+06
3.3068e+06
3.3132e+06
3.3163e+06
3.3204e+06
3.3286e+06
3.3401e+06
3.3503e+06
3.3543e+06
3.3512e+06
3.3448e+06
3.3413e+06
3.3439e+06
3.3507e+06
3.3553e+06
3.3519e+06
3.3402e+06
3.326e+06
3.3169e+06
3.3166e+06
3.3215e+06
3.3225e+06
3.3122e+06
3.2898e+06
3.263e+06
3.2425e+06
3.2349e+06
3.2374e+06
3.2398e+06
3.2319e+06
3.2102e+06
3.1806e+06
3.1538e+06
3.1383e+06
3.1337e+06
3.132e+06
3.1234e+06
3.1034e+06
3.0755e+06
3.048e+06
3.028e+06
3.0163e+06
3.0079e+06
2.9959e+06
2.9775e+06
2.9557e+06
2.9359e+06
2.922e+06
2.9125e+06
2.9024e+06
2.8873e+06
2.8665e+06
2.8441e+06
2.8246e+06
2.8099e+06
2.7971e+06
2.7817e+06
2.7612e+06
2.7374e+06
2.7151e+06
2.6981e+06
2.6856e+06
2.6732e+06
2.6563e+06
2.6345e+06
2.6122e+06
2.5952e+06
2.5856e+06
2.579e+06
2.5671e+06
2.5439e+06
2.5102e+06
2.474e+06
2.4454e+06
2.4295e+06
2.4225e+06
2.4143e+06
2.3963e+06
2.367e+06
2.3329e+06
2.3034e+06
2.2842e+06
2.2724e+06
2.2596e+06
2.2382e+06
2.2071e+06
2.1725e+06
2.143e+06
2.123e+06
2.1099e+06
2.096e+06
2.0752e+06
2.0472e+06
2.0174e+06
1.9925e+06
1.9748e+06
1.9608e+06
1.9441e+06
1.9207e+06
1.8924e+06
1.8646e+06
1.8423e+06
1.8256e+06
1.8098e+06
1.7896e+06
1.764e+06
1.7371e+06
1.7149e+06
1.7003e+06
1.6898e+06
1.6761e+06
1.6537e+06
1.6234e+06
1.5923e+06
1.5685e+06
1.5552e+06
1.5477e+06
1.5372e+06
1.518e+06
1.4914e+06
1.4653e+06
1.4477e+06
1.4405e+06
1.4376e+06
1.4292e+06
1.41e+06
