1.488e+06
1.4995e+06
1.5079e+06
1.5213e+06
1.5454e+06
1.5792e+06
1.6152e+06
1.6444e+06
1.6623e+06
1.671e+06
1.6776e+06
1.6896e+06
1.7099e+06
1.7357e+06
1.7619e+06
1.7848e+06
1.8047e+06
1.8247e+06
1.8467e+06
1.8701e+06
1.8913e+06
1.9078e+06
1.9203e+06
1.9335e+06
1.953e+06
1.9811e+06
2.015e+06
2.0482e+06
2.0752e+06
2.0949e+06
2.1109e+06
2.1289e+06
2.1526e+06
2.1814e+06
2.2108e+06
2.2367e+06
2.2573e+06
2.2743e+06
2.2909e+06
2.3096e+06
2.3305e+06
2.3523e+06
2.3746e+06
2.3983e+06
2.4252e+06
2.4558e+06
2.4883e+06
2.5194e+06
2.5469e+06
2.5715e+06
2.5968e+06
2.6265e+06
2.6613e+06
2.6977e+06
2.7299e+06
2.7541e+06
2.771e+06
2.786e+06
2.8055e+06
2.8327e+06
2.8652e+06
2.8968e+06
2.9225e+06
2.942e+06
2.9601e+06
2.9835e+06
3.0155e+06
3.0535e+06
3.0905e+06
3.1199e+06
3.1396e+06
3.1537e+06
3.1694e+06
3.192e+06
3.2215e+06
3.2526e+06
3.2788e+06
3.2966e+06
3.3079e+06
3.3187e+06
3.3352e+06
3.3601e+06
3.3918e+06
3.4256e+06
3.4569e+06
3.4828e+06
3.5028e+06
3.5176e+06
3.5284e+06
3.5365e+06
3.5447e+06
3.5563e+06
3.5745e+06
3.6001e+06
3.6301e+06
3.6589e+06
3.6809e+06
3.6936e+06
3.6992e+06
3.7033e+06
3.7117e+06
3.7271e+06
3.7477e+06
3.7689e+06
3.7866e+06
3.7995e+06
3.8097e+06
3.8207e+06
3.8348e+06
3.8515e+06
3.8677e+06
3.8799e+06
3.8858e+06
3.8859e+06
3.8821e+06
3.8773e+06
3.8739e+06
3.873e+06
3.8744e+06
3.8772e+06
3.8793e+06
3.8786e+06
3.8732e+06
3.8629e+06
3.8499e+06
3.8378e+06
3.8305e+06
3.829e+06
3.8307e+06
3.8305e+06
3.823e+06
3.8065e+06
3.7832e+06
3.7591e+06
3.7398e+06
3.7277e+06
3.7204e+06
3.7129e+06
3.7006e+06
3.6825e+06
3.6612e+06
3.6411e+06
3.6252e+06
3.6129e+06
3.6008e+06
3.5846e+06
3.5625e+06
3.5355e+06
3.5066e+06
3.4784e+06
3.4513e+06
3.424e+06
3.3946e+06
3.3635e+06
3.3337e+06
3.3094e+06
3.2935e+06
3.2851e+06
3.2801e+06
3.2725e+06
3.2578e+06
3.2351e+06
3.2069e+06
3.178e+06
3.1525e+06
3.1328e+06
3.1187e+06
3.1085e+06
3.1003e+06
3.0927e+06
3.0849e+06
3.0768e+06
3.0687e+06
3.0617e+06
3.0575e+06
3.0578e+06
3.0631e+06
3.0723e+06
3.0822e+06
3.0895e+06
3.0924e+06
3.0923e+06
3.0937e+06
3.1018e+06
3.1193e+06
3.1451e+06
3.1741e+06
3.2001e+06
3.2195e+06
3.2329e+06
3.2448e+06
3.2609e+06
3.2841e+06
3.3133e+06
3.3444e+06
3.3731e+06
3.3979e+06
3.4211e+06
3.4469e+06
3.4781e+06
3.5135e+06
3.5486e+06
3.5777e+06
3.598e+06
3.6108e+06
3.6212e+06
3.6346e+06
3.6539e+06
3.6776e+06
3.7018e+06
3.723e+06
3.7403e+06
3.7557e+06
3.7715e+06
3.7879e+06
3.8018e+06
3.8083e+06
3.8046e+06
3.7922e+06
3.7772e+06
3.7673e+06
3.7671e+06
3.7757e+06
3.787e+06
3.7933e+06
3.7903e+06
3.7792e+06
3.7655e+06
3.7549e+06
3.7493e+06
3.7453e+06
3.736e+06
3.7155e+06
3.6825e+06
3.6412e+06
3.5993e+06
3.5637e+06
3.537e+06
3.5172e+06
3.4995e+06
3.4805e+06
3.4593e+06
3.4384e+06
3.4206e+06
3.4068e+06
3.3949e+06
3.3812e+06
3.3627e+06
3.3393e+06
3.3137e+06
3.29e+06
3.2712e+06
3.2578e+06
3.2474e+06
3.2375e+06
3.2269e+06
3.217e+06
3.2108e+06
3.2109e+06
3.2178e+06
3.2298e+06
3.244e+06
3.2587e+06
3.2743e+06
3.293e+06
3.3163e+06
3.3438e+06
3.3723e+06
3.3974e+06
3.4161e+06
3.429e+06
3.4404e+06
3.4561e+06
3.4801e+06
3.5116e+06
3.5456e+06
3.5758e+06
3.5976e+06
3.6116e+06
3.6222e+06
3.6357e+06
3.6555e+06
3.6809e+06
3.7065e+06
3.7262e+06
3.736e+06
3.7362e+06
3.7303e+06
3.7228e+06
3.7161e+06
3.7095e+06
3.7006e+06
3.6872e+06
3.6697e+06
3.6509e+06
3.6342e+06
3.6211e+06
3.6102e+06
3.5974e+06
3.5791e+06
3.5539e+06
3.5239e+06
3.4934e+06
3.4664e+06
3.4439e+06
3.4239e+06
3.4029e+06
3.378e+06
3.3493e+06
3.32e+06
3.2945e+06
3.276e+06
3.2649e+06
3.259e+06
3.2552e+06
3.2519e+06
3.2495e+06
3.2503e+06
3.2563e+06
3.2674e+06
3.2808e+06
3.293e+06
3.3013e+06
3.3063e+06
3.3116e+06
3.3221e+06
3.3411e+06
3.3682e+06
3.3996e+06
3.4297e+06
3.4549e+06
3.4749e+06
3.4929e+06
3.5128e+06
3.5365e+06
3.5622e+06
3.5846e+06
3.5986e+06
3.602e+06
3.597e+06
3.5893e+06
3.5849e+06
3.5862e+06
3.5908e+06
3.5926e+06
3.5857e+06
3.5677e+06
3.5415e+06
3.5133e+06
3.4896e+06
3.4732e+06
3.4622e+06
3.4514e+06
3.4359e+06
3.4141e+06
3.3888e+06
3.3655e+06
3.3485e+06
3.339e+06
3.3334e+06
3.3258e+06
3.3116e+06
3.2896e+06
3.2631e+06
3.2385e+06
3.2217e+06
3.2158e+06
3.2198e+06
3.2293e+06
3.2398e+06
3.2484e+06
3.2552e+06
3.2623e+06
3.2721e+06
3.2854e+06
3.3015e+06
3.3187e+06
3.3359e+06
3.3533e+06
3.3728e+06
3.3957e+06
3.4222e+06
3.4501e+06
3.4759e+06
3.4969e+06
3.5125e+06
3.5252e+06
3.5385e+06
3.5547e+06
3.5731e+06
3.5896e+06
3.5987e+06
3.5963e+06
3.5822e+06
3.5604e+06
3.5371e+06
3.5176e+06
3.5038e+06
3.4931e+06
3.4807e+06
3.4624e+06
3.4373e+06
3.4084e+06
3.3807e+06
3.3582e+06
3.3417e+06
3.3278e+06
3.3116e+06
3.2889e+06
3.26e+06
3.2297e+06
3.2062e+06
3.1971e+06
3.2063e+06
3.2314e+06
3.2654e+06
3.2994e+06
3.3266e+06
3.3449e+06
3.3567e+06
3.3673e+06
3.3818e+06
3.4029e+06
3.4296e+06
3.4583e+06
3.4855e+06
3.5086e+06
3.5278e+06
3.5446e+06
3.5604e+06
3.5754e+06
3.5883e+06
3.5967e+06
3.5987e+06
3.5941e+06
3.5836e+06
3.5692e+06
3.5523e+06
3.5337e+06
3.5133e+06
3.4912e+06
3.4679e+06
3.445e+06
3.4242e+06
3.4066e+06
3.3918e+06
3.3783e+06
3.364e+06
3.3478e+06
3.3304e+06
3.314e+06
3.3016e+06
3.2955e+06
3.2965e+06
3.3032e+06
3.3133e+06
3.3249e+06
3.3373e+06
3.3519e+06
3.3704e+06
3.3943e+06
3.4232e+06
3.4543e+06
3.4842e+06
3.5098e+06
3.5299e+06
3.5458e+06
3.5601e+06
3.5753e+06
3.5921e+06
3.6088e+06
3.6224e+06
3.6303e+06
3.6315e+06
3.6274e+06
3.6203e+06
3.6118e+06
3.6016e+06
3.5869e+06
3.564e+06
3.5306e+06
3.4878e+06
3.4407e+06
3.3968e+06
3.3639e+06
3.3465e+06
3.3442e+06
3.3522e+06
3.3634e+06
3.3721e+06
3.3765e+06
3.3785e+06
3.3832e+06
3.3956e+06
3.4182e+06
3.4492e+06
3.4835e+06
3.5152e+06
3.5397e+06
3.5563e+06
3.568e+06
3.5798e+06
3.5962e+06
3.6185e+06
3.6445e+06
3.6691e+06
3.6868e+06
3.6942e+06
3.6907e+06
3.6785e+06
3.6609e+06
3.6407e+06
3.6193e+06
3.5964e+06
3.5714e+06
3.5446e+06
3.5174e+06
3.4926e+06
3.4732e+06
3.4606e+06
3.4546e+06
3.4531e+06
3.4534e+06
3.4534e+06
3.4527e+06
3.4525e+06
3.4552e+06
3.4631e+06
3.4772e+06
3.4969e+06
3.5202e+06
3.5442e+06
3.5664e+06
3.5854e+06
3.6004e+06
3.6114e+06
3.6187e+06
3.622e+06
3.6212e+06
3.6164e+06
3.6082e+06
3.5978e+06
3.5865e+06
3.5751e+06
3.5638e+06
3.5517e+06
3.5383e+06
3.5231e+06
3.5069e+06
3.4914e+06
3.4785e+06
3.4693e+06
3.4635e+06
3.4597e+06
3.4559e+06
3.4506e+06
3.4441e+06
3.4385e+06
3.4373e+06
3.4442e+06
3.461e+06
3.4873e+06
3.5196e+06
3.5527e+06
3.5812e+06
3.6015e+06
3.6124e+06
3.6156e+06
3.614e+06
3.6112e+06
3.6095e+06
3.6097e+06
3.6114e+06
3.6132e+06
3.6141e+06
3.6128e+06
3.6086e+06
3.5999e+06
3.5851e+06
3.5625e+06
3.5315e+06
3.4929e+06
3.4503e+06
3.4086e+06
3.3737e+06
3.3504e+06
3.3408e+06
3.344e+06
3.3568e+06
3.3745e+06
3.3935e+06
3.412e+06
3.4301e+06
3.449e+06
3.4697e+06
3.4915e+06
3.5121e+06
3.5279e+06
3.5359e+06
3.5355e+06
3.5284e+06
3.5188e+06
3.5112e+06
3.5082e+06
3.5093e+06
3.511e+06
3.5082e+06
3.4967e+06
3.475e+06
3.4452e+06
3.4118e+06
3.3803e+06
3.355e+06
3.3375e+06
3.3268e+06
3.3201e+06
3.315e+06
3.3109e+06
3.3099e+06
3.316e+06
3.3329e+06
3.3622e+06
3.4016e+06
3.4453e+06
3.4856e+06
3.5155e+06
3.5314e+06
3.5336e+06
3.5262e+06
3.515e+06
3.5051e+06
3.4987e+06
3.4942e+06
3.4879e+06
3.4756e+06
3.4551e+06
3.4273e+06
3.3955e+06
3.3645e+06
3.3384e+06
3.3195e+06
3.3072e+06
3.2994e+06
3.2936e+06
3.2883e+06
3.2839e+06
3.2828e+06
3.2877e+06
3.3003e+06
3.3203e+06
3.3448e+06
3.3691e+06
3.3883e+06
3.3991e+06
3.4009e+06
3.3953e+06
3.3857e+06
3.3753e+06
3.366e+06
3.3576e+06
3.3481e+06
3.3354e+06
3.3179e+06
3.296e+06
3.2713e+06
3.2467e+06
3.2249e+06
3.2079e+06
3.1965e+06
3.1903e+06
3.1888e+06
3.1914e+06
3.1982e+06
3.2093e+06
3.2246e+06
3.2434e+06
3.2638e+06
3.2833e+06
3.2995e+06
3.3105e+06
3.3159e+06
3.3163e+06
3.3133e+06
3.3081e+06
3.301e+06
3.2913e+06
3.2776e+06
3.2589e+06
3.2357e+06
3.2102e+06
3.1862e+06
3.1678e+06
3.1581e+06
3.1582e+06
3.1666e+06
3.1798e+06
3.1936e+06
3.2044e+06
3.2106e+06
3.213e+06
3.2143e+06
3.2181e+06
3.2273e+06
3.2429e+06
3.2633e+06
3.2848e+06
3.3029e+06
3.3136e+06
3.315e+06
3.3069e+06
3.2908e+06
3.2689e+06
3.2431e+06
3.2151e+06
3.1858e+06
3.1562e+06
3.1278e+06
3.103e+06
3.0845e+06
3.0748e+06
3.0754e+06
3.0861e+06
3.1045e+06
3.1271e+06
3.1501e+06
3.17e+06
3.1851e+06
3.195e+06
3.2007e+06
3.2037e+06
3.2047e+06
3.2035e+06
3.1987e+06
3.1887e+06
3.1723e+06
3.1498e+06
3.1228e+06
3.0939e+06
3.0662e+06
3.0422e+06
3.0231e+06
3.0092e+06
2.9998e+06
2.9943e+06
2.9923e+06
2.9943e+06
3.001e+06
3.0129e+06
3.0294e+06
3.0487e+06
3.0678e+06
3.0831e+06
3.0916e+06
3.0918e+06
3.0842e+06
3.0714e+06
3.0566e+06
3.0429e+06
3.0319e+06
3.0235e+06
3.0159e+06
3.0069e+06
2.9948e+06
2.9793e+06
2.962e+06
2.9453e+06
2.9322e+06
2.925e+06
2.9244e+06
2.9298e+06
2.9394e+06
2.9506e+06
2.9616e+06
2.9712e+06
2.9796e+06
2.9871e+06
2.9942e+06
3.0006e+06
3.0047e+06
3.0047e+06
2.9988e+06
2.9862e+06
2.9679e+06
2.9465e+06
2.9252e+06
2.9074e+06
2.8954e+06
2.8897e+06
2.8894e+06
2.8926e+06
2.8973e+06
2.902e+06
2.9068e+06
2.9124e+06
2.9203e+06
2.9315e+06
2.9459e+06
2.9621e+06
2.9772e+06
2.9884e+06
2.9933e+06
2.9913e+06
2.9832e+06
2.9712e+06
2.9575e+06
2.9442e+06
2.9317e+06
2.9198e+06
2.9076e+06
2.8945e+06
2.8811e+06
2.869e+06
2.8612e+06
2.8606e+06
2.8691e+06
2.8865e+06
2.9103e+06
2.9357e+06
2.9574e+06
2.9706e+06
2.9729e+06
2.9648e+06
2.9491e+06
2.9303e+06
2.9127e+06
2.8992e+06
2.8902e+06
2.884e+06
2.878e+06
2.87e+06
2.8593e+06
2.8472e+06
2.8366e+06
2.8313e+06
2.8343e+06
2.8468e+06
2.8674e+06
2.8923e+06
2.9162e+06
2.9342e+06
2.9428e+06
2.941e+06
2.9302e+06
2.9139e+06
2.896e+06
2.8793e+06
2.8655e+06
2.854e+06
2.8435e+06
2.8327e+06
2.821e+06
2.8093e+06
2.7997e+06
2.7946e+06
2.7961e+06
2.8047e+06
2.8192e+06
2.8368e+06
2.8535e+06
2.8658e+06
2.8713e+06
2.8696e+06
2.8619e+06
2.851e+06
2.8393e+06
2.8288e+06
2.8198e+06
2.8114e+06
2.8023e+06
2.7913e+06
2.7785e+06
2.7654e+06
2.7546e+06
2.7489e+06
2.7506e+06
2.7604e+06
2.777e+06
2.7971e+06
2.8165e+06
2.831e+06
2.8378e+06
2.8358e+06
2.8262e+06
2.8116e+06
2.7953e+06
2.7799e+06
2.7667e+06
2.7557e+06
2.7462e+06
2.7371e+06
2.7283e+06
2.7205e+06
2.7156e+06
2.7159e+06
2.723e+06
2.7375e+06
2.758e+06
2.7813e+06
2.803e+06
2.8188e+06
2.8255e+06
2.8217e+06
2.8088e+06
2.7897e+06
2.7688e+06
2.7499e+06
2.7358e+06
2.7274e+06
2.7237e+06
2.7227e+06
2.7225e+06
2.7215e+06
2.7195e+06
2.7171e+06
2.7158e+06
2.717e+06
2.7217e+06
2.7295e+06
2.739e+06
2.7479e+06
2.7538e+06
2.7548e+06
2.7503e+06
2.7408e+06
2.7282e+06
2.7146e+06
2.702e+06
2.6915e+06
2.6837e+06
2.6783e+06
2.6747e+06
2.6726e+06
2.6721e+06
2.6738e+06
2.6783e+06
2.6862e+06
2.6973e+06
2.7099e+06
2.7216e+06
2.7294e+06
2.7304e+06
2.7231e+06
2.7078e+06
2.6867e+06
2.6633e+06
2.6421e+06
2.6266e+06
2.6191e+06
2.6201e+06
2.628e+06
2.6399e+06
2.6525e+06
2.6629e+06
2.6693e+06
2.6714e+06
2.6703e+06
2.6677e+06
2.6652e+06
2.6637e+06
2.6627e+06
2.6608e+06
2.6564e+06
2.6481e+06
2.6358e+06
2.6208e+06
2.6056e+06
2.5932e+06
2.5865e+06
2.5874e+06
2.5961e+06
2.6108e+06
2.6286e+06
2.6459e+06
2.6592e+06
2.6662e+06
2.6662e+06
2.66e+06
2.6497e+06
2.6377e+06
2.6259e+06
2.6159e+06
2.6078e+06
2.6012e+06
2.5954e+06
2.5898e+06
2.5845e+06
2.5798e+06
2.5769e+06
2.5766e+06
2.5794e+06
2.585e+06
2.592e+06
2.5983e+06
2.6014e+06
2.5994e+06
2.5914e+06
2.578e+06
2.561e+06
2.5432e+06
2.5274e+06
2.516e+06
2.5099e+06
2.5092e+06
2.5124e+06
2.5175e+06
2.5225e+06
2.5257e+06
2.5262e+06
2.5242e+06
2.5203e+06
2.5154e+06
2.5098e+06
2.5035e+06
2.4956e+06
2.4852e+06
2.4716e+06
2.455e+06
2.4365e+06
2.4184e+06
2.4031e+06
2.3933e+06
2.3907e+06
2.3956e+06
2.4067e+06
2.4213e+06
2.4357e+06
2.4459e+06
2.4491e+06
2.4439e+06
2.4307e+06
2.4116e+06
2.3898e+06
2.3687e+06
2.3513e+06
2.3392e+06
2.3328e+06
2.3309e+06
2.3319e+06
2.3337e+06
2.3347e+06
2.334e+06
2.3314e+06
2.3275e+06
2.3231e+06
2.3187e+06
2.3139e+06
2.3081e+06
2.2999e+06
2.2884e+06
2.2733e+06
2.2552e+06
2.236e+06
2.2181e+06
2.2041e+06
2.1961e+06
2.1951e+06
2.2005e+06
2.2103e+06
2.2213e+06
2.23e+06
2.2333e+06
2.2294e+06
2.2182e+06
2.2014e+06
2.1817e+06
2.1628e+06
2.1479e+06
2.139e+06
2.1369e+06
2.1406e+06
2.1481e+06
2.1568e+06
2.1641e+06
2.1681e+06
2.1681e+06
2.1644e+06
2.1584e+06
2.1516e+06
2.1454e+06
2.1405e+06
2.1366e+06
2.133e+06
2.1288e+06
2.1234e+06
2.1171e+06
2.1107e+06
2.1058e+06
2.1039e+06
2.1064e+06
2.1139e+06
2.1256e+06
2.1396e+06
2.1532e+06
2.1631e+06
2.1667e+06
2.1627e+06
2.1514e+06
2.1347e+06
2.116e+06
2.0991e+06
2.0875e+06
2.0834e+06
2.0876e+06
2.0985e+06
2.1133e+06
2.1282e+06
2.1393e+06
2.1438e+06
2.1401e+06
2.1287e+06
2.1114e+06
2.0914e+06
2.0719e+06
2.0559e+06
2.0451e+06
2.0399e+06
2.0396e+06
2.0424e+06
2.0465e+06
2.0501e+06
2.0518e+06
2.0512e+06
2.0483e+06
2.044e+06
2.0389e+06
2.0338e+06
2.0286e+06
2.0229e+06
2.0161e+06
2.0078e+06
1.9981e+06
1.9875e+06
1.9773e+06
1.969e+06
1.964e+06
1.9634e+06
1.9674e+06
1.9748e+06
1.984e+06
1.9923e+06
1.9971e+06
1.9962e+06
1.9889e+06
1.9756e+06
1.9581e+06
1.9393e+06
1.9224e+06
1.9103e+06
1.9049e+06
1.9068e+06
1.9148e+06
1.9267e+06
1.9394e+06
1.9496e+06
1.955e+06
1.9544e+06
1.9479e+06
1.9371e+06
1.9246e+06
1.9132e+06
1.9055e+06
1.9032e+06
1.9065e+06
1.9146e+06
1.9259e+06
1.9378e+06
1.9481e+06
1.955e+06
1.9577e+06
1.9562e+06
1.9516e+06
1.9454e+06
1.9395e+06
1.935e+06
1.9326e+06
1.9322e+06
1.9333e+06
1.9348e+06
1.9359e+06
1.9359e+06
1.9343e+06
1.9314e+06
1.9275e+06
1.9234e+06
1.9198e+06
1.9169e+06
1.9148e+06
1.9129e+06
1.9109e+06
1.9081e+06
1.9043e+06
1.8997e+06
1.8947e+06
1.8899e+06
1.886e+06
1.8836e+06
1.8827e+06
1.8833e+06
1.8845e+06
1.8853e+06
1.8848e+06
1.882e+06
1.8768e+06
1.8697e+06
1.8619e+06
1.8549e+06
1.8502e+06
1.8491e+06
1.8521e+06
1.8588e+06
1.8681e+06
1.8779e+06
1.8861e+06
1.8906e+06
1.8902e+06
1.8845e+06
1.8745e+06
1.8621e+06
1.8499e+06
1.8406e+06
1.8363e+06
1.8383e+06
1.8464e+06
1.8593e+06
1.8747e+06
1.8894e+06
1.9008e+06
1.9065e+06
1.9056e+06
1.8984e+06
1.8865e+06
1.8725e+06
1.8594e+06
1.8497e+06
1.8454e+06
1.8471e+06
1.854e+06
1.8644e+06
1.8756e+06
1.8849e+06
1.8901e+06
1.8898e+06
1.8842e+06
1.8743e+06
1.8623e+06
1.8509e+06
1.8425e+06
1.839e+06
1.841e+06
1.8482e+06
1.8591e+06
1.8715e+06
1.883e+06
1.891e+06
1.8941e+06
1.8916e+06
1.8842e+06
1.8735e+06
1.8617e+06
1.851e+06
1.8436e+06
1.8405e+06
1.8421e+06
1.8478e+06
1.8562e+06
1.8656e+06
1.8743e+06
1.8809e+06
1.8846e+06
1.8857e+06
1.8848e+06
1.8834e+06
1.8829e+06
1.8842e+06
1.8879e+06
1.8939e+06
1.9012e+06
1.9084e+06
1.9141e+06
1.9169e+06
1.9158e+06
1.9108e+06
1.9026e+06
1.8925e+06
1.8825e+06
1.8746e+06
1.8702e+06
1.8702e+06
1.8745e+06
1.8823e+06
1.8919e+06
1.9014e+06
1.9087e+06
1.9124e+06
1.9114e+06
1.9058e+06
1.8966e+06
1.8855e+06
1.8747e+06
1.8662e+06
1.8616e+06
1.8614e+06
1.8655e+06
1.8729e+06
1.882e+06
1.8907e+06
1.8971e+06
1.8998e+06
1.8983e+06
1.893e+06
1.8853e+06
1.8773e+06
1.8711e+06
1.8686e+06
1.8711e+06
1.8786e+06
1.8906e+06
1.9054e+06
1.9207e+06
1.9341e+06
1.9433e+06
1.9469e+06
1.9446e+06
1.937e+06
1.926e+06
1.9139e+06
1.9031e+06
1.8957e+06
1.8928e+06
1.8948e+06
1.9007e+06
1.9089e+06
1.9171e+06
1.9231e+06
1.9251e+06
1.9222e+06
1.915e+06
1.9048e+06
1.894e+06
1.885e+06
1.8801e+06
1.8807e+06
1.8871e+06
1.8985e+06
1.913e+06
1.9278e+06
1.9402e+06
1.9477e+06
1.9488e+06
1.9435e+06
1.9329e+06
1.9196e+06
1.9066e+06
1.897e+06
1.8932e+06
1.8964e+06
1.9062e+06
1.9212e+06
1.9384e+06
1.9544e+06
1.9663e+06
1.9715e+06
1.9692e+06
1.9599e+06
1.9456e+06
1.9294e+06
1.9147e+06
1.9046e+06
1.9011e+06
1.9049e+06
1.9152e+06
1.9298e+06
1.9457e+06
1.9597e+06
1.9694e+06
1.973e+06
1.9706e+06
1.9633e+06
1.9534e+06
1.9438e+06
1.9372e+06
1.9354e+06
1.9391e+06
1.9479e+06
1.9597e+06
1.9721e+06
1.9823e+06
1.988e+06
1.9879e+06
1.9819e+06
1.9712e+06
1.9581e+06
1.945e+06
1.9347e+06
1.9288e+06
1.9284e+06
1.9332e+06
1.942e+06
1.9528e+06
1.9635e+06
1.9721e+06
1.9774e+06
1.9787e+06
1.9767e+06
1.9725e+06
1.9673e+06
1.9625e+06
1.9588e+06
1.9563e+06
1.9548e+06
1.9536e+06
1.952e+06
1.9493e+06
1.9453e+06
1.9402e+06
1.9347e+06
1.9296e+06
1.9261e+06
1.9249e+06
1.9262e+06
1.9297e+06
1.9345e+06
1.9398e+06
1.9446e+06
1.9486e+06
1.9515e+06
1.9538e+06
1.956e+06
1.9587e+06
1.9624e+06
1.9672e+06
1.9726e+06
1.9776e+06
1.9808e+06
1.981e+06
1.9774e+06
1.97e+06
1.9597e+06
1.9483e+06
1.938e+06
1.9311e+06
1.9292e+06
1.9331e+06
1.9422e+06
1.9549e+06
1.9686e+06
1.9806e+06
1.9882e+06
1.9899e+06
1.9852e+06
1.9751e+06
1.962e+06
1.9487e+06
1.9381e+06
1.9326e+06
1.9334e+06
1.9403e+06
1.9519e+06
1.9659e+06
1.9797e+06
1.9908e+06
1.9977e+06
1.9997e+06
1.9973e+06
1.9921e+06
1.9858e+06
1.9801e+06
1.9762e+06
1.9746e+06
1.975e+06
1.9765e+06
1.9781e+06
1.9789e+06
1.9785e+06
1.977e+06
1.9749e+06
1.9729e+06
1.9718e+06
1.9718e+06
1.9728e+06
1.9741e+06
1.9745e+06
1.9732e+06
1.9697e+06
1.9645e+06
1.9583e+06
1.9528e+06
1.9494e+06
1.9496e+06
1.9539e+06
1.962e+06
1.9724e+06
1.9829e+06
1.991e+06
1.9946e+06
1.9924e+06
1.9846e+06
1.9725e+06
1.9585e+06
1.9456e+06
1.9364e+06
1.9328e+06
1.935e+06
1.9421e+06
1.9519e+06
1.9618e+06
1.9689e+06
1.9714e+06
1.9685e+06
1.961e+06
1.9505e+06
1.9394e+06
1.93e+06
1.924e+06
1.9221e+06
1.924e+06
1.9285e+06
1.934e+06
1.939e+06
1.9427e+06
1.9447e+06
1.9454e+06
1.9458e+06
1.9469e+06
1.9492e+06
1.9526e+06
1.9561e+06
1.9583e+06
1.9578e+06
1.9537e+06
1.9462e+06
1.9365e+06
1.9266e+06
1.9191e+06
1.9162e+06
1.9192e+06
1.9282e+06
1.9415e+06
1.9566e+06
1.9701e+06
1.9791e+06
1.9813e+06
1.9765e+06
1.9656e+06
1.9513e+06
1.9367e+06
1.9251e+06
1.9186e+06
1.9181e+06
1.9228e+06
1.9311e+06
1.9404e+06
1.9484e+06
1.9537e+06
1.9557e+06
1.9548e+06
1.9524e+06
1.9502e+06
1.9492e+06
1.9499e+06
1.9514e+06
1.9524e+06
1.9513e+06
1.9472e+06
1.94e+06
1.931e+06
1.9219e+06
1.9153e+06
1.913e+06
1.9161e+06
1.9244e+06
1.936e+06
1.948e+06
1.9573e+06
1.9611e+06
1.9578e+06
1.9475e+06
1.932e+06
1.9143e+06
1.8977e+06
1.8849e+06
1.8778e+06
1.8766e+06
1.8801e+06
1.8865e+06
1.8937e+06
1.9e+06
1.9046e+06
1.9076e+06
1.9097e+06
1.9121e+06
1.9158e+06
1.9207e+06
1.926e+06
1.9299e+06
1.9307e+06
1.9269e+06
1.9186e+06
1.9068e+06
1.8938e+06
1.8824e+06
1.8755e+06
1.8746e+06
1.8801e+06
1.8905e+06
1.9033e+06
1.9154e+06
1.9237e+06
1.9267e+06
1.9238e+06
1.9162e+06
1.9062e+06
1.8961e+06
1.888e+06
1.883e+06
1.8808e+06
1.8803e+06
1.8802e+06
1.8793e+06
1.8772e+06
1.8741e+06
1.8714e+06
1.8705e+06
1.8726e+06
1.8785e+06
1.8874e+06
1.8975e+06
1.9065e+06
1.9117e+06
1.9115e+06
1.9055e+06
1.8947e+06
1.8813e+06
1.868e+06
1.8573e+06
1.8508e+06
1.8489e+06
1.8509e+06
1.8552e+06
1.8601e+06
1.8644e+06
1.8673e+06
1.8691e+06
1.8704e+06
1.872e+06
1.8743e+06
1.8766e+06
1.8779e+06
1.8766e+06
1.8717e+06
1.8626e+06
1.8502e+06
1.8364e+06
1.8237e+06
1.8146e+06
1.8111e+06
1.8137e+06
1.8214e+06
1.8321e+06
1.843e+06
1.8516e+06
1.8559e+06
1.8555e+06
1.8512e+06
1.8444e+06
1.837e+06
1.8303e+06
1.8246e+06
1.8194e+06
1.8137e+06
1.8066e+06
1.7979e+06
1.7883e+06
1.7793e+06
1.773e+06
1.7713e+06
1.775e+06
1.7841e+06
1.7968e+06
1.8104e+06
1.8219e+06
1.829e+06
1.8303e+06
1.826e+06
1.8177e+06
1.8075e+06
1.7976e+06
1.7894e+06
1.7833e+06
1.7785e+06
1.7739e+06
1.7686e+06
1.7621e+06
1.7552e+06
1.7492e+06
1.7457e+06
1.7461e+06
1.7509e+06
1.759e+06
1.7684e+06
1.7765e+06
1.7808e+06
1.7798e+06
1.7737e+06
1.7637e+06
1.7525e+06
1.7423e+06
1.7351e+06
1.7314e+06
1.7305e+06
1.7309e+06
1.7309e+06
1.7295e+06
1.7264e+06
1.7227e+06
1.7201e+06
1.7203e+06
1.7244e+06
1.7323e+06
1.7422e+06
1.7515e+06
1.7574e+06
1.7575e+06
1.7511e+06
1.739e+06
1.7234e+06
1.707e+06
1.6925e+06
1.6814e+06
1.6742e+06
1.6699e+06
1.6673e+06
1.665e+06
1.6625e+06
1.6599e+06
1.6583e+06
1.6586e+06
1.6615e+06
1.6669e+06
1.6733e+06
1.6789e+06
1.6816e+06
1.68e+06
1.674e+06
1.6645e+06
1.6536e+06
1.6435e+06
1.6361e+06
1.6319e+06
1.6305e+06
1.6306e+06
1.6307e+06
1.6298e+06
1.6278e+06
1.6258e+06
1.6251e+06
1.6273e+06
1.6328e+06
1.6411e+06
1.6502e+06
1.6574e+06
1.6603e+06
1.6574e+06
1.6488e+06
1.6361e+06
1.6221e+06
1.6093e+06
1.5995e+06
1.593e+06
1.5889e+06
1.5853e+06
1.5809e+06
1.5749e+06
1.5679e+06
1.5617e+06
1.5584e+06
1.5599e+06
1.5667e+06
1.5776e+06
1.5899e+06
1.6003e+06
1.6055e+06
1.6041e+06
1.5962e+06
1.5842e+06
1.5713e+06
1.5605e+06
1.554e+06
1.5515e+06
1.5516e+06
1.5517e+06
1.5494e+06
1.5438e+06
1.5355e+06
1.5264e+06
1.519e+06
1.5157e+06
1.5175e+06
1.524e+06
1.5332e+06
1.5421e+06
1.5483e+06
1.5503e+06
1.5483e+06
1.5435e+06
1.5381e+06
1.5335e+06
1.5304e+06
1.528e+06
1.5249e+06
1.5193e+06
1.5106e+06
1.4993e+06
1.487e+06
1.4763e+06
1.4695e+06
1.4677e+06
1.4707e+06
1.4768e+06
1.4836e+06
1.4885e+06
1.4903e+06
1.4889e+06
1.4855e+06
1.482e+06
1.4801e+06
1.4804e+06
1.482e+06
1.483e+06
1.4813e+06
1.4755e+06
1.4653e+06
1.4522e+06
1.4385e+06
1.4269e+06
1.419e+06
1.4156e+06
1.4158e+06
1.4178e+06
1.4198e+06
1.4206e+06
1.4202e+06
1.4195e+06
1.4198e+06
1.4225e+06
1.4278e+06
1.4349e+06
1.4419e+06
1.4464e+06
1.4469e+06
1.4427e+06
1.4346e+06
1.4243e+06
1.4139e+06
1.4048e+06
1.3977e+06
1.3921e+06
1.3871e+06
1.3818e+06
1.3758e+06
1.3697e+06
1.3647e+06
1.3621e+06
1.3626e+06
1.3663e+06
1.372e+06
1.3783e+06
1.3835e+06
1.3865e+06
1.3873e+06
1.3865e+06
1.3855e+06
1.3852e+06
1.3858e+06
1.3865e+06
1.386e+06
1.3829e+06
1.3764e+06
1.3666e+06
1.3548e+06
1.3427e+06
1.3321e+06
1.3242e+06
1.3193e+06
1.3169e+06
1.3162e+06
1.3162e+06
1.3166e+06
1.3176e+06
1.3196e+06
1.323e+06
1.3279e+06
1.3337e+06
1.3392e+06
1.3433e+06
1.345e+06
1.3441e+06
1.341e+06
1.3363e+06
1.3307e+06
1.3244e+06
1.3172e+06
1.3086e+06
1.2985e+06
1.2872e+06
1.2758e+06
1.2659e+06
1.2588e+06
1.2555e+06
1.2557e+06
1.2583e+06
1.2618e+06
1.2646e+06
1.2662e+06
1.2668e+06
1.2677e+06
1.2702e+06
1.275e+06
1.2818e+06
1.2889e+06
1.2941e+06
1.2953e+06
1.2917e+06
1.2838e+06
1.2735e+06
1.2633e+06
1.255e+06
1.2491e+06
1.2448e+06
1.2402e+06
1.2337e+06
1.2247e+06
1.214e+06
1.2036e+06
1.196e+06
1.1931e+06
1.1953e+06
1.2012e+06
1.2085e+06
1.2145e+06
1.2178e+06
1.2184e+06
1.2178e+06
1.2183e+06
1.2218e+06
1.2285e+06
1.2367e+06
1.2434e+06
1.2457e+06
1.2419e+06
1.2325e+06
1.2199e+06
1.2074e+06
1.1977e+06
1.1917e+06
1.1885e+06
1.1853e+06
1.1795e+06
1.1701e+06
1.1576e+06
1.1447e+06
1.135e+06
1.1313e+06
1.1345e+06
1.1431e+06
1.1536e+06
1.1624e+06
1.1671e+06
1.1674e+06
1.1652e+06
1.1638e+06
1.1662e+06
1.1734e+06
1.1838e+06
1.1938e+06
1.1996e+06
1.1984e+06
1.1903e+06
1.1777e+06
1.1644e+06
1.1543e+06
1.1488e+06
1.1471e+06
1.1463e+06
1.143e+06
1.1353e+06
1.1234e+06
1.1098e+06
1.0982e+06
1.0918e+06
1.0921e+06
1.098e+06
1.1064e+06
1.1137e+06
1.1173e+06
1.1169e+06
1.1142e+06
1.112e+06
1.1132e+06
1.1189e+06
1.1279e+06
1.1373e+06
1.1435e+06
1.1444e+06
1.1398e+06
1.1315e+06
1.1225e+06
1.1154e+06
1.1111e+06
1.1089e+06
1.1064e+06
1.1013e+06
1.0927e+06
1.0811e+06
1.0685e+06
1.0577e+06
1.0507e+06
1.0481e+06
1.0491e+06
1.0518e+06
1.0543e+06
1.0556e+06
1.0559e+06
1.0562e+06
1.058e+06
1.0619e+06
1.0677e+06
1.0742e+06
1.0799e+06
1.0836e+06
1.085e+06
1.0847e+06
1.0839e+06
1.0833e+06
1.083e+06
1.0824e+06
1.0804e+06
1.0759e+06
1.0689e+06
1.0598e+06
1.0499e+06
1.0402e+06
1.0316e+06
1.0241e+06
1.0173e+06
1.011e+06
1.0051e+06
1.0002e+06
9.968e+05
9.9543e+05
9.9599e+05
9.9784e+05
1.0001e+06
1.0022e+06
1.004e+06
1.0064e+06
1.0102e+06
1.0162e+06
1.0241e+06
1.0328e+06
1.0403e+06
1.045e+06
1.0462e+06
1.0445e+06
1.0413e+06
1.0384e+06
1.0367e+06
1.0358e+06
1.0342e+06
1.0301e+06
1.0225e+06
1.012e+06
1.0003e+06
9.9002e+05
9.8286e+05
9.7916e+05
9.7746e+05
9.7533e+05
9.7065e+05
9.6267e+05
9.5248e+05
9.4264e+05
9.361e+05
9.3482e+05
9.3881e+05
9.4615e+05
9.5391e+05
9.5959e+05
9.6218e+05
9.6248e+05
9.6249e+05
9.6428e+05
9.6875e+05
9.7501e+05
9.809e+05
9.841e+05
9.8343e+05
9.7947e+05
9.7424e+05
9.7014e+05
9.6858e+05
9.6915e+05
9.6981e+05
9.6803e+05
9.6213e+05
9.5218e+05
9.4003e+05
9.2843e+05
9.1974e+05
9.1477e+05
9.1251e+05
9.108e+05
9.0761e+05
9.0209e+05
8.9498e+05
8.8829e+05
8.8426e+05
8.8423e+05
8.88e+05
8.9395e+05
8.9988e+05
9.0417e+05
9.0641e+05
9.0749e+05
9.0903e+05
9.1239e+05
9.1794e+05
9.2481e+05
9.3145e+05
9.3638e+05
9.3894e+05
9.3937e+05
9.3855e+05
9.3725e+05
9.3571e+05
9.3347e+05
9.2979e+05
9.242e+05
9.1689e+05
9.087e+05
9.0067e+05
8.935e+05
8.8719e+05
8.812e+05
8.7481e+05
8.6774e+05
8.603e+05
8.5334e+05
8.4771e+05
8.4381e+05
8.4137e+05
8.3969e+05
8.3806e+05
8.3628e+05
8.3481e+05
8.345e+05
8.3604e+05
8.3946e+05
8.4404e+05
8.4862e+05
8.5229e+05
8.5496e+05
8.5746e+05
8.6106e+05
8.6661e+05
8.7381e+05
8.8115e+05
8.8656e+05
8.8844e+05
8.8665e+05
8.826e+05
8.7866e+05
8.7683e+05
8.7759e+05
8.7951e+05
8.8007e+05
8.7703e+05
8.6968e+05
8.5931e+05
8.4852e+05
8.3991e+05
8.3459e+05
8.3161e+05
8.2859e+05
8.2317e+05
8.1436e+05
8.0319e+05
7.9224e+05
7.8434e+05
7.8102e+05
7.817e+05
7.8405e+05
7.8531e+05
7.8384e+05
7.7992e+05
7.7566e+05
7.7389e+05
7.7662e+05
7.8388e+05
7.9365e+05
8.0295e+05
8.0934e+05
8.1205e+05
8.1222e+05
8.1216e+05
8.1408e+05
8.1886e+05
8.2569e+05
8.3266e+05
8.379e+05
8.4056e+05
8.41e+05
8.4031e+05
8.3944e+05
8.3856e+05
8.3704e+05
8.3402e+05
8.2918e+05
8.2303e+05
8.167e+05
8.112e+05
8.0675e+05
8.0259e+05
7.9752e+05
7.9066e+05
7.8207e+05
7.7277e+05
7.6409e+05
7.569e+05
7.5105e+05
7.4553e+05
7.3925e+05
7.3184e+05
7.2413e+05
7.1773e+05
7.1421e+05
7.1403e+05
7.1619e+05
7.187e+05
7.197e+05
7.1853e+05
7.1619e+05
7.1482e+05
7.1653e+05
7.2208e+05
7.3032e+05
7.3877e+05
7.4505e+05
7.4823e+05
7.4932e+05
7.5074e+05
7.5484e+05
7.6235e+05
7.718e+05
7.803e+05
7.852e+05
7.8563e+05
7.83e+05
7.802e+05
7.7993e+05
7.8303e+05
7.879e+05
7.9153e+05
7.9134e+05
7.8664e+05
7.7905e+05
7.7154e+05
7.6672e+05
7.6525e+05
7.6554e+05
7.6481e+05
7.608e+05
7.5296e+05
7.4269e+05
7.3241e+05
7.2413e+05
7.1834e+05
7.1394e+05
7.0913e+05
7.0265e+05
6.9457e+05
6.8617e+05
6.7915e+05
6.7461e+05
6.7244e+05
6.7157e+05
6.7071e+05
6.6921e+05
6.673e+05
6.6581e+05
6.6546e+05
6.6636e+05
6.6797e+05
6.6957e+05
6.7094e+05
6.7263e+05
6.7562e+05
6.8061e+05
6.8729e+05
6.9436e+05
7.0015e+05
7.0368e+05
7.0535e+05
7.0684e+05
7.1015e+05
7.1632e+05
7.2462e+05
7.3292e+05
7.3895e+05
7.4165e+05
7.4185e+05
7.4173e+05
7.4341e+05
7.4749e+05
7.5252e+05
7.5589e+05
7.5551e+05
7.5112e+05
7.446e+05
7.3894e+05
7.3645e+05
7.3724e+05
7.3915e+05
7.3913e+05
7.3509e+05
7.2705e+05
7.1708e+05
7.0803e+05
7.018e+05
6.9823e+05
6.954e+05
6.9101e+05
6.8387e+05
6.7455e+05
6.6495e+05
6.5703e+05
6.5161e+05
6.4791e+05
6.4425e+05
6.3921e+05
6.3256e+05
6.2531e+05
6.1902e+05
6.1476e+05
6.1249e+05
6.112e+05
6.0972e+05
6.0754e+05
6.0511e+05
6.0347e+05
6.0349e+05
6.0526e+05
6.0803e+05
6.108e+05
6.1303e+05
6.1495e+05
6.173e+05
6.2066e+05
6.249e+05
6.2919e+05
6.3268e+05
6.3522e+05
6.3769e+05
6.4157e+05
6.4783e+05
6.5601e+05
6.6424e+05
6.7023e+05
6.7278e+05
6.7269e+05
6.7256e+05
6.7537e+05
6.8251e+05
6.9271e+05
7.0263e+05
7.0893e+05
7.1014e+05
7.0759e+05
7.0461e+05
7.0455e+05
7.0864e+05
7.1523e+05
7.2094e+05
7.2294e+05
7.2061e+05
7.1587e+05
7.1187e+05
7.1089e+05
7.1287e+05
7.1554e+05
7.1606e+05
7.1288e+05
7.0663e+05
6.996e+05
6.9416e+05
6.9122e+05
6.8976e+05
6.8773e+05
6.8356e+05
6.772e+05
6.6999e+05
6.6362e+05
6.589e+05
6.5522e+05
6.5109e+05
6.4534e+05
6.3796e+05
6.3006e+05
6.2306e+05
6.1764e+05
6.133e+05
6.088e+05
6.0322e+05
5.9664e+05
5.9016e+05
5.85e+05
5.8155e+05
5.7897e+05
5.7576e+05
5.7087e+05
5.6454e+05
5.5827e+05
5.5388e+05
5.5223e+05
5.5253e+05
5.5283e+05
5.5134e+05
5.4773e+05
5.4341e+05
5.4075e+05
5.4155e+05
5.4571e+05
5.5125e+05
5.5552e+05
5.5684e+05
5.5549e+05
5.5347e+05
5.5326e+05
5.5626e+05
5.6191e+05
5.6824e+05
5.7325e+05
5.762e+05
5.7792e+05
5.8014e+05
5.8423e+05
5.9031e+05
5.9731e+05
6.0382e+05
6.0908e+05
6.1337e+05
6.1753e+05
6.2221e+05
6.2733e+05
6.3227e+05
6.3658e+05
6.4052e+05
6.4498e+05
6.5077e+05
6.5773e+05
6.6465e+05
6.7001e+05
6.7308e+05
6.7467e+05
6.7671e+05
6.8101e+05
6.8786e+05
6.9571e+05
7.0216e+05
7.0564e+05
7.0653e+05
7.0692e+05
7.0915e+05
7.14e+05
7.1996e+05
7.2427e+05
7.2487e+05
7.2202e+05
7.1837e+05
7.1739e+05
7.2098e+05
7.2801e+05
7.3504e+05
7.3855e+05
7.3714e+05
7.3237e+05
7.2767e+05
7.2624e+05
7.2896e+05
7.3404e+05
7.3851e+05
7.4014e+05
7.387e+05
7.3558e+05
7.3258e+05
7.3059e+05
7.2922e+05
7.2751e+05
7.2499e+05
7.2214e+05
7.1997e+05
7.1907e+05
7.19e+05
7.1856e+05
7.1675e+05
7.1359e+05
7.1007e+05
7.0733e+05
7.057e+05
7.0434e+05
7.0196e+05
6.9792e+05
6.9289e+05
6.8844e+05
6.8582e+05
6.848e+05
6.8368e+05
6.8044e+05
6.7426e+05
6.6627e+05
6.5895e+05
6.5444e+05
6.5293e+05
6.5246e+05
6.5027e+05
6.4476e+05
6.3659e+05
6.283e+05
6.2254e+05
6.2024e+05
6.199e+05
6.1871e+05
6.1452e+05
6.0713e+05
5.9835e+05
5.9078e+05
5.8605e+05
5.8396e+05
5.8278e+05
5.8061e+05
5.7647e+05
5.7062e+05
5.6396e+05
5.5736e+05
5.5118e+05
5.4542e+05
5.4011e+05
5.354e+05
5.3135e+05
5.2759e+05
5.2338e+05
5.1806e+05
5.1173e+05
5.0535e+05
5.0025e+05
4.9705e+05
4.9503e+05
4.9246e+05
4.8775e+05
4.8055e+05
4.722e+05
4.6486e+05
4.6009e+05
4.5768e+05
4.5582e+05
4.524e+05
4.4653e+05
4.3912e+05
4.322e+05
4.2751e+05
4.2523e+05
4.2387e+05
4.2146e+05
4.1687e+05
4.1047e+05
4.0366e+05
3.9783e+05
3.9343e+05
3.8985e+05
3.8613e+05
3.8177e+05
3.77e+05
3.7235e+05
3.6808e+05
3.6399e+05
3.5969e+05
3.5523e+05
3.5118e+05
3.4814e+05
3.4602e+05
3.4382e+05
3.402e+05
3.3463e+05
3.2806e+05
3.2255e+05
3.1992e+05
3.2014e+05
3.2105e+05
3.1971e+05
3.1437e+05
