1.6268e+06
1.6415e+06
1.654e+06
1.6689e+06
1.6899e+06
1.7162e+06
1.7429e+06
1.7639e+06
1.7766e+06
1.784e+06
1.7932e+06
1.8112e+06
1.8395e+06
1.8732e+06
1.9044e+06
1.9271e+06
1.9402e+06
1.9476e+06
1.9548e+06
1.9656e+06
1.9806e+06
1.9984e+06
2.0189e+06
2.044e+06
2.0762e+06
2.1153e+06
2.157e+06
2.1939e+06
2.22e+06
2.2344e+06
2.2421e+06
2.2512e+06
2.2682e+06
2.2937e+06
2.323e+06
2.3498e+06
2.3708e+06
2.3877e+06
2.4056e+06
2.4288e+06
2.4575e+06
2.4879e+06
2.5149e+06
2.5362e+06
2.5534e+06
2.571e+06
2.5929e+06
2.6198e+06
2.6498e+06
2.6799e+06
2.7092e+06
2.7387e+06
2.77e+06
2.8029e+06
2.8352e+06
2.8636e+06
2.8871e+06
2.9078e+06
2.9299e+06
2.9568e+06
2.9881e+06
3.0197e+06
3.0464e+06
3.066e+06
3.0812e+06
3.0981e+06
3.1223e+06
3.1548e+06
3.1911e+06
3.2243e+06
3.2496e+06
3.2672e+06
3.2816e+06
3.2985e+06
3.3204e+06
3.3452e+06
3.3687e+06
3.3878e+06
3.4035e+06
3.4207e+06
3.4442e+06
3.4756e+06
3.5113e+06
3.5449e+06
3.5708e+06
3.5873e+06
3.5972e+06
3.6053e+06
3.6157e+06
3.6297e+06
3.6465e+06
3.6648e+06
3.6847e+06
3.707e+06
3.732e+06
3.7578e+06
3.7808e+06
3.7975e+06
3.8069e+06
3.811e+06
3.8142e+06
3.8205e+06
3.831e+06
3.8441e+06
3.857e+06
3.8681e+06
3.8784e+06
3.8904e+06
3.9058e+06
3.9232e+06
3.9391e+06
3.9492e+06
3.9515e+06
3.9477e+06
3.942e+06
3.9386e+06
3.9395e+06
3.9428e+06
3.9451e+06
3.9432e+06
3.9364e+06
3.9266e+06
3.9169e+06
3.9099e+06
3.9062e+06
3.9052e+06
3.9057e+06
3.9065e+06
3.9067e+06
3.9047e+06
3.8984e+06
3.8854e+06
3.8643e+06
3.8364e+06
3.8051e+06
3.7758e+06
3.7528e+06
3.7382e+06
3.7308e+06
3.7271e+06
3.7231e+06
3.7156e+06
3.7031e+06
3.6856e+06
3.6639e+06
3.6393e+06
3.6133e+06
3.5871e+06
3.5618e+06
3.5378e+06
3.5146e+06
3.4915e+06
3.4676e+06
3.4433e+06
3.4198e+06
3.3988e+06
3.3809e+06
3.365e+06
3.3485e+06
3.3287e+06
3.304e+06
3.2753e+06
3.2459e+06
3.2196e+06
3.1996e+06
3.1864e+06
3.1786e+06
3.1733e+06
3.1682e+06
3.162e+06
3.1547e+06
3.147e+06
3.1397e+06
3.1333e+06
3.1282e+06
3.1253e+06
3.1255e+06
3.1297e+06
3.1383e+06
3.1511e+06
3.1671e+06
3.1855e+06
3.2058e+06
3.2271e+06
3.2484e+06
3.2677e+06
3.2832e+06
3.2943e+06
3.3024e+06
3.3119e+06
3.328e+06
3.3545e+06
3.3913e+06
3.4339e+06
3.4753e+06
3.5094e+06
3.5341e+06
3.5524e+06
3.5702e+06
3.5935e+06
3.6242e+06
3.6595e+06
3.694e+06
3.7225e+06
3.7438e+06
3.7603e+06
3.7771e+06
3.7977e+06
3.8225e+06
3.8488e+06
3.8728e+06
3.8926e+06
3.9094e+06
3.9262e+06
3.9452e+06
3.9654e+06
3.9831e+06
3.9933e+06
3.9936e+06
3.9857e+06
3.9746e+06
3.9662e+06
3.9636e+06
3.9657e+06
3.9683e+06
3.9671e+06
3.9602e+06
3.9494e+06
3.9379e+06
3.928e+06
3.9183e+06
3.9049e+06
3.8835e+06
3.8524e+06
3.8144e+06
3.776e+06
3.7437e+06
3.7211e+06
3.7073e+06
3.6975e+06
3.686e+06
3.6695e+06
3.6478e+06
3.6233e+06
3.5987e+06
3.5756e+06
3.5541e+06
3.5331e+06
3.5126e+06
3.4935e+06
3.4773e+06
3.465e+06
3.4556e+06
3.4472e+06
3.4379e+06
3.4278e+06
3.4198e+06
3.4181e+06
3.4264e+06
3.4448e+06
3.4699e+06
3.496e+06
3.5182e+06
3.5349e+06
3.5486e+06
3.5644e+06
3.5865e+06
3.6157e+06
3.6486e+06
3.6799e+06
3.705e+06
3.7231e+06
3.7374e+06
3.7534e+06
3.7756e+06
3.8048e+06
3.8381e+06
3.8704e+06
3.8978e+06
3.9195e+06
3.9376e+06
3.9555e+06
3.9752e+06
3.996e+06
4.0146e+06
4.0276e+06
4.0329e+06
4.0315e+06
4.026e+06
4.0192e+06
4.0123e+06
4.0049e+06
3.9955e+06
3.9831e+06
3.9681e+06
3.9523e+06
3.9371e+06
3.9222e+06
3.906e+06
3.8857e+06
3.8599e+06
3.8292e+06
3.7964e+06
3.7653e+06
3.7389e+06
3.7178e+06
3.7003e+06
3.6841e+06
3.6674e+06
3.6504e+06
3.634e+06
3.6198e+06
3.608e+06
3.5979e+06
3.5878e+06
3.5772e+06
3.5671e+06
3.5601e+06
3.5592e+06
3.5657e+06
3.579e+06
3.5961e+06
3.6138e+06
3.6303e+06
3.6462e+06
3.6636e+06
3.6852e+06
3.7118e+06
3.7417e+06
3.7714e+06
3.7976e+06
3.819e+06
3.8372e+06
3.8555e+06
3.8769e+06
3.9022e+06
3.9291e+06
3.954e+06
3.9732e+06
3.9856e+06
3.9924e+06
3.996e+06
3.9979e+06
3.9977e+06
3.9926e+06
3.9802e+06
3.96e+06
3.9349e+06
3.9097e+06
3.8892e+06
3.875e+06
3.8647e+06
3.8525e+06
3.8331e+06
3.8041e+06
3.7678e+06
3.7298e+06
3.6966e+06
3.6719e+06
3.6552e+06
3.6421e+06
3.6275e+06
3.6086e+06
3.5864e+06
3.5654e+06
3.5511e+06
3.5474e+06
3.5542e+06
3.5676e+06
3.5827e+06
3.5954e+06
3.6049e+06
3.6134e+06
3.6248e+06
3.6427e+06
3.668e+06
3.6994e+06
3.7334e+06
3.7667e+06
3.7973e+06
3.8247e+06
3.8492e+06
3.8713e+06
3.8911e+06
3.9079e+06
3.9216e+06
3.9326e+06
3.9417e+06
3.9494e+06
3.955e+06
3.9563e+06
3.951e+06
3.9378e+06
3.9176e+06
3.8944e+06
3.8732e+06
3.8576e+06
3.8482e+06
3.8419e+06
3.8329e+06
3.8165e+06
3.7909e+06
3.7584e+06
3.7243e+06
3.694e+06
3.6701e+06
3.6514e+06
3.6334e+06
3.6114e+06
3.5831e+06
3.551e+06
3.5217e+06
3.5033e+06
3.5019e+06
3.5189e+06
3.5496e+06
3.5864e+06
3.6213e+06
3.6496e+06
3.671e+06
3.6888e+06
3.7077e+06
3.7307e+06
3.7576e+06
3.7849e+06
3.8081e+06
3.8239e+06
3.8319e+06
3.8346e+06
3.8365e+06
3.8412e+06
3.8502e+06
3.8621e+06
3.8734e+06
3.88e+06
3.8792e+06
3.8703e+06
3.8541e+06
3.833e+06
3.8094e+06
3.7854e+06
3.7622e+06
3.7404e+06
3.7197e+06
3.6991e+06
3.6776e+06
3.6542e+06
3.629e+06
3.6034e+06
3.5804e+06
3.5635e+06
3.556e+06
3.5589e+06
3.571e+06
3.5889e+06
3.6083e+06
3.6259e+06
3.6406e+06
3.6539e+06
3.6686e+06
3.6875e+06
3.7115e+06
3.7389e+06
3.766e+06
3.7893e+06
3.8065e+06
3.818e+06
3.8261e+06
3.8335e+06
3.8414e+06
3.8486e+06
3.8518e+06
3.8477e+06
3.8347e+06
3.814e+06
3.7893e+06
3.7647e+06
3.7427e+06
3.7229e+06
3.7021e+06
3.6769e+06
3.6457e+06
3.6102e+06
3.5754e+06
3.5476e+06
3.5309e+06
3.526e+06
3.5287e+06
3.5327e+06
3.5319e+06
3.5239e+06
3.5108e+06
3.4983e+06
3.4934e+06
3.501e+06
3.5209e+06
3.5486e+06
3.5766e+06
3.5982e+06
3.6106e+06
3.6151e+06
3.617e+06
3.6215e+06
3.6317e+06
3.646e+06
3.6595e+06
3.6664e+06
3.6627e+06
3.6487e+06
3.6282e+06
3.6065e+06
3.588e+06
3.5733e+06
3.5597e+06
3.5426e+06
3.5183e+06
3.4862e+06
3.4493e+06
3.4132e+06
3.3835e+06
3.3639e+06
3.3547e+06
3.3529e+06
3.3545e+06
3.3563e+06
3.3573e+06
3.3585e+06
3.3628e+06
3.3722e+06
3.3874e+06
3.4069e+06
3.4279e+06
3.4477e+06
3.4648e+06
3.479e+06
3.4916e+06
3.5034e+06
3.514e+06
3.5218e+06
3.5243e+06
3.5195e+06
3.5073e+06
3.4892e+06
3.468e+06
3.4463e+06
3.4252e+06
3.4042e+06
3.3817e+06
3.3567e+06
3.3296e+06
3.3029e+06
3.2801e+06
3.2644e+06
3.2571e+06
3.2567e+06
3.2598e+06
3.2624e+06
3.2623e+06
3.26e+06
3.2588e+06
3.264e+06
3.2799e+06
3.308e+06
3.3457e+06
3.3872e+06
3.4253e+06
3.4542e+06
3.4714e+06
3.4782e+06
3.4786e+06
3.477e+06
3.4765e+06
3.4772e+06
3.4768e+06
3.4715e+06
3.4588e+06
3.4379e+06
3.4105e+06
3.3799e+06
3.3489e+06
3.3198e+06
3.2931e+06
3.2682e+06
3.2448e+06
3.2236e+06
3.2064e+06
3.1958e+06
3.194e+06
3.2018e+06
3.2178e+06
3.239e+06
3.2616e+06
3.2825e+06
3.2998e+06
3.3136e+06
3.3249e+06
3.3349e+06
3.3438e+06
3.3508e+06
3.3544e+06
3.3529e+06
3.3456e+06
3.3333e+06
3.3176e+06
3.3001e+06
3.2817e+06
3.2621e+06
3.2402e+06
3.215e+06
3.1868e+06
3.1573e+06
3.1298e+06
3.108e+06
3.0945e+06
3.0901e+06
3.0933e+06
3.1008e+06
3.1096e+06
3.1172e+06
3.1233e+06
3.1294e+06
3.1377e+06
3.1501e+06
3.1669e+06
3.1864e+06
3.2055e+06
3.2205e+06
3.2293e+06
3.2313e+06
3.2279e+06
3.2213e+06
3.2135e+06
3.2049e+06
3.1947e+06
3.1814e+06
3.1636e+06
3.1419e+06
3.1183e+06
3.0962e+06
3.0792e+06
3.0694e+06
3.0669e+06
3.0698e+06
3.075e+06
3.0796e+06
3.0822e+06
3.0832e+06
3.0847e+06
3.0894e+06
3.0991e+06
3.114e+06
3.132e+06
3.1496e+06
3.1629e+06
3.1696e+06
3.1692e+06
3.163e+06
3.1537e+06
3.1435e+06
3.1336e+06
3.1236e+06
3.1116e+06
3.0959e+06
3.0758e+06
3.0519e+06
3.0263e+06
3.002e+06
2.9818e+06
2.9676e+06
2.9599e+06
2.958e+06
2.9607e+06
2.9667e+06
2.9751e+06
2.9853e+06
2.9972e+06
3.0102e+06
3.0231e+06
3.0347e+06
3.0432e+06
3.0478e+06
3.0481e+06
3.0445e+06
3.038e+06
3.029e+06
3.0175e+06
3.0028e+06
2.9839e+06
2.9604e+06
2.9331e+06
2.9043e+06
2.8772e+06
2.8551e+06
2.8403e+06
2.8334e+06
2.833e+06
2.8362e+06
2.8402e+06
2.8428e+06
2.8436e+06
2.8443e+06
2.8476e+06
2.8557e+06
2.8697e+06
2.8877e+06
2.9058e+06
2.9192e+06
2.9234e+06
2.9163e+06
2.8983e+06
2.8725e+06
2.8433e+06
2.8149e+06
2.79e+06
2.7694e+06
2.7521e+06
2.7365e+06
2.7216e+06
2.7079e+06
2.6969e+06
2.6908e+06
2.6916e+06
2.6997e+06
2.7137e+06
2.7307e+06
2.747e+06
2.7597e+06
2.7673e+06
2.7701e+06
2.7701e+06
2.7694e+06
2.7697e+06
2.7707e+06
2.7707e+06
2.7671e+06
2.7578e+06
2.742e+06
2.721e+06
2.6979e+06
2.6763e+06
2.6596e+06
2.6495e+06
2.6463e+06
2.6484e+06
2.6536e+06
2.6602e+06
2.6672e+06
2.6749e+06
2.6841e+06
2.6957e+06
2.7096e+06
2.7244e+06
2.7375e+06
2.7461e+06
2.7476e+06
2.7414e+06
2.7285e+06
2.7114e+06
2.6933e+06
2.6771e+06
2.664e+06
2.6541e+06
2.6459e+06
2.6379e+06
2.6287e+06
2.6184e+06
2.6077e+06
2.5986e+06
2.5926e+06
2.5908e+06
2.5934e+06
2.5991e+06
2.6062e+06
2.6129e+06
2.6176e+06
2.6197e+06
2.6193e+06
2.6169e+06
2.6129e+06
2.6074e+06
2.6001e+06
2.5903e+06
2.578e+06
2.5636e+06
2.5482e+06
2.5334e+06
2.5207e+06
2.5111e+06
2.5049e+06
2.5016e+06
2.5001e+06
2.4994e+06
2.4989e+06
2.4986e+06
2.4993e+06
2.5016e+06
2.5059e+06
2.5117e+06
2.5175e+06
2.5209e+06
2.5201e+06
2.5135e+06
2.5013e+06
2.4848e+06
2.4662e+06
2.4479e+06
2.4315e+06
2.4178e+06
2.4063e+06
2.396e+06
2.386e+06
2.3762e+06
2.3673e+06
2.361e+06
2.3594e+06
2.3638e+06
2.3744e+06
2.3893e+06
2.4054e+06
2.4186e+06
2.4255e+06
2.4241e+06
2.4143e+06
2.3982e+06
2.379e+06
2.3599e+06
2.3433e+06
2.3301e+06
2.3198e+06
2.3111e+06
2.3029e+06
2.2949e+06
2.2879e+06
2.2837e+06
2.2845e+06
2.2917e+06
2.3051e+06
2.3229e+06
2.3417e+06
2.3574e+06
2.3664e+06
2.367e+06
2.3594e+06
2.3458e+06
2.3296e+06
2.3145e+06
2.3028e+06
2.2954e+06
2.2914e+06
2.2888e+06
2.286e+06
2.2819e+06
2.2768e+06
2.2719e+06
2.2694e+06
2.271e+06
2.2773e+06
2.2875e+06
2.2994e+06
2.3103e+06
2.3172e+06
2.3188e+06
2.3147e+06
2.3066e+06
2.2965e+06
2.2868e+06
2.2789e+06
2.2728e+06
2.2677e+06
2.262e+06
2.2549e+06
2.246e+06
2.2366e+06
2.2285e+06
2.224e+06
2.2248e+06
2.2312e+06
2.242e+06
2.2543e+06
2.2647e+06
2.2701e+06
2.2687e+06
2.2604e+06
2.2471e+06
2.2317e+06
2.2172e+06
2.2057e+06
2.1979e+06
2.193e+06
2.1893e+06
2.1852e+06
2.1797e+06
2.1729e+06
2.1661e+06
2.1613e+06
2.1604e+06
2.1642e+06
2.1724e+06
2.183e+06
2.1928e+06
2.1987e+06
2.1984e+06
2.1911e+06
2.1781e+06
2.1619e+06
2.1458e+06
2.1327e+06
2.1245e+06
2.1215e+06
2.1223e+06
2.1253e+06
2.1284e+06
2.1303e+06
2.1309e+06
2.131e+06
2.1317e+06
2.1346e+06
2.1403e+06
2.1484e+06
2.1572e+06
2.1647e+06
2.1686e+06
2.1677e+06
2.1618e+06
2.1522e+06
2.1411e+06
2.1308e+06
2.1233e+06
2.1196e+06
2.1197e+06
2.1225e+06
2.1267e+06
2.131e+06
2.1346e+06
2.1375e+06
2.1402e+06
2.1432e+06
2.1468e+06
2.1506e+06
2.1531e+06
2.1528e+06
2.1479e+06
2.1378e+06
2.1229e+06
2.105e+06
2.0867e+06
2.071e+06
2.0601e+06
2.0551e+06
2.0555e+06
2.0597e+06
2.0653e+06
2.0696e+06
2.0708e+06
2.0683e+06
2.0625e+06
2.0549e+06
2.0472e+06
2.0405e+06
2.0351e+06
2.0301e+06
2.0241e+06
2.0156e+06
2.0038e+06
1.9891e+06
1.9729e+06
1.9577e+06
1.9463e+06
1.9408e+06
1.9421e+06
1.9495e+06
1.9608e+06
1.9729e+06
1.9822e+06
1.9862e+06
1.9835e+06
1.9745e+06
1.961e+06
1.9458e+06
1.9317e+06
1.9207e+06
1.9138e+06
1.9109e+06
1.9109e+06
1.9123e+06
1.914e+06
1.9152e+06
1.9157e+06
1.916e+06
1.9163e+06
1.917e+06
1.9177e+06
1.9172e+06
1.9144e+06
1.9077e+06
1.8966e+06
1.8812e+06
1.8629e+06
1.8441e+06
1.8273e+06
1.8148e+06
1.8081e+06
1.8073e+06
1.8113e+06
1.818e+06
1.825e+06
1.8301e+06
1.8318e+06
1.8296e+06
1.8241e+06
1.8165e+06
1.8083e+06
1.8004e+06
1.7933e+06
1.7866e+06
1.7797e+06
1.772e+06
1.7634e+06
1.7544e+06
1.7463e+06
1.7408e+06
1.7393e+06
1.7429e+06
1.7517e+06
1.7645e+06
1.7792e+06
1.7929e+06
1.803e+06
1.8076e+06
1.8059e+06
1.7988e+06
1.7881e+06
1.7764e+06
1.7662e+06
1.7597e+06
1.7576e+06
1.76e+06
1.7656e+06
1.7729e+06
1.7802e+06
1.7863e+06
1.7908e+06
1.7936e+06
1.7955e+06
1.797e+06
1.7984e+06
1.7994e+06
1.7991e+06
1.7965e+06
1.791e+06
1.7825e+06
1.7717e+06
1.7603e+06
1.7502e+06
1.7433e+06
1.741e+06
1.7438e+06
1.7507e+06
1.7598e+06
1.7685e+06
1.774e+06
1.7743e+06
1.7686e+06
1.7574e+06
1.7427e+06
1.727e+06
1.7133e+06
1.7038e+06
1.6997e+06
1.701e+06
1.7062e+06
1.7133e+06
1.7201e+06
1.7245e+06
1.7255e+06
1.7229e+06
1.7173e+06
1.7101e+06
1.7027e+06
1.6961e+06
1.6906e+06
1.686e+06
1.6817e+06
1.6771e+06
1.6719e+06
1.6665e+06
1.6616e+06
1.6581e+06
1.6572e+06
1.6594e+06
1.6644e+06
1.6714e+06
1.6784e+06
1.6833e+06
1.6841e+06
1.6797e+06
1.67e+06
1.6563e+06
1.6407e+06
1.6262e+06
1.6155e+06
1.6107e+06
1.6125e+06
1.6204e+06
1.6324e+06
1.6458e+06
1.6576e+06
1.6653e+06
1.6677e+06
1.6645e+06
1.657e+06
1.6474e+06
1.6382e+06
1.6317e+06
1.6293e+06
1.6313e+06
1.6371e+06
1.6454e+06
1.6543e+06
1.6622e+06
1.6681e+06
1.6713e+06
1.6721e+06
1.6712e+06
1.6692e+06
1.667e+06
1.6645e+06
1.6614e+06
1.6573e+06
1.6515e+06
1.6439e+06
1.635e+06
1.6258e+06
1.6177e+06
1.612e+06
1.61e+06
1.612e+06
1.6178e+06
1.6258e+06
1.6341e+06
1.6402e+06
1.6421e+06
1.6388e+06
1.6301e+06
1.6173e+06
1.6025e+06
1.5886e+06
1.5779e+06
1.5724e+06
1.5728e+06
1.5785e+06
1.5877e+06
1.598e+06
1.6067e+06
1.6116e+06
1.6115e+06
1.6064e+06
1.5974e+06
1.5867e+06
1.5766e+06
1.5692e+06
1.5661e+06
1.5675e+06
1.5727e+06
1.5804e+06
1.5885e+06
1.5952e+06
1.599e+06
1.5994e+06
1.5966e+06
1.5918e+06
1.5864e+06
1.5821e+06
1.5798e+06
1.5799e+06
1.5821e+06
1.5855e+06
1.5891e+06
1.5917e+06
1.5926e+06
1.5917e+06
1.5892e+06
1.5859e+06
1.5828e+06
1.5809e+06
1.5806e+06
1.5819e+06
1.5841e+06
1.5861e+06
1.5867e+06
1.5852e+06
1.5814e+06
1.5755e+06
1.5684e+06
1.5611e+06
1.5549e+06
1.5506e+06
1.5487e+06
1.5489e+06
1.5503e+06
1.5516e+06
1.5514e+06
1.5487e+06
1.5431e+06
1.5353e+06
1.5264e+06
1.5181e+06
1.5121e+06
1.5098e+06
1.5118e+06
1.518e+06
1.5272e+06
1.5376e+06
1.5469e+06
1.5533e+06
1.5554e+06
1.5527e+06
1.5461e+06
1.5371e+06
1.5278e+06
1.5205e+06
1.5167e+06
1.5175e+06
1.5224e+06
1.5304e+06
1.5392e+06
1.5468e+06
1.5509e+06
1.5503e+06
1.5447e+06
1.535e+06
1.5232e+06
1.5116e+06
1.5025e+06
1.4979e+06
1.4987e+06
1.5044e+06
1.5137e+06
1.5242e+06
1.5335e+06
1.5391e+06
1.5396e+06
1.5344e+06
1.5245e+06
1.5116e+06
1.4982e+06
1.4871e+06
1.4804e+06
1.4794e+06
1.484e+06
1.4931e+06
1.5049e+06
1.5166e+06
1.526e+06
1.5309e+06
1.5306e+06
1.5251e+06
1.5157e+06
1.5046e+06
1.494e+06
1.4862e+06
1.4826e+06
1.4836e+06
1.4889e+06
1.497e+06
1.5062e+06
1.5144e+06
1.5198e+06
1.5215e+06
1.5192e+06
1.5136e+06
1.5061e+06
1.4986e+06
1.4926e+06
1.4894e+06
1.4894e+06
1.4924e+06
1.4972e+06
1.5025e+06
1.5067e+06
1.5085e+06
1.5071e+06
1.5025e+06
1.4955e+06
1.4874e+06
1.4798e+06
1.4742e+06
1.4718e+06
1.4731e+06
1.4776e+06
1.4844e+06
1.492e+06
1.4988e+06
1.5033e+06
1.5044e+06
1.5019e+06
1.4963e+06
1.4889e+06
1.4813e+06
1.4752e+06
1.4721e+06
1.4726e+06
1.4767e+06
1.4834e+06
1.4915e+06
1.4993e+06
1.5049e+06
1.5072e+06
1.5054e+06
1.4998e+06
1.4913e+06
1.4817e+06
1.4728e+06
1.4663e+06
1.4634e+06
1.4647e+06
1.4696e+06
1.477e+06
1.4854e+06
1.493e+06
1.498e+06
1.4995e+06
1.4971e+06
1.4912e+06
1.4833e+06
1.4748e+06
1.4677e+06
1.4633e+06
1.4625e+06
1.4653e+06
1.471e+06
1.478e+06
1.4847e+06
1.4891e+06
1.4901e+06
1.487e+06
1.4802e+06
1.4711e+06
1.4615e+06
1.4536e+06
1.4493e+06
1.4496e+06
1.4549e+06
1.4644e+06
1.4764e+06
1.4889e+06
1.4995e+06
1.5062e+06
1.5078e+06
1.5041e+06
1.496e+06
1.4853e+06
1.4744e+06
1.4657e+06
1.4611e+06
1.4618e+06
1.4675e+06
1.4771e+06
1.4884e+06
1.4991e+06
1.5067e+06
1.5095e+06
1.5067e+06
1.4988e+06
1.4873e+06
1.4748e+06
1.464e+06
1.4573e+06
1.4565e+06
1.4621e+06
1.4735e+06
1.4888e+06
1.5054e+06
1.5205e+06
1.5317e+06
1.5373e+06
1.5368e+06
1.5309e+06
1.5215e+06
1.5108e+06
1.5012e+06
1.4948e+06
1.4927e+06
1.4951e+06
1.5009e+06
1.5085e+06
1.5157e+06
1.5205e+06
1.5215e+06
1.5182e+06
1.5109e+06
1.501e+06
1.4904e+06
1.481e+06
1.4747e+06
1.4726e+06
1.475e+06
1.4814e+06
1.4906e+06
1.5009e+06
1.5106e+06
1.5182e+06
1.5227e+06
1.5238e+06
1.5221e+06
1.5184e+06
1.5138e+06
1.5093e+06
1.5058e+06
1.5038e+06
1.5034e+06
1.5045e+06
1.5066e+06
1.5094e+06
1.5122e+06
1.5147e+06
1.5167e+06
1.5182e+06
1.5191e+06
1.5195e+06
1.5193e+06
1.5185e+06
1.5171e+06
1.5152e+06
1.5132e+06
1.5116e+06
1.511e+06
1.5116e+06
1.5138e+06
1.5173e+06
1.5219e+06
1.5266e+06
1.5304e+06
1.5322e+06
1.5313e+06
1.5273e+06
1.5207e+06
1.5124e+06
1.5041e+06
1.4975e+06
1.4942e+06
1.4953e+06
1.501e+06
1.5106e+06
1.5225e+06
1.5346e+06
1.5447e+06
1.5508e+06
1.5519e+06
1.5475e+06
1.5388e+06
1.5273e+06
1.5154e+06
1.5053e+06
1.4989e+06
1.4971e+06
1.5002e+06
1.5071e+06
1.5165e+06
1.5264e+06
1.5351e+06
1.5414e+06
1.5447e+06
1.5454e+06
1.5441e+06
1.5419e+06
1.5401e+06
1.5392e+06
1.5397e+06
1.5414e+06
1.5439e+06
1.5467e+06
1.5493e+06
1.5512e+06
1.5523e+06
1.5529e+06
1.5532e+06
1.5536e+06
1.5541e+06
1.5546e+06
1.5545e+06
1.5533e+06
1.5509e+06
1.5474e+06
1.5436e+06
1.5405e+06
1.5396e+06
1.5418e+06
1.5479e+06
1.5578e+06
1.5704e+06
1.5841e+06
1.5964e+06
1.6051e+06
1.6084e+06
1.6054e+06
1.5964e+06
1.5831e+06
1.5681e+06
1.5543e+06
1.5444e+06
1.5403e+06
1.5426e+06
1.5508e+06
1.5631e+06
1.577e+06
1.5899e+06
1.5996e+06
1.6047e+06
1.6052e+06
1.6016e+06
1.5957e+06
1.5889e+06
1.5828e+06
1.5782e+06
1.5755e+06
1.5743e+06
1.5744e+06
1.5752e+06
1.5766e+06
1.5787e+06
1.5817e+06
1.5861e+06
1.5922e+06
1.6e+06
1.6087e+06
1.6169e+06
1.623e+06
1.6256e+06
1.6239e+06
1.6181e+06
1.6094e+06
1.6e+06
1.5921e+06
1.588e+06
1.5891e+06
1.5956e+06
1.6062e+06
1.6189e+06
1.6309e+06
1.6393e+06
1.6425e+06
1.6397e+06
1.6316e+06
1.6202e+06
1.6082e+06
1.5981e+06
1.592e+06
1.5906e+06
1.5937e+06
1.5998e+06
1.6072e+06
1.6142e+06
1.6192e+06
1.6218e+06
1.6223e+06
1.6216e+06
1.6208e+06
1.6209e+06
1.6223e+06
1.6243e+06
1.6259e+06
1.6259e+06
1.6235e+06
1.6187e+06
1.6124e+06
1.6062e+06
1.6019e+06
1.6013e+06
1.6054e+06
1.6141e+06
1.626e+06
1.6387e+06
1.6496e+06
1.656e+06
1.6565e+06
1.6508e+06
1.6401e+06
1.6267e+06
1.6135e+06
1.603e+06
1.5971e+06
1.5962e+06
1.6e+06
1.6071e+06
1.6157e+06
1.6242e+06
1.6315e+06
1.6371e+06
1.6413e+06
1.6446e+06
1.6477e+06
1.6507e+06
1.6532e+06
1.6542e+06
1.6527e+06
1.648e+06
1.6403e+06
1.6306e+06
1.621e+06
1.6135e+06
1.6103e+06
1.6126e+06
1.6204e+06
1.6327e+06
1.647e+06
1.6607e+06
1.6712e+06
1.6768e+06
1.6768e+06
1.672e+06
1.6642e+06
1.6555e+06
1.6477e+06
1.6421e+06
1.6387e+06
1.6372e+06
1.6366e+06
1.6361e+06
1.6354e+06
1.6346e+06
1.6344e+06
1.6359e+06
1.6398e+06
1.6465e+06
1.6553e+06
1.6648e+06
1.673e+06
1.6776e+06
1.6773e+06
1.6718e+06
1.662e+06
1.6497e+06
1.6374e+06
1.6276e+06
1.6219e+06
1.621e+06
1.6245e+06
1.6312e+06
1.6395e+06
1.6478e+06
1.6552e+06
1.6611e+06
1.6658e+06
1.6696e+06
1.6728e+06
1.6753e+06
1.6765e+06
1.6756e+06
1.6719e+06
1.6653e+06
1.6564e+06
1.6467e+06
1.6383e+06
1.633e+06
1.6324e+06
1.6367e+06
1.6453e+06
1.6565e+06
1.668e+06
1.6776e+06
1.6837e+06
1.6857e+06
1.6839e+06
1.6796e+06
1.6742e+06
1.6688e+06
1.664e+06
1.6595e+06
1.6547e+06
1.6489e+06
1.6418e+06
1.634e+06
1.6266e+06
1.6211e+06
1.619e+06
1.6212e+06
1.6276e+06
1.6371e+06
1.6477e+06
1.6571e+06
1.6632e+06
1.6648e+06
1.6617e+06
1.6547e+06
1.6454e+06
1.6356e+06
1.6267e+06
1.6193e+06
1.6134e+06
1.6086e+06
1.6045e+06
1.601e+06
1.5984e+06
1.5974e+06
1.5988e+06
1.6033e+06
1.6106e+06
1.6197e+06
1.6291e+06
1.6366e+06
1.6405e+06
1.6398e+06
1.6348e+06
1.6266e+06
1.6171e+06
1.6084e+06
1.602e+06
1.5986e+06
1.5978e+06
1.5987e+06
1.6002e+06
1.6016e+06
1.6027e+06
1.604e+06
1.6063e+06
1.6107e+06
1.6175e+06
1.6263e+06
1.6356e+06
1.6434e+06
1.6477e+06
1.6472e+06
1.6414e+06
1.6314e+06
1.619e+06
1.6063e+06
1.5953e+06
1.5872e+06
1.5821e+06
1.5794e+06
1.5782e+06
1.5776e+06
1.5774e+06
1.5779e+06
1.5798e+06
1.5838e+06
1.5902e+06
1.5983e+06
1.6066e+06
1.6132e+06
1.6162e+06
1.6143e+06
1.6075e+06
1.597e+06
1.5847e+06
1.5728e+06
1.563e+06
1.5562e+06
1.5523e+06
1.5502e+06
1.5491e+06
1.5481e+06
1.5473e+06
1.5473e+06
1.5491e+06
1.5538e+06
1.5616e+06
1.5716e+06
1.5821e+06
1.5906e+06
1.595e+06
1.594e+06
1.5877e+06
1.5775e+06
1.5658e+06
1.5549e+06
1.5463e+06
1.5404e+06
1.5365e+06
1.5333e+06
1.5293e+06
1.5242e+06
1.5183e+06
1.513e+06
1.5102e+06
1.5116e+06
1.5177e+06
1.5276e+06
1.5392e+06
1.5496e+06
1.5561e+06
1.557e+06
1.5522e+06
1.543e+06
1.5318e+06
1.5211e+06
1.5126e+06
1.5068e+06
1.5031e+06
1.5002e+06
1.4966e+06
1.4918e+06
1.4863e+06
1.4811e+06
1.4779e+06
1.478e+06
1.4817e+06
1.4883e+06
1.4962e+06
1.5033e+06
1.5081e+06
1.5096e+06
1.5081e+06
1.5047e+06
1.5006e+06
1.4968e+06
1.4935e+06
1.4898e+06
1.4846e+06
1.4771e+06
1.4671e+06
1.4557e+06
1.4446e+06
1.4358e+06
1.431e+06
1.431e+06
1.4353e+06
1.4422e+06
1.4497e+06
1.4561e+06
1.4603e+06
1.4623e+06
1.463e+06
1.4636e+06
1.4648e+06
1.4664e+06
1.4674e+06
1.4664e+06
1.4619e+06
1.4534e+06
1.4417e+06
1.4286e+06
1.4162e+06
1.4066e+06
1.401e+06
1.3993e+06
1.4004e+06
1.4029e+06
1.4054e+06
1.4074e+06
1.409e+06
1.4111e+06
1.4146e+06
1.42e+06
1.427e+06
1.4342e+06
1.4398e+06
1.4424e+06
1.4411e+06
1.4362e+06
1.4289e+06
1.4208e+06
1.413e+06
1.4059e+06
1.3991e+06
1.3918e+06
1.3833e+06
1.3736e+06
1.3638e+06
1.3557e+06
1.3512e+06
1.3517e+06
1.3573e+06
1.3667e+06
1.3775e+06
1.3871e+06
1.3936e+06
1.3965e+06
1.3966e+06
1.3957e+06
1.3956e+06
1.3974e+06
1.4004e+06
1.4029e+06
1.4024e+06
1.397e+06
1.3862e+06
1.3712e+06
1.3547e+06
1.3395e+06
1.3283e+06
1.322e+06
1.3202e+06
1.3211e+06
1.3227e+06
1.3236e+06
1.3235e+06
1.3233e+06
1.3245e+06
1.3284e+06
1.3355e+06
1.345e+06
1.3549e+06
1.3629e+06
1.3673e+06
1.3675e+06
1.3643e+06
1.3593e+06
1.354e+06
1.3493e+06
1.3447e+06
1.3391e+06
1.331e+06
1.3198e+06
1.3061e+06
1.2917e+06
1.2791e+06
1.2703e+06
1.2664e+06
1.267e+06
1.2704e+06
1.2744e+06
1.2774e+06
1.279e+06
1.28e+06
1.282e+06
1.2867e+06
1.2946e+06
1.3045e+06
1.3139e+06
1.3199e+06
1.3205e+06
1.315e+06
1.3051e+06
1.2934e+06
1.2827e+06
1.275e+06
1.2702e+06
1.2665e+06
1.2617e+06
1.2541e+06
1.2433e+06
1.2308e+06
1.2195e+06
1.2121e+06
1.2105e+06
1.2148e+06
1.2229e+06
1.232e+06
1.2391e+06
1.2429e+06
1.2435e+06
1.2428e+06
1.243e+06
1.246e+06
1.2516e+06
1.2579e+06
1.262e+06
1.2615e+06
1.2553e+06
1.2446e+06
1.2318e+06
1.22e+06
1.2114e+06
1.2063e+06
1.203e+06
1.199e+06
1.1924e+06
1.1825e+06
1.1708e+06
1.1602e+06
1.1537e+06
1.1537e+06
1.1603e+06
1.1713e+06
1.1835e+06
1.1935e+06
1.1995e+06
1.2014e+06
1.2012e+06
1.2015e+06
1.2044e+06
1.2102e+06
1.2174e+06
1.223e+06
1.2243e+06
1.22e+06
1.2107e+06
1.1987e+06
1.1871e+06
1.1779e+06
1.172e+06
1.1683e+06
1.1648e+06
1.1599e+06
1.1528e+06
1.1444e+06
1.1369e+06
1.1323e+06
1.1319e+06
1.1358e+06
1.1424e+06
1.1494e+06
1.155e+06
1.1584e+06
1.1603e+06
1.1624e+06
1.1661e+06
1.1723e+06
1.18e+06
1.1871e+06
1.1912e+06
1.1908e+06
1.1856e+06
1.1769e+06
1.167e+06
1.1579e+06
1.1506e+06
1.1448e+06
1.139e+06
1.1319e+06
1.1228e+06
1.1122e+06
1.1016e+06
1.0927e+06
1.0869e+06
1.0845e+06
1.0847e+06
1.0865e+06
1.0885e+06
1.0902e+06
1.0921e+06
1.0949e+06
1.0995e+06
1.106e+06
1.1137e+06
1.1214e+06
1.1275e+06
1.1312e+06
1.1324e+06
1.1321e+06
1.1312e+06
1.1302e+06
1.1291e+06
1.1268e+06
1.1222e+06
1.1147e+06
1.1044e+06
1.0924e+06
1.0803e+06
1.0693e+06
1.06e+06
1.0523e+06
1.0455e+06
1.0389e+06
1.0326e+06
1.0271e+06
1.0234e+06
1.0223e+06
1.024e+06
1.0278e+06
1.0329e+06
1.038e+06
1.0427e+06
1.0472e+06
1.0525e+06
1.0592e+06
1.0675e+06
1.0764e+06
1.0844e+06
1.0895e+06
1.0908e+06
1.0886e+06
1.0845e+06
1.0803e+06
1.0774e+06
1.0758e+06
1.0742e+06
1.0704e+06
1.0632e+06
1.0522e+06
1.039e+06
1.0262e+06
1.0161e+06
1.0103e+06
1.008e+06
1.0076e+06
1.0067e+06
1.0038e+06
9.9905e+05
9.938e+05
9.9037e+05
9.907e+05
9.9545e+05
1.0036e+06
1.013e+06
1.0212e+06
1.0268e+06
1.0297e+06
1.0313e+06
1.0331e+06
1.0362e+06
1.0405e+06
1.0447e+06
1.0471e+06
1.0468e+06
1.044e+06
1.0401e+06
1.0369e+06
1.0355e+06
1.0355e+06
1.0352e+06
1.0326e+06
1.0263e+06
1.0165e+06
1.0046e+06
9.9306e+05
9.8386e+05
9.7774e+05
9.7394e+05
9.7076e+05
9.6661e+05
9.609e+05
9.5438e+05
9.4884e+05
9.4618e+05
9.4748e+05
9.5243e+05
9.595e+05
9.6673e+05
9.7273e+05
9.7729e+05
9.8135e+05
9.8639e+05
9.9341e+05
1.0023e+06
1.0117e+06
1.0197e+06
1.0247e+06
1.0265e+06
1.0256e+06
1.0237e+06
1.0219e+06
1.0208e+06
1.0195e+06
1.017e+06
1.0122e+06
1.0048e+06
9.9558e+05
9.8583e+05
9.7654e+05
9.6809e+05
9.601e+05
9.5192e+05
9.4321e+05
9.3434e+05
9.2633e+05
9.2034e+05
9.1702e+05
9.1615e+05
9.1674e+05
9.1754e+05
9.1775e+05
9.1741e+05
9.1736e+05
9.1877e+05
9.2243e+05
9.2829e+05
9.3549e+05
9.4282e+05
9.4948e+05
9.5545e+05
9.6143e+05
9.6824e+05
9.7606e+05
9.8409e+05
9.9079e+05
9.9467e+05
9.9518e+05
9.9311e+05
9.9019e+05
9.8814e+05
9.8763e+05
9.8772e+05
9.8638e+05
9.8163e+05
9.7276e+05
9.6084e+05
9.483e+05
9.3775e+05
9.3054e+05
9.2602e+05
9.2199e+05
9.1598e+05
9.0672e+05
8.9486e+05
8.8281e+05
8.7354e+05
8.6907e+05
8.6939e+05
8.7252e+05
8.7568e+05
8.7679e+05
8.7558e+05
8.7368e+05
8.7381e+05
8.7821e+05
8.8729e+05
8.9927e+05
9.1111e+05
9.2004e+05
9.2499e+05
9.2709e+05
9.2905e+05
9.3367e+05
9.4224e+05
9.5378e+05
9.6556e+05
9.7457e+05
9.7906e+05
9.7917e+05
9.7668e+05
9.7385e+05
9.7214e+05
9.7153e+05
9.7073e+05
9.682e+05
9.6314e+05
9.5597e+05
9.4796e+05
9.4049e+05
9.342e+05
9.2875e+05
9.2315e+05
9.1651e+05
9.0863e+05
9.0008e+05
8.9184e+05
8.8471e+05
8.7893e+05
8.7415e+05
8.6984e+05
8.6571e+05
8.6195e+05
8.5905e+05
8.5748e+05
8.5734e+05
8.583e+05
8.5996e+05
8.6214e+05
8.6517e+05
8.6964e+05
8.7594e+05
8.8374e+05
8.9196e+05
8.9922e+05
9.0467e+05
9.086e+05
9.1248e+05
9.1823e+05
9.2705e+05
9.384e+05
9.5009e+05
9.593e+05
9.6405e+05
9.6433e+05
9.6216e+05
9.6057e+05
9.6184e+05
9.6612e+05
9.7128e+05
9.7419e+05
9.7256e+05
9.6624e+05
9.5731e+05
9.4888e+05
9.4325e+05
9.4046e+05
9.3834e+05
9.3388e+05
9.251e+05
9.1227e+05
8.9786e+05
8.8523e+05
8.767e+05
8.7224e+05
8.6958e+05
8.6559e+05
8.5819e+05
8.4743e+05
8.3552e+05
8.2565e+05
8.2032e+05
8.2003e+05
8.2317e+05
8.2707e+05
8.2954e+05
8.2988e+05
8.2903e+05
8.2889e+05
8.3115e+05
8.3644e+05
8.4414e+05
8.5286e+05
8.6132e+05
8.6888e+05
8.7562e+05
8.8195e+05
8.8824e+05
8.9462e+05
9.0107e+05
9.0773e+05
9.1494e+05
9.2296e+05
9.3161e+05
9.4006e+05
9.4715e+05
9.5206e+05
9.5491e+05
9.5686e+05
9.5956e+05
9.6404e+05
9.6994e+05
9.7551e+05
9.7868e+05
9.7825e+05
9.7484e+05
9.7056e+05
9.6784e+05
9.6779e+05
9.6936e+05
9.6984e+05
9.6649e+05
9.5822e+05
9.4637e+05
9.3407e+05
9.2449e+05
9.1894e+05
9.1612e+05
9.1296e+05
9.066e+05
8.9617e+05
8.8331e+05
8.7121e+05
8.6276e+05
8.5872e+05
8.573e+05
8.5531e+05
8.5013e+05
8.4121e+05
8.3038e+05
8.2082e+05
8.1532e+05
8.1474e+05
8.1768e+05
8.2152e+05
8.24e+05
8.2438e+05
8.2361e+05
8.2354e+05
8.2572e+05
8.3055e+05
8.3718e+05
8.4422e+05
8.5055e+05
8.558e+05
8.6031e+05
8.6464e+05
8.692e+05
8.7415e+05
8.7965e+05
8.8599e+05
8.9352e+05
9.0227e+05
9.1158e+05
9.2019e+05
9.2695e+05
9.3162e+05
9.353e+05
9.4004e+05
9.4756e+05
9.5802e+05
9.6954e+05
9.7914e+05
9.8446e+05
9.8522e+05
9.8356e+05
9.8287e+05
9.8572e+05
9.9212e+05
9.9939e+05
1.0039e+06
1.0035e+06
9.9852e+05
9.9218e+05
9.882e+05
9.8853e+05
9.9192e+05
9.9475e+05
9.9337e+05
9.8646e+05
9.7583e+05
9.654e+05
9.5882e+05
9.5707e+05
9.5795e+05
9.5759e+05
9.5299e+05
9.4379e+05
9.3237e+05
9.2226e+05
9.1588e+05
9.1298e+05
9.1097e+05
9.0663e+05
8.9816e+05
8.8606e+05
8.7274e+05
8.6096e+05
8.5227e+05
8.4634e+05
8.4142e+05
8.3576e+05
8.2859e+05
8.2046e+05
8.1269e+05
8.0648e+05
8.0236e+05
8.001e+05
7.9912e+05
7.9882e+05
7.9872e+05
7.9838e+05
7.9732e+05
7.9522e+05
7.9235e+05
7.897e+05
7.8865e+05
7.9021e+05
7.942e+05
7.9903e+05
8.0254e+05
8.0323e+05
8.0137e+05
7.9911e+05
7.9945e+05
8.0445e+05
8.1377e+05
8.2481e+05
8.3425e+05
8.4007e+05
8.4282e+05
8.4533e+05
8.5094e+05
8.6135e+05
8.7537e+05
8.8967e+05
9.008e+05
9.0725e+05
9.1025e+05
9.129e+05
9.1828e+05
9.2752e+05
9.3927e+05
9.5077e+05
9.5964e+05
9.6526e+05
9.6888e+05
9.7254e+05
9.7777e+05
9.8473e+05
9.9247e+05
9.998e+05
1.0062e+06
1.0121e+06
1.0181e+06
1.0248e+06
1.0321e+06
1.0394e+06
1.0464e+06
1.053e+06
1.0591e+06
1.0644e+06
1.0682e+06
1.0701e+06
1.0699e+06
1.069e+06
1.0688e+06
1.0709e+06
1.0749e+06
1.0795e+06
1.0825e+06
1.0827e+06
1.0806e+06
1.0785e+06
1.0787e+06
1.0823e+06
1.0882e+06
1.0937e+06
1.0965e+06
1.0955e+06
1.0917e+06
1.0873e+06
1.0839e+06
1.0819e+06
1.0802e+06
1.0776e+06
1.0738e+06
1.0694e+06
1.0657e+06
1.0636e+06
1.063e+06
1.0627e+06
1.0615e+06
1.0591e+06
1.0559e+06
1.0526e+06
1.0496e+06
1.0463e+06
1.0422e+06
1.037e+06
1.031e+06
1.0248e+06
1.019e+06
1.0136e+06
1.0081e+06
1.002e+06
9.9584e+05
9.9021e+05
9.8567e+05
9.8168e+05
9.7674e+05
9.6926e+05
9.5888e+05
9.4709e+05
9.3658e+05
9.2962e+05
9.2642e+05
9.249e+05
9.2206e+05
9.1609e+05
9.0757e+05
8.9903e+05
8.9305e+05
8.9018e+05
8.883e+05
8.8408e+05
8.753e+05
8.6251e+05
8.4884e+05
8.3807e+05
8.3202e+05
8.2933e+05
8.2643e+05
8.2007e+05
8.0944e+05
7.9655e+05
7.8483e+05
7.7679e+05
7.7248e+05
7.697e+05
7.6586e+05
7.5969e+05
7.5191e+05
7.4432e+05
7.3837e+05
7.3408e+05
7.3018e+05
7.2508e+05
7.1793e+05
7.0887e+05
6.9862e+05
6.8789e+05
6.7719e+05
6.6703e+05
6.582e+05
6.5159e+05
6.4748e+05
6.4499e+05
6.4226e+05
6.3753e+05
6.3029e+05
6.2174e+05
6.14e+05
6.0859e+05
6.0517e+05
6.0169e+05
5.959e+05
5.8707e+05
5.7667e+05
5.6738e+05
5.612e+05
5.5774e+05
5.5448e+05
5.4862e+05
5.3922e+05
5.2806e+05
5.1859e+05
5.1354e+05
5.1283e+05
5.1359e+05
5.1221e+05
5.0676e+05
4.9798e+05
4.8857e+05
4.8119e+05
4.7667e+05
4.7369e+05
4.7019e+05
