1.4793e+06
1.4837e+06
1.4797e+06
1.4832e+06
1.5048e+06
1.5416e+06
1.5795e+06
1.6039e+06
1.6104e+06
1.6072e+06
1.6096e+06
1.6283e+06
1.6619e+06
1.6987e+06
1.7266e+06
1.7421e+06
1.7513e+06
1.7644e+06
1.7867e+06
1.8142e+06
1.8372e+06
1.8491e+06
1.8527e+06
1.8584e+06
1.877e+06
1.9103e+06
1.9493e+06
1.981e+06
1.9979e+06
2.0038e+06
2.011e+06
2.0314e+06
2.0672e+06
2.1089e+06
2.1434e+06
2.1626e+06
2.1695e+06
2.1751e+06
2.1903e+06
2.218e+06
2.2518e+06
2.2819e+06
2.3035e+06
2.3196e+06
2.3384e+06
2.3658e+06
2.4005e+06
2.4348e+06
2.4616e+06
2.48e+06
2.4964e+06
2.5195e+06
2.5526e+06
2.5908e+06
2.6245e+06
2.6465e+06
2.6586e+06
2.6699e+06
2.6911e+06
2.7256e+06
2.7674e+06
2.805e+06
2.8307e+06
2.8455e+06
2.8585e+06
2.8797e+06
2.9123e+06
2.9507e+06
2.9849e+06
3.0083e+06
3.0226e+06
3.0362e+06
3.0574e+06
3.0879e+06
3.1214e+06
3.1493e+06
3.1672e+06
3.1787e+06
3.1925e+06
3.2156e+06
3.2473e+06
3.2803e+06
3.3056e+06
3.3199e+06
3.3279e+06
3.3379e+06
3.3555e+06
3.3784e+06
3.3988e+06
3.4098e+06
3.4119e+06
3.4139e+06
3.4269e+06
3.456e+06
3.4951e+06
3.5308e+06
3.5506e+06
3.552e+06
3.5432e+06
3.5383e+06
3.5474e+06
3.5706e+06
3.5983e+06
3.6199e+06
3.6309e+06
3.6358e+06
3.6436e+06
3.6603e+06
3.6838e+06
3.7054e+06
3.7167e+06
3.7153e+06
3.7071e+06
3.7019e+06
3.706e+06
3.7185e+06
3.7319e+06
3.7385e+06
3.7359e+06
3.728e+06
3.7217e+06
3.7212e+06
3.7249e+06
3.7271e+06
3.723e+06
3.713e+06
3.7017e+06
3.6945e+06
3.6922e+06
3.6899e+06
3.6804e+06
3.6596e+06
3.6305e+06
3.6014e+06
3.5812e+06
3.5729e+06
3.5719e+06
3.5697e+06
3.5597e+06
3.5415e+06
3.5201e+06
3.5014e+06
3.4868e+06
3.4725e+06
3.4529e+06
3.4254e+06
3.3939e+06
3.3659e+06
3.3478e+06
3.3388e+06
3.331e+06
3.3143e+06
3.2841e+06
3.2441e+06
3.2053e+06
3.1787e+06
3.1676e+06
3.1653e+06
3.1599e+06
3.142e+06
3.1108e+06
3.0744e+06
3.0443e+06
3.0273e+06
3.0213e+06
3.0173e+06
3.0065e+06
2.9862e+06
2.9622e+06
2.9445e+06
2.9398e+06
2.9471e+06
2.9579e+06
2.9624e+06
2.9563e+06
2.9432e+06
2.9323e+06
2.932e+06
2.9439e+06
2.962e+06
2.9779e+06
2.987e+06
2.9918e+06
3.0004e+06
3.0198e+06
3.05e+06
3.0831e+06
3.1079e+06
3.1178e+06
3.1159e+06
3.1141e+06
3.1259e+06
3.1581e+06
3.2052e+06
3.2536e+06
3.29e+06
3.3098e+06
3.3193e+06
3.3315e+06
3.3568e+06
3.3961e+06
3.4399e+06
3.4756e+06
3.4965e+06
3.506e+06
3.5155e+06
3.5361e+06
3.5705e+06
3.6109e+06
3.6441e+06
3.6611e+06
3.6634e+06
3.6622e+06
3.6714e+06
3.6975e+06
3.7349e+06
3.7692e+06
3.7869e+06
3.783e+06
3.7645e+06
3.7447e+06
3.7352e+06
3.7379e+06
3.7453e+06
3.7466e+06
3.736e+06
3.7171e+06
3.6998e+06
3.6929e+06
3.6968e+06
3.7024e+06
3.6968e+06
3.6721e+06
3.6302e+06
3.5827e+06
3.5437e+06
3.521e+06
3.5115e+06
3.5041e+06
3.4873e+06
3.4572e+06
3.4195e+06
3.3855e+06
3.3644e+06
3.3568e+06
3.355e+06
3.348e+06
3.3293e+06
3.3011e+06
3.2726e+06
3.2537e+06
3.2489e+06
3.2538e+06
3.2584e+06
3.2543e+06
3.2404e+06
3.2236e+06
3.2149e+06
3.2224e+06
3.2461e+06
3.2773e+06
3.3051e+06
3.3224e+06
3.3304e+06
3.3371e+06
3.3518e+06
3.379e+06
3.4146e+06
3.4495e+06
3.4755e+06
3.4907e+06
3.501e+06
3.5166e+06
3.5448e+06
3.585e+06
3.6293e+06
3.667e+06
3.6917e+06
3.705e+06
3.7149e+06
3.7304e+06
3.7551e+06
3.7849e+06
3.8108e+06
3.8251e+06
3.8267e+06
3.8216e+06
3.8191e+06
3.825e+06
3.8377e+06
3.849e+06
3.8498e+06
3.8361e+06
3.8114e+06
3.7847e+06
3.7644e+06
3.7529e+06
3.7449e+06
3.7316e+06
3.7066e+06
3.6707e+06
3.6319e+06
3.6002e+06
3.5811e+06
3.5721e+06
3.5641e+06
3.5469e+06
3.5163e+06
3.476e+06
3.436e+06
3.4066e+06
3.392e+06
3.3882e+06
3.386e+06
3.3776e+06
3.3613e+06
3.3433e+06
3.3337e+06
3.3403e+06
3.3632e+06
3.3943e+06
3.4218e+06
3.4373e+06
3.4404e+06
3.4387e+06
3.4439e+06
3.4643e+06
3.5002e+06
3.5434e+06
3.5828e+06
3.611e+06
3.6283e+06
3.6421e+06
3.6617e+06
3.6919e+06
3.7296e+06
3.7656e+06
3.7904e+06
3.8e+06
3.7984e+06
3.7953e+06
3.7997e+06
3.8139e+06
3.8326e+06
3.8458e+06
3.8456e+06
3.8308e+06
3.8079e+06
3.7866e+06
3.7735e+06
3.7684e+06
3.7638e+06
3.7508e+06
3.7242e+06
3.6865e+06
3.6465e+06
3.6142e+06
3.5946e+06
3.5849e+06
3.5762e+06
3.5593e+06
3.5302e+06
3.4926e+06
3.456e+06
3.4305e+06
3.4212e+06
3.4257e+06
3.436e+06
3.4435e+06
3.4445e+06
3.4416e+06
3.4423e+06
3.4537e+06
3.4785e+06
3.5126e+06
3.548e+06
3.5772e+06
3.5975e+06
3.6125e+06
3.6293e+06
3.6536e+06
3.6863e+06
3.722e+06
3.7525e+06
3.7719e+06
3.7801e+06
3.7826e+06
3.7873e+06
3.799e+06
3.8162e+06
3.8313e+06
3.8359e+06
3.8254e+06
3.8026e+06
3.7763e+06
3.7564e+06
3.7477e+06
3.7471e+06
3.7449e+06
3.7311e+06
3.7008e+06
3.6572e+06
3.6104e+06
3.5718e+06
3.5481e+06
3.5378e+06
3.5326e+06
3.5225e+06
3.5018e+06
3.4724e+06
3.4426e+06
3.4231e+06
3.4209e+06
3.4358e+06
3.461e+06
3.4867e+06
3.506e+06
3.518e+06
3.5276e+06
3.5424e+06
3.5678e+06
3.6037e+06
3.6444e+06
3.682e+06
3.7112e+06
3.7318e+06
3.7486e+06
3.7677e+06
3.7928e+06
3.822e+06
3.849e+06
3.8666e+06
3.8711e+06
3.8644e+06
3.8528e+06
3.8431e+06
3.8389e+06
3.8377e+06
3.833e+06
3.8181e+06
3.7906e+06
3.7535e+06
3.7142e+06
3.6801e+06
3.6548e+06
3.6364e+06
3.6188e+06
3.5963e+06
3.5672e+06
3.5357e+06
3.5097e+06
3.4973e+06
3.5016e+06
3.5194e+06
3.5422e+06
3.5613e+06
3.5717e+06
3.5751e+06
3.5784e+06
3.5898e+06
3.6142e+06
3.6494e+06
3.6874e+06
3.7184e+06
3.7359e+06
3.7407e+06
3.7397e+06
3.7428e+06
3.7568e+06
3.7813e+06
3.8086e+06
3.8283e+06
3.8325e+06
3.8203e+06
3.7976e+06
3.774e+06
3.7568e+06
3.7469e+06
3.7386e+06
3.723e+06
3.6939e+06
3.6513e+06
3.6025e+06
3.5588e+06
3.5298e+06
3.519e+06
3.5214e+06
3.5274e+06
3.5274e+06
3.5175e+06
3.5008e+06
3.4866e+06
3.4851e+06
3.5026e+06
3.5374e+06
3.5811e+06
3.6223e+06
3.6527e+06
3.6705e+06
3.6807e+06
3.6919e+06
3.7111e+06
3.7393e+06
3.771e+06
3.7966e+06
3.8085e+06
3.8043e+06
3.7888e+06
3.7707e+06
3.7582e+06
3.7542e+06
3.7547e+06
3.7516e+06
3.7372e+06
3.7089e+06
3.6705e+06
3.6307e+06
3.599e+06
3.5803e+06
3.5733e+06
3.5717e+06
3.5677e+06
3.557e+06
3.541e+06
3.5264e+06
3.522e+06
3.5337e+06
3.5618e+06
3.5996e+06
3.6374e+06
3.6666e+06
3.6841e+06
3.6935e+06
3.7028e+06
3.7206e+06
3.7505e+06
3.7889e+06
3.8266e+06
3.853e+06
3.8613e+06
3.8517e+06
3.8307e+06
3.8075e+06
3.7896e+06
3.7785e+06
3.7696e+06
3.7553e+06
3.7297e+06
3.692e+06
3.6476e+06
3.6056e+06
3.5749e+06
3.5596e+06
3.5576e+06
3.5619e+06
3.5642e+06
3.5595e+06
3.5481e+06
3.536e+06
3.5317e+06
3.5424e+06
3.5705e+06
3.6121e+06
3.6588e+06
3.7016e+06
3.7345e+06
3.7567e+06
3.7712e+06
3.7831e+06
3.7958e+06
3.8092e+06
3.8198e+06
3.8226e+06
3.8146e+06
3.796e+06
3.7706e+06
3.7435e+06
3.7186e+06
3.6967e+06
3.6756e+06
3.6517e+06
3.623e+06
3.5903e+06
3.5581e+06
3.5324e+06
3.5184e+06
3.5179e+06
3.5289e+06
3.5462e+06
3.5646e+06
3.581e+06
3.596e+06
3.6134e+06
3.6373e+06
3.6695e+06
3.7079e+06
3.7458e+06
3.7757e+06
3.7919e+06
3.7936e+06
3.7854e+06
3.7751e+06
3.7696e+06
3.7713e+06
3.7766e+06
3.7772e+06
3.765e+06
3.7353e+06
3.6901e+06
3.6374e+06
3.5885e+06
3.5537e+06
3.5378e+06
3.5391e+06
3.5505e+06
3.5636e+06
3.5723e+06
3.576e+06
3.5786e+06
3.5873e+06
3.6079e+06
3.6418e+06
3.6847e+06
3.7279e+06
3.7623e+06
3.7819e+06
3.7867e+06
3.782e+06
3.7756e+06
3.774e+06
3.7786e+06
3.7849e+06
3.7855e+06
3.7732e+06
3.7457e+06
3.7068e+06
3.6652e+06
3.6313e+06
3.6125e+06
3.6108e+06
3.6217e+06
3.6369e+06
3.6484e+06
3.6518e+06
3.6477e+06
3.6415e+06
3.6407e+06
3.6517e+06
3.6769e+06
3.7135e+06
3.7546e+06
3.7928e+06
3.8227e+06
3.8427e+06
3.8552e+06
3.8642e+06
3.8724e+06
3.8799e+06
3.8832e+06
3.8779e+06
3.8607e+06
3.8316e+06
3.7947e+06
3.7565e+06
3.7237e+06
3.7002e+06
3.6865e+06
3.6794e+06
3.6748e+06
3.6696e+06
3.6637e+06
3.6605e+06
3.665e+06
3.6815e+06
3.7114e+06
3.7517e+06
3.7954e+06
3.8347e+06
3.8632e+06
3.8787e+06
3.8836e+06
3.8831e+06
3.8827e+06
3.8847e+06
3.8874e+06
3.8858e+06
3.8738e+06
3.8485e+06
3.8112e+06
3.7683e+06
3.7291e+06
3.7024e+06
3.6934e+06
3.7018e+06
3.7223e+06
3.747e+06
3.7692e+06
3.7853e+06
3.7963e+06
3.8068e+06
3.823e+06
3.8493e+06
3.886e+06
3.9284e+06
3.9687e+06
3.9989e+06
4.0137e+06
4.0123e+06
3.9986e+06
3.9784e+06
3.9574e+06
3.9384e+06
3.9205e+06
3.9007e+06
3.876e+06
3.8455e+06
3.8115e+06
3.7794e+06
3.7556e+06
3.7451e+06
3.7497e+06
3.7674e+06
3.7932e+06
3.8212e+06
3.8469e+06
3.8684e+06
3.8872e+06
3.906e+06
3.9274e+06
3.9513e+06
3.9742e+06
3.9905e+06
3.9942e+06
3.9822e+06
3.9557e+06
3.9198e+06
3.8822e+06
3.8501e+06
3.8276e+06
3.8146e+06
3.8077e+06
3.8021e+06
3.7946e+06
3.7853e+06
3.7779e+06
3.7784e+06
3.7927e+06
3.8239e+06
3.87e+06
3.9241e+06
3.9761e+06
4.0164e+06
4.0385e+06
4.0418e+06
4.0309e+06
4.014e+06
3.9992e+06
3.9912e+06
3.9896e+06
3.9895e+06
3.9841e+06
3.9683e+06
3.9411e+06
3.9064e+06
3.8717e+06
3.8457e+06
3.8353e+06
3.843e+06
3.8664e+06
3.8988e+06
3.9323e+06
3.9601e+06
3.979e+06
3.9896e+06
3.9956e+06
4.0019e+06
4.0111e+06
4.0228e+06
4.033e+06
4.0364e+06
4.0284e+06
4.0079e+06
3.9778e+06
3.944e+06
3.9137e+06
3.8925e+06
3.8831e+06
3.8839e+06
3.8912e+06
3.9003e+06
3.9081e+06
3.9143e+06
3.9214e+06
3.9336e+06
3.9548e+06
3.9858e+06
4.0235e+06
4.0611e+06
4.0901e+06
4.1037e+06
4.0986e+06
4.0769e+06
4.0445e+06
4.0097e+06
3.9794e+06
3.9574e+06
3.9429e+06
3.932e+06
3.9202e+06
3.9042e+06
3.8845e+06
3.865e+06
3.8524e+06
3.8538e+06
3.8737e+06
3.9119e+06
3.9624e+06
4.0157e+06
4.0608e+06
4.0895e+06
4.0983e+06
4.0895e+06
4.0694e+06
4.0462e+06
4.0265e+06
4.0128e+06
4.0034e+06
3.9942e+06
3.9804e+06
3.9602e+06
3.9353e+06
3.911e+06
3.8946e+06
3.893e+06
3.9098e+06
3.9437e+06
3.9883e+06
4.0341e+06
4.071e+06
4.0918e+06
4.0939e+06
4.0798e+06
4.0557e+06
4.0293e+06
4.0065e+06
3.9896e+06
3.977e+06
3.9646e+06
3.9486e+06
3.9273e+06
3.9026e+06
3.8792e+06
3.8634e+06
3.8608e+06
3.8737e+06
3.9004e+06
3.9348e+06
3.9685e+06
3.9932e+06
4.0033e+06
3.9973e+06
3.9786e+06
3.9532e+06
3.9283e+06
3.9086e+06
3.8952e+06
3.8856e+06
3.8753e+06
3.8599e+06
3.8381e+06
3.8116e+06
3.7855e+06
3.7664e+06
3.76e+06
3.7694e+06
3.7931e+06
3.8256e+06
3.8586e+06
3.8838e+06
3.8952e+06
3.8909e+06
3.8737e+06
3.8494e+06
3.8249e+06
3.8053e+06
3.7921e+06
3.783e+06
3.7735e+06
3.7592e+06
3.7379e+06
3.711e+06
3.6831e+06
3.6611e+06
3.6516e+06
3.6592e+06
3.6839e+06
3.721e+06
3.7622e+06
3.7974e+06
3.8181e+06
3.8195e+06
3.8017e+06
3.7696e+06
3.7307e+06
3.6929e+06
3.662e+06
3.6402e+06
3.6261e+06
3.6161e+06
3.6069e+06
3.5965e+06
3.5854e+06
3.576e+06
3.5721e+06
3.5769e+06
3.5915e+06
3.6141e+06
3.6399e+06
3.6624e+06
3.6754e+06
3.6747e+06
3.6599e+06
3.634e+06
3.6027e+06
3.5724e+06
3.548e+06
3.5321e+06
3.524e+06
3.5213e+06
3.5209e+06
3.5204e+06
3.5193e+06
3.5191e+06
3.5225e+06
3.5322e+06
3.5498e+06
3.5738e+06
3.6e+06
3.6218e+06
3.6326e+06
3.6277e+06
3.6061e+06
3.571e+06
3.5292e+06
3.4894e+06
3.4595e+06
3.4447e+06
3.4458e+06
3.4602e+06
3.4821e+06
3.5051e+06
3.5239e+06
3.5356e+06
3.5403e+06
3.541e+06
3.5417e+06
3.5459e+06
3.5545e+06
3.5653e+06
3.5734e+06
3.573e+06
3.5603e+06
3.5343e+06
3.4981e+06
3.458e+06
3.422e+06
3.3977e+06
3.3901e+06
3.4003e+06
3.4251e+06
3.4578e+06
3.4906e+06
3.5161e+06
3.5296e+06
3.5302e+06
3.5204e+06
3.505e+06
3.4894e+06
3.4772e+06
3.4698e+06
3.4657e+06
3.4621e+06
3.4564e+06
3.4471e+06
3.435e+06
3.4226e+06
3.4137e+06
3.4118e+06
3.4188e+06
3.4341e+06
3.4538e+06
3.4719e+06
3.4817e+06
3.4779e+06
3.4583e+06
3.425e+06
3.3835e+06
3.3418e+06
3.3082e+06
3.2888e+06
3.286e+06
3.2984e+06
3.3211e+06
3.3476e+06
3.3716e+06
3.3886e+06
3.3969e+06
3.3977e+06
3.3947e+06
3.392e+06
3.3927e+06
3.3972e+06
3.403e+06
3.4055e+06
3.4001e+06
3.3839e+06
3.3574e+06
3.324e+06
3.2901e+06
3.2633e+06
3.2503e+06
3.2552e+06
3.2781e+06
3.3145e+06
3.3565e+06
3.3948e+06
3.4212e+06
3.4305e+06
3.4216e+06
3.3981e+06
3.3666e+06
3.3351e+06
3.3108e+06
3.2982e+06
3.2981e+06
3.3081e+06
3.3238e+06
3.34e+06
3.3526e+06
3.3593e+06
3.3601e+06
3.3572e+06
3.3541e+06
3.3537e+06
3.3569e+06
3.3625e+06
3.367e+06
3.3661e+06
3.3566e+06
3.3377e+06
3.3111e+06
3.2814e+06
3.2543e+06
3.2359e+06
3.2303e+06
3.2389e+06
3.2596e+06
3.2871e+06
3.3141e+06
3.3332e+06
3.3391e+06
3.3295e+06
3.3063e+06
3.2744e+06
3.2409e+06
3.2127e+06
3.1952e+06
3.1903e+06
3.1969e+06
3.2111e+06
3.2276e+06
3.2409e+06
3.2472e+06
3.2448e+06
3.2349e+06
3.2208e+06
3.2067e+06
3.1964e+06
3.1917e+06
3.1918e+06
3.1937e+06
3.1939e+06
3.1895e+06
3.1796e+06
3.1654e+06
3.1498e+06
3.1372e+06
3.1315e+06
3.1355e+06
3.1498e+06
3.1717e+06
3.1963e+06
3.2172e+06
3.2282e+06
3.2252e+06
3.2075e+06
3.1779e+06
3.1424e+06
3.1085e+06
3.0836e+06
3.0733e+06
3.0794e+06
3.1002e+06
3.1305e+06
3.163e+06
3.1903e+06
3.2062e+06
3.2079e+06
3.1959e+06
3.1737e+06
3.1475e+06
3.1236e+06
3.107e+06
3.1002e+06
3.1029e+06
3.1125e+06
3.1252e+06
3.1371e+06
3.1454e+06
3.1486e+06
3.1471e+06
3.1428e+06
3.1384e+06
3.1365e+06
3.1382e+06
3.1429e+06
3.1481e+06
3.1505e+06
3.1472e+06
3.1369e+06
3.1207e+06
3.1013e+06
3.0833e+06
3.0717e+06
3.0707e+06
3.0827e+06
3.1071e+06
3.1401e+06
3.1755e+06
3.2059e+06
3.2247e+06
3.2276e+06
3.2138e+06
3.1861e+06
3.1503e+06
3.1138e+06
3.0839e+06
3.0667e+06
3.0648e+06
3.0776e+06
3.1013e+06
3.1296e+06
3.1556e+06
3.1736e+06
3.1796e+06
3.1731e+06
3.1563e+06
3.1336e+06
3.1107e+06
3.0925e+06
3.0826e+06
3.0821e+06
3.09e+06
3.1033e+06
3.1182e+06
3.1307e+06
3.1379e+06
3.1381e+06
3.1317e+06
3.1204e+06
3.1069e+06
3.0939e+06
3.0832e+06
3.0754e+06
3.0701e+06
3.0663e+06
3.0629e+06
3.059e+06
3.0546e+06
3.0504e+06
3.0473e+06
3.0469e+06
3.0501e+06
3.0571e+06
3.0665e+06
3.076e+06
3.0826e+06
3.0834e+06
3.0769e+06
3.0631e+06
3.044e+06
3.0228e+06
3.0035e+06
2.99e+06
2.9854e+06
2.991e+06
3.0058e+06
3.0267e+06
3.0489e+06
3.0668e+06
3.0759e+06
3.0735e+06
3.0596e+06
3.0367e+06
3.0097e+06
2.9841e+06
2.9656e+06
2.9579e+06
2.9626e+06
2.9784e+06
3.0013e+06
3.0255e+06
3.0449e+06
3.0544e+06
3.0512e+06
3.0353e+06
3.0099e+06
2.9805e+06
2.9535e+06
2.9352e+06
2.9297e+06
2.9386e+06
2.9604e+06
2.9904e+06
3.0227e+06
3.0506e+06
3.0687e+06
3.074e+06
3.0664e+06
3.0491e+06
3.0275e+06
3.008e+06
2.9968e+06
2.9978e+06
3.0125e+06
3.0389e+06
3.0727e+06
3.1077e+06
3.1374e+06
3.1565e+06
3.1619e+06
3.1534e+06
3.134e+06
3.1093e+06
3.0858e+06
3.0698e+06
3.0656e+06
3.0748e+06
3.0961e+06
3.1254e+06
3.1572e+06
3.1852e+06
3.2039e+06
3.2098e+06
3.2018e+06
3.1819e+06
3.1544e+06
3.1255e+06
3.1011e+06
3.0859e+06
3.0823e+06
3.09e+06
3.1065e+06
3.1276e+06
3.1482e+06
3.1637e+06
3.1708e+06
3.168e+06
3.1562e+06
3.1384e+06
3.1192e+06
3.1032e+06
3.0942e+06
3.0942e+06
3.1031e+06
3.1188e+06
3.1378e+06
3.1559e+06
3.1691e+06
3.1746e+06
3.1708e+06
3.1587e+06
3.141e+06
3.1222e+06
3.107e+06
3.0995e+06
3.1022e+06
3.1156e+06
3.1379e+06
3.166e+06
3.1955e+06
3.2218e+06
3.241e+06
3.2503e+06
3.2492e+06
3.2389e+06
3.2231e+06
3.2061e+06
3.1924e+06
3.1854e+06
3.1871e+06
3.1973e+06
3.2143e+06
3.2352e+06
3.2561e+06
3.273e+06
3.2828e+06
3.2837e+06
3.2759e+06
3.2616e+06
3.2445e+06
3.2289e+06
3.2188e+06
3.2167e+06
3.2236e+06
3.2387e+06
3.2596e+06
3.2826e+06
3.3037e+06
3.319e+06
3.3258e+06
3.3229e+06
3.3113e+06
3.2938e+06
3.2741e+06
3.2562e+06
3.2434e+06
3.2375e+06
3.239e+06
3.2465e+06
3.2576e+06
3.2687e+06
3.2763e+06
3.2775e+06
3.2706e+06
3.2562e+06
3.2363e+06
3.2149e+06
3.1959e+06
3.183e+06
3.1786e+06
3.1832e+06
3.1954e+06
3.2123e+06
3.23e+06
3.244e+06
3.2506e+06
3.2478e+06
3.2354e+06
3.2157e+06
3.1928e+06
3.1717e+06
3.1573e+06
3.1532e+06
3.1607e+06
3.1789e+06
3.2046e+06
3.2324e+06
3.2567e+06
3.2718e+06
3.2739e+06
3.2617e+06
3.237e+06
3.2042e+06
3.1698e+06
3.141e+06
3.1238e+06
3.1222e+06
3.1373e+06
3.1665e+06
3.2047e+06
3.2447e+06
3.2789e+06
3.3008e+06
3.3062e+06
3.2938e+06
3.2661e+06
3.2283e+06
3.1871e+06
3.15e+06
3.1231e+06
3.11e+06
3.1114e+06
3.1251e+06
3.1461e+06
3.1685e+06
3.1862e+06
3.1947e+06
3.1916e+06
3.1775e+06
3.1554e+06
3.13e+06
3.1066e+06
3.0901e+06
3.0835e+06
3.0877e+06
3.1014e+06
3.1209e+06
3.1417e+06
3.1588e+06
3.1685e+06
3.1688e+06
3.16e+06
3.1445e+06
3.1259e+06
3.1085e+06
3.0958e+06
3.0904e+06
3.0935e+06
3.1045e+06
3.1218e+06
3.1424e+06
3.1632e+06
3.181e+06
3.1936e+06
3.2e+06
3.2004e+06
3.196e+06
3.1881e+06
3.1785e+06
3.1682e+06
3.1584e+06
3.1501e+06
3.1445e+06
3.1425e+06
3.1446e+06
3.1509e+06
3.161e+06
3.1739e+06
3.1883e+06
3.2023e+06
3.2134e+06
3.2193e+06
3.218e+06
3.2085e+06
3.1914e+06
3.1692e+06
3.1455e+06
3.1249e+06
3.1115e+06
3.1083e+06
3.1167e+06
3.1355e+06
3.1617e+06
3.1902e+06
3.2156e+06
3.2326e+06
3.2377e+06
3.2297e+06
3.2101e+06
3.1831e+06
3.1543e+06
3.1296e+06
3.1144e+06
3.1115e+06
3.1214e+06
3.1417e+06
3.1678e+06
3.1942e+06
3.2154e+06
3.2274e+06
3.2284e+06
3.2193e+06
3.203e+06
3.1837e+06
3.1661e+06
3.1538e+06
3.1489e+06
3.1518e+06
3.1614e+06
3.175e+06
3.1897e+06
3.2027e+06
3.2122e+06
3.2174e+06
3.2192e+06
3.2188e+06
3.2179e+06
3.2172e+06
3.2165e+06
3.2148e+06
3.211e+06
3.2043e+06
3.1952e+06
3.1853e+06
3.1768e+06
3.1725e+06
3.1748e+06
3.1851e+06
3.2033e+06
3.2271e+06
3.2529e+06
3.2755e+06
3.2901e+06
3.2935e+06
3.2845e+06
3.265e+06
3.2392e+06
3.2132e+06
3.1931e+06
3.1838e+06
3.1882e+06
3.2058e+06
3.2331e+06
3.2646e+06
3.2935e+06
3.3138e+06
3.3212e+06
3.3146e+06
3.2954e+06
3.2677e+06
3.2372e+06
3.2093e+06
3.1885e+06
3.1772e+06
3.1758e+06
3.1827e+06
3.1952e+06
3.2101e+06
3.2247e+06
3.2372e+06
3.2469e+06
3.2542e+06
3.2596e+06
3.2636e+06
3.2653e+06
3.2636e+06
3.257e+06
3.2449e+06
3.228e+06
3.2086e+06
3.1904e+06
3.1776e+06
3.1738e+06
3.1816e+06
3.2009e+06
3.2294e+06
3.2624e+06
3.2935e+06
3.3166e+06
3.3267e+06
3.3218e+06
3.303e+06
3.2744e+06
3.2423e+06
3.2137e+06
3.1945e+06
3.1886e+06
3.1966e+06
3.2166e+06
3.2442e+06
3.2742e+06
3.3018e+06
3.3232e+06
3.3369e+06
3.3433e+06
3.3441e+06
3.3417e+06
3.3376e+06
3.3324e+06
3.3255e+06
3.3161e+06
3.3038e+06
3.2894e+06
3.2749e+06
3.2635e+06
3.2586e+06
3.2632e+06
3.2785e+06
3.3035e+06
3.3346e+06
3.3664e+06
3.3924e+06
3.4067e+06
3.4059e+06
3.3895e+06
3.3608e+06
3.3256e+06
3.2909e+06
3.2638e+06
3.249e+06
3.2485e+06
3.2613e+06
3.2837e+06
3.3109e+06
3.3379e+06
3.361e+06
3.3781e+06
3.3895e+06
3.3968e+06
3.4021e+06
3.4065e+06
3.4098e+06
3.4103e+06
3.4058e+06
3.3949e+06
3.3778e+06
3.3569e+06
3.3366e+06
3.3218e+06
3.3174e+06
3.3264e+06
3.3488e+06
3.3816e+06
3.4193e+06
3.4548e+06
3.4815e+06
3.4946e+06
3.4928e+06
3.4781e+06
3.4553e+06
3.4307e+06
3.41e+06
3.397e+06
3.3927e+06
3.3959e+06
3.4035e+06
3.4122e+06
3.4197e+06
3.4248e+06
3.4283e+06
3.4323e+06
3.439e+06
3.4501e+06
3.4651e+06
3.4813e+06
3.4945e+06
3.5002e+06
3.4952e+06
3.4793e+06
3.455e+06
3.4276e+06
3.4034e+06
3.3883e+06
3.3864e+06
3.3983e+06
3.4219e+06
3.4525e+06
3.4845e+06
3.513e+06
3.5349e+06
3.5496e+06
3.5586e+06
3.5645e+06
3.5696e+06
3.5746e+06
3.5782e+06
3.5777e+06
3.5704e+06
3.555e+06
3.5326e+06
3.5067e+06
3.4829e+06
3.4671e+06
3.4641e+06
3.476e+06
3.5011e+06
3.5343e+06
3.5684e+06
3.5956e+06
3.6101e+06
3.6096e+06
3.5953e+06
3.5719e+06
3.5457e+06
3.5226e+06
3.5062e+06
3.4972e+06
3.4935e+06
3.4921e+06
3.4899e+06
3.4858e+06
3.4806e+06
3.4771e+06
3.4791e+06
3.4899e+06
3.5105e+06
3.5392e+06
3.5712e+06
3.6001e+06
3.6195e+06
3.6252e+06
3.6164e+06
3.596e+06
3.5696e+06
3.5436e+06
3.5238e+06
3.5131e+06
3.5115e+06
3.5167e+06
3.5249e+06
3.5329e+06
3.5391e+06
3.5439e+06
3.5493e+06
3.5581e+06
3.5721e+06
3.5909e+06
3.6114e+06
3.6283e+06
3.6362e+06
3.6313e+06
3.613e+06
3.5845e+06
3.552e+06
3.5232e+06
3.5046e+06
3.5003e+06
3.5104e+06
3.5318e+06
3.5592e+06
3.5872e+06
3.6118e+06
3.6314e+06
3.647e+06
3.6614e+06
3.6775e+06
3.6969e+06
3.7182e+06
3.7378e+06
3.7504e+06
3.7515e+06
3.7391e+06
3.7144e+06
3.6819e+06
3.6482e+06
3.6197e+06
3.6011e+06
3.5939e+06
3.5968e+06
3.6065e+06
3.6192e+06
3.6319e+06
3.6438e+06
3.6559e+06
3.6702e+06
3.6883e+06
3.71e+06
3.7325e+06
3.751e+06
3.7602e+06
3.7563e+06
3.7387e+06
3.7105e+06
3.6779e+06
3.6482e+06
3.6277e+06
3.6199e+06
3.6243e+06
3.6375e+06
3.6543e+06
3.6702e+06
3.6825e+06
3.6917e+06
3.7008e+06
3.7138e+06
3.7342e+06
3.7623e+06
3.795e+06
3.8258e+06
3.8477e+06
3.8549e+06
3.8459e+06
3.8232e+06
3.7933e+06
3.7641e+06
3.7426e+06
3.732e+06
3.7317e+06
3.7375e+06
3.7439e+06
3.7467e+06
3.7443e+06
3.7386e+06
3.7344e+06
3.737e+06
3.7501e+06
3.7735e+06
3.8024e+06
3.8289e+06
3.8445e+06
3.8431e+06
3.8234e+06
3.7888e+06
3.7472e+06
3.7073e+06
3.6765e+06
3.6581e+06
3.6507e+06
3.6496e+06
3.6493e+06
3.6457e+06
3.6381e+06
3.629e+06
3.6233e+06
3.6259e+06
3.6398e+06
3.6642e+06
3.6944e+06
3.7233e+06
3.744e+06
3.7522e+06
3.7476e+06
3.7336e+06
3.7159e+06
3.6998e+06
3.6883e+06
3.6809e+06
3.6741e+06
3.6641e+06
3.6483e+06
3.6275e+06
3.6054e+06
3.588e+06
3.5814e+06
3.5891e+06
3.6107e+06
3.6416e+06
3.6747e+06
3.7029e+06
3.7214e+06
3.7292e+06
3.7292e+06
3.7264e+06
3.7256e+06
3.7286e+06
3.7333e+06
3.7349e+06
3.7276e+06
3.7082e+06
3.6773e+06
3.64e+06
3.6042e+06
3.578e+06
3.5666e+06
3.5706e+06
3.5858e+06
3.6052e+06
3.6218e+06
3.6309e+06
3.6321e+06
3.629e+06
3.6276e+06
3.6333e+06
3.6484e+06
3.6706e+06
3.6932e+06
3.7085e+06
3.7102e+06
3.696e+06
3.6687e+06
3.6347e+06
3.6017e+06
3.5755e+06
3.5579e+06
3.547e+06
3.5382e+06
3.5275e+06
3.5134e+06
3.4982e+06
3.4872e+06
3.487e+06
3.5022e+06
3.533e+06
3.5747e+06
3.6186e+06
3.6555e+06
3.6787e+06
3.6864e+06
3.6821e+06
3.673e+06
3.6667e+06
3.6676e+06
3.675e+06
3.6837e+06
3.6861e+06
3.6763e+06
3.6527e+06
3.6189e+06
3.5825e+06
3.5526e+06
3.5362e+06
3.5359e+06
3.5489e+06
3.5689e+06
3.5886e+06
3.6029e+06
3.6101e+06
3.6129e+06
3.6161e+06
3.6242e+06
3.6393e+06
3.6595e+06
3.6795e+06
3.6935e+06
3.6973e+06
3.69e+06
3.6746e+06
3.6559e+06
3.6382e+06
3.6236e+06
3.6106e+06
3.5958e+06
3.576e+06
3.5499e+06
3.5198e+06
3.4909e+06
3.4693e+06
3.4601e+06
3.4646e+06
3.48e+06
3.5003e+06
3.519e+06
3.5316e+06
3.5374e+06
3.5396e+06
3.5433e+06
3.5531e+06
3.5698e+06
3.5901e+06
3.607e+06
3.6134e+06
3.6048e+06
3.5817e+06
3.549e+06
3.5145e+06
3.4856e+06
3.466e+06
3.455e+06
3.4481e+06
3.44e+06
3.427e+06
3.4094e+06
3.3915e+06
3.3794e+06
3.3789e+06
3.3923e+06
3.4172e+06
3.4474e+06
3.4755e+06
3.4959e+06
3.5071e+06
3.5117e+06
3.5151e+06
3.5225e+06
3.5357e+06
3.5521e+06
3.5655e+06
3.5693e+06
3.5595e+06
3.5368e+06
3.5063e+06
3.4756e+06
3.451e+06
3.4356e+06
3.4275e+06
3.4215e+06
3.4121e+06
3.3965e+06
3.3759e+06
3.3558e+06
3.3434e+06
3.3446e+06
3.361e+06
3.389e+06
3.4212e+06
3.4496e+06
3.4687e+06
3.4775e+06
3.4797e+06
3.4809e+06
3.486e+06
3.4958e+06
3.5069e+06
3.5128e+06
3.5077e+06
3.4891e+06
3.4592e+06
3.4244e+06
3.3919e+06
3.3668e+06
3.3498e+06
3.3374e+06
3.3241e+06
3.3057e+06
3.2817e+06
3.2554e+06
3.2333e+06
3.2216e+06
3.2236e+06
3.2378e+06
3.2587e+06
3.2789e+06
3.293e+06
3.299e+06
3.2997e+06
3.3007e+06
3.3071e+06
3.3212e+06
3.3403e+06
3.3582e+06
3.3681e+06
3.3655e+06
3.3507e+06
3.328e+06
3.3039e+06
3.2834e+06
3.268e+06
3.2548e+06
3.2389e+06
3.2163e+06
3.1862e+06
3.1519e+06
3.1197e+06
3.096e+06
3.0845e+06
3.0842e+06
3.0906e+06
3.0975e+06
3.1007e+06
3.0994e+06
3.097e+06
3.0988e+06
3.1095e+06
3.1301e+06
3.1571e+06
3.1835e+06
3.2024e+06
3.2098e+06
3.2065e+06
3.1972e+06
3.1884e+06
3.1846e+06
3.186e+06
3.1881e+06
3.1846e+06
3.1701e+06
3.1435e+06
3.108e+06
3.07e+06
3.0363e+06
3.0107e+06
2.9931e+06
2.9801e+06
2.9674e+06
2.953e+06
2.9378e+06
2.9259e+06
2.9223e+06
2.9299e+06
2.948e+06
2.972e+06
2.9958e+06
3.0144e+06
3.0262e+06
3.0339e+06
3.0426e+06
3.0574e+06
3.0797e+06
3.1067e+06
3.132e+06
3.149e+06
3.1539e+06
3.1476e+06
3.1351e+06
3.1227e+06
3.1146e+06
3.1111e+06
3.1082e+06
3.1006e+06
3.0842e+06
3.059e+06
3.029e+06
3.0006e+06
2.979e+06
2.9663e+06
2.9602e+06
2.9558e+06
2.9484e+06
2.9361e+06
2.9212e+06
2.9088e+06
2.9047e+06
2.9119e+06
2.9295e+06
2.9526e+06
2.9749e+06
2.9918e+06
3.002e+06
3.0084e+06
3.0153e+06
3.0262e+06
3.0411e+06
3.0565e+06
3.067e+06
3.0685e+06
3.0601e+06
3.0448e+06
3.0278e+06
3.0137e+06
3.004e+06
2.9964e+06
2.9866e+06
2.9707e+06
2.9477e+06
2.9202e+06
2.8929e+06
2.8705e+06
2.8549e+06
2.8448e+06
2.8366e+06
2.8269e+06
2.8147e+06
2.8023e+06
2.7941e+06
2.7942e+06
2.8042e+06
2.8215e+06
2.841e+06
2.857e+06
2.8666e+06
2.871e+06
2.8746e+06
2.8829e+06
2.8993e+06
2.9227e+06
2.9482e+06
2.9695e+06
2.982e+06
2.9856e+06
2.9838e+06
2.9819e+06
2.9834e+06
2.9879e+06
2.9912e+06
2.9876e+06
2.9736e+06
2.9496e+06
2.9204e+06
2.8923e+06
2.8703e+06
2.855e+06
2.8431e+06
2.8294e+06
2.8101e+06
2.7854e+06
2.7596e+06
2.7391e+06
2.729e+06
2.7305e+06
2.7401e+06
2.7515e+06
2.7594e+06
2.7615e+06
2.7599e+06
2.7599e+06
2.7666e+06
2.7825e+06
2.8059e+06
2.8321e+06
2.8561e+06
2.8753e+06
2.8905e+06
2.9048e+06
2.9213e+06
2.9404e+06
2.9593e+06
2.9732e+06
2.9785e+06
2.9751e+06
2.9661e+06
2.9569e+06
2.9514e+06
2.9496e+06
2.9478e+06
2.9403e+06
2.9234e+06
2.8977e+06
2.8678e+06
2.8405e+06
2.8207e+06
2.8087e+06
2.8003e+06
2.7889e+06
2.7701e+06
2.7435e+06
2.7138e+06
2.688e+06
2.6716e+06
2.6661e+06
2.6681e+06
2.6715e+06
2.6713e+06
2.6665e+06
2.6608e+06
2.6604e+06
2.6707e+06
2.6925e+06
2.7216e+06
2.7505e+06
2.7725e+06
2.7849e+06
2.79e+06
2.7935e+06
2.801e+06
2.8153e+06
2.8343e+06
2.8531e+06
2.8671e+06
2.8745e+06
2.8773e+06
2.8792e+06
2.8833e+06
2.8888e+06
2.8923e+06
2.8892e+06
2.8771e+06
2.8577e+06
2.8359e+06
2.8173e+06
2.8046e+06
2.7964e+06
2.7875e+06
2.7725e+06
2.7493e+06
2.72e+06
2.6903e+06
2.6665e+06
2.6514e+06
2.6437e+06
2.6382e+06
2.6298e+06
2.6163e+06
2.5998e+06
2.5851e+06
2.5776e+06
2.5797e+06
2.5894e+06
2.6021e+06
2.6132e+06
2.6208e+06
2.6266e+06
2.6346e+06
2.6485e+06
2.6689e+06
2.6929e+06
2.7159e+06
2.7345e+06
2.7484e+06
2.7607e+06
2.7755e+06
2.7951e+06
2.8177e+06
2.8386e+06
2.8524e+06
2.8566e+06
2.8531e+06
2.8473e+06
2.8448e+06
2.848e+06
2.8545e+06
2.8589e+06
2.8561e+06
2.8446e+06
2.8275e+06
2.8102e+06
2.7971e+06
2.7883e+06
2.78e+06
2.7666e+06
2.7447e+06
2.7156e+06
2.6847e+06
2.6582e+06
2.6396e+06
2.6269e+06
2.6144e+06
2.5964e+06
2.5706e+06
2.5403e+06
2.5126e+06
2.4946e+06
2.4887e+06
2.4917e+06
2.4961e+06
2.4949e+06
2.4855e+06
2.4712e+06
2.4589e+06
2.4553e+06
2.4627e+06
2.4777e+06
2.4938e+06
2.5052e+06
2.5108e+06
2.5145e+06
2.5226e+06
2.5395e+06
2.5644e+06
2.5918e+06
2.6145e+06
2.6282e+06
2.6342e+06
2.6382e+06
2.6469e+06
2.6633e+06
2.6847e+06
2.7044e+06
2.7155e+06
2.7156e+06
2.7082e+06
2.6999e+06
2.6972e+06
2.7015e+06
2.7094e+06
2.7147e+06
2.7129e+06
2.7042e+06
2.6923e+06
2.6825e+06
2.6769e+06
2.6737e+06
2.6681e+06
2.656e+06
2.6366e+06
2.6135e+06
2.5916e+06
2.5741e+06
2.5602e+06
2.5457e+06
2.5263e+06
2.5012e+06
2.4735e+06
2.4491e+06
2.4325e+06
2.4239e+06
2.4188e+06
2.4108e+06
2.3961e+06
2.3759e+06
2.3556e+06
2.3418e+06
2.3378e+06
2.3418e+06
2.3474e+06
2.3488e+06
2.3435e+06
2.3347e+06
2.3287e+06
2.3311e+06
2.3428e+06
2.3597e+06
2.3751e+06
2.3842e+06
2.3872e+06
2.3889e+06
2.3959e+06
2.4117e+06
2.4346e+06
2.4588e+06
2.4782e+06
2.4908e+06
2.4995e+06
2.5106e+06
2.529e+06
2.5543e+06
2.5811e+06
2.6019e+06
2.6126e+06
2.6151e+06
2.6166e+06
2.6248e+06
2.6433e+06
2.6688e+06
2.693e+06
2.7083e+06
2.7123e+06
2.7086e+06
2.7045e+06
2.7061e+06
2.714e+06
2.7236e+06
2.7288e+06
2.7259e+06
2.7166e+06
2.7063e+06
2.7003e+06
2.6999e+06
2.7015e+06
2.6994e+06
2.69e+06
2.674e+06
2.6559e+06
2.6407e+06
2.6301e+06
2.6213e+06
2.6093e+06
2.5906e+06
2.5662e+06
2.541e+06
2.5208e+06
2.5079e+06
2.4996e+06
2.4897e+06
2.4732e+06
2.4493e+06
2.4224e+06
2.399e+06
2.3835e+06
2.3754e+06
2.3693e+06
2.3592e+06
2.3417e+06
2.3187e+06
2.2956e+06
2.2778e+06
2.2678e+06
2.2633e+06
2.2599e+06
2.2539e+06
2.2446e+06
2.2339e+06
2.2249e+06
2.2188e+06
2.215e+06
2.2116e+06
2.2077e+06
2.2046e+06
2.2052e+06
2.2116e+06
2.2231e+06
2.2359e+06
2.2453e+06
2.2488e+06
2.2473e+06
2.2451e+06
2.2467e+06
2.2544e+06
2.2664e+06
2.2785e+06
2.2874e+06
2.2929e+06
2.2981e+06
2.3073e+06
2.3227e+06
2.3426e+06
2.3626e+06
2.3787e+06
2.3898e+06
2.3987e+06
2.4096e+06
2.4252e+06
2.4444e+06
2.4634e+06
2.4784e+06
2.4886e+06
2.4967e+06
2.5067e+06
2.5215e+06
2.5399e+06
2.5581e+06
2.5719e+06
2.5804e+06
2.5861e+06
2.5932e+06
2.6046e+06
2.6197e+06
2.6353e+06
2.648e+06
2.6571e+06
2.6648e+06
2.674e+06
2.6857e+06
2.6974e+06
2.7051e+06
2.7064e+06
2.7027e+06
2.6994e+06
2.7019e+06
2.7118e+06
2.7254e+06
2.7355e+06
2.7364e+06
2.7275e+06
2.7135e+06
2.7019e+06
2.6974e+06
2.7e+06
2.7049e+06
2.7072e+06
2.7048e+06
2.6994e+06
2.6942e+06
2.6908e+06
2.6871e+06
2.6796e+06
2.6661e+06
2.6486e+06
2.6319e+06
2.6209e+06
2.6162e+06
2.6138e+06
2.6075e+06
2.5938e+06
2.5741e+06
2.5541e+06
2.5393e+06
2.531e+06
2.5254e+06
2.5166e+06
2.5009e+06
2.4802e+06
2.4603e+06
2.4465e+06
2.4396e+06
2.4352e+06
2.4268e+06
2.4112e+06
2.3906e+06
2.3709e+06
2.3573e+06
2.3501e+06
2.3446e+06
2.3345e+06
2.3169e+06
2.2945e+06
2.2733e+06
2.2584e+06
2.2495e+06
2.2418e+06
2.2298e+06
2.2112e+06
2.189e+06
2.1689e+06
2.1543e+06
2.1438e+06
2.1321e+06
2.1142e+06
2.0897e+06
2.0631e+06
2.0408e+06
2.0262e+06
2.0164e+06
2.0045e+06
1.9847e+06
1.9564e+06
1.9247e+06
1.8969e+06
1.8772e+06
1.8638e+06
1.8508e+06
1.8332e+06
1.8101e+06
1.7855e+06
1.7648e+06
1.7499e+06
1.7381e+06
1.7243e+06
1.7049e+06
1.6811e+06
1.6573e+06
1.638e+06
1.6235e+06
1.6105e+06
1.5942e+06
1.573e+06
1.5497e+06
1.5294e+06
1.5154e+06
1.5061e+06
1.4964e+06
1.4814e+06
1.4607e+06
1.4383e+06
1.4193e+06
1.4058e+06
1.3948e+06
1.3806e+06
1.3597e+06
1.3342e+06
1.3108e+06
1.2957e+06
1.2896e+06
1.2862e+06
1.2769e+06
1.2572e+06
1.2299e+06
1.2035e+06
1.1861e+06
1.1792e+06
1.1768e+06
1.1697e+06
1.1528e+06
1.129e+06
1.1064e+06
1.0926e+06
1.0885e+06
1.0873e+06
1.0803e+06
1.0633e+06
