1.334e+06
1.339e+06
1.3419e+06
1.3533e+06
1.3781e+06
1.4119e+06
1.4439e+06
1.4649e+06
1.4735e+06
1.4765e+06
1.4838e+06
1.5015e+06
1.5278e+06
1.5557e+06
1.579e+06
1.5967e+06
1.6127e+06
1.6317e+06
1.6545e+06
1.6769e+06
1.6943e+06
1.7056e+06
1.7157e+06
1.7318e+06
1.758e+06
1.7912e+06
1.8228e+06
1.8452e+06
1.8576e+06
1.8667e+06
1.8821e+06
1.9093e+06
1.9451e+06
1.98e+06
2.0051e+06
2.0186e+06
2.0264e+06
2.0379e+06
2.0592e+06
2.0885e+06
2.1185e+06
2.1426e+06
2.1603e+06
2.1771e+06
2.1997e+06
2.2304e+06
2.2643e+06
2.2936e+06
2.3137e+06
2.3274e+06
2.3433e+06
2.3695e+06
2.407e+06
2.4488e+06
2.4843e+06
2.5072e+06
2.5198e+06
2.5309e+06
2.5497e+06
2.5791e+06
2.6136e+06
2.6442e+06
2.6655e+06
2.6795e+06
2.6943e+06
2.7174e+06
2.7504e+06
2.7871e+06
2.819e+06
2.8413e+06
2.8561e+06
2.871e+06
2.8924e+06
2.9212e+06
2.9515e+06
2.9758e+06
2.9909e+06
3.0001e+06
3.0113e+06
3.0311e+06
3.0599e+06
3.0919e+06
3.1197e+06
3.1393e+06
3.1528e+06
3.1653e+06
3.1809e+06
3.1993e+06
3.2164e+06
3.2287e+06
3.2369e+06
3.2465e+06
3.2637e+06
3.2905e+06
3.3225e+06
3.3511e+06
3.3694e+06
3.3769e+06
3.3793e+06
3.3846e+06
3.3976e+06
3.4165e+06
3.4349e+06
3.4473e+06
3.4526e+06
3.4555e+06
3.4619e+06
3.4746e+06
3.4908e+06
3.5044e+06
3.5102e+06
3.5081e+06
3.5025e+06
3.4989e+06
3.4995e+06
3.5019e+06
3.5014e+06
3.4953e+06
3.4853e+06
3.4767e+06
3.4741e+06
3.4774e+06
3.4811e+06
3.4784e+06
3.4662e+06
3.4474e+06
3.4296e+06
3.4199e+06
3.4192e+06
3.4219e+06
3.4192e+06
3.4053e+06
3.3809e+06
3.3526e+06
3.3284e+06
3.3121e+06
3.3017e+06
3.2916e+06
3.2771e+06
3.2582e+06
3.2386e+06
3.2224e+06
3.2099e+06
3.1972e+06
3.1789e+06
3.1523e+06
3.1203e+06
3.0894e+06
3.0654e+06
3.0489e+06
3.0343e+06
3.0139e+06
2.9833e+06
2.9447e+06
2.9062e+06
2.8765e+06
2.8588e+06
2.8491e+06
2.8387e+06
2.8202e+06
2.7923e+06
2.7603e+06
2.7323e+06
2.7134e+06
2.7024e+06
2.6932e+06
2.6795e+06
2.6595e+06
2.6376e+06
2.6207e+06
2.6137e+06
2.6151e+06
2.6185e+06
2.6165e+06
2.6063e+06
2.5917e+06
2.5807e+06
2.5801e+06
2.591e+06
2.6077e+06
2.6217e+06
2.6273e+06
2.6252e+06
2.6213e+06
2.6226e+06
2.6321e+06
2.6467e+06
2.6599e+06
2.6669e+06
2.6687e+06
2.6719e+06
2.6842e+06
2.7089e+06
2.7417e+06
2.7734e+06
2.7953e+06
2.8053e+06
2.809e+06
2.8158e+06
2.8332e+06
2.8609e+06
2.8913e+06
2.9147e+06
2.9257e+06
2.927e+06
2.927e+06
2.9346e+06
2.9522e+06
2.9749e+06
2.9934e+06
3.0014e+06
2.9994e+06
2.9948e+06
2.9966e+06
3.0086e+06
3.0262e+06
3.0396e+06
3.04e+06
3.0255e+06
3.003e+06
2.9833e+06
2.9749e+06
2.9781e+06
2.9853e+06
2.9868e+06
2.9772e+06
2.9588e+06
2.9394e+06
2.9266e+06
2.9221e+06
2.9201e+06
2.9118e+06
2.891e+06
2.8588e+06
2.8229e+06
2.7927e+06
2.7734e+06
2.7627e+06
2.7526e+06
2.7355e+06
2.7091e+06
2.6779e+06
2.6498e+06
2.631e+06
2.6213e+06
2.6147e+06
2.6037e+06
2.5842e+06
2.5589e+06
2.5349e+06
2.5195e+06
2.5148e+06
2.5165e+06
2.5165e+06
2.5083e+06
2.4916e+06
2.4724e+06
2.4595e+06
2.4594e+06
2.4714e+06
2.489e+06
2.5035e+06
2.5099e+06
2.5096e+06
2.5094e+06
2.5166e+06
2.5342e+06
2.5587e+06
2.5823e+06
2.5979e+06
2.604e+06
2.6052e+06
2.6097e+06
2.6238e+06
2.648e+06
2.6763e+06
2.7008e+06
2.7161e+06
2.723e+06
2.7272e+06
2.7354e+06
2.7508e+06
2.7706e+06
2.7886e+06
2.7989e+06
2.8005e+06
2.7972e+06
2.7954e+06
2.7993e+06
2.8079e+06
2.816e+06
2.8174e+06
2.8094e+06
2.7945e+06
2.7786e+06
2.7672e+06
2.7616e+06
2.758e+06
2.7504e+06
2.7344e+06
2.7106e+06
2.6843e+06
2.6621e+06
2.6478e+06
2.6397e+06
2.632e+06
2.6186e+06
2.5972e+06
2.5706e+06
2.5454e+06
2.5282e+06
2.521e+06
2.5207e+06
2.5213e+06
2.5178e+06
2.5098e+06
2.5012e+06
2.4983e+06
2.5052e+06
2.5212e+06
2.5406e+06
2.5568e+06
2.5655e+06
2.568e+06
2.5701e+06
2.5787e+06
2.5974e+06
2.6242e+06
2.6525e+06
2.6751e+06
2.6886e+06
2.6951e+06
2.7008e+06
2.7123e+06
2.7321e+06
2.7572e+06
2.7808e+06
2.7968e+06
2.8034e+06
2.8036e+06
2.8035e+06
2.8075e+06
2.8161e+06
2.8246e+06
2.8275e+06
2.8211e+06
2.807e+06
2.7906e+06
2.7779e+06
2.7717e+06
2.7692e+06
2.7643e+06
2.7511e+06
2.7282e+06
2.6995e+06
2.6722e+06
2.653e+06
2.6438e+06
2.6406e+06
2.6366e+06
2.6258e+06
2.6071e+06
2.5847e+06
2.5654e+06
2.5552e+06
2.5553e+06
2.5619e+06
2.569e+06
2.572e+06
2.5707e+06
2.5693e+06
2.5738e+06
2.5882e+06
2.6114e+06
2.6381e+06
2.6615e+06
2.6773e+06
2.6862e+06
2.6936e+06
2.7062e+06
2.7278e+06
2.7566e+06
2.7864e+06
2.8099e+06
2.8234e+06
2.8285e+06
2.8315e+06
2.8393e+06
2.8549e+06
2.8754e+06
2.8935e+06
2.9018e+06
2.8973e+06
2.8829e+06
2.8663e+06
2.8551e+06
2.8526e+06
2.8556e+06
2.8569e+06
2.8493e+06
2.8303e+06
2.8033e+06
2.776e+06
2.7559e+06
2.7463e+06
2.7442e+06
2.7427e+06
2.7351e+06
2.7189e+06
2.6974e+06
2.6782e+06
2.6691e+06
2.6743e+06
2.6915e+06
2.7142e+06
2.7347e+06
2.7485e+06
2.7562e+06
2.7626e+06
2.7739e+06
2.794e+06
2.8221e+06
2.8535e+06
2.8822e+06
2.9045e+06
2.9205e+06
2.9339e+06
2.9489e+06
2.9677e+06
2.9886e+06
3.0073e+06
3.0192e+06
3.0223e+06
3.018e+06
3.0106e+06
3.0043e+06
3.0006e+06
2.9978e+06
2.992e+06
2.9802e+06
2.9619e+06
2.9402e+06
2.9198e+06
2.9043e+06
2.8941e+06
2.8862e+06
2.876e+06
2.8605e+06
2.8402e+06
2.8192e+06
2.8036e+06
2.7977e+06
2.8023e+06
2.8136e+06
2.8255e+06
2.8331e+06
2.8354e+06
2.8356e+06
2.8398e+06
2.8534e+06
2.8777e+06
2.9089e+06
2.9399e+06
2.9638e+06
2.9777e+06
2.9841e+06
2.9894e+06
3e+06
3.0189e+06
3.043e+06
3.0651e+06
3.0772e+06
3.0754e+06
3.0614e+06
3.0419e+06
3.0247e+06
3.015e+06
3.0116e+06
3.0087e+06
2.9987e+06
2.977e+06
2.9445e+06
2.9081e+06
2.8772e+06
2.8594e+06
2.8569e+06
2.8657e+06
2.8778e+06
2.8855e+06
2.8855e+06
2.8794e+06
2.8734e+06
2.8745e+06
2.887e+06
2.9103e+06
2.9394e+06
2.9675e+06
2.9893e+06
3.0036e+06
3.013e+06
3.0221e+06
3.0346e+06
3.0512e+06
3.069e+06
3.0835e+06
3.0914e+06
3.092e+06
3.0879e+06
3.0832e+06
3.0806e+06
3.0801e+06
3.0787e+06
3.0719e+06
3.057e+06
3.034e+06
3.0066e+06
2.9796e+06
2.9574e+06
2.9414e+06
2.9299e+06
2.9194e+06
2.9074e+06
2.8936e+06
2.881e+06
2.8741e+06
2.8771e+06
2.8909e+06
2.9128e+06
2.9375e+06
2.9596e+06
2.976e+06
2.9877e+06
2.9989e+06
3.0144e+06
3.0372e+06
3.0656e+06
3.0945e+06
3.1168e+06
3.1275e+06
3.1256e+06
3.1145e+06
3.1003e+06
3.0885e+06
3.0813e+06
3.0766e+06
3.0694e+06
3.0552e+06
3.0326e+06
3.0043e+06
2.9766e+06
2.9559e+06
2.9459e+06
2.9458e+06
2.9508e+06
2.9547e+06
2.953e+06
2.945e+06
2.9347e+06
2.9283e+06
2.9323e+06
2.9493e+06
2.9778e+06
3.0119e+06
3.0445e+06
3.0706e+06
3.0886e+06
3.1009e+06
3.1118e+06
3.125e+06
3.1409e+06
3.1567e+06
3.1674e+06
3.1688e+06
3.1595e+06
3.142e+06
3.1213e+06
3.1024e+06
3.0882e+06
3.0783e+06
3.0694e+06
3.0578e+06
3.0414e+06
3.0211e+06
3.0004e+06
2.9841e+06
2.9758e+06
2.9762e+06
2.9835e+06
2.9939e+06
3.0045e+06
3.0143e+06
3.0251e+06
3.0401e+06
3.0625e+06
3.0925e+06
3.127e+06
3.1602e+06
3.186e+06
3.2006e+06
3.2042e+06
3.2006e+06
3.1955e+06
3.1936e+06
3.1958e+06
3.199e+06
3.1976e+06
3.1863e+06
3.1631e+06
3.1304e+06
3.0943e+06
3.0623e+06
3.0403e+06
3.0304e+06
3.03e+06
3.0342e+06
3.0376e+06
3.0377e+06
3.0353e+06
3.0344e+06
3.0406e+06
3.0576e+06
3.0858e+06
3.1216e+06
3.1585e+06
3.1903e+06
3.2128e+06
3.2254e+06
3.2309e+06
3.2331e+06
3.2349e+06
3.2366e+06
3.236e+06
3.2297e+06
3.2153e+06
3.1935e+06
3.1677e+06
3.1432e+06
3.125e+06
3.1155e+06
3.1136e+06
3.1157e+06
3.1172e+06
3.1152e+06
3.1094e+06
3.1025e+06
3.0993e+06
3.1042e+06
3.1194e+06
3.1439e+06
3.1734e+06
3.2022e+06
3.2256e+06
3.2413e+06
3.2503e+06
3.2555e+06
3.2602e+06
3.2662e+06
3.2726e+06
3.2764e+06
3.2739e+06
3.2632e+06
3.2447e+06
3.2214e+06
3.1977e+06
3.1777e+06
3.1634e+06
3.1547e+06
3.1497e+06
3.1464e+06
3.1438e+06
3.1432e+06
3.1475e+06
3.1599e+06
3.1824e+06
3.2141e+06
3.2514e+06
3.2888e+06
3.3207e+06
3.3436e+06
3.3572e+06
3.3639e+06
3.3677e+06
3.3718e+06
3.377e+06
3.3812e+06
3.3805e+06
3.3711e+06
3.3518e+06
3.3244e+06
3.2943e+06
3.2678e+06
3.2507e+06
3.2458e+06
3.2522e+06
3.266e+06
3.2824e+06
3.2974e+06
3.3094e+06
3.3197e+06
3.3315e+06
3.3484e+06
3.3724e+06
3.4026e+06
3.4354e+06
3.4655e+06
3.4881e+06
3.5005e+06
3.5028e+06
3.4976e+06
3.4884e+06
3.4779e+06
3.467e+06
3.4551e+06
3.4405e+06
3.4224e+06
3.4017e+06
3.3814e+06
3.3654e+06
3.3574e+06
3.3595e+06
3.3711e+06
3.3895e+06
3.4109e+06
3.4315e+06
3.4496e+06
3.4656e+06
3.4816e+06
3.5002e+06
3.5223e+06
3.5466e+06
3.569e+06
3.5842e+06
3.5874e+06
3.5767e+06
3.5533e+06
3.5217e+06
3.488e+06
3.4577e+06
3.434e+06
3.4172e+06
3.4054e+06
3.3961e+06
3.3876e+06
3.3804e+06
3.3773e+06
3.3819e+06
3.3973e+06
3.4245e+06
3.4608e+06
3.5008e+06
3.5375e+06
3.5647e+06
3.5787e+06
3.5797e+06
3.5709e+06
3.5576e+06
3.5446e+06
3.5346e+06
3.5274e+06
3.5204e+06
3.5104e+06
3.4956e+06
3.4763e+06
3.4555e+06
3.4377e+06
3.4272e+06
3.4264e+06
3.4357e+06
3.4524e+06
3.4729e+06
3.4934e+06
3.5118e+06
3.5279e+06
3.5435e+06
3.5607e+06
3.5808e+06
3.6025e+06
3.6223e+06
3.6353e+06
3.6371e+06
3.6255e+06
3.6018e+06
3.5703e+06
3.5372e+06
3.5085e+06
3.4884e+06
3.4779e+06
3.4752e+06
3.4769e+06
3.4797e+06
3.4818e+06
3.4836e+06
3.4875e+06
3.4967e+06
3.5136e+06
3.5382e+06
3.5672e+06
3.5953e+06
3.6163e+06
3.6255e+06
3.6214e+06
3.6057e+06
3.5828e+06
3.5581e+06
3.5357e+06
3.5174e+06
3.5026e+06
3.4889e+06
3.4738e+06
3.4565e+06
3.4384e+06
3.4233e+06
3.4157e+06
3.42e+06
3.438e+06
3.4679e+06
3.5047e+06
3.5413e+06
3.5703e+06
3.587e+06
3.5897e+06
3.5807e+06
3.5647e+06
3.5469e+06
3.5311e+06
3.5188e+06
3.5084e+06
3.4974e+06
3.4836e+06
3.4665e+06
3.4481e+06
3.4322e+06
3.4238e+06
3.4267e+06
3.4426e+06
3.4696e+06
3.5033e+06
3.5372e+06
3.5651e+06
3.5827e+06
3.5886e+06
3.5842e+06
3.5731e+06
3.5593e+06
3.5455e+06
3.5325e+06
3.519e+06
3.5033e+06
3.484e+06
3.4615e+06
3.4382e+06
3.418e+06
3.4051e+06
3.403e+06
3.4126e+06
3.4322e+06
3.458e+06
3.4847e+06
3.5077e+06
3.5237e+06
3.5322e+06
3.5346e+06
3.5335e+06
3.531e+06
3.528e+06
3.5234e+06
3.515e+06
3.5007e+06
3.4799e+06
3.4541e+06
3.4272e+06
3.4047e+06
3.3919e+06
3.3927e+06
3.4079e+06
3.4351e+06
3.4687e+06
3.5021e+06
3.5287e+06
3.5442e+06
3.5473e+06
3.54e+06
3.5262e+06
3.5103e+06
3.4958e+06
3.4837e+06
3.4732e+06
3.462e+06
3.4484e+06
3.4319e+06
3.414e+06
3.3981e+06
3.3884e+06
3.3884e+06
3.4002e+06
3.4231e+06
3.4537e+06
3.4868e+06
3.5166e+06
3.5383e+06
3.549e+06
3.5489e+06
3.5399e+06
3.5255e+06
3.5094e+06
3.4937e+06
3.4797e+06
3.4672e+06
3.4555e+06
3.4446e+06
3.4351e+06
3.4285e+06
3.4268e+06
3.4315e+06
3.4431e+06
3.4604e+06
3.4805e+06
3.4996e+06
3.5136e+06
3.5194e+06
3.5158e+06
3.5036e+06
3.4857e+06
3.4653e+06
3.4459e+06
3.4294e+06
3.4165e+06
3.4065e+06
3.3984e+06
3.3913e+06
3.3853e+06
3.3812e+06
3.3809e+06
3.3861e+06
3.3977e+06
3.4152e+06
3.4359e+06
3.4557e+06
3.4695e+06
3.4733e+06
3.4648e+06
3.4446e+06
3.416e+06
3.3842e+06
3.3549e+06
3.3328e+06
3.3203e+06
3.3177e+06
3.3227e+06
3.3322e+06
3.3428e+06
3.352e+06
3.359e+06
3.3645e+06
3.3701e+06
3.3776e+06
3.3873e+06
3.3981e+06
3.4069e+06
3.4096e+06
3.4031e+06
3.3857e+06
3.3586e+06
3.3256e+06
3.2922e+06
3.2644e+06
3.2473e+06
3.2434e+06
3.2526e+06
3.2716e+06
3.2956e+06
3.3189e+06
3.3371e+06
3.3475e+06
3.3498e+06
3.3458e+06
3.3382e+06
3.3298e+06
3.3221e+06
3.3153e+06
3.3081e+06
3.299e+06
3.2874e+06
3.2734e+06
3.2587e+06
3.246e+06
3.238e+06
3.2369e+06
3.2432e+06
3.2555e+06
3.2704e+06
3.2833e+06
3.2896e+06
3.2863e+06
3.2726e+06
3.2506e+06
3.2243e+06
3.1992e+06
3.1801e+06
3.1702e+06
3.1703e+06
3.1788e+06
3.1923e+06
3.2067e+06
3.2182e+06
3.2243e+06
3.2243e+06
3.2195e+06
3.2123e+06
3.2053e+06
3.2005e+06
3.198e+06
3.1961e+06
3.1925e+06
3.1849e+06
3.1723e+06
3.156e+06
3.1389e+06
3.1253e+06
3.1194e+06
3.1243e+06
3.1412e+06
3.1684e+06
3.2017e+06
3.2354e+06
3.2633e+06
3.2805e+06
3.2841e+06
3.2744e+06
3.2539e+06
3.2273e+06
3.1999e+06
3.1763e+06
3.1596e+06
3.1512e+06
3.1505e+06
3.1559e+06
3.1652e+06
3.1764e+06
3.1881e+06
3.1994e+06
3.2099e+06
3.2195e+06
3.2274e+06
3.2322e+06
3.2318e+06
3.2243e+06
3.2082e+06
3.184e+06
3.1538e+06
3.1216e+06
3.0922e+06
3.0707e+06
3.0608e+06
3.0639e+06
3.0787e+06
3.1015e+06
3.1267e+06
3.1481e+06
3.1607e+06
3.1614e+06
3.1499e+06
3.1287e+06
3.1025e+06
3.0764e+06
3.0555e+06
3.0426e+06
3.0388e+06
3.0428e+06
3.052e+06
3.0629e+06
3.0727e+06
3.0793e+06
3.0821e+06
3.0822e+06
3.0815e+06
3.0821e+06
3.0851e+06
3.0903e+06
3.096e+06
3.0995e+06
3.0986e+06
3.0919e+06
3.0799e+06
3.0646e+06
3.0493e+06
3.0377e+06
3.0327e+06
3.0362e+06
3.0479e+06
3.0653e+06
3.0843e+06
3.0999e+06
3.1075e+06
3.1044e+06
3.0902e+06
3.0671e+06
3.0396e+06
3.0132e+06
2.9931e+06
2.9832e+06
2.985e+06
2.9974e+06
3.0171e+06
3.0393e+06
3.0588e+06
3.0716e+06
3.0751e+06
3.0692e+06
3.0559e+06
3.0383e+06
3.0202e+06
3.0047e+06
2.9939e+06
2.9881e+06
2.9868e+06
2.9884e+06
2.9914e+06
2.9941e+06
2.9959e+06
2.9967e+06
2.9969e+06
2.9975e+06
2.9991e+06
3.0013e+06
3.0032e+06
3.0027e+06
2.9981e+06
2.9879e+06
2.9723e+06
2.9525e+06
2.9312e+06
2.9118e+06
2.8975e+06
2.891e+06
2.8933e+06
2.9036e+06
2.9191e+06
2.9358e+06
2.9488e+06
2.9539e+06
2.9486e+06
2.9324e+06
2.9075e+06
2.8778e+06
2.8483e+06
2.824e+06
2.8087e+06
2.8044e+06
2.8106e+06
2.8248e+06
2.8429e+06
2.8601e+06
2.8722e+06
2.8762e+06
2.8713e+06
2.8583e+06
2.8399e+06
2.8197e+06
2.8012e+06
2.7875e+06
2.7801e+06
2.7795e+06
2.7845e+06
2.7932e+06
2.803e+06
2.8118e+06
2.8179e+06
2.8207e+06
2.8203e+06
2.8175e+06
2.8134e+06
2.8089e+06
2.8044e+06
2.8004e+06
2.7969e+06
2.7938e+06
2.7914e+06
2.7898e+06
2.7891e+06
2.7897e+06
2.7918e+06
2.7953e+06
2.7997e+06
2.8041e+06
2.807e+06
2.8072e+06
2.8038e+06
2.7968e+06
2.7873e+06
2.777e+06
2.7683e+06
2.7634e+06
2.7638e+06
2.7702e+06
2.7817e+06
2.7963e+06
2.8111e+06
2.8224e+06
2.8271e+06
2.823e+06
2.8096e+06
2.7885e+06
2.7628e+06
2.7368e+06
2.7149e+06
2.7011e+06
2.6974e+06
2.7042e+06
2.7195e+06
2.7398e+06
2.7604e+06
2.7767e+06
2.7853e+06
2.7845e+06
2.7746e+06
2.7581e+06
2.7388e+06
2.7212e+06
2.7091e+06
2.7049e+06
2.7092e+06
2.7203e+06
2.7348e+06
2.7486e+06
2.7572e+06
2.7577e+06
2.7486e+06
2.731e+06
2.7077e+06
2.6831e+06
2.662e+06
2.6487e+06
2.6457e+06
2.6535e+06
2.6706e+06
2.6936e+06
2.7179e+06
2.7387e+06
2.7519e+06
2.7552e+06
2.7481e+06
2.7326e+06
2.7125e+06
2.6923e+06
2.6764e+06
2.6681e+06
2.669e+06
2.6786e+06
2.695e+06
2.7146e+06
2.7336e+06
2.7482e+06
2.7554e+06
2.754e+06
2.7444e+06
2.729e+06
2.7109e+06
2.6936e+06
2.6804e+06
2.6729e+06
2.6718e+06
2.6764e+06
2.6849e+06
2.6949e+06
2.7039e+06
2.7095e+06
2.7106e+06
2.7071e+06
2.7002e+06
2.692e+06
2.6849e+06
2.6809e+06
2.6811e+06
2.6858e+06
2.6938e+06
2.7036e+06
2.7128e+06
2.7193e+06
2.7211e+06
2.7173e+06
2.7082e+06
2.6952e+06
2.6808e+06
2.6677e+06
2.6586e+06
2.6551e+06
2.6581e+06
2.667e+06
2.6805e+06
2.6963e+06
2.7117e+06
2.7243e+06
2.7321e+06
2.7341e+06
2.7308e+06
2.7238e+06
2.7155e+06
2.7084e+06
2.7046e+06
2.7054e+06
2.711e+06
2.7211e+06
2.734e+06
2.7479e+06
2.7605e+06
2.7698e+06
2.7745e+06
2.7746e+06
2.771e+06
2.7657e+06
2.7611e+06
2.7593e+06
2.7619e+06
2.7696e+06
2.7819e+06
2.7975e+06
2.8141e+06
2.8289e+06
2.8393e+06
2.8433e+06
2.84e+06
2.8302e+06
2.8159e+06
2.8e+06
2.7855e+06
2.7752e+06
2.7711e+06
2.7739e+06
2.7832e+06
2.797e+06
2.8126e+06
2.8268e+06
2.8366e+06
2.84e+06
2.8364e+06
2.8272e+06
2.8147e+06
2.8022e+06
2.793e+06
2.7894e+06
2.7928e+06
2.803e+06
2.8183e+06
2.8359e+06
2.8521e+06
2.8637e+06
2.8681e+06
2.8644e+06
2.8533e+06
2.8378e+06
2.8215e+06
2.8087e+06
2.803e+06
2.8066e+06
2.8198e+06
2.8409e+06
2.8662e+06
2.891e+06
2.9106e+06
2.921e+06
2.9202e+06
2.9083e+06
2.8877e+06
2.8628e+06
2.839e+06
2.8213e+06
2.8137e+06
2.8183e+06
2.8346e+06
2.8598e+06
2.8895e+06
2.9185e+06
2.9419e+06
2.9564e+06
2.9605e+06
2.9554e+06
2.9439e+06
2.9304e+06
2.9196e+06
2.9152e+06
2.9195e+06
2.9325e+06
2.952e+06
2.9743e+06
2.9947e+06
3.0089e+06
3.0137e+06
3.0079e+06
2.9923e+06
2.9697e+06
2.9442e+06
2.9205e+06
2.9022e+06
2.8919e+06
2.8904e+06
2.8962e+06
2.9068e+06
2.9186e+06
2.928e+06
2.9324e+06
2.9305e+06
2.9227e+06
2.9109e+06
2.8977e+06
2.886e+06
2.8782e+06
2.8754e+06
2.8779e+06
2.8845e+06
2.8936e+06
2.9031e+06
2.911e+06
2.916e+06
2.9176e+06
2.9162e+06
2.913e+06
2.9097e+06
2.9074e+06
2.9067e+06
2.9074e+06
2.9089e+06
2.9103e+06
2.9108e+06
2.9101e+06
2.9087e+06
2.9073e+06
2.9068e+06
2.9082e+06
2.912e+06
2.918e+06
2.9249e+06
2.9308e+06
2.9333e+06
2.9306e+06
2.9216e+06
2.9068e+06
2.8882e+06
2.8686e+06
2.8515e+06
2.8403e+06
2.837e+06
2.8422e+06
2.8546e+06
2.8713e+06
2.8884e+06
2.9017e+06
2.908e+06
2.9057e+06
2.8952e+06
2.879e+06
2.8609e+06
2.8451e+06
2.8355e+06
2.8344e+06
2.842e+06
2.8566e+06
2.8746e+06
2.892e+06
2.9048e+06
2.9103e+06
2.9076e+06
2.8981e+06
2.8846e+06
2.871e+06
2.8611e+06
2.8576e+06
2.8618e+06
2.8728e+06
2.8884e+06
2.9055e+06
2.9211e+06
2.9325e+06
2.9387e+06
2.9398e+06
2.9374e+06
2.9337e+06
2.9308e+06
2.9299e+06
2.9312e+06
2.9336e+06
2.9357e+06
2.936e+06
2.9338e+06
2.9296e+06
2.9248e+06
2.9214e+06
2.922e+06
2.9283e+06
2.941e+06
2.9592e+06
2.9799e+06
2.9994e+06
3.0133e+06
3.0184e+06
3.0133e+06
2.999e+06
2.9786e+06
2.9568e+06
2.939e+06
2.9296e+06
2.9314e+06
2.9447e+06
2.967e+06
2.994e+06
3.0202e+06
3.0409e+06
3.0524e+06
3.0538e+06
3.0465e+06
3.0339e+06
3.0203e+06
3.0099e+06
3.0055e+06
3.0081e+06
3.0166e+06
3.0284e+06
3.0403e+06
3.0496e+06
3.0545e+06
3.0546e+06
3.0514e+06
3.0469e+06
3.0438e+06
3.0434e+06
3.0461e+06
3.0504e+06
3.054e+06
3.0543e+06
3.05e+06
3.0408e+06
3.0287e+06
3.0163e+06
3.0074e+06
3.0048e+06
3.0102e+06
3.0229e+06
3.04e+06
3.057e+06
3.0689e+06
3.0716e+06
3.0631e+06
3.0443e+06
3.0186e+06
2.9914e+06
2.9689e+06
2.9562e+06
2.9562e+06
2.969e+06
2.992e+06
3.0201e+06
3.0481e+06
3.0712e+06
3.0862e+06
3.0927e+06
3.0924e+06
3.0885e+06
3.0845e+06
3.0831e+06
3.0849e+06
3.0887e+06
3.0922e+06
3.0929e+06
3.0895e+06
3.0821e+06
3.0728e+06
3.0649e+06
3.0624e+06
3.0682e+06
3.0836e+06
3.1073e+06
3.1355e+06
3.1625e+06
3.1825e+06
3.1911e+06
3.1863e+06
3.1694e+06
3.1446e+06
3.1177e+06
3.0952e+06
3.0817e+06
3.0795e+06
3.0881e+06
3.1042e+06
3.1234e+06
3.1412e+06
3.1542e+06
3.1611e+06
3.1629e+06
3.162e+06
3.1614e+06
3.1632e+06
3.168e+06
3.1743e+06
3.1793e+06
3.1801e+06
3.1749e+06
3.1639e+06
3.1492e+06
3.135e+06
3.1259e+06
3.1256e+06
3.1362e+06
3.1568e+06
3.1841e+06
3.2128e+06
3.2374e+06
3.2535e+06
3.259e+06
3.2546e+06
3.2437e+06
3.2307e+06
3.2201e+06
3.215e+06
3.216e+06
3.2216e+06
3.229e+06
3.2351e+06
3.2378e+06
3.2366e+06
3.2329e+06
3.2294e+06
3.2293e+06
3.235e+06
3.247e+06
3.2635e+06
3.2811e+06
3.2953e+06
3.3024e+06
3.3008e+06
3.2911e+06
3.2764e+06
3.2612e+06
3.2499e+06
3.2458e+06
3.2497e+06
3.2602e+06
3.2741e+06
3.2875e+06
3.297e+06
3.3013e+06
3.3006e+06
3.2973e+06
3.2941e+06
3.2936e+06
3.2965e+06
3.3015e+06
3.3059e+06
3.3063e+06
3.3003e+06
3.2877e+06
3.2703e+06
3.2521e+06
3.238e+06
3.2321e+06
3.2366e+06
3.2506e+06
3.2705e+06
3.2906e+06
3.3056e+06
3.3114e+06
3.3069e+06
3.2939e+06
3.2768e+06
3.2609e+06
3.2507e+06
3.2479e+06
3.2515e+06
3.2578e+06
3.2623e+06
3.2614e+06
3.2534e+06
3.2395e+06
3.2235e+06
3.2103e+06
3.2048e+06
3.2093e+06
3.2235e+06
3.2431e+06
3.2622e+06
3.2743e+06
3.2749e+06
3.2625e+06
3.2393e+06
3.2101e+06
3.1813e+06
3.1581e+06
3.1438e+06
3.1382e+06
3.1388e+06
3.1415e+06
3.1429e+06
3.1411e+06
3.1363e+06
3.1312e+06
3.129e+06
3.1326e+06
3.1428e+06
3.1574e+06
3.1722e+06
3.1818e+06
3.1815e+06
3.1696e+06
3.1471e+06
3.1185e+06
3.0896e+06
3.0664e+06
3.0529e+06
3.0498e+06
3.0551e+06
3.0645e+06
3.0736e+06
3.0793e+06
3.0806e+06
3.0789e+06
3.0771e+06
3.0785e+06
3.0852e+06
3.0967e+06
3.1103e+06
3.1214e+06
3.1255e+06
3.1197e+06
3.1038e+06
3.0804e+06
3.0544e+06
3.0309e+06
3.0137e+06
3.0044e+06
3.0017e+06
3.0026e+06
3.0036e+06
3.0019e+06
2.9969e+06
2.9899e+06
2.9837e+06
2.9814e+06
2.9843e+06
2.9919e+06
3.001e+06
3.0073e+06
3.0067e+06
2.9969e+06
2.9788e+06
2.9554e+06
2.9319e+06
2.913e+06
2.9019e+06
2.8991e+06
2.9021e+06
2.9073e+06
2.9109e+06
2.9106e+06
2.9066e+06
2.9014e+06
2.8989e+06
2.9025e+06
2.9136e+06
2.9305e+06
2.9488e+06
2.9626e+06
2.967e+06
2.9597e+06
2.9417e+06
2.9174e+06
2.8926e+06
2.873e+06
2.8616e+06
2.8583e+06
2.8598e+06
2.8617e+06
2.8601e+06
2.8533e+06
2.8427e+06
2.8322e+06
2.8267e+06
2.8302e+06
2.8439e+06
2.8649e+06
2.8874e+06
2.9042e+06
2.9096e+06
2.9011e+06
2.8802e+06
2.8522e+06
2.8243e+06
2.8029e+06
2.7915e+06
2.7897e+06
2.7937e+06
2.7981e+06
2.7984e+06
2.7924e+06
2.7813e+06
2.7688e+06
2.7597e+06
2.7579e+06
2.7648e+06
2.7785e+06
2.7945e+06
2.8072e+06
2.8125e+06
2.8086e+06
2.797e+06
2.7813e+06
2.766e+06
2.7541e+06
2.7465e+06
2.7412e+06
2.7352e+06
2.7255e+06
2.7113e+06
2.6939e+06
2.6768e+06
2.6646e+06
2.6606e+06
2.6659e+06
2.6788e+06
2.6952e+06
2.7101e+06
2.7197e+06
2.7223e+06
2.7192e+06
2.7137e+06
2.7094e+06
2.7087e+06
2.7115e+06
2.7149e+06
2.7149e+06
2.7078e+06
2.6923e+06
2.6701e+06
2.6452e+06
2.6228e+06
2.6072e+06
2.6005e+06
2.6015e+06
2.6066e+06
2.6116e+06
2.6132e+06
2.6103e+06
2.6044e+06
2.5989e+06
2.5975e+06
2.6025e+06
2.6134e+06
2.627e+06
2.6387e+06
2.6439e+06
2.6403e+06
2.6283e+06
2.6109e+06
2.5922e+06
2.5755e+06
2.5626e+06
2.5524e+06
2.5427e+06
2.5311e+06
2.5167e+06
2.5008e+06
2.4869e+06
2.479e+06
2.4802e+06
2.491e+06
2.509e+06
2.529e+06
2.5457e+06
2.5548e+06
2.5553e+06
2.5491e+06
2.5407e+06
2.5351e+06
2.5352e+06
2.541e+06
2.5491e+06
2.5543e+06
2.5521e+06
2.5404e+06
2.5207e+06
2.4969e+06
2.4748e+06
2.459e+06
2.4518e+06
2.4524e+06
2.4572e+06
2.4622e+06
2.4641e+06
2.4621e+06
2.4577e+06
2.4539e+06
2.4539e+06
2.4593e+06
2.4693e+06
2.4808e+06
2.4899e+06
2.4936e+06
2.4909e+06
2.4829e+06
2.4727e+06
2.4631e+06
2.4556e+06
2.4498e+06
2.4437e+06
2.4348e+06
2.422e+06
2.4058e+06
2.3891e+06
2.3757e+06
2.3688e+06
2.3698e+06
2.3775e+06
2.3886e+06
2.399e+06
2.4057e+06
2.4077e+06
2.4066e+06
2.4052e+06
2.4068e+06
2.4125e+06
2.4211e+06
2.4293e+06
2.4328e+06
2.4285e+06
2.4158e+06
2.3967e+06
2.3754e+06
2.3561e+06
2.3416e+06
2.3322e+06
2.3258e+06
2.3195e+06
2.3109e+06
2.2996e+06
2.2874e+06
2.2775e+06
2.2729e+06
2.2751e+06
2.2832e+06
2.2941e+06
2.3041e+06
2.3102e+06
2.3116e+06
2.3096e+06
2.3073e+06
2.3078e+06
2.3123e+06
2.3194e+06
2.3258e+06
2.3274e+06
2.3216e+06
2.308e+06
2.2891e+06
2.269e+06
2.2517e+06
2.2391e+06
2.2308e+06
2.2242e+06
2.2162e+06
2.2049e+06
2.1906e+06
2.1758e+06
2.1639e+06
2.1581e+06
2.1596e+06
2.1669e+06
2.1764e+06
2.1845e+06
2.1885e+06
2.1883e+06
2.1859e+06
2.1846e+06
2.1869e+06
2.1931e+06
2.2008e+06
2.2061e+06
2.205e+06
2.1957e+06
2.1793e+06
2.1591e+06
2.1396e+06
2.124e+06
2.1133e+06
2.1058e+06
2.0981e+06
2.0873e+06
2.0726e+06
2.0555e+06
2.0394e+06
2.0279e+06
2.0233e+06
2.0252e+06
2.0309e+06
2.0365e+06
2.0389e+06
2.037e+06
2.0325e+06
2.0288e+06
2.0291e+06
2.035e+06
2.0449e+06
2.0551e+06
2.061e+06
2.0596e+06
2.0506e+06
2.0366e+06
2.0216e+06
2.0096e+06
2.0021e+06
1.9978e+06
1.9935e+06
1.9858e+06
1.973e+06
1.956e+06
1.9376e+06
1.9218e+06
1.9113e+06
1.9067e+06
1.9065e+06
1.9078e+06
1.9079e+06
1.9062e+06
1.9037e+06
1.9031e+06
1.9068e+06
1.9153e+06
1.9274e+06
1.9395e+06
1.9484e+06
1.9519e+06
1.9506e+06
1.9468e+06
1.9441e+06
1.9445e+06
1.948e+06
1.9517e+06
1.9521e+06
1.9459e+06
1.9326e+06
1.9143e+06
1.8949e+06
1.8784e+06
1.8669e+06
1.8601e+06
1.8555e+06
1.8499e+06
1.8415e+06
1.8307e+06
1.8198e+06
1.8122e+06
1.8103e+06
1.8145e+06
1.8228e+06
1.832e+06
1.8392e+06
1.8433e+06
1.8453e+06
1.8477e+06
1.8533e+06
1.8626e+06
1.8743e+06
1.8848e+06
1.8907e+06
1.89e+06
1.8832e+06
1.8733e+06
1.8638e+06
1.8572e+06
1.8535e+06
1.8504e+06
1.8442e+06
1.8327e+06
1.8155e+06
1.7952e+06
1.7756e+06
1.7603e+06
1.7507e+06
1.7454e+06
1.7413e+06
1.7351e+06
1.7253e+06
1.7128e+06
1.7002e+06
1.6911e+06
1.6877e+06
1.6901e+06
1.6959e+06
1.7021e+06
1.7062e+06
1.7077e+06
1.7079e+06
1.7094e+06
1.7138e+06
1.7211e+06
1.729e+06
1.7345e+06
1.7352e+06
1.7308e+06
1.7231e+06
1.7155e+06
1.7105e+06
1.7089e+06
1.709e+06
1.7077e+06
1.7022e+06
1.6916e+06
1.6775e+06
1.6628e+06
1.6503e+06
1.6416e+06
1.6355e+06
1.6298e+06
1.6222e+06
1.6119e+06
1.6003e+06
1.5905e+06
1.5856e+06
1.587e+06
1.5935e+06
1.6021e+06
1.6091e+06
1.6126e+06
1.6128e+06
1.6125e+06
1.6151e+06
1.6229e+06
1.6353e+06
1.6492e+06
1.6605e+06
1.666e+06
1.6653e+06
1.6605e+06
1.6554e+06
1.6529e+06
1.6538e+06
1.6558e+06
1.6554e+06
1.6494e+06
1.637e+06
1.6202e+06
1.6025e+06
1.5874e+06
1.576e+06
1.5673e+06
1.5582e+06
1.5461e+06
1.5305e+06
1.5131e+06
1.4974e+06
1.4868e+06
1.4823e+06
1.4828e+06
1.4848e+06
1.4852e+06
1.4822e+06
1.4768e+06
1.4715e+06
1.4696e+06
1.4726e+06
1.48e+06
1.4893e+06
1.4976e+06
1.5031e+06
1.5066e+06
1.51e+06
1.5156e+06
1.5243e+06
1.5345e+06
1.5432e+06
1.5476e+06
1.5465e+06
1.5411e+06
1.5344e+06
1.5296e+06
1.5279e+06
1.5281e+06
1.5275e+06
1.5233e+06
1.5147e+06
1.503e+06
1.4913e+06
1.4821e+06
1.4762e+06
1.4719e+06
1.4661e+06
1.4563e+06
1.4418e+06
1.4246e+06
1.4083e+06
1.3959e+06
1.3888e+06
1.3857e+06
1.3837e+06
1.3802e+06
1.3744e+06
1.3681e+06
1.3645e+06
1.3663e+06
1.374e+06
1.3853e+06
1.3964e+06
1.4038e+06
1.4063e+06
1.4054e+06
1.4047e+06
1.4075e+06
1.4148e+06
1.4249e+06
1.4342e+06
1.4394e+06
1.4395e+06
1.4361e+06
1.4326e+06
1.4318e+06
1.4342e+06
1.438e+06
1.4397e+06
1.4369e+06
1.4292e+06
1.419e+06
1.4094e+06
1.4024e+06
1.3979e+06
1.3931e+06
1.385e+06
1.3719e+06
1.3551e+06
1.3378e+06
1.3241e+06
1.3158e+06
1.3122e+06
1.3099e+06
1.305e+06
1.2955e+06
1.2825e+06
1.2691e+06
1.2594e+06
1.2556e+06
1.2571e+06
1.2611e+06
1.2639e+06
1.2635e+06
1.2605e+06
1.2575e+06
1.2575e+06
1.262e+06
1.2702e+06
1.2791e+06
1.286e+06
1.2897e+06
1.2915e+06
1.2943e+06
1.3004e+06
1.3103e+06
1.3218e+06
1.3313e+06
1.3363e+06
1.3362e+06
1.3331e+06
1.3303e+06
1.3301e+06
1.3326e+06
1.3356e+06
1.3362e+06
1.3329e+06
1.3265e+06
1.3194e+06
1.314e+06
1.3113e+06
1.3095e+06
1.3057e+06
1.2976e+06
1.285e+06
1.2702e+06
1.2565e+06
1.2464e+06
1.2399e+06
1.2346e+06
1.2269e+06
1.2149e+06
1.1991e+06
1.1827e+06
1.1693e+06
1.1613e+06
1.1583e+06
1.1573e+06
1.155e+06
1.1496e+06
1.1419e+06
1.1346e+06
1.1307e+06
1.1315e+06
1.1358e+06
1.1408e+06
1.1441e+06
1.1452e+06
1.1455e+06
1.1479e+06
1.1544e+06
1.1644e+06
1.1753e+06
1.1839e+06
1.1883e+06
1.1894e+06
1.1905e+06
1.195e+06
1.2045e+06
1.2173e+06
1.2296e+06
1.2377e+06
1.2399e+06
1.238e+06
1.2355e+06
1.2356e+06
1.2393e+06
1.2444e+06
1.2476e+06
1.2462e+06
1.2403e+06
1.2321e+06
1.2249e+06
1.2208e+06
1.219e+06
1.2169e+06
1.2116e+06
1.202e+06
1.1894e+06
1.1765e+06
1.1657e+06
1.1573e+06
1.1496e+06
1.1406e+06
1.1291e+06
1.1162e+06
1.1044e+06
1.096e+06
1.0912e+06
1.0878e+06
1.0828e+06
1.074e+06
1.0618e+06
1.0489e+06
1.0388e+06
1.0337e+06
1.0327e+06
1.0329e+06
1.0309e+06
1.0254e+06
1.0176e+06
1.0109e+06
1.0085e+06
1.0112e+06
1.0171e+06
1.0224e+06
1.0245e+06
1.0228e+06
1.0198e+06
1.0189e+06
1.0224e+06
1.0296e+06
1.0378e+06
1.0436e+06
1.0455e+06
1.0449e+06
1.045e+06
1.0489e+06
1.0574e+06
1.068e+06
1.0773e+06
1.0828e+06
1.0848e+06
1.0862e+06
1.0906e+06
1.0994e+06
1.1109e+06
1.1215e+06
1.1275e+06
1.1281e+06
1.1255e+06
1.1235e+06
1.125e+06
1.13e+06
1.1355e+06
1.1382e+06
1.1362e+06
1.1308e+06
1.1253e+06
1.1228e+06
1.1238e+06
1.1259e+06
1.1254e+06
1.1202e+06
1.1109e+06
1.1005e+06
1.0926e+06
1.0887e+06
1.087e+06
1.0841e+06
1.0774e+06
1.0666e+06
1.0543e+06
1.0441e+06
1.0381e+06
1.0351e+06
1.032e+06
1.0254e+06
1.0144e+06
1.0009e+06
9.8827e+05
9.7942e+05
9.7451e+05
9.7109e+05
9.6587e+05
9.5692e+05
9.449e+05
9.3244e+05
9.2232e+05
9.1559e+05
9.1104e+05
9.0624e+05
8.9938e+05
8.9051e+05
8.8136e+05
8.7397e+05
8.6921e+05
8.6619e+05
8.6316e+05
8.5896e+05
8.5412e+05
8.5052e+05
8.5001e+05
8.5286e+05
8.5732e+05
8.6068e+05
8.6105e+05
8.5862e+05
8.5556e+05
8.5457e+05
8.5701e+05
8.6193e+05
8.6684e+05
8.696e+05
8.6996e+05
8.6988e+05
8.721e+05
8.7816e+05
8.871e+05
8.9614e+05
9.0256e+05
9.0563e+05
9.071e+05
9.0998e+05
9.1632e+05
9.2564e+05
9.3518e+05
9.4187e+05
9.4451e+05
9.446e+05
9.454e+05
9.4967e+05
9.5774e+05
9.6733e+05
9.7534e+05
9.8e+05
9.8203e+05
9.8395e+05
9.881e+05
9.9488e+05
1.0025e+06
1.0085e+06
1.0117e+06
1.0129e+06
1.0144e+06
1.0179e+06
1.0229e+06
1.0274e+06
1.0288e+06
1.0267e+06
1.0229e+06
1.0209e+06
1.0227e+06
1.0279e+06
1.0333e+06
1.0356e+06
1.033e+06
1.0273e+06
1.0217e+06
1.0193e+06
1.0207e+06
1.024e+06
1.0263e+06
1.0261e+06
1.024e+06
1.0222e+06
1.0219e+06
1.0224e+06
1.0217e+06
1.0179e+06
1.0109e+06
1.0034e+06
9.9834e+05
9.9719e+05
9.985e+05
9.9882e+05
9.9525e+05
9.8748e+05
9.7807e+05
9.7059e+05
9.6696e+05
9.6603e+05
9.6448e+05
9.5948e+05
9.5079e+05
9.4099e+05
9.3357e+05
9.3026e+05
9.296e+05
9.2813e+05
9.2292e+05
9.1371e+05
9.0301e+05
8.9417e+05
8.8882e+05
8.857e+05
8.8178e+05
8.7469e+05
8.6456e+05
8.5384e+05
8.4536e+05
8.4013e+05
8.3657e+05
8.3192e+05
8.2455e+05
8.1521e+05
8.0638e+05
8.0015e+05
7.963e+05
7.9239e+05
7.8567e+05
7.7546e+05
7.6387e+05
7.5448e+05
7.4952e+05
7.4798e+05
7.461e+05
7.4014e+05
7.2906e+05
7.153e+05
7.0317e+05
6.9574e+05
6.9256e+05
6.9005e+05
6.8438e+05
6.7425e+05
6.6177e+05
6.5088e+05
6.4439e+05
6.4182e+05
6.3988e+05
6.351e+05
6.263e+05
6.1525e+05
6.0516e+05
5.9821e+05
5.9393e+05
5.8989e+05
5.8381e+05
5.754e+05
5.6643e+05
5.5918e+05
5.5443e+05
5.5088e+05
5.4627e+05
5.3935e+05
5.3087e+05
5.2291e+05
5.1699e+05
5.1269e+05
5.079e+05
5.0072e+05
4.9121e+05
4.8171e+05
4.7515e+05
4.7263e+05
4.722e+05
4.7027e+05
4.6426e+05
4.5456e+05
4.4436e+05
4.374e+05
4.3501e+05
4.3496e+05
4.3328e+05
4.2739e+05
4.1798e+05
4.086e+05
4.03e+05
4.0202e+05
4.0279e+05
4.0101e+05
3.9423e+05
