1.7734e+06
1.7958e+06
1.8066e+06
1.815e+06
1.8316e+06
1.8596e+06
1.8922e+06
1.9188e+06
1.9341e+06
1.943e+06
1.9569e+06
1.9848e+06
2.0249e+06
2.0658e+06
2.0948e+06
2.1077e+06
2.1117e+06
2.1203e+06
2.143e+06
2.1778e+06
2.2131e+06
2.2375e+06
2.2491e+06
2.2573e+06
2.276e+06
2.3121e+06
2.3595e+06
2.4029e+06
2.4294e+06
2.4378e+06
2.4394e+06
2.4505e+06
2.4807e+06
2.5256e+06
2.5712e+06
2.6043e+06
2.6225e+06
2.6341e+06
2.6517e+06
2.682e+06
2.7208e+06
2.757e+06
2.782e+06
2.7965e+06
2.8101e+06
2.8333e+06
2.8695e+06
2.9121e+06
2.9499e+06
2.9762e+06
2.9935e+06
3.0115e+06
3.039e+06
3.0771e+06
3.1186e+06
3.1535e+06
3.1777e+06
3.1957e+06
3.217e+06
3.2479e+06
3.2865e+06
3.324e+06
3.3521e+06
3.3695e+06
3.3836e+06
3.4048e+06
3.4376e+06
3.4771e+06
3.5124e+06
3.5352e+06
3.5468e+06
3.5576e+06
3.5796e+06
3.6172e+06
3.663e+06
3.7035e+06
3.7286e+06
3.7388e+06
3.7447e+06
3.7587e+06
3.7859e+06
3.8202e+06
3.8493e+06
3.8651e+06
3.8695e+06
3.8736e+06
3.8891e+06
3.9191e+06
3.9555e+06
3.9854e+06
4.0005e+06
4.0034e+06
4.0053e+06
4.0171e+06
4.0411e+06
4.0689e+06
4.0881e+06
4.0921e+06
4.0857e+06
4.0814e+06
4.0905e+06
4.1144e+06
4.1431e+06
4.1629e+06
4.1666e+06
4.1585e+06
4.1506e+06
4.1538e+06
4.1689e+06
4.1863e+06
4.1934e+06
4.1844e+06
4.165e+06
4.1488e+06
4.1472e+06
4.161e+06
4.1799e+06
4.1901e+06
4.1843e+06
4.1661e+06
4.1468e+06
4.1362e+06
4.1352e+06
4.1359e+06
4.128e+06
4.1082e+06
4.0833e+06
4.065e+06
4.0614e+06
4.0693e+06
4.0759e+06
4.0675e+06
4.0393e+06
3.9989e+06
3.9612e+06
3.9385e+06
3.9315e+06
3.9294e+06
3.9179e+06
3.8897e+06
3.8495e+06
3.8097e+06
3.7821e+06
3.7684e+06
3.7597e+06
3.7431e+06
3.7118e+06
3.6696e+06
3.6283e+06
3.5991e+06
3.5841e+06
3.5747e+06
3.5581e+06
3.5268e+06
3.4839e+06
3.4411e+06
3.4104e+06
3.3953e+06
3.3883e+06
3.3763e+06
3.3502e+06
3.3109e+06
3.2692e+06
3.2385e+06
3.2254e+06
3.2256e+06
3.2268e+06
3.218e+06
3.1961e+06
3.1681e+06
3.1455e+06
3.136e+06
3.1388e+06
3.1451e+06
3.1455e+06
3.1366e+06
3.1238e+06
3.1175e+06
3.1252e+06
3.1464e+06
3.1722e+06
3.1921e+06
3.2009e+06
3.2023e+06
3.2063e+06
3.2221e+06
3.2513e+06
3.2869e+06
3.3184e+06
3.3394e+06
3.3524e+06
3.3671e+06
3.3936e+06
3.4351e+06
3.4848e+06
3.5303e+06
3.5622e+06
3.5798e+06
3.5919e+06
3.6103e+06
3.642e+06
3.6838e+06
3.7253e+06
3.7562e+06
3.7736e+06
3.7842e+06
3.7993e+06
3.8272e+06
3.8664e+06
3.9068e+06
3.9366e+06
3.9501e+06
3.9513e+06
3.9509e+06
3.9587e+06
3.9768e+06
3.9985e+06
4.0136e+06
4.0165e+06
4.0098e+06
4.0027e+06
4.0037e+06
4.0138e+06
4.0252e+06
4.0264e+06
4.0104e+06
3.98e+06
3.9464e+06
3.9226e+06
3.9143e+06
3.9162e+06
3.9158e+06
3.902e+06
3.8723e+06
3.8342e+06
3.7998e+06
3.7773e+06
3.7649e+06
3.7523e+06
3.728e+06
3.6874e+06
3.6364e+06
3.5885e+06
3.5562e+06
3.5427e+06
3.5403e+06
3.5354e+06
3.5176e+06
3.4864e+06
3.4508e+06
3.424e+06
3.4146e+06
3.4212e+06
3.4334e+06
3.4395e+06
3.4334e+06
3.4187e+06
3.4058e+06
3.4052e+06
3.4204e+06
3.4459e+06
3.4716e+06
3.4898e+06
3.5008e+06
3.5124e+06
3.5348e+06
3.5728e+06
3.6217e+06
3.6696e+06
3.7046e+06
3.7225e+06
3.7293e+06
3.7384e+06
3.7617e+06
3.8022e+06
3.8519e+06
3.8973e+06
3.9281e+06
3.9436e+06
3.9531e+06
3.9689e+06
3.998e+06
4.0368e+06
4.0726e+06
4.0927e+06
4.0917e+06
4.0757e+06
4.0582e+06
4.0522e+06
4.0611e+06
4.0775e+06
4.0877e+06
4.0812e+06
4.0572e+06
4.0246e+06
3.9962e+06
3.9805e+06
3.9756e+06
3.9713e+06
3.9559e+06
3.9237e+06
3.8787e+06
3.8318e+06
3.7936e+06
3.7687e+06
3.7524e+06
3.7359e+06
3.7121e+06
3.6814e+06
3.6511e+06
3.6308e+06
3.6254e+06
3.6316e+06
3.6397e+06
3.6394e+06
3.6268e+06
3.6071e+06
3.5918e+06
3.5926e+06
3.6136e+06
3.6487e+06
3.6858e+06
3.7136e+06
3.7287e+06
3.7373e+06
3.7514e+06
3.7812e+06
3.8282e+06
3.8836e+06
3.9341e+06
3.9696e+06
3.9893e+06
4.0025e+06
4.0226e+06
4.0589e+06
4.1099e+06
4.1644e+06
4.2079e+06
4.2311e+06
4.2352e+06
4.2304e+06
4.2292e+06
4.2386e+06
4.2557e+06
4.2704e+06
4.2723e+06
4.258e+06
4.2332e+06
4.209e+06
4.1947e+06
4.1913e+06
4.1907e+06
4.181e+06
4.1542e+06
4.1117e+06
4.064e+06
4.0243e+06
4.0014e+06
3.9936e+06
3.9905e+06
3.9796e+06
3.9539e+06
3.9164e+06
3.8782e+06
3.8526e+06
3.8468e+06
3.858e+06
3.8749e+06
3.8851e+06
3.8825e+06
3.8711e+06
3.8632e+06
3.8725e+06
3.9061e+06
3.9594e+06
4.0189e+06
4.0698e+06
4.1037e+06
4.1231e+06
4.1393e+06
4.1656e+06
4.2088e+06
4.2647e+06
4.3203e+06
4.3617e+06
4.382e+06
4.385e+06
4.3827e+06
4.3878e+06
4.4062e+06
4.4325e+06
4.454e+06
4.4582e+06
4.4402e+06
4.4059e+06
4.3684e+06
4.341e+06
4.3291e+06
4.3275e+06
4.3242e+06
4.3075e+06
4.2731e+06
4.226e+06
4.1778e+06
4.14e+06
4.1181e+06
4.109e+06
4.1039e+06
4.0944e+06
4.0772e+06
4.0562e+06
4.0398e+06
4.0361e+06
4.048e+06
4.072e+06
4.1003e+06
4.1257e+06
4.1459e+06
4.164e+06
4.1867e+06
4.2196e+06
4.2634e+06
4.3129e+06
4.3602e+06
4.3994e+06
4.4298e+06
4.4564e+06
4.4864e+06
4.5237e+06
4.5659e+06
4.6044e+06
4.6294e+06
4.6347e+06
4.6222e+06
4.6006e+06
4.5811e+06
4.571e+06
4.5693e+06
4.5675e+06
4.5549e+06
4.5245e+06
4.4777e+06
4.4236e+06
4.3742e+06
4.3385e+06
4.3177e+06
4.305e+06
4.2905e+06
4.2667e+06
4.2338e+06
4.1991e+06
4.1742e+06
4.1686e+06
4.1847e+06
4.2169e+06
4.2543e+06
4.2868e+06
4.3097e+06
4.326e+06
4.344e+06
4.3724e+06
4.4152e+06
4.469e+06
4.5247e+06
4.5725e+06
4.6069e+06
4.6288e+06
4.6445e+06
4.6612e+06
4.6819e+06
4.7039e+06
4.7199e+06
4.7225e+06
4.7091e+06
4.6833e+06
4.6532e+06
4.6271e+06
4.6084e+06
4.5943e+06
4.5772e+06
4.5501e+06
4.5109e+06
4.464e+06
4.4187e+06
4.385e+06
4.3681e+06
4.3665e+06
4.3732e+06
4.3797e+06
4.3812e+06
4.3791e+06
4.3798e+06
4.3918e+06
4.4204e+06
4.4641e+06
4.5154e+06
4.564e+06
4.6022e+06
4.6283e+06
4.6479e+06
4.6697e+06
4.701e+06
4.7425e+06
4.7871e+06
4.8236e+06
4.8422e+06
4.8398e+06
4.8217e+06
4.7983e+06
4.7803e+06
4.7721e+06
4.7701e+06
4.7644e+06
4.7451e+06
4.7077e+06
4.656e+06
4.6002e+06
4.5526e+06
4.521e+06
4.5058e+06
4.5001e+06
4.4944e+06
4.482e+06
4.463e+06
4.4443e+06
4.4366e+06
4.4484e+06
4.4815e+06
4.5296e+06
4.5807e+06
4.623e+06
4.6508e+06
4.6664e+06
4.6789e+06
4.6991e+06
4.7333e+06
4.779e+06
4.8257e+06
4.8601e+06
4.8727e+06
4.8624e+06
4.8367e+06
4.8079e+06
4.7863e+06
4.7752e+06
4.769e+06
4.7572e+06
4.7301e+06
4.6847e+06
4.6261e+06
4.5658e+06
4.5165e+06
4.486e+06
4.4742e+06
4.4741e+06
4.4759e+06
4.4729e+06
4.4643e+06
4.4561e+06
4.4578e+06
4.4765e+06
4.5133e+06
4.561e+06
4.6078e+06
4.6421e+06
4.6587e+06
4.6607e+06
4.6582e+06
4.663e+06
4.6823e+06
4.7137e+06
4.7463e+06
4.7656e+06
4.7609e+06
4.73e+06
4.6804e+06
4.6254e+06
4.5787e+06
4.5473e+06
4.5294e+06
4.5161e+06
4.497e+06
4.4662e+06
4.4255e+06
4.3839e+06
4.3539e+06
4.3455e+06
4.3617e+06
4.3968e+06
4.4396e+06
4.478e+06
4.5048e+06
4.5204e+06
4.5315e+06
4.5479e+06
4.5768e+06
4.6181e+06
4.6641e+06
4.703e+06
4.7242e+06
4.7233e+06
4.7037e+06
4.6748e+06
4.6473e+06
4.6276e+06
4.6155e+06
4.6042e+06
4.5853e+06
4.5531e+06
4.5081e+06
4.4569e+06
4.41e+06
4.3768e+06
4.3623e+06
4.3648e+06
4.3782e+06
4.3949e+06
4.4097e+06
4.4224e+06
4.437e+06
4.4592e+06
4.4933e+06
4.5381e+06
4.5875e+06
4.632e+06
4.6629e+06
4.6758e+06
4.6725e+06
4.6594e+06
4.6442e+06
4.632e+06
4.6228e+06
4.6119e+06
4.5927e+06
4.5612e+06
4.5184e+06
4.4701e+06
4.4251e+06
4.3911e+06
4.3716e+06
4.3644e+06
4.3636e+06
4.363e+06
4.3592e+06
4.3539e+06
4.3531e+06
4.3647e+06
4.3946e+06
4.4428e+06
4.5028e+06
4.5636e+06
4.6139e+06
4.6467e+06
4.6615e+06
4.6642e+06
4.6636e+06
4.667e+06
4.6755e+06
4.6843e+06
4.684e+06
4.6665e+06
4.6287e+06
4.5752e+06
4.5165e+06
4.4656e+06
4.4329e+06
4.4219e+06
4.4283e+06
4.4429e+06
4.4556e+06
4.4604e+06
4.4573e+06
4.4529e+06
4.4571e+06
4.4788e+06
4.5215e+06
4.5805e+06
4.645e+06
4.7019e+06
4.7409e+06
4.7579e+06
4.7563e+06
4.7439e+06
4.7296e+06
4.7187e+06
4.7109e+06
4.7012e+06
4.6836e+06
4.6547e+06
4.6162e+06
4.5749e+06
4.54e+06
4.5198e+06
4.5179e+06
4.5321e+06
4.5557e+06
4.5805e+06
4.6005e+06
4.6143e+06
4.6255e+06
4.6411e+06
4.6678e+06
4.708e+06
4.7581e+06
4.8088e+06
4.8489e+06
4.8696e+06
4.8679e+06
4.8477e+06
4.8178e+06
4.7881e+06
4.7655e+06
4.751e+06
4.7402e+06
4.7265e+06
4.705e+06
4.6751e+06
4.6419e+06
4.6145e+06
4.6028e+06
4.6135e+06
4.6474e+06
4.699e+06
4.758e+06
4.814e+06
4.8592e+06
4.8913e+06
4.9136e+06
4.9323e+06
4.9533e+06
4.9781e+06
5.0032e+06
5.0208e+06
5.0225e+06
5.0034e+06
4.9644e+06
4.9125e+06
4.8583e+06
4.8128e+06
4.7832e+06
4.771e+06
4.7725e+06
4.7812e+06
4.7909e+06
4.7986e+06
4.8055e+06
4.8163e+06
4.8367e+06
4.8706e+06
4.9173e+06
4.971e+06
5.0224e+06
5.0618e+06
5.0821e+06
5.0818e+06
5.0641e+06
5.036e+06
5.0047e+06
4.9748e+06
4.9474e+06
4.9206e+06
4.8914e+06
4.8589e+06
4.8253e+06
4.7963e+06
4.7789e+06
4.779e+06
4.7989e+06
4.8357e+06
4.8823e+06
4.9293e+06
4.9683e+06
4.9945e+06
5.0084e+06
5.0146e+06
5.0201e+06
5.0299e+06
5.045e+06
5.061e+06
5.07e+06
5.0642e+06
5.0394e+06
4.9967e+06
4.9432e+06
4.8893e+06
4.8453e+06
4.8187e+06
4.8115e+06
4.8202e+06
4.8384e+06
4.8589e+06
4.8769e+06
4.8914e+06
4.9053e+06
4.9233e+06
4.9493e+06
4.9834e+06
5.0207e+06
5.0523e+06
5.0687e+06
5.063e+06
5.034e+06
4.9869e+06
4.9315e+06
4.8791e+06
4.8387e+06
4.8141e+06
4.8033e+06
4.8004e+06
4.7984e+06
4.7926e+06
4.782e+06
4.7703e+06
4.7639e+06
4.7698e+06
4.7919e+06
4.8292e+06
4.8746e+06
4.9175e+06
4.9469e+06
4.955e+06
4.94e+06
4.9061e+06
4.8613e+06
4.8151e+06
4.7742e+06
4.7414e+06
4.7151e+06
4.6917e+06
4.6678e+06
4.643e+06
4.6201e+06
4.6049e+06
4.6039e+06
4.6216e+06
4.6584e+06
4.7089e+06
4.7635e+06
4.8107e+06
4.8407e+06
4.8485e+06
4.8351e+06
4.8068e+06
4.7727e+06
4.741e+06
4.716e+06
4.6969e+06
4.679e+06
4.6566e+06
4.6263e+06
4.5884e+06
4.5482e+06
4.5138e+06
4.4944e+06
4.4962e+06
4.5207e+06
4.5626e+06
4.6116e+06
4.6551e+06
4.682e+06
4.6861e+06
4.6675e+06
4.6324e+06
4.5902e+06
4.5505e+06
4.5189e+06
4.496e+06
4.4779e+06
4.4585e+06
4.4334e+06
4.4015e+06
4.366e+06
4.3336e+06
4.3124e+06
4.3088e+06
4.3252e+06
4.3582e+06
4.3996e+06
4.4383e+06
4.464e+06
4.4699e+06
4.4552e+06
4.4242e+06
4.385e+06
4.3464e+06
4.3144e+06
4.291e+06
4.2736e+06
4.2577e+06
4.2394e+06
4.2169e+06
4.1924e+06
4.1707e+06
4.1582e+06
4.16e+06
4.1782e+06
4.2099e+06
4.2478e+06
4.2822e+06
4.3037e+06
4.3065e+06
4.2899e+06
4.2583e+06
4.2198e+06
4.1832e+06
4.1547e+06
4.1361e+06
4.1249e+06
4.1162e+06
4.1049e+06
4.0884e+06
4.0675e+06
4.0468e+06
4.0333e+06
4.0338e+06
4.0529e+06
4.0896e+06
4.1373e+06
4.1851e+06
4.2208e+06
4.2344e+06
4.2216e+06
4.1845e+06
4.131e+06
4.0727e+06
4.021e+06
3.9842e+06
3.965e+06
3.9613e+06
3.9672e+06
3.976e+06
3.9825e+06
3.9844e+06
3.9833e+06
3.9832e+06
3.9891e+06
4.0041e+06
4.0279e+06
4.0553e+06
4.078e+06
4.0872e+06
4.0768e+06
4.0455e+06
3.9974e+06
3.9416e+06
3.8889e+06
3.8497e+06
3.8303e+06
3.8319e+06
3.8504e+06
3.8779e+06
3.9056e+06
3.9258e+06
3.9346e+06
3.9317e+06
3.9207e+06
3.9072e+06
3.8956e+06
3.888e+06
3.8826e+06
3.8751e+06
3.8608e+06
3.8368e+06
3.8036e+06
3.7656e+06
3.7297e+06
3.7036e+06
3.6937e+06
3.7025e+06
3.7281e+06
3.7641e+06
3.8016e+06
3.8312e+06
3.8461e+06
3.8434e+06
3.8252e+06
3.797e+06
3.7662e+06
3.7393e+06
3.7197e+06
3.7072e+06
3.6988e+06
3.6906e+06
3.6794e+06
3.6645e+06
3.6477e+06
3.6331e+06
3.6261e+06
3.6311e+06
3.6499e+06
3.68e+06
3.7146e+06
3.7445e+06
3.7603e+06
3.7556e+06
3.729e+06
3.6847e+06
3.6317e+06
3.581e+06
3.5432e+06
3.5255e+06
3.5299e+06
3.5529e+06
3.5872e+06
3.6236e+06
3.6539e+06
3.6726e+06
3.6783e+06
3.6734e+06
3.6634e+06
3.654e+06
3.6492e+06
3.6494e+06
3.6516e+06
3.6509e+06
3.6427e+06
3.625e+06
3.599e+06
3.5694e+06
3.543e+06
3.5271e+06
3.5272e+06
3.5455e+06
3.5793e+06
3.6218e+06
3.6633e+06
3.6941e+06
3.707e+06
3.6994e+06
3.6735e+06
3.6362e+06
3.5965e+06
3.5635e+06
3.5437e+06
3.5396e+06
3.5495e+06
3.5686e+06
3.5906e+06
3.6097e+06
3.6218e+06
3.6261e+06
3.6242e+06
3.6202e+06
3.6182e+06
3.6205e+06
3.6265e+06
3.6328e+06
3.6343e+06
3.6267e+06
3.6082e+06
3.5803e+06
3.5479e+06
3.518e+06
3.4982e+06
3.4946e+06
3.5097e+06
3.5417e+06
3.5841e+06
3.6275e+06
3.6617e+06
3.6787e+06
3.6741e+06
3.6489e+06
3.6088e+06
3.5628e+06
3.5209e+06
3.4917e+06
3.4799e+06
3.4859e+06
3.5058e+06
3.5333e+06
3.561e+06
3.5825e+06
3.594e+06
3.5951e+06
3.5882e+06
3.5778e+06
3.5685e+06
3.5634e+06
3.5625e+06
3.5636e+06
3.563e+06
3.5578e+06
3.5464e+06
3.5299e+06
3.5116e+06
3.4963e+06
3.489e+06
3.4936e+06
3.5111e+06
3.5391e+06
3.5715e+06
3.6002e+06
3.617e+06
3.616e+06
3.5955e+06
3.5584e+06
3.512e+06
3.4661e+06
3.4308e+06
3.4142e+06
3.42e+06
3.4468e+06
3.4883e+06
3.535e+06
3.5765e+06
3.6039e+06
3.6118e+06
3.5998e+06
3.572e+06
3.536e+06
3.5008e+06
3.4744e+06
3.4617e+06
3.4637e+06
3.4777e+06
3.4989e+06
3.5212e+06
3.5392e+06
3.5492e+06
3.5502e+06
3.5436e+06
3.5331e+06
3.523e+06
3.5169e+06
3.5157e+06
3.5178e+06
3.5197e+06
3.5175e+06
3.5087e+06
3.4929e+06
3.4722e+06
3.4508e+06
3.4338e+06
3.4261e+06
3.431e+06
3.4492e+06
3.4779e+06
3.5109e+06
3.5404e+06
3.5587e+06
3.5607e+06
3.5448e+06
3.514e+06
3.4751e+06
3.4366e+06
3.4077e+06
3.3953e+06
3.4027e+06
3.4283e+06
3.4663e+06
3.5079e+06
3.5431e+06
3.5636e+06
3.5642e+06
3.5445e+06
3.5089e+06
3.4652e+06
3.423e+06
3.3914e+06
3.3768e+06
3.3816e+06
3.4038e+06
3.4378e+06
3.4757e+06
3.5093e+06
3.5317e+06
3.5386e+06
3.5297e+06
3.5083e+06
3.4801e+06
3.452e+06
3.4297e+06
3.4165e+06
3.4131e+06
3.4178e+06
3.4274e+06
3.4385e+06
3.4481e+06
3.4541e+06
3.456e+06
3.4547e+06
3.4523e+06
3.4513e+06
3.4534e+06
3.4586e+06
3.4652e+06
3.4706e+06
3.472e+06
3.4675e+06
3.4574e+06
3.4433e+06
3.4284e+06
3.4166e+06
3.4116e+06
3.416e+06
3.4304e+06
3.4528e+06
3.4786e+06
3.5016e+06
3.5156e+06
3.5162e+06
3.5021e+06
3.4756e+06
3.4419e+06
3.4083e+06
3.3822e+06
3.3701e+06
3.3756e+06
3.3989e+06
3.4359e+06
3.4795e+06
3.5207e+06
3.5508e+06
3.5636e+06
3.5567e+06
3.532e+06
3.4956e+06
3.4562e+06
3.4228e+06
3.4035e+06
3.4027e+06
3.4208e+06
3.4537e+06
3.4935e+06
3.5311e+06
3.5572e+06
3.5653e+06
3.5527e+06
3.5212e+06
3.4768e+06
3.4283e+06
3.3853e+06
3.3563e+06
3.3465e+06
3.3568e+06
3.3837e+06
3.4202e+06
3.4573e+06
3.4862e+06
3.4998e+06
3.4947e+06
3.4717e+06
3.4355e+06
3.3937e+06
3.3552e+06
3.3275e+06
3.316e+06
3.3219e+06
3.3428e+06
3.3732e+06
3.4057e+06
3.4326e+06
3.4477e+06
3.4476e+06
3.4323e+06
3.4056e+06
3.3738e+06
3.3443e+06
3.3238e+06
3.3168e+06
3.3243e+06
3.3446e+06
3.3729e+06
3.4028e+06
3.4275e+06
3.4413e+06
3.4406e+06
3.4249e+06
3.3973e+06
3.3633e+06
3.3299e+06
3.3035e+06
3.289e+06
3.2885e+06
3.3011e+06
3.3239e+06
3.3517e+06
3.379e+06
3.4002e+06
3.4114e+06
3.4108e+06
3.3996e+06
3.3812e+06
3.3608e+06
3.3436e+06
3.3336e+06
3.3332e+06
3.3421e+06
3.3584e+06
3.3784e+06
3.3976e+06
3.4113e+06
3.4162e+06
3.4105e+06
3.3951e+06
3.3733e+06
3.35e+06
3.3305e+06
3.3192e+06
3.3186e+06
3.3289e+06
3.3485e+06
3.374e+06
3.4008e+06
3.4243e+06
3.4401e+06
3.4459e+06
3.4414e+06
3.429e+06
3.413e+06
3.3987e+06
3.3908e+06
3.3924e+06
3.4045e+06
3.4261e+06
3.454e+06
3.4837e+06
3.51e+06
3.5282e+06
3.5348e+06
3.5285e+06
3.5111e+06
3.4867e+06
3.4611e+06
3.4405e+06
3.4298e+06
3.4317e+06
3.4464e+06
3.4714e+06
3.502e+06
3.5323e+06
3.5559e+06
3.5674e+06
3.564e+06
3.5457e+06
3.5161e+06
3.4811e+06
3.448e+06
3.424e+06
3.414e+06
3.4206e+06
3.4427e+06
3.4765e+06
3.5155e+06
3.5523e+06
3.5794e+06
3.5914e+06
3.5858e+06
3.5641e+06
3.5311e+06
3.494e+06
3.461e+06
3.4393e+06
3.4338e+06
3.4457e+06
3.4729e+06
3.5097e+06
3.5487e+06
3.5815e+06
3.6012e+06
3.6036e+06
3.5884e+06
3.559e+06
3.5221e+06
3.4863e+06
3.46e+06
3.4497e+06
3.4586e+06
3.4857e+06
3.5265e+06
3.5734e+06
3.6174e+06
3.6504e+06
3.6664e+06
3.6633e+06
3.6427e+06
3.6103e+06
3.574e+06
3.5425e+06
3.5234e+06
3.5214e+06
3.5375e+06
3.5689e+06
3.6092e+06
3.6505e+06
3.6847e+06
3.7054e+06
3.7092e+06
3.6965e+06
3.671e+06
3.6391e+06
3.6084e+06
3.5856e+06
3.5756e+06
3.5805e+06
3.599e+06
3.6269e+06
3.6581e+06
3.6859e+06
3.7049e+06
3.7115e+06
3.7052e+06
3.6884e+06
3.6652e+06
3.6409e+06
3.6204e+06
3.6072e+06
3.6033e+06
3.6087e+06
3.6219e+06
3.6396e+06
3.6581e+06
3.6738e+06
3.6839e+06
3.6874e+06
3.6844e+06
3.6764e+06
3.665e+06
3.6514e+06
3.6367e+06
3.6215e+06
3.607e+06
3.5946e+06
3.5861e+06
3.583e+06
3.5865e+06
3.5971e+06
3.6142e+06
3.6365e+06
3.6618e+06
3.6865e+06
3.7064e+06
3.7175e+06
3.7168e+06
3.7036e+06
3.6799e+06
3.6503e+06
3.6211e+06
3.5989e+06
3.5893e+06
3.5953e+06
3.6168e+06
3.6505e+06
3.6899e+06
3.7272e+06
3.7543e+06
3.7654e+06
3.7575e+06
3.7319e+06
3.6937e+06
3.6508e+06
3.6124e+06
3.5866e+06
3.579e+06
3.5911e+06
3.6206e+06
3.661e+06
3.7042e+06
3.7412e+06
3.7648e+06
3.7708e+06
3.7588e+06
3.7323e+06
3.6974e+06
3.6614e+06
3.6311e+06
3.6114e+06
3.6045e+06
3.6098e+06
3.6246e+06
3.6448e+06
3.6657e+06
3.6833e+06
3.6951e+06
3.7005e+06
3.7003e+06
3.6964e+06
3.6906e+06
3.6837e+06
3.6755e+06
3.6654e+06
3.6532e+06
3.6395e+06
3.6261e+06
3.6156e+06
3.6109e+06
3.6146e+06
3.6279e+06
3.6505e+06
3.6799e+06
3.7114e+06
3.7391e+06
3.7571e+06
3.7607e+06
3.7481e+06
3.721e+06
3.6846e+06
3.6461e+06
3.6136e+06
3.5942e+06
3.5921e+06
3.6078e+06
3.6379e+06
3.6759e+06
3.7135e+06
3.7426e+06
3.7574e+06
3.7551e+06
3.7367e+06
3.7069e+06
3.6721e+06
3.6391e+06
3.6139e+06
3.5997e+06
3.5977e+06
3.6061e+06
3.6221e+06
3.6418e+06
3.6615e+06
3.6785e+06
3.6914e+06
3.7003e+06
3.7059e+06
3.7089e+06
3.7089e+06
3.7044e+06
3.6936e+06
3.6752e+06
3.6495e+06
3.6191e+06
3.5885e+06
3.5633e+06
3.5489e+06
3.5495e+06
3.5664e+06
3.5979e+06
3.6388e+06
3.6817e+06
3.718e+06
3.7402e+06
3.7435e+06
3.7269e+06
3.6936e+06
3.6501e+06
3.6049e+06
3.5661e+06
3.5402e+06
3.5305e+06
3.5369e+06
3.5563e+06
3.5835e+06
3.613e+06
3.6395e+06
3.6598e+06
3.6728e+06
3.6793e+06
3.6809e+06
3.6792e+06
3.6747e+06
3.6668e+06
3.6544e+06
3.6369e+06
3.6151e+06
3.5917e+06
3.5706e+06
3.5565e+06
3.5533e+06
3.5637e+06
3.5877e+06
3.6222e+06
3.6615e+06
3.6981e+06
3.7246e+06
3.7353e+06
3.7277e+06
3.7031e+06
3.6663e+06
3.6244e+06
3.5851e+06
3.5548e+06
3.5377e+06
3.5347e+06
3.5442e+06
3.5625e+06
3.5851e+06
3.6079e+06
3.6278e+06
3.6436e+06
3.6554e+06
3.6636e+06
3.6683e+06
3.6687e+06
3.6626e+06
3.6482e+06
3.6242e+06
3.592e+06
3.5551e+06
3.5192e+06
3.4907e+06
3.4756e+06
3.4779e+06
3.498e+06
3.5329e+06
3.5761e+06
3.6195e+06
3.6547e+06
3.6756e+06
3.6792e+06
3.6665e+06
3.6418e+06
3.6112e+06
3.581e+06
3.5559e+06
3.5383e+06
3.5283e+06
3.5247e+06
3.5256e+06
3.5297e+06
3.5363e+06
3.5462e+06
3.5606e+06
3.5806e+06
3.6061e+06
3.635e+06
3.6626e+06
3.683e+06
3.6901e+06
3.6805e+06
3.6538e+06
3.614e+06
3.5682e+06
3.5251e+06
3.4932e+06
3.4784e+06
3.4829e+06
3.5047e+06
3.5386e+06
3.5776e+06
3.6146e+06
3.6444e+06
3.6645e+06
3.6751e+06
3.6789e+06
3.6787e+06
3.6764e+06
3.672e+06
3.6635e+06
3.6486e+06
3.6258e+06
3.596e+06
3.5624e+06
3.5304e+06
3.5062e+06
3.495e+06
3.4997e+06
3.5198e+06
3.5511e+06
3.5871e+06
3.6201e+06
3.6436e+06
3.6537e+06
3.6499e+06
3.6352e+06
3.6141e+06
3.5916e+06
3.571e+06
3.5537e+06
3.5388e+06
3.5251e+06
3.5115e+06
3.4985e+06
3.4882e+06
3.4838e+06
3.4892e+06
3.507e+06
3.5372e+06
3.5769e+06
3.6198e+06
3.6579e+06
3.6832e+06
3.6906e+06
3.6785e+06
3.6498e+06
3.6108e+06
3.5694e+06
3.5329e+06
3.5061e+06
3.4908e+06
3.4859e+06
3.4883e+06
3.4951e+06
3.5041e+06
3.5149e+06
3.5284e+06
3.5464e+06
3.5704e+06
3.5995e+06
3.6307e+06
3.6583e+06
3.6764e+06
3.68e+06
3.6672e+06
3.6401e+06
3.6045e+06
3.5678e+06
3.5377e+06
3.5195e+06
3.515e+06
3.5227e+06
3.5384e+06
3.5572e+06
3.5749e+06
3.5891e+06
3.6003e+06
3.6105e+06
3.6225e+06
3.6382e+06
3.6568e+06
3.6745e+06
3.686e+06
3.6863e+06
3.6724e+06
3.6451e+06
3.6089e+06
3.5709e+06
3.5387e+06
3.5184e+06
3.5131e+06
3.5222e+06
3.542e+06
3.5673e+06
3.5933e+06
3.6166e+06
3.6365e+06
3.6541e+06
3.6716e+06
3.6904e+06
3.7097e+06
3.7261e+06
3.7346e+06
3.7302e+06
3.7104e+06
3.6761e+06
3.6322e+06
3.5859e+06
3.5453e+06
3.5171e+06
3.5046e+06
3.5075e+06
3.5227e+06
3.5449e+06
3.5695e+06
3.5931e+06
3.6144e+06
3.6344e+06
3.6547e+06
3.6763e+06
3.6983e+06
3.7176e+06
3.7295e+06
3.7298e+06
3.7162e+06
3.6896e+06
3.6543e+06
3.6163e+06
3.5821e+06
3.5566e+06
3.5419e+06
3.5376e+06
3.5412e+06
3.5496e+06
3.5607e+06
3.5736e+06
3.5893e+06
3.6095e+06
3.6354e+06
3.6662e+06
3.6986e+06
3.727e+06
3.7455e+06
3.7494e+06
3.7374e+06
3.7118e+06
3.6779e+06
3.6424e+06
3.6114e+06
3.5884e+06
3.574e+06
3.5664e+06
3.5629e+06
3.5612e+06
3.5608e+06
3.5631e+06
3.5709e+06
3.5869e+06
3.6122e+06
3.6451e+06
3.6811e+06
3.7139e+06
3.7371e+06
3.7465e+06
3.7413e+06
3.7242e+06
3.7001e+06
3.6745e+06
3.6513e+06
3.6322e+06
3.6161e+06
3.6013e+06
3.5864e+06
3.5718e+06
3.5597e+06
3.554e+06
3.5582e+06
3.5747e+06
3.6029e+06
3.6395e+06
3.6789e+06
3.7152e+06
3.7436e+06
3.7619e+06
3.7707e+06
3.7727e+06
3.7706e+06
3.7661e+06
3.7586e+06
3.7458e+06
3.7254e+06
3.6961e+06
3.6597e+06
3.6205e+06
3.5846e+06
3.5579e+06
3.5447e+06
3.5461e+06
3.5598e+06
3.5817e+06
3.6069e+06
3.632e+06
3.6555e+06
3.6781e+06
3.7017e+06
3.7274e+06
3.7542e+06
3.7783e+06
3.7945e+06
3.798e+06
3.7863e+06
3.7607e+06
3.7261e+06
3.6893e+06
3.6568e+06
3.6324e+06
3.6164e+06
3.6062e+06
3.5979e+06
3.589e+06
3.5794e+06
3.5719e+06
3.5718e+06
3.584e+06
3.6114e+06
3.6525e+06
3.7016e+06
3.7499e+06
3.7885e+06
3.8114e+06
3.8175e+06
3.8102e+06
3.7961e+06
3.782e+06
3.7716e+06
3.7644e+06
3.7566e+06
3.7428e+06
3.7197e+06
3.6878e+06
3.6515e+06
3.6181e+06
3.5949e+06
3.5868e+06
3.5946e+06
3.6148e+06
3.6416e+06
3.6689e+06
3.6929e+06
3.7134e+06
3.7327e+06
3.7547e+06
3.7816e+06
3.8125e+06
3.8424e+06
3.8646e+06
3.873e+06
3.8647e+06
3.8417e+06
3.8098e+06
3.7764e+06
3.7477e+06
3.7261e+06
3.71e+06
3.6952e+06
3.6778e+06
3.6563e+06
3.633e+06
3.6137e+06
3.605e+06
3.6124e+06
3.6371e+06
3.6755e+06
3.7204e+06
3.763e+06
3.797e+06
3.8197e+06
3.8332e+06
3.8425e+06
3.8525e+06
3.865e+06
3.8779e+06
3.885e+06
3.8801e+06
3.8593e+06
3.8237e+06
3.7791e+06
3.7342e+06
3.6971e+06
3.6725e+06
3.6601e+06
3.6555e+06
3.6531e+06
3.6486e+06
3.6416e+06
3.6351e+06
3.6349e+06
3.6464e+06
3.6721e+06
3.7096e+06
3.7525e+06
3.7925e+06
3.8224e+06
3.8393e+06
3.8448e+06
3.8441e+06
3.8433e+06
3.8457e+06
3.8507e+06
3.8535e+06
3.8482e+06
3.8306e+06
3.8003e+06
3.7612e+06
3.7199e+06
3.6831e+06
3.6551e+06
3.6366e+06
3.6254e+06
3.6184e+06
3.6137e+06
3.6119e+06
3.6158e+06
3.629e+06
3.6536e+06
3.6884e+06
3.7287e+06
3.7678e+06
3.7995e+06
3.8206e+06
3.8321e+06
3.8382e+06
3.8445e+06
3.8539e+06
3.8655e+06
3.8742e+06
3.8735e+06
3.8587e+06
3.8293e+06
3.79e+06
3.7485e+06
3.7125e+06
3.6864e+06
3.6697e+06
3.658e+06
3.6459e+06
3.6299e+06
3.6112e+06
3.5949e+06
3.5887e+06
3.5994e+06
3.6289e+06
3.6736e+06
3.7249e+06
3.7725e+06
3.8089e+06
3.8317e+06
3.8443e+06
3.8537e+06
3.8669e+06
3.887e+06
3.911e+06
3.9319e+06
3.9413e+06
3.9342e+06
3.9111e+06
3.8776e+06
3.8417e+06
3.8102e+06
3.7855e+06
3.7653e+06
3.7447e+06
3.7194e+06
3.6888e+06
3.6568e+06
3.6304e+06
3.6172e+06
3.6212e+06
3.6414e+06
3.6721e+06
3.7053e+06
3.7343e+06
3.7565e+06
3.774e+06
3.792e+06
3.8159e+06
3.848e+06
3.8858e+06
3.9226e+06
3.9508e+06
3.9653e+06
3.9656e+06
3.9557e+06
3.9416e+06
3.928e+06
3.9161e+06
3.9032e+06
3.8845e+06
3.8565e+06
3.8192e+06
3.7766e+06
3.735e+06
3.7003e+06
3.6755e+06
3.6599e+06
3.6498e+06
3.6417e+06
3.634e+06
3.6284e+06
3.6291e+06
3.6405e+06
3.6646e+06
3.6994e+06
3.7391e+06
3.7769e+06
3.8078e+06
3.8304e+06
3.8479e+06
3.8653e+06
3.8868e+06
3.9126e+06
3.9385e+06
3.9577e+06
3.9643e+06
3.9562e+06
3.9364e+06
3.9113e+06
3.8873e+06
3.8678e+06
3.8514e+06
3.8333e+06
3.8085e+06
3.7752e+06
3.7362e+06
3.6983e+06
3.6689e+06
3.6529e+06
3.6501e+06
3.6559e+06
3.6635e+06
3.6681e+06
3.6692e+06
3.6709e+06
3.6797e+06
3.7014e+06
3.737e+06
3.782e+06
3.828e+06
3.867e+06
3.8947e+06
3.9126e+06
3.9267e+06
3.944e+06
3.9681e+06
3.9965e+06
4.0219e+06
4.0361e+06
4.0339e+06
4.016e+06
3.989e+06
3.9612e+06
3.9392e+06
3.9235e+06
3.9097e+06
3.8912e+06
3.8632e+06
3.8263e+06
3.7861e+06
3.7509e+06
3.7268e+06
3.7151e+06
3.712e+06
3.7104e+06
3.7049e+06
3.6948e+06
3.6849e+06
3.6833e+06
3.697e+06
3.7282e+06
3.7718e+06
3.8181e+06
3.8572e+06
3.8838e+06
3.8996e+06
3.9124e+06
3.9314e+06
3.9621e+06
4.0027e+06
4.0444e+06
4.0767e+06
4.0923e+06
4.0909e+06
4.0791e+06
4.0663e+06
4.0591e+06
4.0577e+06
4.0556e+06
4.044e+06
4.0174e+06
3.9768e+06
3.93e+06
3.8881e+06
3.8594e+06
3.8453e+06
3.84e+06
3.8339e+06
3.8193e+06
3.7946e+06
3.765e+06
3.74e+06
3.7284e+06
3.7337e+06
3.7528e+06
3.7777e+06
3.8006e+06
3.8176e+06
3.831e+06
3.8468e+06
3.8713e+06
3.9064e+06
3.9481e+06
3.9886e+06
4.0203e+06
4.0404e+06
4.0525e+06
4.0642e+06
4.0827e+06
4.1101e+06
4.1415e+06
4.1678e+06
4.1802e+06
4.1753e+06
4.1563e+06
4.1313e+06
4.1085e+06
4.0915e+06
4.078e+06
4.0615e+06
4.0363e+06
4.001e+06
3.9601e+06
3.921e+06
3.8903e+06
3.8695e+06
3.8549e+06
3.84e+06
3.82e+06
3.7952e+06
3.771e+06
3.7554e+06
3.7538e+06
3.766e+06
3.7854e+06
3.8035e+06
3.814e+06
3.817e+06
3.8192e+06
3.8302e+06
3.8571e+06
3.8999e+06
3.9506e+06
3.9978e+06
4.0326e+06
4.0534e+06
4.0666e+06
4.0829e+06
4.1103e+06
4.1495e+06
4.1924e+06
4.2267e+06
4.2432e+06
4.2402e+06
4.225e+06
4.2087e+06
4.2007e+06
4.2022e+06
4.2063e+06
4.2022e+06
4.1822e+06
4.1462e+06
4.1021e+06
4.0617e+06
4.0336e+06
4.0192e+06
4.0118e+06
4.0016e+06
3.9813e+06
3.9504e+06
3.9147e+06
3.8825e+06
3.8601e+06
3.8481e+06
3.8419e+06
3.8356e+06
3.8262e+06
3.8158e+06
3.8106e+06
3.8166e+06
3.8354e+06
3.8631e+06
3.892e+06
3.9153e+06
3.9313e+06
3.9443e+06
3.9618e+06
3.9899e+06
4.0285e+06
4.0708e+06
4.1075e+06
4.1321e+06
4.1448e+06
4.1532e+06
4.1673e+06
4.1934e+06
4.2293e+06
4.2655e+06
4.2904e+06
4.2972e+06
4.2877e+06
4.2714e+06
4.26e+06
4.2598e+06
4.2685e+06
4.2765e+06
4.2732e+06
4.2538e+06
4.2218e+06
4.1871e+06
4.1597e+06
4.1433e+06
4.1334e+06
4.1201e+06
4.0951e+06
4.0563e+06
4.0096e+06
3.9656e+06
3.9329e+06
3.9134e+06
3.9018e+06
3.8888e+06
3.8679e+06
3.8388e+06
3.8075e+06
3.783e+06
3.7714e+06
3.7727e+06
3.7811e+06
3.7895e+06
3.7936e+06
3.7949e+06
3.799e+06
3.8117e+06
3.8349e+06
3.8649e+06
3.8948e+06
3.919e+06
3.9365e+06
3.9517e+06
3.9713e+06
3.9994e+06
4.035e+06
4.072e+06
4.1034e+06
4.1256e+06
4.1403e+06
4.1538e+06
4.1719e+06
4.1962e+06
4.2228e+06
4.2448e+06
4.2573e+06
4.2605e+06
4.2597e+06
4.2613e+06
4.2681e+06
4.2773e+06
4.2818e+06
4.2757e+06
4.258e+06
4.2342e+06
4.2128e+06
4.1993e+06
4.1928e+06
4.1858e+06
4.1697e+06
4.1402e+06
4.101e+06
4.0616e+06
4.0319e+06
4.0153e+06
4.007e+06
3.9968e+06
3.9755e+06
3.9411e+06
3.8992e+06
3.8598e+06
3.8305e+06
3.8118e+06
3.7972e+06
3.7781e+06
3.7499e+06
3.7158e+06
3.6851e+06
3.6673e+06
3.666e+06
3.676e+06
3.6869e+06
3.6891e+06
3.6801e+06
3.6654e+06
3.6553e+06
3.6583e+06
3.6754e+06
3.7001e+06
3.7228e+06
3.7371e+06
3.744e+06
3.7508e+06
3.766e+06
3.7932e+06
3.8289e+06
3.8644e+06
3.8921e+06
3.9103e+06
3.9241e+06
3.9417e+06
3.9685e+06
4.0032e+06
4.0387e+06
4.0671e+06
4.0852e+06
4.0965e+06
4.1084e+06
4.1268e+06
4.1512e+06
4.1756e+06
4.1923e+06
4.1979e+06
4.1959e+06
4.1945e+06
4.2006e+06
4.2145e+06
4.2295e+06
4.2364e+06
4.2303e+06
4.2143e+06
4.1978e+06
4.1899e+06
4.1932e+06
4.2013e+06
4.2032e+06
4.1911e+06
4.1654e+06
4.1348e+06
4.1102e+06
4.0967e+06
4.0902e+06
4.0798e+06
4.0559e+06
4.0169e+06
3.971e+06
3.9309e+06
3.9053e+06
3.8929e+06
3.883e+06
3.8635e+06
3.8284e+06
3.7824e+06
3.7372e+06
3.704e+06
3.6858e+06
3.6757e+06
3.662e+06
3.6369e+06
3.6013e+06
3.5642e+06
3.5355e+06
3.5195e+06
3.511e+06
3.4996e+06
3.4774e+06
3.4446e+06
3.41e+06
3.3852e+06
3.3765e+06
3.3809e+06
3.3875e+06
3.386e+06
3.3733e+06
3.3554e+06
3.3432e+06
3.3446e+06
3.3586e+06
3.3761e+06
3.3866e+06
3.3855e+06
3.3778e+06
3.374e+06
3.3835e+06
3.4068e+06
3.4356e+06
3.4586e+06
3.4697e+06
3.4724e+06
3.4772e+06
3.4943e+06
3.5253e+06
3.5616e+06
3.5907e+06
3.6043e+06
3.605e+06
3.6043e+06
3.6154e+06
3.6435e+06
3.6821e+06
3.7179e+06
3.74e+06
3.7475e+06
3.7499e+06
3.7604e+06
3.7863e+06
3.8235e+06
3.8598e+06
3.8837e+06
3.8924e+06
3.8933e+06
3.8984e+06
3.9157e+06
3.9432e+06
3.9711e+06
3.9891e+06
3.9942e+06
3.9918e+06
3.9921e+06
4.0013e+06
4.0178e+06
4.0334e+06
4.0408e+06
4.0388e+06
4.034e+06
4.0352e+06
4.0461e+06
4.0625e+06
4.0749e+06
4.0761e+06
4.0669e+06
4.055e+06
4.0496e+06
4.0537e+06
4.0617e+06
4.0636e+06
4.0529e+06
4.0325e+06
4.0124e+06
4.0026e+06
4.0051e+06
4.0113e+06
4.0085e+06
3.9889e+06
3.9559e+06
3.9223e+06
3.9016e+06
3.898e+06
3.9036e+06
3.9037e+06
3.8879e+06
3.857e+06
3.8217e+06
3.7952e+06
3.7832e+06
3.7802e+06
3.7743e+06
3.756e+06
3.7253e+06
3.6906e+06
3.6619e+06
3.6432e+06
3.63e+06
3.6132e+06
3.5872e+06
3.5542e+06
3.5223e+06
3.4991e+06
3.4851e+06
3.4734e+06
3.4553e+06
3.427e+06
3.3923e+06
3.3596e+06
3.3348e+06
3.3164e+06
3.297e+06
3.269e+06
3.2313e+06
3.1901e+06
3.154e+06
3.1275e+06
3.1068e+06
3.084e+06
3.0535e+06
3.0174e+06
2.9843e+06
2.9621e+06
2.9507e+06
2.9407e+06
2.9196e+06
2.8814e+06
2.8316e+06
2.784e+06
2.752e+06
2.7376e+06
2.7304e+06
2.715e+06
2.6822e+06
2.6357e+06
2.5892e+06
2.5564e+06
2.541e+06
2.5338e+06
2.52e+06
2.4903e+06
2.4472e+06
2.4025e+06
2.3687e+06
2.3494e+06
2.3374e+06
2.321e+06
2.2932e+06
2.2565e+06
2.2205e+06
2.1935e+06
2.1765e+06
2.1626e+06
2.1434e+06
2.1156e+06
2.0836e+06
2.0549e+06
2.0339e+06
2.0177e+06
1.9993e+06
1.9735e+06
1.9424e+06
1.9136e+06
1.8943e+06
1.8842e+06
1.875e+06
1.8567e+06
1.8256e+06
1.7875e+06
1.7546e+06
1.7359e+06
1.7301e+06
1.7257e+06
1.7103e+06
1.6796e+06
1.6404e+06
1.6067e+06
1.5886e+06
1.5849e+06
1.5836e+06
1.5721e+06
1.5461e+06
