1.4669e+06
1.4785e+06
1.486e+06
1.4971e+06
1.518e+06
1.5487e+06
1.5825e+06
1.6105e+06
1.6276e+06
1.6356e+06
1.6416e+06
1.6532e+06
1.6736e+06
1.7002e+06
1.7271e+06
1.7498e+06
1.7679e+06
1.7844e+06
1.802e+06
1.821e+06
1.8391e+06
1.8542e+06
1.8669e+06
1.8812e+06
1.9014e+06
1.9289e+06
1.96e+06
1.9886e+06
2.0099e+06
2.0243e+06
2.0369e+06
2.0545e+06
2.0808e+06
2.1135e+06
2.1462e+06
2.1728e+06
2.191e+06
2.2037e+06
2.2163e+06
2.2331e+06
2.2552e+06
2.2807e+06
2.3074e+06
2.3342e+06
2.3616e+06
2.39e+06
2.4183e+06
2.4443e+06
2.4666e+06
2.4864e+06
2.5077e+06
2.5344e+06
2.5672e+06
2.6027e+06
2.6346e+06
2.6584e+06
2.6744e+06
2.6875e+06
2.7043e+06
2.7285e+06
2.7583e+06
2.788e+06
2.8125e+06
2.8309e+06
2.8474e+06
2.8678e+06
2.8953e+06
2.9273e+06
2.9576e+06
2.9806e+06
2.9953e+06
3.0062e+06
3.0199e+06
3.0405e+06
3.0665e+06
3.092e+06
3.1111e+06
3.1219e+06
3.1286e+06
3.1381e+06
3.156e+06
3.1828e+06
3.2137e+06
3.2425e+06
3.2649e+06
3.2807e+06
3.2929e+06
3.3043e+06
3.3163e+06
3.3283e+06
3.3395e+06
3.3507e+06
3.3641e+06
3.3816e+06
3.4024e+06
3.423e+06
3.4391e+06
3.4481e+06
3.4514e+06
3.4533e+06
3.4584e+06
3.4686e+06
3.4819e+06
3.4943e+06
3.5029e+06
3.5079e+06
3.5124e+06
3.5197e+06
3.5303e+06
3.5418e+06
3.5494e+06
3.5498e+06
3.543e+06
3.5323e+06
3.5223e+06
3.5161e+06
3.5137e+06
3.5131e+06
3.5114e+06
3.5075e+06
3.5014e+06
3.4939e+06
3.4852e+06
3.4745e+06
3.4615e+06
3.4471e+06
3.4336e+06
3.4233e+06
3.4169e+06
3.4117e+06
3.4032e+06
3.3873e+06
3.3626e+06
3.3315e+06
3.2992e+06
3.271e+06
3.2496e+06
3.2345e+06
3.2229e+06
3.2115e+06
3.1985e+06
3.1831e+06
3.1653e+06
3.1449e+06
3.1218e+06
3.0965e+06
3.0706e+06
3.046e+06
3.0238e+06
3.0028e+06
2.98e+06
2.9524e+06
2.9189e+06
2.8823e+06
2.8479e+06
2.821e+06
2.8038e+06
2.7935e+06
2.7843e+06
2.7704e+06
2.7492e+06
2.7225e+06
2.6948e+06
2.6704e+06
2.6508e+06
2.6344e+06
2.6185e+06
2.6017e+06
2.5851e+06
2.5718e+06
2.564e+06
2.5618e+06
2.5625e+06
2.5626e+06
2.5606e+06
2.5576e+06
2.5571e+06
2.5617e+06
2.5713e+06
2.5824e+06
2.5907e+06
2.5933e+06
2.5916e+06
2.5901e+06
2.5938e+06
2.6054e+06
2.6228e+06
2.6416e+06
2.6577e+06
2.6707e+06
2.6838e+06
2.7017e+06
2.7268e+06
2.7569e+06
2.7862e+06
2.8089e+06
2.8233e+06
2.833e+06
2.8448e+06
2.8645e+06
2.8927e+06
2.9245e+06
2.9522e+06
2.9705e+06
2.9799e+06
2.986e+06
2.9962e+06
3.0143e+06
3.038e+06
3.061e+06
3.0767e+06
3.0833e+06
3.0842e+06
3.0864e+06
3.095e+06
3.1103e+06
3.1273e+06
3.1395e+06
3.1432e+06
3.1399e+06
3.1351e+06
3.1343e+06
3.139e+06
3.1459e+06
3.1495e+06
3.1462e+06
3.1369e+06
3.1267e+06
3.1212e+06
3.1221e+06
3.1257e+06
3.1246e+06
3.1125e+06
3.0878e+06
3.0551e+06
3.0227e+06
2.9978e+06
2.9829e+06
2.9747e+06
2.9671e+06
2.9554e+06
2.939e+06
2.9211e+06
2.906e+06
2.8958e+06
2.8893e+06
2.8824e+06
2.872e+06
2.8573e+06
2.841e+06
2.827e+06
2.8176e+06
2.8123e+06
2.8079e+06
2.8016e+06
2.7929e+06
2.7845e+06
2.7811e+06
2.7862e+06
2.7994e+06
2.8168e+06
2.8332e+06
2.8453e+06
2.854e+06
2.8633e+06
2.8782e+06
2.9003e+06
2.927e+06
2.9524e+06
2.9714e+06
2.9829e+06
2.9909e+06
3.0026e+06
3.0239e+06
3.0553e+06
3.0917e+06
3.1252e+06
3.1496e+06
3.1642e+06
3.1738e+06
3.1856e+06
3.2046e+06
3.2304e+06
3.257e+06
3.2772e+06
3.2863e+06
3.2856e+06
3.2804e+06
3.2773e+06
3.2796e+06
3.2852e+06
3.2885e+06
3.2837e+06
3.2689e+06
3.2469e+06
3.2242e+06
3.2066e+06
3.1962e+06
3.1906e+06
3.1846e+06
3.1741e+06
3.1579e+06
3.1381e+06
3.1184e+06
3.1015e+06
3.0873e+06
3.0733e+06
3.0567e+06
3.0364e+06
3.0139e+06
2.9923e+06
2.9748e+06
2.9627e+06
2.9551e+06
2.9503e+06
2.947e+06
2.9453e+06
2.9469e+06
2.9527e+06
2.9623e+06
2.9736e+06
2.9836e+06
2.9908e+06
2.9962e+06
3.0035e+06
3.017e+06
3.0388e+06
3.0675e+06
3.0986e+06
3.1269e+06
3.1495e+06
3.1674e+06
3.1847e+06
3.206e+06
3.2329e+06
3.2622e+06
3.288e+06
3.3041e+06
3.3085e+06
3.3043e+06
3.2984e+06
3.2979e+06
3.3054e+06
3.3178e+06
3.3277e+06
3.3277e+06
3.3145e+06
3.2906e+06
3.2631e+06
3.2392e+06
3.2228e+06
3.2123e+06
3.2028e+06
3.1891e+06
3.1692e+06
3.1459e+06
3.1242e+06
3.1085e+06
3.0995e+06
3.0937e+06
3.0855e+06
3.0709e+06
3.0499e+06
3.0268e+06
3.008e+06
2.9987e+06
2.9997e+06
3.0077e+06
3.0168e+06
3.0223e+06
3.023e+06
3.0218e+06
3.0239e+06
3.0335e+06
3.0515e+06
3.0748e+06
3.0984e+06
3.1181e+06
3.1327e+06
3.1445e+06
3.1579e+06
3.1759e+06
3.199e+06
3.2244e+06
3.248e+06
3.2669e+06
3.2809e+06
3.2922e+06
3.3035e+06
3.3159e+06
3.3272e+06
3.3335e+06
3.3311e+06
3.3189e+06
3.2993e+06
3.2773e+06
3.2578e+06
3.2432e+06
3.2324e+06
3.2216e+06
3.2073e+06
3.1882e+06
3.1659e+06
3.1442e+06
3.1261e+06
3.1123e+06
3.1005e+06
3.0867e+06
3.0681e+06
3.0451e+06
3.0217e+06
3.0042e+06
2.9983e+06
3.0063e+06
3.0259e+06
3.0512e+06
3.0758e+06
3.0951e+06
3.1083e+06
3.1181e+06
3.1283e+06
3.1422e+06
3.1602e+06
3.1806e+06
3.2003e+06
3.2172e+06
3.2313e+06
3.2442e+06
3.2581e+06
3.2737e+06
3.2895e+06
3.3023e+06
3.3091e+06
3.3083e+06
3.3007e+06
3.289e+06
3.2762e+06
3.2641e+06
3.2526e+06
3.2401e+06
3.225e+06
3.2069e+06
3.187e+06
3.1674e+06
3.1497e+06
3.1343e+06
3.12e+06
3.1051e+06
3.0887e+06
3.0717e+06
3.0562e+06
3.045e+06
3.04e+06
3.0408e+06
3.0456e+06
3.0517e+06
3.0576e+06
3.064e+06
3.0738e+06
3.0901e+06
3.115e+06
3.1469e+06
3.1815e+06
3.2128e+06
3.2362e+06
3.2502e+06
3.257e+06
3.2615e+06
3.2687e+06
3.2809e+06
3.2971e+06
3.3131e+06
3.3245e+06
3.3287e+06
3.3262e+06
3.3195e+06
3.3115e+06
3.3031e+06
3.2926e+06
3.2765e+06
3.252e+06
3.2191e+06
3.1818e+06
3.1469e+06
3.1218e+06
3.1108e+06
3.1134e+06
3.1243e+06
3.1362e+06
3.1431e+06
3.1429e+06
3.138e+06
3.1343e+06
3.1385e+06
3.1544e+06
3.1815e+06
3.215e+06
3.2483e+06
3.2755e+06
3.2943e+06
3.3063e+06
3.3153e+06
3.3258e+06
3.3399e+06
3.3568e+06
3.3733e+06
3.3852e+06
3.3899e+06
3.3866e+06
3.3765e+06
3.3616e+06
3.3434e+06
3.3225e+06
3.2989e+06
3.2729e+06
3.2457e+06
3.2197e+06
3.1979e+06
3.1825e+06
3.174e+06
3.1708e+06
3.1704e+06
3.1707e+06
3.1708e+06
3.1717e+06
3.1759e+06
3.1859e+06
3.2031e+06
3.2269e+06
3.2552e+06
3.2848e+06
3.3132e+06
3.339e+06
3.3621e+06
3.3831e+06
3.402e+06
3.4176e+06
3.4279e+06
3.4308e+06
3.4255e+06
3.4131e+06
3.3966e+06
3.3796e+06
3.3649e+06
3.3533e+06
3.3434e+06
3.3327e+06
3.3193e+06
3.303e+06
3.2855e+06
3.2699e+06
3.2587e+06
3.2527e+06
3.2503e+06
3.2487e+06
3.2449e+06
3.2377e+06
3.229e+06
3.223e+06
3.2251e+06
3.2398e+06
3.268e+06
3.3067e+06
3.3497e+06
3.3896e+06
3.4204e+06
3.4391e+06
3.4465e+06
3.446e+06
3.4424e+06
3.4395e+06
3.4396e+06
3.4426e+06
3.447e+06
3.4513e+06
3.4542e+06
3.4548e+06
3.4527e+06
3.4468e+06
3.4361e+06
3.4195e+06
3.397e+06
3.3701e+06
3.3417e+06
3.3157e+06
3.2962e+06
3.2857e+06
3.2851e+06
3.2935e+06
3.3089e+06
3.3294e+06
3.3536e+06
3.3809e+06
3.4105e+06
3.441e+06
3.4697e+06
3.493e+06
3.5073e+06
3.5111e+06
3.5056e+06
3.495e+06
3.4848e+06
3.4799e+06
3.4817e+06
3.4879e+06
3.4924e+06
3.4885e+06
3.4713e+06
3.4399e+06
3.3982e+06
3.3534e+06
3.3136e+06
3.2852e+06
3.2707e+06
3.2684e+06
3.2736e+06
3.2815e+06
3.2887e+06
3.2952e+06
3.3035e+06
3.3173e+06
3.3395e+06
3.37e+06
3.4056e+06
3.4411e+06
3.471e+06
3.4921e+06
3.504e+06
3.5095e+06
3.5122e+06
3.5152e+06
3.519e+06
3.5214e+06
3.519e+06
3.5087e+06
3.4894e+06
3.4631e+06
3.4336e+06
3.4059e+06
3.3835e+06
3.3681e+06
3.3586e+06
3.3527e+06
3.3484e+06
3.3446e+06
3.3425e+06
3.3447e+06
3.3539e+06
3.3716e+06
3.3967e+06
3.4257e+06
3.4537e+06
3.4759e+06
3.4895e+06
3.4944e+06
3.4928e+06
3.488e+06
3.4829e+06
3.4783e+06
3.4733e+06
3.4656e+06
3.453e+06
3.4348e+06
3.4121e+06
3.3876e+06
3.3645e+06
3.3455e+06
3.3315e+06
3.3222e+06
3.3164e+06
3.3132e+06
3.3124e+06
3.3152e+06
3.3235e+06
3.3391e+06
3.3622e+06
3.3908e+06
3.421e+06
3.4481e+06
3.4676e+06
3.4769e+06
3.4756e+06
3.4656e+06
3.4497e+06
3.4305e+06
3.4095e+06
3.387e+06
3.3626e+06
3.3361e+06
3.3088e+06
3.2833e+06
3.2629e+06
3.251e+06
3.2491e+06
3.2567e+06
3.2712e+06
3.2887e+06
3.3054e+06
3.3187e+06
3.3282e+06
3.3358e+06
3.3445e+06
3.3571e+06
3.3754e+06
3.3985e+06
3.4234e+06
3.4459e+06
3.4617e+06
3.4678e+06
3.4631e+06
3.4482e+06
3.4251e+06
3.396e+06
3.3631e+06
3.3282e+06
3.2931e+06
3.2597e+06
3.2301e+06
3.2069e+06
3.1926e+06
3.1886e+06
3.1951e+06
3.2108e+06
3.2328e+06
3.2575e+06
3.2816e+06
3.3024e+06
3.3184e+06
3.3292e+06
3.3353e+06
3.337e+06
3.3346e+06
3.328e+06
3.3168e+06
3.3007e+06
3.2802e+06
3.2561e+06
3.23e+06
3.2035e+06
3.178e+06
3.1549e+06
3.1351e+06
3.1193e+06
3.1087e+06
3.1042e+06
3.1067e+06
3.1164e+06
3.1325e+06
3.1528e+06
3.1739e+06
3.1921e+06
3.2039e+06
3.2073e+06
3.2024e+06
3.1912e+06
3.1769e+06
3.163e+06
3.1517e+06
3.1435e+06
3.1369e+06
3.1297e+06
3.1196e+06
3.1057e+06
3.0889e+06
3.0712e+06
3.0556e+06
3.0447e+06
3.0399e+06
3.0412e+06
3.0469e+06
3.0548e+06
3.0625e+06
3.0689e+06
3.074e+06
3.0786e+06
3.0836e+06
3.0893e+06
3.0945e+06
3.0969e+06
3.0936e+06
3.0827e+06
3.0635e+06
3.038e+06
3.0097e+06
2.983e+06
2.962e+06
2.9491e+06
2.9446e+06
2.9467e+06
2.9526e+06
2.9594e+06
2.9652e+06
2.9696e+06
2.9733e+06
2.9781e+06
2.9854e+06
2.9956e+06
3.0073e+06
3.0184e+06
3.026e+06
3.028e+06
3.0237e+06
3.0138e+06
3e+06
2.9845e+06
2.9687e+06
2.9531e+06
2.9373e+06
2.921e+06
2.9041e+06
2.8878e+06
2.8748e+06
2.8682e+06
2.8712e+06
2.8853e+06
2.9098e+06
2.9413e+06
2.9744e+06
3.0033e+06
3.0229e+06
3.0308e+06
3.0274e+06
3.0155e+06
2.9994e+06
2.9831e+06
2.9691e+06
2.958e+06
2.9486e+06
2.9389e+06
2.9279e+06
2.9158e+06
2.9044e+06
2.8969e+06
2.8966e+06
2.9055e+06
2.9237e+06
2.9486e+06
2.9761e+06
3.0009e+06
3.0189e+06
3.0276e+06
3.0271e+06
3.0195e+06
3.0081e+06
2.9959e+06
2.9845e+06
2.9739e+06
2.9627e+06
2.9496e+06
2.9336e+06
2.9157e+06
2.8981e+06
2.8844e+06
2.878e+06
2.881e+06
2.8937e+06
2.9138e+06
2.9375e+06
2.96e+06
2.9774e+06
2.9872e+06
2.9893e+06
2.9853e+06
2.9777e+06
2.9689e+06
2.9599e+06
2.9506e+06
2.9396e+06
2.9258e+06
2.9091e+06
2.8909e+06
2.874e+06
2.8624e+06
2.8594e+06
2.8671e+06
2.885e+06
2.91e+06
2.9374e+06
2.9616e+06
2.9779e+06
2.9838e+06
2.9797e+06
2.9682e+06
2.9533e+06
2.9389e+06
2.9276e+06
2.9198e+06
2.914e+06
2.9078e+06
2.8996e+06
2.8888e+06
2.8769e+06
2.867e+06
2.8626e+06
2.867e+06
2.8814e+06
2.9047e+06
2.9329e+06
2.9608e+06
2.9825e+06
2.9937e+06
2.9924e+06
2.9795e+06
2.9586e+06
2.9346e+06
2.9122e+06
2.8952e+06
2.8848e+06
2.8804e+06
2.8802e+06
2.8819e+06
2.8839e+06
2.8857e+06
2.8876e+06
2.8908e+06
2.8964e+06
2.9051e+06
2.9162e+06
2.9281e+06
2.9386e+06
2.9451e+06
2.946e+06
2.941e+06
2.931e+06
2.9179e+06
2.9038e+06
2.8908e+06
2.88e+06
2.8719e+06
2.8662e+06
2.8625e+06
2.8607e+06
2.8609e+06
2.864e+06
2.8706e+06
2.8812e+06
2.895e+06
2.9103e+06
2.924e+06
2.9327e+06
2.9335e+06
2.9252e+06
2.9083e+06
2.8855e+06
2.8611e+06
2.8394e+06
2.8244e+06
2.8182e+06
2.8209e+06
2.8309e+06
2.8448e+06
2.8592e+06
2.8712e+06
2.879e+06
2.8821e+06
2.8813e+06
2.8783e+06
2.8742e+06
2.8695e+06
2.8638e+06
2.8558e+06
2.8444e+06
2.8293e+06
2.8113e+06
2.7928e+06
2.777e+06
2.7671e+06
2.7655e+06
2.7732e+06
2.7889e+06
2.8097e+06
2.8315e+06
2.8502e+06
2.8627e+06
2.8675e+06
2.8651e+06
2.8577e+06
2.8482e+06
2.8396e+06
2.8336e+06
2.8304e+06
2.8292e+06
2.8281e+06
2.8256e+06
2.8207e+06
2.8134e+06
2.805e+06
2.7974e+06
2.7925e+06
2.7918e+06
2.7957e+06
2.8028e+06
2.8106e+06
2.8161e+06
2.8167e+06
2.8109e+06
2.799e+06
2.7829e+06
2.7658e+06
2.751e+06
2.7415e+06
2.7388e+06
2.7429e+06
2.7525e+06
2.765e+06
2.7777e+06
2.7884e+06
2.7955e+06
2.7987e+06
2.7981e+06
2.7947e+06
2.789e+06
2.7812e+06
2.7711e+06
2.7583e+06
2.7428e+06
2.7252e+06
2.7072e+06
2.6911e+06
2.6794e+06
2.6743e+06
2.6769e+06
2.6871e+06
2.7027e+06
2.7204e+06
2.7364e+06
2.7468e+06
2.7491e+06
2.7425e+06
2.7281e+06
2.7084e+06
2.6872e+06
2.6679e+06
2.6532e+06
2.6444e+06
2.6412e+06
2.6424e+06
2.646e+06
2.6499e+06
2.6526e+06
2.6536e+06
2.653e+06
2.6515e+06
2.65e+06
2.6486e+06
2.647e+06
2.6435e+06
2.6367e+06
2.6252e+06
2.6088e+06
2.5886e+06
2.567e+06
2.5471e+06
2.5322e+06
2.5247e+06
2.5257e+06
2.5341e+06
2.5474e+06
2.5617e+06
2.5727e+06
2.5769e+06
2.5723e+06
2.559e+06
2.5392e+06
2.5164e+06
2.4949e+06
2.4783e+06
2.469e+06
2.4675e+06
2.4727e+06
2.482e+06
2.4923e+06
2.5006e+06
2.5048e+06
2.5041e+06
2.4989e+06
2.4909e+06
2.4818e+06
2.4732e+06
2.4658e+06
2.4591e+06
2.4525e+06
2.4449e+06
2.436e+06
2.4262e+06
2.4169e+06
2.4099e+06
2.4072e+06
2.4103e+06
2.4196e+06
2.4341e+06
2.4515e+06
2.4681e+06
2.4802e+06
2.4847e+06
2.4799e+06
2.4663e+06
2.4463e+06
2.4238e+06
2.4034e+06
2.3894e+06
2.3846e+06
2.3897e+06
2.4033e+06
2.422e+06
2.4412e+06
2.4565e+06
2.4643e+06
2.4626e+06
2.4518e+06
2.434e+06
2.4128e+06
2.3921e+06
2.3754e+06
2.3648e+06
2.3611e+06
2.3635e+06
2.3698e+06
2.3778e+06
2.385e+06
2.3897e+06
2.3909e+06
2.3888e+06
2.384e+06
2.3777e+06
2.3707e+06
2.3636e+06
2.356e+06
2.3476e+06
2.3381e+06
2.3274e+06
2.3163e+06
2.306e+06
2.2979e+06
2.2936e+06
2.2939e+06
2.299e+06
2.3081e+06
2.3191e+06
2.3294e+06
2.336e+06
2.3366e+06
2.3297e+06
2.3157e+06
2.2964e+06
2.2746e+06
2.2538e+06
2.2371e+06
2.2269e+06
2.2238e+06
2.2271e+06
2.2347e+06
2.2434e+06
2.2501e+06
2.2522e+06
2.2482e+06
2.2381e+06
2.2234e+06
2.2066e+06
2.1908e+06
2.1785e+06
2.1717e+06
2.1711e+06
2.1761e+06
2.185e+06
2.1957e+06
2.2057e+06
2.2131e+06
2.2167e+06
2.2164e+06
2.2128e+06
2.2074e+06
2.2017e+06
2.1969e+06
2.1937e+06
2.1924e+06
2.1927e+06
2.1938e+06
2.1951e+06
2.196e+06
2.1961e+06
2.1955e+06
2.1944e+06
2.1934e+06
2.1928e+06
2.1927e+06
2.193e+06
2.1931e+06
2.1924e+06
2.1905e+06
2.1874e+06
2.1833e+06
2.1789e+06
2.175e+06
2.1722e+06
2.1708e+06
2.171e+06
2.172e+06
2.1729e+06
2.1722e+06
2.1688e+06
2.1617e+06
2.151e+06
2.1375e+06
2.1228e+06
2.1092e+06
2.0987e+06
2.0932e+06
2.0933e+06
2.0988e+06
2.1081e+06
2.1191e+06
2.129e+06
2.1352e+06
2.1358e+06
2.1303e+06
2.1193e+06
2.1046e+06
2.0889e+06
2.0751e+06
2.0656e+06
2.062e+06
2.0642e+06
2.0713e+06
2.0809e+06
2.0901e+06
2.0964e+06
2.0977e+06
2.0931e+06
2.0833e+06
2.0701e+06
2.056e+06
2.0441e+06
2.0368e+06
2.0358e+06
2.0413e+06
2.0522e+06
2.0661e+06
2.0802e+06
2.0914e+06
2.0974e+06
2.0968e+06
2.0899e+06
2.0781e+06
2.0641e+06
2.0506e+06
2.0404e+06
2.0352e+06
2.0357e+06
2.0415e+06
2.0508e+06
2.0612e+06
2.0702e+06
2.0755e+06
2.0758e+06
2.0707e+06
2.0613e+06
2.0495e+06
2.0377e+06
2.0282e+06
2.0227e+06
2.0219e+06
2.0257e+06
2.0327e+06
2.0412e+06
2.0491e+06
2.0543e+06
2.0556e+06
2.0523e+06
2.0452e+06
2.0356e+06
2.0259e+06
2.0179e+06
2.0135e+06
2.0133e+06
2.0174e+06
2.0246e+06
2.0333e+06
2.0416e+06
2.0475e+06
2.0497e+06
2.0475e+06
2.0413e+06
2.0325e+06
2.0231e+06
2.0153e+06
2.0111e+06
2.0117e+06
2.0173e+06
2.0272e+06
2.0398e+06
2.0533e+06
2.0652e+06
2.0738e+06
2.0778e+06
2.0769e+06
2.0718e+06
2.064e+06
2.0554e+06
2.0481e+06
2.0435e+06
2.0426e+06
2.0453e+06
2.0511e+06
2.0585e+06
2.0658e+06
2.0715e+06
2.0742e+06
2.0733e+06
2.0693e+06
2.0633e+06
2.0571e+06
2.0524e+06
2.0509e+06
2.0534e+06
2.06e+06
2.0699e+06
2.0817e+06
2.0934e+06
2.1029e+06
2.1085e+06
2.109e+06
2.1045e+06
2.0959e+06
2.085e+06
2.074e+06
2.065e+06
2.0599e+06
2.0594e+06
2.0634e+06
2.071e+06
2.0802e+06
2.089e+06
2.095e+06
2.0967e+06
2.0937e+06
2.0866e+06
2.0773e+06
2.068e+06
2.0613e+06
2.059e+06
2.0623e+06
2.0708e+06
2.0834e+06
2.0976e+06
2.1105e+06
2.1193e+06
2.1217e+06
2.1165e+06
2.1043e+06
2.0869e+06
2.0676e+06
2.0499e+06
2.0375e+06
2.033e+06
2.0373e+06
2.05e+06
2.0689e+06
2.0907e+06
2.1112e+06
2.1271e+06
2.1355e+06
2.1354e+06
2.1277e+06
2.1146e+06
2.0997e+06
2.0869e+06
2.0797e+06
2.0803e+06
2.0894e+06
2.1057e+06
2.1265e+06
2.1482e+06
2.1668e+06
2.1792e+06
2.1833e+06
2.179e+06
2.1677e+06
2.1524e+06
2.1366e+06
2.1239e+06
2.1172e+06
2.1178e+06
2.1257e+06
2.1391e+06
2.1553e+06
2.171e+06
2.1833e+06
2.1898e+06
2.1899e+06
2.184e+06
2.1739e+06
2.162e+06
2.151e+06
2.1431e+06
2.1396e+06
2.1407e+06
2.1459e+06
2.1534e+06
2.1615e+06
2.1681e+06
2.1721e+06
2.1727e+06
2.1702e+06
2.1655e+06
2.16e+06
2.1547e+06
2.1507e+06
2.1484e+06
2.1479e+06
2.149e+06
2.151e+06
2.1536e+06
2.1562e+06
2.1584e+06
2.1604e+06
2.1624e+06
2.1646e+06
2.1672e+06
2.1702e+06
2.1731e+06
2.1752e+06
2.1761e+06
2.1757e+06
2.1741e+06
2.1722e+06
2.1709e+06
2.1712e+06
2.174e+06
2.1795e+06
2.1874e+06
2.1965e+06
2.2051e+06
2.2111e+06
2.2129e+06
2.2095e+06
2.2008e+06
2.1882e+06
2.174e+06
2.1608e+06
2.1514e+06
2.1477e+06
2.1508e+06
2.16e+06
2.1735e+06
2.1886e+06
2.2023e+06
2.2117e+06
2.215e+06
2.2119e+06
2.2034e+06
2.1916e+06
2.1795e+06
2.1698e+06
2.1648e+06
2.1655e+06
2.1715e+06
2.1816e+06
2.1935e+06
2.2049e+06
2.2138e+06
2.2191e+06
2.2206e+06
2.2194e+06
2.2169e+06
2.2148e+06
2.2143e+06
2.2159e+06
2.2192e+06
2.2233e+06
2.2269e+06
2.2288e+06
2.2283e+06
2.2255e+06
2.221e+06
2.2159e+06
2.2116e+06
2.209e+06
2.2086e+06
2.2098e+06
2.2114e+06
2.212e+06
2.2104e+06
2.2061e+06
2.1995e+06
2.1919e+06
2.1854e+06
2.182e+06
2.1833e+06
2.19e+06
2.2016e+06
2.2161e+06
2.2306e+06
2.2419e+06
2.2475e+06
2.2459e+06
2.2373e+06
2.2235e+06
2.2077e+06
2.1934e+06
2.184e+06
2.1813e+06
2.1859e+06
2.1964e+06
2.2099e+06
2.2229e+06
2.2323e+06
2.2355e+06
2.2318e+06
2.2221e+06
2.2083e+06
2.1934e+06
2.1803e+06
2.171e+06
2.1663e+06
2.1659e+06
2.1685e+06
2.1723e+06
2.1758e+06
2.178e+06
2.1789e+06
2.1791e+06
2.1797e+06
2.1819e+06
2.1864e+06
2.1927e+06
2.1996e+06
2.2051e+06
2.2076e+06
2.2057e+06
2.1997e+06
2.1907e+06
2.1811e+06
2.1737e+06
2.1709e+06
2.1743e+06
2.1838e+06
2.1975e+06
2.2121e+06
2.224e+06
2.2297e+06
2.227e+06
2.2158e+06
2.1978e+06
2.1763e+06
2.1555e+06
2.1394e+06
2.1307e+06
2.1304e+06
2.1378e+06
2.1504e+06
2.1652e+06
2.1792e+06
2.1901e+06
2.1967e+06
2.1993e+06
2.1992e+06
2.1981e+06
2.1973e+06
2.1973e+06
2.1976e+06
2.1968e+06
2.1935e+06
2.1869e+06
2.1772e+06
2.1656e+06
2.1544e+06
2.1461e+06
2.1428e+06
2.1457e+06
2.1543e+06
2.1667e+06
2.1796e+06
2.1895e+06
2.1935e+06
2.19e+06
2.1791e+06
2.1628e+06
2.144e+06
2.1264e+06
2.1126e+06
2.1046e+06
2.1024e+06
2.105e+06
2.1106e+06
2.1172e+06
2.1233e+06
2.1282e+06
2.132e+06
2.1356e+06
2.1402e+06
2.1463e+06
2.1535e+06
2.1604e+06
2.1651e+06
2.1656e+06
2.1606e+06
2.1506e+06
2.1372e+06
2.1232e+06
2.1119e+06
2.106e+06
2.1073e+06
2.1152e+06
2.1279e+06
2.1421e+06
2.1541e+06
2.161e+06
2.1609e+06
2.1542e+06
2.1426e+06
2.1289e+06
2.1162e+06
2.1067e+06
2.1012e+06
2.0992e+06
2.0991e+06
2.0994e+06
2.0987e+06
2.0966e+06
2.0938e+06
2.0917e+06
2.0923e+06
2.0969e+06
2.106e+06
2.1184e+06
2.1318e+06
2.1432e+06
2.1496e+06
2.1492e+06
2.1419e+06
2.1294e+06
2.1143e+06
2.1e+06
2.0894e+06
2.084e+06
2.0841e+06
2.0884e+06
2.0948e+06
2.1012e+06
2.106e+06
2.1085e+06
2.109e+06
2.1086e+06
2.1083e+06
2.1087e+06
2.1091e+06
2.1084e+06
2.1049e+06
2.0973e+06
2.0856e+06
2.0709e+06
2.0554e+06
2.0423e+06
2.0343e+06
2.0332e+06
2.0395e+06
2.0513e+06
2.066e+06
2.0798e+06
2.0898e+06
2.0939e+06
2.0917e+06
2.0846e+06
2.0747e+06
2.0644e+06
2.0555e+06
2.0484e+06
2.0425e+06
2.0365e+06
2.0291e+06
2.02e+06
2.0099e+06
2.0005e+06
1.9941e+06
1.9929e+06
1.9978e+06
2.0087e+06
2.0234e+06
2.0391e+06
2.0522e+06
2.06e+06
2.0613e+06
2.0562e+06
2.0465e+06
2.0347e+06
2.0232e+06
2.0137e+06
2.0064e+06
2.0008e+06
1.9957e+06
1.9901e+06
1.9842e+06
1.9786e+06
1.975e+06
1.9752e+06
1.9804e+06
1.9905e+06
2.0038e+06
2.0173e+06
2.0278e+06
2.0324e+06
2.0296e+06
2.0199e+06
2.0055e+06
1.9898e+06
1.9761e+06
1.9669e+06
1.9631e+06
1.9639e+06
1.9673e+06
1.9711e+06
1.9738e+06
1.9747e+06
1.9747e+06
1.975e+06
1.9775e+06
1.983e+06
1.9912e+06
2.0003e+06
2.0076e+06
2.0103e+06
2.0064e+06
1.9956e+06
1.9793e+06
1.96e+06
1.9407e+06
1.9241e+06
1.9114e+06
1.9027e+06
1.8969e+06
1.8924e+06
1.8884e+06
1.8846e+06
1.8817e+06
1.8809e+06
1.8835e+06
1.8897e+06
1.8987e+06
1.9082e+06
1.9153e+06
1.9174e+06
1.9129e+06
1.9021e+06
1.887e+06
1.8705e+06
1.8559e+06
1.8453e+06
1.8396e+06
1.8379e+06
1.8386e+06
1.8395e+06
1.8396e+06
1.8388e+06
1.8381e+06
1.8394e+06
1.8443e+06
1.8532e+06
1.8653e+06
1.8778e+06
1.8875e+06
1.8915e+06
1.8882e+06
1.878e+06
1.8632e+06
1.8471e+06
1.8327e+06
1.8219e+06
1.8149e+06
1.8102e+06
1.8056e+06
1.7993e+06
1.7909e+06
1.7812e+06
1.7728e+06
1.7687e+06
1.7712e+06
1.7811e+06
1.7969e+06
1.8151e+06
1.8313e+06
1.8416e+06
1.8439e+06
1.8382e+06
1.8269e+06
1.8137e+06
1.8021e+06
1.7943e+06
1.7904e+06
1.7884e+06
1.7859e+06
1.7807e+06
1.7719e+06
1.7606e+06
1.7492e+06
1.7408e+06
1.7378e+06
1.7411e+06
1.7496e+06
1.7606e+06
1.7708e+06
1.7773e+06
1.7785e+06
1.7748e+06
1.768e+06
1.7602e+06
1.7533e+06
1.7478e+06
1.7428e+06
1.7366e+06
1.7279e+06
1.7161e+06
1.7023e+06
1.6886e+06
1.678e+06
1.6725e+06
1.6732e+06
1.679e+06
1.6875e+06
1.6958e+06
1.7014e+06
1.7032e+06
1.7014e+06
1.6978e+06
1.6945e+06
1.6929e+06
1.6932e+06
1.6939e+06
1.6928e+06
1.6878e+06
1.678e+06
1.6641e+06
1.6486e+06
1.6345e+06
1.6244e+06
1.6196e+06
1.6198e+06
1.623e+06
1.6268e+06
1.629e+06
1.6288e+06
1.6268e+06
1.6249e+06
1.6252e+06
1.6291e+06
1.6363e+06
1.6453e+06
1.6532e+06
1.6574e+06
1.6563e+06
1.6499e+06
1.64e+06
1.6289e+06
1.619e+06
1.6113e+06
1.6053e+06
1.5995e+06
1.5923e+06
1.583e+06
1.5719e+06
1.5612e+06
1.5532e+06
1.5504e+06
1.5536e+06
1.5619e+06
1.5729e+06
1.5832e+06
1.5904e+06
1.5929e+06
1.5916e+06
1.5883e+06
1.5855e+06
1.5852e+06
1.5873e+06
1.5902e+06
1.591e+06
1.5873e+06
1.5778e+06
1.5633e+06
1.5462e+06
1.5298e+06
1.5171e+06
1.5097e+06
1.5072e+06
1.508e+06
1.5096e+06
1.5102e+06
1.5091e+06
1.5071e+06
1.5058e+06
1.5071e+06
1.5119e+06
1.5195e+06
1.528e+06
1.5349e+06
1.5382e+06
1.5369e+06
1.5316e+06
1.524e+06
1.516e+06
1.5087e+06
1.5023e+06
1.4957e+06
1.4876e+06
1.4772e+06
1.4649e+06
1.4522e+06
1.4414e+06
1.4345e+06
1.4327e+06
1.4355e+06
1.4413e+06
1.4478e+06
1.4534e+06
1.4572e+06
1.4598e+06
1.4628e+06
1.4674e+06
1.4741e+06
1.4818e+06
1.4882e+06
1.4908e+06
1.4879e+06
1.4794e+06
1.467e+06
1.4534e+06
1.4413e+06
1.4322e+06
1.4259e+06
1.4208e+06
1.4148e+06
1.4065e+06
1.396e+06
1.3851e+06
1.3763e+06
1.3721e+06
1.3736e+06
1.3803e+06
1.3899e+06
1.3994e+06
1.4066e+06
1.4104e+06
1.4118e+06
1.4128e+06
1.4156e+06
1.421e+06
1.4281e+06
1.4343e+06
1.4367e+06
1.4331e+06
1.4235e+06
1.4098e+06
1.3953e+06
1.3831e+06
1.3748e+06
1.3699e+06
1.366e+06
1.3605e+06
1.3516e+06
1.3398e+06
1.3271e+06
1.3169e+06
1.3125e+06
1.315e+06
1.3237e+06
1.3355e+06
1.3466e+06
1.3542e+06
1.3574e+06
1.3573e+06
1.3568e+06
1.3586e+06
1.3643e+06
1.3727e+06
1.3811e+06
1.3858e+06
1.3844e+06
1.3765e+06
1.3642e+06
1.3508e+06
1.3394e+06
1.3316e+06
1.3269e+06
1.3228e+06
1.3168e+06
1.3074e+06
1.2949e+06
1.2819e+06
1.2714e+06
1.2662e+06
1.2671e+06
1.2727e+06
1.2802e+06
1.2866e+06
1.2897e+06
1.2897e+06
1.2884e+06
1.2886e+06
1.2925e+06
1.3006e+06
1.3111e+06
1.321e+06
1.3271e+06
1.3277e+06
1.323e+06
1.3153e+06
1.3071e+06
1.3006e+06
1.2962e+06
1.2926e+06
1.2876e+06
1.2796e+06
1.2684e+06
1.2551e+06
1.2422e+06
1.2321e+06
1.2262e+06
1.2242e+06
1.2248e+06
1.226e+06
1.2267e+06
1.2266e+06
1.2269e+06
1.229e+06
1.234e+06
1.2417e+06
1.2506e+06
1.2587e+06
1.264e+06
1.266e+06
1.2652e+06
1.2633e+06
1.2621e+06
1.2624e+06
1.2633e+06
1.2633e+06
1.2605e+06
1.2539e+06
1.244e+06
1.2322e+06
1.2208e+06
1.2112e+06
1.2039e+06
1.1981e+06
1.1923e+06
1.1856e+06
1.178e+06
1.1706e+06
1.1651e+06
1.1629e+06
1.1644e+06
1.1686e+06
1.1738e+06
1.1784e+06
1.1818e+06
1.1846e+06
1.1882e+06
1.1941e+06
1.2027e+06
1.2129e+06
1.2225e+06
1.2289e+06
1.2307e+06
1.2281e+06
1.2228e+06
1.2175e+06
1.214e+06
1.2125e+06
1.2115e+06
1.2089e+06
1.2025e+06
1.1923e+06
1.1796e+06
1.1672e+06
1.1575e+06
1.1518e+06
1.1494e+06
1.1479e+06
1.145e+06
1.1393e+06
1.1311e+06
1.1226e+06
1.1164e+06
1.1147e+06
1.1177e+06
1.1242e+06
1.1317e+06
1.1379e+06
1.1417e+06
1.1438e+06
1.146e+06
1.15e+06
1.1564e+06
1.164e+06
1.1706e+06
1.174e+06
1.1732e+06
1.1689e+06
1.1631e+06
1.1582e+06
1.1552e+06
1.1539e+06
1.1524e+06
1.1486e+06
1.1413e+06
1.1311e+06
1.1198e+06
1.1098e+06
1.1026e+06
1.0981e+06
1.0948e+06
1.091e+06
1.0852e+06
1.0778e+06
1.0706e+06
1.0657e+06
1.0649e+06
1.0683e+06
1.0743e+06
1.0804e+06
1.0846e+06
1.0861e+06
1.0862e+06
1.087e+06
1.0908e+06
1.0983e+06
1.1084e+06
1.1186e+06
1.1261e+06
1.1296e+06
1.1294e+06
1.1272e+06
1.125e+06
1.1241e+06
1.1237e+06
1.1223e+06
1.1181e+06
1.1104e+06
1.1001e+06
1.0893e+06
1.0803e+06
1.074e+06
1.0697e+06
1.0657e+06
1.0597e+06
1.051e+06
1.0404e+06
1.0302e+06
1.0228e+06
1.0195e+06
1.0202e+06
1.0226e+06
1.0246e+06
1.0245e+06
1.0224e+06
1.0198e+06
1.0189e+06
1.0213e+06
1.0273e+06
1.0354e+06
1.0435e+06
1.0499e+06
1.0543e+06
1.0577e+06
1.0616e+06
1.0671e+06
1.0738e+06
1.0802e+06
1.0841e+06
1.0846e+06
1.0821e+06
1.0781e+06
1.0746e+06
1.0727e+06
1.0718e+06
1.0701e+06
1.0654e+06
1.0571e+06
1.0461e+06
1.0346e+06
1.0251e+06
1.0187e+06
1.0148e+06
1.0111e+06
1.0052e+06
9.9631e+05
9.8519e+05
9.7436e+05
9.6653e+05
9.6318e+05
9.6371e+05
9.6582e+05
9.6685e+05
9.6529e+05
9.6157e+05
9.5792e+05
9.571e+05
9.6087e+05
9.6893e+05
9.7898e+05
9.8804e+05
9.9403e+05
9.9676e+05
9.9796e+05
1.0002e+06
1.0053e+06
1.0133e+06
1.0224e+06
1.0301e+06
1.0345e+06
1.0355e+06
1.0343e+06
1.033e+06
1.0326e+06
1.0329e+06
1.0324e+06
1.0294e+06
1.0234e+06
1.0151e+06
1.0064e+06
9.9908e+05
9.9363e+05
9.8894e+05
9.8307e+05
9.7452e+05
9.632e+05
9.5066e+05
9.3925e+05
9.308e+05
9.2559e+05
9.2222e+05
9.1855e+05
9.1301e+05
9.0553e+05
8.9765e+05
8.916e+05
8.8902e+05
8.9008e+05
8.9334e+05
8.9678e+05
8.9895e+05
8.9981e+05
9.0065e+05
9.0319e+05
9.0841e+05
9.1584e+05
9.2382e+05
9.3051e+05
9.3509e+05
9.3826e+05
9.4177e+05
9.4726e+05
9.5501e+05
9.6361e+05
9.7068e+05
9.743e+05
9.7418e+05
9.7191e+05
9.7001e+05
9.7043e+05
9.7326e+05
9.7669e+05
9.7814e+05
9.7588e+05
9.7009e+05
9.6275e+05
9.5637e+05
9.5239e+05
9.5023e+05
9.4769e+05
9.4241e+05
9.3339e+05
9.2172e+05
9.0996e+05
9.007e+05
8.9498e+05
8.9167e+05
8.8824e+05
8.8242e+05
8.735e+05
8.6281e+05
8.5287e+05
8.4598e+05
8.4281e+05
8.4219e+05
8.419e+05
8.4018e+05
8.3677e+05
8.3299e+05
8.3085e+05
8.3174e+05
8.3551e+05
8.4061e+05
8.4516e+05
8.4819e+05
8.5024e+05
8.5297e+05
8.58e+05
8.657e+05
8.7478e+05
8.8307e+05
8.8886e+05
8.9203e+05
8.9414e+05
8.9747e+05
9.0351e+05
9.119e+05
9.2057e+05
9.2708e+05
9.3012e+05
9.3026e+05
9.2954e+05
9.3006e+05
9.3251e+05
9.3572e+05
9.3744e+05
9.3596e+05
9.3131e+05
9.2533e+05
9.2052e+05
9.1836e+05
9.1828e+05
9.1798e+05
9.1497e+05
9.0816e+05
8.9858e+05
8.8867e+05
8.807e+05
8.7531e+05
8.7107e+05
8.6562e+05
8.5732e+05
8.4639e+05
8.3488e+05
8.2536e+05
8.1919e+05
8.156e+05
8.1222e+05
8.0666e+05
7.981e+05
7.8786e+05
7.7859e+05
7.7266e+05
7.7059e+05
7.7072e+05
7.704e+05
7.6768e+05
7.6263e+05
7.5723e+05
7.542e+05
7.5521e+05
7.5975e+05
7.6552e+05
7.6989e+05
7.716e+05
7.7143e+05
7.7163e+05
7.7439e+05
7.8029e+05
7.8797e+05
7.9502e+05
7.9974e+05
8.0218e+05
8.0416e+05
8.0795e+05
8.1466e+05
8.2335e+05
8.3168e+05
8.3752e+05
8.4041e+05
8.419e+05
8.4452e+05
8.4994e+05
8.5772e+05
8.655e+05
8.7059e+05
8.7186e+05
8.7048e+05
8.6923e+05
8.7063e+05
8.7516e+05
8.8088e+05
8.8481e+05
8.8496e+05
8.8169e+05
8.7738e+05
8.7485e+05
8.7529e+05
8.7739e+05
8.7826e+05
8.7549e+05
8.6885e+05
8.6046e+05
8.5346e+05
8.4986e+05
8.4909e+05
8.4844e+05
8.4495e+05
8.3744e+05
8.2727e+05
8.1743e+05
8.1053e+05
8.0697e+05
8.0471e+05
8.0075e+05
7.9315e+05
7.8234e+05
7.7073e+05
7.6117e+05
7.5502e+05
7.5127e+05
7.4741e+05
7.4117e+05
7.321e+05
7.217e+05
7.1248e+05
7.0625e+05
7.0302e+05
7.0113e+05
6.9855e+05
6.9421e+05
6.8845e+05
6.8261e+05
6.7787e+05
6.7446e+05
6.717e+05
6.688e+05
6.6572e+05
6.6333e+05
6.6279e+05
6.6449e+05
6.6749e+05
6.7005e+05
6.7072e+05
6.6949e+05
6.6791e+05
6.682e+05
6.7169e+05
6.7779e+05
6.8426e+05
6.8874e+05
6.9033e+05
6.9027e+05
6.9117e+05
6.9529e+05
7.0283e+05
7.1173e+05
7.191e+05
7.2312e+05
7.2436e+05
7.2544e+05
7.2928e+05
7.371e+05
7.4747e+05
7.5726e+05
7.6378e+05
7.6644e+05
7.6704e+05
7.6854e+05
7.7302e+05
7.8039e+05
7.8855e+05
7.9507e+05
7.9879e+05
8.0053e+05
8.0227e+05
8.0573e+05
8.1113e+05
8.1727e+05
8.2257e+05
8.2624e+05
8.287e+05
8.3099e+05
8.3378e+05
8.3675e+05
8.3898e+05
8.3994e+05
8.4014e+05
8.409e+05
8.4336e+05
8.4731e+05
8.5112e+05
8.5271e+05
8.5107e+05
8.4708e+05
8.431e+05
8.4146e+05
8.4285e+05
8.4589e+05
8.4821e+05
8.4814e+05
8.4586e+05
8.4304e+05
8.415e+05
8.4163e+05
8.4213e+05
8.4099e+05
8.3721e+05
8.3166e+05
8.2664e+05
8.2421e+05
8.2461e+05
8.2603e+05
8.2588e+05
8.2265e+05
8.169e+05
8.108e+05
8.0651e+05
8.0456e+05
8.0358e+05
8.014e+05
7.9674e+05
7.9012e+05
7.8338e+05
7.7823e+05
7.7495e+05
7.7224e+05
7.6842e+05
7.6274e+05
7.5599e+05
7.4977e+05
7.4513e+05
7.4159e+05
7.3758e+05
7.3167e+05
7.2391e+05
7.1586e+05
7.0953e+05
7.0576e+05
7.0349e+05
7.0053e+05
6.9522e+05
6.8762e+05
6.7947e+05
6.7281e+05
6.6833e+05
6.6487e+05
6.6036e+05
6.5359e+05
6.4525e+05
6.375e+05
6.3228e+05
6.2962e+05
6.2745e+05
6.2306e+05
6.151e+05
6.0468e+05
5.9469e+05
5.8776e+05
5.8432e+05
5.8227e+05
5.7863e+05
5.7175e+05
5.6245e+05
5.5345e+05
5.4736e+05
5.4471e+05
5.4362e+05
5.4126e+05
5.3587e+05
5.2784e+05
5.1914e+05
5.1179e+05
5.0642e+05
5.0205e+05
4.972e+05
4.9123e+05
4.8482e+05
4.7921e+05
4.7501e+05
4.7151e+05
4.6726e+05
4.6133e+05
4.5417e+05
4.473e+05
4.4206e+05
4.3842e+05
4.3491e+05
4.2981e+05
4.2263e+05
4.1468e+05
4.0813e+05
4.0429e+05
4.0239e+05
4.0011e+05
3.9542e+05
3.8824e+05
3.8073e+05
3.7572e+05
3.7442e+05
3.7521e+05
3.7468e+05
3.7015e+05
3.6159e+05
3.5174e+05
3.4444e+05
3.4177e+05
3.4245e+05
3.4287e+05
3.3991e+05
