1.5865e+06
1.5978e+06
1.6068e+06
1.6211e+06
1.6456e+06
1.6783e+06
1.7113e+06
1.7358e+06
1.7476e+06
1.7498e+06
1.751e+06
1.7599e+06
1.7802e+06
1.8084e+06
1.8379e+06
1.8636e+06
1.8846e+06
1.9037e+06
1.9239e+06
1.9457e+06
1.9671e+06
1.9863e+06
2.0037e+06
2.0227e+06
2.0464e+06
2.0749e+06
2.1042e+06
2.1284e+06
2.1447e+06
2.1556e+06
2.1682e+06
2.1899e+06
2.2226e+06
2.2616e+06
2.2983e+06
2.3261e+06
2.3441e+06
2.3574e+06
2.3732e+06
2.3962e+06
2.4257e+06
2.4572e+06
2.4862e+06
2.5115e+06
2.5353e+06
2.5605e+06
2.5879e+06
2.6156e+06
2.6406e+06
2.6624e+06
2.6834e+06
2.7075e+06
2.7369e+06
2.7699e+06
2.8013e+06
2.8268e+06
2.8459e+06
2.8632e+06
2.885e+06
2.915e+06
2.9515e+06
2.9885e+06
3.02e+06
3.0441e+06
3.0644e+06
3.0873e+06
3.1169e+06
3.152e+06
3.1871e+06
3.2161e+06
3.2372e+06
3.2535e+06
3.2715e+06
3.2958e+06
3.3266e+06
3.3592e+06
3.3877e+06
3.4087e+06
3.4239e+06
3.4378e+06
3.4555e+06
3.479e+06
3.5072e+06
3.5371e+06
3.5662e+06
3.5931e+06
3.6172e+06
3.6377e+06
3.6534e+06
3.6644e+06
3.6731e+06
3.6845e+06
3.7039e+06
3.7335e+06
3.7701e+06
3.8064e+06
3.8346e+06
3.8507e+06
3.8564e+06
3.8579e+06
3.8619e+06
3.8716e+06
3.8858e+06
3.9005e+06
3.9128e+06
3.9227e+06
3.9328e+06
3.9461e+06
3.9627e+06
3.9798e+06
3.9933e+06
4.0008e+06
4.0031e+06
4.0036e+06
4.0058e+06
4.011e+06
4.0178e+06
4.0232e+06
4.0256e+06
4.0254e+06
4.0247e+06
4.0249e+06
4.0257e+06
4.0249e+06
4.0203e+06
4.012e+06
4.0027e+06
3.9959e+06
3.9936e+06
3.9942e+06
3.9934e+06
3.9859e+06
3.9693e+06
3.945e+06
3.9176e+06
3.8924e+06
3.8729e+06
3.8595e+06
3.8503e+06
3.8422e+06
3.8329e+06
3.8206e+06
3.8045e+06
3.7839e+06
3.7593e+06
3.732e+06
3.7048e+06
3.6806e+06
3.6607e+06
3.6436e+06
3.6256e+06
3.603e+06
3.5743e+06
3.5414e+06
3.5091e+06
3.4821e+06
3.4624e+06
3.4478e+06
3.4338e+06
3.4162e+06
3.394e+06
3.3691e+06
3.3456e+06
3.3267e+06
3.3127e+06
3.3016e+06
3.2906e+06
3.2781e+06
3.2647e+06
3.2521e+06
3.2413e+06
3.2321e+06
3.2233e+06
3.2142e+06
3.2061e+06
3.2023e+06
3.2059e+06
3.218e+06
3.2363e+06
3.256e+06
3.2728e+06
3.2855e+06
3.2966e+06
3.3104e+06
3.3301e+06
3.3551e+06
3.3814e+06
3.4045e+06
3.423e+06
3.4406e+06
3.4642e+06
3.4997e+06
3.5475e+06
3.6016e+06
3.6522e+06
3.6913e+06
3.7172e+06
3.7356e+06
3.7557e+06
3.7847e+06
3.8234e+06
3.8657e+06
3.903e+06
3.93e+06
3.9478e+06
3.9633e+06
3.9845e+06
4.0153e+06
4.0531e+06
4.0909e+06
4.1225e+06
4.1464e+06
4.1661e+06
4.1872e+06
4.2125e+06
4.2393e+06
4.2608e+06
4.271e+06
4.2689e+06
4.2598e+06
4.2529e+06
4.2551e+06
4.2666e+06
4.2815e+06
4.2911e+06
4.2904e+06
4.2806e+06
4.2684e+06
4.2608e+06
4.2597e+06
4.2604e+06
4.2543e+06
4.2346e+06
4.2012e+06
4.161e+06
4.1246e+06
4.1002e+06
4.0886e+06
4.0838e+06
4.0768e+06
4.0613e+06
4.0371e+06
4.0093e+06
3.984e+06
3.9645e+06
3.9491e+06
3.9332e+06
3.9134e+06
3.8902e+06
3.8689e+06
3.8556e+06
3.8532e+06
3.8591e+06
3.8659e+06
3.8663e+06
3.8575e+06
3.8437e+06
3.8338e+06
3.8369e+06
3.8567e+06
3.889e+06
3.9247e+06
3.9545e+06
3.9746e+06
3.9882e+06
4.0036e+06
4.0292e+06
4.0682e+06
4.1172e+06
4.1684e+06
4.2147e+06
4.2536e+06
4.2878e+06
4.3232e+06
4.3642e+06
4.4108e+06
4.4585e+06
4.5015e+06
4.5364e+06
4.5645e+06
4.5904e+06
4.6194e+06
4.653e+06
4.6881e+06
4.7188e+06
4.7396e+06
4.7489e+06
4.7497e+06
4.7471e+06
4.7454e+06
4.745e+06
4.7427e+06
4.7339e+06
4.716e+06
4.6902e+06
4.6609e+06
4.6332e+06
4.6099e+06
4.5905e+06
4.5714e+06
4.5492e+06
4.5227e+06
4.4934e+06
4.4647e+06
4.4395e+06
4.4182e+06
4.399e+06
4.3789e+06
4.3559e+06
4.3301e+06
4.3037e+06
4.2796e+06
4.2599e+06
4.2455e+06
4.2363e+06
4.2324e+06
4.2346e+06
4.2441e+06
4.2615e+06
4.2856e+06
4.3131e+06
4.3399e+06
4.3632e+06
4.3828e+06
4.402e+06
4.4255e+06
4.4571e+06
4.4974e+06
4.5431e+06
4.5889e+06
4.63e+06
4.6649e+06
4.696e+06
4.7276e+06
4.7633e+06
4.8033e+06
4.8443e+06
4.8809e+06
4.9091e+06
4.9278e+06
4.9396e+06
4.9486e+06
4.9577e+06
4.9668e+06
4.9729e+06
4.9727e+06
4.9647e+06
4.9506e+06
4.9342e+06
4.9189e+06
4.905e+06
4.8896e+06
4.8676e+06
4.8357e+06
4.7945e+06
4.7492e+06
4.7072e+06
4.6747e+06
4.6529e+06
4.6376e+06
4.6215e+06
4.5979e+06
4.5647e+06
4.5254e+06
4.4877e+06
4.46e+06
4.4471e+06
4.4486e+06
4.4595e+06
4.473e+06
4.4843e+06
4.4927e+06
4.5016e+06
4.5165e+06
4.542e+06
4.5796e+06
4.6273e+06
4.6806e+06
4.735e+06
4.7869e+06
4.8349e+06
4.8786e+06
4.918e+06
4.9527e+06
4.9822e+06
5.0065e+06
5.0265e+06
5.0435e+06
5.0583e+06
5.0704e+06
5.0778e+06
5.0784e+06
5.0709e+06
5.0568e+06
5.0398e+06
5.0241e+06
5.0121e+06
5.0026e+06
4.9912e+06
4.9718e+06
4.9404e+06
4.8973e+06
4.8471e+06
4.7975e+06
4.7555e+06
4.724e+06
4.7014e+06
4.6822e+06
4.6607e+06
4.6344e+06
4.6055e+06
4.5804e+06
4.5669e+06
4.5699e+06
4.5898e+06
4.6213e+06
4.6567e+06
4.689e+06
4.7153e+06
4.7372e+06
4.7602e+06
4.79e+06
4.8295e+06
4.877e+06
4.9269e+06
4.972e+06
5.0066e+06
5.0289e+06
5.041e+06
5.0478e+06
5.0543e+06
5.0634e+06
5.0747e+06
5.0852e+06
5.0905e+06
5.087e+06
5.0727e+06
5.0481e+06
5.0155e+06
4.978e+06
4.9392e+06
4.9014e+06
4.8659e+06
4.8328e+06
4.8008e+06
4.7684e+06
4.7348e+06
4.7004e+06
4.6673e+06
4.6387e+06
4.6181e+06
4.6076e+06
4.6073e+06
4.6149e+06
4.6273e+06
4.6418e+06
4.6575e+06
4.6759e+06
4.7e+06
4.7321e+06
4.7726e+06
4.8184e+06
4.8637e+06
4.9027e+06
4.9316e+06
4.9506e+06
4.9637e+06
4.9763e+06
4.9927e+06
5.013e+06
5.033e+06
5.046e+06
5.046e+06
5.0309e+06
5.0034e+06
4.9695e+06
4.9358e+06
4.906e+06
4.8791e+06
4.8503e+06
4.814e+06
4.7673e+06
4.7119e+06
4.6543e+06
4.6026e+06
4.5635e+06
4.5394e+06
4.5272e+06
4.5207e+06
4.5137e+06
4.5031e+06
4.4905e+06
4.4813e+06
4.4818e+06
4.4959e+06
4.5226e+06
4.5565e+06
4.5896e+06
4.6152e+06
4.6306e+06
4.6379e+06
4.6423e+06
4.649e+06
4.6601e+06
4.6736e+06
4.6837e+06
4.6846e+06
4.673e+06
4.65e+06
4.6205e+06
4.5903e+06
4.5635e+06
4.5399e+06
4.5156e+06
4.4852e+06
4.4447e+06
4.3944e+06
4.3385e+06
4.284e+06
4.2381e+06
4.2053e+06
4.1859e+06
4.1767e+06
4.1725e+06
4.1692e+06
4.1647e+06
4.1598e+06
4.1573e+06
4.1601e+06
4.1703e+06
4.1878e+06
4.2108e+06
4.2365e+06
4.2623e+06
4.2857e+06
4.3049e+06
4.318e+06
4.323e+06
4.3181e+06
4.3025e+06
4.2775e+06
4.2459e+06
4.2118e+06
4.1792e+06
4.1498e+06
4.1229e+06
4.0959e+06
4.0655e+06
4.03e+06
3.9901e+06
3.9492e+06
3.9116e+06
3.8805e+06
3.857e+06
3.8393e+06
3.8238e+06
3.8075e+06
3.7895e+06
3.7723e+06
3.7611e+06
3.7617e+06
3.7776e+06
3.8084e+06
3.8488e+06
3.8907e+06
3.9259e+06
3.9491e+06
3.9594e+06
3.9604e+06
3.9578e+06
3.9565e+06
3.9585e+06
3.962e+06
3.962e+06
3.9538e+06
3.9344e+06
3.9043e+06
3.867e+06
3.8274e+06
3.7898e+06
3.7565e+06
3.7275e+06
3.7014e+06
3.6771e+06
3.6546e+06
3.6357e+06
3.6228e+06
3.6181e+06
3.6222e+06
3.6337e+06
3.6497e+06
3.6671e+06
3.6837e+06
3.6985e+06
3.7124e+06
3.7261e+06
3.74e+06
3.7527e+06
3.7619e+06
3.7649e+06
3.7599e+06
3.7472e+06
3.729e+06
3.7081e+06
3.6865e+06
3.6643e+06
3.6396e+06
3.6098e+06
3.5729e+06
3.5295e+06
3.4834e+06
3.4399e+06
3.4052e+06
3.3829e+06
3.3733e+06
3.373e+06
3.3766e+06
3.3785e+06
3.3756e+06
3.3683e+06
3.3601e+06
3.3562e+06
3.361e+06
3.3758e+06
3.398e+06
3.4219e+06
3.4409e+06
3.4499e+06
3.4474e+06
3.4349e+06
3.4165e+06
3.3963e+06
3.3767e+06
3.3576e+06
3.3372e+06
3.3134e+06
3.2854e+06
3.2549e+06
3.2255e+06
3.2011e+06
3.1847e+06
3.1768e+06
3.1752e+06
3.1764e+06
3.1765e+06
3.1736e+06
3.1683e+06
3.1633e+06
3.1626e+06
3.1693e+06
3.1841e+06
3.2045e+06
3.2259e+06
3.243e+06
3.2515e+06
3.2502e+06
3.2403e+06
3.225e+06
3.2079e+06
3.1912e+06
3.1753e+06
3.1585e+06
3.1388e+06
3.1147e+06
3.0865e+06
3.0563e+06
3.0271e+06
3.0024e+06
2.9846e+06
2.9746e+06
2.9721e+06
2.9758e+06
2.9838e+06
2.9949e+06
3.008e+06
3.0224e+06
3.0369e+06
3.0501e+06
3.0603e+06
3.0658e+06
3.0656e+06
3.0598e+06
3.0493e+06
3.0355e+06
3.0195e+06
3.0013e+06
2.9803e+06
2.9551e+06
2.9251e+06
2.8911e+06
2.8552e+06
2.8214e+06
2.7938e+06
2.7754e+06
2.7675e+06
2.7685e+06
2.7752e+06
2.7834e+06
2.7899e+06
2.7928e+06
2.7929e+06
2.7922e+06
2.7934e+06
2.7978e+06
2.805e+06
2.8122e+06
2.8153e+06
2.8106e+06
2.7962e+06
2.7727e+06
2.7428e+06
2.7108e+06
2.6803e+06
2.6538e+06
2.6316e+06
2.6126e+06
2.5952e+06
2.5787e+06
2.5636e+06
2.5515e+06
2.5447e+06
2.5448e+06
2.5518e+06
2.564e+06
2.578e+06
2.5901e+06
2.5977e+06
2.5998e+06
2.5975e+06
2.5935e+06
2.5902e+06
2.5892e+06
2.5898e+06
2.5895e+06
2.5851e+06
2.5741e+06
2.556e+06
2.5323e+06
2.5067e+06
2.4833e+06
2.4656e+06
2.4552e+06
2.4518e+06
2.4534e+06
2.4578e+06
2.4631e+06
2.4686e+06
2.4748e+06
2.483e+06
2.4942e+06
2.5082e+06
2.5234e+06
2.5372e+06
2.5466e+06
2.5498e+06
2.5463e+06
2.5377e+06
2.5265e+06
2.5154e+06
2.5062e+06
2.4989e+06
2.4924e+06
2.4851e+06
2.4757e+06
2.4642e+06
2.452e+06
2.4416e+06
2.4356e+06
2.4358e+06
2.4423e+06
2.4537e+06
2.4672e+06
2.4799e+06
2.4895e+06
2.4951e+06
2.4974e+06
2.498e+06
2.4984e+06
2.4992e+06
2.4999e+06
2.4987e+06
2.4939e+06
2.4844e+06
2.4705e+06
2.4543e+06
2.4385e+06
2.426e+06
2.4189e+06
2.4177e+06
2.421e+06
2.4268e+06
2.4329e+06
2.4376e+06
2.4408e+06
2.4433e+06
2.4468e+06
2.4527e+06
2.4611e+06
2.4708e+06
2.4793e+06
2.4836e+06
2.4817e+06
2.4728e+06
2.458e+06
2.4398e+06
2.4211e+06
2.4044e+06
2.3911e+06
2.3809e+06
2.3729e+06
2.366e+06
2.3594e+06
2.3535e+06
2.3498e+06
2.35e+06
2.3554e+06
2.3664e+06
2.3812e+06
2.3968e+06
2.4095e+06
2.4162e+06
2.4151e+06
2.4067e+06
2.3933e+06
2.378e+06
2.3642e+06
2.3537e+06
2.3469e+06
2.3427e+06
2.3394e+06
2.3357e+06
2.3311e+06
2.3267e+06
2.3245e+06
2.3268e+06
2.3351e+06
2.3493e+06
2.3676e+06
2.3863e+06
2.4017e+06
2.4102e+06
2.4106e+06
2.4034e+06
2.3913e+06
2.3782e+06
2.3675e+06
2.3614e+06
2.3602e+06
2.3625e+06
2.366e+06
2.3687e+06
2.3698e+06
2.3696e+06
2.3699e+06
2.3729e+06
2.3804e+06
2.3932e+06
2.4102e+06
2.4289e+06
2.4459e+06
2.4584e+06
2.4644e+06
2.4641e+06
2.4589e+06
2.4515e+06
2.4445e+06
2.4396e+06
2.4372e+06
2.4364e+06
2.4358e+06
2.4342e+06
2.4314e+06
2.4282e+06
2.4265e+06
2.4281e+06
2.4346e+06
2.4462e+06
2.4615e+06
2.4777e+06
2.4913e+06
2.4994e+06
2.5002e+06
2.494e+06
2.4825e+06
2.4687e+06
2.4555e+06
2.4449e+06
2.4376e+06
2.4328e+06
2.4292e+06
2.4252e+06
2.4202e+06
2.4146e+06
2.41e+06
2.408e+06
2.4104e+06
2.4176e+06
2.4288e+06
2.4413e+06
2.452e+06
2.4577e+06
2.4561e+06
2.447e+06
2.4319e+06
2.4137e+06
2.396e+06
2.3815e+06
2.3722e+06
2.3679e+06
2.3675e+06
2.3691e+06
2.3708e+06
2.3716e+06
2.3714e+06
2.3711e+06
2.3721e+06
2.3756e+06
2.3822e+06
2.3911e+06
2.4007e+06
2.4087e+06
2.4127e+06
2.4117e+06
2.4055e+06
2.3955e+06
2.3841e+06
2.3736e+06
2.3662e+06
2.363e+06
2.3639e+06
2.368e+06
2.3742e+06
2.3811e+06
2.3881e+06
2.395e+06
2.4021e+06
2.4098e+06
2.4178e+06
2.4255e+06
2.4311e+06
2.4328e+06
2.4292e+06
2.4197e+06
2.405e+06
2.3873e+06
2.3695e+06
2.3545e+06
2.3448e+06
2.3412e+06
2.343e+06
2.3484e+06
2.3547e+06
2.359e+06
2.3597e+06
2.356e+06
2.3486e+06
2.3389e+06
2.3288e+06
2.3195e+06
2.3111e+06
2.3029e+06
2.2932e+06
2.2806e+06
2.2642e+06
2.2445e+06
2.2231e+06
2.2027e+06
2.186e+06
2.1751e+06
2.171e+06
2.1731e+06
2.1792e+06
2.1862e+06
2.1911e+06
2.1912e+06
2.1855e+06
2.1743e+06
2.1593e+06
2.1429e+06
2.1276e+06
2.115e+06
2.1058e+06
2.0998e+06
2.0959e+06
2.0928e+06
2.0898e+06
2.0864e+06
2.0828e+06
2.0795e+06
2.077e+06
2.0754e+06
2.0743e+06
2.0726e+06
2.0688e+06
2.0616e+06
2.0504e+06
2.0356e+06
2.0186e+06
2.0014e+06
1.9866e+06
1.9759e+06
1.9704e+06
1.9699e+06
1.973e+06
1.9775e+06
1.9812e+06
1.982e+06
1.9789e+06
1.9717e+06
1.9611e+06
1.9483e+06
1.9346e+06
1.9207e+06
1.9066e+06
1.8922e+06
1.8767e+06
1.8601e+06
1.8429e+06
1.8262e+06
1.8119e+06
1.802e+06
1.798e+06
1.8006e+06
1.8091e+06
1.8217e+06
1.8352e+06
1.8465e+06
1.8528e+06
1.8523e+06
1.8451e+06
1.8324e+06
1.817e+06
1.8021e+06
1.7905e+06
1.7844e+06
1.7843e+06
1.7895e+06
1.7985e+06
1.8089e+06
1.8186e+06
1.8261e+06
1.8308e+06
1.8329e+06
1.8331e+06
1.8326e+06
1.832e+06
1.8316e+06
1.8308e+06
1.829e+06
1.8257e+06
1.821e+06
1.8154e+06
1.8104e+06
1.8074e+06
1.8078e+06
1.8124e+06
1.8209e+06
1.8319e+06
1.843e+06
1.8517e+06
1.8556e+06
1.8532e+06
1.8445e+06
1.8307e+06
1.8142e+06
1.798e+06
1.7848e+06
1.7764e+06
1.7735e+06
1.7754e+06
1.7804e+06
1.7863e+06
1.7912e+06
1.7934e+06
1.7926e+06
1.7892e+06
1.7843e+06
1.7794e+06
1.7756e+06
1.7734e+06
1.7723e+06
1.7714e+06
1.7695e+06
1.7657e+06
1.76e+06
1.7528e+06
1.7452e+06
1.7389e+06
1.7351e+06
1.7346e+06
1.7373e+06
1.7421e+06
1.7468e+06
1.7493e+06
1.7472e+06
1.7396e+06
1.7264e+06
1.7092e+06
1.6905e+06
1.6733e+06
1.6604e+06
1.6537e+06
1.6535e+06
1.6589e+06
1.6675e+06
1.6765e+06
1.683e+06
1.6848e+06
1.6811e+06
1.6725e+06
1.6609e+06
1.6488e+06
1.6392e+06
1.6342e+06
1.6349e+06
1.6411e+06
1.6516e+06
1.6646e+06
1.6781e+06
1.6902e+06
1.6998e+06
1.7066e+06
1.7109e+06
1.7136e+06
1.7157e+06
1.7182e+06
1.7211e+06
1.724e+06
1.7262e+06
1.7269e+06
1.7255e+06
1.7223e+06
1.7181e+06
1.7141e+06
1.7116e+06
1.7118e+06
1.7152e+06
1.7215e+06
1.7295e+06
1.7375e+06
1.7433e+06
1.7453e+06
1.7425e+06
1.7351e+06
1.7243e+06
1.712e+06
1.7005e+06
1.692e+06
1.6878e+06
1.6882e+06
1.6923e+06
1.6984e+06
1.7044e+06
1.7083e+06
1.7084e+06
1.7043e+06
1.6966e+06
1.6869e+06
1.6772e+06
1.6696e+06
1.6658e+06
1.6664e+06
1.6713e+06
1.6792e+06
1.6884e+06
1.697e+06
1.7032e+06
1.706e+06
1.7053e+06
1.7017e+06
1.6966e+06
1.6915e+06
1.6879e+06
1.6868e+06
1.6881e+06
1.6915e+06
1.696e+06
1.7007e+06
1.7046e+06
1.7071e+06
1.7083e+06
1.7083e+06
1.7081e+06
1.7082e+06
1.7096e+06
1.7124e+06
1.7165e+06
1.721e+06
1.7253e+06
1.7286e+06
1.7303e+06
1.7305e+06
1.7298e+06
1.7288e+06
1.7283e+06
1.7291e+06
1.7314e+06
1.735e+06
1.7394e+06
1.7432e+06
1.7453e+06
1.7446e+06
1.7408e+06
1.7342e+06
1.7259e+06
1.7175e+06
1.7107e+06
1.7069e+06
1.707e+06
1.7108e+06
1.7174e+06
1.7252e+06
1.7322e+06
1.7365e+06
1.7371e+06
1.7334e+06
1.7263e+06
1.7173e+06
1.7087e+06
1.7027e+06
1.7011e+06
1.7047e+06
1.7133e+06
1.7255e+06
1.7392e+06
1.7517e+06
1.7605e+06
1.7642e+06
1.7622e+06
1.7553e+06
1.7455e+06
1.7353e+06
1.7275e+06
1.7244e+06
1.7272e+06
1.7358e+06
1.7488e+06
1.7639e+06
1.7782e+06
1.7888e+06
1.7936e+06
1.7918e+06
1.7837e+06
1.7711e+06
1.7567e+06
1.7436e+06
1.7344e+06
1.7309e+06
1.7338e+06
1.7423e+06
1.7546e+06
1.7682e+06
1.7803e+06
1.7887e+06
1.7917e+06
1.789e+06
1.7815e+06
1.7712e+06
1.7606e+06
1.752e+06
1.7474e+06
1.7478e+06
1.7527e+06
1.7612e+06
1.7713e+06
1.7808e+06
1.7877e+06
1.7905e+06
1.7889e+06
1.7834e+06
1.7756e+06
1.7677e+06
1.7621e+06
1.7607e+06
1.7643e+06
1.7731e+06
1.786e+06
1.8012e+06
1.8163e+06
1.829e+06
1.8375e+06
1.8407e+06
1.8384e+06
1.8317e+06
1.8221e+06
1.812e+06
1.8036e+06
1.7983e+06
1.7971e+06
1.7999e+06
1.8057e+06
1.8131e+06
1.8201e+06
1.825e+06
1.8264e+06
1.8237e+06
1.8172e+06
1.8079e+06
1.7973e+06
1.7873e+06
1.7794e+06
1.7748e+06
1.774e+06
1.7766e+06
1.7819e+06
1.7885e+06
1.7951e+06
1.8003e+06
1.8035e+06
1.8046e+06
1.8041e+06
1.8031e+06
1.803e+06
1.8049e+06
1.8095e+06
1.817e+06
1.8268e+06
1.8376e+06
1.8481e+06
1.8565e+06
1.8615e+06
1.8622e+06
1.8586e+06
1.8513e+06
1.8418e+06
1.8319e+06
1.8235e+06
1.8179e+06
1.8161e+06
1.8183e+06
1.8238e+06
1.8311e+06
1.8388e+06
1.845e+06
1.8485e+06
1.8487e+06
1.8458e+06
1.8411e+06
1.8361e+06
1.8327e+06
1.8325e+06
1.8365e+06
1.8447e+06
1.8565e+06
1.8703e+06
1.884e+06
1.8954e+06
1.9027e+06
1.905e+06
1.9021e+06
1.8951e+06
1.8859e+06
1.8768e+06
1.87e+06
1.8673e+06
1.8696e+06
1.8764e+06
1.8866e+06
1.8979e+06
1.9081e+06
1.9147e+06
1.9165e+06
1.9129e+06
1.9048e+06
1.8941e+06
1.8831e+06
1.8747e+06
1.8709e+06
1.873e+06
1.881e+06
1.8937e+06
1.9087e+06
1.9234e+06
1.9349e+06
1.9412e+06
1.9412e+06
1.9352e+06
1.9247e+06
1.9123e+06
1.9007e+06
1.8926e+06
1.8898e+06
1.8931e+06
1.9017e+06
1.914e+06
1.9272e+06
1.9388e+06
1.9462e+06
1.948e+06
1.944e+06
1.935e+06
1.9229e+06
1.9103e+06
1.8994e+06
1.8925e+06
1.8906e+06
1.8939e+06
1.9017e+06
1.9125e+06
1.9242e+06
1.9349e+06
1.9433e+06
1.9487e+06
1.9512e+06
1.9517e+06
1.9514e+06
1.9515e+06
1.9528e+06
1.9557e+06
1.96e+06
1.9651e+06
1.9703e+06
1.975e+06
1.9785e+06
1.9806e+06
1.9813e+06
1.9811e+06
1.9803e+06
1.9796e+06
1.979e+06
1.9787e+06
1.9784e+06
1.9778e+06
1.9768e+06
1.9753e+06
1.9736e+06
1.9723e+06
1.972e+06
1.973e+06
1.9758e+06
1.98e+06
1.9851e+06
1.99e+06
1.9933e+06
1.9939e+06
1.991e+06
1.9847e+06
1.9759e+06
1.966e+06
1.9571e+06
1.951e+06
1.9492e+06
1.9524e+06
1.9601e+06
1.971e+06
1.983e+06
1.9936e+06
2.0008e+06
2.0032e+06
2.0003e+06
1.9931e+06
1.9832e+06
1.9729e+06
1.9646e+06
1.9601e+06
1.9604e+06
1.9652e+06
1.9736e+06
1.9836e+06
1.9932e+06
2.0007e+06
2.005e+06
2.0058e+06
2.0038e+06
2.0006e+06
1.9976e+06
1.9964e+06
1.9979e+06
2.0023e+06
2.0093e+06
2.0178e+06
2.0266e+06
2.0348e+06
2.0415e+06
2.0463e+06
2.0495e+06
2.0514e+06
2.0525e+06
2.0533e+06
2.0537e+06
2.0533e+06
2.0519e+06
2.0489e+06
2.0446e+06
2.0395e+06
2.0346e+06
2.0313e+06
2.0309e+06
2.0343e+06
2.0416e+06
2.0521e+06
2.0642e+06
2.0758e+06
2.0845e+06
2.0885e+06
2.0868e+06
2.0798e+06
2.0689e+06
2.0565e+06
2.0454e+06
2.038e+06
2.0359e+06
2.0394e+06
2.0475e+06
2.0584e+06
2.0694e+06
2.0781e+06
2.0826e+06
2.0823e+06
2.0777e+06
2.0702e+06
2.0619e+06
2.0549e+06
2.0509e+06
2.0507e+06
2.054e+06
2.0601e+06
2.0677e+06
2.0758e+06
2.0834e+06
2.0903e+06
2.0967e+06
2.1029e+06
2.1096e+06
2.1166e+06
2.1234e+06
2.1288e+06
2.1313e+06
2.1298e+06
2.1236e+06
2.1135e+06
2.1011e+06
2.0888e+06
2.0793e+06
2.0749e+06
2.0769e+06
2.0852e+06
2.0984e+06
2.1139e+06
2.1286e+06
2.1397e+06
2.1454e+06
2.1452e+06
2.1402e+06
2.1328e+06
2.1257e+06
2.1217e+06
2.1226e+06
2.1285e+06
2.1386e+06
2.1509e+06
2.1629e+06
2.1726e+06
2.1787e+06
2.1808e+06
2.1798e+06
2.1772e+06
2.1746e+06
2.1732e+06
2.1734e+06
2.1746e+06
2.1756e+06
2.1752e+06
2.1724e+06
2.1673e+06
2.161e+06
2.1553e+06
2.1521e+06
2.1535e+06
2.1601e+06
2.1716e+06
2.186e+06
2.2006e+06
2.2121e+06
2.218e+06
2.2169e+06
2.209e+06
2.1961e+06
2.181e+06
2.1667e+06
2.1559e+06
2.1502e+06
2.1498e+06
2.1537e+06
2.1601e+06
2.1672e+06
2.1734e+06
2.1781e+06
2.1814e+06
2.1841e+06
2.1873e+06
2.1915e+06
2.1967e+06
2.2019e+06
2.2057e+06
2.2065e+06
2.2036e+06
2.1973e+06
2.1889e+06
2.1808e+06
2.1755e+06
2.1751e+06
2.1806e+06
2.1916e+06
2.2063e+06
2.2216e+06
2.2347e+06
2.2431e+06
2.2455e+06
2.2425e+06
2.2356e+06
2.2273e+06
2.2203e+06
2.2161e+06
2.2153e+06
2.2171e+06
2.2201e+06
2.2225e+06
2.2231e+06
2.2218e+06
2.2191e+06
2.2165e+06
2.216e+06
2.2187e+06
2.225e+06
2.2341e+06
2.2436e+06
2.2511e+06
2.2541e+06
2.2514e+06
2.2432e+06
2.2314e+06
2.2189e+06
2.2088e+06
2.2038e+06
2.205e+06
2.2125e+06
2.2245e+06
2.2388e+06
2.2529e+06
2.2651e+06
2.2744e+06
2.2813e+06
2.2866e+06
2.2913e+06
2.2959e+06
2.3001e+06
2.3026e+06
2.302e+06
2.297e+06
2.2876e+06
2.2749e+06
2.2613e+06
2.2497e+06
2.243e+06
2.243e+06
2.2502e+06
2.2629e+06
2.2785e+06
2.2936e+06
2.3051e+06
2.3112e+06
2.3115e+06
2.3073e+06
2.3008e+06
2.2941e+06
2.2891e+06
2.286e+06
2.2842e+06
2.2825e+06
2.2795e+06
2.2749e+06
2.2693e+06
2.2644e+06
2.2624e+06
2.2651e+06
2.2737e+06
2.2875e+06
2.3047e+06
2.322e+06
2.3361e+06
2.3446e+06
2.3464e+06
2.342e+06
2.3337e+06
2.3241e+06
2.3159e+06
2.3103e+06
2.3073e+06
2.3058e+06
2.3039e+06
2.3003e+06
2.2945e+06
2.2875e+06
2.281e+06
2.2773e+06
2.2784e+06
2.2848e+06
2.2954e+06
2.3079e+06
2.319e+06
2.3258e+06
2.3266e+06
2.3215e+06
2.3124e+06
2.3024e+06
2.2947e+06
2.2916e+06
2.2938e+06
2.3005e+06
2.3093e+06
2.3179e+06
2.3245e+06
2.3283e+06
2.33e+06
2.3314e+06
2.3345e+06
2.3404e+06
2.3491e+06
2.359e+06
2.3675e+06
2.3716e+06
2.3696e+06
2.3609e+06
2.3472e+06
2.3309e+06
2.3154e+06
2.303e+06
2.2951e+06
2.2914e+06
2.2902e+06
2.2897e+06
2.2885e+06
2.2861e+06
2.2835e+06
2.2822e+06
2.284e+06
2.2898e+06
2.2988e+06
2.3091e+06
2.3174e+06
2.3209e+06
2.3178e+06
2.308e+06
2.2935e+06
2.2775e+06
2.2633e+06
2.2535e+06
2.2489e+06
2.2485e+06
2.2501e+06
2.2513e+06
2.2503e+06
2.247e+06
2.2425e+06
2.2393e+06
2.2399e+06
2.2457e+06
2.2563e+06
2.2694e+06
2.2817e+06
2.2895e+06
2.2905e+06
2.2843e+06
2.2729e+06
2.2593e+06
2.2472e+06
2.2389e+06
2.2352e+06
2.235e+06
2.2358e+06
2.2353e+06
2.2322e+06
2.2268e+06
2.2208e+06
2.2171e+06
2.2183e+06
2.2254e+06
2.2374e+06
2.2514e+06
2.2631e+06
2.2689e+06
2.2664e+06
2.2559e+06
2.2396e+06
2.2216e+06
2.2057e+06
2.1948e+06
2.1895e+06
2.1883e+06
2.1886e+06
2.1878e+06
2.1845e+06
2.1789e+06
2.1726e+06
2.1681e+06
2.1678e+06
2.1724e+06
2.1813e+06
2.192e+06
2.2014e+06
2.2068e+06
2.2068e+06
2.2018e+06
2.1933e+06
2.1838e+06
2.175e+06
2.1674e+06
2.1604e+06
2.1522e+06
2.1415e+06
2.1279e+06
2.1123e+06
2.0971e+06
2.085e+06
2.0783e+06
2.078e+06
2.0833e+06
2.0919e+06
2.1008e+06
2.1075e+06
2.1107e+06
2.1108e+06
2.1095e+06
2.109e+06
2.1106e+06
2.1144e+06
2.1189e+06
2.1216e+06
2.12e+06
2.1131e+06
2.1013e+06
2.087e+06
2.073e+06
2.0623e+06
2.0562e+06
2.0546e+06
2.0556e+06
2.057e+06
2.0568e+06
2.0545e+06
2.0508e+06
2.0478e+06
2.0477e+06
2.0519e+06
2.06e+06
2.07e+06
2.079e+06
2.0837e+06
2.0825e+06
2.0753e+06
2.0639e+06
2.0507e+06
2.0383e+06
2.0278e+06
2.0192e+06
2.011e+06
2.0017e+06
1.9907e+06
1.9786e+06
1.9673e+06
1.9594e+06
1.957e+06
1.961e+06
1.9699e+06
1.9812e+06
1.9914e+06
1.998e+06
1.9999e+06
1.9979e+06
1.9945e+06
1.9923e+06
1.9929e+06
1.9962e+06
1.9998e+06
2.0006e+06
1.9956e+06
1.9838e+06
1.966e+06
1.9454e+06
1.9256e+06
1.9101e+06
1.9003e+06
1.8957e+06
1.894e+06
1.8926e+06
1.8895e+06
1.8842e+06
1.878e+06
1.873e+06
1.8717e+06
1.8752e+06
1.8828e+06
1.8921e+06
1.9001e+06
1.9042e+06
1.9032e+06
1.8976e+06
1.8893e+06
1.8805e+06
1.8725e+06
1.8653e+06
1.8577e+06
1.8481e+06
1.8353e+06
1.8198e+06
1.8034e+06
1.7887e+06
1.7784e+06
1.7739e+06
1.7749e+06
1.7796e+06
1.7853e+06
1.7899e+06
1.7924e+06
1.7935e+06
1.795e+06
1.7987e+06
1.8054e+06
1.8143e+06
1.8231e+06
1.8284e+06
1.828e+06
1.8211e+06
1.8087e+06
1.7936e+06
1.7786e+06
1.7657e+06
1.755e+06
1.7452e+06
1.7342e+06
1.7206e+06
1.7045e+06
1.6875e+06
1.6724e+06
1.6616e+06
1.6566e+06
1.6568e+06
1.6602e+06
1.6638e+06
1.6655e+06
1.6646e+06
1.6623e+06
1.6609e+06
1.6626e+06
1.6685e+06
1.6774e+06
1.6863e+06
1.6916e+06
1.6907e+06
1.6832e+06
1.6706e+06
1.6563e+06
1.6435e+06
1.6342e+06
1.6279e+06
1.6223e+06
1.6146e+06
1.603e+06
1.5875e+06
1.5706e+06
1.5559e+06
1.5469e+06
1.5454e+06
1.5505e+06
1.5594e+06
1.5683e+06
1.5741e+06
1.5758e+06
1.5747e+06
1.5733e+06
1.5746e+06
1.5798e+06
1.5879e+06
1.596e+06
1.6004e+06
1.5986e+06
1.5902e+06
1.5773e+06
1.5633e+06
1.5514e+06
1.543e+06
1.5373e+06
1.5317e+06
1.5234e+06
1.5111e+06
1.4955e+06
1.4794e+06
1.4665e+06
1.4596e+06
1.4596e+06
1.4646e+06
1.4713e+06
1.4762e+06
1.4773e+06
1.4747e+06
1.4711e+06
1.4698e+06
1.4735e+06
1.4825e+06
1.4946e+06
1.5057e+06
1.5119e+06
1.5109e+06
1.5032e+06
1.4915e+06
1.4796e+06
1.4704e+06
1.4648e+06
1.4611e+06
1.4562e+06
1.4476e+06
1.4341e+06
1.417e+06
1.3991e+06
1.3837e+06
1.373e+06
1.3675e+06
1.3657e+06
1.3653e+06
1.3644e+06
1.3625e+06
1.3603e+06
1.3598e+06
1.3628e+06
1.3699e+06
1.3802e+06
1.3915e+06
1.4013e+06
1.4079e+06
1.411e+06
1.412e+06
1.4124e+06
1.4135e+06
1.4154e+06
1.4166e+06
1.4154e+06
1.4103e+06
1.401e+06
1.3886e+06
1.3751e+06
1.3621e+06
1.3507e+06
1.3404e+06
1.3302e+06
1.3194e+06
1.3077e+06
1.2961e+06
1.2863e+06
1.2798e+06
1.2772e+06
1.278e+06
1.2808e+06
1.2839e+06
1.2864e+06
1.2886e+06
1.2915e+06
1.2963e+06
1.3038e+06
1.3132e+06
1.3226e+06
1.3299e+06
1.3337e+06
1.3338e+06
1.3316e+06
1.3293e+06
1.3284e+06
1.329e+06
1.3295e+06
1.3277e+06
1.3218e+06
1.3113e+06
1.2978e+06
1.2839e+06
1.2721e+06
1.2636e+06
1.2578e+06
1.2523e+06
1.2449e+06
1.2342e+06
1.2209e+06
1.2074e+06
1.1967e+06
1.1914e+06
1.192e+06
1.197e+06
1.2035e+06
1.209e+06
1.212e+06
1.2132e+06
1.2144e+06
1.2177e+06
1.2239e+06
1.232e+06
1.2397e+06
1.2442e+06
1.2443e+06
1.2403e+06
1.2347e+06
1.2299e+06
1.2278e+06
1.2281e+06
1.2286e+06
1.2265e+06
1.2198e+06
1.2084e+06
1.1943e+06
1.1803e+06
1.169e+06
1.1612e+06
1.1558e+06
1.1506e+06
1.1439e+06
1.1352e+06
1.1256e+06
1.1176e+06
1.1134e+06
1.1139e+06
1.1181e+06
1.1238e+06
1.1285e+06
1.131e+06
1.1319e+06
1.1333e+06
1.1376e+06
1.146e+06
1.1578e+06
1.1704e+06
1.1805e+06
1.1858e+06
1.186e+06
1.1829e+06
1.1792e+06
1.1774e+06
1.1779e+06
1.1792e+06
1.179e+06
1.175e+06
1.1667e+06
1.1554e+06
1.1434e+06
1.1331e+06
1.1254e+06
1.1193e+06
1.1131e+06
1.1053e+06
1.0953e+06
1.0841e+06
1.0734e+06
1.065e+06
1.0596e+06
1.0565e+06
1.0544e+06
1.052e+06
1.0488e+06
1.0456e+06
1.044e+06
1.0452e+06
1.0497e+06
1.0567e+06
1.0645e+06
1.0717e+06
1.0778e+06
1.0832e+06
1.0891e+06
1.0963e+06
1.1046e+06
1.1129e+06
1.1192e+06
1.1224e+06
1.1227e+06
1.1214e+06
1.1204e+06
1.1208e+06
1.1224e+06
1.1233e+06
1.1216e+06
1.1158e+06
1.1064e+06
1.0955e+06
1.0855e+06
1.078e+06
1.0727e+06
1.0678e+06
1.0609e+06
1.0505e+06
1.0372e+06
1.0232e+06
1.0114e+06
1.004e+06
1.0011e+06
1.0008e+06
1.0004e+06
9.9796e+05
9.9349e+05
9.8893e+05
9.8724e+05
9.9073e+05
9.996e+05
1.0117e+06
1.0234e+06
1.0318e+06
1.0357e+06
1.0363e+06
1.0367e+06
1.0398e+06
1.0471e+06
1.0575e+06
1.0684e+06
1.0766e+06
1.0808e+06
1.0815e+06
1.081e+06
1.0815e+06
1.084e+06
1.0877e+06
1.0904e+06
1.09e+06
1.0858e+06
1.0785e+06
1.0702e+06
1.0624e+06
1.056e+06
1.05e+06
1.0429e+06
1.0335e+06
1.0219e+06
1.0093e+06
9.975e+05
9.8794e+05
9.8089e+05
9.7552e+05
9.7062e+05
9.654e+05
9.6005e+05
9.5551e+05
9.5283e+05
9.5243e+05
9.5385e+05
9.5605e+05
9.5816e+05
9.6009e+05
9.6261e+05
9.6687e+05
9.7349e+05
9.8205e+05
9.9114e+05
9.9916e+05
1.0053e+06
1.0102e+06
1.0156e+06
1.0233e+06
1.0337e+06
1.0457e+06
1.0567e+06
1.064e+06
1.0667e+06
1.0658e+06
1.064e+06
1.0641e+06
1.0673e+06
1.0724e+06
1.0767e+06
1.0774e+06
1.0736e+06
1.0663e+06
1.0583e+06
1.0522e+06
1.0488e+06
1.0467e+06
1.0433e+06
1.0362e+06
1.0252e+06
1.0119e+06
9.992e+05
9.8942e+05
9.8295e+05
9.7814e+05
9.7243e+05
9.64e+05
9.5287e+05
9.4097e+05
9.3108e+05
9.2526e+05
9.2373e+05
9.2487e+05
9.2629e+05
9.2628e+05
9.247e+05
9.2289e+05
9.228e+05
9.2574e+05
9.3161e+05
9.3905e+05
9.4628e+05
9.5222e+05
9.5699e+05
9.6169e+05
9.6763e+05
9.7548e+05
9.8491e+05
9.9503e+05
1.005e+06
1.0148e+06
1.0247e+06
1.0352e+06
1.0461e+06
1.0564e+06
1.0646e+06
1.0702e+06
1.0734e+06
1.0758e+06
1.079e+06
1.0835e+06
1.0886e+06
1.0924e+06
1.0932e+06
1.0909e+06
1.0866e+06
1.0826e+06
1.0807e+06
1.0807e+06
1.0808e+06
1.0785e+06
1.0722e+06
1.0624e+06
1.0514e+06
1.0418e+06
1.0351e+06
1.0305e+06
1.0255e+06
1.0177e+06
1.0063e+06
9.9274e+05
9.7985e+05
9.7033e+05
9.6495e+05
9.621e+05
9.5884e+05
9.5277e+05
9.4346e+05
9.3267e+05
9.2332e+05
9.1773e+05
9.1625e+05
9.1717e+05
9.1795e+05
9.1688e+05
9.1408e+05
9.1144e+05
9.1138e+05
9.1529e+05
9.2269e+05
9.315e+05
9.3935e+05
9.4495e+05
9.4868e+05
9.5225e+05
9.575e+05
9.6533e+05
9.7529e+05
9.8603e+05
9.9635e+05
1.0059e+06
1.015e+06
1.0243e+06
1.0339e+06
1.0433e+06
1.0516e+06
1.0587e+06
1.0652e+06
1.0724e+06
1.081e+06
1.0908e+06
1.1004e+06
1.108e+06
1.1131e+06
1.1164e+06
1.12e+06
1.126e+06
1.1343e+06
1.1432e+06
1.1496e+06
1.1512e+06
1.1481e+06
1.1426e+06
1.1382e+06
1.1375e+06
1.1402e+06
1.1437e+06
1.1448e+06
1.1418e+06
1.1353e+06
1.128e+06
1.1227e+06
1.1203e+06
1.1192e+06
1.1163e+06
1.1092e+06
1.0979e+06
1.0847e+06
1.0729e+06
1.0648e+06
1.0604e+06
1.0571e+06
1.0521e+06
1.0438e+06
1.0327e+06
1.0211e+06
1.0114e+06
1.0046e+06
9.995e+05
9.941e+05
9.8663e+05
9.7691e+05
9.6633e+05
9.5698e+05
9.5043e+05
9.468e+05
9.4493e+05
9.4319e+05
9.404e+05
9.3629e+05
9.3131e+05
9.2625e+05
9.2182e+05
9.1867e+05
9.1743e+05
9.187e+05
9.2269e+05
9.2882e+05
9.3561e+05
9.4119e+05
9.4427e+05
9.4494e+05
9.4482e+05
9.4627e+05
9.5098e+05
9.589e+05
9.6824e+05
9.7669e+05
9.8301e+05
9.8797e+05
9.9398e+05
1.0035e+06
1.017e+06
1.0326e+06
1.0469e+06
1.057e+06
1.0625e+06
1.0658e+06
1.0708e+06
1.0808e+06
1.096e+06
1.1134e+06
1.1289e+06
1.1397e+06
1.1455e+06
1.1489e+06
1.1532e+06
1.1609e+06
1.1719e+06
1.1842e+06
1.195e+06
1.2032e+06
1.2091e+06
1.2146e+06
1.2214e+06
1.2304e+06
1.2409e+06
1.2517e+06
1.2617e+06
1.2701e+06
1.2767e+06
1.2815e+06
1.2846e+06
1.2866e+06
1.2885e+06
1.2917e+06
1.297e+06
1.304e+06
1.311e+06
1.3157e+06
1.3167e+06
1.3145e+06
1.3112e+06
1.3096e+06
1.3111e+06
1.3152e+06
1.3198e+06
1.3226e+06
1.3226e+06
1.3209e+06
1.3194e+06
1.3196e+06
1.3211e+06
1.3222e+06
1.321e+06
1.3169e+06
1.3114e+06
1.3068e+06
1.305e+06
1.306e+06
1.308e+06
1.3081e+06
1.305e+06
1.2987e+06
1.2912e+06
1.2847e+06
1.2802e+06
1.2773e+06
1.2747e+06
1.2709e+06
1.2651e+06
1.2578e+06
1.2499e+06
1.2425e+06
1.2363e+06
1.2315e+06
1.2281e+06
1.2252e+06
1.2217e+06
1.216e+06
1.2076e+06
1.1968e+06
1.1853e+06
1.1754e+06
1.1687e+06
1.1648e+06
1.1618e+06
1.1569e+06
1.1484e+06
1.1373e+06
1.1258e+06
1.1167e+06
1.1109e+06
1.1069e+06
1.1019e+06
1.0937e+06
1.0824e+06
1.0704e+06
1.0607e+06
1.0547e+06
1.0513e+06
1.0471e+06
1.0391e+06
1.0265e+06
1.0112e+06
9.9677e+05
9.8616e+05
9.7997e+05
9.763e+05
9.722e+05
9.656e+05
9.5636e+05
9.4598e+05
9.364e+05
9.287e+05
9.2264e+05
9.1699e+05
9.1039e+05
9.0203e+05
8.9183e+05
8.8034e+05
8.6852e+05
8.5755e+05
8.4849e+05
8.418e+05
8.3688e+05
8.321e+05
8.2559e+05
8.1635e+05
8.0507e+05
7.9394e+05
7.8537e+05
7.8024e+05
7.7708e+05
7.7289e+05
7.6506e+05
7.5323e+05
7.3966e+05
7.2786e+05
7.2019e+05
7.1615e+05
7.1269e+05
7.0648e+05
6.9629e+05
6.8389e+05
6.7296e+05
6.665e+05
6.6463e+05
6.6448e+05
6.6223e+05
6.5568e+05
6.4547e+05
6.3442e+05
6.2548e+05
6.1981e+05
6.1616e+05
6.1219e+05
