1.4093e+06
1.4192e+06
1.4209e+06
1.4255e+06
1.4414e+06
1.4687e+06
1.4989e+06
1.5221e+06
1.5341e+06
1.539e+06
1.546e+06
1.5626e+06
1.5893e+06
1.6192e+06
1.6441e+06
1.6599e+06
1.6693e+06
1.6786e+06
1.6929e+06
1.7124e+06
1.733e+06
1.7505e+06
1.7646e+06
1.7793e+06
1.7993e+06
1.826e+06
1.8557e+06
1.8824e+06
1.9021e+06
1.9162e+06
1.9302e+06
1.9494e+06
1.975e+06
2.0028e+06
2.0269e+06
2.0439e+06
2.0559e+06
2.0687e+06
2.0874e+06
2.1125e+06
2.1399e+06
2.1645e+06
2.1836e+06
2.1996e+06
2.2171e+06
2.2392e+06
2.2649e+06
2.2899e+06
2.3107e+06
2.3275e+06
2.3449e+06
2.3683e+06
2.3993e+06
2.4338e+06
2.4649e+06
2.4875e+06
2.5023e+06
2.5154e+06
2.5341e+06
2.5617e+06
2.5949e+06
2.6265e+06
2.6507e+06
2.6667e+06
2.6796e+06
2.6962e+06
2.72e+06
2.7492e+06
2.7784e+06
2.803e+06
2.8224e+06
2.8403e+06
2.861e+06
2.886e+06
2.9124e+06
2.9353e+06
2.9518e+06
2.9634e+06
2.9752e+06
2.9921e+06
3.0159e+06
3.0435e+06
3.0698e+06
3.0913e+06
3.1079e+06
3.1224e+06
3.1378e+06
3.1544e+06
3.1704e+06
3.1833e+06
3.1936e+06
3.2044e+06
3.2198e+06
3.2417e+06
3.2678e+06
3.2931e+06
3.3126e+06
3.3251e+06
3.3333e+06
3.3415e+06
3.3523e+06
3.3648e+06
3.3754e+06
3.3816e+06
3.384e+06
3.3865e+06
3.3936e+06
3.4068e+06
3.4233e+06
3.4375e+06
3.4451e+06
3.4456e+06
3.4425e+06
3.4404e+06
3.442e+06
3.446e+06
3.4489e+06
3.4476e+06
3.4423e+06
3.4359e+06
3.4316e+06
3.4301e+06
3.429e+06
3.4248e+06
3.4162e+06
3.4052e+06
3.3964e+06
3.3936e+06
3.3961e+06
3.3994e+06
3.397e+06
3.3852e+06
3.3652e+06
3.3423e+06
3.3226e+06
3.309e+06
3.3003e+06
3.2926e+06
3.2827e+06
3.27e+06
3.2566e+06
3.2443e+06
3.2328e+06
3.219e+06
3.1999e+06
3.1749e+06
3.1471e+06
3.1218e+06
3.1028e+06
3.0893e+06
3.0762e+06
3.0574e+06
3.0299e+06
2.9962e+06
2.963e+06
2.9373e+06
2.9218e+06
2.9137e+06
2.9064e+06
2.8942e+06
2.8759e+06
2.8543e+06
2.8343e+06
2.8189e+06
2.8072e+06
2.7957e+06
2.7813e+06
2.764e+06
2.7472e+06
2.7353e+06
2.7305e+06
2.7313e+06
2.7332e+06
2.7323e+06
2.728e+06
2.7231e+06
2.7219e+06
2.7268e+06
2.7361e+06
2.7454e+06
2.7512e+06
2.7536e+06
2.7572e+06
2.768e+06
2.7892e+06
2.8179e+06
2.8465e+06
2.8671e+06
2.8766e+06
2.8792e+06
2.8848e+06
2.9028e+06
2.9361e+06
2.9793e+06
3.0216e+06
3.054e+06
3.0741e+06
3.0873e+06
3.1032e+06
3.1287e+06
3.1638e+06
3.2017e+06
3.2337e+06
3.2553e+06
3.2689e+06
3.282e+06
3.3017e+06
3.3297e+06
3.3609e+06
3.3869e+06
3.4025e+06
3.409e+06
3.4136e+06
3.425e+06
3.4467e+06
3.4748e+06
3.4997e+06
3.5125e+06
3.5103e+06
3.4972e+06
3.4821e+06
3.4724e+06
3.47e+06
3.471e+06
3.4697e+06
3.4631e+06
3.4532e+06
3.4451e+06
3.4426e+06
3.4444e+06
3.444e+06
3.4336e+06
3.4093e+06
3.3742e+06
3.3369e+06
3.3069e+06
3.2886e+06
3.2793e+06
3.2708e+06
3.2554e+06
3.2301e+06
3.1989e+06
3.1693e+06
3.1477e+06
3.1357e+06
3.129e+06
3.1212e+06
3.1079e+06
3.0897e+06
3.0707e+06
3.0561e+06
3.048e+06
3.0441e+06
3.0399e+06
3.0322e+06
3.0217e+06
3.0137e+06
3.0145e+06
3.0276e+06
3.051e+06
3.078e+06
3.1013e+06
3.1171e+06
3.1276e+06
3.139e+06
3.1579e+06
3.1871e+06
3.2232e+06
3.2594e+06
3.2895e+06
3.3117e+06
3.3294e+06
3.349e+06
3.3752e+06
3.4079e+06
3.4424e+06
3.4725e+06
3.4952e+06
3.5124e+06
3.53e+06
3.5538e+06
3.585e+06
3.619e+06
3.6481e+06
3.6658e+06
3.6712e+06
3.6692e+06
3.6675e+06
3.6717e+06
3.6818e+06
3.6918e+06
3.6945e+06
3.6853e+06
3.6655e+06
3.6412e+06
3.6197e+06
3.6044e+06
3.5934e+06
3.581e+06
3.5617e+06
3.534e+06
3.5015e+06
3.4705e+06
3.4461e+06
3.4288e+06
3.4143e+06
3.3967e+06
3.3721e+06
3.3414e+06
3.3099e+06
3.2836e+06
3.266e+06
3.256e+06
3.2486e+06
3.2388e+06
3.2248e+06
3.2092e+06
3.1981e+06
3.1969e+06
3.2071e+06
3.2252e+06
3.2448e+06
3.2601e+06
3.2694e+06
3.276e+06
3.2861e+06
3.305e+06
3.3337e+06
3.3684e+06
3.4025e+06
3.4306e+06
3.4514e+06
3.4676e+06
3.4841e+06
3.5048e+06
3.5295e+06
3.5547e+06
3.5757e+06
3.5897e+06
3.5976e+06
3.6031e+06
3.6098e+06
3.6185e+06
3.6263e+06
3.6283e+06
3.6211e+06
3.6049e+06
3.5842e+06
3.5654e+06
3.5527e+06
3.5462e+06
3.541e+06
3.5307e+06
3.5107e+06
3.4812e+06
3.4465e+06
3.4129e+06
3.3853e+06
3.3645e+06
3.3477e+06
3.3306e+06
3.3105e+06
3.288e+06
3.2665e+06
3.2501e+06
3.241e+06
3.2381e+06
3.2382e+06
3.2381e+06
3.2368e+06
3.2365e+06
3.2412e+06
3.2543e+06
3.2765e+06
3.3045e+06
3.3332e+06
3.3582e+06
3.3782e+06
3.3952e+06
3.4136e+06
3.4364e+06
3.4637e+06
3.492e+06
3.5162e+06
3.5327e+06
3.5416e+06
3.5465e+06
3.5521e+06
3.5613e+06
3.5727e+06
3.5816e+06
3.5822e+06
3.5716e+06
3.5517e+06
3.5279e+06
3.507e+06
3.4926e+06
3.4834e+06
3.4738e+06
3.4576e+06
3.4313e+06
3.3967e+06
3.3595e+06
3.3269e+06
3.3031e+06
3.2876e+06
3.2756e+06
3.2608e+06
3.2394e+06
3.2124e+06
3.1846e+06
3.163e+06
3.1527e+06
3.1547e+06
3.1655e+06
3.1797e+06
3.1928e+06
3.2041e+06
3.2162e+06
3.2336e+06
3.2595e+06
3.2934e+06
3.3312e+06
3.3669e+06
3.3958e+06
3.4167e+06
3.432e+06
3.4459e+06
3.4617e+06
3.4798e+06
3.4973e+06
3.51e+06
3.515e+06
3.5123e+06
3.5049e+06
3.4965e+06
3.4898e+06
3.4843e+06
3.477e+06
3.4642e+06
3.4441e+06
3.4174e+06
3.3874e+06
3.3581e+06
3.3316e+06
3.3077e+06
3.2844e+06
3.2599e+06
3.2343e+06
3.2109e+06
3.1942e+06
3.1885e+06
3.1947e+06
3.2101e+06
3.2289e+06
3.2455e+06
3.2571e+06
3.2648e+06
3.273e+06
3.2871e+06
3.3102e+06
3.3411e+06
3.3749e+06
3.4051e+06
3.4274e+06
3.4414e+06
3.4508e+06
3.4612e+06
3.4764e+06
3.496e+06
3.5151e+06
3.5272e+06
3.5274e+06
3.5149e+06
3.4938e+06
3.4706e+06
3.4507e+06
3.4356e+06
3.4225e+06
3.406e+06
3.382e+06
3.3505e+06
3.3161e+06
3.2861e+06
3.2668e+06
3.2605e+06
3.2637e+06
3.2694e+06
3.2706e+06
3.2635e+06
3.25e+06
3.2365e+06
3.2311e+06
3.2398e+06
3.2631e+06
3.2958e+06
3.3297e+06
3.3572e+06
3.3745e+06
3.3833e+06
3.3891e+06
3.3978e+06
3.4127e+06
3.4322e+06
3.4508e+06
3.4624e+06
3.4634e+06
3.4545e+06
3.4404e+06
3.427e+06
3.4182e+06
3.4136e+06
3.4089e+06
3.3984e+06
3.378e+06
3.3474e+06
3.3105e+06
3.274e+06
3.2441e+06
3.2246e+06
3.2153e+06
3.2133e+06
3.2146e+06
3.2164e+06
3.2184e+06
3.2219e+06
3.2293e+06
3.242e+06
3.2599e+06
3.2813e+06
3.3039e+06
3.3262e+06
3.3479e+06
3.3702e+06
3.3937e+06
3.4182e+06
3.4414e+06
3.4602e+06
3.4715e+06
3.4742e+06
3.4697e+06
3.4609e+06
3.451e+06
3.4415e+06
3.4315e+06
3.4178e+06
3.3973e+06
3.3689e+06
3.3343e+06
3.2983e+06
3.2669e+06
3.2449e+06
3.2338e+06
3.2319e+06
3.2349e+06
3.2386e+06
3.2407e+06
3.2418e+06
3.2451e+06
3.2545e+06
3.2727e+06
3.2997e+06
3.3325e+06
3.3662e+06
3.3967e+06
3.4217e+06
3.4417e+06
3.4588e+06
3.4754e+06
3.4919e+06
3.5065e+06
3.5154e+06
3.515e+06
3.5037e+06
3.4828e+06
3.456e+06
3.4281e+06
3.4024e+06
3.3802e+06
3.3602e+06
3.34e+06
3.3179e+06
3.2942e+06
3.2713e+06
3.2529e+06
3.2421e+06
3.2403e+06
3.2465e+06
3.2582e+06
3.2727e+06
3.2891e+06
3.3081e+06
3.3322e+06
3.3636e+06
3.4023e+06
3.445e+06
3.4858e+06
3.5179e+06
3.5365e+06
3.5403e+06
3.5326e+06
3.5193e+06
3.5065e+06
3.4978e+06
3.4924e+06
3.4859e+06
3.4729e+06
3.4496e+06
3.4161e+06
3.377e+06
3.3391e+06
3.3096e+06
3.2925e+06
3.288e+06
3.2923e+06
3.3e+06
3.307e+06
3.3115e+06
3.3155e+06
3.323e+06
3.3385e+06
3.364e+06
3.3983e+06
3.4368e+06
3.4734e+06
3.5029e+06
3.5229e+06
3.5341e+06
3.539e+06
3.5408e+06
3.5407e+06
3.5377e+06
3.5292e+06
3.5129e+06
3.4882e+06
3.4576e+06
3.4259e+06
3.3987e+06
3.3803e+06
3.3719e+06
3.3716e+06
3.3757e+06
3.3804e+06
3.3835e+06
3.3854e+06
3.3887e+06
3.3968e+06
3.4123e+06
3.4355e+06
3.4638e+06
3.4929e+06
3.5186e+06
3.5379e+06
3.5506e+06
3.5584e+06
3.5636e+06
3.5678e+06
3.5705e+06
3.5694e+06
3.5617e+06
3.5457e+06
3.5222e+06
3.4947e+06
3.4681e+06
3.447e+06
3.434e+06
3.4286e+06
3.4282e+06
3.4293e+06
3.4293e+06
3.4284e+06
3.429e+06
3.4356e+06
3.4521e+06
3.4805e+06
3.5191e+06
3.5629e+06
3.6051e+06
3.6397e+06
3.6629e+06
3.6747e+06
3.6776e+06
3.6755e+06
3.6711e+06
3.6647e+06
3.6543e+06
3.6366e+06
3.6095e+06
3.5732e+06
3.5314e+06
3.4905e+06
3.4573e+06
3.4371e+06
3.4318e+06
3.4398e+06
3.4568e+06
3.4777e+06
3.4984e+06
3.5174e+06
3.5355e+06
3.555e+06
3.5782e+06
3.6059e+06
3.6364e+06
3.6658e+06
3.6897e+06
3.7044e+06
3.7083e+06
3.7024e+06
3.689e+06
3.6709e+06
3.6498e+06
3.6262e+06
3.5994e+06
3.5692e+06
3.5362e+06
3.5031e+06
3.4741e+06
3.4538e+06
3.4456e+06
3.4507e+06
3.4677e+06
3.493e+06
3.522e+06
3.551e+06
3.5777e+06
3.6022e+06
3.6257e+06
3.6496e+06
3.6737e+06
3.696e+06
3.7125e+06
3.7193e+06
3.7138e+06
3.6962e+06
3.6694e+06
3.6386e+06
3.6091e+06
3.5849e+06
3.5674e+06
3.5554e+06
3.5465e+06
3.5386e+06
3.5312e+06
3.5258e+06
3.5261e+06
3.5358e+06
3.5577e+06
3.5914e+06
3.6332e+06
3.6768e+06
3.7149e+06
3.7416e+06
3.754e+06
3.7526e+06
3.7412e+06
3.7247e+06
3.7073e+06
3.691e+06
3.6753e+06
3.6583e+06
3.638e+06
3.614e+06
3.588e+06
3.5638e+06
3.5458e+06
3.5378e+06
3.5413e+06
3.5554e+06
3.577e+06
3.6019e+06
3.6265e+06
3.6487e+06
3.6683e+06
3.6867e+06
3.7053e+06
3.7244e+06
3.7422e+06
3.7555e+06
3.7602e+06
3.7535e+06
3.7353e+06
3.7083e+06
3.6774e+06
3.6488e+06
3.6275e+06
3.6162e+06
3.6147e+06
3.6203e+06
3.6296e+06
3.6393e+06
3.6477e+06
3.655e+06
3.6633e+06
3.6749e+06
3.6913e+06
3.7117e+06
3.7336e+06
3.7525e+06
3.7642e+06
3.7661e+06
3.7581e+06
3.7427e+06
3.7236e+06
3.7045e+06
3.6877e+06
3.6734e+06
3.6603e+06
3.6468e+06
3.632e+06
3.6169e+06
3.6046e+06
3.5994e+06
3.6058e+06
3.6265e+06
3.6608e+06
3.7046e+06
3.7506e+06
3.7906e+06
3.8177e+06
3.8282e+06
3.8222e+06
3.8032e+06
3.7768e+06
3.7485e+06
3.7221e+06
3.6988e+06
3.678e+06
3.658e+06
3.6382e+06
3.6195e+06
3.6048e+06
3.5979e+06
3.6025e+06
3.62e+06
3.6494e+06
3.6863e+06
3.7243e+06
3.7567e+06
3.7785e+06
3.7877e+06
3.7857e+06
3.7762e+06
3.7643e+06
3.7536e+06
3.7455e+06
3.7388e+06
3.7308e+06
3.7186e+06
3.7013e+06
3.6805e+06
3.6603e+06
3.6461e+06
3.6431e+06
3.6546e+06
3.6803e+06
3.7165e+06
3.7566e+06
3.7933e+06
3.8201e+06
3.8336e+06
3.8339e+06
3.8242e+06
3.8095e+06
3.7946e+06
3.7825e+06
3.7736e+06
3.7664e+06
3.7585e+06
3.7484e+06
3.7363e+06
3.7243e+06
3.7159e+06
3.7148e+06
3.7232e+06
3.7414e+06
3.7666e+06
3.794e+06
3.8181e+06
3.8338e+06
3.8383e+06
3.8317e+06
3.8166e+06
3.7971e+06
3.777e+06
3.7588e+06
3.7427e+06
3.7271e+06
3.71e+06
3.6901e+06
3.6676e+06
3.6452e+06
3.6268e+06
3.6173e+06
3.6205e+06
3.6381e+06
3.6685e+06
3.7072e+06
3.7474e+06
3.7815e+06
3.8036e+06
3.8101e+06
3.8008e+06
3.7787e+06
3.7485e+06
3.7157e+06
3.6849e+06
3.6591e+06
3.6396e+06
3.6265e+06
3.6193e+06
3.6175e+06
3.6211e+06
3.63e+06
3.6442e+06
3.663e+06
3.6847e+06
3.7066e+06
3.7257e+06
3.7385e+06
3.7429e+06
3.738e+06
3.7247e+06
3.7053e+06
3.6828e+06
3.6601e+06
3.6393e+06
3.6216e+06
3.6072e+06
3.5961e+06
3.5882e+06
3.5838e+06
3.5838e+06
3.5891e+06
3.6007e+06
3.6183e+06
3.6399e+06
3.662e+06
3.6798e+06
3.6886e+06
3.6848e+06
3.6673e+06
3.6383e+06
3.6021e+06
3.5651e+06
3.5335e+06
3.5122e+06
3.5034e+06
3.5066e+06
3.5188e+06
3.5356e+06
3.5523e+06
3.5654e+06
3.5729e+06
3.575e+06
3.5731e+06
3.5696e+06
3.5659e+06
3.5624e+06
3.5576e+06
3.5495e+06
3.536e+06
3.5167e+06
3.493e+06
3.4685e+06
3.4481e+06
3.4364e+06
3.437e+06
3.4512e+06
3.4772e+06
3.5108e+06
3.546e+06
3.5767e+06
3.5977e+06
3.6062e+06
3.6019e+06
3.5869e+06
3.5648e+06
3.5394e+06
3.5142e+06
3.4913e+06
3.4716e+06
3.4553e+06
3.4425e+06
3.4336e+06
3.4294e+06
3.4311e+06
3.4396e+06
3.455e+06
3.4759e+06
3.4993e+06
3.5209e+06
3.5356e+06
3.5391e+06
3.5288e+06
3.5047e+06
3.47e+06
3.43e+06
3.3913e+06
3.3603e+06
3.3414e+06
3.3366e+06
3.3449e+06
3.363e+06
3.3861e+06
3.409e+06
3.4278e+06
3.44e+06
3.4451e+06
3.4443e+06
3.4394e+06
3.4321e+06
3.423e+06
3.4117e+06
3.3971e+06
3.3781e+06
3.3548e+06
3.3287e+06
3.3026e+06
3.2802e+06
3.2656e+06
3.2618e+06
3.27e+06
3.2892e+06
3.3159e+06
3.3449e+06
3.3702e+06
3.3862e+06
3.3897e+06
3.3796e+06
3.3581e+06
3.3291e+06
3.2982e+06
3.2705e+06
3.2505e+06
3.2404e+06
3.2408e+06
3.2502e+06
3.2659e+06
3.2849e+06
3.3041e+06
3.3211e+06
3.3344e+06
3.3433e+06
3.3472e+06
3.346e+06
3.3394e+06
3.3272e+06
3.3097e+06
3.2883e+06
3.2651e+06
3.243e+06
3.2254e+06
3.215e+06
3.2136e+06
3.2213e+06
3.2364e+06
3.2556e+06
3.2745e+06
3.2885e+06
3.294e+06
3.2889e+06
3.2736e+06
3.2503e+06
3.2229e+06
3.196e+06
3.1738e+06
3.1594e+06
3.1539e+06
3.1569e+06
3.1661e+06
3.1785e+06
3.1908e+06
3.2004e+06
3.2056e+06
3.2059e+06
3.2021e+06
3.1951e+06
3.1862e+06
3.1759e+06
3.1641e+06
3.1507e+06
3.1357e+06
3.1196e+06
3.1037e+06
3.0897e+06
3.0798e+06
3.0755e+06
3.0778e+06
3.0865e+06
3.0998e+06
3.1145e+06
3.1268e+06
3.1325e+06
3.1287e+06
3.1139e+06
3.0893e+06
3.0579e+06
3.0246e+06
2.9947e+06
2.9728e+06
2.9621e+06
2.9634e+06
2.9751e+06
2.9935e+06
3.0135e+06
3.0302e+06
3.0393e+06
3.0387e+06
3.028e+06
3.0095e+06
2.9863e+06
2.9627e+06
2.9421e+06
2.9274e+06
2.9197e+06
2.9188e+06
2.9233e+06
2.931e+06
2.9395e+06
2.9465e+06
2.9504e+06
2.9505e+06
2.9468e+06
2.9397e+06
2.9298e+06
2.9178e+06
2.9039e+06
2.8888e+06
2.8733e+06
2.8587e+06
2.8469e+06
2.8395e+06
2.8382e+06
2.8437e+06
2.8557e+06
2.8728e+06
2.8923e+06
2.9107e+06
2.9242e+06
2.9295e+06
2.9248e+06
2.9098e+06
2.8865e+06
2.8584e+06
2.8302e+06
2.8065e+06
2.7912e+06
2.7864e+06
2.7923e+06
2.8069e+06
2.8267e+06
2.8472e+06
2.8644e+06
2.8749e+06
2.8774e+06
2.872e+06
2.8609e+06
2.8471e+06
2.834e+06
2.8248e+06
2.8213e+06
2.8241e+06
2.8323e+06
2.8441e+06
2.8567e+06
2.8672e+06
2.8736e+06
2.8744e+06
2.8696e+06
2.8602e+06
2.8478e+06
2.8344e+06
2.8215e+06
2.8103e+06
2.8017e+06
2.7958e+06
2.7927e+06
2.792e+06
2.7932e+06
2.7959e+06
2.7994e+06
2.8033e+06
2.8072e+06
2.8104e+06
2.8122e+06
2.8117e+06
2.8083e+06
2.8018e+06
2.7926e+06
2.7819e+06
2.7713e+06
2.7627e+06
2.7577e+06
2.7572e+06
2.7612e+06
2.7687e+06
2.7779e+06
2.7861e+06
2.7909e+06
2.7902e+06
2.7829e+06
2.7695e+06
2.7517e+06
2.7326e+06
2.7155e+06
2.7035e+06
2.6988e+06
2.7021e+06
2.7123e+06
2.7268e+06
2.7419e+06
2.7537e+06
2.759e+06
2.7557e+06
2.7437e+06
2.7248e+06
2.7025e+06
2.6809e+06
2.6645e+06
2.6564e+06
2.658e+06
2.6689e+06
2.6863e+06
2.7061e+06
2.7236e+06
2.7346e+06
2.7361e+06
2.7274e+06
2.7098e+06
2.6866e+06
2.6626e+06
2.6426e+06
2.6307e+06
2.6293e+06
2.6388e+06
2.6571e+06
2.6803e+06
2.7037e+06
2.722e+06
2.7313e+06
2.7295e+06
2.7169e+06
2.6959e+06
2.671e+06
2.6471e+06
2.629e+06
2.6204e+06
2.6228e+06
2.6357e+06
2.6567e+06
2.6816e+06
2.706e+06
2.7255e+06
2.7369e+06
2.739e+06
2.7325e+06
2.7199e+06
2.705e+06
2.6917e+06
2.6832e+06
2.6816e+06
2.6873e+06
2.6991e+06
2.7143e+06
2.7297e+06
2.7417e+06
2.7475e+06
2.7456e+06
2.7363e+06
2.7213e+06
2.7035e+06
2.6864e+06
2.6729e+06
2.6653e+06
2.6643e+06
2.6693e+06
2.6785e+06
2.6894e+06
2.6989e+06
2.7046e+06
2.705e+06
2.6998e+06
2.6905e+06
2.6796e+06
2.6698e+06
2.6641e+06
2.6642e+06
2.6709e+06
2.6835e+06
2.6999e+06
2.7174e+06
2.7327e+06
2.7427e+06
2.7451e+06
2.7394e+06
2.7262e+06
2.7077e+06
2.6873e+06
2.6682e+06
2.6536e+06
2.6456e+06
2.645e+06
2.651e+06
2.6621e+06
2.6753e+06
2.6876e+06
2.6963e+06
2.6995e+06
2.6969e+06
2.6894e+06
2.6795e+06
2.6698e+06
2.6635e+06
2.6624e+06
2.6677e+06
2.6791e+06
2.6948e+06
2.7123e+06
2.7285e+06
2.7406e+06
2.7464e+06
2.7452e+06
2.7378e+06
2.7263e+06
2.7136e+06
2.703e+06
2.697e+06
2.6973e+06
2.7042e+06
2.7163e+06
2.7311e+06
2.7453e+06
2.7555e+06
2.7593e+06
2.7554e+06
2.7445e+06
2.7288e+06
2.7116e+06
2.6967e+06
2.6875e+06
2.686e+06
2.6929e+06
2.7071e+06
2.7257e+06
2.7449e+06
2.7605e+06
2.7689e+06
2.7676e+06
2.7566e+06
2.7373e+06
2.7135e+06
2.6893e+06
2.6694e+06
2.6572e+06
2.6547e+06
2.6616e+06
2.6756e+06
2.6929e+06
2.7088e+06
2.7189e+06
2.7201e+06
2.711e+06
2.6927e+06
2.668e+06
2.6415e+06
2.6182e+06
2.6024e+06
2.5971e+06
2.6031e+06
2.6188e+06
2.6407e+06
2.664e+06
2.6838e+06
2.6958e+06
2.6974e+06
2.6884e+06
2.6704e+06
2.647e+06
2.6229e+06
2.6025e+06
2.5893e+06
2.585e+06
2.5894e+06
2.6004e+06
2.6145e+06
2.6277e+06
2.6364e+06
2.6381e+06
2.6319e+06
2.6188e+06
2.6011e+06
2.582e+06
2.5648e+06
2.5521e+06
2.5454e+06
2.5448e+06
2.5491e+06
2.5561e+06
2.5631e+06
2.5678e+06
2.5684e+06
2.5643e+06
2.5561e+06
2.5452e+06
2.5334e+06
2.5224e+06
2.5132e+06
2.5062e+06
2.5012e+06
2.4973e+06
2.4939e+06
2.4902e+06
2.4859e+06
2.4811e+06
2.4763e+06
2.4724e+06
2.47e+06
2.4698e+06
2.4713e+06
2.4738e+06
2.4759e+06
2.4765e+06
2.4748e+06
2.4709e+06
2.4654e+06
2.4598e+06
2.4557e+06
2.4546e+06
2.4574e+06
2.4642e+06
2.474e+06
2.4849e+06
2.4943e+06
2.4999e+06
2.5e+06
2.4943e+06
2.4839e+06
2.4711e+06
2.4591e+06
2.4512e+06
2.4499e+06
2.4564e+06
2.4702e+06
2.4891e+06
2.5097e+06
2.528e+06
2.5402e+06
2.5439e+06
2.5382e+06
2.5244e+06
2.5051e+06
2.4842e+06
2.4655e+06
2.4523e+06
2.4465e+06
2.4482e+06
2.456e+06
2.4673e+06
2.479e+06
2.4883e+06
2.4931e+06
2.4927e+06
2.4878e+06
2.48e+06
2.4714e+06
2.4638e+06
2.4586e+06
2.4561e+06
2.4556e+06
2.4561e+06
2.4566e+06
2.4559e+06
2.4539e+06
2.4506e+06
2.447e+06
2.4441e+06
2.4426e+06
2.4428e+06
2.4439e+06
2.4446e+06
2.4432e+06
2.4384e+06
2.4295e+06
2.4173e+06
2.4033e+06
2.3899e+06
2.3797e+06
2.3748e+06
2.3762e+06
2.3835e+06
2.3946e+06
2.4063e+06
2.415e+06
2.4174e+06
2.4118e+06
2.3982e+06
2.3786e+06
2.3565e+06
2.3364e+06
2.3222e+06
2.3167e+06
2.321e+06
2.3338e+06
2.3522e+06
2.3722e+06
2.3897e+06
2.4014e+06
2.4057e+06
2.4028e+06
2.3944e+06
2.3833e+06
2.3725e+06
2.3644e+06
2.3601e+06
2.3598e+06
2.3623e+06
2.3663e+06
2.3704e+06
2.3737e+06
2.376e+06
2.3778e+06
2.3801e+06
2.3837e+06
2.3891e+06
2.3956e+06
2.4014e+06
2.4043e+06
2.4024e+06
2.3945e+06
2.3807e+06
2.3629e+06
2.3441e+06
2.3278e+06
2.3171e+06
2.3141e+06
2.319e+06
2.3302e+06
2.3443e+06
2.357e+06
2.3644e+06
2.3635e+06
2.3535e+06
2.3356e+06
2.3129e+06
2.2896e+06
2.2697e+06
2.2565e+06
2.2514e+06
2.254e+06
2.2622e+06
2.2733e+06
2.2844e+06
2.2932e+06
2.2986e+06
2.3007e+06
2.3006e+06
2.2996e+06
2.2991e+06
2.299e+06
2.2985e+06
2.2963e+06
2.2907e+06
2.2811e+06
2.2681e+06
2.2534e+06
2.2399e+06
2.2307e+06
2.2281e+06
2.2335e+06
2.2462e+06
2.2639e+06
2.2828e+06
2.2986e+06
2.3078e+06
2.3083e+06
2.2999e+06
2.2845e+06
2.2656e+06
2.247e+06
2.232e+06
2.2229e+06
2.2199e+06
2.2221e+06
2.2274e+06
2.2337e+06
2.239e+06
2.2424e+06
2.2438e+06
2.244e+06
2.2441e+06
2.2447e+06
2.2456e+06
2.2456e+06
2.2429e+06
2.2357e+06
2.2233e+06
2.2062e+06
2.1865e+06
2.1673e+06
2.1522e+06
2.1443e+06
2.1452e+06
2.1547e+06
2.1705e+06
2.189e+06
2.2061e+06
2.2184e+06
2.2237e+06
2.2219e+06
2.2144e+06
2.2042e+06
2.194e+06
2.1862e+06
2.1816e+06
2.1797e+06
2.179e+06
2.178e+06
2.1756e+06
2.1718e+06
2.1675e+06
2.1645e+06
2.1648e+06
2.1696e+06
2.1793e+06
2.1924e+06
2.206e+06
2.2166e+06
2.2211e+06
2.2174e+06
2.2056e+06
2.1876e+06
2.1666e+06
2.1464e+06
2.1305e+06
2.1209e+06
2.1179e+06
2.1204e+06
2.1261e+06
2.1327e+06
2.1385e+06
2.1427e+06
2.1456e+06
2.1483e+06
2.1519e+06
2.1568e+06
2.1622e+06
2.1665e+06
2.1675e+06
2.1634e+06
2.1536e+06
2.1392e+06
2.1226e+06
2.1073e+06
2.0968e+06
2.0935e+06
2.0981e+06
2.1095e+06
2.1248e+06
2.1403e+06
2.1525e+06
2.1592e+06
2.1597e+06
2.1551e+06
2.1477e+06
2.14e+06
2.1338e+06
2.1296e+06
2.1267e+06
2.1234e+06
2.1183e+06
2.1106e+06
2.1009e+06
2.091e+06
2.0833e+06
2.0802e+06
2.083e+06
2.0916e+06
2.1042e+06
2.1176e+06
2.1282e+06
2.1331e+06
2.1308e+06
2.1214e+06
2.1071e+06
2.0907e+06
2.0751e+06
2.0623e+06
2.0532e+06
2.047e+06
2.0425e+06
2.0384e+06
2.034e+06
2.0298e+06
2.0271e+06
2.0275e+06
2.0321e+06
2.0412e+06
2.0532e+06
2.0654e+06
2.0747e+06
2.0781e+06
2.0744e+06
2.0639e+06
2.0489e+06
2.0328e+06
2.0191e+06
2.0102e+06
2.007e+06
2.0087e+06
2.0133e+06
2.0185e+06
2.0224e+06
2.0244e+06
2.025e+06
2.0258e+06
2.0286e+06
2.0346e+06
2.0434e+06
2.0534e+06
2.0617e+06
2.0654e+06
2.0623e+06
2.0523e+06
2.0367e+06
2.0185e+06
2.0011e+06
1.9875e+06
1.9791e+06
1.9757e+06
1.9761e+06
1.9781e+06
1.9802e+06
1.9818e+06
1.9832e+06
1.9857e+06
1.991e+06
1.9996e+06
2.0109e+06
2.0227e+06
2.0318e+06
2.0354e+06
2.0314e+06
2.0201e+06
2.0032e+06
1.9843e+06
1.967e+06
1.9541e+06
1.9469e+06
1.9447e+06
1.9458e+06
1.9479e+06
1.9492e+06
1.9494e+06
1.9491e+06
1.9504e+06
1.9551e+06
1.9641e+06
1.9769e+06
1.9908e+06
2.0024e+06
2.008e+06
2.0056e+06
1.9953e+06
1.9792e+06
1.9611e+06
1.9448e+06
1.9332e+06
1.9271e+06
1.9256e+06
1.9262e+06
1.9267e+06
1.9255e+06
1.9228e+06
1.9204e+06
1.921e+06
1.9268e+06
1.9391e+06
1.9565e+06
1.9756e+06
1.9919e+06
2.0011e+06
2.0003e+06
1.9895e+06
1.9709e+06
1.9488e+06
1.9276e+06
1.9108e+06
1.8997e+06
1.8936e+06
1.89e+06
1.8868e+06
1.8822e+06
1.8764e+06
1.8708e+06
1.8678e+06
1.8695e+06
1.8769e+06
1.8894e+06
1.9046e+06
1.9194e+06
1.9309e+06
1.9373e+06
1.9385e+06
1.9357e+06
1.931e+06
1.9258e+06
1.9208e+06
1.9154e+06
1.9083e+06
1.8985e+06
1.886e+06
1.872e+06
1.8591e+06
1.8501e+06
1.8474e+06
1.8517e+06
1.8618e+06
1.8749e+06
1.8875e+06
1.8967e+06
1.901e+06
1.9006e+06
1.8974e+06
1.8941e+06
1.8927e+06
1.8937e+06
1.8958e+06
1.8966e+06
1.8936e+06
1.8854e+06
1.8725e+06
1.8569e+06
1.8422e+06
1.8312e+06
1.8261e+06
1.8268e+06
1.8318e+06
1.8385e+06
1.8444e+06
1.8483e+06
1.8503e+06
1.852e+06
1.8554e+06
1.8619e+06
1.8717e+06
1.8831e+06
1.8932e+06
1.8991e+06
1.8988e+06
1.8924e+06
1.8813e+06
1.8684e+06
1.8564e+06
1.847e+06
1.8402e+06
1.8348e+06
1.8291e+06
1.8223e+06
1.8146e+06
1.8075e+06
1.8035e+06
1.8049e+06
1.8125e+06
1.8256e+06
1.8415e+06
1.8567e+06
1.868e+06
1.8739e+06
1.8746e+06
1.872e+06
1.8687e+06
1.8669e+06
1.8669e+06
1.8673e+06
1.8656e+06
1.8593e+06
1.8473e+06
1.8304e+06
1.8112e+06
1.7933e+06
1.7801e+06
1.7732e+06
1.7724e+06
1.7758e+06
1.7805e+06
1.7844e+06
1.7862e+06
1.7868e+06
1.7877e+06
1.791e+06
1.7979e+06
1.8079e+06
1.819e+06
1.8285e+06
1.8337e+06
1.8335e+06
1.8283e+06
1.8199e+06
1.8104e+06
1.8014e+06
1.7934e+06
1.7856e+06
1.7766e+06
1.7655e+06
1.7526e+06
1.7392e+06
1.7277e+06
1.7205e+06
1.7188e+06
1.7223e+06
1.7294e+06
1.7376e+06
1.7448e+06
1.75e+06
1.7537e+06
1.7573e+06
1.7626e+06
1.7701e+06
1.7789e+06
1.7868e+06
1.7907e+06
1.7885e+06
1.7798e+06
1.7659e+06
1.75e+06
1.7352e+06
1.724e+06
1.7168e+06
1.7124e+06
1.7086e+06
1.7035e+06
1.6965e+06
1.6886e+06
1.682e+06
1.6792e+06
1.6816e+06
1.6891e+06
1.6998e+06
1.7109e+06
1.7198e+06
1.7254e+06
1.7278e+06
1.729e+06
1.7308e+06
1.7345e+06
1.7396e+06
1.7441e+06
1.7452e+06
1.7411e+06
1.7315e+06
1.718e+06
1.7036e+06
1.6912e+06
1.6823e+06
1.677e+06
1.6733e+06
1.669e+06
1.6628e+06
1.6549e+06
1.6472e+06
1.6429e+06
1.6446e+06
1.6532e+06
1.6674e+06
1.6839e+06
1.6986e+06
1.7086e+06
1.7129e+06
1.7128e+06
1.7112e+06
1.7112e+06
1.7143e+06
1.7194e+06
1.7238e+06
1.7239e+06
1.7176e+06
1.7047e+06
1.6874e+06
1.6695e+06
1.6543e+06
1.6436e+06
1.637e+06
1.6322e+06
1.6266e+06
1.6188e+06
1.6092e+06
1.6e+06
1.5942e+06
1.5944e+06
1.601e+06
1.6126e+06
1.6261e+06
1.6381e+06
1.6466e+06
1.6515e+06
1.6547e+06
1.659e+06
1.6665e+06
1.6775e+06
1.6897e+06
1.6999e+06
1.7048e+06
1.7027e+06
1.6943e+06
1.6824e+06
1.6701e+06
1.6599e+06
1.6524e+06
1.6463e+06
1.6393e+06
1.6295e+06
1.6165e+06
1.6017e+06
1.5875e+06
1.5765e+06
1.5699e+06
1.5678e+06
1.5687e+06
1.5707e+06
1.5727e+06
1.5745e+06
1.5771e+06
1.5819e+06
1.5897e+06
1.5999e+06
1.6107e+06
1.6198e+06
1.6255e+06
1.6272e+06
1.6261e+06
1.6243e+06
1.6236e+06
1.6245e+06
1.6258e+06
1.6252e+06
1.6205e+06
1.6106e+06
1.5963e+06
1.5798e+06
1.5639e+06
1.5508e+06
1.5411e+06
1.5339e+06
1.5275e+06
1.5206e+06
1.513e+06
1.5058e+06
1.5011e+06
1.5005e+06
1.5046e+06
1.5124e+06
1.5221e+06
1.5314e+06
1.5392e+06
1.5458e+06
1.5524e+06
1.5607e+06
1.5712e+06
1.583e+06
1.5938e+06
1.601e+06
1.6029e+06
1.5993e+06
1.5921e+06
1.5838e+06
1.5766e+06
1.5712e+06
1.5665e+06
1.5605e+06
1.5514e+06
1.5391e+06
1.5248e+06
1.5111e+06
1.5003e+06
1.4935e+06
1.4899e+06
1.4875e+06
1.4838e+06
1.4779e+06
1.4701e+06
1.4628e+06
1.4586e+06
1.4594e+06
1.4656e+06
1.4753e+06
1.4861e+06
1.4954e+06
1.5025e+06
1.508e+06
1.5136e+06
1.5211e+06
1.5306e+06
1.5405e+06
1.5483e+06
1.5516e+06
1.5494e+06
1.5428e+06
1.5344e+06
1.5269e+06
1.5218e+06
1.5187e+06
1.5155e+06
1.5096e+06
1.4998e+06
1.4865e+06
1.4715e+06
1.4575e+06
1.4464e+06
1.4384e+06
1.4324e+06
1.4264e+06
1.4193e+06
1.4112e+06
1.4036e+06
1.3986e+06
1.3979e+06
1.4015e+06
1.4079e+06
1.4148e+06
1.4202e+06
1.4237e+06
1.4263e+06
1.4301e+06
1.4368e+06
1.4468e+06
1.4585e+06
1.4693e+06
1.4766e+06
1.4795e+06
1.4785e+06
1.4758e+06
1.4735e+06
1.4726e+06
1.4724e+06
1.4708e+06
1.4658e+06
1.4568e+06
1.4446e+06
1.4312e+06
1.4187e+06
1.4082e+06
1.399e+06
1.3897e+06
1.3788e+06
1.3658e+06
1.3522e+06
1.3401e+06
1.3319e+06
1.3283e+06
1.3287e+06
1.3308e+06
1.3325e+06
1.3325e+06
1.3314e+06
1.3309e+06
1.3332e+06
1.3395e+06
1.3492e+06
1.3603e+06
1.3704e+06
1.3779e+06
1.3829e+06
1.3869e+06
1.3916e+06
1.3982e+06
1.4063e+06
1.4139e+06
1.419e+06
1.4205e+06
1.4188e+06
1.4155e+06
1.4122e+06
1.4098e+06
1.4074e+06
1.4031e+06
1.3954e+06
1.384e+06
1.3706e+06
1.3577e+06
1.3476e+06
1.3409e+06
1.3362e+06
1.3309e+06
1.3226e+06
1.3109e+06
1.2973e+06
1.2848e+06
1.2762e+06
1.2726e+06
1.2728e+06
1.274e+06
1.2737e+06
1.2706e+06
1.2659e+06
1.2625e+06
1.2633e+06
1.2697e+06
1.2806e+06
1.2931e+06
1.3039e+06
1.3111e+06
1.315e+06
1.3179e+06
1.3225e+06
1.3303e+06
1.3406e+06
1.3511e+06
1.3592e+06
1.3634e+06
1.3643e+06
1.3639e+06
1.3642e+06
1.3657e+06
1.3673e+06
1.3663e+06
1.361e+06
1.3513e+06
1.3389e+06
1.327e+06
1.318e+06
1.312e+06
1.3074e+06
1.3011e+06
1.2909e+06
1.2769e+06
1.261e+06
1.2463e+06
1.2354e+06
1.2286e+06
1.2242e+06
1.2196e+06
1.213e+06
1.2042e+06
1.1951e+06
1.1882e+06
1.1855e+06
1.187e+06
1.191e+06
1.1953e+06
1.1983e+06
1.2003e+06
1.2028e+06
1.2077e+06
1.2157e+06
1.2261e+06
1.2365e+06
1.2448e+06
1.2502e+06
1.2536e+06
1.2576e+06
1.2643e+06
1.2741e+06
1.2854e+06
1.2951e+06
1.3011e+06
1.3025e+06
1.3011e+06
1.2995e+06
1.2998e+06
1.3023e+06
1.3053e+06
1.3063e+06
1.3038e+06
1.2982e+06
1.2912e+06
1.2851e+06
1.2809e+06
1.2775e+06
1.2726e+06
1.2641e+06
1.2518e+06
1.2374e+06
1.2241e+06
1.2143e+06
1.2083e+06
1.2043e+06
1.1991e+06
1.1902e+06
1.1777e+06
1.1638e+06
1.1517e+06
1.144e+06
1.141e+06
1.1409e+06
1.1408e+06
1.1387e+06
1.1347e+06
1.1307e+06
1.1291e+06
1.1313e+06
1.1367e+06
1.1434e+06
1.1491e+06
1.1527e+06
1.1553e+06
1.1589e+06
1.1654e+06
1.1749e+06
1.1855e+06
1.1947e+06
1.2007e+06
1.2037e+06
1.2062e+06
1.2111e+06
1.2199e+06
1.2317e+06
1.2436e+06
1.2522e+06
1.256e+06
1.256e+06
1.2548e+06
1.2554e+06
1.2586e+06
1.2629e+06
1.2656e+06
1.2643e+06
1.259e+06
1.2516e+06
1.2452e+06
1.2416e+06
1.2404e+06
1.2391e+06
1.2348e+06
1.2261e+06
1.2141e+06
1.2013e+06
1.1899e+06
1.1809e+06
1.173e+06
1.1641e+06
1.1527e+06
1.1394e+06
1.1264e+06
1.1159e+06
1.1089e+06
1.1039e+06
1.0985e+06
1.0904e+06
1.0794e+06
1.0675e+06
1.0577e+06
1.0523e+06
1.0511e+06
1.0516e+06
1.0507e+06
1.0466e+06
1.0401e+06
1.034e+06
1.0315e+06
1.0341e+06
1.0405e+06
1.0475e+06
1.0518e+06
1.0522e+06
1.0502e+06
1.0491e+06
1.052e+06
1.0598e+06
1.0707e+06
1.0815e+06
1.0898e+06
1.0952e+06
1.0994e+06
1.1048e+06
1.1126e+06
1.1221e+06
1.1311e+06
1.1377e+06
1.1419e+06
1.1454e+06
1.1507e+06
1.1591e+06
1.1694e+06
1.1788e+06
1.1843e+06
1.1852e+06
1.1834e+06
1.1821e+06
1.1839e+06
1.1892e+06
1.1954e+06
1.1992e+06
1.1986e+06
1.1945e+06
1.1898e+06
1.1876e+06
1.1889e+06
1.1918e+06
1.193e+06
1.1898e+06
1.1819e+06
1.1718e+06
1.163e+06
1.1575e+06
1.1545e+06
1.1513e+06
1.145e+06
1.1348e+06
1.1224e+06
1.1111e+06
1.1031e+06
1.0982e+06
1.0938e+06
1.0868e+06
1.0757e+06
1.0616e+06
1.0477e+06
1.0369e+06
1.0302e+06
1.0257e+06
1.0206e+06
1.0123e+06
1.001e+06
9.8858e+05
9.7802e+05
9.7098e+05
9.6695e+05
9.6376e+05
9.592e+05
9.5243e+05
9.4437e+05
9.3691e+05
9.3146e+05
9.2813e+05
9.2585e+05
9.2348e+05
9.2085e+05
9.1892e+05
9.1902e+05
9.2162e+05
9.2572e+05
9.2934e+05
9.3088e+05
9.3021e+05
9.2885e+05
9.29e+05
9.3203e+05
9.3744e+05
9.433e+05
9.4765e+05
9.4998e+05
9.5173e+05
9.553e+05
9.6229e+05
9.7225e+05
9.8282e+05
9.9137e+05
9.9678e+05
1.0003e+06
1.0046e+06
1.0121e+06
1.0228e+06
1.0346e+06
1.0444e+06
1.0504e+06
1.0532e+06
1.0557e+06
1.0607e+06
1.0692e+06
1.0795e+06
1.0889e+06
1.0952e+06
1.0984e+06
1.1008e+06
1.1051e+06
1.1124e+06
1.1215e+06
1.1299e+06
1.1356e+06
1.1384e+06
1.14e+06
1.1426e+06
1.1472e+06
1.1527e+06
1.1569e+06
1.1584e+06
1.1577e+06
1.1567e+06
1.1577e+06
1.1612e+06
1.166e+06
1.1693e+06
1.1696e+06
1.1669e+06
1.1633e+06
1.161e+06
1.1613e+06
1.1631e+06
1.1646e+06
1.1645e+06
1.1629e+06
1.1609e+06
1.1597e+06
1.159e+06
1.1574e+06
1.1539e+06
1.1483e+06
1.1425e+06
1.1388e+06
1.1382e+06
1.1395e+06
1.1399e+06
1.1368e+06
1.1301e+06
1.1217e+06
1.1148e+06
1.1113e+06
1.1102e+06
1.1088e+06
1.104e+06
1.0952e+06
1.0846e+06
1.0754e+06
1.0699e+06
1.0675e+06
1.0654e+06
1.0607e+06
1.0525e+06
1.0424e+06
1.0332e+06
1.0266e+06
1.022e+06
1.017e+06
1.0093e+06
9.988e+05
9.8741e+05
9.7791e+05
9.7168e+05
9.6769e+05
9.6334e+05
9.5652e+05
9.4719e+05
9.3727e+05
9.2906e+05
9.2337e+05
9.1886e+05
9.132e+05
9.0504e+05
8.951e+05
8.8565e+05
8.7857e+05
8.7364e+05
8.6852e+05
8.6047e+05
8.4849e+05
8.3433e+05
8.2143e+05
8.1256e+05
8.0778e+05
8.0444e+05
7.9923e+05
7.9063e+05
7.7985e+05
7.6983e+05
7.629e+05
7.589e+05
7.5532e+05
7.4925e+05
7.3957e+05
7.2768e+05
7.1642e+05
7.08e+05
7.0241e+05
6.9768e+05
6.9163e+05
6.8358e+05
6.747e+05
6.6687e+05
6.6099e+05
6.5624e+05
6.5079e+05
6.4342e+05
6.3451e+05
6.2565e+05
6.182e+05
6.1202e+05
6.0551e+05
5.9712e+05
5.8686e+05
5.7673e+05
5.6935e+05
5.6577e+05
5.6434e+05
5.617e+05
5.5524e+05
5.4503e+05
5.3398e+05
5.2582e+05
5.2231e+05
5.2174e+05
5.2022e+05
5.1464e+05
5.0484e+05
4.9377e+05
4.8537e+05
4.8151e+05
4.8053e+05
4.786e+05
4.7272e+05
