1.4885e+06
1.4969e+06
1.5e+06
1.5065e+06
1.5244e+06
1.5547e+06
1.5897e+06
1.6182e+06
1.633e+06
1.6358e+06
1.6362e+06
1.6454e+06
1.6685e+06
1.7016e+06
1.7347e+06
1.7598e+06
1.7757e+06
1.7878e+06
1.8032e+06
1.8254e+06
1.8516e+06
1.8764e+06
1.8963e+06
1.9133e+06
1.9327e+06
1.9583e+06
1.9888e+06
2.0183e+06
2.0408e+06
2.0553e+06
2.0674e+06
2.0851e+06
2.1128e+06
2.1469e+06
2.1782e+06
2.1984e+06
2.2062e+06
2.2089e+06
2.2177e+06
2.2404e+06
2.2754e+06
2.3136e+06
2.3449e+06
2.3652e+06
2.3782e+06
2.3919e+06
2.4121e+06
2.4383e+06
2.4646e+06
2.4858e+06
2.502e+06
2.5192e+06
2.545e+06
2.5818e+06
2.6248e+06
2.6645e+06
2.6939e+06
2.713e+06
2.7287e+06
2.7497e+06
2.7798e+06
2.8157e+06
2.8496e+06
2.8757e+06
2.8945e+06
2.9122e+06
2.9357e+06
2.9664e+06
2.9995e+06
3.0269e+06
3.0441e+06
3.0538e+06
3.0643e+06
3.0832e+06
3.112e+06
3.1444e+06
3.1711e+06
3.187e+06
3.1952e+06
3.2054e+06
3.2272e+06
3.2633e+06
3.3077e+06
3.349e+06
3.3787e+06
3.3948e+06
3.4027e+06
3.4102e+06
3.4224e+06
3.4394e+06
3.4579e+06
3.4757e+06
3.4937e+06
3.5153e+06
3.5423e+06
3.5721e+06
3.5988e+06
3.6165e+06
3.6243e+06
3.6265e+06
3.6307e+06
3.6418e+06
3.6593e+06
3.6771e+06
3.6892e+06
3.6937e+06
3.6949e+06
3.6999e+06
3.7131e+06
3.7326e+06
3.7513e+06
3.7616e+06
3.7605e+06
3.7521e+06
3.7441e+06
3.7426e+06
3.7484e+06
3.7561e+06
3.7593e+06
3.755e+06
3.7455e+06
3.737e+06
3.7344e+06
3.7382e+06
3.7439e+06
3.7465e+06
3.7433e+06
3.7365e+06
3.7306e+06
3.7284e+06
3.7287e+06
3.7265e+06
3.7173e+06
3.6999e+06
3.6783e+06
3.6585e+06
3.6452e+06
3.6382e+06
3.6329e+06
3.6239e+06
3.6083e+06
3.5874e+06
3.5651e+06
3.5446e+06
3.5259e+06
3.5064e+06
3.4833e+06
3.4563e+06
3.4282e+06
3.4029e+06
3.3819e+06
3.3635e+06
3.3433e+06
3.3184e+06
3.2893e+06
3.2606e+06
3.238e+06
3.2236e+06
3.214e+06
3.202e+06
3.1812e+06
3.1503e+06
3.1147e+06
3.0838e+06
3.0655e+06
3.0612e+06
3.0653e+06
3.0684e+06
3.063e+06
3.0478e+06
3.0275e+06
3.0098e+06
3.0007e+06
3.0015e+06
3.0094e+06
3.0197e+06
3.0298e+06
3.0397e+06
3.0512e+06
3.0652e+06
3.0804e+06
3.0939e+06
3.1033e+06
3.1088e+06
3.1136e+06
3.1214e+06
3.1349e+06
3.1533e+06
3.1741e+06
3.1952e+06
3.2171e+06
3.2431e+06
3.2764e+06
3.3172e+06
3.3609e+06
3.4002e+06
3.4295e+06
3.4487e+06
3.4637e+06
3.484e+06
3.5161e+06
3.5594e+06
3.6058e+06
3.6442e+06
3.6673e+06
3.6756e+06
3.6772e+06
3.6832e+06
3.7006e+06
3.7285e+06
3.7588e+06
3.7814e+06
3.7908e+06
3.7889e+06
3.7832e+06
3.7824e+06
3.7904e+06
3.8048e+06
3.8189e+06
3.8267e+06
3.8263e+06
3.8206e+06
3.8147e+06
3.8115e+06
3.8104e+06
3.8076e+06
3.7992e+06
3.7838e+06
3.7636e+06
3.7421e+06
3.7221e+06
3.7032e+06
3.6832e+06
3.6597e+06
3.6328e+06
3.6054e+06
3.5812e+06
3.5623e+06
3.5478e+06
3.5341e+06
3.5176e+06
3.4976e+06
3.4762e+06
3.4576e+06
3.4446e+06
3.437e+06
3.4318e+06
3.4251e+06
3.415e+06
3.4029e+06
3.3918e+06
3.3842e+06
3.3795e+06
3.374e+06
3.3633e+06
3.3455e+06
3.3237e+06
3.3054e+06
3.2984e+06
3.3066e+06
3.327e+06
3.351e+06
3.3693e+06
3.3774e+06
3.3779e+06
3.3792e+06
3.391e+06
3.418e+06
3.4568e+06
3.4978e+06
3.5307e+06
3.5504e+06
3.5596e+06
3.5673e+06
3.5834e+06
3.6129e+06
3.6529e+06
3.6944e+06
3.7281e+06
3.7495e+06
3.7604e+06
3.7677e+06
3.7783e+06
3.7948e+06
3.8142e+06
3.8301e+06
3.8368e+06
3.8332e+06
3.823e+06
3.8124e+06
3.8063e+06
3.8056e+06
3.8067e+06
3.8047e+06
3.7955e+06
3.7791e+06
3.7579e+06
3.7358e+06
3.7151e+06
3.6957e+06
3.6756e+06
3.6527e+06
3.6265e+06
3.5982e+06
3.5704e+06
3.5449e+06
3.5221e+06
3.501e+06
3.48e+06
3.4585e+06
3.4369e+06
3.4167e+06
3.3994e+06
3.3861e+06
3.3768e+06
3.3713e+06
3.3693e+06
3.3707e+06
3.3752e+06
3.3817e+06
3.3888e+06
3.3952e+06
3.4006e+06
3.4071e+06
3.4179e+06
3.4364e+06
3.4637e+06
3.4973e+06
3.5321e+06
3.5621e+06
3.5842e+06
3.5989e+06
3.6108e+06
3.626e+06
3.6482e+06
3.6771e+06
3.7079e+06
3.7347e+06
3.7535e+06
3.7641e+06
3.77e+06
3.7751e+06
3.7808e+06
3.7847e+06
3.7818e+06
3.7679e+06
3.7433e+06
3.7138e+06
3.688e+06
3.6729e+06
3.6696e+06
3.6721e+06
3.6706e+06
3.6565e+06
3.6272e+06
3.5872e+06
3.5459e+06
3.5125e+06
3.4908e+06
3.4777e+06
3.4655e+06
3.4465e+06
3.4181e+06
3.3842e+06
3.3532e+06
3.3336e+06
3.3293e+06
3.3377e+06
3.3517e+06
3.3638e+06
3.371e+06
3.3761e+06
3.3855e+06
3.4058e+06
3.4389e+06
3.4806e+06
3.5228e+06
3.5578e+06
3.5828e+06
3.6008e+06
3.6191e+06
3.6449e+06
3.6803e+06
3.7209e+06
3.7581e+06
3.7833e+06
3.7926e+06
3.7885e+06
3.7781e+06
3.7695e+06
3.7672e+06
3.7705e+06
3.7745e+06
3.7737e+06
3.7654e+06
3.7507e+06
3.733e+06
3.7152e+06
3.6975e+06
3.6769e+06
3.6497e+06
3.6143e+06
3.5731e+06
3.5319e+06
3.4975e+06
3.4736e+06
3.4593e+06
3.4495e+06
3.4381e+06
3.4222e+06
3.4035e+06
3.3882e+06
3.3836e+06
3.3938e+06
3.4172e+06
3.4467e+06
3.4733e+06
3.4908e+06
3.4988e+06
3.5032e+06
3.513e+06
3.5356e+06
3.5726e+06
3.6183e+06
3.6626e+06
3.6958e+06
3.7129e+06
3.7157e+06
3.7111e+06
3.7078e+06
3.7117e+06
3.723e+06
3.7374e+06
3.7486e+06
3.7519e+06
3.7465e+06
3.7349e+06
3.7208e+06
3.7066e+06
3.6922e+06
3.6756e+06
3.655e+06
3.6302e+06
3.6037e+06
3.579e+06
3.5594e+06
3.5456e+06
3.5362e+06
3.5286e+06
3.521e+06
3.5139e+06
3.5099e+06
3.5125e+06
3.5237e+06
3.5428e+06
3.5663e+06
3.5897e+06
3.6096e+06
3.6256e+06
3.6404e+06
3.6581e+06
3.6814e+06
3.7099e+06
3.7393e+06
3.764e+06
3.7798e+06
3.7864e+06
3.7881e+06
3.7916e+06
3.8026e+06
3.8223e+06
3.846e+06
3.8655e+06
3.8724e+06
3.8625e+06
3.8374e+06
3.8037e+06
3.77e+06
3.7429e+06
3.7241e+06
3.7109e+06
3.6978e+06
3.6807e+06
3.6588e+06
3.6355e+06
3.6161e+06
3.6054e+06
3.6052e+06
3.6131e+06
3.6245e+06
3.6343e+06
3.6394e+06
3.6399e+06
3.6386e+06
3.6389e+06
3.6429e+06
3.6509e+06
3.6611e+06
3.6715e+06
3.6815e+06
3.6928e+06
3.7082e+06
3.73e+06
3.7577e+06
3.7877e+06
3.8139e+06
3.8307e+06
3.8348e+06
3.8269e+06
3.8109e+06
3.7921e+06
3.7742e+06
3.7578e+06
3.7406e+06
3.7196e+06
3.6927e+06
3.6609e+06
3.6284e+06
3.6005e+06
3.5816e+06
3.5729e+06
3.572e+06
3.5745e+06
3.5759e+06
3.5743e+06
3.5707e+06
3.569e+06
3.5736e+06
3.5872e+06
3.6093e+06
3.6359e+06
3.6615e+06
3.6814e+06
3.6936e+06
3.7e+06
3.7044e+06
3.7112e+06
3.7227e+06
3.7378e+06
3.7528e+06
3.7629e+06
3.7646e+06
3.757e+06
3.7419e+06
3.7225e+06
3.702e+06
3.6823e+06
3.6638e+06
3.646e+06
3.6285e+06
3.6121e+06
3.598e+06
3.5879e+06
3.5824e+06
3.5808e+06
3.5813e+06
3.5815e+06
3.5804e+06
3.5787e+06
3.5786e+06
3.5838e+06
3.5969e+06
3.6188e+06
3.6471e+06
3.6776e+06
3.7052e+06
3.726e+06
3.7385e+06
3.7439e+06
3.745e+06
3.7446e+06
3.7441e+06
3.7426e+06
3.7376e+06
3.7258e+06
3.7052e+06
3.6755e+06
3.6388e+06
3.5983e+06
3.5581e+06
3.5216e+06
3.4909e+06
3.4671e+06
3.4501e+06
3.4393e+06
3.4334e+06
3.431e+06
3.4309e+06
3.432e+06
3.4342e+06
3.4383e+06
3.4462e+06
3.46e+06
3.4813e+06
3.5095e+06
3.5422e+06
3.5746e+06
3.6019e+06
3.6203e+06
3.629e+06
3.6301e+06
3.6278e+06
3.626e+06
3.6263e+06
3.6267e+06
3.6224e+06
3.6078e+06
3.5793e+06
3.5376e+06
3.4878e+06
3.4385e+06
3.3988e+06
3.375e+06
3.3684e+06
3.3747e+06
3.3864e+06
3.396e+06
3.3986e+06
3.3941e+06
3.387e+06
3.3839e+06
3.3913e+06
3.4117e+06
3.4429e+06
3.4783e+06
3.5101e+06
3.5322e+06
3.5422e+06
3.542e+06
3.5359e+06
3.5281e+06
3.5204e+06
3.5114e+06
3.4977e+06
3.4761e+06
3.4459e+06
3.4101e+06
3.3743e+06
3.345e+06
3.3265e+06
3.3193e+06
3.3195e+06
3.3211e+06
3.3183e+06
3.308e+06
3.2913e+06
3.2732e+06
3.2605e+06
3.2592e+06
3.2715e+06
3.2946e+06
3.3216e+06
3.3443e+06
3.3564e+06
3.3556e+06
3.3438e+06
3.3259e+06
3.3072e+06
3.2909e+06
3.2766e+06
3.2614e+06
3.2416e+06
3.2151e+06
3.1831e+06
3.1499e+06
3.1211e+06
3.1019e+06
3.0947e+06
3.0985e+06
3.1095e+06
3.1232e+06
3.1357e+06
3.1459e+06
3.1549e+06
3.1653e+06
3.1796e+06
3.1984e+06
3.22e+06
3.2405e+06
3.2558e+06
3.263e+06
3.2617e+06
3.254e+06
3.2431e+06
3.2318e+06
3.2212e+06
3.21e+06
3.1959e+06
3.1768e+06
3.153e+06
3.127e+06
3.1036e+06
3.0875e+06
3.0821e+06
3.0878e+06
3.1017e+06
3.119e+06
3.1352e+06
3.1471e+06
3.1551e+06
3.162e+06
3.1722e+06
3.1893e+06
3.2141e+06
3.2436e+06
3.2718e+06
3.2922e+06
3.2999e+06
3.2935e+06
3.2757e+06
3.2516e+06
3.2273e+06
3.2067e+06
3.1909e+06
3.1782e+06
3.1652e+06
3.1498e+06
3.1316e+06
3.1133e+06
3.0991e+06
3.0935e+06
3.0991e+06
3.1151e+06
3.1378e+06
3.1614e+06
3.1802e+06
3.1906e+06
3.1923e+06
3.1883e+06
3.1832e+06
3.1816e+06
3.1849e+06
3.1916e+06
3.1971e+06
3.1959e+06
3.1844e+06
3.1617e+06
3.1307e+06
3.0966e+06
3.0652e+06
3.041e+06
3.0259e+06
3.0189e+06
3.0174e+06
3.0181e+06
3.0194e+06
3.0212e+06
3.0251e+06
3.0335e+06
3.0478e+06
3.0677e+06
3.0905e+06
3.112e+06
3.1276e+06
3.1343e+06
3.1313e+06
3.1199e+06
3.1032e+06
3.084e+06
3.0645e+06
3.0449e+06
3.0249e+06
3.0039e+06
2.9824e+06
2.9623e+06
2.947e+06
2.94e+06
2.9436e+06
2.9581e+06
2.9811e+06
3.0081e+06
3.0343e+06
3.0558e+06
3.071e+06
3.0812e+06
3.0892e+06
3.0988e+06
3.1119e+06
3.1278e+06
3.1433e+06
3.1535e+06
3.1545e+06
3.1442e+06
3.1242e+06
3.0988e+06
3.074e+06
3.0558e+06
3.0479e+06
3.0513e+06
3.064e+06
3.0821e+06
3.1018e+06
3.1206e+06
3.1379e+06
3.1549e+06
3.1737e+06
3.1953e+06
3.219e+06
3.2415e+06
3.2584e+06
3.2653e+06
3.2597e+06
3.2423e+06
3.217e+06
3.1893e+06
3.1649e+06
3.1476e+06
3.138e+06
3.134e+06
3.1317e+06
3.1274e+06
3.1193e+06
3.1084e+06
3.0987e+06
3.0957e+06
3.1044e+06
3.1273e+06
3.1626e+06
3.2045e+06
3.2448e+06
3.2752e+06
3.2903e+06
3.2889e+06
3.274e+06
3.2517e+06
3.229e+06
3.2116e+06
3.202e+06
3.1996e+06
3.2015e+06
3.2042e+06
3.2055e+06
3.2055e+06
3.2066e+06
3.2125e+06
3.2267e+06
3.2512e+06
3.2847e+06
3.323e+06
3.3598e+06
3.3888e+06
3.4054e+06
3.408e+06
3.3986e+06
3.3815e+06
3.3623e+06
3.3456e+06
3.3342e+06
3.3282e+06
3.3257e+06
3.3243e+06
3.322e+06
3.3183e+06
3.3142e+06
3.3121e+06
3.3146e+06
3.3238e+06
3.3399e+06
3.3616e+06
3.3855e+06
3.408e+06
3.4254e+06
3.4356e+06
3.438e+06
3.4335e+06
3.4238e+06
3.4109e+06
3.3965e+06
3.3819e+06
3.3679e+06
3.3555e+06
3.3459e+06
3.3409e+06
3.342e+06
3.3507e+06
3.3671e+06
3.39e+06
3.4167e+06
3.4434e+06
3.4663e+06
3.4822e+06
3.4895e+06
3.4884e+06
3.4805e+06
3.4685e+06
3.4551e+06
3.4421e+06
3.4305e+06
3.4203e+06
3.4112e+06
3.4033e+06
3.3973e+06
3.3944e+06
3.3964e+06
3.4048e+06
3.4199e+06
3.4411e+06
3.4658e+06
3.4906e+06
3.5116e+06
3.5258e+06
3.5315e+06
3.5287e+06
3.5193e+06
3.5059e+06
3.4914e+06
3.478e+06
3.4669e+06
3.4583e+06
3.4521e+06
3.4482e+06
3.4469e+06
3.449e+06
3.4559e+06
3.4685e+06
3.4868e+06
3.5096e+06
3.5342e+06
3.5568e+06
3.5736e+06
3.5815e+06
3.5793e+06
3.5678e+06
3.5499e+06
3.5294e+06
3.5105e+06
3.4963e+06
3.4882e+06
3.4861e+06
3.4886e+06
3.4937e+06
3.4996e+06
3.5053e+06
3.5104e+06
3.5155e+06
3.5209e+06
3.5265e+06
3.531e+06
3.5323e+06
3.5276e+06
3.5148e+06
3.4933e+06
3.4646e+06
3.4323e+06
3.4017e+06
3.3778e+06
3.3648e+06
3.3643e+06
3.3753e+06
3.3945e+06
3.4169e+06
3.438e+06
3.454e+06
3.4633e+06
3.4667e+06
3.4664e+06
3.4654e+06
3.4661e+06
3.4688e+06
3.4719e+06
3.4723e+06
3.4669e+06
3.4536e+06
3.4328e+06
3.4073e+06
3.3818e+06
3.3619e+06
3.3523e+06
3.3553e+06
3.3706e+06
3.3942e+06
3.4204e+06
3.4427e+06
3.4557e+06
3.4566e+06
3.4459e+06
3.4268e+06
3.4046e+06
3.3845e+06
3.3703e+06
3.3632e+06
3.3619e+06
3.3636e+06
3.3647e+06
3.3627e+06
3.3564e+06
3.347e+06
3.3368e+06
3.329e+06
3.3261e+06
3.3285e+06
3.3342e+06
3.339e+06
3.3375e+06
3.3249e+06
3.2989e+06
3.2607e+06
3.2147e+06
3.1682e+06
3.1291e+06
3.1042e+06
3.097e+06
3.1069e+06
3.1292e+06
3.1564e+06
3.1801e+06
3.193e+06
3.1908e+06
3.1728e+06
3.142e+06
3.1044e+06
3.0669e+06
3.0351e+06
3.0122e+06
2.9979e+06
2.9893e+06
2.9823e+06
2.9733e+06
2.9605e+06
2.944e+06
2.9264e+06
2.9111e+06
2.902e+06
2.9016e+06
2.91e+06
2.9247e+06
2.9406e+06
2.9517e+06
2.9527e+06
2.9405e+06
2.915e+06
2.8793e+06
2.8388e+06
2.7997e+06
2.7679e+06
2.747e+06
2.7381e+06
2.7396e+06
2.7477e+06
2.7578e+06
2.7656e+06
2.7682e+06
2.7644e+06
2.7551e+06
2.7424e+06
2.7287e+06
2.7155e+06
2.7037e+06
2.6926e+06
2.6812e+06
2.6689e+06
2.6554e+06
2.6419e+06
2.6302e+06
2.6225e+06
2.6209e+06
2.6263e+06
2.6381e+06
2.6539e+06
2.6698e+06
2.6814e+06
2.685e+06
2.6783e+06
2.6618e+06
2.6382e+06
2.612e+06
2.5886e+06
2.5729e+06
2.568e+06
2.5745e+06
2.5905e+06
2.6121e+06
2.6343e+06
2.6523e+06
2.6627e+06
2.6637e+06
2.656e+06
2.6419e+06
2.6248e+06
2.6076e+06
2.5925e+06
2.5805e+06
2.5711e+06
2.5632e+06
2.5557e+06
2.5483e+06
2.5411e+06
2.5351e+06
2.5319e+06
2.5328e+06
2.5387e+06
2.549e+06
2.5615e+06
2.573e+06
2.5798e+06
2.5788e+06
2.5686e+06
2.5498e+06
2.5249e+06
2.4981e+06
2.4738e+06
2.4562e+06
2.4478e+06
2.449e+06
2.4582e+06
2.4715e+06
2.4844e+06
2.4925e+06
2.4929e+06
2.4844e+06
2.4683e+06
2.4477e+06
2.4267e+06
2.4092e+06
2.3982e+06
2.3951e+06
2.3991e+06
2.4081e+06
2.4192e+06
2.4291e+06
2.4352e+06
2.4362e+06
2.4321e+06
2.4241e+06
2.4144e+06
2.4047e+06
2.3963e+06
2.3892e+06
2.3824e+06
2.3747e+06
2.3648e+06
2.3524e+06
2.3378e+06
2.3224e+06
2.3082e+06
2.2974e+06
2.2921e+06
2.2935e+06
2.301e+06
2.3127e+06
2.325e+06
2.3339e+06
2.3361e+06
2.3297e+06
2.315e+06
2.2943e+06
2.2712e+06
2.2503e+06
2.2356e+06
2.2301e+06
2.2347e+06
2.2481e+06
2.267e+06
2.2868e+06
2.3027e+06
2.3108e+06
2.309e+06
2.2974e+06
2.2783e+06
2.2554e+06
2.2331e+06
2.2153e+06
2.2046e+06
2.202e+06
2.2065e+06
2.2155e+06
2.2255e+06
2.2333e+06
2.2362e+06
2.2332e+06
2.2247e+06
2.2126e+06
2.1998e+06
2.1889e+06
2.1822e+06
2.1806e+06
2.1838e+06
2.1907e+06
2.199e+06
2.2067e+06
2.2118e+06
2.2129e+06
2.2097e+06
2.2029e+06
2.1937e+06
2.184e+06
2.1751e+06
2.168e+06
2.1629e+06
2.1598e+06
2.1578e+06
2.1565e+06
2.1552e+06
2.1539e+06
2.1525e+06
2.1512e+06
2.1504e+06
2.1504e+06
2.1511e+06
2.1519e+06
2.1518e+06
2.1499e+06
2.1453e+06
2.138e+06
2.1286e+06
2.1185e+06
2.1092e+06
2.1026e+06
2.1e+06
2.1017e+06
2.1075e+06
2.1159e+06
2.1247e+06
2.1311e+06
2.1329e+06
2.1286e+06
2.1181e+06
2.1027e+06
2.0848e+06
2.0679e+06
2.055e+06
2.0486e+06
2.0499e+06
2.0582e+06
2.0715e+06
2.0862e+06
2.0985e+06
2.1048e+06
2.1026e+06
2.0914e+06
2.0725e+06
2.0488e+06
2.0246e+06
2.0041e+06
1.991e+06
1.9873e+06
1.9931e+06
2.0063e+06
2.0233e+06
2.0397e+06
2.0511e+06
2.0544e+06
2.048e+06
2.0327e+06
2.0114e+06
1.9881e+06
1.9675e+06
1.954e+06
1.9501e+06
1.9567e+06
1.9721e+06
1.9933e+06
2.0158e+06
2.035e+06
2.0473e+06
2.0505e+06
2.0444e+06
2.0308e+06
2.0133e+06
1.996e+06
1.983e+06
1.9769e+06
1.9789e+06
1.9879e+06
2.0013e+06
2.0154e+06
2.0259e+06
2.0294e+06
2.0238e+06
2.0087e+06
1.9857e+06
1.9585e+06
1.9315e+06
1.9091e+06
1.8949e+06
1.8907e+06
1.8961e+06
1.9089e+06
1.9253e+06
1.9411e+06
1.9524e+06
1.9561e+06
1.9507e+06
1.9367e+06
1.9161e+06
1.8926e+06
1.87e+06
1.8522e+06
1.8415e+06
1.8388e+06
1.843e+06
1.8518e+06
1.8618e+06
1.8694e+06
1.8716e+06
1.8667e+06
1.8543e+06
1.836e+06
1.8144e+06
1.7929e+06
1.7749e+06
1.7627e+06
1.7574e+06
1.7586e+06
1.7645e+06
1.7721e+06
1.7785e+06
1.7807e+06
1.7766e+06
1.7658e+06
1.7492e+06
1.7291e+06
1.7086e+06
1.6911e+06
1.6791e+06
1.6741e+06
1.6761e+06
1.6836e+06
1.6938e+06
1.7037e+06
1.71e+06
1.7101e+06
1.7026e+06
1.6877e+06
1.6671e+06
1.6436e+06
1.6207e+06
1.6013e+06
1.5879e+06
1.5814e+06
1.5811e+06
1.5852e+06
1.5909e+06
1.595e+06
1.5947e+06
1.5882e+06
1.5751e+06
1.5566e+06
1.5353e+06
1.5145e+06
1.4974e+06
1.4866e+06
1.4833e+06
1.4871e+06
1.496e+06
1.507e+06
1.5166e+06
1.5215e+06
1.5192e+06
1.5086e+06
1.4905e+06
1.467e+06
1.4419e+06
1.4194e+06
1.4032e+06
1.3961e+06
1.3991e+06
1.4113e+06
1.4299e+06
1.4513e+06
1.4714e+06
1.4862e+06
1.4933e+06
1.4916e+06
1.4819e+06
1.4663e+06
1.4484e+06
1.4318e+06
1.4199e+06
1.415e+06
1.4177e+06
1.4268e+06
1.4399e+06
1.4534e+06
1.4638e+06
1.4679e+06
1.4641e+06
1.452e+06
1.4328e+06
1.4092e+06
1.3843e+06
1.3617e+06
1.3443e+06
1.3341e+06
1.3315e+06
1.3356e+06
1.3441e+06
1.354e+06
1.3624e+06
1.3668e+06
1.3658e+06
1.3591e+06
1.3478e+06
1.3334e+06
1.3184e+06
1.3049e+06
1.295e+06
1.2897e+06
1.2894e+06
1.2933e+06
1.2996e+06
1.3063e+06
1.3113e+06
1.313e+06
1.3106e+06
1.3037e+06
1.293e+06
1.2792e+06
1.2635e+06
1.2476e+06
1.2327e+06
1.2203e+06
1.2113e+06
1.2057e+06
1.2031e+06
1.2024e+06
1.2022e+06
1.201e+06
1.1975e+06
1.191e+06
1.1809e+06
1.1673e+06
1.1512e+06
1.1338e+06
1.1171e+06
1.1033e+06
1.0941e+06
1.0907e+06
1.0932e+06
1.1007e+06
1.1113e+06
1.1228e+06
1.1325e+06
1.1381e+06
1.138e+06
1.1314e+06
1.1187e+06
1.1018e+06
1.0832e+06
1.0661e+06
1.0537e+06
1.0481e+06
1.0506e+06
1.0606e+06
1.0764e+06
1.0948e+06
1.1125e+06
1.1263e+06
1.1334e+06
1.1326e+06
1.1238e+06
1.1084e+06
1.0887e+06
1.0677e+06
1.0484e+06
1.0335e+06
1.0247e+06
1.0225e+06
1.0261e+06
1.0338e+06
1.0431e+06
1.0515e+06
1.0567e+06
1.0575e+06
1.0533e+06
1.0445e+06
1.0322e+06
1.018e+06
1.0033e+06
9.901e+05
9.7974e+05
9.7327e+05
9.7107e+05
9.7276e+05
9.7732e+05
9.8334e+05
9.893e+05
9.9382e+05
9.957e+05
9.9402e+05
9.882e+05
9.7808e+05
9.6416e+05
9.4762e+05
9.3029e+05
9.1441e+05
9.0215e+05
8.9521e+05
8.944e+05
8.9945e+05
9.0906e+05
9.2111e+05
9.3307e+05
9.4235e+05
9.4685e+05
9.4532e+05
9.376e+05
9.2473e+05
9.0874e+05
8.9228e+05
8.7813e+05
8.6868e+05
8.6542e+05
8.6868e+05
8.7758e+05
8.902e+05
9.0399e+05
9.1631e+05
9.249e+05
9.2831e+05
9.2606e+05
9.1859e+05
9.0713e+05
8.9337e+05
8.7919e+05
8.6648e+05
8.5682e+05
8.5138e+05
8.5067e+05
8.5447e+05
8.6187e+05
8.7148e+05
8.8166e+05
8.9084e+05
8.976e+05
9.008e+05
8.9963e+05
8.9372e+05
8.8329e+05
8.6925e+05
8.5319e+05
8.3723e+05
8.237e+05
8.1465e+05
8.1142e+05
8.1437e+05
8.2277e+05
8.3493e+05
8.4854e+05
8.6105e+05
8.7012e+05
8.7405e+05
8.7203e+05
8.6427e+05
8.5197e+05
8.3702e+05
8.2175e+05
8.0848e+05
7.9926e+05
7.9551e+05
7.9783e+05
8.059e+05
8.185e+05
8.3382e+05
8.498e+05
8.6452e+05
8.7644e+05
8.8446e+05
8.8795e+05
8.8666e+05
8.8075e+05
8.7083e+05
8.5804e+05
8.4406e+05
8.3095e+05
8.2086e+05
8.1558e+05
8.1623e+05
8.2298e+05
8.3496e+05
8.5047e+05
8.6716e+05
8.8245e+05
8.9391e+05
8.997e+05
8.989e+05
8.9164e+05
8.7913e+05
8.634e+05
8.4691e+05
8.3217e+05
8.2131e+05
8.1578e+05
8.1615e+05
8.2205e+05
8.3234e+05
8.4534e+05
8.5921e+05
8.7229e+05
8.833e+05
8.9135e+05
8.9593e+05
8.9676e+05
8.9376e+05
8.8718e+05
8.777e+05
8.6655e+05
8.5548e+05
8.4653e+05
8.4167e+05
8.4237e+05
8.4929e+05
8.6207e+05
8.7939e+05
8.9916e+05
9.1891e+05
9.3618e+05
9.4896e+05
9.5604e+05
9.5717e+05
9.5301e+05
9.4493e+05
9.3469e+05
9.2414e+05
9.1492e+05
9.0835e+05
9.0529e+05
9.0611e+05
9.1069e+05
9.1845e+05
9.2856e+05
9.4012e+05
9.5226e+05
9.6418e+05
9.7505e+05
9.8396e+05
9.8986e+05
9.9185e+05
9.894e+05
9.8265e+05
9.7258e+05
9.6093e+05
9.4993e+05
9.4185e+05
9.386e+05
9.413e+05
9.5006e+05
9.6399e+05
9.8139e+05
1.0001e+06
1.0181e+06
1.0334e+06
1.0448e+06
1.0517e+06
1.0541e+06
1.0522e+06
1.0467e+06
1.0383e+06
1.028e+06
1.0172e+06
1.0071e+06
9.9945e+05
9.9566e+05
9.968e+05
1.0033e+06
1.015e+06
1.0307e+06
1.0488e+06
1.0671e+06
1.0835e+06
1.0963e+06
1.1043e+06
1.107e+06
1.1049e+06
1.0991e+06
1.0908e+06
1.0816e+06
1.073e+06
1.066e+06
1.0617e+06
1.0609e+06
1.0639e+06
1.0711e+06
1.0823e+06
1.0971e+06
1.1146e+06
1.1337e+06
1.1528e+06
1.1703e+06
1.1843e+06
1.1935e+06
1.1971e+06
1.1949e+06
1.188e+06
1.1777e+06
1.1663e+06
1.1558e+06
1.1481e+06
1.1445e+06
1.1458e+06
1.152e+06
1.1626e+06
1.1768e+06
1.1933e+06
1.2109e+06
1.2283e+06
1.2445e+06
1.2581e+06
1.2682e+06
1.2738e+06
1.2746e+06
1.2709e+06
1.2633e+06
1.2535e+06
1.2433e+06
1.2345e+06
1.2289e+06
1.2276e+06
1.2308e+06
1.2386e+06
1.25e+06
1.264e+06
1.2795e+06
1.2955e+06
1.3112e+06
1.3259e+06
1.3392e+06
1.3503e+06
1.3584e+06
1.3626e+06
1.3623e+06
1.3574e+06
1.3484e+06
1.3368e+06
1.3244e+06
1.3133e+06
1.3054e+06
1.302e+06
1.3036e+06
1.3101e+06
1.3207e+06
1.3344e+06
1.3501e+06
1.3668e+06
1.3838e+06
1.4003e+06
1.4157e+06
1.4288e+06
1.4385e+06
1.4435e+06
1.4434e+06
1.4381e+06
1.4287e+06
1.4172e+06
1.406e+06
1.3974e+06
1.3931e+06
1.3941e+06
1.4003e+06
1.4109e+06
1.4246e+06
1.4401e+06
1.4566e+06
1.4736e+06
1.491e+06
1.5089e+06
1.5267e+06
1.5434e+06
1.5571e+06
1.566e+06
1.5685e+06
1.5643e+06
1.5546e+06
1.5416e+06
1.5285e+06
1.5183e+06
1.5131e+06
1.514e+06
1.5204e+06
1.531e+06
1.5438e+06
1.5575e+06
1.5711e+06
1.5848e+06
1.5992e+06
1.6151e+06
1.633e+06
1.6521e+06
1.6703e+06
1.6852e+06
1.6943e+06
1.6961e+06
1.6908e+06
1.6803e+06
1.6677e+06
1.6561e+06
1.6484e+06
1.646e+06
1.6489e+06
1.6562e+06
1.6666e+06
1.6787e+06
1.692e+06
1.7065e+06
1.7227e+06
1.7411e+06
1.7615e+06
1.7828e+06
1.8031e+06
1.8202e+06
1.8321e+06
1.8378e+06
1.8376e+06
1.8329e+06
1.8255e+06
1.8172e+06
1.8093e+06
1.802e+06
1.7953e+06
1.7891e+06
1.7838e+06
1.7806e+06
1.7812e+06
1.7874e+06
1.8003e+06
1.8197e+06
1.8442e+06
1.8709e+06
1.8962e+06
1.9172e+06
1.9324e+06
1.9416e+06
1.9463e+06
1.9487e+06
1.9508e+06
1.9532e+06
1.9553e+06
1.9555e+06
1.9521e+06
1.9447e+06
1.934e+06
1.9225e+06
1.9134e+06
1.9098e+06
1.9137e+06
1.9252e+06
1.9429e+06
1.9638e+06
1.9852e+06
2.0047e+06
2.0215e+06
2.036e+06
2.0495e+06
2.063e+06
2.0766e+06
2.089e+06
2.0982e+06
2.1021e+06
2.0995e+06
2.091e+06
2.0788e+06
2.0661e+06
2.0556e+06
2.0494e+06
2.0476e+06
2.049e+06
2.0521e+06
2.0553e+06
2.0586e+06
2.0632e+06
2.0714e+06
2.0854e+06
2.1063e+06
2.1331e+06
2.1627e+06
2.1907e+06
2.2127e+06
2.2263e+06
2.2311e+06
2.2294e+06
2.2249e+06
2.2211e+06
2.22e+06
2.2212e+06
2.2228e+06
2.222e+06
2.217e+06
2.2078e+06
2.1966e+06
2.1872e+06
2.1833e+06
2.1875e+06
2.2003e+06
2.2197e+06
2.2423e+06
2.2644e+06
2.2835e+06
2.2986e+06
2.3107e+06
2.3219e+06
2.3337e+06
2.3466e+06
2.3593e+06
2.3693e+06
2.3742e+06
2.3729e+06
2.3664e+06
2.3572e+06
2.3486e+06
2.3432e+06
2.3417e+06
2.3433e+06
2.3457e+06
2.3466e+06
2.3452e+06
2.3424e+06
2.3409e+06
2.3441e+06
2.355e+06
2.3743e+06
2.4002e+06
2.4288e+06
2.4558e+06
2.4776e+06
2.4928e+06
2.5026e+06
2.5097e+06
2.5168e+06
2.5255e+06
2.5348e+06
2.542e+06
2.5437e+06
2.5379e+06
2.5251e+06
2.508e+06
2.4912e+06
2.4793e+06
2.4749e+06
2.4783e+06
2.4871e+06
2.4978e+06
2.5074e+06
2.5148e+06
2.5209e+06
2.5285e+06
2.5408e+06
2.5596e+06
2.5841e+06
2.6114e+06
2.637e+06
2.6568e+06
2.6689e+06
2.6738e+06
2.6742e+06
2.6736e+06
2.6747e+06
2.6777e+06
2.6808e+06
2.6811e+06
2.6761e+06
2.6652e+06
2.6501e+06
2.6342e+06
2.6214e+06
2.6144e+06
2.614e+06
2.6187e+06
2.6262e+06
2.6341e+06
2.6418e+06
2.6502e+06
2.6614e+06
2.6778e+06
2.7001e+06
2.7273e+06
2.7561e+06
2.7825e+06
2.8033e+06
2.8169e+06
2.8241e+06
2.8273e+06
2.829e+06
2.8309e+06
2.8329e+06
2.8334e+06
2.8303e+06
2.8223e+06
2.8098e+06
2.7949e+06
2.7805e+06
2.7691e+06
2.7621e+06
2.759e+06
2.7586e+06
2.7594e+06
2.761e+06
2.7639e+06
2.7697e+06
2.78e+06
2.7954e+06
2.815e+06
2.8364e+06
2.8567e+06
2.8738e+06
2.8868e+06
2.8967e+06
2.9055e+06
2.915e+06
2.9257e+06
2.9367e+06
2.9458e+06
2.9507e+06
2.9503e+06
2.945e+06
2.9368e+06
2.928e+06
2.9206e+06
2.9147e+06
2.9097e+06
2.9041e+06
2.8973e+06
2.8898e+06
2.8835e+06
2.8807e+06
2.8832e+06
2.8913e+06
2.9033e+06
2.917e+06
2.93e+06
2.9416e+06
2.9526e+06
2.9649e+06
2.9806e+06
3e+06
3.021e+06
3.0402e+06
3.0537e+06
3.0592e+06
3.0575e+06
3.0519e+06
3.0469e+06
3.0461e+06
3.0502e+06
3.0563e+06
3.0594e+06
3.0549e+06
3.0405e+06
3.0175e+06
2.9905e+06
2.9651e+06
2.9461e+06
2.9353e+06
2.9311e+06
2.9301e+06
2.9291e+06
2.9266e+06
2.9241e+06
2.9248e+06
2.932e+06
2.947e+06
2.9683e+06
2.992e+06
3.0137e+06
3.0305e+06
3.0424e+06
3.0519e+06
3.0627e+06
3.0774e+06
3.0955e+06
3.1136e+06
3.1267e+06
3.131e+06
3.1257e+06
3.1136e+06
3.1001e+06
3.0902e+06
3.0862e+06
3.0865e+06
3.0865e+06
3.0808e+06
3.0666e+06
3.0445e+06
3.019e+06
2.9963e+06
2.9815e+06
2.9767e+06
2.9801e+06
2.9871e+06
2.9931e+06
2.9955e+06
2.9947e+06
2.9936e+06
2.9958e+06
3.0039e+06
3.0177e+06
3.0346e+06
3.0512e+06
3.0648e+06
3.0746e+06
3.0821e+06
3.0894e+06
3.0977e+06
3.1065e+06
3.1136e+06
3.1165e+06
3.1136e+06
3.1057e+06
3.0955e+06
3.0859e+06
3.0787e+06
3.0734e+06
3.0673e+06
3.0576e+06
3.0426e+06
3.0232e+06
3.0026e+06
2.9846e+06
2.9719e+06
2.9644e+06
2.9597e+06
2.9542e+06
2.9453e+06
2.933e+06
2.92e+06
2.9105e+06
2.9081e+06
2.9139e+06
2.926e+06
2.9406e+06
2.954e+06
2.9643e+06
2.9725e+06
2.9808e+06
2.9916e+06
3.0052e+06
3.0194e+06
3.0306e+06
3.036e+06
3.0349e+06
3.0298e+06
3.0247e+06
3.0227e+06
3.024e+06
3.0253e+06
3.0215e+06
3.0084e+06
2.9855e+06
2.9563e+06
2.9273e+06
2.9047e+06
2.8911e+06
2.8842e+06
2.8784e+06
2.8677e+06
2.8493e+06
2.8248e+06
2.8001e+06
2.782e+06
2.7749e+06
2.7785e+06
2.7879e+06
2.7961e+06
2.7982e+06
2.7929e+06
2.7838e+06
2.7768e+06
2.7774e+06
2.7873e+06
2.8041e+06
2.8223e+06
2.8369e+06
2.8459e+06
2.851e+06
2.8562e+06
2.865e+06
2.878e+06
2.8918e+06
2.9014e+06
2.9026e+06
2.8947e+06
2.8811e+06
2.8671e+06
2.8573e+06
2.8525e+06
2.8496e+06
2.8434e+06
2.83e+06
2.8089e+06
2.784e+06
2.7612e+06
2.7453e+06
2.7372e+06
2.7334e+06
2.7282e+06
2.7165e+06
2.6975e+06
2.6741e+06
2.6523e+06
2.6374e+06
2.6314e+06
2.6322e+06
2.6351e+06
2.6354e+06
2.6317e+06
2.626e+06
2.623e+06
2.6268e+06
2.6386e+06
2.6556e+06
2.6725e+06
2.6846e+06
2.69e+06
2.6906e+06
2.6912e+06
2.6962e+06
2.7074e+06
2.7227e+06
2.7377e+06
2.7479e+06
2.7515e+06
2.7497e+06
2.7456e+06
2.7419e+06
2.7395e+06
2.7365e+06
2.7302e+06
2.719e+06
2.7036e+06
2.6867e+06
2.671e+06
2.6578e+06
2.6457e+06
2.6313e+06
2.612e+06
2.5877e+06
2.5611e+06
2.5369e+06
2.519e+06
2.5083e+06
2.5023e+06
2.4962e+06
2.4862e+06
2.4718e+06
2.4556e+06
2.4424e+06
2.4362e+06
2.4376e+06
2.4438e+06
2.4498e+06
2.4517e+06
2.4491e+06
2.4448e+06
2.4436e+06
2.4495e+06
2.4628e+06
2.4801e+06
2.4961e+06
2.507e+06
2.5119e+06
2.5138e+06
2.5171e+06
2.5251e+06
2.5379e+06
2.5524e+06
2.5644e+06
2.5711e+06
2.5728e+06
2.5721e+06
2.5719e+06
2.5731e+06
2.5742e+06
2.5719e+06
2.564e+06
2.5509e+06
2.536e+06
2.5235e+06
2.5157e+06
2.5114e+06
2.5065e+06
2.4963e+06
2.4786e+06
2.455e+06
2.4304e+06
2.4096e+06
2.3949e+06
2.3843e+06
2.3732e+06
2.3574e+06
2.3356e+06
2.3112e+06
2.2894e+06
2.275e+06
2.2688e+06
2.2674e+06
2.2653e+06
2.2581e+06
2.2456e+06
2.2317e+06
2.2223e+06
2.2214e+06
2.2288e+06
2.2402e+06
2.2496e+06
2.2535e+06
2.2524e+06
2.251e+06
2.2548e+06
2.2666e+06
2.2843e+06
2.3023e+06
2.3148e+06
2.32e+06
2.3206e+06
2.3232e+06
2.3335e+06
2.3526e+06
2.3762e+06
2.3969e+06
2.4087e+06
2.4102e+06
2.4055e+06
2.4011e+06
2.4021e+06
2.4084e+06
2.4155e+06
2.4169e+06
2.4092e+06
2.394e+06
2.377e+06
2.3651e+06
2.3614e+06
2.3638e+06
2.3659e+06
2.3612e+06
2.3465e+06
2.3234e+06
2.297e+06
2.2725e+06
2.2521e+06
2.2351e+06
2.2185e+06
2.2005e+06
2.1814e+06
2.1637e+06
2.1497e+06
2.1394e+06
2.1302e+06
2.1183e+06
2.1016e+06
2.081e+06
2.0606e+06
2.0449e+06
2.0362e+06
2.0332e+06
2.0318e+06
2.0279e+06
2.02e+06
2.0101e+06
2.0025e+06
2.0006e+06
2.0048e+06
2.012e+06
2.0178e+06
2.0194e+06
2.0178e+06
2.017e+06
2.0215e+06
2.0333e+06
2.0505e+06
2.0679e+06
2.081e+06
2.0882e+06
2.0921e+06
2.0974e+06
2.1075e+06
2.1224e+06
2.1381e+06
2.1495e+06
2.1543e+06
2.1545e+06
2.1558e+06
2.1639e+06
2.1806e+06
2.2024e+06
2.2222e+06
2.2339e+06
2.2356e+06
2.2305e+06
2.2251e+06
2.225e+06
2.2316e+06
2.2421e+06
2.2513e+06
2.2556e+06
2.2545e+06
2.2506e+06
2.247e+06
2.2449e+06
2.2432e+06
2.2394e+06
2.232e+06
2.2216e+06
2.2107e+06
2.2013e+06
2.1931e+06
2.184e+06
2.1711e+06
2.1534e+06
2.1329e+06
2.1135e+06
2.0985e+06
2.0882e+06
2.0792e+06
2.0667e+06
2.0478e+06
2.0233e+06
1.9977e+06
1.976e+06
1.961e+06
1.9509e+06
1.9409e+06
1.926e+06
1.9044e+06
1.8785e+06
1.8532e+06
1.8331e+06
1.8201e+06
1.8121e+06
1.8056e+06
1.7977e+06
1.788e+06
1.7778e+06
1.7686e+06
1.7605e+06
1.7521e+06
1.7421e+06
1.7306e+06
1.7202e+06
1.7145e+06
1.7157e+06
1.7226e+06
1.731e+06
1.7358e+06
1.7343e+06
1.7277e+06
1.7203e+06
1.7172e+06
1.7203e+06
1.7282e+06
1.7365e+06
1.7415e+06
1.7428e+06
1.7433e+06
1.7475e+06
1.758e+06
1.774e+06
1.7913e+06
1.8056e+06
1.8151e+06
1.8215e+06
1.8287e+06
1.8399e+06
1.8552e+06
1.872e+06
1.8867e+06
1.8976e+06
1.9055e+06
1.9133e+06
1.9234e+06
1.936e+06
1.9493e+06
1.9608e+06
1.9697e+06
1.9774e+06
1.9862e+06
1.9977e+06
2.0108e+06
2.0229e+06
2.0314e+06
2.0366e+06
2.041e+06
2.0478e+06
2.0583e+06
2.0705e+06
2.0804e+06
2.0848e+06
2.0839e+06
2.0814e+06
2.0823e+06
2.0894e+06
2.1014e+06
2.1132e+06
2.1198e+06
2.119e+06
2.1128e+06
2.1059e+06
2.1021e+06
2.1024e+06
2.1051e+06
2.1071e+06
2.1072e+06
2.106e+06
2.1051e+06
2.1052e+06
2.1046e+06
2.1008e+06
2.0924e+06
2.0811e+06
2.0707e+06
2.0648e+06
2.064e+06
2.0649e+06
2.0629e+06
2.055e+06
2.0423e+06
2.0293e+06
2.0203e+06
2.0165e+06
2.0146e+06
2.0095e+06
1.9977e+06
1.9804e+06
1.9624e+06
1.9489e+06
1.9419e+06
1.9383e+06
1.9326e+06
1.9206e+06
1.9022e+06
1.8815e+06
1.8634e+06
1.8505e+06
1.8412e+06
1.8313e+06
1.8174e+06
1.7992e+06
1.7796e+06
1.7623e+06
1.749e+06
1.7386e+06
1.7281e+06
1.7156e+06
1.7011e+06
1.6863e+06
1.6724e+06
1.659e+06
1.6443e+06
1.6274e+06
1.6097e+06
1.5945e+06
1.5846e+06
1.5795e+06
1.575e+06
1.5655e+06
1.548e+06
1.5239e+06
1.4991e+06
1.4796e+06
1.4679e+06
1.461e+06
1.4532e+06
1.4401e+06
1.4218e+06
1.4027e+06
1.3878e+06
1.3791e+06
1.3736e+06
1.366e+06
1.3525e+06
1.3338e+06
1.3144e+06
1.299e+06
1.2892e+06
1.2821e+06
1.273e+06
1.2586e+06
1.24e+06
1.2211e+06
1.2057e+06
1.1948e+06
1.1858e+06
1.1756e+06
1.1629e+06
1.1493e+06
1.1376e+06
1.1286e+06
1.12e+06
1.1077e+06
1.0895e+06
1.0673e+06
1.0468e+06
1.0337e+06
1.0291e+06
1.0282e+06
1.0233e+06
1.0093e+06
9.8718e+05
9.6334e+05
9.4566e+05
9.3785e+05
9.3684e+05
9.3548e+05
9.2794e+05
9.1354e+05
8.9652e+05
8.824e+05
8.7339e+05
8.6671e+05
8.5712e+05
8.4148e+05
