1.6195e+06
1.6394e+06
1.6547e+06
1.6688e+06
1.6877e+06
1.7149e+06
1.7484e+06
1.7814e+06
1.8064e+06
1.8207e+06
1.828e+06
1.8363e+06
1.8527e+06
1.8791e+06
1.9111e+06
1.9414e+06
1.9649e+06
1.981e+06
1.9929e+06
2.0047e+06
2.0186e+06
2.0341e+06
2.0503e+06
2.0674e+06
2.0876e+06
2.113e+06
2.1429e+06
2.1738e+06
2.2012e+06
2.2231e+06
2.2415e+06
2.2617e+06
2.2878e+06
2.3196e+06
2.3522e+06
2.3792e+06
2.3976e+06
2.4097e+06
2.4225e+06
2.4423e+06
2.4713e+06
2.5054e+06
2.538e+06
2.5643e+06
2.5844e+06
2.6027e+06
2.6244e+06
2.6519e+06
2.6839e+06
2.7171e+06
2.7495e+06
2.7815e+06
2.8147e+06
2.8492e+06
2.882e+06
2.9091e+06
2.928e+06
2.941e+06
2.9541e+06
2.9739e+06
3.0025e+06
3.0361e+06
3.0673e+06
3.0911e+06
3.1077e+06
3.1232e+06
3.1446e+06
3.1743e+06
3.208e+06
3.2378e+06
3.2577e+06
3.2685e+06
3.2781e+06
3.2954e+06
3.3247e+06
3.3615e+06
3.3959e+06
3.4196e+06
3.4316e+06
3.4395e+06
3.4547e+06
3.4844e+06
3.5269e+06
3.5723e+06
3.6091e+06
3.631e+06
3.6402e+06
3.6444e+06
3.6522e+06
3.6674e+06
3.6883e+06
3.7104e+06
3.731e+06
3.7506e+06
3.7716e+06
3.7951e+06
3.8183e+06
3.8363e+06
3.8455e+06
3.8471e+06
3.8468e+06
3.852e+06
3.8665e+06
3.888e+06
3.9097e+06
3.9253e+06
3.9332e+06
3.9372e+06
3.9439e+06
3.9573e+06
3.9757e+06
3.9927e+06
4.0013e+06
3.9989e+06
3.9888e+06
3.9783e+06
3.9739e+06
3.9769e+06
3.9835e+06
3.9869e+06
3.9827e+06
3.9706e+06
3.9549e+06
3.9407e+06
3.9313e+06
3.926e+06
3.9218e+06
3.9155e+06
3.9059e+06
3.8937e+06
3.8803e+06
3.8661e+06
3.8506e+06
3.8325e+06
3.8121e+06
3.7911e+06
3.772e+06
3.7565e+06
3.7437e+06
3.7309e+06
3.7148e+06
3.6935e+06
3.6677e+06
3.64e+06
3.6132e+06
3.5892e+06
3.5674e+06
3.546e+06
3.5228e+06
3.4963e+06
3.4663e+06
3.4335e+06
3.3997e+06
3.3671e+06
3.3379e+06
3.3144e+06
3.2972e+06
3.2856e+06
3.2766e+06
3.2663e+06
3.2518e+06
3.2322e+06
3.2095e+06
3.1876e+06
3.1698e+06
3.1577e+06
3.1502e+06
3.1445e+06
3.138e+06
3.1298e+06
3.1209e+06
3.1135e+06
3.1093e+06
3.1084e+06
3.1101e+06
3.1132e+06
3.1173e+06
3.1233e+06
3.1322e+06
3.1442e+06
3.158e+06
3.1715e+06
3.1829e+06
3.192e+06
3.2003e+06
3.2105e+06
3.2242e+06
3.2417e+06
3.2614e+06
3.2815e+06
3.3016e+06
3.3232e+06
3.3488e+06
3.3803e+06
3.417e+06
3.4556e+06
3.4917e+06
3.5218e+06
3.5453e+06
3.5647e+06
3.5841e+06
3.6067e+06
3.634e+06
3.6651e+06
3.6976e+06
3.7294e+06
3.7592e+06
3.7865e+06
3.8111e+06
3.8323e+06
3.85e+06
3.8647e+06
3.8782e+06
3.8927e+06
3.9094e+06
3.9276e+06
3.9444e+06
3.9566e+06
3.9624e+06
3.9631e+06
3.9619e+06
3.9624e+06
3.9661e+06
3.9711e+06
3.9736e+06
3.9699e+06
3.9594e+06
3.9448e+06
3.93e+06
3.9177e+06
3.9067e+06
3.8923e+06
3.8692e+06
3.8351e+06
3.7927e+06
3.7491e+06
3.7125e+06
3.688e+06
3.6747e+06
3.6662e+06
3.6548e+06
3.635e+06
3.6061e+06
3.5721e+06
3.5383e+06
3.5091e+06
3.4856e+06
3.4662e+06
3.4487e+06
3.4321e+06
3.4173e+06
3.4063e+06
3.3999e+06
3.397e+06
3.3952e+06
3.392e+06
3.3874e+06
3.3839e+06
3.3857e+06
3.3961e+06
3.4159e+06
3.4423e+06
3.4706e+06
3.497e+06
3.5201e+06
3.5413e+06
3.5638e+06
3.5896e+06
3.6186e+06
3.6487e+06
3.6771e+06
3.7025e+06
3.7263e+06
3.7512e+06
3.7799e+06
3.8129e+06
3.8477e+06
3.8805e+06
3.9082e+06
3.9302e+06
3.9484e+06
3.9664e+06
3.9867e+06
4.0097e+06
4.0331e+06
4.054e+06
4.07e+06
4.0806e+06
4.0863e+06
4.0878e+06
4.0848e+06
4.0761e+06
4.0609e+06
4.0401e+06
4.0166e+06
3.9945e+06
3.9768e+06
3.9638e+06
3.9525e+06
3.9387e+06
3.919e+06
3.8925e+06
3.8618e+06
3.8306e+06
3.8018e+06
3.7759e+06
3.7509e+06
3.7245e+06
3.6954e+06
3.6654e+06
3.6382e+06
3.6176e+06
3.6052e+06
3.5996e+06
3.5973e+06
3.5947e+06
3.5905e+06
3.5865e+06
3.5862e+06
3.5929e+06
3.6071e+06
3.6263e+06
3.6461e+06
3.6629e+06
3.6759e+06
3.6874e+06
3.7015e+06
3.7214e+06
3.7476e+06
3.7774e+06
3.8069e+06
3.8334e+06
3.8569e+06
3.8803e+06
3.907e+06
3.9382e+06
3.9718e+06
4.0029e+06
4.0267e+06
4.0408e+06
4.0468e+06
4.049e+06
4.0518e+06
4.0571e+06
4.063e+06
4.0653e+06
4.0605e+06
4.0481e+06
4.031e+06
4.0141e+06
4.0006e+06
3.9905e+06
3.9801e+06
3.9642e+06
3.94e+06
3.9083e+06
3.8741e+06
3.8435e+06
3.8208e+06
3.8061e+06
3.7952e+06
3.7826e+06
3.7646e+06
3.7414e+06
3.7175e+06
3.6989e+06
3.6901e+06
3.6917e+06
3.7003e+06
3.7105e+06
3.7181e+06
3.7222e+06
3.7256e+06
3.733e+06
3.7481e+06
3.7717e+06
3.8007e+06
3.8306e+06
3.8573e+06
3.8796e+06
3.8986e+06
3.9172e+06
3.9369e+06
3.9573e+06
3.9755e+06
3.9886e+06
3.9952e+06
3.9965e+06
3.9958e+06
3.9959e+06
3.9976e+06
3.9989e+06
3.9958e+06
3.985e+06
3.9659e+06
3.9411e+06
3.9147e+06
3.8903e+06
3.8686e+06
3.8474e+06
3.8231e+06
3.7935e+06
3.7593e+06
3.7241e+06
3.6926e+06
3.6679e+06
3.6495e+06
3.6336e+06
3.6155e+06
3.5923e+06
3.5657e+06
3.5411e+06
3.5255e+06
3.5242e+06
3.5374e+06
3.5599e+06
3.5835e+06
3.601e+06
3.6096e+06
3.6122e+06
3.6157e+06
3.6275e+06
3.6513e+06
3.6848e+06
3.7208e+06
3.7508e+06
3.769e+06
3.7753e+06
3.7744e+06
3.7734e+06
3.7775e+06
3.7874e+06
3.7985e+06
3.8042e+06
3.7988e+06
3.781e+06
3.7539e+06
3.7236e+06
3.6962e+06
3.6746e+06
3.6576e+06
3.6414e+06
3.6216e+06
3.596e+06
3.5651e+06
3.5318e+06
3.4997e+06
3.4717e+06
3.4492e+06
3.432e+06
3.4196e+06
3.4115e+06
3.408e+06
3.4094e+06
3.4154e+06
3.4252e+06
3.4371e+06
3.4495e+06
3.4618e+06
3.4749e+06
3.4902e+06
3.509e+06
3.5316e+06
3.5564e+06
3.5809e+06
3.6027e+06
3.6205e+06
3.6347e+06
3.647e+06
3.6585e+06
3.6692e+06
3.6775e+06
3.6808e+06
3.677e+06
3.666e+06
3.6492e+06
3.6295e+06
3.6089e+06
3.5879e+06
3.5648e+06
3.5373e+06
3.5043e+06
3.4669e+06
3.4294e+06
3.3973e+06
3.375e+06
3.3639e+06
3.3614e+06
3.3624e+06
3.3614e+06
3.3556e+06
3.3462e+06
3.338e+06
3.3371e+06
3.3478e+06
3.3701e+06
3.3994e+06
3.4285e+06
3.4505e+06
3.4624e+06
3.4658e+06
3.4658e+06
3.4686e+06
3.4773e+06
3.491e+06
3.5043e+06
3.5108e+06
3.506e+06
3.4896e+06
3.4657e+06
3.4401e+06
3.418e+06
3.4006e+06
3.3854e+06
3.3674e+06
3.3425e+06
3.3099e+06
3.2727e+06
3.2368e+06
3.2083e+06
3.1908e+06
3.1838e+06
3.1837e+06
3.1859e+06
3.187e+06
3.1866e+06
3.1873e+06
3.1929e+06
3.2062e+06
3.2273e+06
3.2531e+06
3.2788e+06
3.3003e+06
3.3159e+06
3.3266e+06
3.3359e+06
3.3468e+06
3.3603e+06
3.3739e+06
3.3833e+06
3.3841e+06
3.3738e+06
3.3539e+06
3.3284e+06
3.3025e+06
3.2801e+06
3.2622e+06
3.2468e+06
3.2308e+06
3.2118e+06
3.1897e+06
3.1668e+06
3.1469e+06
3.133e+06
3.1262e+06
3.1248e+06
3.1255e+06
3.1254e+06
3.1235e+06
3.1216e+06
3.1236e+06
3.1336e+06
3.1537e+06
3.1825e+06
3.2149e+06
3.2444e+06
3.2654e+06
3.2752e+06
3.2748e+06
3.2682e+06
3.26e+06
3.2532e+06
3.2478e+06
3.2412e+06
3.2297e+06
3.2106e+06
3.184e+06
3.1525e+06
3.1201e+06
3.0907e+06
3.066e+06
3.0457e+06
3.0277e+06
3.0101e+06
2.9924e+06
2.9758e+06
2.9632e+06
2.9574e+06
2.96e+06
2.9701e+06
2.9852e+06
3.0018e+06
3.0172e+06
3.0303e+06
3.0417e+06
3.0531e+06
3.0653e+06
3.0778e+06
3.0878e+06
3.0923e+06
3.0888e+06
3.0769e+06
3.0592e+06
3.0395e+06
3.0216e+06
3.0073e+06
2.9953e+06
2.9822e+06
2.9643e+06
2.9397e+06
2.9093e+06
2.8773e+06
2.8496e+06
2.8311e+06
2.8243e+06
2.828e+06
2.8379e+06
2.8488e+06
2.8569e+06
2.8612e+06
2.8639e+06
2.869e+06
2.8804e+06
2.8994e+06
2.9239e+06
2.9487e+06
2.9678e+06
2.9768e+06
2.9748e+06
2.964e+06
2.949e+06
2.9342e+06
2.9218e+06
2.9112e+06
2.8994e+06
2.8833e+06
2.8615e+06
2.8355e+06
2.8091e+06
2.7874e+06
2.7742e+06
2.7706e+06
2.7746e+06
2.782e+06
2.7885e+06
2.7915e+06
2.7911e+06
2.7899e+06
2.7917e+06
2.7999e+06
2.8151e+06
2.8349e+06
2.8548e+06
2.87e+06
2.8775e+06
2.8771e+06
2.8712e+06
2.8636e+06
2.857e+06
2.8519e+06
2.8464e+06
2.8371e+06
2.8209e+06
2.7972e+06
2.768e+06
2.7377e+06
2.7117e+06
2.6938e+06
2.6855e+06
2.6851e+06
2.6891e+06
2.6936e+06
2.6959e+06
2.6959e+06
2.6955e+06
2.6978e+06
2.7052e+06
2.7181e+06
2.7342e+06
2.7497e+06
2.7601e+06
2.7627e+06
2.7568e+06
2.7441e+06
2.7276e+06
2.7099e+06
2.6922e+06
2.6741e+06
2.6541e+06
2.631e+06
2.6051e+06
2.5786e+06
2.5551e+06
2.5382e+06
2.5303e+06
2.5313e+06
2.5388e+06
2.5488e+06
2.5576e+06
2.5627e+06
2.564e+06
2.5635e+06
2.5643e+06
2.5686e+06
2.5765e+06
2.5858e+06
2.5921e+06
2.5912e+06
2.5806e+06
2.5604e+06
2.5337e+06
2.5051e+06
2.4794e+06
2.4591e+06
2.4445e+06
2.4332e+06
2.4222e+06
2.4091e+06
2.3933e+06
2.3765e+06
2.3618e+06
2.3525e+06
2.3507e+06
2.3562e+06
2.3665e+06
2.3779e+06
2.3864e+06
2.39e+06
2.3885e+06
2.384e+06
2.3793e+06
2.3765e+06
2.3759e+06
2.3757e+06
2.3727e+06
2.3638e+06
2.3476e+06
2.3252e+06
2.2997e+06
2.2754e+06
2.2565e+06
2.2452e+06
2.2415e+06
2.2432e+06
2.2474e+06
2.2513e+06
2.2538e+06
2.2552e+06
2.257e+06
2.261e+06
2.2679e+06
2.2765e+06
2.2842e+06
2.2875e+06
2.2839e+06
2.2726e+06
2.2553e+06
2.2355e+06
2.217e+06
2.2029e+06
2.1938e+06
2.1881e+06
2.1829e+06
2.1752e+06
2.1633e+06
2.1479e+06
2.1314e+06
2.1175e+06
2.1093e+06
2.1084e+06
2.1138e+06
2.1223e+06
2.1297e+06
2.1321e+06
2.1275e+06
2.1165e+06
2.1019e+06
2.0871e+06
2.0752e+06
2.0673e+06
2.062e+06
2.0563e+06
2.0472e+06
2.0328e+06
2.0136e+06
1.992e+06
1.9719e+06
1.957e+06
1.9493e+06
1.9489e+06
1.9533e+06
1.959e+06
1.9625e+06
1.9617e+06
1.9563e+06
1.9485e+06
1.941e+06
1.9365e+06
1.9363e+06
1.9391e+06
1.9421e+06
1.9418e+06
1.9356e+06
1.9227e+06
1.9046e+06
1.8841e+06
1.8649e+06
1.8497e+06
1.8397e+06
1.8346e+06
1.8324e+06
1.8312e+06
1.8295e+06
1.8273e+06
1.8258e+06
1.8267e+06
1.8315e+06
1.8404e+06
1.852e+06
1.8632e+06
1.8709e+06
1.8724e+06
1.8671e+06
1.8563e+06
1.8428e+06
1.8299e+06
1.8199e+06
1.8137e+06
1.8102e+06
1.8074e+06
1.8032e+06
1.7964e+06
1.7876e+06
1.7791e+06
1.7737e+06
1.7742e+06
1.7817e+06
1.7949e+06
1.8102e+06
1.8231e+06
1.8294e+06
1.8268e+06
1.8155e+06
1.7983e+06
1.7793e+06
1.7628e+06
1.7515e+06
1.7457e+06
1.7433e+06
1.7413e+06
1.7369e+06
1.7288e+06
1.7174e+06
1.7052e+06
1.6956e+06
1.6914e+06
1.6941e+06
1.7026e+06
1.7141e+06
1.7244e+06
1.7298e+06
1.728e+06
1.7193e+06
1.706e+06
1.6916e+06
1.6795e+06
1.6716e+06
1.6679e+06
1.6666e+06
1.6649e+06
1.6608e+06
1.6536e+06
1.6441e+06
1.635e+06
1.6292e+06
1.6294e+06
1.6365e+06
1.6491e+06
1.664e+06
1.6772e+06
1.6848e+06
1.685e+06
1.6777e+06
1.6654e+06
1.6515e+06
1.6394e+06
1.6312e+06
1.6272e+06
1.6259e+06
1.625e+06
1.6222e+06
1.6169e+06
1.6095e+06
1.6022e+06
1.5976e+06
1.5981e+06
1.6046e+06
1.6159e+06
1.6294e+06
1.641e+06
1.6475e+06
1.6466e+06
1.6383e+06
1.6246e+06
1.609e+06
1.5948e+06
1.5849e+06
1.5799e+06
1.579e+06
1.5801e+06
1.581e+06
1.5803e+06
1.5776e+06
1.5739e+06
1.5711e+06
1.5711e+06
1.5753e+06
1.5835e+06
1.5942e+06
1.6045e+06
1.6119e+06
1.6142e+06
1.6112e+06
1.6042e+06
1.5959e+06
1.5894e+06
1.5873e+06
1.5907e+06
1.5992e+06
1.6108e+06
1.6231e+06
1.6339e+06
1.6421e+06
1.6478e+06
1.6523e+06
1.6578e+06
1.666e+06
1.6777e+06
1.6918e+06
1.7061e+06
1.7174e+06
1.723e+06
1.7217e+06
1.7139e+06
1.7023e+06
1.6904e+06
1.6819e+06
1.6796e+06
1.6844e+06
1.6954e+06
1.7099e+06
1.7248e+06
1.7371e+06
1.7451e+06
1.7487e+06
1.7492e+06
1.7488e+06
1.7498e+06
1.7532e+06
1.7587e+06
1.7644e+06
1.7679e+06
1.767e+06
1.7608e+06
1.7502e+06
1.7374e+06
1.7257e+06
1.7184e+06
1.7182e+06
1.7258e+06
1.7402e+06
1.7584e+06
1.7768e+06
1.7917e+06
1.8006e+06
1.8023e+06
1.7978e+06
1.789e+06
1.7785e+06
1.7689e+06
1.7617e+06
1.7573e+06
1.7553e+06
1.7549e+06
1.7551e+06
1.7559e+06
1.7572e+06
1.7599e+06
1.7643e+06
1.7708e+06
1.7787e+06
1.7867e+06
1.7928e+06
1.7953e+06
1.793e+06
1.786e+06
1.7756e+06
1.7642e+06
1.7547e+06
1.7494e+06
1.7499e+06
1.7562e+06
1.7668e+06
1.7796e+06
1.792e+06
1.8019e+06
1.8082e+06
1.8112e+06
1.8122e+06
1.8129e+06
1.8153e+06
1.8202e+06
1.8269e+06
1.8338e+06
1.8386e+06
1.8394e+06
1.8356e+06
1.8278e+06
1.8181e+06
1.8099e+06
1.8063e+06
1.8101e+06
1.8221e+06
1.8415e+06
1.865e+06
1.8884e+06
1.9073e+06
1.9182e+06
1.9194e+06
1.9115e+06
1.8971e+06
1.88e+06
1.864e+06
1.8524e+06
1.8469e+06
1.8473e+06
1.8522e+06
1.8592e+06
1.8661e+06
1.8713e+06
1.8743e+06
1.8754e+06
1.8759e+06
1.8771e+06
1.8799e+06
1.884e+06
1.8884e+06
1.8911e+06
1.8904e+06
1.8853e+06
1.8763e+06
1.8648e+06
1.8535e+06
1.8453e+06
1.8427e+06
1.847e+06
1.8578e+06
1.8731e+06
1.8897e+06
1.904e+06
1.9129e+06
1.9146e+06
1.9094e+06
1.8991e+06
1.8867e+06
1.8759e+06
1.8696e+06
1.8693e+06
1.8752e+06
1.8856e+06
1.8981e+06
1.91e+06
1.9191e+06
1.9243e+06
1.9256e+06
1.9246e+06
1.9232e+06
1.9235e+06
1.9264e+06
1.932e+06
1.939e+06
1.9454e+06
1.9494e+06
1.95e+06
1.9472e+06
1.9423e+06
1.9373e+06
1.9346e+06
1.936e+06
1.9425e+06
1.9534e+06
1.9666e+06
1.9787e+06
1.9864e+06
1.987e+06
1.9793e+06
1.9644e+06
1.9448e+06
1.9245e+06
1.9078e+06
1.8982e+06
1.8976e+06
1.9059e+06
1.9208e+06
1.9386e+06
1.9553e+06
1.9669e+06
1.9712e+06
1.9677e+06
1.9578e+06
1.9446e+06
1.9317e+06
1.9226e+06
1.9194e+06
1.9227e+06
1.9316e+06
1.9438e+06
1.9568e+06
1.9682e+06
1.9763e+06
1.9805e+06
1.9815e+06
1.9806e+06
1.9798e+06
1.9806e+06
1.9836e+06
1.9883e+06
1.9932e+06
1.9962e+06
1.996e+06
1.992e+06
1.9849e+06
1.9763e+06
1.9686e+06
1.9642e+06
1.9652e+06
1.9722e+06
1.9846e+06
2.0002e+06
2.0156e+06
2.0274e+06
2.0326e+06
2.0298e+06
2.0192e+06
2.0028e+06
1.9839e+06
1.9665e+06
1.9539e+06
1.9487e+06
1.9516e+06
1.9614e+06
1.9757e+06
1.9911e+06
2.0042e+06
2.0123e+06
2.0142e+06
2.0103e+06
2.0024e+06
1.993e+06
1.9852e+06
1.9812e+06
1.9821e+06
1.9881e+06
1.998e+06
2.0096e+06
2.0207e+06
2.0292e+06
2.0339e+06
2.0344e+06
2.0316e+06
2.0271e+06
2.0226e+06
2.0199e+06
2.0195e+06
2.0214e+06
2.0248e+06
2.0285e+06
2.0314e+06
2.0329e+06
2.0327e+06
2.0313e+06
2.0294e+06
2.0283e+06
2.029e+06
2.0319e+06
2.0368e+06
2.0429e+06
2.0486e+06
2.0525e+06
2.0537e+06
2.0519e+06
2.0477e+06
2.0424e+06
2.0375e+06
2.0348e+06
2.0354e+06
2.0397e+06
2.0474e+06
2.0567e+06
2.0657e+06
2.0721e+06
2.0741e+06
2.0711e+06
2.0636e+06
2.0535e+06
2.0433e+06
2.0358e+06
2.0334e+06
2.0377e+06
2.0486e+06
2.0647e+06
2.0832e+06
2.1007e+06
2.1139e+06
2.1202e+06
2.1185e+06
2.1094e+06
2.0951e+06
2.0788e+06
2.0641e+06
2.0541e+06
2.0509e+06
2.0549e+06
2.0649e+06
2.0783e+06
2.0919e+06
2.1024e+06
2.1074e+06
2.1057e+06
2.0981e+06
2.0865e+06
2.0742e+06
2.0646e+06
2.0608e+06
2.0645e+06
2.076e+06
2.0936e+06
2.1146e+06
2.1354e+06
2.1521e+06
2.1621e+06
2.164e+06
2.1579e+06
2.1461e+06
2.1317e+06
2.1184e+06
2.1097e+06
2.1077e+06
2.1133e+06
2.1256e+06
2.1423e+06
2.1604e+06
2.1762e+06
2.1868e+06
2.1903e+06
2.1863e+06
2.176e+06
2.1619e+06
2.1472e+06
2.135e+06
2.1279e+06
2.1271e+06
2.1325e+06
2.1428e+06
2.1558e+06
2.1689e+06
2.1795e+06
2.1857e+06
2.1866e+06
2.1827e+06
2.1756e+06
2.1676e+06
2.161e+06
2.1577e+06
2.1588e+06
2.1644e+06
2.1733e+06
2.184e+06
2.1943e+06
2.2022e+06
2.2062e+06
2.2055e+06
2.2007e+06
2.1932e+06
2.1851e+06
2.1786e+06
2.1756e+06
2.1771e+06
2.1832e+06
2.193e+06
2.2049e+06
2.2168e+06
2.2265e+06
2.2323e+06
2.2331e+06
2.2289e+06
2.221e+06
2.2113e+06
2.2024e+06
2.1965e+06
2.1953e+06
2.1994e+06
2.2084e+06
2.2212e+06
2.2356e+06
2.2494e+06
2.2604e+06
2.2667e+06
2.2676e+06
2.2634e+06
2.2555e+06
2.2461e+06
2.2378e+06
2.2325e+06
2.2319e+06
2.2364e+06
2.2456e+06
2.258e+06
2.2715e+06
2.2839e+06
2.293e+06
2.2974e+06
2.2967e+06
2.2916e+06
2.2838e+06
2.2755e+06
2.2688e+06
2.2656e+06
2.2669e+06
2.2725e+06
2.2816e+06
2.2923e+06
2.3024e+06
2.3096e+06
2.3124e+06
2.3102e+06
2.3037e+06
2.2946e+06
2.2854e+06
2.2788e+06
2.2769e+06
2.2807e+06
2.2904e+06
2.3044e+06
2.3207e+06
2.3362e+06
2.348e+06
2.3539e+06
2.3527e+06
2.3448e+06
2.3321e+06
2.3176e+06
2.3048e+06
2.2969e+06
2.2962e+06
2.3034e+06
2.3176e+06
2.3362e+06
2.3556e+06
2.3718e+06
2.3814e+06
2.3822e+06
2.3737e+06
2.3576e+06
2.3372e+06
2.3167e+06
2.3008e+06
2.2932e+06
2.2958e+06
2.309e+06
2.3306e+06
2.3569e+06
2.3833e+06
2.4051e+06
2.4186e+06
2.4218e+06
2.4147e+06
2.3997e+06
2.3805e+06
2.3615e+06
2.3472e+06
2.3409e+06
2.344e+06
2.3562e+06
2.3751e+06
2.397e+06
2.4179e+06
2.4341e+06
2.4431e+06
2.4441e+06
2.4381e+06
2.4275e+06
2.4156e+06
2.4058e+06
2.4008e+06
2.4021e+06
2.4098e+06
2.4225e+06
2.4378e+06
2.4527e+06
2.4644e+06
2.471e+06
2.4718e+06
2.4673e+06
2.4593e+06
2.4499e+06
2.4414e+06
2.4357e+06
2.4335e+06
2.4353e+06
2.4403e+06
2.4478e+06
2.4564e+06
2.4651e+06
2.4727e+06
2.479e+06
2.4839e+06
2.4878e+06
2.491e+06
2.4938e+06
2.496e+06
2.4972e+06
2.497e+06
2.4952e+06
2.4922e+06
2.4888e+06
2.4859e+06
2.4848e+06
2.4863e+06
2.4909e+06
2.4984e+06
2.5076e+06
2.5169e+06
2.5241e+06
2.5274e+06
2.5256e+06
2.5188e+06
2.5083e+06
2.4966e+06
2.4868e+06
2.4818e+06
2.484e+06
2.4943e+06
2.5119e+06
2.5347e+06
2.559e+06
2.5809e+06
2.5967e+06
2.6039e+06
2.6017e+06
2.5913e+06
2.5754e+06
2.5578e+06
2.5426e+06
2.533e+06
2.531e+06
2.5366e+06
2.5485e+06
2.5638e+06
2.5794e+06
2.5924e+06
2.6005e+06
2.6032e+06
2.601e+06
2.5957e+06
2.5895e+06
2.5845e+06
2.5818e+06
2.5821e+06
2.5848e+06
2.5887e+06
2.5926e+06
2.5953e+06
2.596e+06
2.5949e+06
2.5926e+06
2.5902e+06
2.5887e+06
2.5887e+06
2.59e+06
2.5914e+06
2.5918e+06
2.5899e+06
2.5854e+06
2.5788e+06
2.5716e+06
2.5659e+06
2.5638e+06
2.5671e+06
2.5765e+06
2.5911e+06
2.6087e+06
2.6262e+06
2.6399e+06
2.6465e+06
2.6446e+06
2.6341e+06
2.6174e+06
2.598e+06
2.5805e+06
2.569e+06
2.5665e+06
2.5738e+06
2.5896e+06
2.6108e+06
2.633e+06
2.6518e+06
2.6637e+06
2.667e+06
2.6616e+06
2.6495e+06
2.6338e+06
2.6179e+06
2.6046e+06
2.5954e+06
2.5905e+06
2.5889e+06
2.5891e+06
2.5896e+06
2.5895e+06
2.5886e+06
2.5874e+06
2.5873e+06
2.5893e+06
2.5942e+06
2.6017e+06
2.6102e+06
2.6176e+06
2.6216e+06
2.6207e+06
2.6145e+06
2.6045e+06
2.593e+06
2.5834e+06
2.5785e+06
2.5804e+06
2.5893e+06
2.6035e+06
2.6199e+06
2.6342e+06
2.6426e+06
2.6425e+06
2.633e+06
2.6158e+06
2.5942e+06
2.5725e+06
2.5552e+06
2.5453e+06
2.5442e+06
2.5512e+06
2.564e+06
2.5794e+06
2.594e+06
2.6055e+06
2.6125e+06
2.6151e+06
2.6147e+06
2.6129e+06
2.611e+06
2.6093e+06
2.607e+06
2.6027e+06
2.5947e+06
2.5825e+06
2.5667e+06
2.5493e+06
2.5334e+06
2.5225e+06
2.5196e+06
2.5261e+06
2.5415e+06
2.563e+06
2.5865e+06
2.607e+06
2.6203e+06
2.6236e+06
2.6165e+06
2.6011e+06
2.5811e+06
2.5608e+06
2.5441e+06
2.5337e+06
2.5301e+06
2.5324e+06
2.5383e+06
2.545e+06
2.5506e+06
2.5537e+06
2.5544e+06
2.5539e+06
2.5536e+06
2.5548e+06
2.5577e+06
2.5612e+06
2.5631e+06
2.5614e+06
2.5544e+06
2.5422e+06
2.5263e+06
2.5097e+06
2.4962e+06
2.4891e+06
2.4905e+06
2.5006e+06
2.5175e+06
2.5376e+06
2.5567e+06
2.5711e+06
2.5783e+06
2.5777e+06
2.571e+06
2.5609e+06
2.5506e+06
2.5427e+06
2.5383e+06
2.537e+06
2.5372e+06
2.537e+06
2.5349e+06
2.5306e+06
2.5248e+06
2.5192e+06
2.5161e+06
2.5173e+06
2.5234e+06
2.5334e+06
2.5448e+06
2.5541e+06
2.558e+06
2.5544e+06
2.5431e+06
2.526e+06
2.5063e+06
2.488e+06
2.4746e+06
2.4683e+06
2.4693e+06
2.4764e+06
2.487e+06
2.4984e+06
2.5085e+06
2.5162e+06
2.5216e+06
2.5258e+06
2.5298e+06
2.5342e+06
2.5383e+06
2.5407e+06
2.5391e+06
2.532e+06
2.5189e+06
2.501e+06
2.4812e+06
2.4633e+06
2.4511e+06
2.4473e+06
2.4526e+06
2.4655e+06
2.4827e+06
2.5e+06
2.5131e+06
2.5196e+06
2.5186e+06
2.5115e+06
2.5008e+06
2.4896e+06
2.4801e+06
2.4729e+06
2.4673e+06
2.4613e+06
2.4531e+06
2.4417e+06
2.4276e+06
2.4128e+06
2.4004e+06
2.3932e+06
2.3935e+06
2.4015e+06
2.4155e+06
2.432e+06
2.4468e+06
2.456e+06
2.4574e+06
2.4508e+06
2.4379e+06
2.4218e+06
2.4058e+06
2.3925e+06
2.3829e+06
2.3765e+06
2.372e+06
2.3679e+06
2.3633e+06
2.3583e+06
2.3542e+06
2.3528e+06
2.3556e+06
2.3631e+06
2.3745e+06
2.3871e+06
2.3975e+06
2.4026e+06
2.4003e+06
2.3906e+06
2.3752e+06
2.3576e+06
2.3414e+06
2.3294e+06
2.3232e+06
2.3221e+06
2.3244e+06
2.3278e+06
2.3302e+06
2.331e+06
2.3305e+06
2.3301e+06
2.3318e+06
2.3367e+06
2.3449e+06
2.3547e+06
2.3635e+06
2.3681e+06
2.3661e+06
2.3567e+06
2.341e+06
2.3215e+06
2.3015e+06
2.2841e+06
2.2711e+06
2.2627e+06
2.2579e+06
2.2552e+06
2.2531e+06
2.251e+06
2.2493e+06
2.2493e+06
2.2524e+06
2.2591e+06
2.2689e+06
2.2798e+06
2.2887e+06
2.2927e+06
2.2897e+06
2.2797e+06
2.2641e+06
2.2461e+06
2.229e+06
2.2154e+06
2.2066e+06
2.202e+06
2.2e+06
2.1986e+06
2.1966e+06
2.1938e+06
2.1914e+06
2.1913e+06
2.1954e+06
2.2044e+06
2.2174e+06
2.2317e+06
2.2434e+06
2.249e+06
2.2465e+06
2.2358e+06
2.2193e+06
2.2004e+06
2.183e+06
2.1696e+06
2.161e+06
2.1561e+06
2.1525e+06
2.1481e+06
2.1417e+06
2.134e+06
2.127e+06
2.1235e+06
2.126e+06
2.1353e+06
2.15e+06
2.1665e+06
2.18e+06
2.1863e+06
2.183e+06
2.1703e+06
2.1509e+06
2.1293e+06
2.11e+06
2.0962e+06
2.0886e+06
2.086e+06
2.0857e+06
2.0851e+06
2.0828e+06
2.079e+06
2.0757e+06
2.0753e+06
2.0799e+06
2.0902e+06
2.1049e+06
2.121e+06
2.1349e+06
2.1435e+06
2.1452e+06
2.1404e+06
2.1311e+06
2.1201e+06
2.1094e+06
2.0999e+06
2.0909e+06
2.0807e+06
2.0679e+06
2.0521e+06
2.0345e+06
2.0178e+06
2.0051e+06
1.9991e+06
2.0007e+06
2.0088e+06
2.0208e+06
2.0332e+06
2.043e+06
2.0484e+06
2.0498e+06
2.049e+06
2.0483e+06
2.0495e+06
2.0526e+06
2.0559e+06
2.0565e+06
2.0516e+06
2.0401e+06
2.0226e+06
2.0019e+06
1.9818e+06
1.9657e+06
1.9557e+06
1.9518e+06
1.9524e+06
1.955e+06
1.9573e+06
1.9582e+06
1.9583e+06
1.9594e+06
1.9635e+06
1.972e+06
1.9845e+06
1.9985e+06
2.0108e+06
2.0179e+06
2.0179e+06
2.0108e+06
1.9985e+06
1.984e+06
1.9698e+06
1.9576e+06
1.9471e+06
1.9369e+06
1.9253e+06
1.9119e+06
1.8976e+06
1.8848e+06
1.8767e+06
1.8759e+06
1.8833e+06
1.8974e+06
1.9148e+06
1.9311e+06
1.943e+06
1.9485e+06
1.9486e+06
1.9457e+06
1.9431e+06
1.943e+06
1.9456e+06
1.9488e+06
1.949e+06
1.9432e+06
1.93e+06
1.9107e+06
1.8886e+06
1.8682e+06
1.8533e+06
1.846e+06
1.8455e+06
1.8493e+06
1.854e+06
1.8571e+06
1.8577e+06
1.8568e+06
1.8569e+06
1.8607e+06
1.8694e+06
1.8822e+06
1.8964e+06
1.9081e+06
1.9142e+06
1.9134e+06
1.9064e+06
1.8958e+06
1.8847e+06
1.8749e+06
1.8667e+06
1.8587e+06
1.8487e+06
1.8352e+06
1.8185e+06
1.8006e+06
1.7848e+06
1.7746e+06
1.772e+06
1.7768e+06
1.7868e+06
1.7984e+06
1.8087e+06
1.816e+06
1.8209e+06
1.8253e+06
1.8318e+06
1.8417e+06
1.8544e+06
1.8666e+06
1.8744e+06
1.8744e+06
1.8655e+06
1.8492e+06
1.8293e+06
1.8103e+06
1.7955e+06
1.7859e+06
1.7797e+06
1.7741e+06
1.7662e+06
1.7551e+06
1.742e+06
1.7303e+06
1.7236e+06
1.7246e+06
1.7336e+06
1.7483e+06
1.7647e+06
1.7787e+06
1.7878e+06
1.7919e+06
1.793e+06
1.7943e+06
1.7983e+06
1.8051e+06
1.8125e+06
1.8168e+06
1.8147e+06
1.8048e+06
1.7882e+06
1.7685e+06
1.75e+06
1.7358e+06
1.7266e+06
1.7207e+06
1.715e+06
1.7068e+06
1.6953e+06
1.682e+06
1.6704e+06
1.6645e+06
1.6669e+06
1.6775e+06
1.6934e+06
1.7104e+06
1.7242e+06
1.7325e+06
1.7356e+06
1.7364e+06
1.7385e+06
1.7443e+06
1.7539e+06
1.7643e+06
1.7712e+06
1.7711e+06
1.7624e+06
1.7467e+06
1.7278e+06
1.7103e+06
1.6972e+06
1.6892e+06
1.6843e+06
1.6794e+06
1.672e+06
1.6615e+06
1.6494e+06
1.6392e+06
1.634e+06
1.6358e+06
1.6441e+06
1.6561e+06
1.6684e+06
1.6779e+06
1.6838e+06
1.6874e+06
1.6913e+06
1.6983e+06
1.7093e+06
1.7228e+06
1.7355e+06
1.7436e+06
1.7445e+06
1.738e+06
1.7262e+06
1.7124e+06
1.6996e+06
1.689e+06
1.6801e+06
1.6708e+06
1.6593e+06
1.645e+06
1.6291e+06
1.6141e+06
1.6027e+06
1.5968e+06
1.5964e+06
1.5998e+06
1.605e+06
1.6101e+06
1.6146e+06
1.6195e+06
1.6264e+06
1.6365e+06
1.6498e+06
1.6645e+06
1.6781e+06
1.688e+06
1.6932e+06
1.6942e+06
1.6931e+06
1.6921e+06
1.6923e+06
1.6932e+06
1.6927e+06
1.6885e+06
1.6791e+06
1.665e+06
1.6482e+06
1.6314e+06
1.617e+06
1.6055e+06
1.5962e+06
1.5874e+06
1.5777e+06
1.5672e+06
1.5575e+06
1.5508e+06
1.5494e+06
1.554e+06
1.5634e+06
1.5749e+06
1.5856e+06
1.5938e+06
1.5997e+06
1.6049e+06
1.6118e+06
1.6218e+06
1.6342e+06
1.6468e+06
1.6562e+06
1.6602e+06
1.6585e+06
1.6529e+06
1.6465e+06
1.6419e+06
1.6397e+06
1.638e+06
1.6337e+06
1.624e+06
1.6079e+06
1.5875e+06
1.5666e+06
1.5493e+06
1.5383e+06
1.5335e+06
1.5321e+06
1.5306e+06
1.5263e+06
1.5188e+06
1.5103e+06
1.5044e+06
1.5043e+06
1.5114e+06
1.5243e+06
1.5393e+06
1.5528e+06
1.5622e+06
1.5679e+06
1.572e+06
1.5776e+06
1.5865e+06
1.5983e+06
1.6102e+06
1.6185e+06
1.6206e+06
1.6164e+06
1.6081e+06
1.5994e+06
1.5932e+06
1.5901e+06
1.5886e+06
1.5852e+06
1.5774e+06
1.5642e+06
1.5472e+06
1.5296e+06
1.5145e+06
1.5037e+06
1.4969e+06
1.4922e+06
1.4873e+06
1.4813e+06
1.475e+06
1.4705e+06
1.4702e+06
1.4752e+06
1.4848e+06
1.4965e+06
1.5074e+06
1.5156e+06
1.5211e+06
1.5257e+06
1.5319e+06
1.5414e+06
1.5541e+06
1.5679e+06
1.5799e+06
1.5877e+06
1.5906e+06
1.5898e+06
1.5871e+06
1.5843e+06
1.5814e+06
1.5774e+06
1.5706e+06
1.5601e+06
1.5464e+06
1.5314e+06
1.5175e+06
1.5062e+06
1.4973e+06
1.4893e+06
1.4803e+06
1.4694e+06
1.4571e+06
1.4456e+06
1.4371e+06
1.4332e+06
1.4335e+06
1.4362e+06
1.4389e+06
1.4401e+06
1.44e+06
1.4403e+06
1.4436e+06
1.4513e+06
1.4633e+06
1.4773e+06
1.4906e+06
1.501e+06
1.5085e+06
1.5145e+06
1.5216e+06
1.5312e+06
1.543e+06
1.5545e+06
1.5625e+06
1.5649e+06
1.562e+06
1.5562e+06
1.5508e+06
1.5478e+06
1.5469e+06
1.5455e+06
1.5404e+06
1.5295e+06
1.5136e+06
1.4958e+06
1.48e+06
1.4691e+06
1.4629e+06
1.4588e+06
1.4529e+06
1.4427e+06
1.4281e+06
1.4116e+06
1.3972e+06
1.3878e+06
1.3844e+06
1.3849e+06
1.3863e+06
1.3859e+06
1.3835e+06
1.381e+06
1.382e+06
1.3892e+06
1.4028e+06
1.4202e+06
1.4373e+06
1.4504e+06
1.4582e+06
1.462e+06
1.4654e+06
1.4717e+06
1.4822e+06
1.4956e+06
1.5088e+06
1.5186e+06
1.5233e+06
1.5236e+06
1.5214e+06
1.5189e+06
1.5167e+06
1.5141e+06
1.5096e+06
1.5023e+06
1.4927e+06
1.4824e+06
1.4733e+06
1.466e+06
1.4595e+06
1.4518e+06
1.4411e+06
1.4269e+06
1.4107e+06
1.3951e+06
1.3823e+06
1.373e+06
1.3658e+06
1.3588e+06
1.3503e+06
1.3406e+06
1.3315e+06
1.3259e+06
1.3255e+06
1.3302e+06
1.3378e+06
1.3452e+06
1.3504e+06
1.3534e+06
1.3564e+06
1.362e+06
1.3718e+06
1.3853e+06
1.3996e+06
1.4117e+06
1.4197e+06
1.4246e+06
1.4292e+06
1.4368e+06
1.4487e+06
1.4633e+06
1.4766e+06
1.4849e+06
1.4866e+06
1.4831e+06
1.4785e+06
1.4768e+06
1.4797e+06
1.4857e+06
1.4906e+06
1.4906e+06
1.4843e+06
1.4731e+06
1.4607e+06
1.4504e+06
1.4433e+06
1.4379e+06
1.4312e+06
1.4206e+06
1.4062e+06
1.3901e+06
1.3754e+06
1.3645e+06
1.3572e+06
1.3511e+06
1.3435e+06
1.3327e+06
1.3193e+06
1.3058e+06
1.2953e+06
1.2895e+06
1.288e+06
1.2886e+06
1.289e+06
1.2882e+06
1.2868e+06
1.2866e+06
1.289e+06
1.2943e+06
1.3015e+06
1.3087e+06
1.3152e+06
1.3214e+06
1.3291e+06
1.3395e+06
1.3526e+06
1.3665e+06
1.3785e+06
1.3869e+06
1.3922e+06
1.397e+06
1.4046e+06
1.4169e+06
1.4326e+06
1.448e+06
1.4589e+06
1.4633e+06
1.4622e+06
1.4595e+06
1.4593e+06
1.4636e+06
1.4707e+06
1.4767e+06
1.4777e+06
1.4727e+06
1.4638e+06
1.4551e+06
1.4499e+06
1.4486e+06
1.4482e+06
1.4444e+06
1.4347e+06
1.4192e+06
1.4015e+06
1.3858e+06
1.3744e+06
1.3668e+06
1.3596e+06
1.3493e+06
1.3349e+06
1.3179e+06
1.302e+06
1.2903e+06
1.2833e+06
1.2791e+06
1.274e+06
1.2658e+06
1.2546e+06
1.2427e+06
1.2334e+06
1.2283e+06
1.2267e+06
1.2261e+06
1.2238e+06
1.2191e+06
1.2138e+06
1.2109e+06
1.2129e+06
1.2199e+06
1.2298e+06
1.2393e+06
1.2464e+06
1.251e+06
1.2551e+06
1.2612e+06
1.2703e+06
1.2813e+06
1.2919e+06
1.3004e+06
1.3071e+06
1.3141e+06
1.3238e+06
1.337e+06
1.3522e+06
1.3659e+06
1.3754e+06
1.3805e+06
1.3838e+06
1.3894e+06
1.3998e+06
1.414e+06
1.4282e+06
1.4378e+06
1.4406e+06
1.4386e+06
1.4362e+06
1.4381e+06
1.4457e+06
1.4559e+06
1.4637e+06
1.465e+06
1.4594e+06
1.4507e+06
1.4442e+06
1.4432e+06
1.4468e+06
1.4505e+06
1.4493e+06
1.4412e+06
1.4281e+06
1.4149e+06
1.406e+06
1.4026e+06
1.4017e+06
1.3988e+06
1.3905e+06
1.377e+06
1.3614e+06
1.3478e+06
1.3382e+06
1.3313e+06
1.3236e+06
1.3122e+06
1.2966e+06
1.2794e+06
1.2643e+06
1.2538e+06
1.2474e+06
1.242e+06
1.2342e+06
1.2226e+06
1.2082e+06
1.1939e+06
1.1825e+06
1.1749e+06
1.1696e+06
1.1644e+06
1.158e+06
1.1505e+06
1.1434e+06
1.1381e+06
1.1347e+06
1.1322e+06
1.1295e+06
1.1267e+06
1.1253e+06
1.1269e+06
1.1321e+06
1.1395e+06
1.1458e+06
1.1483e+06
1.1464e+06
1.1425e+06
1.1408e+06
1.1447e+06
1.1544e+06
1.1671e+06
1.1783e+06
1.185e+06
1.1875e+06
1.1893e+06
1.1947e+06
1.206e+06
1.2216e+06
1.2376e+06
1.2501e+06
1.2577e+06
1.2625e+06
1.2682e+06
1.2779e+06
1.2916e+06
1.3067e+06
1.3199e+06
1.3292e+06
1.3357e+06
1.3417e+06
1.3499e+06
1.3606e+06
1.3724e+06
1.3831e+06
1.3917e+06
1.3988e+06
1.4061e+06
1.4148e+06
1.4245e+06
1.4336e+06
1.4409e+06
1.4465e+06
1.4521e+06
1.4593e+06
1.4679e+06
1.4761e+06
1.4812e+06
1.482e+06
1.4803e+06
1.4798e+06
1.484e+06
1.4932e+06
1.5039e+06
1.5111e+06
1.5109e+06
1.5039e+06
1.4945e+06
1.4887e+06
1.4899e+06
1.4971e+06
1.5055e+06
1.51e+06
1.5086e+06
1.5029e+06
1.4969e+06
1.4937e+06
1.4937e+06
1.4945e+06
1.4931e+06
1.4882e+06
1.4815e+06
1.4757e+06
1.4727e+06
1.472e+06
1.4712e+06
1.4678e+06
1.4611e+06
1.4526e+06
1.4446e+06
1.4387e+06
1.4343e+06
1.4297e+06
1.4236e+06
1.4162e+06
1.4086e+06
1.4019e+06
1.396e+06
1.3892e+06
1.3802e+06
1.3693e+06
1.3585e+06
1.3502e+06
1.3452e+06
1.3414e+06
1.3353e+06
1.3245e+06
1.3096e+06
1.2942e+06
1.2829e+06
1.2775e+06
1.2759e+06
1.2729e+06
1.2644e+06
1.2497e+06
1.2324e+06
1.2178e+06
1.2095e+06
1.2063e+06
1.2039e+06
1.1974e+06
1.1854e+06
1.1702e+06
1.1561e+06
1.1463e+06
1.1404e+06
1.1348e+06
1.1258e+06
1.1124e+06
1.0965e+06
1.082e+06
1.0714e+06
1.0642e+06
1.0577e+06
1.0494e+06
1.0386e+06
1.0269e+06
1.0165e+06
1.0084e+06
1.0014e+06
9.934e+05
9.8303e+05
9.7105e+05
9.5948e+05
9.4991e+05
9.4199e+05
9.3381e+05
9.2355e+05
9.1127e+05
8.9911e+05
8.8962e+05
8.8356e+05
8.7892e+05
8.7229e+05
8.6151e+05
8.474e+05
8.3348e+05
8.2339e+05
8.1803e+05
8.1472e+05
8.0922e+05
7.9894e+05
7.8492e+05
7.7113e+05
7.6153e+05
7.5691e+05
7.5412e+05
7.4858e+05
7.3772e+05
7.2302e+05
7.0906e+05
7.003e+05
6.9773e+05
6.9812e+05
6.9656e+05
6.8996e+05
6.7879e+05
6.6626e+05
6.5571e+05
6.481e+05
6.4179e+05
6.3448e+05
