1.4137e+06
1.4216e+06
1.427e+06
1.4382e+06
1.4601e+06
1.491e+06
1.5232e+06
1.5483e+06
1.563e+06
1.5703e+06
1.5772e+06
1.5901e+06
1.6106e+06
1.6355e+06
1.66e+06
1.6813e+06
1.7004e+06
1.7194e+06
1.7393e+06
1.7586e+06
1.7748e+06
1.7872e+06
1.7987e+06
1.8145e+06
1.8385e+06
1.8699e+06
1.9034e+06
1.9329e+06
1.9554e+06
1.9728e+06
1.9903e+06
2.0125e+06
2.0399e+06
2.0687e+06
2.0943e+06
2.1146e+06
2.1319e+06
2.1507e+06
2.1739e+06
2.2007e+06
2.2269e+06
2.249e+06
2.2666e+06
2.2834e+06
2.3043e+06
2.3318e+06
2.3634e+06
2.3941e+06
2.42e+06
2.4414e+06
2.4625e+06
2.4884e+06
2.5202e+06
2.5546e+06
2.5857e+06
2.6095e+06
2.6271e+06
2.6439e+06
2.6653e+06
2.6934e+06
2.7247e+06
2.7534e+06
2.7762e+06
2.7947e+06
2.8147e+06
2.842e+06
2.8772e+06
2.9153e+06
2.9486e+06
2.9722e+06
2.9868e+06
2.9985e+06
3.0147e+06
3.0391e+06
3.0692e+06
3.0989e+06
3.123e+06
3.1401e+06
3.1537e+06
3.169e+06
3.1892e+06
3.2138e+06
3.2399e+06
3.2642e+06
3.286e+06
3.3061e+06
3.3257e+06
3.3446e+06
3.3611e+06
3.3739e+06
3.3839e+06
3.3949e+06
3.4108e+06
3.4337e+06
3.4612e+06
3.4881e+06
3.5092e+06
3.5228e+06
3.5312e+06
3.5388e+06
3.5494e+06
3.5636e+06
3.5791e+06
3.5934e+06
3.6053e+06
3.6164e+06
3.6292e+06
3.6447e+06
3.6613e+06
3.6757e+06
3.6851e+06
3.6892e+06
3.6898e+06
3.6897e+06
3.6898e+06
3.6892e+06
3.6857e+06
3.679e+06
3.6709e+06
3.6651e+06
3.664e+06
3.667e+06
3.6698e+06
3.6675e+06
3.6579e+06
3.6427e+06
3.6271e+06
3.616e+06
3.6105e+06
3.6071e+06
3.6002e+06
3.5854e+06
3.5628e+06
3.5368e+06
3.5132e+06
3.4957e+06
3.4841e+06
3.4751e+06
3.4647e+06
3.4513e+06
3.4358e+06
3.4201e+06
3.4051e+06
3.3898e+06
3.3725e+06
3.3522e+06
3.3302e+06
3.3093e+06
3.2911e+06
3.2746e+06
3.2562e+06
3.2319e+06
3.2004e+06
3.1646e+06
3.1307e+06
3.1046e+06
3.0884e+06
3.0792e+06
3.0708e+06
3.0576e+06
3.0377e+06
3.0135e+06
2.9897e+06
2.9701e+06
2.9554e+06
2.9434e+06
2.9311e+06
2.9174e+06
2.9035e+06
2.8918e+06
2.8838e+06
2.8789e+06
2.8747e+06
2.8694e+06
2.8633e+06
2.8593e+06
2.8612e+06
2.8706e+06
2.8857e+06
2.9019e+06
2.915e+06
2.9234e+06
2.9292e+06
2.9368e+06
2.9498e+06
2.9679e+06
2.988e+06
3.0061e+06
3.0209e+06
3.0351e+06
3.0539e+06
3.0814e+06
3.1171e+06
3.1553e+06
3.1885e+06
3.212e+06
3.2269e+06
3.24e+06
3.2592e+06
3.2884e+06
3.3249e+06
3.3606e+06
3.3878e+06
3.4039e+06
3.4133e+06
3.4246e+06
3.4448e+06
3.4741e+06
3.5058e+06
3.5304e+06
3.5418e+06
3.5417e+06
3.5387e+06
3.5431e+06
3.5605e+06
3.5881e+06
3.6162e+06
3.6341e+06
3.6364e+06
3.6249e+06
3.607e+06
3.5906e+06
3.5799e+06
3.5737e+06
3.5683e+06
3.561e+06
3.5529e+06
3.5475e+06
3.5473e+06
3.5507e+06
3.5517e+06
3.5427e+06
3.5193e+06
3.4831e+06
3.4414e+06
3.4034e+06
3.3753e+06
3.3573e+06
3.3444e+06
3.33e+06
3.3104e+06
3.2864e+06
3.2617e+06
3.2403e+06
3.2231e+06
3.208e+06
3.1918e+06
3.173e+06
3.1531e+06
3.1359e+06
3.1242e+06
3.1177e+06
3.1126e+06
3.1038e+06
3.0889e+06
3.0697e+06
3.0526e+06
3.0446e+06
3.0494e+06
3.0646e+06
3.0832e+06
3.0976e+06
3.1044e+06
3.1059e+06
3.1093e+06
3.1219e+06
3.1465e+06
3.1794e+06
3.212e+06
3.2362e+06
3.2486e+06
3.252e+06
3.2539e+06
3.2618e+06
3.2794e+06
3.3044e+06
3.3314e+06
3.3553e+06
3.3745e+06
3.3914e+06
3.4096e+06
3.4308e+06
3.4529e+06
3.4712e+06
3.4814e+06
3.4826e+06
3.478e+06
3.473e+06
3.4716e+06
3.4737e+06
3.4747e+06
3.4693e+06
3.4544e+06
3.4316e+06
3.4066e+06
3.3857e+06
3.3718e+06
3.3628e+06
3.3531e+06
3.337e+06
3.3121e+06
3.281e+06
3.2491e+06
3.2216e+06
3.2006e+06
3.1837e+06
3.1665e+06
3.1454e+06
3.1199e+06
3.0925e+06
3.0672e+06
3.0468e+06
3.0315e+06
3.0195e+06
3.009e+06
3e+06
2.995e+06
2.9972e+06
3.0077e+06
3.0243e+06
3.0416e+06
3.0536e+06
3.0574e+06
3.055e+06
3.0529e+06
3.0585e+06
3.0767e+06
3.1061e+06
3.1404e+06
3.1716e+06
3.1942e+06
3.2083e+06
3.2187e+06
3.2318e+06
3.2515e+06
3.2763e+06
3.3005e+06
3.3175e+06
3.3241e+06
3.3226e+06
3.3188e+06
3.319e+06
3.3255e+06
3.3351e+06
3.3409e+06
3.3365e+06
3.3194e+06
3.2931e+06
3.2644e+06
3.2401e+06
3.2229e+06
3.2104e+06
3.1975e+06
3.1796e+06
3.1559e+06
3.13e+06
3.1073e+06
3.0915e+06
3.0818e+06
3.0735e+06
3.0602e+06
3.038e+06
3.0075e+06
2.9739e+06
2.945e+06
2.927e+06
2.922e+06
2.9273e+06
2.9378e+06
2.9488e+06
2.9584e+06
2.9678e+06
2.9797e+06
2.9958e+06
3.0154e+06
3.0354e+06
3.0523e+06
3.0644e+06
3.0727e+06
3.0807e+06
3.0924e+06
3.1097e+06
3.1315e+06
3.1544e+06
3.1748e+06
3.1911e+06
3.2039e+06
3.2157e+06
3.228e+06
3.2401e+06
3.249e+06
3.2509e+06
3.2437e+06
3.2286e+06
3.2096e+06
3.1919e+06
3.1786e+06
3.1697e+06
3.1616e+06
3.1504e+06
3.1336e+06
3.1126e+06
3.0912e+06
3.0739e+06
3.0628e+06
3.0563e+06
3.0495e+06
3.0375e+06
3.0179e+06
2.9928e+06
2.9681e+06
2.9513e+06
2.9477e+06
2.9584e+06
2.9793e+06
3.0042e+06
3.0271e+06
3.0452e+06
3.0598e+06
3.0743e+06
3.0923e+06
3.1155e+06
3.1424e+06
3.1698e+06
3.1947e+06
3.2159e+06
3.2343e+06
3.2522e+06
3.271e+06
3.2898e+06
3.3059e+06
3.3156e+06
3.3171e+06
3.311e+06
3.3003e+06
3.2892e+06
3.2804e+06
3.2743e+06
3.2685e+06
3.2599e+06
3.2465e+06
3.2282e+06
3.2071e+06
3.1857e+06
3.1658e+06
3.147e+06
3.1281e+06
3.1077e+06
3.0863e+06
3.0665e+06
3.0522e+06
3.0466e+06
3.0507e+06
3.0623e+06
3.0771e+06
3.0911e+06
3.1021e+06
3.1113e+06
3.1223e+06
3.1387e+06
3.162e+06
3.1901e+06
3.218e+06
3.2402e+06
3.2536e+06
3.2592e+06
3.262e+06
3.2679e+06
3.2811e+06
3.3013e+06
3.3237e+06
3.3414e+06
3.3489e+06
3.3448e+06
3.3322e+06
3.3167e+06
3.3032e+06
3.2932e+06
3.2842e+06
3.2711e+06
3.2495e+06
3.2186e+06
3.182e+06
3.1466e+06
3.1193e+06
3.1043e+06
3.1007e+06
3.1037e+06
3.1072e+06
3.1069e+06
3.1025e+06
3.0977e+06
3.0983e+06
3.1092e+06
3.1315e+06
3.162e+06
3.1947e+06
3.2231e+06
3.2433e+06
3.2554e+06
3.2627e+06
3.2699e+06
3.2806e+06
3.2957e+06
3.3131e+06
3.329e+06
3.3402e+06
3.3454e+06
3.3449e+06
3.3399e+06
3.3313e+06
3.3185e+06
3.3005e+06
3.2762e+06
3.2463e+06
3.2136e+06
3.1822e+06
3.1561e+06
3.1375e+06
3.1261e+06
3.1191e+06
3.1133e+06
3.1064e+06
3.0984e+06
3.0917e+06
3.0897e+06
3.0952e+06
3.1094e+06
3.1307e+06
3.1561e+06
3.1825e+06
3.2081e+06
3.2324e+06
3.2563e+06
3.2804e+06
3.3035e+06
3.3231e+06
3.3357e+06
3.3383e+06
3.3308e+06
3.3155e+06
3.2971e+06
3.2801e+06
3.2673e+06
3.2582e+06
3.25e+06
3.239e+06
3.2228e+06
3.2021e+06
3.1801e+06
3.1611e+06
3.1484e+06
3.1428e+06
3.1419e+06
3.1419e+06
3.1393e+06
3.1328e+06
3.1244e+06
3.1188e+06
3.1214e+06
3.1359e+06
3.1628e+06
3.1984e+06
3.2369e+06
3.272e+06
3.2996e+06
3.3182e+06
3.3292e+06
3.3353e+06
3.339e+06
3.3411e+06
3.3414e+06
3.3389e+06
3.3338e+06
3.3273e+06
3.3216e+06
3.3186e+06
3.3187e+06
3.3197e+06
3.3179e+06
3.3095e+06
3.2923e+06
3.2671e+06
3.2375e+06
3.2092e+06
3.1876e+06
3.1766e+06
3.1769e+06
3.1869e+06
3.2033e+06
3.2231e+06
3.2448e+06
3.2684e+06
3.2944e+06
3.3229e+06
3.3524e+06
3.3797e+06
3.4008e+06
3.4131e+06
3.4158e+06
3.4113e+06
3.4036e+06
3.3966e+06
3.3924e+06
3.3902e+06
3.3864e+06
3.3774e+06
3.3606e+06
3.3369e+06
3.3098e+06
3.2847e+06
3.2665e+06
3.2576e+06
3.2568e+06
3.2604e+06
3.2634e+06
3.2622e+06
3.256e+06
3.247e+06
3.2399e+06
3.2398e+06
3.2502e+06
3.2715e+06
3.3008e+06
3.333e+06
3.3632e+06
3.3882e+06
3.4068e+06
3.4199e+06
3.4287e+06
3.4337e+06
3.4339e+06
3.4275e+06
3.4132e+06
3.391e+06
3.3638e+06
3.336e+06
3.3125e+06
3.297e+06
3.2903e+06
3.2907e+06
3.2944e+06
3.2975e+06
3.2977e+06
3.2951e+06
3.2923e+06
3.2931e+06
3.3015e+06
3.3193e+06
3.3459e+06
3.3781e+06
3.411e+06
3.4402e+06
3.4625e+06
3.4767e+06
3.4831e+06
3.4831e+06
3.4779e+06
3.4681e+06
3.454e+06
3.436e+06
3.4146e+06
3.3916e+06
3.3689e+06
3.3484e+06
3.3312e+06
3.3177e+06
3.3074e+06
3.2998e+06
3.2951e+06
3.2944e+06
3.2997e+06
3.3126e+06
3.3342e+06
3.3634e+06
3.3974e+06
3.4324e+06
3.4641e+06
3.4899e+06
3.5088e+06
3.5219e+06
3.5312e+06
3.5381e+06
3.5426e+06
3.5429e+06
3.5361e+06
3.5197e+06
3.4934e+06
3.4595e+06
3.423e+06
3.3902e+06
3.3668e+06
3.3561e+06
3.3582e+06
3.3699e+06
3.3868e+06
3.4044e+06
3.4201e+06
3.4334e+06
3.4462e+06
3.4609e+06
3.4795e+06
3.5023e+06
3.5271e+06
3.5504e+06
3.5686e+06
3.5795e+06
3.5831e+06
3.5813e+06
3.5768e+06
3.5717e+06
3.5661e+06
3.5584e+06
3.5459e+06
3.5265e+06
3.5001e+06
3.4691e+06
3.4383e+06
3.4133e+06
3.3994e+06
3.3995e+06
3.4134e+06
3.4382e+06
3.4694e+06
3.5021e+06
3.533e+06
3.5604e+06
3.5845e+06
3.6063e+06
3.6262e+06
3.6434e+06
3.6559e+06
3.6609e+06
3.6564e+06
3.642e+06
3.6196e+06
3.5924e+06
3.5646e+06
3.5397e+06
3.5195e+06
3.5042e+06
3.493e+06
3.4848e+06
3.4791e+06
3.477e+06
3.4799e+06
3.4898e+06
3.5074e+06
3.5315e+06
3.559e+06
3.5853e+06
3.6057e+06
3.6169e+06
3.618e+06
3.6106e+06
3.5985e+06
3.5855e+06
3.5748e+06
3.567e+06
3.5609e+06
3.554e+06
3.5439e+06
3.5297e+06
3.5125e+06
3.4948e+06
3.48e+06
3.4711e+06
3.4695e+06
3.475e+06
3.4859e+06
3.4998e+06
3.5147e+06
3.5297e+06
3.545e+06
3.5616e+06
3.5798e+06
3.599e+06
3.6166e+06
3.6291e+06
3.6329e+06
3.6258e+06
3.6079e+06
3.5821e+06
3.5533e+06
3.5269e+06
3.5075e+06
3.4978e+06
3.4977e+06
3.5051e+06
3.5172e+06
3.5311e+06
3.545e+06
3.5585e+06
3.5724e+06
3.5876e+06
3.6044e+06
3.622e+06
3.638e+06
3.6496e+06
3.6546e+06
3.6517e+06
3.642e+06
3.6276e+06
3.6112e+06
3.595e+06
3.5797e+06
3.5646e+06
3.5484e+06
3.5299e+06
3.5094e+06
3.4889e+06
3.4723e+06
3.464e+06
3.4679e+06
3.4855e+06
3.515e+06
3.5516e+06
3.5881e+06
3.6177e+06
3.635e+06
3.6384e+06
3.6294e+06
3.6125e+06
3.5929e+06
3.5749e+06
3.5601e+06
3.5476e+06
3.5349e+06
3.5196e+06
3.5006e+06
3.4797e+06
3.461e+06
3.45e+06
3.4517e+06
3.4693e+06
3.5018e+06
3.545e+06
3.5913e+06
3.6326e+06
3.6619e+06
3.6754e+06
3.6731e+06
3.6584e+06
3.6368e+06
3.6139e+06
3.5936e+06
3.5773e+06
3.5641e+06
3.552e+06
3.539e+06
3.5248e+06
3.5105e+06
3.4988e+06
3.4928e+06
3.4949e+06
3.5054e+06
3.523e+06
3.544e+06
3.5641e+06
3.5793e+06
3.5868e+06
3.5861e+06
3.5784e+06
3.5659e+06
3.5511e+06
3.5355e+06
3.5192e+06
3.5017e+06
3.4825e+06
3.4615e+06
3.4403e+06
3.4211e+06
3.4072e+06
3.4012e+06
3.4044e+06
3.4162e+06
3.4339e+06
3.4536e+06
3.4709e+06
3.4826e+06
3.4869e+06
3.4844e+06
3.477e+06
3.4674e+06
3.4575e+06
3.4478e+06
3.4372e+06
3.4241e+06
3.4069e+06
3.3855e+06
3.3615e+06
3.3386e+06
3.3213e+06
3.3141e+06
3.32e+06
3.3393e+06
3.3691e+06
3.4039e+06
3.4366e+06
3.4608e+06
3.4719e+06
3.4684e+06
3.4521e+06
3.4276e+06
3.4003e+06
3.3755e+06
3.3566e+06
3.3448e+06
3.3393e+06
3.3381e+06
3.3393e+06
3.3414e+06
3.3441e+06
3.3478e+06
3.3532e+06
3.361e+06
3.371e+06
3.382e+06
3.3921e+06
3.3987e+06
3.4e+06
3.395e+06
3.3839e+06
3.3684e+06
3.3507e+06
3.333e+06
3.3169e+06
3.3033e+06
3.2923e+06
3.2837e+06
3.2773e+06
3.2735e+06
3.2728e+06
3.2763e+06
3.2849e+06
3.2984e+06
3.3156e+06
3.3335e+06
3.3481e+06
3.3554e+06
3.352e+06
3.3368e+06
3.3108e+06
3.2775e+06
3.242e+06
3.2096e+06
3.1848e+06
3.1703e+06
3.1667e+06
3.1723e+06
3.1841e+06
3.1989e+06
3.2133e+06
3.2254e+06
3.2342e+06
3.2394e+06
3.2414e+06
3.24e+06
3.2347e+06
3.2241e+06
3.2074e+06
3.184e+06
3.1551e+06
3.1234e+06
3.0928e+06
3.0677e+06
3.052e+06
3.0481e+06
3.056e+06
3.0733e+06
3.0957e+06
3.1181e+06
3.1356e+06
3.1449e+06
3.1446e+06
3.1356e+06
3.1204e+06
3.1024e+06
3.0846e+06
3.0686e+06
3.0551e+06
3.0433e+06
3.0322e+06
3.0208e+06
3.009e+06
2.9977e+06
2.9881e+06
2.9821e+06
2.9807e+06
2.9843e+06
2.9918e+06
3.0006e+06
3.0076e+06
3.0095e+06
3.0044e+06
2.992e+06
2.9739e+06
2.9532e+06
2.9337e+06
2.9188e+06
2.9106e+06
2.9097e+06
2.915e+06
2.924e+06
2.934e+06
2.9427e+06
2.9484e+06
2.9508e+06
2.9508e+06
2.9493e+06
2.9474e+06
2.9448e+06
2.9405e+06
2.9329e+06
2.9206e+06
2.903e+06
2.8816e+06
2.859e+06
2.8394e+06
2.8269e+06
2.8249e+06
2.8352e+06
2.8566e+06
2.8857e+06
2.9171e+06
2.9445e+06
2.9625e+06
2.9674e+06
2.9586e+06
2.9383e+06
2.9113e+06
2.8831e+06
2.8593e+06
2.844e+06
2.8386e+06
2.8427e+06
2.8536e+06
2.868e+06
2.8824e+06
2.8944e+06
2.9027e+06
2.9075e+06
2.9101e+06
2.912e+06
2.9137e+06
2.915e+06
2.9143e+06
2.9094e+06
2.8987e+06
2.8815e+06
2.8591e+06
2.8344e+06
2.8113e+06
2.7939e+06
2.7857e+06
2.7882e+06
2.8008e+06
2.8206e+06
2.8427e+06
2.8618e+06
2.8728e+06
2.8727e+06
2.8612e+06
2.8404e+06
2.8145e+06
2.7891e+06
2.7691e+06
2.7583e+06
2.758e+06
2.7673e+06
2.7834e+06
2.8022e+06
2.8197e+06
2.8324e+06
2.8383e+06
2.8373e+06
2.8306e+06
2.8203e+06
2.8086e+06
2.7971e+06
2.7867e+06
2.7771e+06
2.7679e+06
2.7587e+06
2.7497e+06
2.7416e+06
2.7358e+06
2.7337e+06
2.7365e+06
2.7444e+06
2.757e+06
2.7721e+06
2.7869e+06
2.7979e+06
2.8022e+06
2.7984e+06
2.7866e+06
2.7689e+06
2.7487e+06
2.7302e+06
2.7172e+06
2.7122e+06
2.716e+06
2.7271e+06
2.7426e+06
2.7583e+06
2.77e+06
2.7745e+06
2.7701e+06
2.7571e+06
2.7377e+06
2.7152e+06
2.6937e+06
2.6767e+06
2.6667e+06
2.6647e+06
2.6706e+06
2.6828e+06
2.6989e+06
2.7165e+06
2.7332e+06
2.7471e+06
2.7571e+06
2.7626e+06
2.7638e+06
2.7607e+06
2.7536e+06
2.7426e+06
2.7283e+06
2.7116e+06
2.6941e+06
2.6775e+06
2.664e+06
2.6556e+06
2.6536e+06
2.6583e+06
2.6691e+06
2.6839e+06
2.6996e+06
2.7128e+06
2.7202e+06
2.7195e+06
2.7101e+06
2.6931e+06
2.671e+06
2.6478e+06
2.6272e+06
2.6128e+06
2.6066e+06
2.6089e+06
2.6183e+06
2.6319e+06
2.6459e+06
2.6569e+06
2.6621e+06
2.6603e+06
2.6518e+06
2.6386e+06
2.6235e+06
2.6099e+06
2.6002e+06
2.5963e+06
2.5984e+06
2.6054e+06
2.6152e+06
2.6251e+06
2.6326e+06
2.6357e+06
2.6337e+06
2.627e+06
2.617e+06
2.6056e+06
2.5949e+06
2.5867e+06
2.5818e+06
2.5804e+06
2.5822e+06
2.5862e+06
2.5915e+06
2.5971e+06
2.6024e+06
2.6071e+06
2.6113e+06
2.6152e+06
2.6192e+06
2.6231e+06
2.6265e+06
2.6289e+06
2.6297e+06
2.6286e+06
2.6258e+06
2.622e+06
2.618e+06
2.6147e+06
2.6128e+06
2.6128e+06
2.6143e+06
2.6167e+06
2.6185e+06
2.6183e+06
2.6146e+06
2.6065e+06
2.5941e+06
2.5788e+06
2.5625e+06
2.5481e+06
2.5381e+06
2.5343e+06
2.5377e+06
2.5477e+06
2.5625e+06
2.5791e+06
2.5941e+06
2.6044e+06
2.6077e+06
2.6032e+06
2.5917e+06
2.5756e+06
2.5584e+06
2.5435e+06
2.534e+06
2.5317e+06
2.5368e+06
2.5478e+06
2.5616e+06
2.5748e+06
2.5838e+06
2.5859e+06
2.5801e+06
2.5669e+06
2.5486e+06
2.5286e+06
2.5107e+06
2.4982e+06
2.4934e+06
2.4969e+06
2.5074e+06
2.5223e+06
2.5379e+06
2.5502e+06
2.5563e+06
2.5543e+06
2.5444e+06
2.5281e+06
2.5087e+06
2.49e+06
2.4753e+06
2.4674e+06
2.4673e+06
2.4744e+06
2.4866e+06
2.5007e+06
2.5129e+06
2.5201e+06
2.5198e+06
2.5115e+06
2.4963e+06
2.4767e+06
2.4562e+06
2.4384e+06
2.4264e+06
2.4218e+06
2.4248e+06
2.4343e+06
2.4478e+06
2.462e+06
2.4738e+06
2.4802e+06
2.4797e+06
2.4722e+06
2.4589e+06
2.4423e+06
2.4253e+06
2.411e+06
2.4015e+06
2.3979e+06
2.4002e+06
2.4069e+06
2.4158e+06
2.4243e+06
2.4299e+06
2.4309e+06
2.4267e+06
2.4179e+06
2.4062e+06
2.3941e+06
2.3841e+06
2.3783e+06
2.378e+06
2.3833e+06
2.3932e+06
2.4057e+06
2.4184e+06
2.4286e+06
2.4345e+06
2.4349e+06
2.4302e+06
2.4214e+06
2.4109e+06
2.401e+06
2.3941e+06
2.3917e+06
2.3948e+06
2.4029e+06
2.4148e+06
2.4281e+06
2.4406e+06
2.45e+06
2.455e+06
2.4552e+06
2.4515e+06
2.4458e+06
2.4403e+06
2.4371e+06
2.4382e+06
2.4441e+06
2.4548e+06
2.4688e+06
2.484e+06
2.4978e+06
2.5078e+06
2.5123e+06
2.5107e+06
2.5036e+06
2.4928e+06
2.4808e+06
2.4702e+06
2.4632e+06
2.4615e+06
2.4652e+06
2.4734e+06
2.4841e+06
2.4944e+06
2.5016e+06
2.5036e+06
2.4995e+06
2.4898e+06
2.4764e+06
2.4619e+06
2.4494e+06
2.4416e+06
2.4402e+06
2.4457e+06
2.457e+06
2.4717e+06
2.4865e+06
2.4977e+06
2.5023e+06
2.4986e+06
2.4866e+06
2.468e+06
2.446e+06
2.4247e+06
2.4079e+06
2.3988e+06
2.3987e+06
2.4074e+06
2.4226e+06
2.4407e+06
2.4576e+06
2.4693e+06
2.4731e+06
2.4678e+06
2.4546e+06
2.4363e+06
2.417e+06
2.401e+06
2.3922e+06
2.3932e+06
2.4043e+06
2.424e+06
2.4491e+06
2.4752e+06
2.4979e+06
2.5138e+06
2.5206e+06
2.5184e+06
2.509e+06
2.4955e+06
2.4819e+06
2.4721e+06
2.4687e+06
2.4729e+06
2.4841e+06
2.5001e+06
2.5176e+06
2.5334e+06
2.5445e+06
2.5492e+06
2.5471e+06
2.5394e+06
2.5284e+06
2.517e+06
2.5077e+06
2.5025e+06
2.5021e+06
2.5059e+06
2.5125e+06
2.5196e+06
2.5251e+06
2.5273e+06
2.5254e+06
2.5195e+06
2.5109e+06
2.5014e+06
2.4928e+06
2.4862e+06
2.4822e+06
2.4804e+06
2.4798e+06
2.4791e+06
2.4769e+06
2.4723e+06
2.4652e+06
2.456e+06
2.4457e+06
2.4358e+06
2.428e+06
2.4233e+06
2.4222e+06
2.4241e+06
2.4278e+06
2.432e+06
2.4354e+06
2.4374e+06
2.4382e+06
2.4382e+06
2.4386e+06
2.4404e+06
2.4445e+06
2.4509e+06
2.4588e+06
2.4667e+06
2.4724e+06
2.4742e+06
2.4707e+06
2.462e+06
2.4492e+06
2.4349e+06
2.422e+06
2.4136e+06
2.4121e+06
2.4184e+06
2.4319e+06
2.4503e+06
2.47e+06
2.4872e+06
2.4984e+06
2.5015e+06
2.4959e+06
2.483e+06
2.4658e+06
2.448e+06
2.4335e+06
2.4251e+06
2.4244e+06
2.4312e+06
2.4437e+06
2.459e+06
2.4739e+06
2.4855e+06
2.4921e+06
2.493e+06
2.4892e+06
2.4825e+06
2.4751e+06
2.4689e+06
2.465e+06
2.4636e+06
2.4639e+06
2.4646e+06
2.4644e+06
2.4624e+06
2.4585e+06
2.4531e+06
2.4475e+06
2.443e+06
2.4406e+06
2.4407e+06
2.4425e+06
2.4448e+06
2.4457e+06
2.4439e+06
2.4388e+06
2.4308e+06
2.4216e+06
2.4136e+06
2.4093e+06
2.4108e+06
2.419e+06
2.4336e+06
2.4522e+06
2.4716e+06
2.488e+06
2.498e+06
2.4996e+06
2.4926e+06
2.4786e+06
2.4608e+06
2.4429e+06
2.4286e+06
2.4205e+06
2.4194e+06
2.4242e+06
2.4325e+06
2.4411e+06
2.4466e+06
2.4469e+06
2.4411e+06
2.43e+06
2.4158e+06
2.4012e+06
2.3888e+06
2.3803e+06
2.3763e+06
2.3758e+06
2.3774e+06
2.3792e+06
2.3794e+06
2.3776e+06
2.3739e+06
2.3695e+06
2.3661e+06
2.3652e+06
2.3678e+06
2.3732e+06
2.38e+06
2.3858e+06
2.3883e+06
2.3861e+06
2.3792e+06
2.3691e+06
2.3583e+06
2.35e+06
2.3471e+06
2.3514e+06
2.3629e+06
2.3797e+06
2.3983e+06
2.4147e+06
2.425e+06
2.4266e+06
2.4189e+06
2.4033e+06
2.3831e+06
2.3623e+06
2.3448e+06
2.3334e+06
2.3292e+06
2.3316e+06
2.3384e+06
2.347e+06
2.3548e+06
2.3602e+06
2.3625e+06
2.3625e+06
2.3615e+06
2.3611e+06
2.3624e+06
2.3653e+06
2.3684e+06
2.3701e+06
2.3684e+06
2.3625e+06
2.3527e+06
2.341e+06
2.3299e+06
2.3227e+06
2.3219e+06
2.3285e+06
2.3418e+06
2.3592e+06
2.377e+06
2.391e+06
2.3979e+06
2.3959e+06
2.3854e+06
2.3686e+06
2.349e+06
2.3303e+06
2.3156e+06
2.3065e+06
2.3029e+06
2.3036e+06
2.3064e+06
2.3094e+06
2.3113e+06
2.3117e+06
2.3113e+06
2.3116e+06
2.3139e+06
2.3187e+06
2.3256e+06
2.3327e+06
2.3375e+06
2.3377e+06
2.3318e+06
2.3201e+06
2.3047e+06
2.2889e+06
2.2761e+06
2.2697e+06
2.2712e+06
2.2802e+06
2.2944e+06
2.3103e+06
2.3239e+06
2.3322e+06
2.3337e+06
2.3286e+06
2.319e+06
2.3078e+06
2.2978e+06
2.2909e+06
2.2871e+06
2.2855e+06
2.284e+06
2.2808e+06
2.2749e+06
2.2664e+06
2.257e+06
2.2489e+06
2.2447e+06
2.2464e+06
2.2541e+06
2.2663e+06
2.2802e+06
2.2917e+06
2.2977e+06
2.2961e+06
2.287e+06
2.2722e+06
2.2552e+06
2.2396e+06
2.2285e+06
2.2236e+06
2.2247e+06
2.2301e+06
2.2375e+06
2.2445e+06
2.2496e+06
2.2525e+06
2.254e+06
2.2553e+06
2.2576e+06
2.2611e+06
2.2647e+06
2.2664e+06
2.2638e+06
2.2552e+06
2.2403e+06
2.2204e+06
2.1985e+06
2.1784e+06
2.1637e+06
2.1569e+06
2.1584e+06
2.1668e+06
2.179e+06
2.1914e+06
2.2005e+06
2.2045e+06
2.203e+06
2.1974e+06
2.1901e+06
2.1833e+06
2.1781e+06
2.1745e+06
2.1709e+06
2.1654e+06
2.1566e+06
2.1442e+06
2.1294e+06
2.1149e+06
2.1038e+06
2.099e+06
2.102e+06
2.1124e+06
2.1278e+06
2.1444e+06
2.1582e+06
2.1659e+06
2.1661e+06
2.1594e+06
2.1478e+06
2.1344e+06
2.1222e+06
2.1126e+06
2.1058e+06
2.1005e+06
2.095e+06
2.0878e+06
2.0787e+06
2.0686e+06
2.0598e+06
2.0545e+06
2.0548e+06
2.0609e+06
2.0714e+06
2.0834e+06
2.0929e+06
2.0967e+06
2.093e+06
2.0819e+06
2.0656e+06
2.0475e+06
2.0312e+06
2.0193e+06
2.0128e+06
2.0107e+06
2.0113e+06
2.012e+06
2.0115e+06
2.0093e+06
2.0062e+06
2.0041e+06
2.0048e+06
2.0092e+06
2.017e+06
2.0264e+06
2.0344e+06
2.0382e+06
2.0357e+06
2.0268e+06
2.0127e+06
1.9963e+06
1.9806e+06
1.9678e+06
1.959e+06
1.9537e+06
1.9503e+06
1.9471e+06
1.9429e+06
1.9375e+06
1.932e+06
1.9281e+06
1.9272e+06
1.9301e+06
1.9361e+06
1.943e+06
1.9478e+06
1.9481e+06
1.9423e+06
1.9307e+06
1.9155e+06
1.8995e+06
1.8858e+06
1.8763e+06
1.8714e+06
1.8698e+06
1.8694e+06
1.8681e+06
1.865e+06
1.8606e+06
1.8565e+06
1.8551e+06
1.8586e+06
1.8674e+06
1.8804e+06
1.8943e+06
1.9052e+06
1.9098e+06
1.9062e+06
1.8949e+06
1.8785e+06
1.8607e+06
1.8452e+06
1.8341e+06
1.8275e+06
1.8236e+06
1.8199e+06
1.8142e+06
1.8058e+06
1.7957e+06
1.7863e+06
1.7811e+06
1.7824e+06
1.7912e+06
1.8057e+06
1.8224e+06
1.8365e+06
1.8442e+06
1.8434e+06
1.8345e+06
1.8203e+06
1.8048e+06
1.792e+06
1.784e+06
1.7809e+06
1.7805e+06
1.7798e+06
1.7761e+06
1.7684e+06
1.7576e+06
1.7461e+06
1.737e+06
1.7328e+06
1.7346e+06
1.7413e+06
1.7504e+06
1.7586e+06
1.7633e+06
1.7633e+06
1.7593e+06
1.753e+06
1.7469e+06
1.7423e+06
1.7393e+06
1.7366e+06
1.732e+06
1.7239e+06
1.7117e+06
1.6967e+06
1.6815e+06
1.669e+06
1.6617e+06
1.6605e+06
1.6644e+06
1.6708e+06
1.6767e+06
1.6798e+06
1.6791e+06
1.6755e+06
1.6712e+06
1.6687e+06
1.6696e+06
1.6737e+06
1.679e+06
1.6825e+06
1.6814e+06
1.6741e+06
1.6614e+06
1.6455e+06
1.6296e+06
1.6169e+06
1.6088e+06
1.605e+06
1.6039e+06
1.603e+06
1.6003e+06
1.5955e+06
1.5894e+06
1.5843e+06
1.5825e+06
1.5855e+06
1.593e+06
1.6026e+06
1.6112e+06
1.6156e+06
1.6138e+06
1.6062e+06
1.5945e+06
1.5818e+06
1.5708e+06
1.5629e+06
1.5577e+06
1.5534e+06
1.548e+06
1.54e+06
1.5295e+06
1.5182e+06
1.5085e+06
1.5031e+06
1.5033e+06
1.5087e+06
1.5173e+06
1.5262e+06
1.5328e+06
1.5357e+06
1.5351e+06
1.5328e+06
1.531e+06
1.5312e+06
1.5333e+06
1.5359e+06
1.5362e+06
1.5322e+06
1.5226e+06
1.5084e+06
1.4921e+06
1.4768e+06
1.4654e+06
1.4591e+06
1.4576e+06
1.4587e+06
1.4602e+06
1.4601e+06
1.458e+06
1.4547e+06
1.452e+06
1.4519e+06
1.4553e+06
1.4619e+06
1.4697e+06
1.4764e+06
1.4797e+06
1.4789e+06
1.4745e+06
1.468e+06
1.4612e+06
1.4549e+06
1.4491e+06
1.4425e+06
1.4337e+06
1.422e+06
1.4079e+06
1.393e+06
1.3799e+06
1.3707e+06
1.3667e+06
1.3674e+06
1.3712e+06
1.3759e+06
1.3796e+06
1.3818e+06
1.3832e+06
1.3854e+06
1.3901e+06
1.3979e+06
1.4076e+06
1.4169e+06
1.4228e+06
1.4232e+06
1.4174e+06
1.4067e+06
1.3937e+06
1.3812e+06
1.3711e+06
1.3636e+06
1.3577e+06
1.3513e+06
1.3432e+06
1.333e+06
1.3221e+06
1.3125e+06
1.3065e+06
1.3052e+06
1.3081e+06
1.3136e+06
1.3193e+06
1.3232e+06
1.3247e+06
1.3246e+06
1.3247e+06
1.3268e+06
1.3316e+06
1.3381e+06
1.3441e+06
1.3469e+06
1.3444e+06
1.3365e+06
1.3249e+06
1.3121e+06
1.3009e+06
1.2926e+06
1.2869e+06
1.2821e+06
1.2759e+06
1.2671e+06
1.256e+06
1.2445e+06
1.2353e+06
1.2308e+06
1.2319e+06
1.2378e+06
1.2458e+06
1.2531e+06
1.2576e+06
1.2589e+06
1.2582e+06
1.2578e+06
1.2598e+06
1.2648e+06
1.2716e+06
1.2775e+06
1.2797e+06
1.2764e+06
1.268e+06
1.2565e+06
1.2448e+06
1.2353e+06
1.2289e+06
1.2246e+06
1.2204e+06
1.2141e+06
1.205e+06
1.194e+06
1.1833e+06
1.1755e+06
1.1724e+06
1.1741e+06
1.1787e+06
1.1839e+06
1.1874e+06
1.1883e+06
1.1877e+06
1.1877e+06
1.1909e+06
1.1982e+06
1.2088e+06
1.2199e+06
1.228e+06
1.2304e+06
1.2264e+06
1.2176e+06
1.207e+06
1.1978e+06
1.1915e+06
1.1879e+06
1.1848e+06
1.1795e+06
1.1702e+06
1.1571e+06
1.1421e+06
1.1281e+06
1.1179e+06
1.1127e+06
1.112e+06
1.1138e+06
1.1158e+06
1.1167e+06
1.1165e+06
1.1164e+06
1.1183e+06
1.1232e+06
1.1311e+06
1.1403e+06
1.1484e+06
1.1535e+06
1.1549e+06
1.1535e+06
1.1511e+06
1.1495e+06
1.1495e+06
1.1502e+06
1.1497e+06
1.1459e+06
1.1379e+06
1.1262e+06
1.1127e+06
1.0999e+06
1.0897e+06
1.0825e+06
1.0775e+06
1.0728e+06
1.0673e+06
1.0604e+06
1.053e+06
1.047e+06
1.0438e+06
1.0442e+06
1.0477e+06
1.0529e+06
1.058e+06
1.0621e+06
1.0654e+06
1.0688e+06
1.0736e+06
1.0803e+06
1.0883e+06
1.0958e+06
1.1009e+06
1.1024e+06
1.1003e+06
1.096e+06
1.0914e+06
1.0879e+06
1.0856e+06
1.0835e+06
1.0796e+06
1.0726e+06
1.0625e+06
1.0505e+06
1.0389e+06
1.0296e+06
1.0236e+06
1.0201e+06
1.0173e+06
1.0136e+06
1.0081e+06
1.0013e+06
9.9488e+05
9.9093e+05
9.9076e+05
9.9431e+05
1.0002e+06
1.0063e+06
1.0112e+06
1.0146e+06
1.0172e+06
1.0207e+06
1.026e+06
1.033e+06
1.04e+06
1.0449e+06
1.0459e+06
1.0426e+06
1.0366e+06
1.03e+06
1.0252e+06
1.0229e+06
1.022e+06
1.0204e+06
1.016e+06
1.0079e+06
9.9725e+05
9.8611e+05
9.7687e+05
9.708e+05
9.6745e+05
9.6501e+05
9.6137e+05
9.5539e+05
9.4753e+05
9.3972e+05
9.3445e+05
9.3344e+05
9.3677e+05
9.4279e+05
9.4901e+05
9.5343e+05
9.5553e+05
9.5653e+05
9.5868e+05
9.6395e+05
9.7278e+05
9.8366e+05
9.9383e+05
1.0007e+06
1.0031e+06
1.0017e+06
9.9878e+05
9.9677e+05
9.9687e+05
9.9838e+05
9.9917e+05
9.9693e+05
9.9047e+05
9.8043e+05
9.6889e+05
9.5835e+05
9.5038e+05
9.4489e+05
9.4034e+05
9.3486e+05
9.2734e+05
9.1817e+05
9.0899e+05
9.0184e+05
8.9806e+05
8.9756e+05
8.9897e+05
9.0047e+05
9.0082e+05
9e+05
8.9922e+05
9.0013e+05
9.0388e+05
9.1037e+05
9.1832e+05
9.2597e+05
9.3207e+05
9.3654e+05
9.404e+05
9.4501e+05
9.5114e+05
9.583e+05
9.6492e+05
9.6926e+05
9.7037e+05
9.6871e+05
9.6581e+05
9.6339e+05
9.6223e+05
9.6166e+05
9.5994e+05
9.5536e+05
9.4733e+05
9.3686e+05
9.261e+05
9.172e+05
9.1107e+05
9.0692e+05
9.0273e+05
8.9657e+05
8.8772e+05
8.7722e+05
8.6732e+05
8.6033e+05
8.5731e+05
8.5747e+05
8.5869e+05
8.5874e+05
8.5661e+05
8.5309e+05
8.5043e+05
8.5111e+05
8.5638e+05
8.6543e+05
8.7573e+05
8.8436e+05
8.8949e+05
8.9128e+05
8.917e+05
8.9342e+05
8.9827e+05
9.0617e+05
9.1525e+05
9.2295e+05
9.2748e+05
9.2868e+05
9.2788e+05
9.2695e+05
9.2699e+05
9.2772e+05
9.2766e+05
9.2525e+05
9.1988e+05
9.1235e+05
9.0443e+05
8.9775e+05
8.928e+05
8.8865e+05
8.8359e+05
8.7628e+05
8.6662e+05
8.559e+05
8.4606e+05
8.3858e+05
8.3362e+05
8.2999e+05
8.26e+05
8.2054e+05
8.1378e+05
8.0717e+05
8.0256e+05
8.0113e+05
8.027e+05
8.0583e+05
8.0877e+05
8.105e+05
8.1134e+05
8.1271e+05
8.1618e+05
8.2243e+05
8.3067e+05
8.3908e+05
8.4588e+05
8.5045e+05
8.5368e+05
8.5749e+05
8.6352e+05
8.7203e+05
8.8155e+05
8.8968e+05
8.9448e+05
8.9556e+05
8.9428e+05
8.9289e+05
8.9311e+05
8.9507e+05
8.9726e+05
8.9759e+05
8.9483e+05
8.8937e+05
8.8308e+05
8.7806e+05
8.7526e+05
8.7378e+05
8.7146e+05
8.6625e+05
8.5756e+05
8.467e+05
8.3614e+05
8.2809e+05
8.2312e+05
8.1981e+05
8.1571e+05
8.0891e+05
7.9921e+05
7.8831e+05
7.7891e+05
7.7313e+05
7.7134e+05
7.7203e+05
7.7282e+05
7.7198e+05
7.6934e+05
7.6627e+05
7.6476e+05
7.6605e+05
7.6991e+05
7.7477e+05
7.7888e+05
7.8146e+05
7.8322e+05
7.8591e+05
7.9109e+05
7.9899e+05
8.0821e+05
8.1653e+05
8.2224e+05
8.2524e+05
8.271e+05
8.3008e+05
8.3568e+05
8.4365e+05
8.5208e+05
8.587e+05
8.6222e+05
8.6308e+05
8.6301e+05
8.6378e+05
8.6598e+05
8.6858e+05
8.6975e+05
8.682e+05
8.6414e+05
8.5923e+05
8.5551e+05
8.5392e+05
8.5362e+05
8.5242e+05
8.4829e+05
8.4065e+05
8.308e+05
8.2117e+05
8.1374e+05
8.0877e+05
8.047e+05
7.9924e+05
7.9105e+05
7.8063e+05
7.701e+05
7.6188e+05
7.5703e+05
7.5456e+05
7.5206e+05
7.473e+05
7.3963e+05
7.304e+05
7.2213e+05
7.1694e+05
7.1519e+05
7.1532e+05
7.1497e+05
7.1257e+05
7.0835e+05
7.0418e+05
7.0238e+05
7.0414e+05
7.0868e+05
7.138e+05
7.1729e+05
7.1837e+05
7.1815e+05
7.1887e+05
7.2238e+05
7.2886e+05
7.3665e+05
7.434e+05
7.4766e+05
7.4981e+05
7.5185e+05
7.5604e+05
7.6327e+05
7.7243e+05
7.811e+05
7.872e+05
7.9037e+05
7.9212e+05
7.9481e+05
7.9993e+05
8.0698e+05
8.1383e+05
8.182e+05
8.1926e+05
8.1823e+05
8.1757e+05
8.1928e+05
8.2342e+05
8.2807e+05
8.3071e+05
8.2997e+05
8.2665e+05
8.2313e+05
8.2172e+05
8.2293e+05
8.2502e+05
8.2519e+05
8.2158e+05
8.1458e+05
8.0668e+05
8.0088e+05
7.986e+05
7.9865e+05
7.9805e+05
7.9408e+05
7.8608e+05
7.7592e+05
7.6677e+05
7.6099e+05
7.5845e+05
7.5666e+05
7.5248e+05
7.4424e+05
7.3278e+05
7.2092e+05
7.1172e+05
7.0649e+05
7.04e+05
7.0147e+05
6.9646e+05
6.8833e+05
6.7847e+05
6.6925e+05
6.6251e+05
6.5841e+05
6.5562e+05
6.5242e+05
6.4792e+05
6.4249e+05
6.373e+05
6.3334e+05
6.3077e+05
6.2896e+05
6.2719e+05
6.2543e+05
6.2435e+05
6.2479e+05
6.2689e+05
6.2974e+05
6.3188e+05
6.3231e+05
6.3125e+05
6.3021e+05
6.3095e+05
6.3431e+05
6.3945e+05
6.4442e+05
6.4748e+05
6.484e+05
6.487e+05
6.5079e+05
6.5624e+05
6.6462e+05
6.7365e+05
6.8068e+05
6.8446e+05
6.859e+05
6.8745e+05
6.9145e+05
6.9846e+05
7.0683e+05
7.1396e+05
7.1806e+05
7.1941e+05
7.2013e+05
7.2275e+05
7.2844e+05
7.3624e+05
7.4384e+05
7.4925e+05
7.5214e+05
7.539e+05
7.5658e+05
7.6132e+05
7.676e+05
7.7374e+05
7.7822e+05
7.8072e+05
7.8221e+05
7.8404e+05
7.8682e+05
7.9e+05
7.9245e+05
7.936e+05
7.94e+05
7.95e+05
7.976e+05
8.0141e+05
8.0476e+05
8.0579e+05
8.0386e+05
8.0011e+05
7.9682e+05
7.9585e+05
7.9731e+05
7.9956e+05
8.0047e+05
7.991e+05
7.9633e+05
7.9417e+05
7.9409e+05
7.9573e+05
7.9707e+05
7.9592e+05
7.9158e+05
7.8554e+05
7.8052e+05
7.785e+05
7.7928e+05
7.8051e+05
7.7946e+05
7.7494e+05
7.681e+05
7.6158e+05
7.5761e+05
7.5638e+05
7.5597e+05
7.5394e+05
7.4911e+05
7.4241e+05
7.3612e+05
7.3209e+05
7.3036e+05
7.2919e+05
7.2642e+05
7.2105e+05
7.139e+05
7.0679e+05
7.0114e+05
6.9691e+05
6.9283e+05
6.8765e+05
6.8123e+05
6.7474e+05
6.6958e+05
6.6617e+05
6.634e+05
6.5952e+05
6.5353e+05
6.46e+05
6.3873e+05
6.333e+05
6.2973e+05
6.2637e+05
6.2123e+05
6.1365e+05
6.05e+05
5.9785e+05
5.9401e+05
5.9297e+05
5.9205e+05
5.8826e+05
5.804e+05
5.699e+05
5.5991e+05
5.5313e+05
5.4989e+05
5.4798e+05
5.4446e+05
5.3784e+05
5.2903e+05
5.2056e+05
5.1467e+05
5.116e+05
5.0949e+05
5.0596e+05
4.999e+05
4.9218e+05
4.8481e+05
4.7938e+05
4.758e+05
4.7257e+05
4.6813e+05
4.6214e+05
4.5568e+05
4.5028e+05
4.4652e+05
4.4353e+05
4.3976e+05
4.3425e+05
4.2751e+05
4.2105e+05
4.161e+05
4.1246e+05
4.0866e+05
4.0318e+05
3.9588e+05
3.8834e+05
3.8271e+05
3.7995e+05
3.7879e+05
3.7657e+05
3.713e+05
3.6323e+05
3.5495e+05
3.4966e+05
3.4869e+05
3.5025e+05
3.5074e+05
3.4735e+05
3.3992e+05
3.3107e+05
3.2439e+05
3.2183e+05
3.2218e+05
3.2213e+05
3.1886e+05
