1.5776e+06
1.5936e+06
1.5902e+06
1.5796e+06
1.5728e+06
1.5764e+06
1.5923e+06
1.6203e+06
1.6595e+06
1.7064e+06
1.7541e+06
1.7929e+06
1.8153e+06
1.8198e+06
1.8127e+06
1.8061e+06
1.8116e+06
1.8347e+06
1.8726e+06
1.918e+06
1.9638e+06
2.0049e+06
2.0376e+06
2.057e+06
2.0584e+06
2.0412e+06
2.0139e+06
1.9954e+06
2.0079e+06
2.0633e+06
2.1524e+06
2.2486e+06
2.3224e+06
2.3554e+06
2.3473e+06
2.3145e+06
2.282e+06
2.2702e+06
2.2849e+06
2.3176e+06
2.3566e+06
2.3961e+06
2.4394e+06
2.4926e+06
2.5558e+06
2.6188e+06
2.6657e+06
2.6833e+06
2.6689e+06
2.6332e+06
2.5963e+06
2.5798e+06
2.5967e+06
2.6469e+06
2.7192e+06
2.7978e+06
2.8677e+06
2.9185e+06
2.9455e+06
2.9514e+06
2.9472e+06
2.9498e+06
2.9758e+06
3.0325e+06
3.1121e+06
3.1954e+06
3.2608e+06
3.2954e+06
3.3006e+06
3.2904e+06
3.2846e+06
3.2976e+06
3.3317e+06
3.3779e+06
3.4228e+06
3.4556e+06
3.4716e+06
3.47e+06
3.452e+06
3.4201e+06
3.3806e+06
3.3475e+06
3.3406e+06
3.3771e+06
3.4605e+06
3.5741e+06
3.6874e+06
3.7693e+06
3.8005e+06
3.7796e+06
3.7223e+06
3.6539e+06
3.5997e+06
3.577e+06
3.5919e+06
3.6425e+06
3.7219e+06
3.8199e+06
3.9214e+06
4.0079e+06
4.0621e+06
4.0744e+06
4.049e+06
4.0032e+06
3.961e+06
3.9411e+06
3.9477e+06
3.9701e+06
3.9923e+06
4.0046e+06
4.009e+06
4.016e+06
4.0345e+06
4.0635e+06
4.091e+06
4.1021e+06
4.0895e+06
4.0591e+06
4.0276e+06
4.0127e+06
4.0221e+06
4.0493e+06
4.0791e+06
4.0981e+06
4.102e+06
4.0961e+06
4.0884e+06
4.0822e+06
4.0725e+06
4.0501e+06
4.0095e+06
3.9549e+06
3.9006e+06
3.8631e+06
3.8514e+06
3.8609e+06
3.8759e+06
3.8789e+06
3.8602e+06
3.8212e+06
3.773e+06
3.7294e+06
3.7009e+06
3.6908e+06
3.6971e+06
3.715e+06
3.7393e+06
3.7645e+06
3.7832e+06
3.7872e+06
3.7699e+06
3.7296e+06
3.6723e+06
3.6099e+06
3.5562e+06
3.5202e+06
3.5025e+06
3.4957e+06
3.4896e+06
3.4768e+06
3.4556e+06
3.429e+06
3.4017e+06
3.3773e+06
3.3565e+06
3.339e+06
3.3246e+06
3.3143e+06
3.309e+06
3.3075e+06
3.3061e+06
3.2993e+06
3.2829e+06
3.2567e+06
3.2256e+06
3.1975e+06
3.1808e+06
3.1812e+06
3.2004e+06
3.237e+06
3.288e+06
3.3489e+06
3.4126e+06
3.4694e+06
3.5075e+06
3.5166e+06
3.4927e+06
3.4413e+06
3.3785e+06
3.3263e+06
3.3041e+06
3.32e+06
3.3672e+06
3.4294e+06
3.491e+06
3.5445e+06
3.5928e+06
3.6447e+06
3.7072e+06
3.7793e+06
3.8512e+06
3.9087e+06
3.94e+06
3.9404e+06
3.9138e+06
3.8702e+06
3.8221e+06
3.7806e+06
3.7548e+06
3.751e+06
3.7735e+06
3.8226e+06
3.8933e+06
3.9736e+06
4.0481e+06
4.102e+06
4.1266e+06
4.1219e+06
4.0961e+06
4.0618e+06
4.0299e+06
4.0061e+06
3.9898e+06
3.977e+06
3.9647e+06
3.9525e+06
3.9426e+06
3.9369e+06
3.935e+06
3.9345e+06
3.9328e+06
3.9297e+06
3.9275e+06
3.9292e+06
3.9349e+06
3.9399e+06
3.9356e+06
3.9136e+06
3.8698e+06
3.8073e+06
3.7362e+06
3.6697e+06
3.6191e+06
3.5895e+06
3.5792e+06
3.5816e+06
3.5893e+06
3.5963e+06
3.5987e+06
3.5939e+06
3.58e+06
3.5569e+06
3.5272e+06
3.4975e+06
3.4773e+06
3.4749e+06
3.4935e+06
3.5278e+06
3.5663e+06
3.5954e+06
3.6061e+06
3.5975e+06
3.5774e+06
3.5578e+06
3.5497e+06
3.5572e+06
3.5767e+06
3.5999e+06
3.6204e+06
3.6382e+06
3.66e+06
3.6957e+06
3.7515e+06
3.8251e+06
3.9057e+06
3.9787e+06
4.0316e+06
4.0594e+06
4.0653e+06
4.0588e+06
4.0509e+06
4.0499e+06
4.0586e+06
4.0748e+06
4.0944e+06
4.1136e+06
4.1306e+06
4.1458e+06
4.16e+06
4.1735e+06
4.1858e+06
4.1952e+06
4.1991e+06
4.1944e+06
4.178e+06
4.1477e+06
4.1036e+06
4.0495e+06
3.993e+06
3.9443e+06
3.9121e+06
3.9005e+06
3.9067e+06
3.9212e+06
3.9326e+06
3.9312e+06
3.9124e+06
3.8777e+06
3.8326e+06
3.7836e+06
3.7358e+06
3.6914e+06
3.6507e+06
3.6142e+06
3.584e+06
3.5642e+06
3.5595e+06
3.5722e+06
3.6007e+06
3.6396e+06
3.6814e+06
3.7198e+06
3.7516e+06
3.7773e+06
3.8e+06
3.8233e+06
3.8491e+06
3.8762e+06
3.9016e+06
3.9216e+06
3.9341e+06
3.9398e+06
3.9426e+06
3.9486e+06
3.9636e+06
3.9914e+06
4.0318e+06
4.0808e+06
4.131e+06
4.1747e+06
4.2063e+06
4.224e+06
4.2305e+06
4.2321e+06
4.2353e+06
4.2439e+06
4.2565e+06
4.2671e+06
4.2676e+06
4.2519e+06
4.2191e+06
4.1739e+06
4.1249e+06
4.0801e+06
4.0431e+06
4.0108e+06
3.976e+06
3.9314e+06
3.8745e+06
3.8097e+06
3.7477e+06
3.7008e+06
3.6773e+06
3.6774e+06
3.6937e+06
3.7151e+06
3.7329e+06
3.7445e+06
3.7539e+06
3.7685e+06
3.7945e+06
3.8323e+06
3.875e+06
3.9119e+06
3.9326e+06
3.9321e+06
3.9136e+06
3.8875e+06
3.8677e+06
3.8667e+06
3.8902e+06
3.9361e+06
3.9965e+06
4.062e+06
4.1253e+06
4.1828e+06
4.2331e+06
4.2756e+06
4.3086e+06
4.3291e+06
4.3344e+06
4.3237e+06
4.2996e+06
4.2675e+06
4.2339e+06
4.2042e+06
4.181e+06
4.1637e+06
4.1493e+06
4.1342e+06
4.1159e+06
4.094e+06
4.0693e+06
4.0442e+06
4.0212e+06
4.0025e+06
3.9895e+06
3.9827e+06
3.9812e+06
3.9828e+06
3.9847e+06
3.984e+06
3.9789e+06
3.9692e+06
3.9563e+06
3.9424e+06
3.9296e+06
3.9187e+06
3.9095e+06
3.9017e+06
3.896e+06
3.896e+06
3.9077e+06
3.9376e+06
3.9896e+06
4.0622e+06
4.1474e+06
4.2327e+06
4.3053e+06
4.3552e+06
4.3781e+06
4.3755e+06
4.3535e+06
4.3195e+06
4.2805e+06
4.2418e+06
4.2066e+06
4.1776e+06
4.1572e+06
4.1469e+06
4.1465e+06
4.1524e+06
4.1587e+06
4.1587e+06
4.1476e+06
4.1249e+06
4.0947e+06
4.0638e+06
4.0391e+06
4.024e+06
4.0173e+06
4.0139e+06
4.008e+06
3.9963e+06
3.9802e+06
3.9654e+06
3.9591e+06
3.9663e+06
3.9869e+06
4.0157e+06
4.0451e+06
4.0695e+06
4.0889e+06
4.1088e+06
4.1378e+06
4.1817e+06
4.239e+06
4.2996e+06
4.3488e+06
4.3733e+06
4.3672e+06
4.3349e+06
4.2897e+06
4.2478e+06
4.2214e+06
4.2129e+06
4.214e+06
4.2115e+06
4.194e+06
4.1577e+06
4.108e+06
4.056e+06
4.0132e+06
3.9855e+06
3.9704e+06
3.9597e+06
3.9444e+06
3.9205e+06
3.8919e+06
3.8693e+06
3.8656e+06
3.8894e+06
3.9406e+06
4.0091e+06
4.0795e+06
4.1372e+06
4.174e+06
4.1903e+06
4.1944e+06
4.1986e+06
4.2133e+06
4.2428e+06
4.2838e+06
4.328e+06
4.3661e+06
4.392e+06
4.4043e+06
4.4048e+06
4.3965e+06
4.3817e+06
4.361e+06
4.3352e+06
4.3062e+06
4.2782e+06
4.2567e+06
4.2451e+06
4.2424e+06
4.242e+06
4.2338e+06
4.2083e+06
4.1609e+06
4.0948e+06
4.0215e+06
3.9578e+06
3.9202e+06
3.9188e+06
3.9524e+06
4.0102e+06
4.0762e+06
4.1366e+06
4.1843e+06
4.2207e+06
4.2537e+06
4.2925e+06
4.3421e+06
4.3997e+06
4.4552e+06
4.495e+06
4.5075e+06
4.4875e+06
4.4379e+06
4.3682e+06
4.291e+06
4.2179e+06
4.1558e+06
4.1067e+06
4.0692e+06
4.0413e+06
4.023e+06
4.0156e+06
4.0207e+06
4.0375e+06
4.0617e+06
4.0865e+06
4.1043e+06
4.1098e+06
4.1016e+06
4.083e+06
4.0606e+06
4.0424e+06
4.0345e+06
4.0397e+06
4.0566e+06
4.0812e+06
4.1093e+06
4.1388e+06
4.17e+06
4.2048e+06
4.2448e+06
4.2893e+06
4.3341e+06
4.3727e+06
4.3981e+06
4.4051e+06
4.3922e+06
4.3616e+06
4.3185e+06
4.2692e+06
4.2195e+06
4.1737e+06
4.1341e+06
4.1021e+06
4.0784e+06
4.0635e+06
4.0576e+06
4.06e+06
4.0689e+06
4.081e+06
4.0926e+06
4.1004e+06
4.1031e+06
4.1013e+06
4.0979e+06
4.0972e+06
4.1025e+06
4.1158e+06
4.1359e+06
4.1596e+06
4.1829e+06
4.2024e+06
4.2172e+06
4.2285e+06
4.2392e+06
4.252e+06
4.2675e+06
4.2837e+06
4.2959e+06
4.2982e+06
4.2853e+06
4.2541e+06
4.2053e+06
4.143e+06
4.0743e+06
4.0082e+06
3.9538e+06
3.9181e+06
3.9049e+06
3.914e+06
3.9417e+06
3.9823e+06
4.0295e+06
4.0781e+06
4.1249e+06
4.1687e+06
4.2096e+06
4.2476e+06
4.2814e+06
4.3083e+06
4.3243e+06
4.3253e+06
4.3095e+06
4.2781e+06
4.2361e+06
4.1918e+06
4.1541e+06
4.1305e+06
4.1239e+06
4.1326e+06
4.1504e+06
4.169e+06
4.181e+06
4.1814e+06
4.1687e+06
4.1452e+06
4.1154e+06
4.085e+06
4.0593e+06
4.0418e+06
4.034e+06
4.0356e+06
4.0448e+06
4.0598e+06
4.0789e+06
4.1007e+06
4.1239e+06
4.1469e+06
4.1678e+06
4.1846e+06
4.196e+06
4.2012e+06
4.2004e+06
4.1941e+06
4.1831e+06
4.1674e+06
4.1471e+06
4.1221e+06
4.0929e+06
4.0615e+06
4.0311e+06
4.0057e+06
3.9893e+06
3.9845e+06
3.9916e+06
4.0085e+06
4.0311e+06
4.0548e+06
4.0764e+06
4.0951e+06
4.1122e+06
4.1307e+06
4.1529e+06
4.1787e+06
4.2047e+06
4.2246e+06
4.2318e+06
4.2212e+06
4.1921e+06
4.1481e+06
4.0968e+06
4.0476e+06
4.0085e+06
3.9836e+06
3.9722e+06
3.9697e+06
3.9697e+06
3.9665e+06
3.9576e+06
3.9445e+06
3.9323e+06
3.9278e+06
3.937e+06
3.9625e+06
4.0018e+06
4.0482e+06
4.0927e+06
4.1272e+06
4.147e+06
4.1515e+06
4.1441e+06
4.1301e+06
4.1143e+06
4.099e+06
4.0839e+06
4.0665e+06
4.0446e+06
4.0179e+06
3.9892e+06
3.964e+06
3.9494e+06
3.9513e+06
3.9724e+06
4.0103e+06
4.0585e+06
4.1072e+06
4.1467e+06
4.17e+06
4.1741e+06
4.1615e+06
4.1387e+06
4.1138e+06
4.0935e+06
4.0805e+06
4.0721e+06
4.0618e+06
4.0422e+06
4.0081e+06
3.9597e+06
3.9024e+06
3.8463e+06
3.8029e+06
3.7818e+06
3.7869e+06
3.8157e+06
3.8601e+06
3.9089e+06
3.952e+06
3.9828e+06
4.0002e+06
4.0088e+06
4.0171e+06
4.034e+06
4.0652e+06
4.1096e+06
4.1592e+06
4.2008e+06
4.2207e+06
4.2091e+06
4.1631e+06
4.0881e+06
3.9967e+06
3.9056e+06
3.8313e+06
3.785e+06
3.7701e+06
3.7821e+06
3.8111e+06
3.8464e+06
3.8799e+06
3.9075e+06
3.9303e+06
3.9523e+06
3.9782e+06
4.0106e+06
4.0481e+06
4.0849e+06
4.1123e+06
4.122e+06
4.1087e+06
4.0725e+06
4.0189e+06
3.9576e+06
3.8992e+06
3.8521e+06
3.8201e+06
3.8018e+06
3.7922e+06
3.7855e+06
3.7779e+06
3.769e+06
3.7622e+06
3.7632e+06
3.778e+06
3.8103e+06
3.8589e+06
3.9175e+06
3.9756e+06
4.0217e+06
4.0462e+06
4.0437e+06
4.0145e+06
3.9643e+06
3.9028e+06
3.8408e+06
3.788e+06
3.7508e+06
3.7316e+06
3.73e+06
3.7436e+06
3.7695e+06
3.8049e+06
3.8471e+06
3.8928e+06
3.9375e+06
3.9758e+06
4.002e+06
4.0112e+06
4.001e+06
3.9726e+06
3.9312e+06
3.8854e+06
3.8449e+06
3.8174e+06
3.8064e+06
3.8097e+06
3.821e+06
3.8322e+06
3.8369e+06
3.8327e+06
3.8217e+06
3.81e+06
3.8057e+06
3.8164e+06
3.8463e+06
3.8955e+06
3.9586e+06
4.0268e+06
4.0895e+06
4.1366e+06
4.161e+06
4.1594e+06
4.1327e+06
4.086e+06
4.0269e+06
3.9641e+06
3.9059e+06
3.8584e+06
3.8249e+06
3.806e+06
3.7995e+06
3.8015e+06
3.8071e+06
3.8113e+06
3.8098e+06
3.7998e+06
3.7808e+06
3.7554e+06
3.7295e+06
3.7117e+06
3.7106e+06
3.7327e+06
3.7783e+06
3.841e+06
3.9082e+06
3.965e+06
3.9983e+06
4.0002e+06
3.9702e+06
3.9152e+06
3.8482e+06
3.7849e+06
3.7397e+06
3.7214e+06
3.7312e+06
3.7622e+06
3.8028e+06
3.8402e+06
3.8646e+06
3.8716e+06
3.863e+06
3.8459e+06
3.8299e+06
3.8225e+06
3.8261e+06
3.8365e+06
3.8442e+06
3.8384e+06
3.8113e+06
3.7604e+06
3.6907e+06
3.6136e+06
3.5451e+06
3.5015e+06
3.4951e+06
3.5298e+06
3.599e+06
3.6878e+06
3.777e+06
3.8489e+06
3.8913e+06
3.9002e+06
3.88e+06
3.8419e+06
3.7996e+06
3.7652e+06
3.7447e+06
3.7374e+06
3.7372e+06
3.7363e+06
3.7285e+06
3.7118e+06
3.6888e+06
3.6657e+06
3.6503e+06
3.65e+06
3.6686e+06
3.7047e+06
3.7518e+06
3.7995e+06
3.8366e+06
3.8545e+06
3.8493e+06
3.8225e+06
3.7806e+06
3.7322e+06
3.6854e+06
3.6456e+06
3.6143e+06
3.5896e+06
3.5683e+06
3.5474e+06
3.526e+06
3.5059e+06
3.4912e+06
3.4872e+06
3.4985e+06
3.5266e+06
3.5686e+06
3.6168e+06
3.6609e+06
3.6907e+06
3.6988e+06
3.683e+06
3.6465e+06
3.5973e+06
3.5457e+06
3.5017e+06
3.473e+06
3.4628e+06
3.4703e+06
3.491e+06
3.519e+06
3.5483e+06
3.5747e+06
3.5965e+06
3.6144e+06
3.6305e+06
3.647e+06
3.664e+06
3.6796e+06
3.6896e+06
3.6897e+06
3.6768e+06
3.6509e+06
3.6151e+06
3.5754e+06
3.5391e+06
3.5132e+06
3.5027e+06
3.5091e+06
3.5303e+06
3.561e+06
3.5939e+06
3.6213e+06
3.6369e+06
3.6371e+06
3.6213e+06
3.5918e+06
3.5529e+06
3.5095e+06
3.4661e+06
3.4265e+06
3.3931e+06
3.3676e+06
3.3516e+06
3.3465e+06
3.3535e+06
3.3733e+06
3.4057e+06
3.4488e+06
3.4991e+06
3.5516e+06
3.6001e+06
3.6387e+06
3.6624e+06
3.6681e+06
3.6555e+06
3.6267e+06
3.586e+06
3.5388e+06
3.4908e+06
3.447e+06
3.4109e+06
3.3845e+06
3.3681e+06
3.3608e+06
3.3609e+06
3.3663e+06
3.3747e+06
3.384e+06
3.3917e+06
3.3958e+06
3.3939e+06
3.3848e+06
3.3682e+06
3.3456e+06
3.3202e+06
3.2967e+06
3.2806e+06
3.2766e+06
3.2882e+06
3.3159e+06
3.3576e+06
3.4085e+06
3.462e+06
3.511e+06
3.5492e+06
3.5726e+06
3.5797e+06
3.5721e+06
3.5533e+06
3.5279e+06
3.5005e+06
3.4742e+06
3.4507e+06
3.4301e+06
3.4116e+06
3.3939e+06
3.3757e+06
3.3569e+06
3.3382e+06
3.3221e+06
3.3114e+06
3.3088e+06
3.3153e+06
3.3295e+06
3.3471e+06
3.3628e+06
3.3716e+06
3.3706e+06
3.3601e+06
3.3435e+06
3.3262e+06
3.3148e+06
3.3146e+06
3.329e+06
3.358e+06
3.3977e+06
3.4417e+06
3.4816e+06
3.5091e+06
3.5178e+06
3.5048e+06
3.4708e+06
3.4207e+06
3.362e+06
3.3036e+06
3.2536e+06
3.2184e+06
3.2013e+06
3.2023e+06
3.2186e+06
3.2454e+06
3.2765e+06
3.3061e+06
3.3291e+06
3.3419e+06
3.3427e+06
3.3314e+06
3.3088e+06
3.2767e+06
3.2375e+06
3.194e+06
3.1495e+06
3.108e+06
3.0736e+06
3.0501e+06
3.0407e+06
3.0469e+06
3.0682e+06
3.1021e+06
3.1437e+06
3.1869e+06
3.2249e+06
3.2519e+06
3.2638e+06
3.2592e+06
3.2396e+06
3.2093e+06
3.174e+06
3.14e+06
3.1129e+06
3.0962e+06
3.0909e+06
3.0954e+06
3.1062e+06
3.1182e+06
3.1268e+06
3.128e+06
3.1202e+06
3.1038e+06
3.0814e+06
3.0568e+06
3.0341e+06
3.0166e+06
3.0066e+06
3.0045e+06
3.0095e+06
3.0198e+06
3.0327e+06
3.0456e+06
3.0558e+06
3.0614e+06
3.0611e+06
3.0546e+06
3.0427e+06
3.0263e+06
3.0072e+06
2.9869e+06
2.9677e+06
2.9514e+06
2.9402e+06
2.9361e+06
2.9402e+06
2.9529e+06
2.9729e+06
2.998e+06
3.0246e+06
3.0488e+06
3.0666e+06
3.075e+06
3.0722e+06
3.058e+06
3.0342e+06
3.0038e+06
2.9711e+06
2.9403e+06
2.9151e+06
2.8982e+06
2.8904e+06
2.8909e+06
2.8972e+06
2.9059e+06
2.9136e+06
2.9172e+06
2.915e+06
2.9066e+06
2.8931e+06
2.8769e+06
2.8603e+06
2.8458e+06
2.8352e+06
2.8294e+06
2.8284e+06
2.8315e+06
2.8375e+06
2.8448e+06
2.8519e+06
2.8576e+06
2.861e+06
2.8621e+06
2.8609e+06
2.8578e+06
2.8531e+06
2.8469e+06
2.8394e+06
2.8309e+06
2.8219e+06
2.813e+06
2.805e+06
2.7984e+06
2.7937e+06
2.7909e+06
2.7899e+06
2.7902e+06
2.7908e+06
2.7909e+06
2.7895e+06
2.7861e+06
2.7809e+06
2.7749e+06
2.7694e+06
2.7662e+06
2.7667e+06
2.7717e+06
2.781e+06
2.7933e+06
2.8062e+06
2.8166e+06
2.8214e+06
2.818e+06
2.805e+06
2.7828e+06
2.7536e+06
2.7211e+06
2.6902e+06
2.6654e+06
2.6507e+06
2.648e+06
2.6573e+06
2.6764e+06
2.7013e+06
2.7269e+06
2.7482e+06
2.7609e+06
2.7625e+06
2.7528e+06
2.7336e+06
2.7086e+06
2.6824e+06
2.6599e+06
2.645e+06
2.6396e+06
2.6441e+06
2.6566e+06
2.6738e+06
2.6918e+06
2.7067e+06
2.7159e+06
2.7182e+06
2.7142e+06
2.7062e+06
2.6975e+06
2.6916e+06
2.6915e+06
2.699e+06
2.7142e+06
2.7354e+06
2.7594e+06
2.782e+06
2.7994e+06
2.8086e+06
2.8082e+06
2.7986e+06
2.782e+06
2.7619e+06
2.7424e+06
2.7275e+06
2.7204e+06
2.7228e+06
2.7349e+06
2.755e+06
2.7801e+06
2.8065e+06
2.8304e+06
2.8486e+06
2.8595e+06
2.8625e+06
2.8586e+06
2.8498e+06
2.8389e+06
2.8286e+06
2.8215e+06
2.8196e+06
2.8234e+06
2.8323e+06
2.8445e+06
2.8573e+06
2.8681e+06
2.8748e+06
2.8764e+06
2.873e+06
2.8659e+06
2.857e+06
2.8488e+06
2.8436e+06
2.8432e+06
2.8484e+06
2.8588e+06
2.8728e+06
2.8878e+06
2.9009e+06
2.9092e+06
2.9106e+06
2.9038e+06
2.8888e+06
2.8667e+06
2.8399e+06
2.8119e+06
2.7865e+06
2.7674e+06
2.7576e+06
2.7583e+06
2.769e+06
2.7879e+06
2.812e+06
2.8383e+06
2.8635e+06
2.8852e+06
2.9014e+06
2.9108e+06
2.9136e+06
2.9107e+06
2.9043e+06
2.8969e+06
2.8909e+06
2.8881e+06
2.8894e+06
2.895e+06
2.9045e+06
2.9174e+06
2.9329e+06
2.9503e+06
2.9689e+06
2.9876e+06
3.0057e+06
3.0223e+06
3.0367e+06
3.048e+06
3.0551e+06
3.0573e+06
3.0538e+06
3.0446e+06
3.0303e+06
3.0123e+06
2.9927e+06
2.9736e+06
2.9575e+06
2.9464e+06
2.942e+06
2.9448e+06
2.9543e+06
2.9685e+06
2.9846e+06
2.9993e+06
3.0099e+06
3.0147e+06
3.0135e+06
3.007e+06
2.9969e+06
2.9853e+06
2.9741e+06
2.9649e+06
2.9587e+06
2.9558e+06
2.9553e+06
2.9556e+06
2.9545e+06
2.9501e+06
2.9414e+06
2.9288e+06
2.914e+06
2.8999e+06
2.8897e+06
2.8865e+06
2.8923e+06
2.9076e+06
2.9312e+06
2.9601e+06
2.9896e+06
3.0151e+06
3.0322e+06
3.0382e+06
3.0329e+06
3.0182e+06
2.9985e+06
2.9789e+06
2.9649e+06
2.9608e+06
2.9691e+06
2.9897e+06
3.0198e+06
3.0547e+06
3.0884e+06
3.115e+06
3.1297e+06
3.1303e+06
3.1175e+06
3.0945e+06
3.0666e+06
3.0399e+06
3.02e+06
3.0111e+06
3.0146e+06
3.0293e+06
3.0515e+06
3.0759e+06
3.0969e+06
3.1094e+06
3.1105e+06
3.0994e+06
3.0777e+06
3.049e+06
3.0182e+06
2.9897e+06
2.9674e+06
2.9531e+06
2.9468e+06
2.9467e+06
2.9501e+06
2.9541e+06
2.9566e+06
2.9568e+06
2.9556e+06
2.9552e+06
2.9581e+06
2.9666e+06
2.9816e+06
3.0024e+06
3.0265e+06
3.0506e+06
3.0707e+06
3.0835e+06
3.0871e+06
3.0809e+06
3.0665e+06
3.0471e+06
3.0269e+06
3.0103e+06
3.0008e+06
3.0003e+06
3.0086e+06
3.0238e+06
3.043e+06
3.0627e+06
3.0801e+06
3.0933e+06
3.1018e+06
3.1068e+06
3.1108e+06
3.1167e+06
3.1269e+06
3.1425e+06
3.1629e+06
3.1858e+06
3.2079e+06
3.226e+06
3.2381e+06
3.2434e+06
3.243e+06
3.239e+06
3.2344e+06
3.232e+06
3.2337e+06
3.2399e+06
3.2487e+06
3.2568e+06
3.2602e+06
3.2551e+06
3.2395e+06
3.2137e+06
3.1809e+06
3.1462e+06
3.1162e+06
3.0969e+06
3.0928e+06
3.1054e+06
3.1323e+06
3.1683e+06
3.2059e+06
3.2369e+06
3.2547e+06
3.2549e+06
3.2369e+06
3.2037e+06
3.1613e+06
3.1174e+06
3.0798e+06
3.0547e+06
3.0456e+06
3.0527e+06
3.0734e+06
3.1027e+06
3.135e+06
3.1648e+06
3.188e+06
3.2026e+06
3.2082e+06
3.2067e+06
3.2006e+06
3.1928e+06
3.1853e+06
3.1795e+06
3.1757e+06
3.1737e+06
3.1732e+06
3.1742e+06
3.1773e+06
3.1834e+06
3.1936e+06
3.2083e+06
3.2273e+06
3.2487e+06
3.2698e+06
3.2875e+06
3.2989e+06
3.3021e+06
3.2972e+06
3.2862e+06
3.2724e+06
3.2602e+06
3.2537e+06
3.2555e+06
3.2664e+06
3.2845e+06
3.3056e+06
3.3245e+06
3.3361e+06
3.3364e+06
3.3239e+06
3.2996e+06
3.2671e+06
3.2316e+06
3.1988e+06
3.1737e+06
3.1593e+06
3.1568e+06
3.1647e+06
3.1801e+06
3.1996e+06
3.2196e+06
3.2375e+06
3.2518e+06
3.2622e+06
3.269e+06
3.2726e+06
3.2732e+06
3.2706e+06
3.264e+06
3.2528e+06
3.2374e+06
3.2189e+06
3.1999e+06
3.1838e+06
3.1742e+06
3.1741e+06
3.1851e+06
3.2065e+06
3.2351e+06
3.2661e+06
3.294e+06
3.3136e+06
3.3217e+06
3.3177e+06
3.3033e+06
3.2826e+06
3.2607e+06
3.2423e+06
3.2311e+06
3.2282e+06
3.2326e+06
3.2418e+06
3.2523e+06
3.261e+06
3.2662e+06
3.2678e+06
3.2674e+06
3.2677e+06
3.2712e+06
3.2792e+06
3.2913e+06
3.3056e+06
3.3192e+06
3.3292e+06
3.3338e+06
3.3327e+06
3.3269e+06
3.3189e+06
3.3113e+06
3.3061e+06
3.3044e+06
3.3053e+06
3.3065e+06
3.305e+06
3.2979e+06
3.2836e+06
3.2629e+06
3.2387e+06
3.2154e+06
3.1983e+06
3.1914e+06
3.1967e+06
3.2133e+06
3.2378e+06
3.2651e+06
3.2901e+06
3.3081e+06
3.317e+06
3.3166e+06
3.3091e+06
3.298e+06
3.2865e+06
3.2767e+06
3.2688e+06
3.2608e+06
3.2501e+06
3.2344e+06
3.2135e+06
3.189e+06
3.1652e+06
3.1474e+06
3.141e+06
3.1496e+06
3.1735e+06
3.2094e+06
3.2508e+06
3.2897e+06
3.3181e+06
3.3306e+06
3.3256e+06
3.3054e+06
3.2759e+06
3.2446e+06
3.219e+06
3.204e+06
3.2012e+06
3.2085e+06
3.2219e+06
3.2365e+06
3.2485e+06
3.2559e+06
3.2587e+06
3.2589e+06
3.2589e+06
3.2608e+06
3.2651e+06
3.2703e+06
3.273e+06
3.2695e+06
3.257e+06
3.2356e+06
3.2081e+06
3.1801e+06
3.1587e+06
3.15e+06
3.1578e+06
3.1819e+06
3.2183e+06
3.2602e+06
3.3e+06
3.3312e+06
3.3499e+06
3.3553e+06
3.3498e+06
3.3379e+06
3.3242e+06
3.3122e+06
3.3028e+06
3.2945e+06
3.2845e+06
3.2701e+06
3.2503e+06
3.2266e+06
3.2031e+06
3.1852e+06
3.1784e+06
3.1865e+06
3.2098e+06
3.2452e+06
3.2867e+06
3.327e+06
3.3593e+06
3.3791e+06
3.3849e+06
3.3777e+06
3.3602e+06
3.3356e+06
3.306e+06
3.2723e+06
3.2344e+06
3.1921e+06
3.1461e+06
3.0994e+06
3.057e+06
3.0255e+06
3.0112e+06
3.0181e+06
3.0462e+06
3.0904e+06
3.1417e+06
3.1891e+06
3.2229e+06
3.2366e+06
3.2288e+06
3.2028e+06
3.1662e+06
3.128e+06
3.0964e+06
3.0762e+06
3.068e+06
3.0687e+06
3.0732e+06
3.0771e+06
3.0782e+06
3.0771e+06
3.0771e+06
3.0827e+06
3.0976e+06
3.1226e+06
3.1546e+06
3.1871e+06
3.2122e+06
3.2231e+06
3.2163e+06
3.1932e+06
3.1596e+06
3.1243e+06
3.0959e+06
3.0804e+06
3.0793e+06
3.0895e+06
3.105e+06
3.1198e+06
3.1296e+06
3.1337e+06
3.1346e+06
3.137e+06
3.1453e+06
3.1619e+06
3.1854e+06
3.2106e+06
3.2301e+06
3.237e+06
3.2268e+06
3.1994e+06
3.1592e+06
3.1138e+06
3.0717e+06
3.0397e+06
3.0206e+06
3.0128e+06
3.0113e+06
3.0105e+06
3.006e+06
2.9971e+06
2.9867e+06
2.9801e+06
2.9829e+06
2.9983e+06
3.0248e+06
3.0561e+06
3.083e+06
3.0964e+06
3.0903e+06
3.0639e+06
3.0221e+06
2.9744e+06
2.9322e+06
2.9055e+06
2.8995e+06
2.9129e+06
2.9395e+06
2.9701e+06
2.9964e+06
3.0131e+06
3.0194e+06
3.0188e+06
3.0167e+06
3.0187e+06
3.0277e+06
3.0424e+06
3.0578e+06
3.0674e+06
3.0655e+06
3.0496e+06
3.0214e+06
2.9865e+06
2.952e+06
2.9246e+06
2.9084e+06
2.9033e+06
2.906e+06
2.9119e+06
2.9169e+06
2.9193e+06
2.9205e+06
2.9239e+06
2.9338e+06
2.953e+06
2.9811e+06
3.0143e+06
3.0461e+06
3.0701e+06
3.0816e+06
3.0796e+06
3.0669e+06
3.049e+06
3.0321e+06
3.0206e+06
3.0157e+06
3.0153e+06
3.0149e+06
3.0101e+06
2.9981e+06
2.9792e+06
2.9562e+06
2.934e+06
2.9172e+06
2.9086e+06
2.9076e+06
2.9107e+06
2.9122e+06
2.9069e+06
2.8916e+06
2.8664e+06
2.8343e+06
2.8008e+06
2.7711e+06
2.7492e+06
2.7359e+06
2.7301e+06
2.729e+06
2.7305e+06
2.7337e+06
2.7395e+06
2.7498e+06
2.7662e+06
2.7892e+06
2.8169e+06
2.8459e+06
2.8717e+06
2.8901e+06
2.8987e+06
2.8968e+06
2.8859e+06
2.8686e+06
2.8478e+06
2.8255e+06
2.8028e+06
2.7797e+06
2.7563e+06
2.7334e+06
2.7122e+06
2.6946e+06
2.6822e+06
2.6748e+06
2.671e+06
2.6679e+06
2.6626e+06
2.6534e+06
2.6406e+06
2.6273e+06
2.6181e+06
2.6177e+06
2.6288e+06
2.6508e+06
2.6792e+06
2.7075e+06
2.7288e+06
2.7385e+06
2.7351e+06
2.7211e+06
2.701e+06
2.6798e+06
2.6614e+06
2.6466e+06
2.6339e+06
2.6207e+06
2.6049e+06
2.5868e+06
2.569e+06
2.5557e+06
2.5513e+06
2.5581e+06
2.5747e+06
2.5965e+06
2.6169e+06
2.63e+06
2.6323e+06
2.6245e+06
2.611e+06
2.598e+06
2.591e+06
2.5918e+06
2.5977e+06
2.6029e+06
2.6006e+06
2.5873e+06
2.5638e+06
2.5359e+06
2.5126e+06
2.5023e+06
2.5094e+06
2.5321e+06
2.5631e+06
2.5921e+06
2.6102e+06
2.6122e+06
2.5985e+06
2.5744e+06
2.5487e+06
2.5303e+06
2.5251e+06
2.5336e+06
2.5517e+06
2.5725e+06
2.5899e+06
2.6003e+06
2.604e+06
2.6034e+06
2.6014e+06
2.5992e+06
2.5952e+06
2.5859e+06
2.568e+06
2.5401e+06
2.504e+06
2.4654e+06
2.4315e+06
2.4094e+06
2.403e+06
2.4118e+06
2.4313e+06
2.4549e+06
2.477e+06
2.4947e+06
2.5081e+06
2.5196e+06
2.5315e+06
2.5444e+06
2.5554e+06
2.5595e+06
2.5515e+06
2.5288e+06
2.4932e+06
2.4512e+06
2.4121e+06
2.385e+06
2.3746e+06
2.3794e+06
2.3923e+06
2.404e+06
2.4071e+06
2.3984e+06
2.3803e+06
2.3597e+06
2.3449e+06
2.3427e+06
2.3549e+06
2.3784e+06
2.4059e+06
2.4295e+06
2.4437e+06
2.447e+06
2.4421e+06
2.4339e+06
2.4275e+06
2.4256e+06
2.4276e+06
2.4304e+06
2.4299e+06
2.4239e+06
2.4126e+06
2.3988e+06
2.386e+06
2.3771e+06
2.3726e+06
2.371e+06
2.3695e+06
2.3658e+06
2.3593e+06
2.3512e+06
2.344e+06
2.3401e+06
2.3404e+06
2.3436e+06
2.3472e+06
2.3487e+06
2.347e+06
2.3436e+06
2.3417e+06
2.3452e+06
2.356e+06
2.3729e+06
2.3912e+06
2.4045e+06
2.4071e+06
2.3965e+06
2.3741e+06
2.3445e+06
2.314e+06
2.2878e+06
2.2682e+06
2.2541e+06
2.2426e+06
2.2307e+06
2.2178e+06
2.2057e+06
2.1975e+06
2.1959e+06
2.2013e+06
2.2112e+06
2.221e+06
2.2265e+06
2.226e+06
2.2215e+06
2.2185e+06
2.2232e+06
2.2402e+06
2.2687e+06
2.3028e+06
2.3334e+06
2.3513e+06
2.3512e+06
2.333e+06
2.302e+06
2.2669e+06
2.2364e+06
2.2156e+06
2.2045e+06
2.1984e+06
2.1913e+06
2.1787e+06
2.1596e+06
2.1364e+06
2.1136e+06
2.0952e+06
2.0831e+06
2.0761e+06
2.0709e+06
2.0646e+06
2.0558e+06
2.0459e+06
2.0383e+06
2.0365e+06
2.0424e+06
2.0549e+06
2.0701e+06
2.0835e+06
2.0918e+06
2.0943e+06
2.0936e+06
2.0939e+06
2.0989e+06
2.1105e+06
2.1274e+06
2.1467e+06
2.1644e+06
2.1778e+06
2.1854e+06
2.1868e+06
2.1815e+06
2.1684e+06
2.1459e+06
2.1132e+06
2.0713e+06
2.0247e+06
1.9806e+06
1.9482e+06
1.9348e+06
1.9429e+06
1.9691e+06
2.0045e+06
2.0392e+06
2.0647e+06
2.0772e+06
2.0775e+06
2.0705e+06
2.0622e+06
2.0574e+06
2.0578e+06
2.0613e+06
2.0644e+06
2.0637e+06
2.0584e+06
2.05e+06
2.0415e+06
2.0355e+06
2.0327e+06
2.0313e+06
2.0286e+06
2.022e+06
2.0106e+06
1.9957e+06
1.9796e+06
1.9646e+06
1.9518e+06
1.9412e+06
1.9325e+06
1.9258e+06
1.9222e+06
1.9238e+06
1.9317e+06
1.9448e+06
1.9592e+06
1.969e+06
1.9688e+06
1.956e+06
1.9328e+06
1.9068e+06
1.8886e+06
1.8879e+06
1.909e+06
1.9476e+06
1.9931e+06
2.0329e+06
2.0572e+06
2.062e+06
2.0495e+06
2.0263e+06
2.0002e+06
1.9769e+06
1.9578e+06
1.9407e+06
1.922e+06
1.8995e+06
1.8734e+06
1.8465e+06
1.8217e+06
1.8011e+06
1.7843e+06
1.7698e+06
1.7568e+06
1.7463e+06
1.7416e+06
1.7469e+06
1.7642e+06
1.7916e+06
1.8231e+06
1.8505e+06
1.8667e+06
1.8684e+06
1.8576e+06
1.8408e+06
1.8264e+06
1.8207e+06
1.825e+06
1.8346e+06
1.8419e+06
1.8401e+06
1.8269e+06
1.8064e+06
1.7873e+06
1.779e+06
1.7876e+06
1.8119e+06
1.8448e+06
1.8762e+06
1.8978e+06
1.9053e+06
1.8991e+06
1.8827e+06
1.861e+06
1.8379e+06
1.8157e+06
1.7949e+06
1.775e+06
1.7557e+06
1.737e+06
1.7191e+06
1.7026e+06
1.688e+06
1.6758e+06
1.6672e+06
1.6637e+06
1.6664e+06
1.675e+06
1.6878e+06
1.7011e+06
1.7114e+06
1.7161e+06
1.7155e+06
1.7123e+06
1.7109e+06
1.7148e+06
1.7246e+06
1.7377e+06
1.7495e+06
1.7559e+06
1.7561e+06
1.7527e+06
1.7507e+06
1.7543e+06
1.7643e+06
1.7769e+06
1.7861e+06
1.7867e+06
1.7777e+06
1.7626e+06
1.7481e+06
1.7403e+06
1.7403e+06
1.7437e+06
1.7425e+06
1.7293e+06
1.7013e+06
1.6622e+06
1.6212e+06
1.589e+06
1.5729e+06
1.5734e+06
1.5845e+06
1.5978e+06
1.607e+06
1.6114e+06
1.6143e+06
1.621e+06
1.6342e+06
1.6516e+06
1.6671e+06
1.6736e+06
1.6673e+06
1.6504e+06
1.6308e+06
1.6185e+06
1.6205e+06
1.6363e+06
1.6577e+06
1.6731e+06
1.6735e+06
1.6569e+06
1.6289e+06
1.6009e+06
1.5845e+06
1.5857e+06
1.602e+06
1.6247e+06
1.6444e+06
1.6554e+06
1.6575e+06
1.654e+06
1.6495e+06
1.6462e+06
1.6437e+06
1.6398e+06
1.6332e+06
1.6249e+06
1.6176e+06
1.6138e+06
1.6134e+06
1.6128e+06
1.6066e+06
1.59e+06
1.5616e+06
1.5246e+06
1.4859e+06
1.4534e+06
1.4329e+06
1.4256e+06
1.4285e+06
1.4372e+06
1.4481e+06
1.4604e+06
1.475e+06
1.4929e+06
1.5138e+06
1.5357e+06
1.5561e+06
1.574e+06
1.5904e+06
1.6076e+06
1.627e+06
1.6475e+06
1.665e+06
1.674e+06
1.6708e+06
1.656e+06
1.6349e+06
1.6158e+06
1.606e+06
1.6077e+06
1.6171e+06
1.6267e+06
1.6298e+06
1.6239e+06
1.6114e+06
1.5973e+06
1.5859e+06
1.5775e+06
1.569e+06
1.5564e+06
1.5384e+06
1.5184e+06
1.5027e+06
1.4969e+06
1.5011e+06
1.5089e+06
1.5105e+06
1.4977e+06
1.4686e+06
1.4285e+06
1.3886e+06
1.3603e+06
1.3499e+06
1.3546e+06
1.3657e+06
1.3737e+06
1.374e+06
1.3685e+06
1.3636e+06
1.3652e+06
1.3749e+06
1.3884e+06
1.3981e+06
1.3979e+06
1.3865e+06
1.3686e+06
1.3524e+06
1.3454e+06
1.35e+06
1.3622e+06
1.3746e+06
1.3814e+06
1.381e+06
1.3768e+06
1.3748e+06
1.379e+06
1.3897e+06
1.4036e+06
1.4165e+06
1.4265e+06
1.4343e+06
1.4417e+06
1.4486e+06
1.4514e+06
1.4449e+06
1.4249e+06
1.3928e+06
1.3561e+06
1.3272e+06
1.3164e+06
1.3264e+06
1.3501e+06
1.3752e+06
1.3912e+06
1.3943e+06
1.3879e+06
1.3788e+06
1.3729e+06
1.3707e+06
1.3676e+06
1.3576e+06
1.3378e+06
1.3106e+06
1.2827e+06
1.2609e+06
1.2475e+06
1.2391e+06
1.2289e+06
1.2118e+06
1.1883e+06
1.1641e+06
1.1475e+06
1.1432e+06
1.1489e+06
1.1563e+06
1.1564e+06
1.1451e+06
1.1256e+06
1.1072e+06
1.1008e+06
1.1118e+06
1.1372e+06
1.1672e+06
1.1916e+06
1.2045e+06
1.2063e+06
1.2016e+06
1.1961e+06
1.1929e+06
1.1912e+06
1.1881e+06
1.1823e+06
1.1758e+06
1.1737e+06
1.181e+06
1.1987e+06
1.2227e+06
1.2461e+06
1.2632e+06
1.2729e+06
1.2784e+06
1.2849e+06
1.2953e+06
1.3083e+06
1.3188e+06
1.3215e+06
1.3143e+06
1.2998e+06
1.2835e+06
1.2708e+06
1.2642e+06
1.2625e+06
1.2632e+06
1.2655e+06
1.2712e+06
1.2824e+06
1.2989e+06
1.3163e+06
1.3275e+06
1.3271e+06
1.3146e+06
1.2954e+06
1.2782e+06
1.2698e+06
1.2699e+06
1.2713e+06
1.2646e+06
1.2443e+06
1.213e+06
1.1803e+06
1.1583e+06
1.1539e+06
1.1639e+06
1.1773e+06
1.1829e+06
1.175e+06
1.1557e+06
1.1325e+06
1.1132e+06
1.1013e+06
1.0945e+06
1.0877e+06
1.0777e+06
1.0656e+06
1.0555e+06
1.0504e+06
1.0487e+06
1.0443e+06
1.03e+06
1.0026e+06
9.6586e+05
9.3012e+05
9.0807e+05
9.0727e+05
9.2501e+05
9.5047e+05
9.7178e+05
9.8203e+05
9.8111e+05
9.741e+05
9.6746e+05
9.6531e+05
9.6768e+05
9.7177e+05
9.7467e+05
9.7522e+05
9.7392e+05
9.7138e+05
9.672e+05
9.6034e+05
9.5093e+05
9.4217e+05
9.4011e+05
9.5056e+05
9.7473e+05
1.0071e+06
1.038e+06
1.0582e+06
1.0639e+06
1.0579e+06
1.048e+06
1.043e+06
1.0469e+06
1.057e+06
1.0661e+06
1.0679e+06
1.0613e+06
1.0514e+06
1.0465e+06
1.053e+06
1.071e+06
1.0943e+06
1.1144e+06
1.1254e+06
1.1263e+06
1.1208e+06
1.1153e+06
1.1153e+06
1.1234e+06
1.1384e+06
1.1565e+06
1.1725e+06
1.1822e+06
1.183e+06
1.1754e+06
1.1634e+06
1.1534e+06
1.1514e+06
1.1595e+06
1.174e+06
1.187e+06
1.1909e+06
1.1835e+06
1.169e+06
1.1569e+06
1.1558e+06
1.1675e+06
1.1853e+06
1.1983e+06
1.1985e+06
1.1853e+06
1.1661e+06
1.1516e+06
1.1494e+06
1.1588e+06
1.1725e+06
1.1822e+06
1.1841e+06
1.1801e+06
1.175e+06
1.1715e+06
1.1675e+06
1.1584e+06
1.1415e+06
1.12e+06
1.103e+06
1.0996e+06
1.1117e+06
1.131e+06
1.1435e+06
1.1375e+06
1.11e+06
1.0678e+06
1.0248e+06
9.9506e+05
9.8503e+05
9.9128e+05
1.0051e+06
1.0192e+06
1.0306e+06
1.0391e+06
1.0439e+06
1.042e+06
1.0305e+06
1.0095e+06
9.8498e+05
9.6627e+05
9.6096e+05
9.6863e+05
9.8058e+05
9.8564e+05
9.7741e+05
9.5796e+05
9.3646e+05
9.2325e+05
9.2249e+05
9.2923e+05
9.3363e+05
9.2823e+05
9.1238e+05
8.9191e+05
8.7447e+05
8.6392e+05
8.5787e+05
8.5066e+05
8.387e+05
8.2368e+05
8.1118e+05
8.0579e+05
8.0661e+05
8.073e+05
8.0081e+05
7.8453e+05
7.6224e+05
7.4175e+05
7.2936e+05
7.2503e+05
7.2283e+05
7.1623e+05
7.0338e+05
6.8848e+05
6.7838e+05
6.7669e+05
6.8036e+05
6.8211e+05
6.7638e+05
6.6372e+05
6.5057e+05
6.4436e+05
6.469e+05
6.5193e+05
6.4953e+05
6.331e+05
6.04e+05
5.7182e+05
5.4966e+05
5.453e+05
5.55e+05
5.6731e+05
5.7236e+05
5.674e+05
5.5667e+05
5.4681e+05
5.4117e+05
5.371e+05
5.2885e+05
5.1312e+05
4.9264e+05
4.7535e+05
4.6885e+05
4.7364e+05
4.8205e+05
4.8437e+05
4.7566e+05
4.588e+05
4.4309e+05
4.3835e+05
4.4719e+05
4.6279e+05
4.7469e+05
