2.4006e+06
2.4213e+06
2.4341e+06
2.4493e+06
2.4781e+06
2.5242e+06
2.58e+06
2.6305e+06
2.6631e+06
2.675e+06
2.6752e+06
2.6798e+06
2.7024e+06
2.7457e+06
2.8004e+06
2.8522e+06
2.8901e+06
2.9114e+06
2.9215e+06
2.9289e+06
2.9407e+06
2.9599e+06
2.9862e+06
3.0189e+06
3.0577e+06
3.1023e+06
3.1499e+06
3.1957e+06
3.2349e+06
3.2661e+06
3.2928e+06
3.322e+06
3.3598e+06
3.4069e+06
3.4577e+06
3.5039e+06
3.5398e+06
3.5658e+06
3.5886e+06
3.6166e+06
3.6549e+06
3.7024e+06
3.7526e+06
3.7983e+06
3.8357e+06
3.8658e+06
3.8936e+06
3.9242e+06
3.9611e+06
4.0045e+06
4.0524e+06
4.1017e+06
4.1495e+06
4.1932e+06
4.2313e+06
4.2639e+06
4.2937e+06
4.3246e+06
4.3605e+06
4.4027e+06
4.4484e+06
4.4927e+06
4.531e+06
4.5627e+06
4.5919e+06
4.6248e+06
4.6655e+06
4.7133e+06
4.7624e+06
4.8062e+06
4.8414e+06
4.8704e+06
4.8993e+06
4.9336e+06
4.9741e+06
5.0158e+06
5.0516e+06
5.0774e+06
5.0955e+06
5.1143e+06
5.1432e+06
5.1873e+06
5.2436e+06
5.3024e+06
5.3527e+06
5.387e+06
5.4045e+06
5.4106e+06
5.4137e+06
5.4216e+06
5.4392e+06
5.4676e+06
5.505e+06
5.5479e+06
5.5916e+06
5.6315e+06
5.664e+06
5.6875e+06
5.7027e+06
5.7124e+06
5.7196e+06
5.7266e+06
5.7341e+06
5.7423e+06
5.7521e+06
5.7658e+06
5.7858e+06
5.8126e+06
5.8431e+06
5.8712e+06
5.8901e+06
5.8961e+06
5.8906e+06
5.8793e+06
5.8695e+06
5.8656e+06
5.8677e+06
5.8718e+06
5.8735e+06
5.8701e+06
5.8628e+06
5.8544e+06
5.8473e+06
5.8415e+06
5.8354e+06
5.827e+06
5.8162e+06
5.8049e+06
5.795e+06
5.7864e+06
5.776e+06
5.7588e+06
5.731e+06
5.6925e+06
5.648e+06
5.6048e+06
5.5695e+06
5.5449e+06
5.5284e+06
5.5147e+06
5.498e+06
5.4751e+06
5.446e+06
5.4132e+06
5.3795e+06
5.3471e+06
5.3165e+06
5.2871e+06
5.2572e+06
5.2247e+06
5.1877e+06
5.1449e+06
5.0969e+06
5.0464e+06
4.9978e+06
4.9559e+06
4.9237e+06
4.9005e+06
4.8823e+06
4.863e+06
4.8376e+06
4.8044e+06
4.7653e+06
4.7251e+06
4.6889e+06
4.6601e+06
4.6397e+06
4.6261e+06
4.6171e+06
4.6103e+06
4.6044e+06
4.599e+06
4.5939e+06
4.5895e+06
4.5867e+06
4.5864e+06
4.5894e+06
4.5959e+06
4.605e+06
4.6156e+06
4.6268e+06
4.6392e+06
4.6543e+06
4.674e+06
4.6987e+06
4.7263e+06
4.753e+06
4.7755e+06
4.7929e+06
4.8087e+06
4.8288e+06
4.8587e+06
4.9001e+06
4.9492e+06
4.9988e+06
5.0421e+06
5.0767e+06
5.1054e+06
5.1346e+06
5.1697e+06
5.2113e+06
5.2547e+06
5.2923e+06
5.3188e+06
5.334e+06
5.3431e+06
5.3538e+06
5.3714e+06
5.3961e+06
5.4239e+06
5.4495e+06
5.4706e+06
5.4888e+06
5.5077e+06
5.5296e+06
5.5526e+06
5.571e+06
5.579e+06
5.5749e+06
5.5622e+06
5.5484e+06
5.5402e+06
5.5393e+06
5.5417e+06
5.5402e+06
5.5299e+06
5.511e+06
5.4892e+06
5.4713e+06
5.4601e+06
5.452e+06
5.4385e+06
5.4113e+06
5.3674e+06
5.3113e+06
5.2526e+06
5.2011e+06
5.1616e+06
5.1322e+06
5.1064e+06
5.078e+06
5.0444e+06
5.0076e+06
4.9709e+06
4.9366e+06
4.9037e+06
4.8695e+06
4.8324e+06
4.7947e+06
4.7619e+06
4.7394e+06
4.7286e+06
4.725e+06
4.7197e+06
4.7049e+06
4.679e+06
4.6482e+06
4.6242e+06
4.618e+06
4.6332e+06
4.6639e+06
4.6978e+06
4.7228e+06
4.734e+06
4.7356e+06
4.738e+06
4.751e+06
4.7777e+06
4.8128e+06
4.8454e+06
4.8666e+06
4.875e+06
4.8771e+06
4.8841e+06
4.9047e+06
4.9394e+06
4.9802e+06
5.0159e+06
5.0386e+06
5.0483e+06
5.0523e+06
5.0603e+06
5.0777e+06
5.1023e+06
5.1253e+06
5.1372e+06
5.1336e+06
5.1177e+06
5.098e+06
5.083e+06
5.0756e+06
5.0718e+06
5.0636e+06
5.044e+06
5.0118e+06
4.972e+06
4.9323e+06
4.8985e+06
4.8711e+06
4.8453e+06
4.815e+06
4.7773e+06
4.7346e+06
4.6931e+06
4.659e+06
4.6343e+06
4.6158e+06
4.5971e+06
4.5728e+06
4.5418e+06
4.5082e+06
4.4784e+06
4.4579e+06
4.4476e+06
4.4441e+06
4.442e+06
4.438e+06
4.4328e+06
4.4304e+06
4.4354e+06
4.4496e+06
4.4699e+06
4.4904e+06
4.5053e+06
4.5129e+06
4.5167e+06
4.5234e+06
4.5391e+06
4.5653e+06
4.5976e+06
4.6284e+06
4.6512e+06
4.6646e+06
4.673e+06
4.6845e+06
4.7055e+06
4.737e+06
4.7734e+06
4.8056e+06
4.8259e+06
4.8316e+06
4.8259e+06
4.8154e+06
4.8063e+06
4.8003e+06
4.7953e+06
4.7868e+06
4.772e+06
4.7513e+06
4.7281e+06
4.7061e+06
4.6862e+06
4.666e+06
4.6408e+06
4.6072e+06
4.5659e+06
4.5218e+06
4.482e+06
4.4517e+06
4.4317e+06
4.4174e+06
4.4017e+06
4.3789e+06
4.3479e+06
4.3129e+06
4.2814e+06
4.26e+06
4.252e+06
4.2554e+06
4.2651e+06
4.2758e+06
4.2852e+06
4.2944e+06
4.3066e+06
4.325e+06
4.3499e+06
4.3787e+06
4.4073e+06
4.4323e+06
4.4532e+06
4.4718e+06
4.491e+06
4.5124e+06
4.535e+06
4.5554e+06
4.5701e+06
4.5774e+06
4.5787e+06
4.5773e+06
4.5763e+06
4.5764e+06
4.5754e+06
4.5696e+06
4.5564e+06
4.5363e+06
4.513e+06
4.4914e+06
4.4745e+06
4.4617e+06
4.4482e+06
4.4288e+06
4.4004e+06
4.3646e+06
4.3274e+06
4.2963e+06
4.2764e+06
4.2672e+06
4.2631e+06
4.2568e+06
4.2429e+06
4.2219e+06
4.2001e+06
4.1869e+06
4.1905e+06
4.2131e+06
4.2495e+06
4.2897e+06
4.3232e+06
4.3442e+06
4.3537e+06
4.3584e+06
4.3677e+06
4.3885e+06
4.4217e+06
4.4621e+06
4.5011e+06
4.531e+06
4.5488e+06
4.5566e+06
4.56e+06
4.5649e+06
4.5739e+06
4.5851e+06
4.5933e+06
4.5927e+06
4.5797e+06
4.5548e+06
4.5215e+06
4.4854e+06
4.4512e+06
4.4217e+06
4.3969e+06
4.3752e+06
4.3541e+06
4.3318e+06
4.3073e+06
4.2807e+06
4.2532e+06
4.2267e+06
4.2037e+06
4.1867e+06
4.1775e+06
4.1764e+06
4.1822e+06
4.1922e+06
4.2033e+06
4.2138e+06
4.2241e+06
4.2366e+06
4.2544e+06
4.2796e+06
4.3114e+06
4.3459e+06
4.3772e+06
4.4003e+06
4.4131e+06
4.4178e+06
4.42e+06
4.4257e+06
4.4384e+06
4.4567e+06
4.4751e+06
4.4865e+06
4.4854e+06
4.471e+06
4.447e+06
4.4196e+06
4.3944e+06
4.3733e+06
4.3542e+06
4.3324e+06
4.304e+06
4.2684e+06
4.2298e+06
4.1951e+06
4.1709e+06
4.1606e+06
4.1625e+06
4.1709e+06
4.1792e+06
4.1831e+06
4.1828e+06
4.1829e+06
4.1897e+06
4.2082e+06
4.2389e+06
4.2776e+06
4.3167e+06
4.3494e+06
4.372e+06
4.3856e+06
4.3949e+06
4.4055e+06
4.4205e+06
4.4391e+06
4.4568e+06
4.4682e+06
4.47e+06
4.4628e+06
4.4505e+06
4.4377e+06
4.4274e+06
4.4185e+06
4.4066e+06
4.3861e+06
4.3536e+06
4.3099e+06
4.2603e+06
4.2129e+06
4.1752e+06
4.1512e+06
4.1401e+06
4.1374e+06
4.1371e+06
4.1352e+06
4.1306e+06
4.1256e+06
4.1239e+06
4.1287e+06
4.1404e+06
4.1568e+06
4.1744e+06
4.1898e+06
4.2016e+06
4.211e+06
4.2199e+06
4.23e+06
4.2408e+06
4.2495e+06
4.2526e+06
4.2474e+06
4.2341e+06
4.2155e+06
4.196e+06
4.1791e+06
4.1657e+06
4.1534e+06
4.1381e+06
4.1161e+06
4.0866e+06
4.0524e+06
4.0186e+06
3.9909e+06
3.9727e+06
3.9638e+06
3.9606e+06
3.9582e+06
3.9531e+06
3.9451e+06
3.9375e+06
3.9358e+06
3.9448e+06
3.9658e+06
3.9954e+06
4.0268e+06
4.0521e+06
4.0659e+06
4.0674e+06
4.0601e+06
4.05e+06
4.0424e+06
4.039e+06
4.037e+06
4.0306e+06
4.0144e+06
3.986e+06
3.9476e+06
3.9056e+06
3.8676e+06
3.8395e+06
3.8229e+06
3.8147e+06
3.8092e+06
3.8005e+06
3.7858e+06
3.7659e+06
3.7451e+06
3.7288e+06
3.7219e+06
3.7261e+06
3.7403e+06
3.7609e+06
3.7842e+06
3.8074e+06
3.8297e+06
3.8514e+06
3.873e+06
3.8939e+06
3.9122e+06
3.9252e+06
3.9311e+06
3.9295e+06
3.9221e+06
3.9118e+06
3.9006e+06
3.889e+06
3.8752e+06
3.8562e+06
3.8298e+06
3.7962e+06
3.7586e+06
3.7231e+06
3.6959e+06
3.6814e+06
3.6803e+06
3.689e+06
3.7015e+06
3.7119e+06
3.7168e+06
3.7167e+06
3.7156e+06
3.7192e+06
3.7317e+06
3.7539e+06
3.7822e+06
3.8095e+06
3.8285e+06
3.8343e+06
3.8258e+06
3.8065e+06
3.7821e+06
3.7578e+06
3.7366e+06
3.7177e+06
3.6979e+06
3.674e+06
3.6448e+06
3.6124e+06
3.5815e+06
3.5574e+06
3.5434e+06
3.5394e+06
3.5415e+06
3.5442e+06
3.5421e+06
3.5329e+06
3.5181e+06
3.5027e+06
3.4929e+06
3.4939e+06
3.5066e+06
3.5278e+06
3.5504e+06
3.567e+06
3.5726e+06
3.5661e+06
3.5509e+06
3.5326e+06
3.5168e+06
3.5063e+06
3.5002e+06
3.4942e+06
3.4837e+06
3.4653e+06
3.4392e+06
3.4085e+06
3.3787e+06
3.3548e+06
3.3403e+06
3.3352e+06
3.3373e+06
3.3429e+06
3.3491e+06
3.3547e+06
3.3609e+06
3.3701e+06
3.3847e+06
3.4054e+06
3.4303e+06
3.4554e+06
3.4761e+06
3.4884e+06
3.4906e+06
3.4835e+06
3.4693e+06
3.4512e+06
3.4314e+06
3.4108e+06
3.3895e+06
3.3672e+06
3.3445e+06
3.3232e+06
3.306e+06
3.2958e+06
3.294e+06
3.3001e+06
3.3117e+06
3.3249e+06
3.3362e+06
3.3433e+06
3.3465e+06
3.3478e+06
3.3504e+06
3.3565e+06
3.3665e+06
3.3777e+06
3.3857e+06
3.3859e+06
3.3748e+06
3.3523e+06
3.3208e+06
3.2853e+06
3.2509e+06
3.2216e+06
3.1987e+06
3.1812e+06
3.1666e+06
3.1525e+06
3.1377e+06
3.123e+06
3.1104e+06
3.1025e+06
3.101e+06
3.1061e+06
3.1157e+06
3.1267e+06
3.1357e+06
3.1405e+06
3.1404e+06
3.1364e+06
3.1303e+06
3.1236e+06
3.1165e+06
3.1076e+06
3.095e+06
3.0769e+06
3.0527e+06
3.0241e+06
2.9941e+06
2.9665e+06
2.9443e+06
2.9292e+06
2.9208e+06
2.9171e+06
2.9156e+06
2.9147e+06
2.9139e+06
2.9139e+06
2.9165e+06
2.9228e+06
2.9328e+06
2.9444e+06
2.9543e+06
2.9588e+06
2.9553e+06
2.9435e+06
2.9252e+06
2.9042e+06
2.8843e+06
2.8683e+06
2.8565e+06
2.8476e+06
2.8389e+06
2.8279e+06
2.8139e+06
2.798e+06
2.7833e+06
2.7731e+06
2.7704e+06
2.7759e+06
2.7877e+06
2.8024e+06
2.8155e+06
2.8234e+06
2.8248e+06
2.8205e+06
2.8134e+06
2.807e+06
2.8036e+06
2.8033e+06
2.8041e+06
2.8026e+06
2.7959e+06
2.7825e+06
2.7637e+06
2.7429e+06
2.7244e+06
2.7123e+06
2.7086e+06
2.7128e+06
2.7219e+06
2.7321e+06
2.7396e+06
2.7424e+06
2.7405e+06
2.7363e+06
2.7327e+06
2.7324e+06
2.7364e+06
2.7432e+06
2.75e+06
2.7529e+06
2.7494e+06
2.7386e+06
2.7218e+06
2.7017e+06
2.6816e+06
2.6638e+06
2.6496e+06
2.6384e+06
2.6291e+06
2.6205e+06
2.6125e+06
2.6059e+06
2.6028e+06
2.6052e+06
2.6139e+06
2.628e+06
2.6445e+06
2.6588e+06
2.6665e+06
2.6647e+06
2.6526e+06
2.6324e+06
2.6079e+06
2.5838e+06
2.5637e+06
2.5492e+06
2.5396e+06
2.5326e+06
2.5256e+06
2.5169e+06
2.5062e+06
2.4954e+06
2.487e+06
2.4839e+06
2.4873e+06
2.4963e+06
2.5081e+06
2.5181e+06
2.5222e+06
2.5176e+06
2.5041e+06
2.4837e+06
2.4603e+06
2.4381e+06
2.4202e+06
2.4075e+06
2.3987e+06
2.3914e+06
2.3829e+06
2.3716e+06
2.3577e+06
2.3433e+06
2.3312e+06
2.3244e+06
2.3246e+06
2.3313e+06
2.3417e+06
2.3519e+06
2.3578e+06
2.3566e+06
2.3477e+06
2.3328e+06
2.315e+06
2.2982e+06
2.2849e+06
2.2761e+06
2.271e+06
2.2674e+06
2.2631e+06
2.2567e+06
2.2486e+06
2.2406e+06
2.2353e+06
2.2353e+06
2.2419e+06
2.2544e+06
2.2699e+06
2.2845e+06
2.2939e+06
2.2955e+06
2.2887e+06
2.275e+06
2.258e+06
2.2418e+06
2.2294e+06
2.2222e+06
2.2195e+06
2.2188e+06
2.2176e+06
2.2138e+06
2.2068e+06
2.1978e+06
2.1895e+06
2.1845e+06
2.1853e+06
2.1923e+06
2.204e+06
2.217e+06
2.2273e+06
2.2315e+06
2.2279e+06
2.217e+06
2.2011e+06
2.1839e+06
2.1688e+06
2.1581e+06
2.1522e+06
2.1499e+06
2.1489e+06
2.1469e+06
2.1426e+06
2.1359e+06
2.1281e+06
2.1213e+06
2.1173e+06
2.1172e+06
2.1205e+06
2.1251e+06
2.1282e+06
2.1271e+06
2.1202e+06
2.1077e+06
2.0914e+06
2.0742e+06
2.0593e+06
2.0488e+06
2.0434e+06
2.0422e+06
2.0431e+06
2.0437e+06
2.0421e+06
2.0377e+06
2.0313e+06
2.0245e+06
2.0195e+06
2.0177e+06
2.0193e+06
2.0227e+06
2.0253e+06
2.0242e+06
2.0175e+06
2.0047e+06
1.9875e+06
1.969e+06
1.9528e+06
1.9424e+06
1.9396e+06
1.9442e+06
1.954e+06
1.9655e+06
1.9752e+06
1.9805e+06
1.9804e+06
1.9758e+06
1.969e+06
1.9629e+06
1.9598e+06
1.9606e+06
1.9644e+06
1.9688e+06
1.971e+06
1.9689e+06
1.9617e+06
1.9506e+06
1.9383e+06
1.928e+06
1.9231e+06
1.9252e+06
1.9341e+06
1.9476e+06
1.9617e+06
1.9726e+06
1.9771e+06
1.9739e+06
1.9639e+06
1.9497e+06
1.9348e+06
1.9224e+06
1.9146e+06
1.9115e+06
1.9116e+06
1.9122e+06
1.9109e+06
1.906e+06
1.8973e+06
1.886e+06
1.8742e+06
1.8644e+06
1.8585e+06
1.8567e+06
1.8577e+06
1.859e+06
1.8576e+06
1.8513e+06
1.8394e+06
1.8228e+06
1.8043e+06
1.787e+06
1.7743e+06
1.7678e+06
1.7677e+06
1.7724e+06
1.7787e+06
1.7834e+06
1.784e+06
1.7791e+06
1.7693e+06
1.7564e+06
1.7432e+06
1.7322e+06
1.7249e+06
1.721e+06
1.7189e+06
1.7162e+06
1.7105e+06
1.7006e+06
1.6868e+06
1.6707e+06
1.6551e+06
1.6434e+06
1.6379e+06
1.6397e+06
1.6478e+06
1.6593e+06
1.6704e+06
1.677e+06
1.6766e+06
1.6682e+06
1.6529e+06
1.6336e+06
1.6138e+06
1.5971e+06
1.5859e+06
1.5809e+06
1.5809e+06
1.5838e+06
1.5869e+06
1.588e+06
1.5859e+06
1.5807e+06
1.5734e+06
1.566e+06
1.56e+06
1.5561e+06
1.5539e+06
1.552e+06
1.5483e+06
1.5411e+06
1.5297e+06
1.5148e+06
1.4981e+06
1.4823e+06
1.4703e+06
1.4644e+06
1.4655e+06
1.4729e+06
1.4842e+06
1.4961e+06
1.5054e+06
1.5095e+06
1.5074e+06
1.4999e+06
1.4893e+06
1.4786e+06
1.471e+06
1.4686e+06
1.4724e+06
1.4815e+06
1.4938e+06
1.5066e+06
1.5174e+06
1.5244e+06
1.5273e+06
1.527e+06
1.5254e+06
1.5246e+06
1.5265e+06
1.5317e+06
1.5395e+06
1.548e+06
1.5551e+06
1.5591e+06
1.5591e+06
1.5555e+06
1.5498e+06
1.5444e+06
1.5415e+06
1.5433e+06
1.5501e+06
1.5611e+06
1.5739e+06
1.5854e+06
1.5926e+06
1.5935e+06
1.5878e+06
1.5768e+06
1.5632e+06
1.5504e+06
1.5416e+06
1.5392e+06
1.5436e+06
1.5537e+06
1.5669e+06
1.5798e+06
1.5893e+06
1.5933e+06
1.5912e+06
1.5839e+06
1.5736e+06
1.5631e+06
1.5551e+06
1.5512e+06
1.5518e+06
1.5558e+06
1.5615e+06
1.5667e+06
1.5697e+06
1.5697e+06
1.5667e+06
1.5618e+06
1.5567e+06
1.5532e+06
1.5524e+06
1.5543e+06
1.5577e+06
1.5608e+06
1.5615e+06
1.5581e+06
1.5503e+06
1.5388e+06
1.5258e+06
1.5139e+06
1.506e+06
1.5042e+06
1.5094e+06
1.5207e+06
1.5357e+06
1.551e+06
1.5629e+06
1.5687e+06
1.567e+06
1.5584e+06
1.5449e+06
1.53e+06
1.5176e+06
1.511e+06
1.5123e+06
1.5218e+06
1.5378e+06
1.5574e+06
1.5768e+06
1.5925e+06
1.6022e+06
1.6048e+06
1.6014e+06
1.5943e+06
1.5869e+06
1.5822e+06
1.5827e+06
1.5894e+06
1.6014e+06
1.6168e+06
1.6328e+06
1.6466e+06
1.656e+06
1.6599e+06
1.6586e+06
1.6535e+06
1.6469e+06
1.6411e+06
1.6381e+06
1.6387e+06
1.6423e+06
1.6477e+06
1.653e+06
1.6566e+06
1.6572e+06
1.6546e+06
1.6495e+06
1.6431e+06
1.6371e+06
1.6332e+06
1.6325e+06
1.6349e+06
1.6398e+06
1.6455e+06
1.6502e+06
1.6526e+06
1.6517e+06
1.6479e+06
1.6421e+06
1.636e+06
1.6315e+06
1.6302e+06
1.6328e+06
1.6393e+06
1.6483e+06
1.6577e+06
1.6653e+06
1.6691e+06
1.6683e+06
1.6631e+06
1.6548e+06
1.6459e+06
1.6391e+06
1.6366e+06
1.6402e+06
1.6501e+06
1.6651e+06
1.683e+06
1.7007e+06
1.7152e+06
1.7242e+06
1.7268e+06
1.7235e+06
1.7162e+06
1.7077e+06
1.7011e+06
1.6991e+06
1.7033e+06
1.7138e+06
1.729e+06
1.7463e+06
1.7626e+06
1.7746e+06
1.7804e+06
1.7791e+06
1.7715e+06
1.7599e+06
1.7473e+06
1.7372e+06
1.7321e+06
1.7337e+06
1.7418e+06
1.7548e+06
1.7699e+06
1.7841e+06
1.7942e+06
1.7983e+06
1.7956e+06
1.7868e+06
1.7741e+06
1.7607e+06
1.7498e+06
1.744e+06
1.7451e+06
1.7531e+06
1.7668e+06
1.7838e+06
1.8012e+06
1.8163e+06
1.8269e+06
1.8318e+06
1.8314e+06
1.8271e+06
1.8212e+06
1.8164e+06
1.8151e+06
1.8186e+06
1.8271e+06
1.8395e+06
1.8539e+06
1.868e+06
1.8794e+06
1.8865e+06
1.8884e+06
1.8856e+06
1.8794e+06
1.8719e+06
1.8658e+06
1.8632e+06
1.8653e+06
1.8724e+06
1.8835e+06
1.8967e+06
1.91e+06
1.9212e+06
1.9286e+06
1.9315e+06
1.9299e+06
1.9248e+06
1.918e+06
1.9117e+06
1.9078e+06
1.9079e+06
1.9122e+06
1.9204e+06
1.9312e+06
1.9429e+06
1.9537e+06
1.962e+06
1.9668e+06
1.9679e+06
1.966e+06
1.9624e+06
1.9589e+06
1.9571e+06
1.9582e+06
1.9629e+06
1.9708e+06
1.981e+06
1.992e+06
2.0024e+06
2.0107e+06
2.016e+06
2.0179e+06
2.0172e+06
2.015e+06
2.0133e+06
2.0138e+06
2.0179e+06
2.0264e+06
2.0391e+06
2.0548e+06
2.0719e+06
2.0883e+06
2.1021e+06
2.1116e+06
2.116e+06
2.1153e+06
2.1105e+06
2.1032e+06
2.0956e+06
2.0897e+06
2.087e+06
2.0884e+06
2.0936e+06
2.1018e+06
2.1113e+06
2.1203e+06
2.1269e+06
2.13e+06
2.129e+06
2.1245e+06
2.1179e+06
2.1116e+06
2.108e+06
2.109e+06
2.1159e+06
2.1288e+06
2.1468e+06
2.168e+06
2.1897e+06
2.2092e+06
2.2242e+06
2.233e+06
2.2351e+06
2.2313e+06
2.2237e+06
2.2149e+06
2.2077e+06
2.2046e+06
2.2069e+06
2.2148e+06
2.2271e+06
2.2415e+06
2.2553e+06
2.2658e+06
2.2709e+06
2.2697e+06
2.2626e+06
2.2515e+06
2.2392e+06
2.2291e+06
2.2242e+06
2.2267e+06
2.2373e+06
2.2553e+06
2.2783e+06
2.3031e+06
2.3258e+06
2.3433e+06
2.3531e+06
2.3544e+06
2.3482e+06
2.3369e+06
2.3238e+06
2.3128e+06
2.307e+06
2.3087e+06
2.3184e+06
2.3351e+06
2.3564e+06
2.3789e+06
2.3994e+06
2.4149e+06
2.4237e+06
2.4256e+06
2.4216e+06
2.4139e+06
2.4055e+06
2.3992e+06
2.3969e+06
2.4e+06
2.4081e+06
2.4201e+06
2.4337e+06
2.4464e+06
2.456e+06
2.4612e+06
2.4615e+06
2.4577e+06
2.4514e+06
2.4443e+06
2.4386e+06
2.4357e+06
2.4367e+06
2.4418e+06
2.4507e+06
2.4624e+06
2.4758e+06
2.4894e+06
2.502e+06
2.5129e+06
2.5217e+06
2.5284e+06
2.5331e+06
2.536e+06
2.5373e+06
2.5371e+06
2.5359e+06
2.5341e+06
2.5327e+06
2.5325e+06
2.5343e+06
2.5386e+06
2.5455e+06
2.5546e+06
2.5651e+06
2.5753e+06
2.5837e+06
2.5883e+06
2.588e+06
2.5826e+06
2.5726e+06
2.5602e+06
2.5479e+06
2.5387e+06
2.5351e+06
2.5389e+06
2.5503e+06
2.568e+06
2.5896e+06
2.6117e+06
2.6305e+06
2.6432e+06
2.648e+06
2.645e+06
2.6355e+06
2.6227e+06
2.61e+06
2.6008e+06
2.5978e+06
2.6021e+06
2.613e+06
2.6286e+06
2.6459e+06
2.6616e+06
2.6729e+06
2.678e+06
2.6767e+06
2.6702e+06
2.6608e+06
2.6511e+06
2.6437e+06
2.6404e+06
2.642e+06
2.6481e+06
2.6576e+06
2.6688e+06
2.6798e+06
2.6893e+06
2.6963e+06
2.7007e+06
2.7029e+06
2.7035e+06
2.7031e+06
2.702e+06
2.7001e+06
2.6971e+06
2.693e+06
2.6881e+06
2.6831e+06
2.6794e+06
2.6784e+06
2.6813e+06
2.6889e+06
2.701e+06
2.7162e+06
2.7323e+06
2.7466e+06
2.7561e+06
2.7586e+06
2.7533e+06
2.741e+06
2.724e+06
2.7058e+06
2.6903e+06
2.6808e+06
2.6797e+06
2.6874e+06
2.7024e+06
2.7219e+06
2.7421e+06
2.7592e+06
2.7704e+06
2.7741e+06
2.7706e+06
2.7616e+06
2.7494e+06
2.737e+06
2.7266e+06
2.7196e+06
2.7161e+06
2.7159e+06
2.7177e+06
2.7206e+06
2.7237e+06
2.7268e+06
2.7304e+06
2.735e+06
2.7413e+06
2.7495e+06
2.7585e+06
2.7669e+06
2.7723e+06
2.773e+06
2.7679e+06
2.7574e+06
2.7433e+06
2.7287e+06
2.717e+06
2.711e+06
2.7128e+06
2.7225e+06
2.7384e+06
2.757e+06
2.7744e+06
2.7866e+06
2.7907e+06
2.7857e+06
2.7727e+06
2.7546e+06
2.7353e+06
2.7188e+06
2.7084e+06
2.7056e+06
2.7103e+06
2.7207e+06
2.7341e+06
2.7476e+06
2.759e+06
2.7668e+06
2.7709e+06
2.7722e+06
2.7719e+06
2.7711e+06
2.77e+06
2.7682e+06
2.7645e+06
2.7578e+06
2.7476e+06
2.7346e+06
2.7204e+06
2.7077e+06
2.6993e+06
2.6975e+06
2.7036e+06
2.7171e+06
2.7359e+06
2.7563e+06
2.7742e+06
2.786e+06
2.7893e+06
2.7836e+06
2.7705e+06
2.7529e+06
2.7347e+06
2.7192e+06
2.709e+06
2.705e+06
2.7067e+06
2.7125e+06
2.7203e+06
2.7283e+06
2.735e+06
2.7402e+06
2.744e+06
2.7471e+06
2.75e+06
2.7526e+06
2.7538e+06
2.7522e+06
2.7466e+06
2.7363e+06
2.7221e+06
2.7059e+06
2.6907e+06
2.6799e+06
2.6763e+06
2.6813e+06
2.6947e+06
2.7142e+06
2.7363e+06
2.757e+06
2.7726e+06
2.7807e+06
2.7809e+06
2.7744e+06
2.7639e+06
2.7522e+06
2.7418e+06
2.7342e+06
2.7293e+06
2.7262e+06
2.7236e+06
2.7203e+06
2.7162e+06
2.7118e+06
2.7084e+06
2.7076e+06
2.7107e+06
2.7178e+06
2.7279e+06
2.7385e+06
2.7467e+06
2.7499e+06
2.7462e+06
2.7357e+06
2.72e+06
2.702e+06
2.6852e+06
2.6726e+06
2.6659e+06
2.6653e+06
2.6697e+06
2.6768e+06
2.6843e+06
2.6904e+06
2.6941e+06
2.6958e+06
2.6964e+06
2.6971e+06
2.6985e+06
2.7004e+06
2.7016e+06
2.7003e+06
2.6952e+06
2.6859e+06
2.6732e+06
2.6594e+06
2.6475e+06
2.6403e+06
2.6401e+06
2.6472e+06
2.6603e+06
2.6767e+06
2.6925e+06
2.7043e+06
2.7098e+06
2.7083e+06
2.7008e+06
2.6895e+06
2.6771e+06
2.6656e+06
2.6558e+06
2.6473e+06
2.639e+06
2.6295e+06
2.6184e+06
2.6062e+06
2.5946e+06
2.5862e+06
2.5832e+06
2.5872e+06
2.5981e+06
2.6142e+06
2.6323e+06
2.6483e+06
2.6588e+06
2.6616e+06
2.6562e+06
2.644e+06
2.6278e+06
2.6106e+06
2.5949e+06
2.5821e+06
2.5724e+06
2.5652e+06
2.5593e+06
2.5544e+06
2.5507e+06
2.5489e+06
2.5504e+06
2.5562e+06
2.5664e+06
2.5795e+06
2.5931e+06
2.6041e+06
2.6095e+06
2.6076e+06
2.5982e+06
2.5831e+06
2.5653e+06
2.5483e+06
2.535e+06
2.5269e+06
2.5239e+06
2.5248e+06
2.5274e+06
2.53e+06
2.5318e+06
2.5327e+06
2.5338e+06
2.5364e+06
2.5415e+06
2.5489e+06
2.5572e+06
2.564e+06
2.5666e+06
2.5628e+06
2.5519e+06
2.535e+06
2.5144e+06
2.4935e+06
2.4751e+06
2.4614e+06
2.453e+06
2.449e+06
2.448e+06
2.4483e+06
2.4487e+06
2.4489e+06
2.4496e+06
2.4515e+06
2.4555e+06
2.4616e+06
2.4686e+06
2.4747e+06
2.4778e+06
2.4763e+06
2.4695e+06
2.4583e+06
2.4445e+06
2.4305e+06
2.4184e+06
2.4095e+06
2.404e+06
2.401e+06
2.3996e+06
2.3988e+06
2.3983e+06
2.3988e+06
2.4011e+06
2.4061e+06
2.4141e+06
2.424e+06
2.4338e+06
2.4408e+06
2.4427e+06
2.438e+06
2.4269e+06
2.411e+06
2.3932e+06
2.3761e+06
2.362e+06
2.3514e+06
2.3439e+06
2.3381e+06
2.3324e+06
2.3263e+06
2.32e+06
2.3151e+06
2.3132e+06
2.3159e+06
2.3237e+06
2.3352e+06
2.3479e+06
2.3582e+06
2.3631e+06
2.3608e+06
2.3513e+06
2.3365e+06
2.3193e+06
2.3031e+06
2.29e+06
2.281e+06
2.2752e+06
2.2713e+06
2.2674e+06
2.2627e+06
2.2573e+06
2.2522e+06
2.2491e+06
2.2495e+06
2.2537e+06
2.2614e+06
2.2708e+06
2.2799e+06
2.2868e+06
2.2902e+06
2.2902e+06
2.2872e+06
2.2822e+06
2.2759e+06
2.2683e+06
2.2589e+06
2.2473e+06
2.2331e+06
2.2172e+06
2.201e+06
2.1868e+06
2.1766e+06
2.1718e+06
2.1724e+06
2.1774e+06
2.1845e+06
2.1916e+06
2.197e+06
2.2001e+06
2.2015e+06
2.2023e+06
2.2035e+06
2.2056e+06
2.2077e+06
2.208e+06
2.2043e+06
2.1954e+06
2.181e+06
2.1628e+06
2.1431e+06
2.1249e+06
2.1106e+06
2.101e+06
2.0958e+06
2.0937e+06
2.0929e+06
2.0924e+06
2.092e+06
2.0927e+06
2.0954e+06
2.1013e+06
2.1103e+06
2.1208e+06
2.1306e+06
2.1371e+06
2.1384e+06
2.1341e+06
2.1253e+06
2.1142e+06
2.1029e+06
2.0928e+06
2.0841e+06
2.0756e+06
2.0659e+06
2.0538e+06
2.0398e+06
2.0255e+06
2.0137e+06
2.0071e+06
2.0075e+06
2.0147e+06
2.0266e+06
2.0399e+06
2.0512e+06
2.0582e+06
2.0604e+06
2.0593e+06
2.0572e+06
2.0564e+06
2.0578e+06
2.0605e+06
2.0619e+06
2.0593e+06
2.0505e+06
2.0357e+06
2.0168e+06
1.997e+06
1.9799e+06
1.9678e+06
1.9609e+06
1.9579e+06
1.9562e+06
1.9538e+06
1.9496e+06
1.9445e+06
1.9404e+06
1.9399e+06
1.9443e+06
1.9535e+06
1.9652e+06
1.9762e+06
1.9833e+06
1.9848e+06
1.9812e+06
1.9745e+06
1.9675e+06
1.9621e+06
1.9584e+06
1.9547e+06
1.9483e+06
1.9369e+06
1.9199e+06
1.8993e+06
1.8787e+06
1.8624e+06
1.8536e+06
1.8532e+06
1.8595e+06
1.8685e+06
1.8764e+06
1.8804e+06
1.8802e+06
1.8781e+06
1.8774e+06
1.8812e+06
1.8905e+06
1.9033e+06
1.9154e+06
1.9219e+06
1.9196e+06
1.9083e+06
1.8906e+06
1.8715e+06
1.8557e+06
1.8458e+06
1.8413e+06
1.8389e+06
1.8346e+06
1.8252e+06
1.8105e+06
1.7931e+06
1.7775e+06
1.7685e+06
1.769e+06
1.7783e+06
1.7929e+06
1.8074e+06
1.8174e+06
1.8206e+06
1.8183e+06
1.814e+06
1.8125e+06
1.8166e+06
1.826e+06
1.8372e+06
1.8446e+06
1.8436e+06
1.8325e+06
1.8131e+06
1.7902e+06
1.7695e+06
1.7552e+06
1.748e+06
1.7453e+06
1.7424e+06
1.7355e+06
1.7229e+06
1.7064e+06
1.6904e+06
1.6801e+06
1.6795e+06
1.6891e+06
1.7056e+06
1.7235e+06
1.7374e+06
1.744e+06
1.7434e+06
1.739e+06
1.7354e+06
1.7366e+06
1.7433e+06
1.7528e+06
1.7601e+06
1.7603e+06
1.7512e+06
1.7339e+06
1.7128e+06
1.6935e+06
1.6803e+06
1.6745e+06
1.6739e+06
1.6738e+06
1.67e+06
1.6601e+06
1.6452e+06
1.6286e+06
1.6152e+06
1.6088e+06
1.611e+06
1.6201e+06
1.6323e+06
1.6433e+06
1.6506e+06
1.6537e+06
1.6547e+06
1.6568e+06
1.6624e+06
1.6717e+06
1.6825e+06
1.6911e+06
1.6941e+06
1.6896e+06
1.6783e+06
1.6631e+06
1.6475e+06
1.6345e+06
1.6249e+06
1.6175e+06
1.6102e+06
1.6008e+06
1.5885e+06
1.5744e+06
1.5605e+06
1.5494e+06
1.543e+06
1.5416e+06
1.5442e+06
1.5491e+06
1.5546e+06
1.5597e+06
1.5643e+06
1.5689e+06
1.5744e+06
1.581e+06
1.5884e+06
1.5958e+06
1.6022e+06
1.6068e+06
1.6093e+06
1.6097e+06
1.608e+06
1.6042e+06
1.5981e+06
1.5895e+06
1.5788e+06
1.5664e+06
1.5533e+06
1.5402e+06
1.5275e+06
1.5152e+06
1.503e+06
1.4908e+06
1.4789e+06
1.4684e+06
1.4605e+06
1.4564e+06
1.4561e+06
1.4591e+06
1.4638e+06
1.4687e+06
1.473e+06
1.4772e+06
1.4825e+06
1.4907e+06
1.5023e+06
1.5164e+06
1.5304e+06
1.541e+06
1.5455e+06
1.5435e+06
1.5367e+06
1.5283e+06
1.5218e+06
1.5189e+06
1.5186e+06
1.518e+06
1.5132e+06
1.5022e+06
1.4851e+06
1.4652e+06
1.4468e+06
1.4337e+06
1.4269e+06
1.4247e+06
1.423e+06
1.4179e+06
1.4076e+06
1.3932e+06
1.3786e+06
1.3688e+06
1.3675e+06
1.3754e+06
1.3897e+06
1.4051e+06
1.4167e+06
1.4221e+06
1.4218e+06
1.4196e+06
1.4198e+06
1.4254e+06
1.4363e+06
1.4488e+06
1.4581e+06
1.4605e+06
1.455e+06
1.444e+06
1.4321e+06
1.4235e+06
1.4204e+06
1.4212e+06
1.4221e+06
1.419e+06
1.4093e+06
1.3938e+06
1.3753e+06
1.3581e+06
1.3453e+06
1.3378e+06
1.334e+06
1.331e+06
1.3262e+06
1.3189e+06
1.3101e+06
1.3028e+06
1.2996e+06
1.302e+06
1.3094e+06
1.3196e+06
1.3297e+06
1.3376e+06
1.343e+06
1.3467e+06
1.3506e+06
1.3564e+06
1.3642e+06
1.3732e+06
1.3815e+06
1.3874e+06
1.3897e+06
1.3885e+06
1.3846e+06
1.3791e+06
1.3729e+06
1.3665e+06
1.3598e+06
1.3527e+06
1.3448e+06
1.336e+06
1.3259e+06
1.3145e+06
1.3019e+06
1.2888e+06
1.2761e+06
1.2652e+06
1.257e+06
1.2517e+06
1.2485e+06
1.246e+06
1.2429e+06
1.2388e+06
1.2342e+06
1.2308e+06
1.2304e+06
1.2343e+06
1.242e+06
1.2515e+06
1.2604e+06
1.2668e+06
1.2707e+06
1.2737e+06
1.2783e+06
1.2864e+06
1.2979e+06
1.3103e+06
1.3201e+06
1.324e+06
1.3213e+06
1.3139e+06
1.3059e+06
1.301e+06
1.301e+06
1.304e+06
1.3061e+06
1.303e+06
1.2927e+06
1.2764e+06
1.2581e+06
1.2427e+06
1.2333e+06
1.2297e+06
1.2286e+06
1.2252e+06
1.2163e+06
1.2019e+06
1.1846e+06
1.1691e+06
1.1593e+06
1.1567e+06
1.1592e+06
1.163e+06
1.1642e+06
1.1615e+06
1.156e+06
1.1512e+06
1.151e+06
1.1573e+06
1.1692e+06
1.1835e+06
1.1962e+06
1.2045e+06
1.2085e+06
1.2102e+06
1.2128e+06
1.2187e+06
1.2281e+06
1.239e+06
1.2485e+06
1.2542e+06
1.2552e+06
1.2526e+06
1.2485e+06
1.2448e+06
1.2424e+06
1.241e+06
1.2393e+06
1.236e+06
1.2304e+06
1.2224e+06
1.2122e+06
1.2005e+06
1.1877e+06
1.1747e+06
1.1622e+06
1.1509e+06
1.1411e+06
1.1328e+06
1.1248e+06
1.1163e+06
1.1067e+06
1.0964e+06
1.087e+06
1.0802e+06
1.0772e+06
1.0776e+06
1.0799e+06
1.0816e+06
1.0813e+06
1.079e+06
1.0767e+06
1.0773e+06
1.0827e+06
1.093e+06
1.1057e+06
1.1171e+06
1.1243e+06
1.1268e+06
1.1267e+06
1.1283e+06
1.1348e+06
1.147e+06
1.1623e+06
1.1757e+06
1.1831e+06
1.1831e+06
1.1776e+06
1.1713e+06
1.1688e+06
1.1719e+06
1.1788e+06
1.185e+06
1.1861e+06
1.1804e+06
1.1693e+06
1.1569e+06
1.1472e+06
1.1422e+06
1.1404e+06
1.1382e+06
1.1322e+06
1.1208e+06
1.1056e+06
1.0897e+06
1.0765e+06
1.0675e+06
1.062e+06
1.0573e+06
1.0509e+06
1.0418e+06
1.0307e+06
1.0197e+06
1.0109e+06
1.0053e+06
1.0024e+06
1.001e+06
9.9982e+05
9.9824e+05
9.9664e+05
9.9586e+05
9.9661e+05
9.9914e+05
1.0033e+06
1.0088e+06
1.0156e+06
1.0233e+06
1.0316e+06
1.0396e+06
1.0464e+06
1.0513e+06
1.0547e+06
1.0582e+06
1.0641e+06
1.0735e+06
1.0859e+06
1.0987e+06
1.1085e+06
1.1132e+06
1.1129e+06
1.1102e+06
1.109e+06
1.1121e+06
1.1191e+06
1.1269e+06
1.131e+06
1.1286e+06
1.1203e+06
1.1098e+06
1.1019e+06
1.0997e+06
1.1026e+06
1.1063e+06
1.1057e+06
1.0977e+06
1.0831e+06
1.066e+06
1.0518e+06
1.0436e+06
1.0408e+06
1.0394e+06
1.0347e+06
1.0241e+06
1.0085e+06
9.9159e+05
9.7771e+05
9.6936e+05
9.658e+05
9.6378e+05
9.5972e+05
9.5176e+05
9.4058e+05
9.2879e+05
9.1932e+05
9.1375e+05
9.117e+05
9.114e+05
9.1103e+05
9.0977e+05
9.0805e+05
9.0696e+05
9.0742e+05
9.0961e+05
9.1305e+05
9.1719e+05
9.2179e+05
9.27e+05
9.3289e+05
9.3911e+05
9.449e+05
9.496e+05
9.5339e+05
9.5743e+05
9.6334e+05
9.7202e+05
9.8277e+05
9.9334e+05
1.0012e+06
1.0051e+06
1.0061e+06
1.0075e+06
1.0125e+06
1.0225e+06
1.0354e+06
1.0472e+06
1.0539e+06
1.0545e+06
1.051e+06
1.048e+06
1.0497e+06
1.0568e+06
1.0664e+06
1.0735e+06
1.0744e+06
1.0687e+06
1.0598e+06
1.053e+06
1.0515e+06
1.0553e+06
1.0603e+06
1.0617e+06
1.0568e+06
1.0463e+06
1.034e+06
1.0242e+06
1.0192e+06
1.0175e+06
1.0159e+06
1.0111e+06
1.0022e+06
9.9094e+05
9.803e+05
9.7241e+05
9.6714e+05
9.6232e+05
9.5541e+05
9.4517e+05
9.3243e+05
9.1939e+05
9.0824e+05
8.9977e+05
8.9319e+05
8.8694e+05
8.7985e+05
8.7184e+05
8.6364e+05
8.56e+05
8.4907e+05
8.4238e+05
8.3544e+05
8.2839e+05
8.2205e+05
8.1729e+05
8.1422e+05
8.119e+05
8.0889e+05
8.0436e+05
7.99e+05
7.9487e+05
7.9418e+05
7.9769e+05
8.0387e+05
8.0955e+05
8.1185e+05
8.0995e+05
8.0579e+05
8.0308e+05
8.0507e+05
8.1244e+05
8.2271e+05
8.3192e+05
8.3709e+05
8.3808e+05
8.3763e+05
8.3965e+05
8.4668e+05
8.5819e+05
8.7097e+05
8.8139e+05
8.8761e+05
8.9061e+05
8.9338e+05
8.9883e+05
9.0792e+05
9.191e+05
9.2957e+05
9.3726e+05
9.4201e+05
9.4549e+05
9.4984e+05
9.5623e+05
9.642e+05
9.7223e+05
9.79e+05
9.8418e+05
9.8841e+05
9.9255e+05
9.9694e+05
1.0013e+06
1.0053e+06
1.0091e+06
1.0135e+06
1.0189e+06
1.0248e+06
1.0299e+06
1.0325e+06
1.0321e+06
1.0303e+06
1.0298e+06
1.0329e+06
1.0396e+06
1.047e+06
1.0513e+06
1.0501e+06
1.0442e+06
1.0373e+06
1.0338e+06
1.0361e+06
1.0427e+06
1.0493e+06
1.0517e+06
1.0487e+06
1.0421e+06
1.036e+06
1.0337e+06
1.0353e+06
1.0382e+06
1.0385e+06
1.0344e+06
1.0268e+06
1.0189e+06
1.014e+06
1.013e+06
1.0146e+06
1.0156e+06
1.014e+06
1.0094e+06
1.0029e+06
9.9656e+05
9.9127e+05
9.8701e+05
9.8313e+05
9.7919e+05
9.7524e+05
9.714e+05
9.6737e+05
9.6235e+05
9.5561e+05
9.4733e+05
9.3874e+05
9.3141e+05
9.2596e+05
9.2142e+05
9.1576e+05
9.0745e+05
8.9684e+05
8.8622e+05
8.7843e+05
8.7472e+05
8.7359e+05
8.7163e+05
8.6584e+05
8.5568e+05
8.4353e+05
8.3316e+05
8.2711e+05
8.2481e+05
8.2301e+05
8.1824e+05
8.0919e+05
7.9762e+05
7.8711e+05
7.8043e+05
7.7755e+05
7.7568e+05
7.7134e+05
7.628e+05
7.5109e+05
7.3917e+05
7.2986e+05
7.239e+05
7.1974e+05
7.1492e+05
7.0788e+05
6.9885e+05
6.8934e+05
6.8083e+05
6.7373e+05
6.6741e+05
6.6105e+05
6.5449e+05
6.4818e+05
6.4255e+05
6.3722e+05
6.3119e+05
6.236e+05
6.1478e+05
6.0622e+05
5.9967e+05
5.9561e+05
5.9266e+05
5.8846e+05
5.8137e+05
5.7183e+05
5.6219e+05
5.5509e+05
5.5137e+05
5.4925e+05
5.4561e+05
5.3827e+05
5.2764e+05
5.1658e+05
5.0848e+05
5.0471e+05
5.0354e+05
5.0143e+05
4.9565e+05
4.8618e+05
4.7561e+05
4.6741e+05
4.6336e+05
4.6236e+05
4.6143e+05
4.5806e+05
4.5184e+05
4.4439e+05
4.3793e+05
4.3351e+05
4.3032e+05
4.2666e+05
