1.4177e+06
1.4288e+06
1.436e+06
1.4482e+06
1.4712e+06
1.5031e+06
1.5351e+06
1.5581e+06
1.5687e+06
1.5714e+06
1.5755e+06
1.5886e+06
1.612e+06
1.6399e+06
1.6652e+06
1.6841e+06
1.6978e+06
1.711e+06
1.7269e+06
1.7453e+06
1.7631e+06
1.7784e+06
1.7924e+06
1.8095e+06
1.8332e+06
1.8632e+06
1.8944e+06
1.9209e+06
1.9398e+06
1.9537e+06
1.9686e+06
1.9892e+06
2.0156e+06
2.0428e+06
2.0651e+06
2.0801e+06
2.0911e+06
2.1044e+06
2.1244e+06
2.1504e+06
2.1772e+06
2.1993e+06
2.2153e+06
2.2286e+06
2.2454e+06
2.2689e+06
2.2975e+06
2.3259e+06
2.3496e+06
2.3688e+06
2.3883e+06
2.4134e+06
2.4456e+06
2.4804e+06
2.5104e+06
2.5308e+06
2.5431e+06
2.5542e+06
2.5723e+06
2.6005e+06
2.6344e+06
2.6659e+06
2.6883e+06
2.7019e+06
2.7128e+06
2.7295e+06
2.7563e+06
2.7903e+06
2.8242e+06
2.8511e+06
2.8694e+06
2.8832e+06
2.8992e+06
2.9211e+06
2.9477e+06
2.9738e+06
2.9948e+06
3.0094e+06
3.0212e+06
3.0352e+06
3.0549e+06
3.0797e+06
3.1064e+06
3.1313e+06
3.1528e+06
3.1712e+06
3.1875e+06
3.2019e+06
3.2139e+06
3.2234e+06
3.2325e+06
3.245e+06
3.264e+06
3.2896e+06
3.3177e+06
3.3423e+06
3.3588e+06
3.3668e+06
3.37e+06
3.3734e+06
3.3802e+06
3.3896e+06
3.3983e+06
3.404e+06
3.4073e+06
3.412e+06
3.422e+06
3.4378e+06
3.4559e+06
3.4705e+06
3.4775e+06
3.4769e+06
3.473e+06
3.4707e+06
3.4723e+06
3.4761e+06
3.4781e+06
3.4752e+06
3.4681e+06
3.4606e+06
3.4564e+06
3.4562e+06
3.457e+06
3.454e+06
3.4447e+06
3.431e+06
3.4182e+06
3.4116e+06
3.4123e+06
3.4162e+06
3.4165e+06
3.4079e+06
3.3898e+06
3.3665e+06
3.3443e+06
3.3276e+06
3.3168e+06
3.3087e+06
3.2996e+06
3.2875e+06
3.273e+06
3.2578e+06
3.2423e+06
3.2258e+06
3.2066e+06
3.1846e+06
3.1617e+06
3.141e+06
3.1243e+06
3.1101e+06
3.0943e+06
3.0726e+06
3.0436e+06
3.0102e+06
2.9784e+06
2.9539e+06
2.9385e+06
2.9294e+06
2.921e+06
2.9086e+06
2.891e+06
2.8704e+06
2.8506e+06
2.8336e+06
2.8191e+06
2.8049e+06
2.7897e+06
2.7741e+06
2.7609e+06
2.7525e+06
2.7493e+06
2.7487e+06
2.7469e+06
2.742e+06
2.7352e+06
2.7306e+06
2.7319e+06
2.7399e+06
2.7512e+06
2.761e+06
2.7662e+06
2.7685e+06
2.7737e+06
2.7882e+06
2.814e+06
2.8465e+06
2.8766e+06
2.8961e+06
2.9023e+06
2.901e+06
2.9028e+06
2.9177e+06
2.9487e+06
2.9903e+06
3.0318e+06
3.0646e+06
3.0866e+06
3.1029e+06
3.1219e+06
3.1489e+06
3.1831e+06
3.2178e+06
3.2459e+06
3.2649e+06
3.2787e+06
3.2946e+06
3.3183e+06
3.3489e+06
3.3792e+06
3.4009e+06
3.4102e+06
3.4113e+06
3.4141e+06
3.4288e+06
3.4582e+06
3.4962e+06
3.5303e+06
3.5496e+06
3.5499e+06
3.5357e+06
3.5164e+06
3.5009e+06
3.4928e+06
3.4894e+06
3.4854e+06
3.4778e+06
3.4678e+06
3.4595e+06
3.4555e+06
3.4543e+06
3.4497e+06
3.4353e+06
3.4084e+06
3.3729e+06
3.3372e+06
3.3097e+06
3.2937e+06
3.2856e+06
3.2773e+06
3.262e+06
3.2378e+06
3.2088e+06
3.1819e+06
3.162e+06
3.1491e+06
3.1385e+06
3.1247e+06
3.1055e+06
3.0835e+06
3.0645e+06
3.0534e+06
3.0507e+06
3.0516e+06
3.0497e+06
3.0407e+06
3.0261e+06
3.0127e+06
3.0088e+06
3.0195e+06
3.0432e+06
3.0726e+06
3.0994e+06
3.1186e+06
3.1316e+06
3.1443e+06
3.1634e+06
3.1916e+06
3.2261e+06
3.2602e+06
3.2878e+06
3.3076e+06
3.3232e+06
3.3414e+06
3.3671e+06
3.4006e+06
3.4369e+06
3.4697e+06
3.495e+06
3.514e+06
3.5317e+06
3.5534e+06
3.5807e+06
3.6104e+06
3.6362e+06
3.6529e+06
3.66e+06
3.6615e+06
3.6631e+06
3.6685e+06
3.6762e+06
3.6808e+06
3.6765e+06
3.6611e+06
3.6379e+06
3.6141e+06
3.5965e+06
3.5872e+06
3.5828e+06
3.5766e+06
3.563e+06
3.5408e+06
3.5138e+06
3.488e+06
3.4672e+06
3.4507e+06
3.4338e+06
3.4112e+06
3.3808e+06
3.3455e+06
3.3117e+06
3.2861e+06
3.2712e+06
3.2642e+06
3.2588e+06
3.2494e+06
3.2345e+06
3.2181e+06
3.2069e+06
3.2068e+06
3.2188e+06
3.2383e+06
3.2577e+06
3.2712e+06
3.2775e+06
3.2813e+06
3.2898e+06
3.3092e+06
3.3402e+06
3.3781e+06
3.415e+06
3.4449e+06
3.4663e+06
3.4829e+06
3.5006e+06
3.5237e+06
3.552e+06
3.581e+06
3.6049e+06
3.6203e+06
3.6282e+06
3.6329e+06
3.6394e+06
3.6496e+06
3.6609e+06
3.668e+06
3.666e+06
3.6537e+06
3.6348e+06
3.6154e+06
3.601e+06
3.5926e+06
3.5869e+06
3.5779e+06
3.5607e+06
3.5344e+06
3.5023e+06
3.4703e+06
3.443e+06
3.422e+06
3.4054e+06
3.3892e+06
3.3706e+06
3.3495e+06
3.3281e+06
3.3103e+06
3.2985e+06
3.293e+06
3.2923e+06
3.2945e+06
3.299e+06
3.3072e+06
3.3212e+06
3.342e+06
3.3686e+06
3.3973e+06
3.4239e+06
3.4457e+06
3.4633e+06
3.48e+06
3.5001e+06
3.5259e+06
3.556e+06
3.5858e+06
3.6096e+06
3.6241e+06
3.6302e+06
3.6325e+06
3.6366e+06
3.6455e+06
3.6579e+06
3.6683e+06
3.6706e+06
3.6613e+06
3.6421e+06
3.6188e+06
3.5984e+06
3.5853e+06
3.5785e+06
3.573e+06
3.5621e+06
3.542e+06
3.5131e+06
3.4803e+06
3.4496e+06
3.4252e+06
3.4071e+06
3.3916e+06
3.3737e+06
3.3505e+06
3.3232e+06
3.2963e+06
3.2761e+06
3.2671e+06
3.2702e+06
3.2823e+06
3.2982e+06
3.3141e+06
3.329e+06
3.345e+06
3.3662e+06
3.395e+06
3.4313e+06
3.4715e+06
3.5101e+06
3.5428e+06
3.568e+06
3.5869e+06
3.6027e+06
3.6181e+06
3.6339e+06
3.6487e+06
3.6602e+06
3.6667e+06
3.6685e+06
3.6671e+06
3.6641e+06
3.66e+06
3.6531e+06
3.641e+06
3.6219e+06
3.5961e+06
3.5664e+06
3.5367e+06
3.5102e+06
3.4872e+06
3.4658e+06
3.4429e+06
3.4166e+06
3.3883e+06
3.3622e+06
3.3439e+06
3.3377e+06
3.3441e+06
3.3595e+06
3.3778e+06
3.3937e+06
3.4049e+06
3.4134e+06
3.4245e+06
3.4435e+06
3.4724e+06
3.5088e+06
3.5466e+06
3.5791e+06
3.6021e+06
3.6166e+06
3.6276e+06
3.6411e+06
3.6608e+06
3.6849e+06
3.7072e+06
3.7199e+06
3.7178e+06
3.7011e+06
3.6756e+06
3.6497e+06
3.6304e+06
3.6195e+06
3.6132e+06
3.6045e+06
3.5876e+06
3.5609e+06
3.5284e+06
3.4976e+06
3.4758e+06
3.4665e+06
3.4676e+06
3.4729e+06
3.4754e+06
3.4713e+06
3.4619e+06
3.453e+06
3.452e+06
3.4647e+06
3.4914e+06
3.5274e+06
3.5643e+06
3.5948e+06
3.615e+06
3.6264e+06
3.6341e+06
3.6438e+06
3.6588e+06
3.6778e+06
3.6959e+06
3.7073e+06
3.7085e+06
3.7003e+06
3.6869e+06
3.6737e+06
3.6642e+06
3.658e+06
3.6512e+06
3.6385e+06
3.6163e+06
3.5844e+06
3.547e+06
3.5102e+06
3.4798e+06
3.4591e+06
3.448e+06
3.4435e+06
3.4422e+06
3.4421e+06
3.4431e+06
3.4471e+06
3.4564e+06
3.472e+06
3.493e+06
3.5172e+06
3.5419e+06
3.5655e+06
3.5883e+06
3.6117e+06
3.6372e+06
3.6645e+06
3.6913e+06
3.7137e+06
3.728e+06
3.7323e+06
3.7279e+06
3.7179e+06
3.7063e+06
3.6955e+06
3.6848e+06
3.6711e+06
3.6507e+06
3.6213e+06
3.5843e+06
3.544e+06
3.5071e+06
3.4793e+06
3.4635e+06
3.4584e+06
3.4599e+06
3.4629e+06
3.4639e+06
3.4627e+06
3.4622e+06
3.467e+06
3.4813e+06
3.507e+06
3.542e+06
3.5817e+06
3.6204e+06
3.6538e+06
3.6801e+06
3.7e+06
3.7157e+06
3.7288e+06
3.7397e+06
3.7467e+06
3.7475e+06
3.7402e+06
3.7248e+06
3.7032e+06
3.6784e+06
3.6531e+06
3.6287e+06
3.6048e+06
3.5802e+06
3.5537e+06
3.5259e+06
3.4989e+06
3.4761e+06
3.4611e+06
3.4562e+06
3.4621e+06
3.4773e+06
3.4997e+06
3.5273e+06
3.5588e+06
3.5935e+06
3.6311e+06
3.6701e+06
3.7081e+06
3.7415e+06
3.7669e+06
3.7824e+06
3.7882e+06
3.7871e+06
3.7826e+06
3.7772e+06
3.7713e+06
3.7624e+06
3.7467e+06
3.7208e+06
3.6844e+06
3.6405e+06
3.5954e+06
3.5567e+06
3.5301e+06
3.5177e+06
3.5171e+06
3.5228e+06
3.5289e+06
3.5314e+06
3.53e+06
3.5278e+06
3.5306e+06
3.5436e+06
3.5693e+06
3.6059e+06
3.6477e+06
3.6876e+06
3.7192e+06
3.7394e+06
3.7487e+06
3.7502e+06
3.7477e+06
3.7436e+06
3.7377e+06
3.7279e+06
3.7116e+06
3.6876e+06
3.6576e+06
3.6255e+06
3.5964e+06
3.5745e+06
3.5614e+06
3.556e+06
3.5549e+06
3.5548e+06
3.5535e+06
3.5516e+06
3.5514e+06
3.5566e+06
3.5703e+06
3.593e+06
3.6227e+06
3.6552e+06
3.6858e+06
3.7107e+06
3.7286e+06
3.74e+06
3.7471e+06
3.7512e+06
3.7527e+06
3.7499e+06
3.7406e+06
3.7232e+06
3.6982e+06
3.6684e+06
3.6381e+06
3.6118e+06
3.5925e+06
3.5809e+06
3.5753e+06
3.5731e+06
3.572e+06
3.5716e+06
3.5736e+06
3.581e+06
3.597e+06
3.6227e+06
3.6568e+06
3.6952e+06
3.7322e+06
3.7625e+06
3.7832e+06
3.7937e+06
3.7963e+06
3.7938e+06
3.7881e+06
3.7792e+06
3.765e+06
3.7427e+06
3.7109e+06
3.6707e+06
3.6263e+06
3.5842e+06
3.5513e+06
3.5324e+06
3.5286e+06
3.5373e+06
3.5532e+06
3.5705e+06
3.5848e+06
3.5947e+06
3.6019e+06
3.6098e+06
3.6225e+06
3.6419e+06
3.6669e+06
3.6932e+06
3.7151e+06
3.7274e+06
3.7271e+06
3.7143e+06
3.692e+06
3.6642e+06
3.6349e+06
3.606e+06
3.5778e+06
3.5496e+06
3.5209e+06
3.4925e+06
3.4671e+06
3.448e+06
3.439e+06
3.4421e+06
3.4569e+06
3.4807e+06
3.5092e+06
3.5376e+06
3.5623e+06
3.5817e+06
3.5959e+06
3.6066e+06
3.615e+06
3.6215e+06
3.625e+06
3.6231e+06
3.6136e+06
3.5957e+06
3.5701e+06
3.5397e+06
3.5084e+06
3.4797e+06
3.4559e+06
3.4377e+06
3.4244e+06
3.4149e+06
3.4088e+06
3.4065e+06
3.4095e+06
3.4197e+06
3.4382e+06
3.4642e+06
3.4947e+06
3.5249e+06
3.5494e+06
3.5638e+06
3.5658e+06
3.5561e+06
3.5374e+06
3.5141e+06
3.49e+06
3.4675e+06
3.4467e+06
3.4267e+06
3.4059e+06
3.3838e+06
3.3613e+06
3.3407e+06
3.325e+06
3.3168e+06
3.3172e+06
3.3257e+06
3.34e+06
3.3574e+06
3.375e+06
3.3913e+06
3.4059e+06
3.4192e+06
3.4317e+06
3.4429e+06
3.4511e+06
3.4537e+06
3.4481e+06
3.4333e+06
3.4102e+06
3.3822e+06
3.3543e+06
3.3314e+06
3.3171e+06
3.3126e+06
3.3165e+06
3.3255e+06
3.336e+06
3.3451e+06
3.352e+06
3.3577e+06
3.3646e+06
3.3751e+06
3.3906e+06
3.41e+06
3.4299e+06
3.4457e+06
3.4529e+06
3.449e+06
3.4344e+06
3.4117e+06
3.3855e+06
3.3599e+06
3.3376e+06
3.3191e+06
3.3031e+06
3.2875e+06
3.2712e+06
3.2545e+06
3.2398e+06
3.231e+06
3.2321e+06
3.2456e+06
3.2708e+06
3.304e+06
3.3383e+06
3.3665e+06
3.3823e+06
3.3827e+06
3.3684e+06
3.3433e+06
3.313e+06
3.2831e+06
3.257e+06
3.2354e+06
3.217e+06
3.1996e+06
3.1816e+06
3.1636e+06
3.1481e+06
3.1388e+06
3.1397e+06
3.1527e+06
3.1772e+06
3.2096e+06
3.2436e+06
3.273e+06
3.2924e+06
3.2996e+06
3.2953e+06
3.2832e+06
3.268e+06
3.2537e+06
3.2422e+06
3.233e+06
3.2239e+06
3.2122e+06
3.1968e+06
3.1786e+06
3.1604e+06
3.1467e+06
3.1416e+06
3.1478e+06
3.165e+06
3.1902e+06
3.2181e+06
3.2427e+06
3.2592e+06
3.2653e+06
3.2618e+06
3.252e+06
3.2402e+06
3.2303e+06
3.2238e+06
3.2198e+06
3.216e+06
3.2092e+06
3.1978e+06
3.1822e+06
3.165e+06
3.1504e+06
3.1428e+06
3.1453e+06
3.1586e+06
3.1804e+06
3.206e+06
3.2294e+06
3.2452e+06
3.2501e+06
3.2437e+06
3.2284e+06
3.2084e+06
3.1881e+06
3.1707e+06
3.1569e+06
3.1458e+06
3.1352e+06
3.1231e+06
3.1092e+06
3.0945e+06
3.0818e+06
3.0743e+06
3.075e+06
3.0851e+06
3.1035e+06
3.1266e+06
3.1495e+06
3.1669e+06
3.1749e+06
3.1715e+06
3.1578e+06
3.1366e+06
3.112e+06
3.088e+06
3.0673e+06
3.0508e+06
3.0383e+06
3.0288e+06
3.0215e+06
3.0165e+06
3.0143e+06
3.0163e+06
3.0235e+06
3.0361e+06
3.0529e+06
3.0714e+06
3.0877e+06
3.0983e+06
3.1003e+06
3.0927e+06
3.0766e+06
3.0549e+06
3.0312e+06
3.009e+06
2.9908e+06
2.9774e+06
2.9686e+06
2.9631e+06
2.9599e+06
2.9582e+06
2.9583e+06
2.9611e+06
2.9676e+06
2.9783e+06
2.9925e+06
3.008e+06
3.0209e+06
3.0274e+06
3.0243e+06
3.0104e+06
2.9868e+06
2.9573e+06
2.9271e+06
2.9014e+06
2.8845e+06
2.8784e+06
2.8825e+06
2.8942e+06
2.9097e+06
2.9249e+06
2.9371e+06
2.9448e+06
2.9486e+06
2.9502e+06
2.9514e+06
2.9537e+06
2.9569e+06
2.9593e+06
2.9585e+06
2.9521e+06
2.9395e+06
2.9214e+06
2.901e+06
2.8824e+06
2.87e+06
2.8671e+06
2.875e+06
2.8927e+06
2.917e+06
2.9432e+06
2.9663e+06
2.9825e+06
2.9895e+06
2.9872e+06
2.9774e+06
2.9626e+06
2.9458e+06
2.9293e+06
2.9141e+06
2.9008e+06
2.8893e+06
2.8798e+06
2.8729e+06
2.87e+06
2.8723e+06
2.8807e+06
2.8952e+06
2.9142e+06
2.9346e+06
2.9524e+06
2.9633e+06
2.9641e+06
2.9535e+06
2.9325e+06
2.9045e+06
2.8746e+06
2.848e+06
2.8292e+06
2.8207e+06
2.8227e+06
2.8331e+06
2.8486e+06
2.8653e+06
2.88e+06
2.8909e+06
2.8975e+06
2.9008e+06
2.9025e+06
2.904e+06
2.9057e+06
2.9066e+06
2.9046e+06
2.8975e+06
2.8839e+06
2.8639e+06
2.8395e+06
2.8143e+06
2.7924e+06
2.7781e+06
2.7741e+06
2.7812e+06
2.7975e+06
2.8191e+06
2.8407e+06
2.8572e+06
2.8645e+06
2.861e+06
2.8474e+06
2.8267e+06
2.8029e+06
2.7805e+06
2.7628e+06
2.7519e+06
2.7479e+06
2.7496e+06
2.7551e+06
2.7623e+06
2.7696e+06
2.7765e+06
2.7831e+06
2.79e+06
2.7975e+06
2.8054e+06
2.812e+06
2.815e+06
2.8121e+06
2.8017e+06
2.7838e+06
2.7602e+06
2.7343e+06
2.7106e+06
2.6937e+06
2.6868e+06
2.6917e+06
2.7072e+06
2.7302e+06
2.7556e+06
2.7779e+06
2.7926e+06
2.7967e+06
2.79e+06
2.7747e+06
2.7548e+06
2.735e+06
2.7197e+06
2.7119e+06
2.7123e+06
2.72e+06
2.7323e+06
2.746e+06
2.7578e+06
2.7656e+06
2.7686e+06
2.7675e+06
2.7639e+06
2.7598e+06
2.7567e+06
2.755e+06
2.7542e+06
2.7531e+06
2.7505e+06
2.7458e+06
2.7393e+06
2.7322e+06
2.7264e+06
2.7238e+06
2.7258e+06
2.7329e+06
2.7441e+06
2.7571e+06
2.7686e+06
2.7752e+06
2.7743e+06
2.7647e+06
2.7474e+06
2.725e+06
2.7015e+06
2.6813e+06
2.668e+06
2.6637e+06
2.6687e+06
2.681e+06
2.6971e+06
2.7127e+06
2.7241e+06
2.7282e+06
2.724e+06
2.7124e+06
2.6955e+06
2.6767e+06
2.659e+06
2.6449e+06
2.6358e+06
2.6318e+06
2.6319e+06
2.6349e+06
2.6391e+06
2.6433e+06
2.6469e+06
2.6498e+06
2.6525e+06
2.6556e+06
2.6591e+06
2.6629e+06
2.6658e+06
2.6667e+06
2.6643e+06
2.6585e+06
2.65e+06
2.6405e+06
2.6323e+06
2.6279e+06
2.6295e+06
2.6378e+06
2.6525e+06
2.6714e+06
2.6912e+06
2.7081e+06
2.7183e+06
2.7196e+06
2.7113e+06
2.6949e+06
2.6736e+06
2.6517e+06
2.6337e+06
2.6232e+06
2.6223e+06
2.6308e+06
2.6465e+06
2.6659e+06
2.6844e+06
2.6982e+06
2.7043e+06
2.7016e+06
2.691e+06
2.6748e+06
2.6566e+06
2.6398e+06
2.6272e+06
2.6205e+06
2.6196e+06
2.6233e+06
2.6293e+06
2.635e+06
2.6382e+06
2.6373e+06
2.632e+06
2.623e+06
2.612e+06
2.6009e+06
2.5913e+06
2.5842e+06
2.5798e+06
2.5774e+06
2.5763e+06
2.5753e+06
2.5739e+06
2.5717e+06
2.5686e+06
2.5652e+06
2.562e+06
2.5596e+06
2.5583e+06
2.5577e+06
2.557e+06
2.5551e+06
2.5513e+06
2.545e+06
2.5365e+06
2.5269e+06
2.5176e+06
2.51e+06
2.5055e+06
2.5046e+06
2.5073e+06
2.5124e+06
2.5178e+06
2.5214e+06
2.521e+06
2.5154e+06
2.5043e+06
2.4892e+06
2.4722e+06
2.4564e+06
2.4446e+06
2.439e+06
2.4404e+06
2.4482e+06
2.4604e+06
2.4736e+06
2.4842e+06
2.4891e+06
2.486e+06
2.4747e+06
2.4564e+06
2.434e+06
2.4113e+06
2.3923e+06
2.3799e+06
2.3758e+06
2.3799e+06
2.3902e+06
2.4033e+06
2.4153e+06
2.4225e+06
2.4224e+06
2.4142e+06
2.3988e+06
2.3789e+06
2.3583e+06
2.3409e+06
2.33e+06
2.3277e+06
2.334e+06
2.3474e+06
2.3648e+06
2.3823e+06
2.3963e+06
2.4037e+06
2.4034e+06
2.3957e+06
2.383e+06
2.3686e+06
2.3565e+06
2.3499e+06
2.3511e+06
2.3605e+06
2.3769e+06
2.3976e+06
2.4191e+06
2.4374e+06
2.4495e+06
2.4533e+06
2.4486e+06
2.4368e+06
2.4209e+06
2.4045e+06
2.3909e+06
2.383e+06
2.3819e+06
2.3876e+06
2.3986e+06
2.4124e+06
2.4263e+06
2.4374e+06
2.4436e+06
2.4441e+06
2.4392e+06
2.4306e+06
2.4206e+06
2.4118e+06
2.4061e+06
2.4046e+06
2.4075e+06
2.4136e+06
2.4212e+06
2.4282e+06
2.4326e+06
2.4327e+06
2.428e+06
2.4189e+06
2.4071e+06
2.3946e+06
2.384e+06
2.3771e+06
2.3751e+06
2.378e+06
2.3851e+06
2.3944e+06
2.4037e+06
2.4107e+06
2.4134e+06
2.4107e+06
2.4026e+06
2.3904e+06
2.3759e+06
2.3618e+06
2.3503e+06
2.3431e+06
2.3413e+06
2.3445e+06
2.3517e+06
2.361e+06
2.3701e+06
2.3767e+06
2.3793e+06
2.377e+06
2.3702e+06
2.3602e+06
2.3494e+06
2.34e+06
2.3342e+06
2.3335e+06
2.3384e+06
2.3484e+06
2.362e+06
2.3769e+06
2.3907e+06
2.4012e+06
2.407e+06
2.4077e+06
2.4039e+06
2.3975e+06
2.3904e+06
2.3849e+06
2.3828e+06
2.385e+06
2.3914e+06
2.401e+06
2.412e+06
2.4218e+06
2.4285e+06
2.4306e+06
2.4277e+06
2.4209e+06
2.412e+06
2.4035e+06
2.3981e+06
2.3975e+06
2.4026e+06
2.4131e+06
2.4273e+06
2.4427e+06
2.4562e+06
2.4649e+06
2.4665e+06
2.4602e+06
2.4466e+06
2.428e+06
2.4076e+06
2.3892e+06
2.3761e+06
2.3707e+06
2.3735e+06
2.3838e+06
2.399e+06
2.4156e+06
2.4297e+06
2.438e+06
2.4385e+06
2.4309e+06
2.4167e+06
2.3991e+06
2.382e+06
2.3695e+06
2.3648e+06
2.3696e+06
2.3838e+06
2.4052e+06
2.4301e+06
2.4543e+06
2.4735e+06
2.4843e+06
2.4854e+06
2.477e+06
2.4613e+06
2.4419e+06
2.4229e+06
2.4082e+06
2.4003e+06
2.4003e+06
2.4077e+06
2.4203e+06
2.4349e+06
2.4483e+06
2.4576e+06
2.4612e+06
2.459e+06
2.4521e+06
2.4429e+06
2.4341e+06
2.4281e+06
2.4268e+06
2.4307e+06
2.4391e+06
2.4504e+06
2.4622e+06
2.4722e+06
2.4783e+06
2.4798e+06
2.4766e+06
2.47e+06
2.4617e+06
2.4539e+06
2.448e+06
2.445e+06
2.4449e+06
2.4469e+06
2.45e+06
2.4528e+06
2.4543e+06
2.4537e+06
2.4511e+06
2.447e+06
2.4424e+06
2.4385e+06
2.4361e+06
2.4356e+06
2.4366e+06
2.4383e+06
2.4399e+06
2.4407e+06
2.4405e+06
2.4393e+06
2.4377e+06
2.4367e+06
2.4371e+06
2.4394e+06
2.4438e+06
2.4495e+06
2.4554e+06
2.4599e+06
2.4617e+06
2.4602e+06
2.4555e+06
2.4488e+06
2.4422e+06
2.4379e+06
2.4379e+06
2.4433e+06
2.4543e+06
2.4696e+06
2.4866e+06
2.5024e+06
2.5138e+06
2.5184e+06
2.5151e+06
2.5045e+06
2.4887e+06
2.4709e+06
2.4548e+06
2.4436e+06
2.4394e+06
2.4429e+06
2.4529e+06
2.467e+06
2.4821e+06
2.4947e+06
2.5026e+06
2.5044e+06
2.5004e+06
2.4923e+06
2.4823e+06
2.4731e+06
2.4668e+06
2.4644e+06
2.466e+06
2.4707e+06
2.4771e+06
2.4837e+06
2.4893e+06
2.4934e+06
2.496e+06
2.498e+06
2.5003e+06
2.5037e+06
2.5082e+06
2.5134e+06
2.5177e+06
2.52e+06
2.5191e+06
2.5148e+06
2.5078e+06
2.4999e+06
2.4932e+06
2.4899e+06
2.4918e+06
2.4993e+06
2.5114e+06
2.5256e+06
2.5386e+06
2.547e+06
2.5483e+06
2.5413e+06
2.5271e+06
2.5082e+06
2.4886e+06
2.4726e+06
2.4637e+06
2.4639e+06
2.4733e+06
2.4895e+06
2.5089e+06
2.5269e+06
2.5397e+06
2.5445e+06
2.5407e+06
2.5295e+06
2.5139e+06
2.4977e+06
2.4844e+06
2.4766e+06
2.4751e+06
2.4795e+06
2.4879e+06
2.498e+06
2.5078e+06
2.5157e+06
2.5211e+06
2.5245e+06
2.5271e+06
2.5301e+06
2.5344e+06
2.5396e+06
2.5444e+06
2.5468e+06
2.5449e+06
2.5378e+06
2.5257e+06
2.5106e+06
2.4954e+06
2.4834e+06
2.4777e+06
2.48e+06
2.4902e+06
2.5063e+06
2.5246e+06
2.5409e+06
2.5512e+06
2.5528e+06
2.5453e+06
2.5302e+06
2.511e+06
2.4917e+06
2.4766e+06
2.4685e+06
2.4684e+06
2.4755e+06
2.4875e+06
2.5012e+06
2.5136e+06
2.5226e+06
2.5271e+06
2.5277e+06
2.5257e+06
2.5227e+06
2.5201e+06
2.518e+06
2.5159e+06
2.5124e+06
2.5064e+06
2.4973e+06
2.4859e+06
2.4741e+06
2.4643e+06
2.4594e+06
2.4612e+06
2.4704e+06
2.4856e+06
2.5041e+06
2.5215e+06
2.5339e+06
2.538e+06
2.5324e+06
2.5179e+06
2.4974e+06
2.4751e+06
2.4552e+06
2.4414e+06
2.4355e+06
2.4376e+06
2.4461e+06
2.4582e+06
2.4713e+06
2.483e+06
2.4922e+06
2.4986e+06
2.5032e+06
2.5069e+06
2.5105e+06
2.5136e+06
2.5152e+06
2.5136e+06
2.5074e+06
2.4962e+06
2.4809e+06
2.4641e+06
2.4489e+06
2.4389e+06
2.4365e+06
2.4427e+06
2.4565e+06
2.4751e+06
2.4945e+06
2.5105e+06
2.5202e+06
2.5221e+06
2.5168e+06
2.5068e+06
2.4953e+06
2.4853e+06
2.4788e+06
2.4762e+06
2.4763e+06
2.4773e+06
2.4774e+06
2.4754e+06
2.4716e+06
2.4673e+06
2.4644e+06
2.4652e+06
2.4709e+06
2.4813e+06
2.4943e+06
2.5067e+06
2.5145e+06
2.5148e+06
2.5063e+06
2.4897e+06
2.468e+06
2.4454e+06
2.4262e+06
2.4137e+06
2.4095e+06
2.4129e+06
2.4218e+06
2.4331e+06
2.4438e+06
2.452e+06
2.4569e+06
2.4594e+06
2.461e+06
2.4631e+06
2.4664e+06
2.4702e+06
2.4727e+06
2.4714e+06
2.4647e+06
2.4524e+06
2.4357e+06
2.4176e+06
2.402e+06
2.3922e+06
2.3906e+06
2.3974e+06
2.4106e+06
2.4268e+06
2.4417e+06
2.4519e+06
2.4553e+06
2.4518e+06
2.4433e+06
2.4327e+06
2.4226e+06
2.4149e+06
2.4095e+06
2.4051e+06
2.3996e+06
2.3913e+06
2.3797e+06
2.3659e+06
2.3523e+06
2.342e+06
2.3379e+06
2.3419e+06
2.3534e+06
2.3703e+06
2.3887e+06
2.4044e+06
2.4139e+06
2.4156e+06
2.4097e+06
2.3984e+06
2.3849e+06
2.3721e+06
2.3619e+06
2.3547e+06
2.3496e+06
2.3452e+06
2.34e+06
2.3337e+06
2.327e+06
2.3216e+06
2.3195e+06
2.3222e+06
2.3297e+06
2.3405e+06
2.3518e+06
2.36e+06
2.3624e+06
2.3577e+06
2.3467e+06
2.3319e+06
2.3168e+06
2.3048e+06
2.2981e+06
2.297e+06
2.3002e+06
2.3052e+06
2.3096e+06
2.3119e+06
2.3119e+06
2.3107e+06
2.3106e+06
2.3134e+06
2.3202e+06
2.3303e+06
2.3411e+06
2.3494e+06
2.3519e+06
2.3468e+06
2.334e+06
2.3159e+06
2.2958e+06
2.2776e+06
2.264e+06
2.2561e+06
2.2531e+06
2.2529e+06
2.2533e+06
2.2527e+06
2.2506e+06
2.2482e+06
2.247e+06
2.249e+06
2.2548e+06
2.2634e+06
2.2722e+06
2.2775e+06
2.2765e+06
2.2675e+06
2.2512e+06
2.2302e+06
2.2088e+06
2.1907e+06
2.1789e+06
2.1737e+06
2.1739e+06
2.1766e+06
2.1791e+06
2.1796e+06
2.1779e+06
2.1757e+06
2.1754e+06
2.1796e+06
2.1895e+06
2.2039e+06
2.2198e+06
2.2329e+06
2.2393e+06
2.2365e+06
2.225e+06
2.2072e+06
2.1875e+06
2.1699e+06
2.1575e+06
2.1506e+06
2.1478e+06
2.1463e+06
2.1435e+06
2.1381e+06
2.1307e+06
2.1237e+06
2.1202e+06
2.123e+06
2.1331e+06
2.1488e+06
2.1663e+06
2.1807e+06
2.1874e+06
2.1841e+06
2.1711e+06
2.1513e+06
2.1293e+06
2.1094e+06
2.0946e+06
2.0856e+06
2.0807e+06
2.0771e+06
2.0723e+06
2.065e+06
2.0561e+06
2.048e+06
2.0435e+06
2.0453e+06
2.054e+06
2.0682e+06
2.0844e+06
2.0986e+06
2.1073e+06
2.1088e+06
2.1035e+06
2.0935e+06
2.0818e+06
2.0709e+06
2.0618e+06
2.0539e+06
2.0458e+06
2.0359e+06
2.0237e+06
2.0103e+06
1.998e+06
1.9895e+06
1.9869e+06
1.991e+06
2.0003e+06
2.0123e+06
2.0234e+06
2.0308e+06
2.0335e+06
2.032e+06
2.0284e+06
2.0255e+06
2.025e+06
2.0273e+06
2.0304e+06
2.0317e+06
2.0285e+06
2.0194e+06
2.0051e+06
1.9882e+06
1.9722e+06
1.9601e+06
1.9538e+06
1.953e+06
1.9559e+06
1.9597e+06
1.9622e+06
1.9625e+06
1.9612e+06
1.9603e+06
1.9621e+06
1.9679e+06
1.9774e+06
1.9884e+06
1.9976e+06
2.0019e+06
1.9994e+06
1.9904e+06
1.9768e+06
1.9616e+06
1.9478e+06
1.9365e+06
1.9278e+06
1.9201e+06
1.9117e+06
1.9016e+06
1.8904e+06
1.88e+06
1.8733e+06
1.8725e+06
1.8786e+06
1.8905e+06
1.9052e+06
1.9193e+06
1.9296e+06
1.9344e+06
1.9344e+06
1.9316e+06
1.9287e+06
1.9277e+06
1.9285e+06
1.9295e+06
1.9278e+06
1.9209e+06
1.9078e+06
1.8895e+06
1.8689e+06
1.8495e+06
1.8347e+06
1.8257e+06
1.8223e+06
1.8224e+06
1.8234e+06
1.8234e+06
1.8218e+06
1.8198e+06
1.8191e+06
1.8215e+06
1.828e+06
1.8374e+06
1.8476e+06
1.8558e+06
1.8597e+06
1.8588e+06
1.8538e+06
1.847e+06
1.8402e+06
1.8345e+06
1.8295e+06
1.8235e+06
1.8147e+06
1.8021e+06
1.7865e+06
1.77e+06
1.7556e+06
1.746e+06
1.7428e+06
1.7453e+06
1.7514e+06
1.7582e+06
1.7634e+06
1.7661e+06
1.7672e+06
1.7686e+06
1.7725e+06
1.7798e+06
1.7894e+06
1.7989e+06
1.8048e+06
1.8046e+06
1.7976e+06
1.7851e+06
1.7701e+06
1.7559e+06
1.7446e+06
1.7368e+06
1.731e+06
1.7252e+06
1.7177e+06
1.7081e+06
1.6979e+06
1.6896e+06
1.6857e+06
1.6877e+06
1.695e+06
1.7055e+06
1.7159e+06
1.7236e+06
1.7276e+06
1.7286e+06
1.7285e+06
1.7298e+06
1.7335e+06
1.739e+06
1.7439e+06
1.7453e+06
1.741e+06
1.7308e+06
1.7164e+06
1.701e+06
1.6876e+06
1.6781e+06
1.6722e+06
1.668e+06
1.663e+06
1.6557e+06
1.6461e+06
1.6361e+06
1.6287e+06
1.6266e+06
1.6307e+06
1.6399e+06
1.6515e+06
1.662e+06
1.6689e+06
1.6715e+06
1.6714e+06
1.6714e+06
1.6739e+06
1.6799e+06
1.6879e+06
1.6948e+06
1.6969e+06
1.6923e+06
1.681e+06
1.6654e+06
1.6491e+06
1.6356e+06
1.6265e+06
1.6211e+06
1.6172e+06
1.6122e+06
1.6047e+06
1.5951e+06
1.5853e+06
1.5781e+06
1.5755e+06
1.5778e+06
1.5838e+06
1.5907e+06
1.5962e+06
1.5992e+06
1.6003e+06
1.6016e+06
1.6055e+06
1.6134e+06
1.6243e+06
1.6356e+06
1.6438e+06
1.6463e+06
1.6422e+06
1.633e+06
1.6216e+06
1.6111e+06
1.6032e+06
1.5976e+06
1.5922e+06
1.5846e+06
1.5735e+06
1.5591e+06
1.5435e+06
1.5297e+06
1.5202e+06
1.516e+06
1.5161e+06
1.5186e+06
1.5211e+06
1.5226e+06
1.5233e+06
1.5248e+06
1.5289e+06
1.5365e+06
1.5469e+06
1.5579e+06
1.5668e+06
1.5716e+06
1.572e+06
1.5691e+06
1.5655e+06
1.5632e+06
1.5629e+06
1.5633e+06
1.562e+06
1.5567e+06
1.5465e+06
1.5322e+06
1.5162e+06
1.5014e+06
1.4898e+06
1.4816e+06
1.4756e+06
1.4698e+06
1.4627e+06
1.4543e+06
1.4459e+06
1.4396e+06
1.4374e+06
1.44e+06
1.4465e+06
1.4549e+06
1.4629e+06
1.4695e+06
1.4747e+06
1.48e+06
1.4867e+06
1.4954e+06
1.5052e+06
1.5141e+06
1.5197e+06
1.5206e+06
1.5171e+06
1.511e+06
1.5046e+06
1.4997e+06
1.4964e+06
1.4931e+06
1.4877e+06
1.4785e+06
1.4656e+06
1.4508e+06
1.437e+06
1.4264e+06
1.42e+06
1.4168e+06
1.4145e+06
1.4107e+06
1.4045e+06
1.3966e+06
1.3893e+06
1.3853e+06
1.3864e+06
1.3925e+06
1.4017e+06
1.4111e+06
1.4186e+06
1.4235e+06
1.4267e+06
1.4304e+06
1.4362e+06
1.4444e+06
1.4534e+06
1.4608e+06
1.4642e+06
1.4628e+06
1.4576e+06
1.451e+06
1.4453e+06
1.4415e+06
1.4389e+06
1.4353e+06
1.4288e+06
1.4186e+06
1.4055e+06
1.3919e+06
1.38e+06
1.3713e+06
1.3652e+06
1.3601e+06
1.3539e+06
1.3459e+06
1.3369e+06
1.329e+06
1.3246e+06
1.3252e+06
1.3302e+06
1.3373e+06
1.3436e+06
1.3472e+06
1.3479e+06
1.3477e+06
1.3494e+06
1.3553e+06
1.3657e+06
1.3784e+06
1.3903e+06
1.3983e+06
1.4011e+06
1.3998e+06
1.3967e+06
1.3944e+06
1.3937e+06
1.3936e+06
1.3918e+06
1.3861e+06
1.3758e+06
1.3623e+06
1.3484e+06
1.3368e+06
1.3286e+06
1.3229e+06
1.3172e+06
1.3092e+06
1.2979e+06
1.2843e+06
1.2711e+06
1.2612e+06
1.2562e+06
1.2557e+06
1.2578e+06
1.2598e+06
1.2602e+06
1.259e+06
1.2577e+06
1.2585e+06
1.2628e+06
1.2703e+06
1.2796e+06
1.2884e+06
1.2954e+06
1.3004e+06
1.3048e+06
1.31e+06
1.317e+06
1.325e+06
1.3321e+06
1.3362e+06
1.3363e+06
1.3331e+06
1.3286e+06
1.3246e+06
1.3219e+06
1.3197e+06
1.3159e+06
1.3089e+06
1.2981e+06
1.2851e+06
1.2724e+06
1.2624e+06
1.2555e+06
1.2506e+06
1.245e+06
1.2366e+06
1.2252e+06
1.2124e+06
1.201e+06
1.1937e+06
1.1909e+06
1.1913e+06
1.1919e+06
1.1901e+06
1.1855e+06
1.1797e+06
1.1761e+06
1.1779e+06
1.1862e+06
1.1992e+06
1.213e+06
1.2237e+06
1.2292e+06
1.2303e+06
1.2299e+06
1.2319e+06
1.2385e+06
1.2491e+06
1.261e+06
1.2706e+06
1.2758e+06
1.2767e+06
1.2754e+06
1.2743e+06
1.275e+06
1.2765e+06
1.2767e+06
1.2732e+06
1.2655e+06
1.255e+06
1.2445e+06
1.2364e+06
1.2314e+06
1.2277e+06
1.2225e+06
1.2136e+06
1.2005e+06
1.1851e+06
1.1705e+06
1.1594e+06
1.1525e+06
1.1484e+06
1.1445e+06
1.1386e+06
1.1303e+06
1.1213e+06
1.1139e+06
1.1103e+06
1.1109e+06
1.1143e+06
1.1183e+06
1.1211e+06
1.1225e+06
1.1235e+06
1.1259e+06
1.1308e+06
1.138e+06
1.1458e+06
1.1527e+06
1.1579e+06
1.162e+06
1.1667e+06
1.1734e+06
1.1823e+06
1.1917e+06
1.1994e+06
1.2034e+06
1.2038e+06
1.202e+06
1.2004e+06
1.2007e+06
1.2028e+06
1.2048e+06
1.2045e+06
1.2007e+06
1.1941e+06
1.1867e+06
1.1806e+06
1.1766e+06
1.1734e+06
1.1688e+06
1.1606e+06
1.1489e+06
1.1355e+06
1.1231e+06
1.114e+06
1.108e+06
1.1032e+06
1.0965e+06
1.0861e+06
1.0724e+06
1.058e+06
1.0463e+06
1.0395e+06
1.0374e+06
1.0375e+06
1.037e+06
1.0338e+06
1.0283e+06
1.0229e+06
1.0204e+06
1.0224e+06
1.0281e+06
1.0352e+06
1.041e+06
1.0444e+06
1.0464e+06
1.0493e+06
1.0553e+06
1.0649e+06
1.0763e+06
1.0866e+06
1.0936e+06
1.0971e+06
1.0991e+06
1.1027e+06
1.1098e+06
1.1201e+06
1.1311e+06
1.1396e+06
1.1438e+06
1.1443e+06
1.1434e+06
1.1437e+06
1.1464e+06
1.1504e+06
1.1533e+06
1.1532e+06
1.1498e+06
1.1446e+06
1.1401e+06
1.1377e+06
1.137e+06
1.1356e+06
1.1313e+06
1.1231e+06
1.112e+06
1.1005e+06
1.0909e+06
1.0835e+06
1.0769e+06
1.0692e+06
1.0589e+06
1.0466e+06
1.0345e+06
1.025e+06
1.0186e+06
1.0142e+06
1.0088e+06
1.0004e+06
9.8868e+05
9.7582e+05
9.65e+05
9.5861e+05
9.5668e+05
9.5687e+05
9.5605e+05
9.5232e+05
9.4618e+05
9.4027e+05
9.3767e+05
9.3993e+05
9.4596e+05
9.5278e+05
9.5738e+05
9.5856e+05
9.5762e+05
9.5742e+05
9.6056e+05
9.6763e+05
9.7687e+05
9.8541e+05
9.9123e+05
9.9441e+05
9.9697e+05
1.0015e+06
1.0091e+06
1.019e+06
1.0286e+06
1.0357e+06
1.0399e+06
1.0427e+06
1.0468e+06
1.0534e+06
1.0621e+06
1.0703e+06
1.0755e+06
1.077e+06
1.0761e+06
1.0759e+06
1.0784e+06
1.0838e+06
1.0896e+06
1.093e+06
1.0923e+06
1.0885e+06
1.0843e+06
1.0826e+06
1.0839e+06
1.0864e+06
1.0868e+06
1.0827e+06
1.0744e+06
1.0646e+06
1.0565e+06
1.0519e+06
1.0496e+06
1.0467e+06
1.0406e+06
1.0306e+06
1.0191e+06
1.0093e+06
1.0034e+06
1.0008e+06
9.982e+05
9.9224e+05
9.8132e+05
9.6689e+05
9.5257e+05
9.4187e+05
9.3597e+05
9.3295e+05
9.2925e+05
9.2202e+05
9.1085e+05
8.9793e+05
8.8654e+05
8.7903e+05
8.754e+05
8.7358e+05
8.71e+05
8.6621e+05
8.5958e+05
8.5268e+05
8.4706e+05
8.4322e+05
8.4058e+05
8.383e+05
8.3617e+05
8.3484e+05
8.3524e+05
8.3757e+05
8.4085e+05
8.4339e+05
8.4392e+05
8.4264e+05
8.412e+05
8.4177e+05
8.4552e+05
8.5176e+05
8.5839e+05
8.634e+05
8.6629e+05
8.6845e+05
8.7221e+05
8.7906e+05
8.8841e+05
8.9791e+05
9.0502e+05
9.089e+05
9.1108e+05
9.1461e+05
9.2195e+05
9.3314e+05
9.456e+05
9.5584e+05
9.6176e+05
9.6402e+05
9.6563e+05
9.6993e+05
9.7838e+05
9.8954e+05
1.0002e+06
1.0076e+06
1.0112e+06
1.0128e+06
1.0154e+06
1.0206e+06
1.028e+06
1.0357e+06
1.0416e+06
1.0452e+06
1.0476e+06
1.0504e+06
1.0545e+06
1.059e+06
1.0625e+06
1.0638e+06
1.0634e+06
1.0632e+06
1.0648e+06
1.0684e+06
1.0726e+06
1.0752e+06
1.0748e+06
1.0723e+06
1.0698e+06
1.0691e+06
1.0707e+06
1.0731e+06
1.0742e+06
1.073e+06
1.0704e+06
1.0683e+06
1.0681e+06
1.0692e+06
1.0695e+06
1.0669e+06
1.061e+06
1.0539e+06
1.0486e+06
1.0473e+06
1.0491e+06
1.0508e+06
1.0491e+06
1.0431e+06
1.0345e+06
1.027e+06
1.0233e+06
1.0231e+06
1.0234e+06
1.0208e+06
1.0136e+06
1.0033e+06
9.9322e+05
9.8625e+05
9.8283e+05
9.8082e+05
9.7727e+05
9.7071e+05
9.6206e+05
9.537e+05
9.4751e+05
9.4334e+05
9.3924e+05
9.3313e+05
9.2452e+05
9.149e+05
9.0657e+05
9.0076e+05
8.9662e+05
8.9196e+05
8.8503e+05
8.7595e+05
8.6664e+05
8.5919e+05
8.5409e+05
8.4973e+05
8.4375e+05
8.3502e+05
8.2481e+05
8.1603e+05
8.1092e+05
8.0908e+05
8.0733e+05
8.0187e+05
7.9089e+05
7.7597e+05
7.6125e+05
7.5074e+05
7.4557e+05
7.4335e+05
7.4008e+05
7.3312e+05
7.2288e+05
7.1223e+05
7.0426e+05
6.9985e+05
6.9705e+05
6.927e+05
6.8484e+05
6.74e+05
6.6271e+05
6.536e+05
6.4751e+05
6.4313e+05
6.383e+05
6.3176e+05
6.2397e+05
6.1641e+05
6.1023e+05
6.0523e+05
6.0018e+05
5.9407e+05
5.8699e+05
5.8004e+05
5.7414e+05
5.6902e+05
5.6316e+05
5.551e+05
5.4486e+05
5.3436e+05
5.2626e+05
5.2192e+05
5.2017e+05
5.18e+05
5.1287e+05
5.0459e+05
4.9559e+05
4.8911e+05
4.866e+05
4.8629e+05
4.8443e+05
4.7808e+05
4.6733e+05
4.555e+05
4.4702e+05
4.4418e+05
4.4523e+05
4.4571e+05
4.4177e+05
