0.907321114218
0.946556083746
0.982386649241
1.01332607556
1.04027968083
1.06390775297
1.08423928955
1.1013780661
1.11566735585
1.12668463612
1.13244758558
1.13016434491
1.11925706785
1.10295041999
1.08522727273
1.06807822379
1.05260334782
1.04076972034
1.03541166767
1.03673394157
1.040478711
1.04126102696
1.03514723369
1.01949904883
0.994059056853
0.965075071476
0.942746739655
0.929518671449
0.920129317188
0.909924318149
0.897491821156
0.88438253012
0.874582069823
0.871837295331
0.873055747766
0.869419025325
0.857365222452
0.841084498997
0.828051094305
0.825614706801
0.837311652522
0.85862064272
0.878397064298
0.88779687722
0.887313639918
0.885087490206
0.889716766999
0.904161366083
0.924130931236
0.941879445722
0.951961616447
0.954542787056
0.955048798799
0.960480637733
0.97378376508
0.990743034753
1.00385563284
1.0092120485
1.00881141247
1.00799534662
1.01175759632
1.02154191411
1.03360288264
1.0408356294
1.03836585046
1.0285799345
1.01855141109
1.01451565123
1.01897233202
1.02868651145
1.03636363636
1.03532300718
1.02515897152
1.01214428131
1.00288470206
1.0
1.0015444717
1.00309512972
0.999366343804
0.989115889018
0.97689480133
0.969193701058
0.968928236997
0.974775689859
0.982639474128
0.988120137204
0.988926534997
0.986555854314
0.984425435765
0.9843611447
0.986113366899
0.987095183298
0.984974265316
0.979197745732
0.973328996585
0.972734436564
0.979050386115
0.989121464476
0.99821055771
1.00268957789
1.00089934797
0.994758909853
0.988025288211
0.984596108491
0.98572369866
0.99005775276
0.994943573208
0.998018348624
0.99861029842
0.997533550961
0.996042880783
0.994619413157
0.992719671304
0.989946820135
0.987405170509
0.987272458192
0.991971716874
1.00094766001
1.01040913691
1.01603466956
1.01572166824
1.01001989243
1.00238237046
0.998132935026
1.00126281385
1.01169977925
1.02470399064
1.03488372093
1.0389179627
1.03666443103
1.03051025776
1.02446552243
1.02209903364
1.02431950022
1.02857989042
1.0317989771
1.03248882265
1.03145360593
1.03034162421
1.03106608061
1.03334562892
1.03578993499
1.03639791183
1.03495089544
1.03290136789
1.0324568317
1.03549327833
1.04150490577
1.04805733155
1.05223198594
1.0527654164
1.05026980971
1.04682393065
1.0447550473
1.04552426102
1.04803523501
1.04918032787
1.04666894431
1.04037352376
1.03183133526
1.02392410285
1.02029972752
1.02420005378
1.03384083505
1.04363395225
1.04893007133
1.04848769365
1.04340254521
1.03613423173
1.03060699588
1.03044452746
1.03628614916
1.04489474004
1.05351784949
1.06149087535
1.06923267634
1.07709278098
1.08431864326
1.08926096998
1.09081707248
1.08989955357
1.08889013831
1.08979893218
1.09383530482
1.10013455932
1.10563111038
1.10654205607
1.10157123835
1.09189980481
1.07909384393
1.06493284771
1.05121139052
1.04068973367
1.03577000223
1.03661139386
1.04109514181
1.04704837994
1.05355520218
1.06042647144
1.06724870222
1.07253916642
1.07388788215
1.06957770756
1.06012819786
1.04903677758
1.04063294716
1.03812101731
1.04179488614
1.0481540931
1.05193734542
1.04902338377
1.03811373093
1.01986086176
0.996208047994
0.970566593083
0.94842886644
0.936726720208
0.938669329409
0.94971722365
0.961890166028
0.97063202752
0.975638832737
0.978752283999
0.98227227697
0.988012553378
0.996232859511
1.00454589891
1.01029348399
1.01261979315
1.01254335535
1.01162735059
1.01093765057
1.01076982517
1.01071445731
1.00994930592
1.00774906037
1.00436066318
1.00102908277
0.998712598775
0.997966760962
0.999076801336
1.00169779287
1.00544643623
1.00939105534
1.01274517918
1.01542416452
1.01768410853
1.02007839373
1.02285940281
1.02591439689
1.0283574714
1.02911616908
1.02748003741
1.02396160497
1.01988606577
1.0167967661
1.01621508526
1.01876310273
1.02385790359
1.02957310641
1.03357364999
1.03413490569
1.03101962321
1.02543516874
1.01965757768
1.01571866722
1.01389466389
1.01271821318
1.01035938553
1.00567995631
0.998652795449
0.990590935169
0.984183319188
0.982519083969
0.986374605532
0.992761452031
0.997379603399
0.998368273562
0.996580765908
0.994607483492
0.995040644343
0.999624159056
1.00794007491
1.01671165009
1.02133313918
1.01909772269
1.01075810456
1.00007238509
0.991854773906
0.989839493447
0.995124293577
1.0051261248
1.01472910927
1.01916172052
1.0161852681
1.00690750591
0.994594594595
0.983049573421
0.975529748888
0.973780098419
0.977091003756
0.982601673763
0.986801551905
0.987630348795
0.98517882075
0.980946264183
0.976551136968
0.973421810266
0.972238568313
0.973023668235
0.975043000236
0.977508476283
0.979907264297
0.982083922678
0.983928451348
0.985438187271
0.986628211851
0.987565066512
0.988509385585
0.989810082655
0.991789453585
0.994605246156
0.998265479775
1.00239682175
1.0061359652
1.00837563452
1.00859074557
1.00703792489
1.00443163506
1.00132730778
0.998062328435
0.995044305875
0.992936827513
0.992484164232
0.993640493186
0.99581185567
0.997897256729
0.999015101773
0.998727820556
0.99703547211
0.994457831325
0.991912169604
0.990406609539
0.990321489002
0.991265639227
0.992597600135
0.993858786008
0.995079742111
0.996593362115
0.998563170381
1.00096374331
1.00333655867
1.00520569246
1.00639570869
1.00698031551
1.00737514926
1.00852796826
1.01121995865
1.01546560293
1.02007942812
1.02348465795
1.02472761724
1.02349003984
1.01996608326
1.01490076723
1.00964749536
1.00573888092
1.00371790403
1.00292447961
1.00218284172
1.00055062888
0.997576925323
0.993394249796
0.988685590515
0.984481858881
0.981434465249
0.979176391266
0.976838101193
0.973846112872
0.969999451544
0.965659069781
0.961462591841
0.958504810831
0.957628050121
0.958579726143
0.959819723474
0.960110564487
0.959390338414
0.958465179355
0.958144115555
0.959109051832
0.96144761262
0.964571556501
0.96734648698
0.968872555741
0.969127001535
0.968938596977
0.969200911316
0.970796029862
0.973925136169
0.978466738541
0.98363372093
0.98864586035
0.993041692808
0.997167459778
1.00164194315
1.00676636152
1.01223836212
1.01717403791
1.020624191
1.0220064353
1.02165382522
1.02084285062
1.02107961829
1.02355417745
1.02838068182
1.03466455032
1.04057488141
1.04428707919
1.04486551541
1.04257043828
1.03876099255
1.03479482856
1.03171384312
1.0299794892
1.029304539
1.02905880102
1.0284051471
1.02683722752
1.02458889633
1.02201371346
1.01947460231
1.0169831753
1.01432664756
1.01115673456
1.00731483481
1.00308954349
0.999375585389
0.997155844486
0.996822378462
0.998151109334
1.00040356143
1.00307479437
1.00565634449
1.0078399282
1.00935270806
1.01002285002
1.01010075693
1.0104106559
1.01182645206
1.01473849566
1.0189843932
1.02449095828
1.03116064938
1.03876732222
1.04655074328
1.05294651397
1.05610783488
1.05524183068
1.05161895824
1.04745778767
1.04448747428
1.04363283775
1.0452855178
1.04914430484
1.05381850156
1.05669604197
1.05550027365
1.05031876695
1.04319050052
1.0360714549
1.030125
1.02588798858
1.02345896625
1.02274398571
1.0231850303
1.02387837945
1.02385369732
1.02245853504
1.01960577076
1.0156064327
1.01112253235
1.00697284261
1.00378964855
1.00184572791
1.00076001317
0.999949787854
0.998951703482
0.997561643154
0.995898073337
0.994303624288
0.993281409411
0.993243243243
0.994235099092
0.995863291638
0.997547577006
0.999094867655
1.0006355259
1.00256843032
1.00519404155
1.00851387492
1.01210291157
1.01516676074
1.01689512273
1.01697530864
1.01558486042
1.01321962662
1.01058949834
1.00861817119
1.0079805943
1.00907708278
1.01172203406
1.01521094423
1.01887826854
1.02199500654
1.02433985562
1.02568911892
1.02609687693
1.02572776216
1.02495219885
1.02415273547
1.02373623202
1.02388404681
1.02468035925
1.02588054024
1.02704785761
1.02749439259
1.02651808161
1.02366060606
1.01884086157
1.0124978683
1.00536690086
0.998339357234
0.992319921732
0.987815641089
0.985125633083
0.983930199887
0.983691495399
0.983637662946
0.983156550776
0.982020715263
0.98045650113
0.978797644721
0.977405918535
0.976453756244
0.975739472534
0.974716715599
0.972817690228
0.969604282164
0.965296265756
0.960638692908
0.956705191708
0.954285453841
0.953854567828
0.955473650474
0.959071739682
0.964186369958
0.97009480435
0.975724553675
0.979928017719
0.982154766011
0.982618317619
0.981815645056
0.980456332855
0.97894962691
0.977899490727
0.977791087686
0.97908324304
0.981796116505
0.985325881226
0.98899171089
0.992427568042
0.995575614745
0.998437004485
1.00099330099
1.00293420342
1.00380803709
1.00312793979
1.00066814119
0.996961369171
0.992958051655
0.989587530485
0.987225548902
0.985752710767
0.984720580787
0.983691623425
0.982285508444
0.980405019362
0.978141613539
0.975631094894
0.973109535272
0.970647053595
0.968337912088
0.966091289051
0.963889899357
0.961477715809
0.958660244314
0.955294816575
0.951514107894
0.947472964026
0.943443591258
0.939629869161
0.936231445017
0.933476779631
0.931739996379
0.931498328279
0.933180436015
0.937042609073
0.9429774785
0.950352835193
0.958341648374
0.966055160364
0.972660935626
0.977498939806
0.980313498254
0.981233964569
0.980954896969
0.980625368732
0.981443538999
0.983954990623
0.987886819651
0.992206630251
0.995808282833
0.998050064592
0.998564818252
0.997545643517
0.995349307451
0.992548700473
0.989875548302
0.987784040193
0.986393171105
0.98547437629
0.984660541092
0.983778113246
0.982757293511
0.981631077952
0.980499742401
0.979339055353
0.978266962216
0.977371365495
0.976855154094
0.976929388484
0.977879372336
0.979887235857
0.983076228281
0.987397681173
0.992537313433
0.997616590496
1.0014080332
1.00264119273
1.00083601761
0.996466864588
0.990617843335
0.984584734155
0.979313491862
0.97544122975
0.973029919933
0.971524199118
0.969758704625
0.966570184359
0.961634012037
0.955502743155
0.949442454211
0.944685079494
0.942073408318
0.942096443865
0.94468304882
0.94915768287
0.954288876591
0.958386015062
0.960168226835
0.959198971943
0.956079825912
0.952055520237
0.948336834268
0.945909090909
0.945199603207
0.946036243118
0.947647448641
0.94902969985
0.949331033762
0.94828536195
0.946066040497
0.942911512845
0.939209133946
0.9352012516
0.93126424183
0.927897144843
0.925976006214
0.92627877963
0.929204526451
0.934536749126
0.941308698155
0.948511576626
0.955208072024
0.960606146118
0.964087216759
0.965128939828
0.963718106583
0.960613563277
0.957115064708
0.954629370629
0.953940577486
0.955001120072
0.957187235244
0.959776185446
0.962032625956
0.963326039387
0.963144890876
0.961373770782
0.958001768347
0.953631741951
0.949058342452
0.945244223209
0.942980873331
0.942791637098
0.944746620712
0.948650884731
0.953847790812
0.959616974741
0.964986822998
0.969233282509
0.971696287902
0.971893532702
0.969582510659
0.964982359973
0.958738080385
0.95227877176
0.947171546834
0.944614907795
0.944942101813
0.947323917196
0.95056700708
0.953475283744
0.95535602943
0.956009450973
0.955963131924
0.956040205994
0.956965876983
0.959222999223
0.962655730574
0.966754453912
0.970799543647
0.974082934609
0.976154081321
0.976882329526
0.976496386435
0.975565326633
0.974590717571
0.973941798942
0.973859541777
0.974224293864
0.974980591432
0.975858900042
0.976735263341
0.977779290162
0.979426599416
0.982207221967
0.986356446085
0.992059486558
0.999203683828
1.00781779888
1.01781778104
1.02901601143
1.0408628285
1.0518387739
1.05970095217
1.06310112668
1.06252053354
1.05958983619
1.05568551007
1.05154501865
1.04739955971
1.04345043379
1.03999707784
1.03710836234
1.03457054309
1.03205128205
1.02909528529
1.02568839317
1.02218898898
1.01900045657
1.01650884402
1.01500910747
1.01472274627
1.01557389236
1.0174651616
1.02000859045
1.02273355445
1.02512815358
1.02667458981
1.02713191151
1.02624538589
1.02418932598
1.02124129972
1.01815077391
1.01561256584
1.0144877544
1.01504887999
1.01711708239
1.02012695464
1.02308413405
1.0253159542
1.02613984211
1.02525025536
1.02280398452
1.01954103206
1.01661802853
1.0153485228
1.01653537166
1.02039481279
1.02623101703
1.0331066986
1.03974731225
1.04512722036
1.04826687304
1.04877143799
1.04638940617
1.04153960274
1.03494733404
1.02759150036
1.0207264272
1.01524304861
1.01165360659
1.00997890638
1.0099704579
1.0111903183
1.01330330706
1.01603675089
1.01919233972
1.02240595287
1.02540500736
1.02773404384
1.02929003502
1.02996343046
1.03002815139
1.02980742832
1.02948997817
1.02917138696
1.02902998383
1.02918088737
1.02983304042
1.03111171318
1.0332164606
1.03577266147
1.03831578947
1.04014496794
1.04079007809
1.04003631412
1.03817617699
1.03552120102
1.03257242024
1.02978987499
1.02737853805
1.02526002972
1.02310516087
1.02025759127
1.01622649482
1.01071187584
1.00395105786
0.99645864824
0.98903915849
0.982404426103
0.977250568736
0.974093997735
0.973066527574
0.973621103118
0.975067975483
0.976498026552
0.977146844607
0.976908657123
0.976142557652
0.97567769832
0.976241811095
0.978512465259
0.982925512027
0.989518778855
0.998043948726
1.00791369903
1.01819851407
1.02763682114
1.0349363448
1.03943758573
1.04109529217
1.04066493878
1.03921748293
1.03777746492
1.03722869053
1.03788838025
1.04020100503
1.04389880952
1.04856830384
1.05313817911
1.05635402776
1.05726504129
1.05547116186
1.05132977421
1.04568876675
1.03957029518
1.03386385046
1.02952785411
1.02749521603
1.02820253165
1.03155708641
1.03657246486
1.04152732718
1.04514404514
1.04672851081
1.04676971859
1.04573690011
1.04462784655
1.04426758219
1.04554402767
1.04908942647
1.05488547084
1.06208363657
1.06892279971
1.0731968646
1.07363554353
1.06982121708
1.06266952984
1.05399274047
1.04579370052
1.03983312379
1.03723830225
1.03815879535
1.04144960362
1.04539348483
1.0482545635
1.04854368932
1.0453381694
1.03881914167
1.02955665025
1.01888826156
1.00840807175
0.999441766049
0.992547528517
0.987807975616
0.984635017866
0.982413739908
0.980590585915
0.97893081761
0.97769084373
0.978153404561
0.981801734688
0.990340215488
1.00449616504
1.02346227013
1.04529783058
1.06726961361
1.08693530018
1.10171359304
1.10989810771
1.11027327361
1.10329682866
1.09092460882
1.07629028623
1.06261469165
1.05196876375
1.04507658643
1.04171005755
1.04133053376
1.04333967118
1.04728734851
1.05289038824
1.06005506482
1.06898322492
1.07998197589
1.09279663363
1.10665649853
1.12043972625
1.13298215438
1.14322029315
1.1509185632
1.15618887958
1.15968302833
1.16262755102
1.16612015458
1.17117222776
1.17786722669
1.18562076357
1.19346269346
1.20027824474
1.20562390158
1.20897740785
1.21049453535
1.21059716104
1.21008766514
1.21005018898
1.21130768279
1.2143735399
1.21929824561
1.22533003798
1.23132458234
1.23535669957
1.23534578673
1.22976183578
1.21853356992
1.20368174375
1.18831205041
1.17556366048
1.16722628943
1.16411076787
1.16590656285
1.17191815568
1.18051099908
1.18992789021
1.19764167547
1.20162849277
1.20086855819
1.19601593625
1.18873523319
1.18052480071
1.1722390526
1.16418732782
1.15637791791
1.14866970945
1.14096743456
1.13299881603
1.12449141049
1.11549073709
1.10632135895
1.0975436293
1.09015954599
1.08457867967
1.08098900532
1.07889617039
1.07755665831
1.07603390701
1.07345800186
1.06939262023
1.06406209573
1.05828536184
1.05302491103
1.04901320745
1.04676008746
1.04598666337
1.0462093506
1.04664708518
1.04662533394
1.04575664622
1.04404078042
1.04233576642
1.04182787828
1.04340550152
1.04748193906
1.05384089595
1.06189011455
1.07059644602
1.07909358318
1.0864033632
1.09166947345
1.09396850662
1.09304327861
1.0891340766
1.08306764825
1.0759317311
1.06891742693
1.06270012226
1.05754849264
1.05315087802
1.04903408755
1.04447743468
1.03912577418
1.03285714286
1.0260756193
1.01980605348
1.01480836237
1.01207784774
1.01212360438
1.0151388657
1.02107353671
1.02901577183
1.03816542015
1.04713804714
1.05524095048
1.06207321169
1.06791555832
1.07354038693
1.07973848579
1.08725868726
1.09675081532
1.10833486435
1.12204018547
1.13686233187
1.15123152709
1.16290468986
1.16980798681
1.17110743424
1.1678030933
1.16163265306
1.15488835899
1.14900952172
1.1449704142
1.14313534567
1.1435296887
1.14551811441
1.14838432767
1.15081764887
1.15187933043
1.15082085513
1.1475668106
1.14250337686
1.13636363636
1.12995989869
1.12404708811
1.11899845121
1.11507276507
1.11210170922
1.10983156649
1.10788199031
1.10606744107
1.10422567778
1.10242890995
1.10069718096
1.09941194677
1.09837408621
1.09772320287
1.09722042663
1.09630255377
1.09438858255
1.09082728032
1.08541218184
1.07831550137
1.07031823745
1.06248487781
1.05568919894
1.05094124015
1.04884241069
1.0500060983
1.05486376526
1.06327852516
1.0744086831
1.08668302195
1.09755791324
1.10520722635
1.10842472582
1.10739678184
1.10323187951
1.09756871707
1.09201109033
1.08833574149
1.0876230002
1.09068627451
1.09737621376
1.10635359116
1.11574328031
1.12354013367
1.12823397075
1.12938809941
1.1273006135
1.12250712251
1.11587251499
1.10822948953
1.10047115752
1.09369577791
1.08899707887
1.08690242305
1.08744896615
1.09010018455
1.09358797664
1.09680567302
1.09868209579
1.09862370774
1.09683473039
1.09345679012
1.08926829268
1.08465480856
1.07992598341
1.07523510972
1.07025568848
1.06472811864
1.05835880284
1.0511178455
1.04310589303
1.03464398378
1.02622583357
1.01886371247
1.01372527228
1.01192711209
1.01439754749
1.0205520308
1.02913144149
1.03789711337
1.04504942473
1.04911055331
1.04935064935
1.04553082
1.03826185102
1.02901507424
1.01964113885
1.01237067027
1.00894593543
1.01043715847
1.0167567857
1.02644255943
1.03782008518
1.0491902834
1.05940743727
1.06763334009
1.07363542739
1.07751039966
1.07938395028
1.07957383053
1.07838344796
1.07592517519
1.07238229093
1.06777771258
1.06209949901
1.05517004072
1.04720475977
1.03802531368
1.02789079229
1.01726943468
1.00687765022
0.997799385875
0.991206221725
0.987954246381
0.988441348678
0.992541450386
0.999546690843
1.00836524894
1.0179220517
1.02695171995
1.03432820617
1.03924083098
1.04127230411
1.04072799332
1.03871204959
1.03677092139
1.03588110403
1.036462498
1.03802281369
1.03972226708
1.04075336905
1.04039854086
1.03832026753
1.03422347542
1.02821859633
1.02030887594
1.01123080449
1.00202828002
0.994101156407
0.989274410972
0.988867404933
0.993338008415
1.0023293734
1.01508995937
1.03062051401
1.04779794243
1.06564108496
1.08312532652
1.09908224703
1.11269766344
1.12309433063
1.12995568332
1.13359645975
1.13512073864
1.13567985131
1.13613959549
1.13662918871
1.13678789829
1.13591623037
1.13329912776
1.12875840113
1.12232951418
1.11430847356
1.10579219745
1.09776912711
1.09142914492
1.0877104292
1.08680130559
1.08877903085
1.09283709325
1.09811933574
1.10367523168
1.10844453821
1.11152651256
1.11205450734
1.10938231774
1.10362079637
1.09539137543
1.08601823708
1.07694631886
1.06935718953
1.06381907017
1.060527782
1.05906656465
1.05883863018
1.05936661853
1.06009714758
1.06059354839
1.06047993423
1.05954019473
1.05756446414
1.0548786528
1.05170239596
1.04874697996
1.0465827005
1.04545661166
1.04534423872
1.04608769651
1.04731492309
1.04871620086
1.04995848325
1.05063172232
1.05072567898
1.04991452991
1.0482484472
1.04584339775
1.0428795626
1.03986660603
1.03722792094
1.03565799842
1.0354589372
1.03704054566
1.04053047929
1.0457444368
1.05203599346
1.0584562483
1.06408224265
1.06792091837
1.06936203487
1.06822730023
1.06448118318
1.05835594269
1.05002877974
1.03988055101
1.02823144
1.01564900154
1.00314570326
0.991838852722
0.982997158429
0.977672623696
0.976521778543
0.979609213946
0.986478672775
0.996141564662
1.00759797387
1.01974977659
1.0315230118
1.04199391656
1.05030383333
1.05599596756
1.05891231761
1.05944055944
1.05813484053
1.05582052641
1.05303853004
1.05004709307
1.0468220339
1.04338294195
1.03971332209
1.03587292187
1.03222241115
1.02898983861
1.02639798058
1.02478314746
1.02443065942
1.02543192232
1.02789157873
1.03145164563
1.03570150678
1.03999218903
1.04358063769
1.0460366909
1.04706927176
1.0466684861
1.04492696407
1.04222311076
1.03884240734
1.03513986726
1.03148480889
1.02810819619
1.02525150499
1.02295826856
1.02120820103
1.01988416988
1.01879929551
1.01780711517
1.01680149347
1.01581059071
1.0148968212
1.01412146963
1.01367419738
1.01386855026
1.01506992096
1.01771413649
1.02205181527
1.02813463515
1.03515707137
1.04204723114
1.04744260975
1.050513461
1.05124468253
1.05020143771
1.0481432731
1.04588825099
1.04404708198
1.0430518617
1.04322984498
1.04453852667
1.04661341038
1.04897924536
1.05074664642
1.05119853003
1.04997936442
1.04720101262
1.04337251723
1.03929654336
1.03568535321
1.03290974259
1.03132955572
1.03106208269
1.03208354303
1.03408319185
1.03655498282
1.03912628105
1.04111928534
1.04222378607
1.04246340498
1.04211630041
1.04185564338
1.04226190476
1.043726791
1.04632809944
1.04975742753
1.05352356929
1.05692164034
1.05922779923
1.05997688752
1.05895070069
1.05642438589
1.05284536968
1.04905467552
1.0458784478
1.04411123012
1.04428190961
1.04667620865
1.05120469972
1.05734298943
1.06437869822
1.07138357351
1.07755359395
1.08243954565
1.08591818834
1.08801995333
1.08889880711
1.08883445601
1.08803076168
1.08674197627
1.08523807597
1.08365307754
1.08211894447
1.08076147643
1.07959838131
1.07864830285
1.07814067551
1.07828069272
1.07934770712
1.08139999274
1.08432118905
1.08777600232
1.09110478692
1.09363062004
1.09479918564
1.09433962264
1.09217039148
1.08864234675
1.08425762304
1.07973322343
1.07558832291
1.07245466967
1.07069413444
1.07052978932
1.07170870363
1.07387400279
1.07634159387
1.07838877413
1.07946005627
1.07923224842
1.0776695578
1.07512384996
1.07197528263
1.06873198347
1.06575699397
1.06329499323
1.06124018051
1.05937707091
1.05739164853
1.05491243692
1.05173954782
1.04776497235
1.04314567537
1.03834589006
1.03387814741
1.03040021836
1.02845611875
1.02828573385
1.02974232456
1.03229234514
1.03514245551
1.03743663516
1.0386099068
1.03838719523
1.03677975771
1.03413003178
1.03090061606
1.02741221031
1.02411280101
1.02114423953
1.01851967912
1.01616758933
1.01397091509
1.01181013677
1.00973506256
1.00778403445
1.00638988324
1.00600933293
1.00724928175
1.01031369448
1.01491188432
1.02021890673
1.02499922651
1.02835359319
1.02990654206
1.0298308655
1.02857323073
1.0268685567
1.0254959371
1.02519911652
1.02667252628
1.03024459555
1.03572864995
1.04230363732
1.04880490956
1.05407981698
1.05754511953
1.05905511811
1.05882352941
1.05727409977
1.05470252649
1.0515313885
1.04806341561
1.04466326119
1.04146447575
1.03839931324
1.03540567656
1.03228361424
1.02914525922
1.02621445954
1.02388984298
1.02272448479
1.02308922093
1.0252684191
1.02934711946
1.03518897784
1.04204185555
1.04892719831
1.05450837402
1.05781413371
1.05832339358
1.05608101943
1.05161251286
1.04574612257
1.03924156966
1.03283492823
1.02700930122
1.0221905356
1.01842268681
1.01569895634
1.01374740959
1.01233067037
1.01124401228
1.01048891416
1.01023630929
1.01074062649
1.01223404255
1.01485829846
1.01844297127
1.02279643985
1.02752722071
1.03214975487
1.03634770523
1.0396288243
1.04178118148
1.04279133043
1.04286284504
1.04233364602
1.04151324385
1.04053817418
1.03915845447
1.03732746897
1.03492119295
1.03195021988
1.0286135331
1.02520902351
1.02193606833
1.0193031083
1.01761585427
1.01712397356
1.01765814623
1.01875244172
1.01960281871
1.01958736789
1.01818467831
1.01532989171
1.01111005603
1.00561833621
0.999387728796
0.99288614585
0.986854551978
0.982248713439
0.979669672582
0.979475229826
0.981249016832
0.984172304637
0.987356533481
0.990234553254
0.992566852999
0.994292237443
0.995519044063
0.996288157738
0.996548876172
0.99598887425
0.994217973676
0.990738336363
0.985335896921
0.978060640732
0.969479610208
0.960384428363
0.951870431418
0.944880305773
0.940215982721
0.938440255923
0.939659143252
0.94355486685
0.949302046759
0.955603436056
0.961184710151
0.964819774579
0.966094182825
0.965286202713
0.963215033616
0.960896637609
0.959262363789
0.958871882086
0.959921516577
0.962281914737
0.96540871077
0.968358281611
0.970032513343
0.969566016918
0.966798179059
0.962589197743
0.958272285061
0.955188611279
0.954079307201
0.955196370339
0.958333333333
0.963047038878
0.968571094754
0.974098360656
0.978522101548
0.980707395498
0.980028664008
0.976669048433
0.971818014367
0.967099697885
0.963864394662
0.96264750244
0.963356833936
0.965319129836
0.967757634749
0.969851116625
0.970876549456
0.970314206772
0.968064390497
0.964347344773
0.959755939244
0.955167638249
0.951569134502
0.949554237127
0.94932775241
0.950617678041
0.952688937037
0.954709787682
0.956025623916
0.956366454395
0.955906681522
0.955225884406
0.955018907981
0.955900153761
0.958414176691
0.962827191459
0.969024979855
0.976662435309
0.985075119696
0.993368389322
1.00027028853
1.0044856661
1.00501777822
1.00194218755
0.996483185229
0.990585132483
0.985928791155
0.983448616601
0.983309444179
0.985205334041
0.988448102929
0.992220270319
0.995480433584
0.997033961145
0.995813133539
0.991566308116
0.985223875468
0.978792283298
0.974109408628
0.972105731351
0.972735099971
0.975302663438
0.978861468882
0.982520852025
0.985353399624
0.986663055988
0.986182486472
0.984296955183
0.98222099714
0.981489857695
0.983607134063
0.989527866525
0.999216161328
1.01177973318
1.02520065893
1.0369095166
1.04473070291
1.04728037664
1.04466129355
1.03791691833
1.02857628848
1.01819123231
1.00798688616
0.998845750262
0.991161220726
0.984948680857
0.979565380548
0.974557220708
0.969517445665
0.964512487653
0.960008741259
0.956608535161
0.955146346191
0.956374116625
0.960905349794
0.968471795669
0.977393716728
0.985181198421
0.989761921288
0.990783093166
0.988997555012
0.985486891386
0.981102538298
0.976474651725
0.972084488346
0.968324024528
0.965226068934
0.962780820387
0.960604854755
0.958469867502
0.956342963387
0.954378299654
0.953051118806
0.952914458743
0.954528201625
0.958146654719
0.963446663069
0.969160284464
0.973855570749
0.976555826241
0.97726984931
0.976610466816
0.975453070057
0.974797924535
0.975365130495
0.977487752889
0.980387019501
0.982392942474
0.981598166977
0.977276718295
0.970141930962
0.961497440273
0.952575216726
0.94477701287
0.939526160677
0.938844320428
0.944965458686
0.958808690086
0.977919121102
0.99667463369
1.01038365586
1.01756208734
1.01920276357
1.01680759275
1.01198660321
1.00600438644
1.00029221609
0.996451672519
0.995780118007
0.998637911464
1.00439746953
1.01151107595
1.01835383928
1.02390520777
1.02768974145
1.02981509698
1.03066677301
1.03065353489
1.02989509207
1.0282443296
1.02539602716
1.02124075295
1.01554599653
1.00854100854
1.00072277546
0.993372335638
0.988265222386
0.987042960683
0.989817346171
0.994895971324
0.99976630964
1.00266010243
1.00262974072
0.999614428926
0.993755018289
0.986162828116
0.978565118334
0.97363707344
0.973240876561
0.977158227308
0.983206485771
0.98893877551
0.992735481223
0.993893257487
0.991939287399
0.986937845183
0.979405642411
0.971170301461
0.9651855635
0.963700138674
0.966538219566
0.971605655627
0.976680384088
0.980462099716
0.982286976468
0.982170785111
0.980592966704
0.978943301459
0.979165647772
0.983318785763
0.991806772437
1.00304315751
1.01461869201
1.02459237906
1.03174386921
1.03500831332
1.03324856362
1.02534672406
1.0111798858
0.993858654573
0.979843122948
0.975281192781
0.980865259536
0.992873620036
1.00686688177
1.01937722119
1.02805374415
1.03079652459
1.02612310454
1.01340286578
0.994680851064
0.975247524752
0.961893879173
0.958882626807
0.96599690881
0.979601586013
0.995247148289
1.0090926402
1.01863055796
1.02262090484
1.0212416675
1.01637843337
1.01088872757
1.00811560815
1.00962639192
1.01486781347
1.02075315438
1.02414515003
1.02375509838
1.02010138858
1.01458555674
1.00867052023
1.00350540216
1.0
0.998732104179
0.999782265527
1.00268419611
1.00590318772
1.0079324199
1.00816728167
1.00712893874
1.00580252691
1.00520345022
1.00621206373
1.00935610786
1.01481410226
1.02203895919
1.02910040786
1.03418165862
1.03642061576
1.03637505232
1.03532816889
1.03444154234
1.03486854373
1.03744103774
1.0426794944
1.04956147179
1.05509613921
1.05604506717
1.05177993528
1.04446018953
1.03652398557
1.02954827444
1.0242569511
1.02117459049
1.02045536311
1.02183699871
1.02443227899
1.02665307311
1.02709951905
1.02515189421
1.0209023819
1.01458128957
1.00689686465
0.999448833364
0.995150738826
0.996777225728
1.00457416685
1.01583204268
1.02720405222
1.03654651374
1.04277093893
1.04544986087
1.04416507242
1.03934240363
1.03326743858
1.02972479037
1.03083458271
1.03473206691
1.03842936803
1.04048181389
1.04075556423
1.04012330082
1.04028620314
1.04312640317
1.04995900799
1.05930540567
1.06724874605
1.0702455486
1.06735075438
1.05987161011
1.0498837833
1.03972989223
1.03198540006
1.02962815669
1.0354122083
1.04953496737
1.06675811614
1.07781407781
1.07665606017
1.06513975525
1.04903417533
1.0337221841
1.02297919725
1.01890259911
1.02266906436
1.03343088699
1.04755076288
1.05723406681
1.05429244508
1.03701617858
1.01273703721
0.989912123386
0.972958873141
0.962211063977
0.956464437904
0.95380667237
0.952820181709
0.95248773651
0.952960297191
0.954841924087
0.9585780661
0.963455291503
0.968117172575
0.971137302134
0.971736918926
0.9696914202
0.965686970514
0.961297528286
0.9585182993
0.958511378317
0.960895805277
0.963845150938
0.965215189873
0.963090349076
0.956487754039
0.945411392405
0.931421908951
0.91705311973
0.90548733095
0.899182148627
0.898311720088
0.901109320186
0.905073498917
0.90824282302
0.909857904085
0.910008818342
0.909311348206
0.908341459091
0.907442151345
0.90660971223
0.905877054717
0.905580937024
0.906292901112
0.908757049797
0.913350978435
0.919902383754
0.927643867295
0.935072116492
0.940331598226
0.941487486782
0.937941054379
0.932024642372
0.928469022017
0.931104306598
0.939809976247
0.951231867373
0.961470787277
0.967917297924
0.969644750795
0.96770938446
0.964251460459
0.961379908874
0.960516621159
0.96215252099
0.965567155014
0.969450101833
0.97214695038
0.972965844653
0.97362223269
0.977064789899
0.985262734045
0.997851601353
1.01304417414
1.02845246357
1.04132196699
1.04881637599
1.04886934115
1.04165533497
1.03058639274
1.02071421876
1.01585932634
1.0177243858
1.02547480375
1.03638339716
1.04588969823
1.04885777074
1.04272494586
1.02998252986
1.01564220183
1.00326767723
0.994045725194
0.987247221716
0.981864934362
0.976967202347
0.973058769475
0.9708320051
0.970719583705
0.972295822943
0.974597595559
0.976787410681
0.978535837486
0.980282544635
0.983363581367
0.989556466957
0.999506050877
1.01215002641
1.02537362457
1.03744558556
1.04728930184
1.05412499434
1.05757352263
1.05791487988
1.05645858945
1.05537532666
1.05623582766
1.0590617146
1.06267490109
1.06515015464
1.06453911539
1.0593958535
1.04941918686
1.03612222982
1.02244126513
1.01125623367
1.00403800475
1.00089902527
1.00097474935
1.00294840295
1.0054419455
1.00737571312
1.00805320726
1.00731499167
1.00518091066
1.0019288094
0.99856263756
0.996796155386
0.998605476673
1.0040948444
1.01133062173
1.01773890876
1.02174545455
1.02292252572
1.02174894333
1.01955463669
1.01864965912
1.02170691309
1.02983237853
1.04148635153
1.05338093238
1.06232777851
1.06589290669
1.06282747914
1.0536201001
1.04117762128
1.03028732925
1.02392301058
1.02236965975
1.0238910968
1.02676746066
1.02961897202
1.03138830951
1.03153970173
1.03027399885
1.02909042459
1.02977451103
1.03310006435
1.03897153946
1.04671036257
1.05439455203
1.05909383723
1.05734585131
1.04781186094
1.033161852
1.0183321632
1.00727887945
1.00217321314
1.00398259156
1.01174152229
1.0219097319
1.02900636171
1.02997275204
1.02615229013
1.02051473331
1.01533851189
1.01158398388
1.00953690561
1.00905955392
1.00939945363
1.00967800289
1.00967151695
1.01036797824
1.01280742065
1.01767830706
1.02510686164
1.03497932829
1.04627163782
1.05693437665
1.06434699714
1.06718998224
1.06657540497
1.06501589576
1.06379020112
1.06285082873
1.06152682623
1.0590362535
1.05556328556
1.05240195608
1.05195514093
1.05710072711
1.06840423914
1.08069038871
1.0840587356
1.07444304989
1.05670935112
1.03798342541
1.02263927164
1.0127837298
1.00925925926
1.01202686939
1.01930453636
1.02669084163
1.02859037043
1.02226931073
1.01015071094
0.996422939344
0.983680692096
0.972059245887
0.959893507386
0.945247249105
0.927948175568
0.9112713926
0.899319504796
0.894097848299
0.895498262345
0.903039195137
0.916244660707
0.933183733284
0.94957091446
0.960785190485
0.965929316044
0.968142810881
0.971042856572
0.977271794872
0.988252186399
1.00377957165
1.01922512474
1.02539544333
1.01897849705
1.00851930349
1.00274506684
1.00452235162
1.01384371612
1.02917363372
1.04629077396
1.05721404513
1.0552100915
1.042228739
1.02677241435
1.01493498651
1.00856548857
1.00649434992
1.00528169014
1.00042428614
0.990249941964
0.978469899666
0.969286418941
0.964432147738
0.963951793523
0.967147528371
0.972329603255
0.975992200512
0.974669645224
0.969547863189
0.964586129022
0.962483655748
0.963874968454
0.968451542195
0.974625382896
0.978980470043
0.978551965745
0.974548203614
0.970913017731
0.970212152865
0.973235820431
0.979808714134
0.988318503308
0.99500186846
0.994505739938
0.986236664223
0.976076193356
0.969174875464
0.966487883177
0.966695735227
0.967110651321
0.964413265306
0.956612547289
0.946029380456
0.937156742003
0.932065308871
0.930551096843
0.931649895576
0.934599739347
0.938995925149
0.944325399862
0.950001832777
0.955566776067
0.960683697578
0.965282059186
0.969014196842
0.971514785757
0.972311221866
0.971483622351
0.969650696698
0.967663639211
0.966364651856
0.96677653263
0.969471872452
0.973753627011
0.977535765954
0.979195261143
0.979217438397
0.97871834906
0.978723404255
0.979803389053
0.981995074886
0.984435637024
0.985306122449
0.983190939797
0.978491247351
0.97298375833
0.968869830536
0.967831696109
0.970036357558
0.973792105475
0.976384333398
0.976432266718
0.97421591679
0.970794192997
0.967255216693
0.96438013748
0.962373093394
0.960335272294
0.95727152431
0.952876151484
0.947997014183
0.943879110801
0.941571680104
0.942232705916
0.945707434053
0.949655707055
0.950401290925
0.946668288924
0.93997482029
0.93261444216
0.926214522027
0.921854127705
0.919866220736
0.919484278384
0.918878424658
0.916334326854
0.911266201396
0.904555404122
0.897975907564
0.893675601263
0.893380879878
0.897108298622
0.903113203718
0.908770328576
0.912210187849
0.912728512379
0.910404989675
0.906325486182
0.901944575657
0.89894808795
0.89820716389
0.899618234898
0.902751168672
0.906973046036
0.912033954727
0.917365112624
0.921931571325
0.92464820699
0.925319315318
0.925699335882
0.927989487516
0.93311880645
0.941158777306
0.952022236545
0.964842206909
0.977593949421
0.986358969344
0.987571107606
0.982346599587
0.976200594985
0.973412982205
0.974831264968
0.978965216993
0.982825063038
0.983560987299
0.980510309764
0.975530932595
0.971850613155
0.972836875999
0.980580529155
0.993160931823
1.00278844636
1.00206104623
0.991615300943
0.977188305729
0.963282161774
0.953029205889
0.949430834601
0.955589924878
0.970122546362
0.983595216919
0.987866442299
0.984083424808
0.977203115428
0.971404142124
0.969889146687
0.974518166604
0.983689839572
0.991222729579
0.992004264392
0.986554294344
0.978928975229
0.973114141192
0.972454330663
0.978901734104
0.990768890609
1.00243346795
1.00917751509
1.01095668053
1.01037821644
1.00996771819
1.01090159104
1.01266430586
1.0133518608
1.01084770553
1.00390382947
0.993705545414
0.983048719237
0.975274056029
0.971087548525
0.969218845153
0.967613975982
0.964863971803
0.960517358747
0.954926806689
0.949137980411
0.943970499202
0.939552943646
0.935470696345
0.931792501284
0.929463435284
0.930596445317
0.937427959822
0.950438878185
0.966822214245
0.982925129431
0.996144409394
1.00581878637
1.01188537936
1.01453310318
1.01405555556
1.01177432543
1.00970664366
1.00958746507
1.0125299009
1.01799668482
1.02323631573
1.02422125182
1.01880445572
1.00846299411
0.996634391343
0.986441572145
0.980493652264
0.97995545657
0.983998222025
0.989877000109
0.994292420121
0.995630162537
0.994504896627
0.992743105951
0.992979894418
0.995737937818
0.999427947371
1.00139713587
1.00099000099
0.999032980456
0.997651955814
0.998994413408
1.00454571609
1.01330699053
1.02172401807
1.02586107591
1.02404591105
1.01793875686
1.01187514137
1.00982307306
1.01306281267
1.01956017864
1.02547995068
1.02617704757
1.01957575376
1.00782276738
0.996973182396
0.99194771852
0.993895064217
1.00094073377
1.00973787359
1.01621998353
1.01791634787
1.01556347272
1.01222792859
1.0105560329
1.01113457477
1.01309026112
1.01297659838
1.00571847507
0.990353480842
0.97409478952
0.962698877242
0.955722464415
0.951004955181
0.947754409358
0.946374918354
0.948532423208
0.955159112825
0.964394917442
0.971980158198
0.974364150182
0.970161567549
0.96059984438
0.948615451704
0.937126642772
0.927860504591
0.921304103429
0.917083750417
0.915338983051
0.91689407095
0.92222395752
0.930358200118
0.939367565999
0.948312624072
0.956452710365
0.963440030852
0.968962322421
0.973680183627
0.97836261797
0.983545605569
0.988528845349
0.991210762332
0.988287945153
0.976046260904
0.955676561295
0.93793292016
0.934403826443
0.94559374491
0.963537135174
0.97908466466
0.985773428679
0.981444370222
0.969722013524
0.957298985168
0.949909821282
0.949517382762
0.954343081624
0.960494043448
0.964310706788
0.963649197106
0.959455806829
0.955289788408
0.953943100732
0.955254174739
0.957370075828
0.959741124964
0.964630744978
0.978017429194
1.00616950632
1.04397573283
1.0703229585
1.07413142359
1.06353617633
1.04869443911
1.03578603028
1.0290997128
1.03210165937
1.04352578038
1.05325079479
1.05199610516
1.04048982369
1.02355879658
1.00500684033
0.989876978239
0.98819327469
1.00041064273
1.00757118842
1.00496713662
0.997908813962
0.989576423766
0.981083429483
0.973146010136
0.967915198812
0.971095985005
0.987933015925
1.01295507237
1.03584464342
1.05266441846
1.06239369228
