1.00112866817
0.998302647093
0.998049481573
1.00048634397
1.00489059833
1.00958116961
1.01274042616
1.01353569995
1.01221063343
1.00969155468
1.00704729463
1.00517371554
1.00441476807
1.00444742002
1.00451356408
1.004050779
1.00261102612
0.999908052318
0.996065192349
0.991777752885
0.987794188544
0.984515586781
0.981937901499
0.979967914439
0.978725656224
0.97841461919
0.978955497635
0.980027359781
0.981352801478
0.98317789593
0.985418875928
0.988477590274
0.991471215352
0.992981808108
0.991471972995
0.987167659146
0.981933008234
0.977578125
0.974541194846
0.973092401168
0.97370093755
0.976252465483
0.980396696766
0.984859841103
0.988249890527
0.990041553231
0.990509915014
0.990246298505
0.990070134018
0.990591951655
0.991624106231
0.992538831988
0.992215001354
0.989909182644
0.986304088924
0.983131599279
0.982151772341
0.983937697737
0.987278727873
0.990607800909
0.992393387638
0.991940779655
0.989636085267
0.987456846951
0.987095326264
0.988979501873
0.991791616504
0.993920806178
0.994192099063
0.992550704149
0.990291262136
0.98899673016
0.989684987612
0.991538078646
0.992953203315
0.992871385842
0.991136705058
0.98865
0.987334883491
0.988440429355
0.991526230601
0.994702545591
0.996051103368
0.994781323604
0.991336633663
0.98705706657
0.983867383672
0.982637525629
0.982729661053
0.982967952293
0.982388908026
0.980738362761
0.978362343498
0.976187372355
0.97491895581
0.974502255888
0.974363089268
0.974054477758
0.973806391705
0.974079494685
0.975212655402
0.976858614592
0.978079571538
0.977880638919
0.976205691087
0.973850113776
0.972354163574
0.973019920908
0.976230774891
0.980779087647
0.984715838623
0.986830585145
0.987165853837
0.986934152571
0.987478975892
0.989823125164
0.993603650782
0.997187685021
0.999085120398
0.999016894844
0.997953365982
0.99697271754
0.996866139382
0.997715526927
0.998698013541
0.9990466762
0.998409715194
0.997272857758
0.99647596102
0.996592227378
0.997662783479
0.999196347032
1.0
0.999678284182
0.998407812334
0.997282129117
0.997057468004
0.998110921015
1.00017818959
1.00236732386
1.00386571011
1.00432677449
1.00429038409
1.0043144449
1.0050258082
1.00639010042
1.00799250911
1.00926170073
1.00993841442
1.01020043531
1.01035102041
1.01056199
1.01071723001
1.01039147768
1.00929248911
1.00768410488
1.0062250302
1.00554419872
1.00561885438
1.00622132847
1.00664514309
1.00611753074
1.00414034876
1.00115733871
0.998345300358
0.996423462089
0.995417684122
0.994891018471
0.994064662372
0.992189533976
0.989071952273
0.985444949261
0.982160797198
0.979540204598
0.977430410432
0.975434576044
0.973308675371
0.970897766323
0.968449183986
0.966160938173
0.964307350565
0.962835249042
0.961588238339
0.960341560902
0.958953217422
0.957341591948
0.955485908768
0.953437078789
0.951377065598
0.949469937321
0.947894890047
0.946749209412
0.945976950165
0.945142257768
0.94375726275
0.941615259531
0.938907089503
0.936012024586
0.933463581079
0.931716763492
0.931084296397
0.93145696299
0.932035852903
0.931990481988
0.931297288342
0.930732572315
0.931623456103
0.934696606675
0.93953747562
0.944713083825
0.948668021221
0.950636394909
0.950904468278
0.950214387804
0.949701465533
0.950693606755
0.953986454373
0.959108994279
0.964313288153
0.968259414944
0.970886736647
0.972683100261
0.974126191557
0.975304102706
0.976023213195
0.975912999191
0.975141506681
0.974360441825
0.974511033814
0.976068967506
0.979187488976
0.983901912585
0.990155865463
0.997226455349
1.00380837237
1.00830035998
1.01008561041
1.00996474462
1.00916975732
1.00848627221
1.00857218605
1.00960860367
1.01183225017
1.01504713038
1.01896600971
1.02316591342
1.02739220529
1.03145296236
1.03512291608
1.03828072532
1.04089883932
1.04303736181
1.04484848485
1.04646322745
1.04780907465
1.04877035344
1.04923253628
1.04938920268
1.04967579727
1.05057815045
1.05252219913
1.05540400458
1.05860685029
1.06110759232
1.06186612576
1.06044524276
1.05734387309
1.05364689095
1.05040294275
1.04823430574
1.04740244194
1.048046203
1.0499471623
1.05235279626
1.05400952581
1.05391117437
1.05191725241
1.04847355597
1.0441146456
1.03922386814
1.03428363017
1.02977690369
1.02625518194
1.0239759329
1.02252144185
1.02100002975
1.0185703232
1.01496521113
1.01066989997
1.00669888658
1.00423963134
1.00393060034
1.00545276314
1.00750244978
1.00861220472
1.00782462895
1.00521815667
1.00171668362
0.998752359321
0.997730469249
0.999206726955
1.00222780044
1.00480873639
1.00510517899
1.00275178866
0.998570559611
0.994264670369
0.991491267353
0.991307422577
0.993565105986
0.996732970973
0.999133073255
0.999593743652
0.998134817708
0.995746664336
0.994245894055
0.995350164028
0.999718832593
1.00633193863
1.01316047378
1.01849642005
1.02162146517
1.02268924829
1.02265305522
1.02295377284
1.02489343564
1.02852760736
1.03311644978
1.03777740132
1.04215802741
1.04641337657
1.05078835658
1.055387714
1.05976349303
1.06317365269
1.06504692883
1.0656788504
1.06581773086
1.06655568914
1.06909740728
1.07413503846
1.08149884388
1.08964865291
1.09657076522
1.1007476753
1.10159853415
1.0992606226
1.09416458221
1.08739932938
1.0804192561
1.07451738637
1.07012674623
1.06718475808
1.06512416795
1.06341908768
1.06148430818
1.0587045195
1.05466840217
1.04949405399
1.0440626669
1.03904644472
1.03469845391
1.03092322817
1.02751278447
1.02425660467
1.02117212097
1.01842222968
1.01615583708
1.01441684665
1.01311430899
1.01200747376
1.01091805913
1.00965677078
1.00818921394
1.00703660587
1.00676230018
1.00795257727
1.01054339011
1.01437433802
1.01923778739
1.02458355723
1.02956526491
1.03265383676
1.03216236085
1.02805495663
1.02286019366
1.01946324952
1.01919471035
1.02184428942
1.02658749967
1.03220949616
1.03711547338
1.03946443062
1.03827853515
1.03413989158
1.02886695868
1.02440387481
1.02185674097
1.02158332874
1.02339263202
1.02653390286
1.02958412366
1.03090495322
1.02951793846
1.02591329225
1.02138978775
1.01707545095
1.01368461794
1.01124968751
1.00948988395
1.00783398617
1.00566721035
1.00280250577
0.999453611627
0.99613794604
0.993415704763
0.991740890688
0.991162091012
0.991235336558
0.991272417647
0.990618937522
0.988893032176
0.986174622276
0.9827918945
0.97928693607
0.976263480651
0.974507772021
0.974296823714
0.975519470905
0.977521782637
0.979835350615
0.982093115798
0.984225209232
0.986082061611
0.987468017336
0.987951178802
0.987269974078
0.985737123445
0.98417521513
0.983590479608
0.984685588685
0.987616472747
0.992197850729
0.997929658269
1.00398225628
1.00912129055
1.01177251278
1.01096356505
1.00758175852
1.00408917029
1.00253252991
1.00342208681
1.00617659656
1.01004839825
1.01419669212
1.01780373502
1.02018833096
1.0212726855
1.02166097633
1.02236436116
1.02379270266
1.02587192348
1.02803939895
1.02955809907
1.02959914723
1.02747469761
1.02351431201
1.01913672124
1.01594792514
1.01449039401
1.01428200467
1.01469736461
1.01526302791
1.01583020342
1.01651770852
1.01762148735
1.01930883731
1.02145765897
1.02359627069
1.02501973165
1.02503833748
1.02322498542
1.01981376647
1.01566723527
1.0119884786
1.00960353328
1.00859211667
1.00863777247
1.00933891638
1.01022557154
1.01087314662
1.01092689328
1.01000725526
1.00821599149
1.00590903518
1.00378288671
1.00241734629
1.00225650585
1.00362980888
1.00663749814
1.01091408591
1.0156081943
1.01976956337
1.02278626335
1.02463778958
1.02583541147
1.02696903924
1.02850729517
1.03052542542
1.03257804383
1.03405633526
1.03437956204
1.03355007131
1.03207088339
1.03072780169
1.03026075243
1.03110019031
1.03300760043
1.03512416659
1.0362564053
1.03554771513
1.03291585222
1.02897922834
1.02488600912
1.02159651391
1.01966648324
1.01889684574
1.01841934632
1.01699204628
1.01388452142
1.00902211874
1.00337632685
0.998273430281
0.995054690735
0.994355528406
0.995976052606
0.998940364712
1.00165603836
1.00281885169
1.00204720914
0.99997544144
0.997969865962
0.997410845139
0.999044960329
1.00280822761
1.0077892439
1.01248691491
1.01531565185
1.01516423808
1.01228680567
1.00805507087
1.00423738789
1.00205362769
1.00184149184
1.00334980908
1.00585554742
1.00853847069
1.01061748425
1.01161241196
1.01187013785
1.01216900082
1.01311382612
1.01493248232
1.01723137899
1.01928361138
1.02006838115
1.01857026285
1.01464409743
1.00970805156
1.00581435275
1.00421969492
1.00464315644
1.00617283951
1.00791892529
1.00890379557
1.00851189451
1.00631275475
1.00247727104
0.997882077998
0.993763338866
0.991049539757
0.989685322647
0.988780089759
0.987182109498
0.984160314055
0.979697752578
0.97443739444
0.969575514666
0.965971334672
0.963989942098
0.963313553735
0.9634486269
0.963846057415
0.964003215851
0.963743563749
0.963162184189
0.962684527064
0.962871084699
0.964088248049
0.966289097348
0.969107986318
0.972195537013
0.975249456491
0.978143314176
0.980780247479
0.983106941407
0.985019801412
0.98636958625
0.98696509009
0.986701237872
0.985766898347
0.984441808502
0.983405344415
0.983295847276
0.984733656834
0.988279773157
0.993889748653
1.00068460688
1.00696737294
1.01096948629
1.01192980656
1.01045098847
1.00781736962
1.00554489791
1.00484390387
1.00657681941
1.01096413473
1.01734008587
1.02399778822
1.02853906509
1.02945305403
1.02688688304
1.02239460556
1.01796061846
1.01525264784
1.01553915312
1.01954160967
1.02696421571
1.03627535787
1.04468349193
1.04928337262
1.04852124465
1.04307233642
1.03507408559
1.02705356451
1.02122861586
1.01919315722
1.02151158215
1.02757149629
1.03545706371
1.04299085189
1.0484938718
1.05119729098
1.05133946858
1.04951569806
1.04667838114
1.04362791498
1.0411364224
1.039763354
1.03975176115
1.04103339288
1.04329947442
1.0462164228
1.04953920239
1.05286816884
1.05576939774
1.05759301331
1.0575771122
1.05498199994
1.0496795814
1.04236456047
1.03430468462
1.02701566572
1.02166155562
1.01877266388
1.01831604262
1.01982662192
1.02239719548
1.02510540965
1.02733522479
1.02900792359
1.0305563877
1.03240587391
1.03506793708
1.03868583636
1.04318329302
1.04818339618
1.05297654841
1.05680901294
1.05900365092
1.05970106103
1.05961642586
1.05975903614
1.06083563556
1.06315516646
1.06653637477
1.07069367059
1.07497109655
1.07893255931
1.08208099285
1.08439838132
1.08614167316
1.08776986712
1.08948130977
1.09121779859
1.09274838557
1.09371818672
1.09383297128
1.09311263088
1.09196234613
1.09104767598
1.09123303001
1.09319068961
1.09672479796
1.10100166945
1.10463749898
1.10625151116
1.10495410903
1.1008855568
1.09500842733
1.08847219704
1.0823443681
1.07740019449
1.07388860773
1.07171842874
1.07025452147
1.0686157019
1.06583169153
1.06137398535
1.05547850208
1.04908998417
1.04321840377
1.03854696769
1.0355270168
1.0339997204
1.03341694537
1.03304821151
1.03201438849
1.02994953256
1.02691260962
1.02341439369
1.0201857855
1.01807506021
1.01775545288
1.0195711959
1.0234125293
1.02857677502
1.0340660232
1.03915031959
1.04337029826
1.0467524953
1.04956259605
1.05213227592
1.05489317197
1.05792808119
1.06090044028
1.06340873485
1.06523380616
1.06632460167
1.06694537653
1.06727915194
1.06755969715
1.06807504713
1.06916646327
1.07126007169
1.07434765637
1.07759979368
1.07960158717
1.0796364479
1.07797364627
1.07526305036
1.0721403472
1.06904961925
1.06604406666
1.06331503089
1.06082949309
1.05850866953
1.05620907779
1.05378518279
1.05125290759
1.04860363082
1.04588319201
1.04317027533
1.04063786008
1.03833979152
1.03649674768
1.03504360387
1.0337032044
1.03202376198
1.02950344328
1.02596569582
1.0216455365
1.01704257016
1.01264222503
1.00894791853
1.00648654304
1.00541448842
1.00572261513
1.00697573422
1.00832222796
1.00888065597
1.00792522956
1.00505175301
1.00035847236
0.994312220443
0.987740179774
0.981606259849
0.976710684274
0.973584610164
0.972358596707
0.972586862859
0.973723103129
0.975279768641
0.976936001222
0.978707972854
0.98073878628
0.983327972553
0.986622254719
0.990702479339
0.995251017639
0.999838047938
1.00375566703
1.00662605536
1.00841773336
1.00931618654
1.00976440994
1.01010761477
1.01056000875
1.01128785394
1.01210213551
1.01284212216
1.01309723386
1.01249553731
1.01085367365
1.00819771238
1.00481514147
1.00097586519
0.996825244119
0.992348440259
0.987423914684
0.98202183248
0.976089789622
0.969892648902
0.964020401375
0.959261225516
0.956359171829
0.955507595252
0.956407591752
0.958210568996
0.959829791789
0.960348213812
0.959125625494
0.955953002611
0.951136363636
0.945416571152
0.939990976087
0.936110357081
0.934562571645
0.935510501396
0.938390243902
0.942429860339
0.946638072411
0.950426687355
0.95343533717
0.95565368153
0.957536805098
0.959697871871
0.962849399075
0.967379289893
0.97299511164
0.978748738125
0.983246472607
0.985459286001
0.984834193805
0.981491522082
0.975910995663
0.969041002389
0.9620001455
0.956060130782
0.952419858701
0.95166858458
0.953503994626
0.956573138073
0.959258897622
0.96029715024
0.959059874616
0.955692754676
0.950789327551
0.945057008719
0.939571888615
0.935299224133
0.933088215415
0.933081214462
0.934831699477
0.937333579394
0.939655851832
0.941329616578
0.942304644159
0.942845744681
0.943485254692
0.944902538593
0.94765795207
0.952056667761
0.957900492072
0.964177886577
0.969510383753
0.972818350299
0.973702570708
0.972434791981
0.969763651182
0.966286890872
0.962763446533
0.959554283148
0.956963673943
0.954743403638
0.952393162393
0.949258901698
0.944864346551
0.939147449336
0.932742627717
0.926499245231
0.921412611041
0.918246156349
0.917232425415
0.918318237123
0.920806277056
0.923968060631
0.926895843468
0.928905745642
0.929661242998
0.929271893288
0.928246457819
0.927370148182
0.927389309882
0.928700906344
0.931309622694
0.934846489006
0.938661471817
0.942074995446
0.944557544351
0.945676364124
0.945359038232
0.944002173618
0.942346731628
0.941289959538
0.941535776614
0.943230186708
0.946121582436
0.949582000206
0.953046308014
0.955965062333
0.957874743059
0.958310520141
0.956987848352
0.953897412056
0.949428746302
0.944475138122
0.940064888427
0.937074788162
0.935944632602
0.936867065158
0.939667232937
0.943997164413
0.949141685883
0.954187637114
0.957925711778
0.959217633957
0.95739424192
0.952563500111
0.94556931294
0.937758839442
0.930605066781
0.925415349512
0.923270229519
0.925041186161
0.931166818372
0.941617514746
0.955485178617
0.971083474077
0.986120767349
0.998473953753
1.00683774017
1.01108025985
1.01224608548
1.01160427807
1.01045974216
1.00971695281
1.00979987337
1.01080751538
1.01244154977
1.014388088
1.01607376661
1.01693362574
1.01647669252
1.01440267244
1.0107637665
1.00608546459
1.00116639716
0.996796302618
0.99334273183
0.990848173546
0.989068751798
0.987761225457
0.986749867233
0.98594872895
0.985469599805
0.985520263466
0.986300250572
0.987966501342
0.990508966741
0.99364384147
0.997146438382
1.00083116605
1.00455370938
1.00816337749
1.01146283642
1.01427481132
1.01631521801
1.0172894911
1.01696868428
1.01519321179
1.01204238921
1.00779879119
1.00292150171
0.998070997991
0.993847859953
0.990782686114
0.989258833368
0.989466236931
0.991259017429
0.99418281816
0.997536293314
1.00055554086
1.00250131648
1.00295540735
1.00184386849
0.999405945709
0.996211633121
0.993055734827
0.990764760818
0.98992482773
0.99060958976
0.992249487678
0.993731969578
0.993966305342
0.992324704046
0.988912258835
0.984301086448
0.979279208748
0.97461502076
0.970868377066
0.968344744261
0.967064075344
0.96682320442
0.967118910131
0.967282022153
0.966770925995
0.965101834465
0.962294226756
0.958797262816
0.955224745134
0.952228102137
0.950385760106
0.949657346095
0.94977539487
0.950107576903
0.950042287614
0.948945615982
0.946540605212
0.942813927107
0.938229417046
0.933498673434
0.929721647113
0.927955877284
0.928971962617
0.933002338135
0.939568429012
0.947894907176
0.957107440485
0.966551221291
0.975814671815
0.98464767992
0.992908250491
1.00066851304
1.00782741504
1.01453350605
1.02094697796
1.02709073099
1.03274059834
1.03719705264
1.03979894771
1.04012500369
1.03805660771
1.03406230095
1.02872514765
1.02278744327
1.01705784276
1.01208969776
1.00838849204
1.00620343322
1.00528737883
1.00518969797
1.00510074769
1.00432240811
1.00226472839
0.998727696828
0.994051034274
0.989030635435
0.984649726325
0.981832274066
0.981120757695
0.982602240083
0.985832505793
0.990278061051
0.995220985802
1.0001071352
1.00440785399
1.00762116167
1.0094184482
1.00960528291
1.00830279004
1.00603547228
1.00353885443
1.00132797358
0.999858487228
0.999159546155
0.999094329107
0.999304008909
0.999511616549
0.999614427425
0.999330184023
0.998830699454
0.998223169865
0.997690695278
0.997414190075
0.997283471512
0.996974813564
0.996131119865
0.994531856347
0.992087428592
0.989022384324
0.985498881755
0.981841339156
0.978266446766
0.975059775612
0.972593681117
0.971202277539
0.971203526394
0.972652200336
0.975278428034
0.978711365726
0.98245303084
0.986039702942
0.989099047069
0.991475817663
0.993094999443
0.994275599744
0.995157477313
0.996152662358
0.997333848532
0.998725671918
1.00015368656
1.00129578109
1.00196285671
1.0019067559
1.00107506951
0.999521302058
0.99739783764
0.994956140351
0.992444428222
0.990189284803
0.988562686676
0.987794689237
0.988103847266
0.989471036366
0.99186440678
0.995110717449
0.999049964814
1.00349357183
1.00828221922
1.01312038468
1.01774644049
1.0217516517
1.02499915315
1.02731514594
1.02868147741
1.02907522693
1.02834363585
1.02646736634
1.02330598387
1.01882212215
1.01328741869
1.00707764899
1.00073571214
0.99478504612
0.989464331048
0.984729277661
0.980404685836
0.976348497647
0.9725352751
0.969095462041
0.966183875179
0.964215343545
0.963521479986
0.964317901132
0.966722413734
0.970572907619
0.975368073369
0.980253878702
0.984207755747
0.986440560411
0.986357900481
0.983957935631
0.979773356173
0.974631671383
0.969520061927
0.965470722385
0.963194711847
0.96315688038
0.965370751802
0.969528907232
0.974886213241
0.98053771423
0.985463804551
0.988649152706
0.989353173203
0.987139703765
0.982239258904
0.97540014696
0.967693391393
0.960274060731
0.954193527487
0.94992482186
0.947702060222
0.947361398359
0.948647100448
0.951128203383
0.954431337483
0.958176757133
0.962175690919
0.966151976553
0.970072463768
0.973633063185
0.976673578199
0.979046269714
0.980601430551
0.981575293632
0.982217220034
0.98297091957
0.984008648004
0.985490035997
0.987388586856
0.989693387514
0.992379120269
0.995583104447
0.999590331831
1.00466226549
1.01086754252
1.0176729397
1.0242510699
1.02947224126
1.03220880682
1.03179261433
1.02802806245
1.02109189556
1.01173630206
1.00103192304
0.990340890231
0.980979616267
0.974334091822
0.971194806951
0.972108004386
0.977175463623
0.985938383267
0.997922859292
1.01193878659
1.02682243331
1.0410454562
1.05310635821
1.06178961848
1.06633093525
1.0666785842
1.06326094696
1.05694064089
1.04870651204
1.03939470184
1.02988272031
1.02085092324
1.01290179068
1.00653570362
1.0021748097
0.999887467647
0.999513946011
1.00074255588
1.00293761246
1.00546013379
1.00801532132
1.01027028903
1.01215578418
1.01370731057
1.01477182801
1.01534468029
1.01531151003
1.01437912858
1.01244405262
1.00930473884
1.00491530818
0.99927677732
0.99265411591
0.985363656834
0.977931975884
0.970995210218
0.965030999546
0.960564642617
0.957834422978
0.957106782107
0.958562457871
0.962062086585
0.967266548771
0.973617873545
0.980292500778
0.986501530754
0.991671352263
0.995553342108
0.998163155051
0.999781556049
1.00062380743
1.00103172556
1.00136375364
1.00179968414
1.00237035957
1.0031398874
1.00402608045
1.00477645489
1.00512429887
1.00489072814
1.00403485573
1.00260029718
1.0007434693
0.998845500849
0.997160354443
0.996202837516
0.996168982691
0.997473152243
1.00024698328
1.0043850343
1.00953996184
1.01525292377
1.02085381267
1.02580192813
1.02983868133
1.03300049572
1.03540203526
1.03738453706
1.0392287234
1.04137155705
1.04388857305
1.04689407814
1.05016990569
1.05308660701
1.05490606208
1.05495067592
1.05295961251
1.04924189734
1.04446647071
1.03933536792
1.03437033012
1.0299571551
1.02641640598
1.02387680136
1.02253885081
1.02253695478
1.02382442832
1.02617335212
1.02904841402
1.03163716814
1.03294460641
1.03240307847
1.0298353176
1.02556423147
1.0199603675
1.01327758216
1.00561629474
0.997023014389
0.987562960093
0.977543035994
0.967199591468
0.956993884272
0.947448206165
0.93911446175
0.932634338139
0.928344472444
0.926590771207
0.927038325078
0.929197973091
0.932204580582
0.935199345592
0.937536127168
0.938655708835
0.938336306869
0.936559744888
0.93360729905
0.930017721805
0.92648328142
0.923860888972
0.922726102468
0.923395896988
0.925579885286
0.928874353076
0.932563244449
0.935962373372
0.938571532793
0.939919696467
0.939945642057
0.938620274138
0.93631131608
0.933485176035
0.930923883282
0.929403375327
0.929724748588
0.932428063369
0.937738607749
0.945550589191
0.955325348009
0.966530219119
0.978297956755
0.989934594446
1.00085106383
1.01049687775
1.01870761259
1.0253246506
1.03047801147
1.03429540287
1.03711773403
1.03930663103
1.04123834094
1.04314761447
1.04541058909
1.04820496216
1.0515898767
1.0556389148
1.06012876058
1.06467782359
1.06884848485
1.07205567019
1.07368933615
1.07330184069
1.07064973251
1.06558515855
1.05823145884
1.04906286686
1.03862798525
1.02757229321
1.01669462106
1.00669307997
0.997949341131
0.990912845931
0.985716942533
0.982247647167
0.980082165652
0.978707863117
0.977552656512
0.976164443473
0.974489236505
0.972518186494
0.970657885
0.969305933689
0.968849810243
0.969385441076
0.970838073568
0.972840723742
0.974887485345
0.976501109148
0.977139660638
0.976321524879
0.973986535929
0.970178493687
0.965390439109
0.960100556653
0.955221740222
0.951355804707
0.949170124481
0.948919940115
0.950669310858
0.954166082199
0.95868112077
0.963412134463
0.967528745322
0.970273245921
0.971430465332
0.970862547956
0.968914664457
0.96598934044
0.96269958406
0.959647166177
0.957381625081
0.95625363982
0.956455835745
0.957952341369
0.960355338791
0.963281195202
0.966156781008
0.96852549968
0.970170048585
0.970830056481
0.970595564416
0.969690554321
0.96839280736
0.966977079825
0.965841248304
0.96525070574
0.965441028732
0.966539004233
0.968618537115
0.971591887332
0.975400357431
0.979897348161
0.984907022928
0.990234871311
0.995594236394
1.00049710613
1.00456463103
1.00758211158
1.00940961218
1.01019095994
1.01012852976
1.00944616977
1.00826745718
1.00680524206
1.00530851431
1.00404217926
1.00327437093
1.00317618929
1.00375221239
1.00490639571
1.00637094576
1.0080243405
1.00978059741
1.01172556899
1.01389440254
1.0162017705
1.01863879305
1.02106741573
1.02334751479
1.02534370226
1.02678232021
1.02763090568
1.02779545226
1.02727571476
1.02627316315
1.02485210905
1.02314755361
1.02108482215
1.01872756089
1.01606556311
1.0133045667
1.01066903027
1.00859259259
1.00751656612
1.00787998681
1.00985043157
1.01309210526
1.01700088615
1.02074200092
1.02348916762
1.02469535909
1.02383022574
1.0208699543
1.01609428463
1.01016566265
1.00406895481
0.999015657203
0.996096132731
0.996092448429
0.999216206439
1.00481043865
1.01172086314
1.01861333655
1.02427581197
1.02794216338
1.02948425658
1.02899498583
1.02702617669
1.02406773212
1.02095207769
1.01832760596
1.01700863077
1.01761124122
1.02007428098
1.02373994517
1.02739197531
1.02978208946
1.03016653826
1.02841918295
1.02466471404
1.0193746829
1.01288954152
1.00569151964
0.998191188014
0.991141596581
0.985534699501
0.982507586865
0.982698961938
0.986152979759
0.992249334954
0.999934428379
1.00816702891
1.01600743914
1.0223325062
1.02619482188
1.02678965038
1.02360449802
1.01683052825
1.00766771078
0.997964894429
0.989736115849
0.984168945609
0.981593620721
0.98151840719
0.983084547586
0.985319413963
0.987252082654
0.988133285985
0.98741786251
0.985192555308
0.98195427643
0.978714836334
0.976537494284
0.976176227523
0.977828506206
0.981161830485
0.985504316941
0.990021818182
0.99403002546
0.997123822381
0.999296559001
1.00078671329
1.00219222338
1.00409952742
1.00684489578
1.01017389622
1.01348474095
1.01590220684
1.01677165778
1.01573530204
1.01298912601
1.00907918918
1.00473550795
1.00099265436
0.998786618131
0.998942886507
1.00166260911
1.00613423858
1.01095095747
1.01445128894
1.01554567618
1.01434732362
1.01154124256
1.00817228051
1.00527420335
1.00367370794
1.00415254237
1.00711836076
1.01266270098
1.02030289399
1.02854461799
1.03535764926
1.03908639995
1.03921739383
1.03669021878
1.03295537061
1.02910949392
1.02580573088
1.02315169033
1.02070501142
1.0179738079
1.01429174456
1.00923434442
1.00295402794
0.996128794396
0.989936876772
0.985657779522
0.984244421147
0.985806066039
0.989638395002
0.994257064722
0.997903111413
0.999187779201
0.997484197616
0.993160140562
0.987342557548
0.98146906431
0.976903310625
0.974389849922
0.974134674068
0.9757470264
0.978625240904
0.981768217008
0.98441006613
0.986002594347
0.986466528016
0.986243858866
0.986338877399
0.987475149105
0.989799046796
0.992889283929
0.995826283136
0.997819894192
0.9982187066
0.996739300831
0.99330378805
0.988245393911
0.982149980056
0.976301911668
0.972189101221
0.971013587381
0.973036022662
0.97732264767
0.982454588346
0.987496666765
0.992036643415
0.996186440678
1.000183139
1.00438704135
1.00903892271
1.01390640864
1.01863660167
1.02243579839
1.02463038887
1.0248736034
1.02330885799
1.02054070851
1.01760250238
1.01557566828
1.01523798317
1.01672685252
1.01956851847
1.02288230723
1.0255862916
1.02682839388
1.02605912831
1.02317329055
1.01847047195
1.01265281174
1.00675391727
1.0015924506
0.997602549484
0.994645483966
0.992218249557
0.989745019673
0.986680327869
0.982716049383
0.977887799819
0.973119177213
0.96979482663
0.969581392441
0.97293434569
0.978711790393
0.985083549204
0.990620114643
0.994528330094
0.996591578099
0.99674558101
0.995236552171
0.992570819471
0.989609323185
0.987254931854
0.986177831482
0.986456765829
0.98768873403
0.989483974169
0.991575938203
0.993904904064
0.996702364875
1.00009334453
1.00407055631
1.00804459001
1.0112396423
1.01317533535
1.01380514123
1.01334632773
1.01195768387
1.00977600329
1.00679008587
1.00320532769
0.999594876749
0.996753743913
0.995339945035
0.995591217706
0.997259305101
1.00006020107
1.00385776063
1.00884898592
1.01504513541
1.02212328767
1.02835831156
1.03022686907
1.02463289047
1.01185534685
0.995646854639
0.979677509035
0.965890783845
0.955059976347
0.947560694972
0.943842074249
0.944449468005
0.949683602629
0.95894638404
0.97073771268
0.983229853421
0.995054498129
1.00619225802
1.01686091425
1.02737737569
1.03710265067
1.0444256537
1.04754467075
1.04581183247
1.04016357529
1.03225432185
1.02349770004
1.01477714628
1.00671573137
1.00006272935
0.995706926159
0.994565390116
0.99684177611
1.00149417576
1.00683867885
1.01144368814
1.01500649174
1.01787664181
1.02070919215
1.02417268147
1.02841089791
1.03287434215
1.03592427936
1.03585463398
1.03229995671
1.02670385331
1.02102715615
1.01674008811
1.01457399103
1.01514503013
1.01870742536
1.02511849981
1.03318653119
1.0403012416
1.0439825373
1.04403164775
1.04239515833
1.04131141508
1.04215102542
1.04564574433
1.05186922334
1.06018535213
1.06895140284
1.07540786407
1.0769544578
1.07325058464
1.06654601142
1.05977410356
1.05483620136
1.05261541611
1.05315892012
1.05592514853
1.05983648072
1.06278758016
1.06221198157
1.05683975054
1.04792147806
1.03837554746
1.03023325359
1.02448735219
1.02124018215
1.02017554938
1.02101019371
1.02317205762
1.02569660525
1.02732279268
1.0267577569
1.02329263573
1.01713417162
1.00887654154
0.999200133311
0.988404651316
0.976854579978
0.964886445448
0.953290101715
0.943156070905
0.935961760119
0.933460076046
0.93706072533
0.947431767496
0.963108706345
0.98019971861
0.994094618804
1.00176712505
1.00309323906
0.999746610921
0.993705998767
0.986717011665
0.980231164987
0.975295499596
0.972895432239
0.973518237082
0.976560462083
0.98048343778
0.983739559085
0.985638174658
0.986492659054
0.986893410662
0.987520798669
0.988962621885
0.991870751785
0.996311461541
1.00140974362
1.00544481647
1.00707349239
1.00589408246
1.00235974279
0.997054178814
0.990611519919
0.983929997338
0.978713815219
0.977376526819
0.981922012402
0.990981896494
1.00012826268
1.00573190866
1.00708003244
1.00492122839
1.0004300933
0.9946954141
0.988997897687
0.985140321842
0.984819143786
0.988767041099
0.995519426487
1.00274015258
1.00835654596
1.01136399211
1.01150231002
1.00914447629
1.00578718506
1.00358355925
1.00395543344
1.00658949243
1.01025733309
1.01379031254
1.01661730833
1.01875613518
1.02087985708
1.02444703143
1.03097293286
1.04016411955
1.0487675496
1.05341945033
1.05330193373
1.04911723998
1.04175977654
1.0319603301
1.02071710184
1.01013209246
1.00347094011
1.00351362862
1.00993780422
1.01931218654
1.02812550282
1.03473038256
1.03894832765
1.04132289683
1.0429393537
1.04457549879
1.04680668332
1.04905149051
1.04933069839
1.04609239688
1.0396557543
1.03175441492
1.02430371353
1.01857953195
1.01571951048
1.0163245928
1.02080417597
1.02875237984
1.03855980504
1.04702681695
1.05099977533
1.04972727917
1.04541347344
1.04124208428
1.03907238674
1.03907643312
1.0405172133
1.0420080591
1.0419118156
1.03898628588
1.03330374578
1.02690017513
1.02274204029
1.02254681899
1.02566919696
1.03016631877
1.0340493128
1.03579458263
1.03475117128
1.03111026904
1.02596302003
1.02092942134
1.01697148171
1.0140098301
1.01109128985
1.00706644804
1.00114366842
0.99334634846
0.984524716353
0.976382995757
0.971039721475
0.969806062014
0.972445680776
0.977152004657
0.981944493423
0.985461919164
0.98733749789
0.98791429528
0.98764564082
0.986552072801
0.984278227727
0.980042521089
0.97326698696
0.964482547459
0.955695355374
0.949425287356
0.947868374129
0.952175464781
0.961944122996
0.975320490848
0.988369588628
0.995125426525
0.989801023746
0.971393464655
0.947531324582
0.929758713137
0.925431197714
0.934806778747
0.953061566851
0.973494709084
0.989568013134
0.996788341334
0.993893341661
0.982853175981
0.96748362048
0.952313241312
0.941528817691
0.938510078878
0.944675160132
0.957661783729
0.971131481735
0.97855511798
0.978090967329
0.972395425349
0.965257690274
0.959519489458
0.956851663703
0.957552816332
0.960909690178
0.965219139526
0.968518140358
0.96975366386
0.969007898558
0.9673715573
0.96614146832
0.96649230536
0.96891624867
0.972970952185
0.977238074494
0.980214810627
0.981328671329
0.980862257689
0.979406770476
0.977680719547
0.9764269385
0.976505084997
0.978285878631
0.9812417803
0.984350123641
0.986717526054
0.988173961723
0.988996622726
0.989571568406
0.990591501504
0.992577989099
0.995531657074
0.998349047951
0.999713086827
0.998890161822
0.995958198303
0.991146475401
0.984973617802
0.978257505416
0.972064886526
0.967392954753
0.964608744605
0.962758724883
0.960683959521
0.957401448109
0.95287696346
0.947786025083
0.943528300266
0.941614853931
0.942852340533
0.946418122545
0.950288822364
0.952101200686
0.950193066944
0.94432945235
0.936167539267
0.92851421706
0.923839532739
0.922873645664
0.924557175102
0.927268401015
0.92918561389
0.929217827251
0.927449324324
0.925933368163
0.927440584331
0.932938380464
0.94092445694
0.94908692226
0.955450202664
0.95841500442
0.956780444659
0.950210522013
0.94038694075
0.930398781393
0.923385402742
0.920191232602
0.920024174053
0.921128209525
0.922152702213
0.922642390289
0.923066227928
0.924602641594
0.927756653992
0.932020167493
0.936062497272
0.938308729725
0.936883253087
0.929906084915
0.917532750036
0.903109116718
0.892170155072
0.887446918284
0.887480680062
0.889514646642
0.891443115708
0.892546143911
0.893902336173
0.897761318242
0.906094753423
0.918628454452
0.933108399702
0.947309327131
0.959594701217
0.968711316003
0.974131685489
0.976739432589
0.979178627473
0.983631006511
0.990554429647
0.999358321066
1.00941520231
1.02060991218
1.03238885709
1.04322230049
1.04998474525
1.04973539788
1.0436890962
1.03526704721
1.02612972641
1.01592642441
1.00352913861
0.988526164186
0.972282182104
0.959418862349
0.955930226908
0.963758134233
0.978682801955
0.993692449355
1.00344859297
1.00545765691
0.99971914057
0.988163986064
0.973978790259
0.961434612054
0.955298364833
0.960629055317
0.980262426332
1.00816019756
1.02910091924
1.03315038419
1.02477314703
1.01269890433
1.00263116557
0.997204522097
0.997562355809
1.00385109114
1.01424312686
1.02450910811
1.02956410139
1.028201086
1.02293733571
1.01740016127
1.01436123348
1.01541416792
1.02103842886
1.02984996874
1.03786063952
1.04193208607
1.04242076032
1.04156353617
1.04099754393
1.04101148519
1.04062288422
1.03835304329
1.03362533326
1.02842485473
1.02529019511
1.02571374551
1.02942420682
1.03558858037
1.04304304304
1.0491171565
1.04887609481
1.03900860753
1.02555783242
1.01757515345
1.01647106231
1.01956787607
1.02398760551
1.02699032422
1.02576015997
1.01934202069
1.01128256181
1.00700200793
1.00861729368
1.01502198943
1.02445441882
1.03458449435
1.04095853161
1.03815483442
1.02624804402
1.01291479821
1.00436372704
1.00148975791
1.0033016204
1.00909850525
1.01867654947
1.03019512195
1.03968764355
1.04373153229
1.04265632574
1.03831037193
1.03153651947
1.02193338749
1.00991095236
0.998488284203
0.993679371768
0.998205231749
1.00908014212
1.0217500342
1.03342041702
1.04192872117
1.04450457712
1.03783943329
1.02136873896
1.00269072491
0.991103379722
0.989101766609
0.993823283082
1.00195345203
1.01086702501
1.01786969768
1.02033652775
1.01821371446
1.0143831554
1.01151398849
1.01017130621
1.00910684993
1.00667246881
1.00182752713
0.995002987345
0.988735726777
0.986053068828
0.988626421697
0.996033447684
1.00595467828
1.01468646865
1.01902985075
1.01724226145
1.00970436697
0.998275162338
0.985294898338
0.974420552918
0.97038854339
0.976422629868
0.989116743085
1.00086485502
1.00750976269
1.00898526934
1.00696182372
1.00353408211
1.00075818844
1.00025486798
1.00258899676
1.0065113587
1.0105167551
1.01412595644
1.01792940935
1.02261200338
1.02755719169
1.03015278762
1.02809043276
1.02116070568
1.0108619129
0.999403729402
0.990070505288
0.987967581047
0.999176276771
1.02396714478
1.05266817313
1.07463189839
1.08698150063
1.09210125038
1.09283992443
1.09003259098
1.08276605783
1.06981753675
1.05243576328
1.03428226647
1.01821751936
1.00573355818
0.998422897196
0.998317004268
1.00669547751
1.02250882102
1.04103619417
1.05657982228
1.06585735964
1.06946560234
1.0702308627
1.07129117576
1.0737417553
1.07651730678
1.07656362329
1.07221781332
1.06362001612
1.05293240557
1.0438526843
1.03970970026
1.04211180826
1.0494062534
1.05759974329
1.06362074519
1.06677997697
1.06825513611
1.06963477033
1.07193583935
1.07425867508
1.07438747158
1.07032621195
1.06362666367
1.05770337431
1.05500304445
1.05565641371
1.05928831915
1.06463604749
1.07000903342
1.07248995984
1.06979953993
1.0629020287
1.0553124453
1.04963520423
1.04630232696
1.04489973845
1.04507371566
1.04653465347
1.04888743455
1.05119101414
1.05253246753
1.05205461026
1.04920578892
1.04485641585
1.04140786749
1.04087102178
1.04301613105
1.04580849252
1.04774769115
1.04801839578
1.04655929722
1.04434250765
1.04305152799
1.04367459729
1.04481758879
1.04425595753
1.04118773946
1.03557979483
1.02852926709
1.02223200528
1.01927553099
1.02029469002
1.02202820685
1.02023239918
1.01333819242
1.00196602705
0.988890731222
0.97917013831
0.977608384945
0.983185840708
0.988827993255
0.989530277306
0.984663258502
0.976984499765
0.970297029703
0.968454790823
0.974059662776
0.986379417787
1.00128783001
1.01287593985
1.01847187238
1.02106300977
1.0251396648
1.03293509848
1.04330896376
1.05359455959
1.06054262268
1.06179487179
1.05761282159
1.05174362286
1.04783476658
1.0471098482
1.0479353816
1.04754098361
1.04290774432
1.03273929522
1.01895587321
1.00600161019
0.996373526745
0.989536004406
0.983112605984
0.975238642073
0.9662352686
0.958090223424
0.953236661347
0.95226320489
0.954003646052
0.956212931098
0.957041663493
0.956571779329
0.956647398844
0.960011185682
0.967434100767
0.97810122395
0.99047230162
1.00234225282
1.01103236648
1.01463057791
1.01317768388
1.00924240302
1.00606736871
1.00645710636
1.01144761629
1.01917372115
1.02539771142
1.02615972588
1.02083071114
1.0112800698
1.0000640615
0.989863730953
0.983519180868
0.983158197783
0.988342625443
0.995534106461
0.999498818644
0.997004920488
0.988615471645
0.978649660336
0.972482633034
0.973001588142
0.979432907348
0.988777196365
0.997256119575
1.00142290122
1.00007519362
0.99554647003
0.991933786912
0.991679845974
0.99497382199
1.0002907822
1.00522450216
1.00778360049
1.00763184004
1.00614692654
1.00555430459
1.00699083424
1.01070399341
1.01517648079
1.01746155851
1.01496259352
1.00974049058
1.00611541214
1.00570872527
1.0077664517
1.01093726265
1.01279003034
1.01089825458
1.00423011844
0.995417723591
0.988795295613
0.986597938144
0.98859377546
0.99243518912
0.995112848765
0.994161801501
0.988988698928
0.981595153759
0.976730893143
0.979932830433
0.992577495209
1.00794638583
1.01788158015
1.02036402955
1.01925025329
1.01947865941
1.02490684448
1.03594642505
1.04804599942
1.05603657943
1.05807803612
1.05538646249
1.05101060885
1.0479175726
1.04872655082
1.05265579724
1.05328955824
1.04521722315
1.03001412076
1.01221374046
0.995586206897
0.982877017747
0.975123066104
0.971905101677
0.971184234988
0.970887191539
0.970120052446
0.968124388525
0.963945621514
0.95633932639
0.945436234496
0.934879666638
0.931028635622
0.93757123885
0.951954824575
0.967915261015
0.979125999622
0.980734570072
0.970805272549
0.954358926531
0.945222120679
0.953733290865
0.97494140625
0.997519503901
1.01392244602
1.02026986792
1.01506297551
1.00148925149
0.990362562826
0.99288260204
1.00905434783
1.0317266413
1.05542877495
1.07737636553
1.09409741929
1.09837247113
1.09073391294
1.0851090464
1.08544680145
1.08828630897
1.09125241794
1.09351895677
1.09524552102
1.09704579297
1.09942565166
1.10067576622
1.09816751554
1.09211694788
1.08429947609
1.07587387387
