1.39338521915
1.4013589564
1.41169491088
1.41944888797
1.41995860704
1.41273183975
1.40226082847
1.39494770322
1.39416690027
1.39929093729
1.40633588168
1.41099828034
1.41126837235
1.41017478527
1.41105867273
1.4150975752
1.42082972813
1.4261197872
1.42973537445
1.43283786248
1.4376235844
1.44519819101
1.45353131166
1.45879290567
1.45713376984
1.4492707233
1.44208133777
1.44169713296
1.44784022294
1.45617749954
1.46268099019
1.4639561707
1.45911019039
1.45133531157
1.44857663184
1.45481872837
1.46537420313
1.47335907336
1.47590309509
1.47314085739
1.46869757174
1.46721024022
1.47106659819
1.47800829876
1.48323232323
1.48398887565
1.48173228346
1.48006878224
1.48215806177
1.48828842621
1.4950667881
1.49829790453
1.49553774013
1.48911159671
1.48476289579
1.48712928722
1.49623053618
1.50657396572
1.51326711117
1.51417114117
1.51087623594
1.50653772814
1.50521709862
1.5077754349
1.51203191352
1.51447534766
1.51449366294
1.51386449184
1.51584164628
1.52256857855
1.53271142752
1.54221928824
1.54681076001
1.5462925387
1.5435725438
1.54199315108
1.54289708195
1.54492585054
1.54500922084
1.54095756751
1.5343741288
1.52960924601
1.52997759195
1.53595554587
1.54434914776
1.55029362642
1.55003990423
1.54454822122
1.53883343731
1.53744287495
1.54200428669
1.55065799905
1.55897572686
1.56145400277
1.55563704946
1.54540370144
1.53722512573
1.5338770389
1.53352769679
1.53212717205
1.52710325048
1.51856447456
1.5098327252
1.50499413834
1.50566756481
1.51019653179
1.51461474424
1.51549256635
1.51174294961
1.50627096063
1.50266599827
1.50274363974
1.50522252498
1.50741147406
1.50699349121
1.50403225806
1.50066848001
1.49993170332
1.50249673849
1.5061794734
1.50810153929
1.50685368186
1.50262527634
1.4977818854
1.4950712943
1.49548410405
1.49723879932
1.49776360657
1.49542100116
1.4900887972
1.48325812274
1.47693207904
1.47257928212
1.47001883404
1.46764897075
1.4644912797
1.46052058849
1.45677119832
1.45355860982
1.45043327556
1.44574155341
1.43853180256
1.42941200845
1.42040816327
1.41380018904
1.41060278333
1.40975943909
1.40846132476
1.4043479967
1.39735410388
1.38971311637
1.38462758785
1.38462761939
1.38962524655
1.39579861246
1.39729411318
1.39156875258
1.38069182626
1.36864885209
1.35904977376
1.35428057823
1.354455081
1.35702961735
1.35824019869
1.35653529912
1.35350170159
1.35166787527
1.35284493728
1.35704288534
1.36155670247
1.36243805414
1.35816807998
1.35134243684
1.34528383842
1.34200730915
1.34185075842
1.34384434753
1.346372735
1.34788124841
1.34857568886
1.34982003227
1.35282467226
1.35716790462
1.36089431934
1.36099532651
1.35600480754
1.34782871476
1.3405014669
1.33663947596
1.33642152181
1.33803829315
1.33900380606
1.33758234519
1.33413134908
1.33099891768
1.33044916656
1.33260068524
1.33573085847
1.33791601443
1.33743183634
1.33374198746
1.3284928263
1.32509185811
1.32586177619
1.32959360065
1.33324252537
1.33423448087
1.33187279636
1.32819428338
1.32574287757
1.32582156414
1.3274250502
1.32841393399
1.32690584567
1.32205722564
1.31478944332
1.30845964047
1.30657009122
1.30886431221
1.31184048467
1.31235046335
1.30955983494
1.30458098209
1.29973484179
1.29804691609
1.30074261661
1.30551217729
1.30800286514
1.30595102967
1.30034062623
1.29361064892
1.28823053044
1.28609253539
1.2874281852
1.2903569881
1.29165984479
1.28955696203
1.28531046224
1.28162805663
1.28057437883
1.28237456468
1.285522015
1.28734903477
1.28629575128
1.28256693109
1.27802731971
1.27429025942
1.27186294463
1.26988704638
1.2666784849
1.26149666156
1.25568005419
1.25242181013
1.25407344524
1.26036683706
1.26870300236
1.27522656941
1.27681381423
1.27285754425
1.2658683994
1.26034977064
1.26040400532
1.26705488426
1.2777032935
1.2873653338
1.29204614451
1.29120083415
1.288046031
1.28618737958
1.28807288104
1.29366405346
1.30088086833
1.30634061602
1.30714901519
1.30351138127
1.29943112173
1.29883205799
1.30218873564
1.30703841152
1.3101678953
1.30902098598
1.30285963324
1.29363751923
1.28541254125
1.28175092478
1.28291415373
1.28583781706
1.28656610585
1.28272115041
1.27436208195
1.26412929452
1.25544134443
1.25057583131
1.2492066576
1.24899101679
1.2474321833
1.24325857696
1.23704353104
1.2305301213
1.22570154558
1.22330514074
1.22235232891
1.22099945297
1.21805065726
1.21412520064
1.21111146814
1.21091525641
1.21436928818
1.22036218806
1.22642839627
1.23058909401
1.23252696362
1.23387840413
1.23703313066
1.24375680299
1.25381602886
1.26437477303
1.27146830798
1.27331508126
1.27142691011
1.26929527733
1.2706609092
1.27793364235
1.29114079533
1.30686426981
1.31940906775
1.32524329106
1.32536997264
1.32360576493
1.32349346046
1.32681048248
1.33345015452
1.34133752244
1.34729488325
1.34909056461
1.34686891527
1.34271188582
1.33856904731
1.33529238907
1.33246029904
1.32900360625
1.32409658618
1.3181773155
1.3126085674
1.30863186849
1.30639110117
1.30484575665
1.30271703115
1.2990512584
1.29431732872
1.29001136917
1.28758041867
1.28742376028
1.28882281389
1.29060857015
1.29137375766
1.29012536493
1.28701845907
1.28396454472
1.28310273587
1.28485994051
1.28796758105
1.29062578854
1.29125226399
1.28898720177
1.28473832267
1.2806833822
1.27899203627
1.27981664518
1.28156703158
1.2822305692
1.28018747089
1.2747792238
1.26714359004
1.26033126066
1.2574913816
1.25870543261
1.26138856964
1.26278697277
1.26121495327
1.25630525037
1.2488464735
1.241197033
1.23659660868
1.23620730209
1.23723897912
1.23591452263
1.23092420688
1.22352415732
1.21633261105
1.21261675767
1.21500616385
1.22393487565
1.23573132176
1.24471423852
1.24697650073
1.24241580852
1.2334917671
1.22358460697
1.21569370735
1.21153395098
1.21082471214
1.21129695005
1.21005206247
1.20608779601
1.20057875624
1.19546580844
1.19200938725
1.19028351699
1.1890930986
1.18717509283
1.18391359955
1.18021231423
1.17792347256
1.17880158282
1.18325510377
1.18991810223
1.19578059072
1.19783599407
1.19488533704
1.18829008649
1.1807857837
1.17483199955
1.17165244158
1.17072556969
1.1702570074
1.16832384429
1.16423784704
1.15946662508
1.15649540625
1.15704304942
1.16101628868
1.16703627435
1.17293253245
1.17649928186
1.17607811229
1.1716873928
1.1654306753
1.16025477055
1.15765221333
1.15665069129
1.1551671886
1.15119993866
1.14367801217
1.13265865046
1.12001558644
1.10968168412
1.10626162734
1.11100680591
1.11963630563
1.12666922747
1.129327252
1.12771347557
1.12313494793
1.11727474008
1.11162049995
1.10740352049
1.10482703889
1.10313121841
1.10127416021
1.09887991186
1.09615565373
1.09336265011
1.09045710893
1.08689016763
1.08181637322
1.07486877916
1.06712897443
1.06028688241
1.05541613906
1.05245007806
1.05063561839
1.04898394685
1.04651392212
1.04254788508
1.03711407378
1.03113649458
1.02587735731
1.0222305296
1.01993272705
1.01770529413
1.01398339939
1.0078681526
1.0000492126
0.99277161215
0.98802467351
0.986461273501
0.987169721495
0.988401878469
0.988086796199
0.984699762258
0.977980062714
0.969761014469
0.963318193346
0.961395455589
0.964403669725
0.970439499816
0.976454038098
0.979581926652
0.977948492491
0.97164365215
0.962930598353
0.955124095613
0.950866458138
0.950671929544
0.953143196401
0.955967078189
0.957097445514
0.955702124746
0.952616642071
0.950132948758
0.950374427182
0.953777501499
0.958724409797
0.962562139809
0.962896364195
0.958569397353
0.950696536967
0.942294266515
0.937094837935
0.937426235958
0.942888402626
0.950666462387
0.957078164993
0.959126098937
0.955740396191
0.948298572997
0.940155846449
0.935022467411
0.935095830154
0.939698492462
0.945803597893
0.949842900718
0.949281039727
0.94384284326
0.935495855295
0.927505529042
0.922928125291
0.922874508069
0.925885495297
0.928872326636
0.928863242931
0.92464015501
0.916878553927
0.907917943006
0.900554287577
0.897049913781
0.897949717042
0.901635958975
0.90515137822
0.90578953217
0.902809765085
0.897144350781
0.890800217746
0.885615554535
0.882895373916
0.882801787057
0.884385514432
0.885783557417
0.885287874478
0.882483563374
0.878317716278
0.874069683198
0.870679128832
0.868288195301
0.866466633578
0.864363015852
0.861267341582
0.857599896936
0.854562219707
0.853227177541
0.853742914305
0.855340319678
0.856880654704
0.857164858859
0.855055979303
0.849982082064
0.842448870828
0.834459826571
0.828762640657
0.827282253591
0.82973398458
0.833877591906
0.836843369635
0.836579305923
0.832706089602
0.826797581273
0.821540911806
0.819227083999
0.820620471106
0.824782187803
0.829801198315
0.833460740417
0.833971011883
0.830525660821
0.823859124667
0.816130693255
0.810114503817
0.807411514647
0.807756079587
0.809309205205
0.809956123973
0.808060512942
0.803084279737
0.795680304014
0.787413863478
0.780260840592
0.775702032664
0.774138891468
0.774949950526
0.77687598872
0.778756191524
0.779833784839
0.779933049021
0.779165147649
0.777920410783
0.776536065101
0.775410050602
0.774780588539
0.77486285141
0.77566539924
0.777109861461
0.778986219398
0.780961879433
0.782463156003
0.782910140711
0.78170129721
0.778417765441
0.773411371237
0.767845524677
0.763176208592
0.760355646114
0.759221998659
0.758858199468
0.758162534372
0.756226031511
0.752647975078
0.747787915699
0.742917653489
0.739971282419
0.740539230803
0.744874320726
0.751529542635
0.758321088609
0.763197232425
0.764878132805
0.763068021144
0.758663800667
0.753724937826
0.750604315914
0.750662490966
0.753582915782
0.757863018519
0.761731887124
0.763830270025
0.763648160163
0.761508348269
0.758488681758
0.75609640608
0.755282429218
0.755778825468
0.756249435971
0.755397784718
0.75256308702
0.747843290621
0.741929425023
0.735997512795
0.731437140231
0.729361908221
0.730216691491
0.733236911988
0.736912343135
0.739715520848
0.740763117535
0.740053732041
0.738232943057
0.736258040195
0.734915762589
0.734423802142
0.734274974371
0.733648648649
0.732029669589
0.729371739623
0.726151714583
0.722978874071
0.72046637117
0.718971328091
0.718446601942
0.71806542693
0.71661159795
0.712992070567
0.707141539029
0.69997940362
0.692894972144
0.68710848108
0.683485488804
0.682406666353
0.683624763705
0.686251385711
0.688906582984
0.69031884058
0.690004140025
0.688304241118
0.685979329236
0.683709924372
0.681739415511
0.679912116988
0.677744736529
0.674715196676
0.670486011649
0.665203464231
0.659616872611
0.654817068954
0.651712297822
0.650584569143
0.6508248827
0.651286939943
0.650951647162
0.649324991768
0.646575735234
0.643291180818
0.640126729065
0.637626421587
0.635913840904
0.634746922025
0.633608388824
0.631774480445
0.628963310093
0.625329571211
0.621854814262
0.619590190838
0.619204363773
0.620715613164
0.623273837482
0.62556158742
0.626236759399
0.624516815962
0.620568192283
0.61539166915
0.61045103505
0.606972084339
0.605624546773
0.606223683322
0.607904502168
0.609320509118
0.609233835252
0.606890733916
0.602587095906
0.597282385664
0.592258785719
0.588539063801
0.586830697697
0.587136017198
0.588758907508
0.590244484198
0.590229565861
0.588182410716
0.584759458921
0.581113532263
0.578065481589
0.576023664229
0.575075434647
0.575130678053
0.576032954687
0.577510342234
0.579343719908
0.581443495229
0.583898708902
0.586862878009
0.590108679213
0.593207002819
0.595565817791
0.596520413114
0.595478641215
0.592185414391
0.586982566811
0.581411701947
0.577555481633
0.57680148768
0.578872528783
0.582260208056
0.585280103622
0.586590604972
0.585348997927
0.581217968769
0.574535056947
0.566700550814
0.55982484697
0.55583526554
0.555030370434
0.555892192135
0.556412850999
0.555064851538
0.551384398848
0.54586979626
0.539784447792
0.534956702296
0.532898029216
0.534302937518
0.538586865371
0.543983651881
0.548409757043
0.550085763293
0.548101988629
0.542743838161
0.535483708262
0.528862094951
0.525706207683
0.527672940661
0.534568048751
0.54426917545
0.553904305771
0.561079880958
0.564384678077
0.563624804382
0.559740421815
0.554328509774
0.549294328971
0.546243816983
0.545966808182
0.547957849396
0.55071351849
0.552593844421
0.552503414332
0.550458476607
0.547152884057
0.543658738421
0.540979637948
0.539647458358
0.539609674908
0.540271132376
0.540644553237
0.539648708335
0.536936392915
0.532934131737
0.528720402405
0.525355368649
0.523392176879
0.522778667073
0.522914494265
0.523124798798
0.522644427262
0.521012213438
0.51815057614
0.514733743333
0.511778237195
0.510318353681
0.510706851815
0.512446787517
0.514457494407
0.515545411529
0.51470139101
0.511421846878
0.505935167589
0.499236433052
0.492984248159
0.488881250165
0.487720304516
0.489206398509
0.492214263469
0.495319730753
0.497527413459
0.498246098605
0.497429050311
0.495607656059
0.493686198147
0.492702670763
0.493444298438
0.49577046182
0.498844107735
0.501414196356
0.502484372496
0.501757724738
0.499565755191
0.496645531322
0.493836915297
0.491948873369
0.491323695921
0.491829550231
0.492652644262
0.492538483653
0.490428870293
0.486044982244
0.480052234629
0.473734297678
0.468433815536
0.465049071504
0.463717125517
0.464015321543
0.464728399563
0.46424959392
0.461066077131
0.454395402861
0.444932719117
0.434574947432
0.425500791116
0.419116551991
0.415891195419
0.415341300506
0.41661139584
0.418391223752
0.419458565566
0.418597495308
0.415344891184
0.410336201111
0.405113670627
0.401401311866
0.40013627207
0.401191393515
0.403700940158
0.40675148841
0.40933103999
0.41087282731
0.411192678044
0.41075794621
0.41073855913
0.412472506146
0.41682218933
0.423517003324
0.431283388451
0.438625464477
0.444150546544
0.447135149024
0.447383796417
0.445542279412
0.442813597508
0.440603456889
0.440065244166
0.441397333686
0.444015444015
0.446502920957
0.447322366118
0.445400854486
0.440431753142
0.433124169268
0.424933719711
0.4177613321
0.413089830351
0.411655300682
0.413157076205
0.416471616266
0.420041309382
0.422133074247
0.421463017474
0.417532366246
0.41109733416
0.403913605317
0.398123529232
0.39519391635
0.395490683984
0.398367817487
0.402387896464
0.406011145285
0.407788323618
0.406743426076
0.402835365854
0.397103473403
0.39135556361
0.387542107796
0.38686723113
0.389262955393
0.393822393822
0.399163357483
0.403760017063
0.406435431578
0.406606864036
0.404493010195
0.401273113065
0.398774664384
0.398630748623
0.401544744318
0.407053745639
0.413909841421
0.420547575494
0.425570082092
0.428050664195
0.427693079867
0.424930167598
0.420970266041
0.417510460919
0.415781100859
0.416006841072
0.417085427136
0.417526752359
0.416050955414
0.412120237904
0.405902258086
0.398199445983
0.390169740711
0.383121051387
0.37814010484
0.375763990849
0.375818553888
0.377457805549
0.379219551715
0.379789304167
0.378267401102
0.374708663515
0.370075593593
0.365783583336
0.363086436349
0.362780299438
0.364783099169
0.368473756906
0.372783749825
0.376344844615
0.377839492986
0.376451196789
0.372167355001
0.36625529167
0.360908179344
0.357961669353
0.358324042438
0.361688099982
0.36710295408
0.373416552794
0.379552238806
0.384496533012
0.387545620438
0.388338370892
0.387314491698
0.385773802698
0.3855709146
0.388477919749
0.395148525785
0.404718627308
0.41532854617
0.42496756523
0.432070624842
0.435755411413
0.436120597848
0.4342076099
0.431693584235
0.430353045666
0.431379780917
0.435137220324
0.440978077572
0.447549109602
0.453232360547
0.456379844094
0.45559074116
0.450355553865
0.441292145557
0.430315982293
0.419961977186
0.412384417159
0.408555298753
0.40809257356
0.410073048827
0.413326047074
0.416805986784
0.419762137504
0.421672162625
0.422547133513
0.422753262625
0.42314954348
0.424697044225
0.42802296376
0.433019628933
0.439044252539
0.445154648404
0.45055735347
0.454936984314
0.458271366933
0.461176580185
0.464399489531
0.468725776353
0.47459727983
0.481987908102
0.49017335458
0.498028467013
0.50399693648
0.50682317015
0.505767397521
0.501001812804
0.493710842221
0.485662135549
0.478457151143
0.473074487261
0.469681635059
0.468037049879
0.467676112552
0.468053603694
0.468779626828
0.469595790965
0.470317878113
0.47111223203
0.472453622681
0.475227048371
0.480026287606
0.486765344005
0.494561555491
0.502473086994
0.509504579927
0.515297906602
0.519615940533
0.522737880556
0.525108861311
0.527448145471
0.530608793687
0.535252205383
0.541560554216
0.549046306505
0.556513771358
0.562315478701
0.565176812195
0.564177722925
0.559392691714
0.551591629018
0.542338922282
0.533593245859
0.527013801067
0.52382559775
0.524465271389
0.528677763451
0.53584231525
0.545159539176
0.55583053947
0.56690647482
0.57750263109
0.586674953387
0.593693301852
0.598312210201
0.600894498223
0.602156922145
0.602840704782
0.603373522599
0.603944027868
0.604477172312
0.604791125797
0.60469667319
0.603917821309
0.602382098171
0.600344639942
0.598171027132
0.59655401729
0.596072762318
0.596813872555
0.598432264241
0.600239091452
0.601651310279
0.602328652023
0.602062601773
0.600897513645
0.599238825965
0.597867673937
0.597780742178
0.600006007088
0.605049005049
0.61284814226
0.622775591707
0.633963378618
0.64554609759
0.656748466258
0.666940633496
0.675521821632
0.682391215941
0.687701245975
0.692057450628
0.696357930078
0.701645123384
0.708445648989
0.716819172113
0.726247755835
0.736038084411
0.745295651561
0.753419852683
0.759843071318
0.764466577821
0.767306205636
0.768640967923
0.768971568972
0.768924858718
0.769161717995
0.770095367847
0.771915693382
0.774159385756
0.775925199425
0.775916704391
0.773407521105
0.768060116191
0.761335326358
0.754719301482
0.749710524712
0.746901579587
0.745766841272
0.745477956956
0.745113805047
0.744071392911
0.742136386512
0.739254288789
0.735828673106
0.732243911744
0.728937032814
0.726901576534
0.726923076923
0.729771085812
0.735401017688
0.74287611688
0.750849720806
0.7576
0.76194962628
0.762986803991
0.760287997886
0.754399025447
0.746409831538
0.738038612199
0.73160963957
0.729147731245
0.732032004414
0.740550409088
0.753518799974
0.768703966921
0.783432627709
0.795091181614
0.801779535344
0.802610614046
0.798041838969
0.789460991197
0.779243256147
0.76962547921
0.762578616352
0.759461635799
0.760885650862
0.766387884268
0.77482249521
0.784476432402
0.793379513968
0.799530462666
0.802046597676
0.800933761307
0.797104860539
0.791920867144
0.786908658137
0.783062783481
0.781207009989
0.781776738048
0.78463301369
0.789502526944
0.795578063241
0.801471050481
0.806011279159
0.807880487964
0.806773830787
0.803310418474
0.799128686327
0.795696762518
0.794186435015
0.795188729399
0.79850844773
0.803960136376
0.810664404125
0.817992177314
0.824828487422
0.829943576958
0.832160010527
0.830914702213
0.826448968972
0.820145724147
0.813934630739
0.809702850212
0.808449210464
0.81062474901
0.815612382234
0.822385098644
0.829701460013
0.836123300287
0.840534979424
0.842196751589
0.841171008793
0.838088954863
0.834283815957
0.830889322554
0.828965826834
0.829244910619
0.831985065339
0.837364753866
0.844868599909
0.853521923621
0.862162467518
0.86938867584
0.874162490851
0.876216185816
0.875970300371
0.874393956478
0.872204291943
0.870095107922
0.868461758808
0.867415083477
0.867348117348
0.868293246994
0.87039177164
0.873385608856
0.876514151214
0.878746438746
0.879130777459
0.877233748271
0.873497888925
0.869137630201
0.865238317032
0.862226974187
0.859879997983
0.857803468208
0.855364612206
0.852355808286
0.848531525981
0.843790679511
0.838206524613
0.831563137002
0.824122783231
0.816225345974
0.808727746418
0.802797277745
0.799202057851
0.798362752622
0.799890487331
0.80305528613
0.80681117488
0.810292539542
0.812681979942
0.813442819578
0.812485506238
0.809914642154
0.806301161241
0.802475103935
0.799382110632
0.797787917865
0.798031279668
0.800150413638
0.80354816077
0.807790262172
0.812053216839
0.815820601281
0.818608746698
0.820183753828
0.820453224869
0.819633267212
0.8184110971
0.817362058881
0.817272326026
0.81858079787
0.821492182862
0.825650410525
0.830322421856
0.834714773281
0.837893724453
0.839347363443
0.838592740624
0.835689773507
0.83073234722
0.824272674131
0.817017259978
0.809710753125
0.803250408571
0.798383783043
0.795520131922
0.795009157509
0.796937659497
0.801155860574
0.807538091419
0.815564611542
0.824531956101
0.833608465608
0.841731131089
0.848252911814
0.853038074982
0.856391262259
0.858715126696
0.860507403238
0.861938824769
0.862914670924
0.863009418381
0.86161412922
0.858218598227
0.852329432546
0.844053477333
0.834061322371
0.823628620821
0.814192577733
0.806872881001
0.802347756071
0.80076959661
0.80203539823
0.805835783759
0.811586855326
0.818577038145
0.826050023596
0.833056754066
0.838576708045
0.841991341991
0.842571959146
0.840112968615
0.834946260536
0.82794239944
0.820429689189
0.813454342122
0.807967269595
0.804276315789
0.802465908596
0.802342413475
0.803708609272
0.80607487011
0.809137146426
0.812267907476
0.814857910047
0.816079639302
0.815277284038
0.812063632346
0.806567899064
0.799518283337
0.791672128282
0.78386167147
0.776748251748
0.770754799684
0.766217169046
0.763409323201
0.762696629213
0.764260980499
0.768213757396
0.774098360656
0.781145099522
0.788222454209
0.794201116261
0.798492085792
0.801125097985
0.802361884078
0.802838766911
0.803145147238
0.803634332846
0.804354309574
0.805211920248
0.805858775371
0.805759409467
0.804472898733
0.801769602929
0.797614871975
0.792229506754
0.78613582313
0.779897995076
0.774220392432
0.769991720051
0.767782789729
0.768245727882
0.771369186802
0.776810963672
0.783653424537
0.79064518984
0.796430165105
0.799829489366
0.800287549984
0.797743755036
0.792976380749
0.787152823483
0.781596260388
0.777531159297
0.775638324766
0.77644461109
0.779818406934
0.785383638524
0.79229296509
0.799472402597
0.805688355887
0.809865434501
0.811199609883
0.809298338708
0.804359426953
0.797043399265
0.788412052793
0.77959608578
0.77167027838
0.765327343815
0.761005507931
0.758653331687
0.757907642011
0.758290376263
0.759155327654
0.759925908029
0.759917838012
0.758560814085
0.755533036076
0.750630132531
0.743953497825
0.73604368932
0.727480182561
0.719156484036
0.711976487877
0.70647312969
0.703301202129
0.702530018727
0.704194018964
0.708084050781
0.713771575468
0.720684916243
0.728131942614
0.735254819622
0.741154202719
0.745042272178
0.746300211416
0.744851931751
0.741045859323
0.735789102036
0.730174309045
0.725396138875
0.722294397858
0.721511513482
0.723218842002
0.727137894696
0.732667518291
0.738928722058
0.745050351511
0.750132165244
0.753646127756
0.755311909263
0.755241289929
0.753905496625
0.751837372948
0.749584487535
0.74755654845
0.745986742273
0.744704438374
0.743403411961
0.741713334342
0.739424455144
0.736513629842
0.733111575073
0.729386368462
0.725409395492
0.721252059308
0.717055574343
0.713139418255
0.70984415072
0.70772927513
0.707108089625
0.708145248272
0.710545969105
0.713641792195
0.716768258055
0.71947974062
0.72155453218
0.72288384714
0.723434281791
0.723366367296
0.722879258182
0.722317204087
0.722055588882
0.722293146094
0.723189263864
0.724401802362
0.725532158826
0.726469255174
0.727163416375
0.727935922987
0.72895889997
0.730535279805
0.732662278016
0.735261273056
0.738015089959
0.740588372274
0.74238420889
0.742844938061
0.741589147287
0.738493643003
0.733920942227
0.7284144427
0.722814093296
0.717939032222
0.714301772266
0.712264150943
0.71177834198
0.71239115386
0.713543733093
0.714260211368
0.713856486391
0.711570768585
0.707264661029
0.70122600364
0.694189810871
0.68703377187
0.680612486873
0.675554346347
0.672257666186
0.670832465459
0.67138231982
0.673702977358
0.677597203704
0.682566147155
0.68786441169
0.692677674085
0.696376862773
0.698795597702
0.700227821415
0.70106845529
0.701708678735
0.702242553484
0.70262637673
0.702673173574
0.702173259137
0.700885434791
0.698588550702
0.695206703467
0.690954278275
0.68652207591
0.682873345936
0.680826678497
0.680692167577
0.682376826306
0.685592541336
0.689934765783
0.694997189432
0.700286314182
0.705464289875
0.710038928866
0.713523764371
0.715437878669
0.715529640428
0.713936056295
0.711185497217
0.707894736842
0.704632851126
0.701714948697
0.699321047527
0.697313645259
0.695649112926
0.69421746236
0.693025489725
0.692208759223
0.691962941904
0.692345957419
0.693324084167
0.694618893369
0.695790731643
0.696414848475
0.696158245307
0.694700889385
0.692023583627
0.688163320489
0.683532411757
0.678681566469
0.674365424194
0.671327097998
0.670190207931
0.671084299691
0.673832123581
0.677796016973
0.682367224955
0.686980347695
0.691284844601
0.695158280682
0.698769323631
0.702284830785
0.705793539326
0.709235543823
0.711940512968
0.713236874149
0.712510620221
0.709739197047
0.705511811024
0.70059435364
0.695631783465
0.691157281943
0.687632508834
0.685336603979
0.684580734581
0.685620499788
0.688418788096
0.69237723295
0.696292552615
0.698758207251
0.698881369008
0.696567647667
0.692540768733
0.687758562224
0.683222619656
0.679498225178
0.67709062894
0.676060854384
0.676303506169
0.677617619082
0.679595588235
0.681951685146
0.684433256722
0.687106576948
0.689985986849
0.693270679389
0.696955486617
0.700913408842
0.704817485689
0.708202548879
0.710659315415
0.712012300596
0.712238189879
0.711701526286
0.710936055327
0.710485246616
0.710661896243
0.711671049826
0.713319570015
0.715177610334
0.716658808168
0.71701979727
0.715632335681
0.712387608751
0.707710464201
0.702683813251
0.698317513621
0.695129836981
0.692995426567
0.691423331923
0.689984681596
0.688394576834
0.686395828469
0.683932472691
0.681130413898
0.678413921888
0.676562014299
0.676561324304
0.67886667395
0.683189117972
0.688626563936
0.694253935539
0.699330646322
0.70353061448
0.706752459138
0.709107876073
0.710922539706
0.712428888973
0.713621940163
0.714291131081
0.713806638467
0.711682743837
0.707425420289
0.700965852917
0.692940780367
0.684661994452
0.67777068256
0.67398747968
0.674390077688
0.679024124301
0.687268830585
0.697960917587
0.709764162942
0.721192766163
0.730867538716
0.737673473993
0.741008534904
0.741127963481
0.739124076917
0.736012637302
0.73278731441
0.730042258932
0.728042411774
0.726815415822
0.726419753086
0.726668308298
0.727403846154
0.728513902205
0.730082367519
0.732187938289
0.734982332155
0.738398256223
0.742291228325
0.74640842422
0.750368474129
0.75362261618
0.755561691385
0.755655060604
0.753917153597
0.750680905963
0.746798236406
0.742771441526
0.739062831295
0.735730758144
0.732957457714
0.730654707201
0.728804958498
0.727511467488
0.726897057353
0.726920757831
0.727412746819
0.728028064993
0.728261554953
0.727648138437
0.725787152576
0.722478202311
0.717871631411
0.712673296073
0.708255963434
0.705502859534
0.704503329443
0.704586083608
0.704821597395
0.704585569684
0.703402421811
0.700808111611
0.696537599505
0.690659910169
0.684535315985
0.680346943093
0.679783899153
0.682616090626
0.687286311257
0.692410628943
0.696956916688
0.700428244199
0.702637482156
0.703742275915
0.704176088185
0.704551160205
0.705447527493
0.706992436601
0.70878746594
0.71005825842
0.710217951723
0.708704137393
0.705435865982
0.700729116548
0.695401281552
0.690642339245
0.687370807495
0.686038744155
0.686482251141
0.688456677433
0.691484343819
0.695051353875
0.698418130656
0.700757719986
0.701727432832
0.701336644511
0.700314555333
0.699363374471
0.698970933381
0.699161855094
0.699891489692
0.700939099593
0.701993355482
0.702496008068
0.702072000997
0.700586533826
0.698624330469
0.697049839827
0.696524162206
0.697267277208
0.699367680623
0.70265195064
0.706864782217
0.711517077045
0.715680075871
0.718263749807
0.718482569555
0.716651169444
0.713541483333
0.709849346219
0.705940557775
0.701941859129
0.698030546624
0.694344214148
0.691005656548
0.688195894224
0.685654369597
0.683137969598
0.680388473682
0.677609034268
0.675158990172
0.673404584882
0.672757997328
0.673551899444
0.676104972376
0.680531225812
0.686235223402
0.692075879921
0.696850103275
0.700152476863
0.702402893209
0.704371794424
0.706540723579
0.709420903435
0.713162014586
0.717714511665
0.722554403091
0.726429931297
0.727991017591
0.726457213725
0.722170023285
0.716452224418
0.711051664937
0.707390648567
0.706444576641
0.708461201228
0.713082039911
0.71941058162
0.72608896543
0.731603408211
0.734619600965
0.734567901235
0.731976693626
0.728737276016
0.726771114423
0.726955713123
0.729002126367
0.731934376192
0.73503334641
0.737719693556
0.739837398374
0.741216641208
0.741895261845
0.741689045282
0.740372895129
0.738002761954
0.734724108135
0.730940633455
0.72700821767
0.722996515679
0.719026905107
0.715081054528
0.711280049312
0.70799031477
0.705748016257
0.704758061558
0.704708111142
0.705241754833
0.705880297684
0.70646567381
0.706866837731
0.706993487845
0.706698726061
0.705806893013
0.704008007674
0.701334596857
0.69806456434
0.694695095328
0.691708034565
0.689599877825
0.68882381258
0.6899440165
0.693068875327
0.697399735566
0.701041621645
0.702045877247
0.699956817022
0.696288729997
0.692994916268
0.691729890915
0.693554597259
0.698287323062
0.704266031771
0.708408007626
0.708181248387
0.703898537148
0.697673578499
0.691798400595
0.687880443265
0.687324525186
0.691094457999
0.699367088608
0.709579343831
0.71606557377
0.714409079694
0.705976813411
0.695726099389
0.687554087011
0.683737024221
0.685322962462
0.692847797645
0.705337763012
0.719535783366
0.729764235254
0.731622126553
0.725364181662
0.715058680079
0.704814221408
0.697234861743
0.693522526856
0.694205964083
0.699216911293
0.707828823709
0.717815915375
0.72548004315
0.727834621006
0.725067712334
0.71976952116
0.714285714286
0.709468803384
0.705379587733
0.701546190827
0.697679617293
0.693661487694
0.689795729307
0.68675911941
0.685102822669
0.684269569553
0.682919193896
0.679887640449
0.674512539933
0.666850666078
0.6574112188
0.647320061256
0.63870438384
0.6343262971
0.636295889551
0.644065190652
0.653860569715
0.661362799263
0.663883780802
0.661215040514
0.654915800376
0.647408228725
0.641323865491
0.638836655384
0.640325934728
0.64435307722
0.648152141101
0.64945403924
0.647248050059
0.641960924897
0.635060488473
0.628379006038
0.623336311903
0.620857561575
0.620471995855
0.620911079056
0.620739997263
0.61943752225
0.6176203058
0.616488665625
0.61714521793
0.619766448305
0.623789150791
0.627876980128
0.630606219922
0.630858581756
0.628796812101
0.626036987576
0.624929927124
0.627674299047
0.635011576345
0.646168997439
0.659327413717
0.672103861518
0.681786553014
0.685674106333
0.682182462026
0.672294776119
0.659905402947
0.649170305677
0.641602013001
0.636193269779
0.631221901092
0.625634873025
0.619398797595
0.613378411012
0.608834464921
0.60664583925
0.607174887892
0.610112451777
0.614601440278
0.619279819955
0.622709096968
0.624117260634
0.62406764788
0.624311732317
0.626252804787
0.630211213093
0.635521264028
0.641223374387
0.646460785813
0.650529441644
0.653239301936
0.655120725976
0.657255904051
0.660765469567
0.666536305566
0.674633596392
0.684439863187
0.694228447235
0.700947820989
0.701049792931
0.693283755519
0.680220075148
0.666025444848
0.653831041257
0.644895791849
0.639302252394
0.636577105441
0.635504900439
0.634640773391
0.633034987795
0.630876998575
0.628797781739
0.627428710502
0.626984793749
0.627473148672
0.628744380647
0.63024947561
0.631618097488
0.632347324195
0.632606438214
0.632509860909
0.632164460048
0.631464486103
0.630072771106
0.627939643844
0.624909518639
0.621570988893
0.618483620993
0.616169198163
0.614510016243
0.612933283638
0.610801460696
0.607536629588
0.602555282555
0.595576466023
0.586649550706
0.576481611619
0.565933809457
0.555831033354
0.54686553251
0.539956112279
0.535731583814
0.534428433391
0.535676725184
0.538587717544
0.542194265174
0.545907715905
0.549248673474
0.551982015049
0.554067595882
0.555632462364
0.557221469017
0.559115858181
0.561544301052
0.564488551888
0.568049907214
0.572267026981
0.577097808658
0.582171428571
0.586726106537
0.589964476021
0.591704104331
0.592376919005
0.593036661287
0.594310936734
0.596587667894
0.599220335363
0.600763682647
0.599723204675
0.595882614935
0.5903726556
0.584573002755
0.580059789165
0.578444898184
0.581647811679
0.590475646662
0.602829518763
0.613654822335
0.619542520881
0.620418848168
0.617957827712
0.613703037759
0.6088916901
0.604976823616
0.603293914875
0.604727390241
0.608643243002
0.613684489148
0.618621707437
0.622440999218
0.624163603807
0.622746316434
0.61791234193
0.611290871935
0.605427046263
0.601617552851
0.599743132949
0.599550105857
0.601024716543
0.604595718779
0.610379961792
0.617311707082
0.622041112957
0.621933122279
0.617735830978
0.611915955099
0.606784850131
0.604006798167
0.604927007299
0.61018073288
0.618412981654
0.625818521983
0.628663273507
0.626613704071
0.622320921345
0.61894649609
0.618959987381
0.623222748815
0.631324632047
0.641229281768
0.64970739281
0.65340488527
0.649638705624
0.638130841121
0.623552467486
0.614861556873
0.617022320334
0.62630697506
0.635989672224
0.641941472902
0.642388962735
0.636873382536
0.626102996161
0.612404287902
0.601184701016
0.598083736713
0.604601804062
0.616627414037
0.628929331127
0.638213569437
0.643573570468
0.646035665295
0.647834059134
0.651949707399
0.658832879201
0.666061506299
0.670856585577
0.671638505146
0.667778480649
0.659251154875
0.647625689469
0.636708941431
0.630545499172
0.629285466928
0.629863013699
0.629203206542
0.625405375694
0.616781356618
0.602326720549
0.583752210154
0.568674475956
0.56429022082
0.568204800681
0.573827743824
0.577274615704
0.577097996751
0.573159631357
0.566876396566
0.561929855378
0.56260499496
0.569611568503
0.579944006108
0.59086252817
0.601216843678
0.610673271786
0.618442527396
0.623364700482
0.624940226343
0.624837857314
0.625315998555
0.627547084184
0.631841511968
0.638293487222
0.646324248018
0.653748032351
0.657360793288
0.656715724964
0.654586486128
0.653565438143
0.654770610892
0.658235231732
0.662965676605
0.666439522998
0.665930989934
0.661935935236
0.657623676193
0.655280898876
0.655598080966
0.658440101553
0.662514373323
0.664607823604
0.659796487135
0.646836354905
0.631378479807
0.61897648686
0.610856093642
0.605945489629
0.602595628415
0.59910212558
0.594420723029
0.589193958582
0.585344189489
0.583992742301
0.585350147572
0.588692175899
0.592802694558
0.59550891182
0.594933871329
0.590834262652
0.585502437001
0.582157391258
0.583081072156
0.589004491444
0.598181610247
0.607486571173
0.613322502031
0.613923040077
0.609069289807
0.599977431731
0.58931036517
0.58134176913
0.580410022779
0.586247746588
0.594139363175
0.600103869125
0.603329132079
0.604873803307
0.606335063155
0.609431431225
0.615266933952
0.62284279887
0.629095004095
0.630805976217
0.627140565989
0.619587190127
0.611344311699
0.606544419855
0.607417845101
0.613089182774
0.620703086961
0.628287099103
0.635106923207
0.641654284299
0.64868473232
0.656728709159
0.664809834806
0.67089061566
0.67428867642
0.675424128181
0.674652581274
0.672141020436
0.667790953632
0.66264241738
0.659155398654
0.659031052857
0.661281887385
0.663811188811
0.66513038205
0.664548516236
0.662267743418
0.659724064739
0.659153633855
0.662209302326
0.668603908545
0.676174068402
0.682237600923
0.684558163396
0.68253058104
0.677122120543
0.671469015414
0.668359573388
0.668972204266
0.672058920234
0.67568282521
0.677661659046
0.6767331434
0.673256519102
0.669421006692
0.6675554547
0.668927703352
0.673283231025
0.679641424864
0.686957053713
0.694386031989
0.70046113307
0.703159149613
0.700719241296
0.694239726431
0.686667394628
0.679827785362
0.674162679426
0.669358003925
0.665361209857
0.66280938605
0.662781905015
0.665777315026
0.670289187696
0.673579644475
0.67405117637
0.671848318907
0.667940578191
0.664176245211
0.662694834471
0.665165546112
0.671837039806
0.681587679209
0.692948217538
0.703619598128
0.710247046187
0.709370788111
0.701896114301
0.692608695652
0.685764097631
0.682635841009
0.683105144224
0.686484730344
0.691093025025
0.69363500374
0.691498805053
0.68647026398
0.681884523323
0.679666243425
0.68028593914
0.683424589348
0.687842962302
0.691354572879
0.692181386249
0.691323283082
0.691503800217
0.695023868075
0.702844158897
0.714077831365
0.724983181971
0.729039248736
0.723080350512
0.711118930331
0.699759971761
0.692936308556
0.691757168529
0.69582584545
0.703485344755
0.712155688623
0.718979057592
0.722072233149
0.721769202767
0.720266232002
0.719461444308
0.719680278307
0.719606914516
0.717893351908
0.714255452691
0.709585052172
0.70644361834
0.707501433134
0.713723790005
0.722852194865
0.731905986045
0.738850574713
0.743409841099
0.746632742307
0.750980865091
0.758609323497
0.769230769231
0.779731872567
0.786604584527
0.78750549934
0.782253797899
0.773184014727
0.765036879325
0.763565891473
0.771210888379
0.786766372082
0.80596308566
0.822983407261
0.831495148851
0.828695164007
0.818154357348
0.806150978565
0.796883812747
0.791217478798
0.788327137546
0.787018718612
0.786663628769
0.787331996733
0.789500398811
0.793381875856
0.798433152731
0.803289719626
0.806117858749
0.805814631303
0.802984038862
0.799639951994
0.797272245763
0.796432461874
0.797160388128
0.799656383058
0.803918543659
0.810102753157
0.817621006011
0.82488846399
0.829367940399
0.828974645192
0.823396285313
0.815226430786
0.807607090103
0.803052756372
0.80242089941
0.80516243165
0.809598531007
0.812805695142
0.813032540777
0.810861277523
0.807818334222
0.805123442458
0.803160780519
0.801886950688
0.801171576535
0.80079120513
0.800801165331
0.800770032887
0.799917702247
0.796839005802
0.789970982952
0.7797140789
0.771632926217
0.771692535107
0.778986486486
0.789042016807
0.798681759564
0.805916418845
0.80832489024
0.804569064178
0.795594208017
0.786000691324
0.780852686896
0.781756354671
0.786978530285
0.79319210574
0.797748592871
0.799670542636
0.799889856814
0.800521917425
0.803762041826
0.810096357925
0.816843050609
0.820216537319
0.819770303527
0.818483754513
0.819792149949
0.826006402173
0.836795670151
0.848209372006
0.854272426057
0.852140156493
0.843913568649
0.833649089
0.825421910508
0.823538797653
0.832428149719
0.852449169979
0.873867161736
0.883900593658
0.88079031448
0.871070397332
0.861086193448
0.854418823529
0.851949254561
0.85220214568
0.852706692913
0.851558438858
0.848641008915
0.845148444365
0.842851090398
0.842803429421
0.844284048637
0.844674887892
0.841457354536
0.834878383547
0.828051728171
0.824245603071
0.824822972227
0.828771870099
0.832190368155
0.828487722848
0.814304559936
0.796624226665
0.785077974126
0.78268176836
0.788608489772
0.80183966182
0.820987486767
0.841018660314
0.850669710388
0.84148280028
0.819349001003
0.7957187484
0.777233834234
0.768740210338
0.780149469454
0.821988295617
0.868703970202
0.881128736748
0.870158749768
0.855008380557
0.843129668259
0.837816597006
0.84327530132
0.865798438019
0.906649903462
0.941450599657
0.939316914796
0.912414749966
0.884174247133
0.863737694569
