1.46209002788
1.46348099872
1.47430961914
1.48616479382
1.49175985124
1.48797324314
1.47811165156
1.46898220779
1.46503373672
1.46606124965
1.46882405213
1.46968177936
1.4687358599
1.46872459471
1.47170252572
1.47628390075
1.47804782664
1.47277199274
1.46055497896
1.4475187633
1.44081167551
1.44262577718
1.44882226981
1.45187165775
1.44517358171
1.4290094436
1.41374650063
1.40829913361
1.41243732958
1.42072692408
1.42780134323
1.42977681002
1.42439974043
1.41398097701
1.40543661722
1.40333808605
1.40466863858
1.404140625
1.39898477157
1.39012072911
1.38121722549
1.37680473373
1.37902292197
1.3847249288
1.38833746898
1.38701819745
1.38243626062
1.37856992492
1.37886257899
1.38332646614
1.38910452843
1.39198263583
1.38965610615
1.38385469223
1.37898637025
1.37895956734
1.38292561158
1.38738135799
1.38847884788
1.38555874611
1.3803905127
1.37633574115
1.37633965375
1.38037974684
1.38495202828
1.38659907428
1.38469957316
1.38118188291
1.37893814038
1.37969659072
1.38285500907
1.38485493331
1.38286898923
1.3768541563
1.36941094735
1.36331006979
1.36029043565
1.36045
1.36224212141
1.36330079168
1.36251547177
1.36064882096
1.35883855981
1.35722532674
1.35469380271
1.34954971263
1.34140704858
1.33228634995
1.32473405401
1.32034836329
1.31889424733
1.31881480196
1.31771583126
1.313822622
1.30702951715
1.29951570843
1.29368104313
1.28982951205
1.28681420723
1.28323833
1.27881913706
1.27412162682
1.27031369549
1.26774670865
1.26572191106
1.26287909874
1.2584236307
1.25328011236
1.2499448083
1.25060408582
1.25538046254
1.26178316066
1.26651021231
1.26694303587
1.26211923005
1.25374591611
1.2452681978
1.24023090586
1.23933250384
1.24049665016
1.24128353191
1.24022593864
1.23731532607
1.23354055876
1.22978201027
1.22637773622
1.2228567298
1.21867374767
1.21392354993
1.20950551044
1.20633239601
1.20489497717
1.20430263301
1.20307417337
1.20001415278
1.19561610956
1.19119367533
1.18830196749
1.18759800428
1.18832591336
1.18879292331
1.18763091927
1.18492917461
1.18178420981
1.17943493616
1.17817899043
1.17713941745
1.17504943968
1.1713643325
1.16691030764
1.16342857143
1.16214793367
1.16352844188
1.16619828769
1.16748910536
1.16547484632
1.16082876521
1.15607384005
1.1533322928
1.15383648589
1.15725793812
1.16165111537
1.1640122095
1.16270995311
1.15899890672
1.15528135432
1.15314582014
1.15260437135
1.15261870675
1.15181231739
1.14987036882
1.14835269472
1.14890439599
1.15185348147
1.15631530553
1.16063942765
1.16304617848
1.16237113402
1.15954438131
1.15736683468
1.15821890145
1.1620945083
1.16710669359
1.17057281528
1.1706142934
1.16783635955
1.165373032
1.16618061512
1.17065598398
1.1769970853
1.18269866892
1.18558717907
1.1851723402
1.18379441458
1.184970949
1.19043440105
1.19897785349
1.20820248544
1.21595443163
1.22081894979
1.22263766145
1.22293425176
1.22416440957
1.22768524155
1.23212017452
1.23525989139
1.23597974853
1.23530395052
1.23597102257
1.24023814182
1.24779884863
1.2562206169
1.26289488296
1.26610886136
1.26593691575
1.2650482509
1.26820936312
1.27871518601
1.29392925567
1.30779788968
1.31638925941
1.31912182982
1.31753669239
1.31445904954
1.31371411118
1.31831390994
1.32744937854
1.33683397241
1.34333124252
1.34711530144
1.35025574696
1.35529708016
1.36420259472
1.37704967998
1.39096267191
1.40139231845
1.40603377507
1.40703942193
1.4083170283
1.41256790486
1.42009603205
1.42865538317
1.43505376971
1.43731803638
1.43658954584
1.43591711435
1.43858752732
1.44612722993
1.45775642837
1.4702820685
1.47942681116
1.48258331764
1.48100131752
1.47849840006
1.47801300821
1.47999065105
1.48277122272
1.48404045711
1.48273124256
1.47963788822
1.47723408275
1.47793114736
1.48226950355
1.48866797015
1.4941615043
1.49651643806
1.49615624915
1.49536249383
1.49630752815
1.49972478925
1.50451879339
1.50835586139
1.50864051719
1.50434220251
1.49803792349
1.49435036454
1.49568546774
1.50032965458
1.50485465201
1.50624422521
1.50334326181
1.49723434331
1.49141716567
1.48997204327
1.4944521082
1.50224575389
1.50863043866
1.51013675624
1.50663837527
1.50143766059
1.49938556068
1.50403807769
1.51488788139
1.52731504165
1.53543307087
1.53589393281
1.52920281655
1.51920142421
1.51130874308
1.51006904488
1.51616690465
1.52491371195
1.52908509912
1.52404969861
1.51079312664
1.49419099757
1.48068099493
1.47529482012
1.47947667737
1.49012928022
1.50121429397
1.50796127727
1.50895214881
1.50639699239
1.50451552759
1.50763358779
1.51792896876
1.53385255581
1.5509902371
1.56542435528
1.57563359473
1.58218761759
1.5864862485
1.58974434409
1.59281750298
1.59624893436
1.60047406581
1.60599488377
1.61304986165
1.62127314345
1.62964505668
1.63620375985
1.6384082517
1.6346573681
1.62598802395
1.61553997861
1.60628465804
1.59949789783
1.59468540954
1.59074521115
1.58668608148
1.5821798486
1.57765873641
1.57352618203
1.56939557678
1.56403614077
1.55637356012
1.54674983377
1.53765159349
1.53278916613
1.53417426265
1.54078391464
1.54957382803
1.55699564772
1.56001173824
1.55651687611
1.54690814162
1.53538207562
1.52869065452
1.5307103436
1.53904644472
1.54824147291
1.55340066136
1.5521995275
1.5455218576
1.53817047457
1.5362294532
1.54246015529
1.55415766739
1.56570730383
1.57198988844
1.56973425333
1.55874075709
1.54347826087
1.53276419609
1.53337642642
1.54421486595
1.55813610558
1.56834115096
1.57092956572
1.56458893068
1.55070087712
1.53451317825
1.524994749
1.52825552826
1.54024801611
1.55118471954
1.55504292904
1.55125006365
1.54223261435
1.53177931925
1.52377073661
1.52044901271
1.52090350174
1.52127462647
1.51799567259
1.51043219076
1.50040575633
1.49090357793
1.4848298081
1.48408814461
1.48803895479
1.49338353047
1.49619571254
1.4950759243
1.49174573575
1.48878134624
1.48775295809
1.48806977584
1.48762975538
1.48409589688
1.47640505349
1.46626002857
1.45680799913
1.45126196693
1.45068552539
1.45381916329
1.45723419116
1.45739251263
1.45279655154
1.44484307316
1.43671425527
1.43128760529
1.42982738287
1.43144644003
1.43357475153
1.43362694301
1.43054082715
1.42618824342
1.42349840139
1.42431518597
1.42822323916
1.43314734973
1.43597490123
1.43381546656
1.42541205925
1.4128788851
1.40160863266
1.39673780932
1.39885181198
1.40455370795
1.40904263023
1.40850875902
1.40084809179
1.38607722553
1.36718848154
1.35111089265
1.34639194745
1.35604843273
1.37358747747
1.38961662737
1.39905947808
1.40150131873
1.39910117539
1.39488356838
1.39196476933
1.39299483609
1.39846083161
1.40595111583
1.41242314362
1.41646345632
1.41873323224
1.42037529657
1.42207298841
1.42363469595
1.42364848186
1.42052114109
1.41458170907
1.40839242125
1.40473089268
1.40485352093
1.40860604305
1.41489256607
1.42184467243
1.42730927809
1.42941054702
1.42770896222
1.42351467056
1.41925937565
1.41662720337
1.41536671778
1.41327748025
1.40765038887
1.39729694266
1.3841762462
1.37214975349
1.36433634185
1.36159239876
1.3628473544
1.36535485017
1.36573311367
1.36096600802
1.35052913362
1.33769704769
1.32739977933
1.32330258213
1.32590223177
1.33303083074
1.3412761124
1.3470640879
1.34802697303
1.34425573426
1.33853190373
1.33465608466
1.33480461834
1.33890274314
1.34475962378
1.34932036414
1.35003482934
1.34628704299
1.34009716361
1.33508515815
1.33421962244
1.3381166783
1.34497848092
1.35182334263
1.35568885356
1.35495234648
1.35022707508
1.34409745722
1.33957613397
1.33825623205
1.3394709606
1.3409887209
1.34013312264
1.33521544608
1.32625200584
1.31524218919
1.30513376717
1.2982753199
1.29498932868
1.29388617649
1.29283595156
1.29040902336
1.28645082468
1.28226518795
1.2797683588
1.28006821889
1.28265169873
1.28532669018
1.28532134876
1.28084336171
1.27215437225
1.26119110589
1.25072053209
1.24330224251
1.24026718509
1.24086664176
1.24228204495
1.24116201552
1.2357721634
1.22681795711
1.21686775104
1.20867132867
1.2043149289
1.20458999363
1.20887144726
1.21483107463
1.21939843899
1.22040150387
1.21805343062
1.21430256144
1.21124580247
1.21006331867
1.21067222767
1.21198156682
1.21218565317
1.21009301309
1.20648460143
1.20379993133
1.20401209495
1.20724332405
1.21231803943
1.21765260429
1.22131602442
1.22172747177
1.2178397455
1.20999826591
1.20066702371
1.19333649514
1.19043434016
1.19144769798
1.19357178476
1.19340469535
1.18895786735
1.18077688104
1.17172593235
1.16569502642
1.16498539346
1.16932339846
1.17625035321
1.18273262719
1.18593456187
1.18410747167
1.1774137609
1.16805215974
1.15981410607
1.15601232178
1.15719861232
1.16098510448
1.16371681416
1.16268218373
1.15697642009
1.14756094108
1.13697296059
1.1280649246
1.12279745164
1.12090945308
1.12010135135
1.11729117877
1.11059729183
1.09994207056
1.08718386218
1.0751001152
1.06657216073
1.06367809884
1.06654570681
1.07291063247
1.0786689198
1.08031414961
1.07699214942
1.07076297364
1.0646166632
1.06094131869
1.06076171719
1.06366576819
1.06788490386
1.07087416052
1.07041747304
1.06594651343
1.05948415866
1.05415786441
1.0521352996
1.0539093181
1.05836275375
1.06371052778
1.06797688507
1.0695245562
1.06777911097
1.06374293201
1.05971443279
1.05768873064
1.05808358178
1.05960522226
1.06017932353
1.05813893209
1.05296372598
1.04577769616
1.03923737294
1.03622213428
1.03836391518
1.044798341
1.05259480233
1.05833037494
1.05909040303
1.05348033103
1.04205031122
1.02783602884
1.01570055179
1.00989600805
1.01159818607
1.01846354947
1.02634308801
1.03190988847
1.03316276045
1.02992504269
1.02322013395
1.0151393235
1.00803308441
1.00355694044
1.00176158022
1.00102147944
0.999327410812
0.995260663507
0.988730822873
0.981068762059
0.974524608501
0.971454009237
0.972937966765
0.978093627237
0.984532725497
0.989869005147
0.992712818814
0.993065343632
0.99162769213
0.989587634948
0.987849404441
0.987161755863
0.987568359083
0.988340595925
0.988666917228
0.988116611097
0.987129695252
0.986585400587
0.987242253197
0.989411352897
0.992718375048
0.996086917855
0.998134052069
0.997647266418
0.994672333984
0.990528170031
0.987144380711
0.985830194147
0.987119437939
0.990402275016
0.99443080424
0.997616461501
0.998486957574
0.996439777939
0.99210880287
0.987395824131
0.984848922943
0.986161916915
0.991402337229
0.998688273714
1.00510437095
1.00812018938
1.00697473943
1.00264488526
0.997176970293
0.992634811576
0.990380824726
0.990703992755
0.992614435667
0.993925567588
0.991806248432
0.984069800169
0.970500890913
0.953352769679
0.93644019896
0.923204871585
0.915455337813
0.913187337016
0.914637215154
0.917028985507
0.917684958898
0.914914222468
0.908937977441
0.901228798417
0.893882133859
0.88869214634
0.886624996618
0.887530890727
0.890315862548
0.89332516514
0.89496899059
0.894395328088
0.891751157152
0.887807218037
0.883639519745
0.880098120345
0.877719587012
0.87655759749
0.876136563618
0.875699474506
0.874941593601
0.874251658487
0.874075074264
0.874938115408
0.876890459364
0.879702970297
0.882851072743
0.885342933854
0.886032903404
0.884514908567
0.882425423389
0.883094447594
0.888514122403
0.897872986166
0.908826233527
0.919127287984
0.926831251186
0.930181187787
0.927876916038
0.919815668203
0.907895111465
0.89618244368
0.888331715734
0.885440896595
0.886136142711
0.888078822939
0.889334402566
0.888672298029
0.8855263876
0.88052145987
0.875341073244
0.872420408587
0.873702076677
0.878965808868
0.885993253195
0.892105325753
0.89537554089
0.895119109591
0.891860198333
0.88690398347
0.882001493652
0.878718350159
0.877721079203
0.878267018412
0.878585632951
0.876585045912
0.870713560113
0.860830001379
0.84808658678
0.83484977597
0.823968918111
0.817660397492
0.816527890162
0.819295284852
0.823351558366
0.826031412039
0.825700993336
0.822208645181
0.81671242812
0.811345646438
0.808620135092
0.810463888212
0.817529360592
0.828385345997
0.839883394515
0.848217399469
0.850833600513
0.847411881029
0.839691787258
0.830407616781
0.822149570903
0.816622438651
0.814392697059
0.814723360378
0.815769055836
0.81504086337
0.810603355944
0.802230206914
0.791744250719
0.78193606827
0.775074975008
0.771994804945
0.772145379635
0.774007746869
0.775699725801
0.775180190963
0.771020652825
0.762834017075
0.751823185895
0.740554718455
0.732077142304
0.728381556637
0.729612109745
0.734143338864
0.739609321089
0.743745061891
0.74501305483
0.742949380165
0.738289906014
0.732942297087
0.729141475212
0.728591985561
0.731528469103
0.736756097561
0.742306266222
0.746183928346
0.747116627877
0.744742913208
0.739719347673
0.733657437926
0.728828977837
0.727407123498
0.730380395223
0.736741973841
0.743820050216
0.748722511758
0.749724227838
0.746673947577
0.740560922713
0.733035998726
0.725976305397
0.721124233092
0.719807928963
0.722473206133
0.728327579593
0.735466999352
0.741561919467
0.745008055461
0.745459514522
0.743572171883
0.74043425251
0.737075918238
0.734111334675
0.731686195979
0.7294232543
0.726648463057
0.722722883811
0.717648309025
0.712187920171
0.707474057533
0.704491663599
0.703782955566
0.705345744681
0.708686327078
0.71296872043
0.717156862745
0.720161907888
0.72140513942
0.721011831905
0.720003240703
0.719695952298
0.720817903719
0.72332399224
0.726514534094
0.729224433768
0.730264071308
0.728696530818
0.724171126023
0.71698972476
0.708461538462
0.700437276393
0.694568221558
0.691628232006
0.691180949744
0.691944558803
0.69240830563
0.691531766046
0.688810148495
0.684520751656
0.679356060606
0.674462038165
0.670720501595
0.668684097267
0.668258202187
0.668687720778
0.668919797218
0.667999794903
0.665559976683
0.662009063444
0.658310050593
0.655638869186
0.655038064235
0.657003825236
0.661449382651
0.66746212629
0.673480992094
0.677734003532
0.67868453106
0.67579517136
0.66986620128
0.662488575532
0.655473280862
0.650247703581
0.647459903407
0.646942954151
0.647984804725
0.649250423674
0.649345580391
0.647089209153
0.642252371723
0.635710698142
0.629170072071
0.624389045806
0.622441466647
0.623548881095
0.62706105726
0.631804141982
0.636100435562
0.638404955478
0.637489997677
0.63300990758
0.62569959159
0.61711967947
0.608885651857
0.602183228401
0.597414325776
0.594347919093
0.592322236316
0.590609555189
0.588649167261
0.586274117765
0.583911831771
0.582604022724
0.583623020471
0.587786456986
0.594909393443
0.603599119866
0.612039779941
0.618475935829
0.621908700235
0.622130632967
0.619704352135
0.615778972455
0.611751280338
0.609095725399
0.608853107502
0.611553729562
0.616785802997
0.62323047014
0.628880514058
0.631869604847
0.631232934814
0.627294451301
0.621371136174
0.61502359659
0.60956091948
0.605700900142
0.603664365374
0.603132039043
0.603241605109
0.602868729757
0.600909685151
0.596850692468
0.59134783427
0.585861553253
0.581993226125
0.580743759552
0.5822513756
0.585894123468
0.590545251708
0.594962828957
0.597634150523
0.597307327177
0.593126098355
0.585167985323
0.574606143035
0.563462663287
0.554020477816
0.547970529136
0.545692181765
0.546413888816
0.548557390759
0.550349815266
0.550418619346
0.548110737989
0.543737416552
0.5385307267
0.533912585571
0.531267163594
0.531189944424
0.533486582122
0.537252274309
0.54116219635
0.543633910968
0.543302359574
0.539450215088
0.532315695444
0.523341201154
0.514614078621
0.508104592169
0.504790838981
0.50449654312
0.506250163104
0.50880327955
0.510917725717
0.511665995436
0.510561271708
0.507596685083
0.50339182598
0.498977563192
0.495738758644
0.494669940777
0.496174356596
0.499652052888
0.503736098239
0.507012521327
0.508336463721
0.50724344331
0.50398492972
0.499302203873
0.494181807577
0.489572989076
0.486124485687
0.484161842986
0.483420694448
0.483216057215
0.482574189096
0.480495231529
0.476578001438
0.471061975002
0.464956668412
0.459531024743
0.455867857463
0.454611738972
0.455907335907
0.459473008115
0.464604571646
0.470442173622
0.475849560901
0.479668888819
0.481157071164
0.480286518918
0.477922624054
0.475601455923
0.474706798742
0.475927945989
0.478988338453
0.48309017562
0.487152530843
0.490292486132
0.491887905605
0.49174520637
0.490136968347
0.487904946335
0.486079832893
0.485704154982
0.487454061589
0.49135518378
0.496648814078
0.501923601224
0.505662086668
0.506499803036
0.503868146653
0.498124321811
0.490481452249
0.482586101159
0.476034425687
0.471989938133
0.470994523319
0.472930504964
0.477068230666
0.482130965594
0.486432949619
0.488068437641
0.485488817413
0.478246380568
0.467274717256
0.454633551073
0.442651949338
0.433148900406
0.426814825136
0.423440979955
0.42224237773
0.421991657612
0.421384756399
0.419282828999
0.414854299929
0.408071908196
0.399702454748
0.391215381902
0.384233853947
0.379994372538
0.378783602625
0.380264698577
0.383644425374
0.387706514681
0.391411935953
0.393586219535
0.393672981424
0.391660543718
0.388422512592
0.385410268454
0.384048904301
0.385010995247
0.388181625292
0.392520382843
0.396922307912
0.400303205313
0.402026779835
0.401863607677
0.400030128422
0.397048730268
0.393813481071
0.391383307573
0.390793945011
0.392669151266
0.39704257022
0.403102823494
0.409429094852
0.41453197405
0.417130021726
0.416419277992
0.412280701754
0.405153848962
0.396112184981
0.386537480877
0.377819753714
0.371275672548
0.367615351445
0.367065120428
0.36899911426
0.37227304715
0.375349357183
0.376788994005
0.375820024043
0.372607125826
0.368185668304
0.363808814065
0.360512244133
0.358827979916
0.358675616457
0.359721831975
0.36135552493
0.362745791484
0.363073459049
0.361473442555
0.35754094437
0.351335986356
0.343828428017
0.336474993653
0.330875975716
0.327947664689
0.327832750091
0.329909055201
0.333323153973
0.337135575309
0.340716964342
0.343679770706
0.345805934778
0.347144953753
0.347913699058
0.348480269862
0.349347672779
0.350973855062
0.353516437786
0.356740902425
0.359757527044
0.361575965213
0.361140924318
0.357953812411
0.352038030386
0.343954562957
0.334639599126
0.325180226571
0.316654306259
0.309871203073
0.305235128942
0.302652613937
0.301524164764
0.300872270147
0.299600115167
0.296869509663
0.292412382991
0.286616290984
0.280455481215
0.275166024167
0.271837615219
0.271232831484
0.273603976249
0.278727634195
0.285930640166
0.294242872373
0.302456506611
0.309285109983
0.313557080563
0.314496376812
0.311947632843
0.306564721564
0.299727825212
0.293083174175
0.288108371796
0.28572500469
0.286167146974
0.289055801991
0.293576279363
0.298642701283
0.303055042482
0.305671266324
0.305652883973
0.302636773305
0.297012420275
0.289884253229
0.282859466854
0.277526610337
0.274871036398
0.275060369318
0.277528560947
0.281277942087
0.28517463547
0.288166454295
0.289427782031
0.288511966011
0.285515246234
0.281083522955
0.27622219217
0.272049753289
0.269503496747
0.269032645562
0.27066575941
0.273930031475
0.278083488008
0.282127364853
0.28502837189
0.285944400203
0.284431654676
0.2807186271
0.275631897472
0.270359568944
0.266048171276
0.263430502139
0.262790022149
0.263988106164
0.266651837022
0.270256946519
0.274183508943
0.277696087625
0.279989531145
0.280318556471
0.278140491316
0.273440607485
0.26688182721
0.259689115575
0.253271535771
0.248659284952
0.246264178317
0.245965039101
0.247333685322
0.249823180089
0.252871965279
0.255866482186
0.258216344284
0.259445288204
0.259394610557
0.258331456879
0.257016645812
0.256492815327
0.257674277937
0.260964224363
0.265970028649
0.27174963925
0.277163231277
0.281157036363
0.283005652068
0.282399254118
0.279459253881
0.274707765099
0.268994236716
0.263284835118
0.258436880965
0.254978701715
0.253016292382
0.252304801209
0.252438170359
0.252965806001
0.253519072278
0.2538183918
0.253635942566
0.252737681312
0.25100408559
0.248510550976
0.245597260367
0.242830609212
0.240829982089
0.240105263158
0.24087036847
0.243077082398
0.246459791732
0.250684354601
0.255380707078
0.260166914209
0.264691541234
0.268652247428
0.271903524786
0.274506573181
0.276772220855
0.279119750726
0.281879747743
0.285191650302
0.288936908983
0.292748735245
0.29601288611
0.298023504274
0.298052766217
0.295495222205
0.290187875845
0.282616002923
0.273908398034
0.26553067186
0.258814683164
0.254621905731
0.253189104741
0.254293059126
0.257396593674
0.261850098898
0.267049492158
0.272496905265
0.277781050926
0.282546155557
0.286510851419
0.289461651917
0.291366618076
0.292537581817
0.293576673558
0.295136734767
0.297658079625
0.301151701878
0.305253107683
0.30934697149
0.312712127083
0.314671361502
0.31466394312
0.312368668653
0.307808916702
0.301427423367
0.294173375772
0.287257587378
0.281888583562
0.278800014051
0.278109383191
0.279362793312
0.281786819362
0.284519508671
0.28672218961
0.287711864407
0.287000562746
0.284387724325
0.280034689491
0.27454497692
0.268897154547
0.264287027842
0.261737960134
0.261895314022
0.264882834963
0.270351577963
0.277655571635
0.286101991683
0.295034442111
0.303953981906
0.312532007833
0.320558752906
0.327930049413
0.334584995697
0.34045638222
0.34548259145
0.349612027158
0.352814556088
0.355087362861
0.356466494011
0.356994943414
0.356699067645
0.35563780206
0.353945841393
0.351783319925
0.34940181361
0.347046726837
0.344975143403
0.343435705753
0.342685394133
0.342942494399
0.344361976583
0.346934037784
0.350523813361
0.354858946857
0.359575762492
0.36436595158
0.368955743613
0.373122321934
0.376682828283
0.379451389732
0.381281447817
0.382114350871
0.382092538898
0.381550343249
0.380965770171
0.380953730316
0.382024362879
0.384497013331
0.388571205679
0.394237796669
0.40135951088
0.409597837107
0.418411753766
0.427052961801
0.434597608393
0.440341842884
0.443845200787
0.445039725928
0.444318555608
0.442427805129
0.44027973063
0.43866781039
0.438282042611
0.439451205684
0.44220705347
0.446269392709
0.451231042699
0.456442455916
0.461346261421
0.465368844889
0.468278940436
0.469960818459
0.470798182998
0.471179745017
0.471767110028
0.473080918437
0.475532980398
0.479147358665
0.483709894468
0.488708093702
0.493540678142
0.497506149221
0.500219172539
0.501451306176
0.501358875779
0.50029765842
0.498757249379
0.497235176549
0.496176036495
0.495961336983
0.496749157504
0.498646843205
0.501481328373
0.505091438071
0.509179585438
0.513431998317
0.517610485039
0.521480901913
0.524971420406
0.527811539286
0.529991812324
0.531420909636
0.532060217452
0.532043572386
0.531614654003
0.531086167496
0.530908847365
0.531378082376
0.532772425024
0.535208842671
0.538599011809
0.542700313658
0.547066257447
0.551130794642
0.554367845148
0.556226254305
0.55671208244
0.556178078975
0.555134446368
0.554233909857
0.553895958204
0.55431547619
0.555632411067
0.557928780784
0.561185798001
0.565448154657
0.57048795245
0.575889511438
0.580991150442
0.585183380889
0.588137094576
0.589956200475
0.591098334655
0.591976548862
0.592960169379
0.594154000334
0.595561869968
0.597081392162
0.598491923489
0.599430634634
0.599578394443
0.598703735289
0.596965942199
0.594840617811
0.592944149281
0.591788837449
0.591723385129
0.592789312731
0.594915418702
0.597905622947
0.601549475336
0.605574157967
0.609613168724
0.613391355949
0.616749093307
0.619555906964
0.621940789474
0.624044110407
0.625956945626
0.627789542271
0.629666839513
0.631597591215
0.633577295535
0.63562919782
0.637707078313
0.639788787079
0.641822264604
0.643772111748
0.645533577682
0.647202459906
0.648717717447
0.650177315622
0.651647491115
0.653207010322
0.655024098591
0.657095323187
0.659503565978
0.662188522527
0.665049467275
0.667982805286
0.670771286751
0.673105497771
0.674722872756
0.675312317751
0.674690446781
0.673017568851
0.670627782856
0.667931014046
0.665442393955
0.663480807769
0.662227295789
0.661804535813
0.6621246108
0.663083171223
0.664449193437
0.666161529189
0.668121526239
0.670406826351
0.6730049359
0.675818581891
0.678469558375
0.68069551472
0.68204310717
0.682113875662
0.680456972893
0.67686255892
0.671326782156
0.664355940677
0.657073871052
0.650852200458
0.647089832243
0.64646004254
0.649079681036
0.654504330228
0.661928361575
0.670472744528
0.679167531351
0.686967329545
0.692960485606
0.696447383823
0.697081350818
0.695075648622
0.691186556927
0.68627283349
0.681266942502
0.676797797913
0.673298489792
0.670807272727
0.669280969243
0.668564552578
0.668474119233
0.668793706294
0.669378100842
0.670101918807
0.670855892501
0.671587736032
0.672135174974
0.672355041108
0.672104668067
0.671310017783
0.670011118041
0.668321584332
0.666369536756
0.664369380867
0.662477610216
0.660725297313
0.659076064367
0.657286641653
0.655370408737
0.653490205237
0.652029255701
0.651351579897
0.651788197341
0.653451131971
0.656293146297
0.66018201553
0.66488700565
0.669961670365
0.674774721715
0.678332583596
0.67950115026
0.677557546686
0.672755353589
0.66634735406
0.660026673477
0.65514159638
0.652324870841
0.651650561358
0.6528096574
0.655215291634
0.658142903598
0.660857504673
0.662793542074
0.663702381685
0.663727417967
0.663464763822
0.663576798816
0.664609854725
0.666666666667
0.66941975012
0.672105742935
0.673841314872
0.674112023992
0.672788452467
0.670337600402
0.667587019917
0.665498323682
0.664754392255
0.665687685395
0.668168211805
0.671743545112
0.675816153711
0.679687961704
0.682695472635
0.684666204109
0.685776290804
0.68673514962
0.688677871312
0.692218119852
0.697232364336
0.702905394145
0.708093626622
0.711935352596
0.713906165087
0.713810942154
0.711771746514
0.708215016839
0.703962239064
0.700428477258
0.699139570107
0.701171325941
0.706425909656
0.713475808845
0.720511913187
0.726259962668
0.730114061611
0.73196125908
0.73194554667
0.730457724874
0.727817745803
0.724394671261
0.720543387857
0.716462189808
0.712355572121
0.708570001873
0.705514763318
0.703853325047
0.704314759729
0.707339808161
0.712949344002
0.72052578362
0.728877173882
0.736608813286
0.742353353997
0.745100382409
0.744285278878
0.739786472476
0.732178156659
0.722646699267
0.712913489824
0.704541433206
0.698476741806
0.69485142689
0.693176696812
0.692784335595
0.692975153689
0.693201646091
0.693105409293
0.692690419742
0.692370421111
0.692843967862
0.694595801697
0.697569524247
0.701101653904
0.704475710729
0.707101210943
0.708703870108
0.709016654968
0.708003888529
0.705804451048
0.702902441335
0.699820105497
0.697032212431
0.694785276074
0.693089430894
0.692043367498
0.691807067697
0.692633019249
0.694953047957
0.69899499051
0.704537916478
0.710624604953
0.715946071595
0.719553576162
0.721146725907
0.720809984028
0.718755275449
0.715145465755
0.710370866573
0.705203211552
0.700987877466
0.698955685542
0.699456326921
0.701731181848
0.70465328736
0.707482993197
0.709859067293
0.711794341816
0.713273152792
0.71404109589
0.713770108621
0.711906437452
0.70879155807
0.705527518141
0.703246365266
0.702335279399
0.702599855564
0.703806949372
0.705643769417
0.707925751326
0.710492208458
0.713061374946
0.715211970075
0.716563022823
0.716955770339
0.71654465593
0.715619722507
0.714405669566
0.712959524694
0.711033860347
0.708371276181
0.704891915532
0.701128045122
0.697677815102
0.695150249449
0.693797427559
0.693658390667
0.694725544312
0.696860395822
0.69989823825
0.703194025107
0.705847404628
0.706989083369
0.706474347489
0.70475284606
0.702587638516
0.700870433345
0.700302823093
0.701518452948
0.705077917948
0.710799509769
0.71733830489
0.722239610503
0.72355232926
0.721356671155
0.716997736988
0.711894273128
0.706982703395
0.70295986567
0.700477852713
0.700377123482
0.703436557201
0.709410407762
0.716361503877
0.721893861213
0.724966377308
0.725817334233
0.725041741486
0.72336510023
0.721237412057
0.718978760232
0.716901093994
0.715322156229
0.714396973743
0.714121244828
0.71442990394
0.715282030346
0.716690895568
0.718872624288
0.721924575564
0.725888505461
0.730410245279
0.734466142531
0.736370081531
0.734713937093
0.729695919938
0.723071268874
0.716417464115
0.710911540189
0.70722166193
0.705733771154
0.706742272772
0.709975536831
0.714225780513
0.717321016166
0.716695132365
0.711058724183
0.701153793008
0.689185526494
0.677553741043
0.668083143921
0.661756040071
0.658583676942
0.658119095428
0.659669465547
0.662519492847
0.666643622537
0.672476806297
0.680838259761
0.691904996135
0.704574311108
0.716342644815
0.724874694769
0.729373145635
0.730298999113
0.728838854102
0.726383925561
0.7243639439
0.72406578078
0.72631181578
0.730889057751
0.735643748835
0.737869292748
0.736033137067
0.730897779543
0.72427406199
0.718142796291
0.714242928453
0.714010021668
0.718038050347
0.725085445501
0.731558586322
0.733266576963
0.728689605563
0.719048736145
0.70700843608
0.6949101069
0.684914996194
0.67923210008
0.680325879702
0.68907771287
0.702413901832
0.712699374117
0.713845956519
0.705897012554
0.692751543884
0.678234748985
0.66522199431
0.655817932923
0.651716888577
0.653508926371
0.659762085898
0.666944435185
0.671573961467
0.672302662307
0.670040235221
0.666812760229
0.664712442249
0.665196252053
0.668627701752
0.67361565548
0.677798242701
0.679845651529
0.680013196569
0.679491968622
0.679598552155
0.681636516618
0.686764924818
0.695421032208
0.70581572472
0.713656553489
0.715387063691
0.712214485148
0.707884175263
0.705262802552
0.705796089385
0.71000434342
0.717771330804
0.727709396578
0.737205523964
0.743008233958
0.74384802596
0.741223213704
0.738181818182
0.737074030552
0.738938202437
0.743812143008
0.750811568541
0.757783479493
0.761047782636
0.756252419667
0.741973973675
0.722279170054
0.703847451907
0.690278923915
0.681531830239
0.675690363778
0.67083978056
0.665291067124
0.658130650225
0.649220965925
0.639951259778
0.632996502138
0.631131580918
0.634554083729
0.640507345805
0.645986691954
0.649424196406
0.650923566879
0.651532423542
0.652887844191
0.656814563577
0.664675526651
0.676051837387
0.688056042032
0.696932389453
0.700861000369
0.700858969237
0.699313177564
0.698908764417
0.701224081939
0.706644040285
0.713527851459
0.718644067797
0.718538041161
0.711484810911
0.698479043307
0.682385790739
0.666666666667
0.65441495445
0.647595521734
0.646514052039
0.649507645505
0.653307485362
0.654201989703
0.650327043079
0.642363384996
0.633282787319
0.626374759417
0.623940570657
0.626514897891
0.633052095889
0.641152679474
0.647859524944
0.65077841026
0.648936170213
0.643634755392
0.638134118592
0.635632183908
0.637834332955
0.644787644788
0.654984294925
0.666209638719
0.675712542178
0.680490457085
0.678443597737
0.670468072035
0.660762231504
0.653655049151
0.650738458361
0.650786698561
0.651602080188
0.651374285811
0.64928002189
0.645785129675
0.642135942542
0.639881985422
0.639997226748
0.642713463273
0.647431655929
0.652725679229
0.656507355529
0.656714330665
0.652688466274
0.646424198299
0.641063420884
0.638414538618
0.638735964667
0.641181255084
0.644716789434
0.648128376848
0.650527356625
0.651253183219
0.650398202981
0.648754460728
0.647150497645
0.646173969915
0.645844973368
0.645667500569
0.644854841161
0.642678230962
0.639403180135
0.636164499717
0.63451048951
0.635429539917
0.639293327071
0.646074693711
0.654948843833
0.664241704402
0.67159188956
0.675711220323
0.677348328309
0.678019208501
0.678877576012
0.680103133965
0.681123409382
0.680997917791
0.678650121767
0.674227506816
0.669479399787
0.666571028942
0.66658313046
0.669300513418
0.673988568867
0.679857765543
0.686049210771
0.69148075367
0.695338597024
0.697654344155
0.699350355039
0.701601333799
0.705269509252
0.710387067206
0.716150499104
0.721162930516
0.723916191125
0.723632238003
0.72101479562
0.718092507484
0.716766723842
0.718078875439
0.721517895645
0.725193717277
0.727232679215
0.72679065478
0.724489410699
0.721718504916
0.719543147208
0.718561389004
0.718613247228
0.718454391892
0.716553470241
0.712320640688
0.706816381359
0.701609934063
0.697707883647
0.695534163289
0.69495368769
0.695573513448
0.696603033152
0.697178557033
0.696558996993
0.694878356185
0.692794077958
0.691176470588
0.690771143212
0.691739209285
0.69360410831
0.694906613524
0.694112379673
0.690848600069
0.685865663989
0.680181556322
0.67441224713
0.668780092482
0.663422030914
0.658626190361
0.654746096433
0.652232861622
0.651228320832
0.65158423493
0.653251984825
0.656189398836
0.660430815383
0.665556211521
0.670689081225
0.67474453734
0.676993937485
0.677468711993
0.676638062395
0.675221128691
0.674222051479
0.675559343703
0.681015452539
0.690205534505
0.700847550107
0.71116821077
0.720869663685
0.730692747859
0.74182444062
0.755151688609
0.770453859314
0.784145225262
0.790278322227
0.786496097538
0.776096287446
0.762856264547
0.748497083894
0.733503598793
0.718963034085
0.707172291994
0.701699088894
0.704581895923
0.713247518168
0.721852455201
0.725690607735
0.723100974802
0.71509180889
0.704020970837
0.693122703193
0.68543794187
0.683376636609
0.688415799533
0.700813812823
0.718392082731
0.735169377785
0.744236346655
0.744983534577
0.742712599374
0.741530837431
0.742538485705
0.745118191161
0.747703826231
0.748303686044
0.744806700421
0.736976579134
0.727826923958
0.721798913995
0.721105740694
0.724992573102
0.731762114537
0.739411544228
0.745989705662
0.749739529069
0.75054681804
0.750664593469
0.752465766542
0.756082753468
0.760438314755
0.763641741016
0.763397739701
0.757947271346
0.748517329561
0.740145526881
0.737317856261
0.740499149178
0.747967097532
0.757968322253
0.768979505822
0.778512681889
0.782507502909
0.778218667969
0.771174863388
0.769109700435
0.773283634715
0.781237260497
0.790201944652
0.796978441691
0.797388696112
0.789283001227
0.776948177645
0.768624826237
0.76817017924
0.77467015862
0.785327348708
0.796481451128
0.802232041695
0.796156827999
0.779768815305
0.7633632287
0.75405203225
0.751334574798
0.75203093097
0.752762046235
0.749841517531
0.740780487805
0.727652733119
0.717180244829
0.713362417192
0.715113152124
0.720069096868
0.726477756009
0.733058308598
0.738271604938
0.741045776671
0.741508502715
0.740843093389
0.739911540741
0.738847537832
0.737246680643
0.734757326271
0.731404958678
0.728303607043
0.72712883824
0.728528827038
0.731873600398
0.737018425461
0.744767539209
0.756718859547
0.774021560816
0.794461778471
0.812135596718
0.822558323448
0.826179173821
0.825695931478
0.822840658408
0.81833478387
0.812392918332
0.805713975341
0.799660528752
0.795277176376
0.79259945448
0.791005574614
0.789656503281
0.787898789879
0.786194029851
0.785008953697
0.785053273973
0.786931818182
0.790731008122
0.796313878805
0.80224796029
0.806478268055
0.807225273341
0.805225545086
0.802471784749
0.800207352369
0.79888064795
0.798605731991
0.799130610594
0.800132531349
0.801145133184
0.801909998553
0.802810841818
0.804345693545
0.807130782235
0.810967878276
0.814935577176
0.817312556916
0.817048321366
0.81451846139
0.810922256864
0.807458803122
0.805346650999
0.806109725686
0.810860473958
0.818560745372
0.825250593893
0.827750927279
0.825749741468
0.820311070448
0.813082285491
0.805879956545
0.801644537305
0.802331474911
0.806010928962
0.808458120783
0.807516090324
0.802866779089
0.795502336449
0.787221253832
0.780692677582
0.779170215355
0.784106040431
0.793568276612
0.80339908953
0.809578940954
0.809659781288
0.803859100745
0.794937310595
0.787280701754
0.784447639588
0.787192479092
0.793513982762
0.799763916501
0.802968301472
0.801274486665
0.795489231813
0.788811417366
0.784843298749
0.785085364544
0.788420417786
0.792121795235
0.793624654473
0.790804456961
0.783154574132
0.77355392776
0.767959813593
0.76992194081
0.776981428198
0.784655977268
0.790445562529
0.793789368991
0.795179278091
0.796231771842
0.799330655957
0.805520867565
0.812407224146
0.816150300484
0.81472970644
0.808810468352
0.800473284344
0.793206468793
0.79095709571
0.795876963351
0.806791039959
0.820064935065
0.831663191876
0.838404518179
0.838386041439
0.832440922396
0.824991624791
0.819869951232
0.81761771505
0.816736822266
0.815636412823
0.813103953148
0.809097859327
0.804966912038
0.803127316843
0.803756946122
0.805204546766
0.80621408046
0.806583560577
0.80675989038
0.80790960452
0.810954320628
0.815749235474
0.821155137676
0.825974025974
0.830685131195
0.835954702737
0.841568562427
0.845609065156
0.84444973797
0.836430678466
0.824409780776
0.813808715337
0.808624138697
0.810787537185
0.820636609115
0.83657219973
0.85448335495
0.868628149203
0.87392144237
0.869821428571
0.862244612371
0.85861790804
0.860843067547
0.86543429125
0.866973935156
0.86147992228
0.847345503266
0.828461538462
0.812948123155
0.808766548273
0.816262285012
0.83003065879
0.843662716087
0.852693208431
0.855256802447
0.852511894202
0.848896830329
0.848495937935
0.851454076295
0.854192482445
0.852428000841
0.843824014929
0.829947220013
0.815781983777
0.80746548255
0.807473040731
0.814121441593
0.822435381123
0.826795643233
0.824445637996
0.817919075145
0.813968120805
0.817083750417
0.82732385048
0.841431876957
0.854851302435
0.862935632352
0.863350402341
0.857981809067
0.851841478784
0.849431620057
0.851912296885
0.856759889871
0.858259170827
0.85214903712
0.839417501318
0.825173064821
0.814283933691
0.80935297886
0.811102906625
0.818500596115
0.828415143227
0.835927883571
0.836922855291
0.829240352259
0.81480425016
0.798260500636
0.785456814086
0.779995953328
0.781564319746
0.787074014909
0.792963370972
0.796302982165
0.795701340523
0.791788856305
0.787398700445
0.785017885951
0.785463797016
0.787993019197
0.792018028497
0.797077307488
0.803098027127
0.809738227887
0.816341829085
0.822487427757
0.827404070219
0.830135858378
0.828705229382
0.821900790548
0.813530689406
0.810451475293
0.814781081257
0.823743107363
0.834408154774
0.843992100866
0.849225219316
0.846487867178
0.835456852792
0.821045740938
0.810473617292
0.807375099128
0.811422519146
0.819634509137
0.828469877377
0.835112593828
0.838723075437
0.84073619385
0.843954604976
0.850207681604
0.857573084294
0.861120153183
0.858571298239
0.85233375383
0.847057198121
0.846710589134
0.853059423416
0.863866456569
0.872907124062
0.875474267925
0.871210458038
0.863055681351
0.855193139836
0.85227327632
0.858218050687
0.870623935132
0.877262265011
0.868731468351
0.848897879883
0.827185114504
0.811503448276
0.806626237403
0.812165963432
0.822707813057
0.83127904815
0.833940462201
0.831404162911
0.827356217848
0.826376959131
0.831332704716
0.840729354394
0.848328939536
0.847527501643
0.836995053802
0.820378313327
0.801862124832
0.783294502865
0.76460567962
0.746065734185
0.731492923593
0.72758174888
0.735828701183
0.7495703125
0.761452290458
0.767673922229
0.766563054533
0.757956652388
0.745014245014
0.735446249939
0.735348998313
0.742652173913
0.751643339965
0.75918426572
0.765680008461
0.775197809902
0.791388008917
0.804330344273
0.803271392011
0.793276543961
0.780773011101
0.769458687709
0.763020025787
0.767058252764
0.788058164972
0.824295510863
0.853743515133
0.855666926465
0.83940159847
0.824505661653
0.823585585586
