1.26955685166
1.29330716389
1.33125170758
1.36309906958
1.36898644587
1.34193597648
1.29648278831
1.26124442635
1.26207421998
1.30727885234
1.37838463765
1.4357253685
1.44671552349
1.41286395606
1.36220201435
1.32557139016
1.32217670942
1.35109474558
1.38953383891
1.41022829758
1.40429002811
1.38244492559
1.36254031771
1.35999163661
1.37940987255
1.40638731292
1.41983095548
1.41543472062
1.40296623083
1.39209515836
1.38749596312
1.38962154667
1.39550875685
1.40025287146
1.40129117453
1.40110580548
1.40295216842
1.40678123057
1.40986428335
1.40947735935
1.40567496933
1.4020330402
1.40305826182
1.40960793195
1.41685923595
1.41751738601
1.40779633295
1.39047107708
1.3727138711
1.3620116708
1.36293119182
1.37331774308
1.3859230849
1.39267676768
1.3911383684
1.38621160109
1.38558859418
1.39262413728
1.40419251915
1.41429358046
1.4180246785
1.41369851627
1.40487032678
1.3986232791
1.40069238378
1.41114032525
1.42557510149
1.43942465489
1.4503617945
1.45803357314
1.46288416076
1.46490335707
1.46451787649
1.46278058735
1.46165373766
1.46214998675
1.46440617788
1.4660858743
1.4641249669
1.45627870699
1.44472638078
1.43493009018
1.43084195941
1.4338371999
1.44100626909
1.4474922255
1.4485988665
1.4441946985
1.43926164216
1.43937428462
1.44678568692
1.45987940631
1.47217249163
1.47488372093
1.46348868984
1.444012042
1.4289267946
1.42528335999
1.43204686423
1.44241505273
1.44919120697
1.44786336606
1.43972753543
1.43042291951
1.42547003923
1.42580384771
1.42731543624
1.42392979165
1.41315807033
1.39929703561
1.39106624439
1.39471255274
1.41015107342
1.43109327984
1.44809222057
1.45353310387
1.44674872893
1.43546155367
1.43010333398
1.43577151719
1.45012323259
1.46724318658
1.48110897902
1.48768832548
1.48668248945
1.48087182824
1.47410025707
1.46771925339
1.46182936991
1.45642349903
1.45266982417
1.45236862542
1.45609990394
1.46050802477
1.46012269939
1.45143536181
1.43475253129
1.41471127696
1.39898894155
1.39389580336
1.3994834266
1.40831014878
1.41103266723
1.40278853602
1.38555363836
1.3666785122
1.35536415304
1.35677985678
1.36694054548
1.37688898989
1.37966816808
1.3738376765
1.36288837745
1.35429517935
1.35522103016
1.36547579667
1.37705811798
1.38291260019
1.38103079203
1.37453121553
1.36957118542
1.37265068049
1.38536173803
1.4006204757
1.4093293561
1.40781428127
1.39906840425
1.38898198576
1.38494823057
1.39181315672
1.40676018576
1.41998879656
1.42489630424
1.42137325274
1.41310691222
1.40416766467
1.39789563084
1.39535202891
1.3952082598
1.39457247469
1.39250849353
1.39062363716
1.3917699115
1.39741883981
1.40576545097
1.4115571052
1.41024786503
1.40208637596
1.39164212234
1.38431752178
1.38426489827
1.39242237724
1.40534299298
1.41602951636
1.41917400254
1.41582639193
1.41086307535
1.40916761688
1.41313984415
1.42183422688
1.43101389751
1.43438763377
1.42796570244
1.4146090535
1.40253743178
1.39874213836
1.40457413249
1.41508305342
1.42273640015
1.42259871567
1.41471357153
1.40297743661
1.39199356457
1.38494406837
1.38273214544
1.38370646766
1.3841778938
1.38094378778
1.37437794513
1.36790555313
1.3640648401
1.3633071007
1.36484523918
1.36683417085
1.36745513866
1.3655276204
1.36191866707
1.35856573705
1.3567270913
1.3559244084
1.35502181556
1.35300677704
1.34973266644
1.34597745489
1.34358542237
1.34391992091
1.3464961968
1.34873257542
1.34827572331
1.34388117533
1.33588216355
1.32670748191
1.31964306589
1.31701738335
1.31894484412
1.32332974738
1.32744244392
1.32918958563
1.32731884058
1.32249937906
1.31728846286
1.31505840613
1.31772334294
1.32490588083
1.33452512514
1.34374795738
1.35018867925
1.35236750509
1.35057433541
1.34646627421
1.3421096208
1.33923491415
1.33884046219
1.34091217132
1.34488799057
1.34946989398
1.35353434836
1.35615109238
1.35658994383
1.35406935598
1.34767182413
1.33735752849
1.32497261361
1.31541325391
1.31407017037
1.32177628353
1.33389789499
1.34389895967
1.34701902299
1.34122109827
1.32732402624
1.30920665293
1.29322758671
1.28580177973
1.28972493345
1.30184631616
1.31491169552
1.32220655622
1.32057874393
1.31081562812
1.29696883043
1.28477934339
1.27935758486
1.28276999176
1.29287361291
1.30538704639
1.31603081438
1.32215684098
1.32239949422
1.31645052209
1.30512792114
1.29092835483
1.27754895585
1.26840012894
1.26542901938
1.2686461145
1.27688390679
1.28737325896
1.29627574728
1.29997262711
1.29715097787
1.29003061808
1.28294586684
1.28052193263
1.28619574009
1.30045188285
1.3194866042
1.33628031996
1.34491774008
1.34487569762
1.33990242036
1.33533320431
1.33559079217
1.34246173885
1.35367108139
1.36320472911
1.36569719027
1.3604261983
1.35054111208
1.34031996438
1.33320322665
1.33130879683
1.33450296269
1.34037311962
1.34503930869
1.34597202435
1.34315810134
1.33846822161
1.33404109589
1.33185438793
1.33238125463
1.33454072303
1.33610782197
1.33522236428
1.33107547691
1.32417200111
1.3153232019
1.30570038842
1.29659901642
1.28916032618
1.28380205516
1.28015062591
1.27741201613
1.27487934618
1.27198621036
1.26844981722
1.26435877262
1.2604368261
1.25763730638
1.25599923516
1.25467069258
1.25246710526
1.24859878935
1.24308447113
1.23731913119
1.23402187882
1.2356792144
1.24198533957
1.24993467089
1.25596466246
1.25748432831
1.25314664702
1.24365825015
1.23287592417
1.22730430433
1.23185603008
1.24475062146
1.25949316492
1.26987590345
1.27210712481
1.26419440286
1.24615922806
1.22190135151
1.20141293421
1.19610146862
1.20692866937
1.22332672349
1.23436026407
1.23472902427
1.22353883549
1.2026096004
1.17662528632
1.15333595638
1.14061242053
1.14139220322
1.15143940226
1.16354764479
1.17175443537
1.17257270437
1.1643839583
1.14725868277
1.12407012283
1.10054262905
1.08328440829
1.0759311528
1.07812845457
1.08707857361
1.09919601087
1.110522758
1.11690470154
1.11521008403
1.10468632946
1.08763254766
1.06857158437
1.05259727917
1.04404987802
1.04498335453
1.05405259609
1.06621628867
1.07532806303
1.07734470158
1.07197250132
1.06159794497
1.0500053056
1.0410741241
1.03767294111
1.04018467411
1.04598308668
1.05113329072
1.05350602731
1.05389468576
1.05477435029
1.05852575931
1.06614185187
1.07620215021
1.0844438782
1.08504928394
1.07452216845
1.05528680028
1.03491459317
1.02141312524
1.01956961122
1.03004499492
1.05011198897
1.07403812652
1.09299208103
1.09626967165
1.07678663119
1.03930150507
1.0
0.973903339342
0.965696465696
0.971804262454
0.985959543685
1.00168768673
1.01311580294
1.015561478
1.0080725423
0.994751908397
0.981915649422
0.973283520493
0.96862666844
0.96567703246
0.961944933717
0.955910229108
0.948127271033
0.941616355653
0.939908410589
0.943407016386
0.949117136135
0.953477495936
0.954245250902
0.950506733306
0.942907551164
0.933519060885
0.925925925926
0.923697195812
0.928283875322
0.937987491246
0.948801162509
0.956532303132
0.958657776913
0.955382934822
0.949971067605
0.946962276322
0.949014404852
0.955667577499
0.964289906792
0.971593971922
0.974593733902
0.971224031443
0.961151448649
0.946725885964
0.9325743903
0.923000691404
0.919477292597
0.92051547578
0.92333571445
0.925477163101
0.925575164003
0.923526152994
0.920385979457
0.917531453761
0.915487799295
0.913667914878
0.91063577758
0.904707806962
0.894983580568
0.88196965256
0.86809960329
0.857028362794
0.852000177007
0.853739099797
0.860281368654
0.867666703164
0.871803845228
0.869411147082
0.859095988256
0.842138821098
0.822703968885
0.806511111111
0.798692022678
0.801386714382
0.813226874217
0.830015416583
0.846349688456
0.857475120206
0.860565910622
0.855453558832
0.844738342264
0.832670147434
0.823390349047
0.819655687226
0.821783804072
0.827917177625
0.835075493612
0.840588683559
0.843026174256
0.84275961193
0.841596970931
0.841560928896
0.843753735804
0.847672306663
0.851463834673
0.852776313898
0.849792710106
0.842004636379
0.83096853794
0.820256073539
0.814315760279
0.816033005106
0.825348805707
0.83951562078
0.854729424519
0.867348100257
0.874399577118
0.873980348535
0.866191773169
0.854196251892
0.843550372831
0.839436750627
0.843839910178
0.855466805717
0.871501916263
0.888657571824
0.903455611349
0.912227871847
0.912248806147
0.904213027216
0.892311207586
0.881262096593
0.873246425188
0.868316242446
0.865683501998
0.864660217365
0.865080523525
0.867453004055
0.872614118051
0.88093518251
0.891553848316
0.902060799271
0.90973415772
0.912526830564
0.909459190224
0.900789854266
0.888441311402
0.87584888689
0.867118644068
0.865141398719
0.870458172399
0.881452566832
0.895540935673
0.909874489642
0.921913700952
0.929367231335
0.930704734765
0.925644076708
0.91557181662
0.902923102475
0.890216186253
0.879165968849
0.870610190579
0.865009340422
0.863174491941
0.865841774208
0.873539355834
0.885527560918
0.899606761357
0.912361838278
0.920528079501
0.921830012668
0.915970982785
0.904203520701
0.889247157046
0.875028669725
0.866105215239
0.866471267931
0.877601184324
0.896653242605
0.917298663778
0.93310746486
0.940786855421
0.940789282918
0.935854532532
0.929683014535
0.925894011202
0.927314221402
0.934860324591
0.946614002676
0.958084596967
0.96476713729
0.964554449105
0.958287702119
0.948338643605
0.937325217963
0.927664255475
0.921758493876
0.92172257911
0.928903677045
0.942871536524
0.961184275671
0.980277029876
0.997272843943
1.010253124
1.01786406512
1.01891617218
1.01299870013
1.00148573358
0.988552600292
0.980611205433
0.982990546539
0.997114144089
1.02068894531
1.04915105899
1.07719992802
1.09933971363
1.11056137012
1.10821975985
1.09437603736
1.07672351303
1.06516997593
1.06590044033
1.07902530459
1.10048449243
1.125
1.14773232099
1.16527005725
1.17630167645
1.18182590594
1.18510215304
1.19010514851
1.19892026578
1.21061133201
1.2215653622
1.22751189123
1.22523328646
1.21452811547
1.19984524782
1.1893046301
1.1908994709
1.20731758663
1.23461067219
1.26600119955
1.2948622487
1.31669063455
1.3285931244
1.32947895698
1.32039979256
1.30556207463
1.29215822346
1.28714713624
1.29294101889
1.30706148322
1.32473309609
1.34238005221
1.35816186557
1.37239135487
1.38642789821
1.40213878327
1.42025605635
1.43969682615
1.45771167694
1.47181941902
1.48087792012
1.48532419961
1.48593078817
1.48416867115
1.48177187375
1.48079845982
1.48396158954
1.49400418431
1.51231576822
1.53872454289
1.57124151309
1.60681688534
1.64133283414
1.67046454541
1.68984893147
1.69653205777
1.68958045182
1.67099526946
1.64468573033
1.61596021785
1.59070817719
1.57476430072
1.57274309873
1.58561522498
1.60876039848
1.63256947325
1.64678612355
1.64490562102
1.62647840358
1.59496305547
1.55665869633
1.51888017452
1.48925902864
1.47356702739
1.4741241422
1.48816309762
1.5107013332
1.53619139534
1.56074766355
1.58217662442
1.59984947316
1.61429145325
1.62762308313
1.64192317476
1.65871257022
1.67762226765
1.69678661177
1.71373212531
1.72614015573
1.73203609701
1.73049886621
1.72244415687
1.71140162171
1.70277987286
1.69953824107
1.70155121122
1.70742099018
1.71535022355
1.72418870703
1.7325365514
1.73857328452
1.73952716715
1.73379374383
1.72430759025
1.71838662791
1.72197265143
1.73427284614
1.75146914789
1.76941723058
1.78512136177
1.796807522
1.80436622102
1.80974743715
1.81699606994
1.82973741428
1.84797867131
1.86859473091
1.88728230488
1.90056756167
1.90626918997
1.90278889016
1.89006453113
1.87082652346
1.85110548135
1.83901240085
1.83989670755
1.85181514709
1.86708860759
1.87716119681
1.87683036422
1.86488985586
1.84440089586
1.82081852574
1.80136109819
1.79129620964
1.79140602163
1.79774756375
1.80317812701
1.79990594874
1.78232464216
1.74839329689
1.70119256614
1.64886143411
1.60375660106
1.57817196063
1.57971681823
1.60727334045
1.65208517211
1.70157725263
1.74444323382
1.77358387203
1.78717281833
1.78849597135
1.78392413637
1.7810905793
1.7862076775
1.80059657812
1.81906354515
1.83212081129
1.83096978292
1.81216487028
1.77832405857
1.73659434013
1.69526498697
1.66209075557
1.64370261277
1.64434280736
1.66495291698
1.7015619985
1.74496714849
1.783935371
1.81017000454
1.82156559868
1.82088289454
1.81260681613
1.80004097521
1.78500944783
1.76760487437
1.74720593117
1.72355932203
1.69755734798
1.67174959872
1.65008820349
1.63542953397
1.6285334956
1.62765550762
1.62945535183
1.63051065886
1.62768
1.6194807255
1.60552855725
1.5873848845
1.56798422968
1.55152870992
1.54214380498
1.54274655823
1.55403806331
1.57426684016
1.60032709803
1.62871649916
1.65656132833
1.68255959849
1.7065534917
1.72884625985
1.74942716858
1.76637414384
1.775934043
1.77386271324
1.75793847067
1.72880700227
1.69029744369
1.64720788362
1.60433932396
1.56596948477
1.53532873095
1.51526257191
1.50774094565
1.51346315103
1.53080369644
1.55612292701
1.58493597316
1.61375305917
1.64038056005
1.6638490566
1.68321537428
1.69726324705
1.70398963451
1.70091261818
1.6859834584
1.65989019949
1.62612516074
1.59057818105
1.55920091801
1.53576619601
1.52246723528
1.51932949188
1.52563559322
1.53939816553
1.55823162463
1.57978607291
1.6027016722
1.62729333046
1.65519262535
1.68830483428
1.72675092154
1.7687539733
1.81091084648
1.84867811393
1.87647547797
1.88948847667
1.88395187833
1.86014463869
1.82296460428
1.78092710745
1.74370901754
1.71836711963
1.70774862721
1.71008635961
1.72052884881
1.73306794936
1.74185532855
1.74337502066
1.73587702443
1.72000655594
1.6981705662
1.6732705249
1.64922749068
1.62962183769
1.6178040313
1.61538853763
1.6220124523
1.63544818691
1.65288319369
1.67143350264
1.68874205087
1.70279385855
1.71146366428
1.71278367687
1.70559366755
1.69114677436
1.67433844196
1.66253934942
1.662294066
1.67611006561
1.70102210362
1.73122112874
1.75975400746
1.78013823948
1.78643963483
1.77403870968
1.74049032258
1.6880278446
1.6244961709
1.56161336563
1.51076758544
1.47967048849
1.47092855077
1.48243309002
1.50923092112
1.54450733858
1.58056680162
1.61036195884
1.62938398151
1.63722008484
1.63707697492
1.6341039376
1.63277826468
1.63565714286
1.64258903232
1.65142196532
1.65853887714
1.65938321779
1.64980828035
1.62749804075
1.59328852475
1.55181676109
1.50974876322
1.47348338485
1.44722571899
1.43196597076
1.42577253112
1.4253776435
1.42790152403
1.43192440039
1.43779941276
1.44693772517
1.46112421787
1.4812716881
1.5068764273
1.5354294943
1.56202950918
1.58025122121
1.58375283782
1.57027487229
1.54383450385
1.51365659405
1.49030802523
1.4807840997
1.48756668777
1.50911476003
1.54106939704
1.57754698773
1.61048671744
1.63102980396
1.63138429849
1.60891986063
1.56961967243
1.52506009888
1.48717369705
1.46318656378
1.45503886666
1.46072783476
1.47588117299
1.49467593718
1.5104233404
1.51657568238
1.50800416316
1.48243892868
1.44255503637
1.39502918471
1.34940922256
1.31523895401
1.29951905949
1.30522302031
1.32997246158
1.36669789018
1.4055722016
1.43704530239
1.45489587949
1.45721292809
1.44616315244
1.42567538731
1.40027079631
1.37352903961
1.34835025381
1.32638355931
1.30820914807
1.29345088161
1.28117785425
1.27069593891
1.26230918082
1.25712947987
1.25626505515
1.26042018225
1.26926172222
1.28168653082
1.29542607869
1.30798811397
1.31692661158
1.32008564164
1.31670038211
1.30718776858
1.29360134613
1.27864880925
1.26518041829
1.25554064683
1.25142191142
1.25351252291
1.26198703081
1.27689963816
1.29786827263
1.3245832535
1.35586233343
1.38995880042
1.4239192808
1.45389090216
1.47540048486
1.48380211545
1.47489688522
1.44629550524
1.39873538081
1.33726796763
1.27081348828
1.2100691959
1.16394071658
1.13815630293
1.1349525022
1.15415901989
1.19365684749
1.24943069683
1.31524718303
1.38222064992
1.44010377688
1.47945874652
1.49521906665
1.48887756048
1.46717286533
1.43877873628
1.41052583697
1.38596653844
1.36548150965
1.34725274725
1.3285442531
1.30687209836
1.28086642599
1.25086496256
1.21906517176
1.18902469695
1.16461289214
1.14953405018
1.14621409922
1.15528377078
1.17489889581
1.20103773156
1.22781323172
1.24946526551
1.26249233237
1.26660273316
1.26459675845
1.26048411196
1.25816627658
1.26026400582
1.26766981032
1.27927636892
1.29147151726
1.29860388722
1.29372883208
1.27113513514
1.22978859025
1.17453959005
1.11525700577
1.06280241935
1.02610966057
1.01064849861
1.01875223545
1.0503301617
1.10300201549
1.17172372762
1.24819965917
1.32124208421
1.37921035021
1.4129017882
1.41836167611
1.39742093269
1.35617280501
1.30315361139
1.2475315729
1.19843357297
1.16421641569
1.15073462724
1.16090197996
1.19252221882
1.23887873248
1.29018876999
1.33642376284
1.36997272358
1.3866345713
1.38511087043
1.366044414
1.33201149425
1.28702414113
1.23618031538
1.1855901649
1.1409236614
1.10669592551
1.08502739968
1.07586086349
1.07726332721
1.08591804392
1.09806768681
1.11031281088
1.11984196664
1.12504780115
1.12561281185
1.12278604803
1.11919202859
1.11763437382
1.12067949199
1.12949372474
1.14388110045
1.16216075157
1.18130589877
1.19727193477
1.2053321099
1.2009037368
1.18051199029
1.14403665106
1.09604039596
1.04485016868
0.999605152757
0.966962962963
0.949584432389
0.947806774014
0.960951549093
0.988442027091
1.02897012787
1.07902621723
1.13210577026
1.17923677087
1.2119046377
1.22454587086
1.21700069109
1.19391853127
1.16252496632
1.12980987901
1.10023866348
1.07583344611
1.05647628179
1.04133116128
1.0296793864
1.02122986823
1.01606706252
1.01437204814
1.01617624403
1.02138513862
1.02985993535
1.04205773426
1.05887052479
1.08080262964
1.10674130194
1.13368245656
1.15702167766
1.17244282307
1.17703927492
1.1701783569
1.15342214056
1.12986479079
1.10288701978
1.0759642841
1.05240510916
1.03527969488
1.02718011968
1.02966003967
1.04260686755
1.06325515281
1.08728023826
1.10979877515
1.12771699132
1.13991301769
1.14701789264
1.15042436345
1.15126766209
1.15047494597
1.14859822509
1.14624385796
1.14346185231
1.14009985074
1.1350746657
1.12653898769
1.11259896913
1.09260350276
1.06761853448
1.04071246819
1.01543729956
0.994766110566
0.9805634418
0.972996563199
0.971605744125
0.975522582043
0.984058595433
0.996362274648
1.01118769883
1.02643979058
1.03960497891
1.04865299558
1.05272940716
1.05241897158
1.04914243447
1.04441034436
1.03922957715
1.03401746725
1.02917748918
1.02496120021
1.02137194071
1.01791959929
1.01339401821
1.00583674536
0.994130530004
0.978101868171
0.95954448777
0.941173853068
0.926231334968
0.916918832325
0.913851874806
0.91612138246
0.921631730017
0.928266953714
0.934440223654
0.939528962444
0.943335452426
0.945967810611
0.947517974771
0.948112794465
0.948229613734
0.948405081802
0.949211827255
0.951033371255
0.953966277065
0.957456013845
0.960687607738
0.962943681969
0.963697135695
0.962916063676
0.960860799439
0.958211485484
0.955541871921
0.953458616553
0.952319233337
0.952251129459
0.952930174564
0.953884829916
0.954353540986
0.953887334226
0.952231144962
0.949661876585
0.94687863513
0.944665587682
0.943664459161
0.94421094545
0.946610915493
0.950959488273
0.957499678677
0.966314371131
0.976653696498
0.986750377105
0.994079980669
0.996405607253
0.992679239277
0.983713614463
0.971911011524
0.960251552044
0.951380137404
0.946881271245
0.947032677587
0.950978372812
0.957237247096
0.963759863337
0.968592057762
0.969594328476
0.965224766751
0.95457972107
0.93804199417
0.916987016755
0.893900821112
0.871880021425
0.853909243938
0.842584562012
0.839592942382
0.845488303008
0.859422034919
0.879408634843
0.902246160898
0.923808069626
0.940323988012
0.948995305164
0.948824599844
0.940810771042
0.927332601537
0.911711975413
0.897153993234
0.886260843775
0.880920314254
0.882029247701
0.889359609638
0.901766837813
0.916813232047
0.931195700191
0.941419735328
0.944628936973
0.939876425856
0.928273533695
0.912737920937
0.896816933269
0.883745056085
0.875643252811
0.873460283641
0.876972570268
0.884966105778
0.895331404065
0.905435356201
0.912526044426
0.914208170315
0.909399496081
0.898998995532
0.885811367381
0.873434184407
0.864869523251
0.861712201452
0.864132777698
0.871833634453
0.884123088541
0.900242372947
0.918932606155
0.938249353499
0.955422488357
0.967357553175
0.971454774733
0.966657944903
0.954073642423
0.936900788296
0.918679941516
0.902213958613
0.888659793814
0.878163300535
0.870311086366
0.864585160498
0.860740269831
0.858424973395
0.857315469633
0.857081987004
0.857254069356
0.857474662162
0.857392581198
0.856998887962
0.856312091107
0.855324594473
0.854082163287
0.852525252525
0.850800658748
0.849248889202
0.848321385478
0.848632045146
0.850870253165
0.855673090856
0.863385783652
0.873694276887
0.88583376508
0.898028148093
0.908527304451
0.915364439026
0.917410714286
0.914242402368
0.906328754481
0.894889136801
0.881463966279
0.867700206032
0.854965404285
0.844344011697
0.836268948817
0.830920440962
0.827913324235
0.826536741641
0.826038984921
0.825481798715
0.824205951187
0.821802655281
0.818574657625
0.815187526896
0.812879387701
0.812911943053
0.816175498877
0.822827315646
0.832259579894
0.843170491914
0.854068295353
0.86349862259
0.870345446389
0.87404475043
0.874517044483
0.87213514337
0.867367082678
0.860807192675
0.852979613173
0.844366151658
0.835328766246
0.826208384906
0.817314354097
0.808901260438
0.801237600672
0.794490017025
0.788913238063
0.784646215508
0.781822669217
0.780666501793
0.781305223996
0.783679562135
0.787683193015
0.792821217706
0.798449370057
0.803881735217
0.808323966529
0.811357824487
0.812796060833
0.81278254092
0.811775730127
0.810314575761
0.808885954155
0.807725051238
0.806909607194
0.806324732536
0.805815225887
0.805162648179
0.804303310003
0.803154117541
0.801799118313
0.800425067155
0.79931822857
0.798753417811
0.798895223466
0.80004762897
0.802066438397
0.804901693478
0.808213326825
0.811509335623
0.814283079193
0.816001723926
0.816439116097
0.815713888632
0.814113490563
0.812194590557
0.810496719775
0.809342051747
0.808847402597
0.80884725152
0.808922869074
0.808608669294
0.807290887885
0.804746844797
0.800750777172
0.795465184318
0.789390247483
0.783100426338
0.777381665668
0.773135505795
0.771094684538
0.77192224622
0.77586791116
0.782559663507
0.790922418694
0.799426514908
0.806839372293
0.812287270252
0.815632001361
0.816907866457
0.816324743923
0.814135266565
0.810650887574
0.806319321465
0.801828693521
0.797722410973
0.79439980066
0.791615741872
0.788851401785
0.785722644822
0.782143889049
0.778469161409
0.775125300577
0.772352716929
0.770264632257
0.768715320942
0.767440428545
0.766046063469
0.764105754277
0.761317760178
0.757674009878
0.753619310919
0.749707362753
0.746563424395
0.744668537863
0.744211015031
0.745373883603
0.748037976544
0.752034565417
0.756872545519
0.761882030015
0.766318615752
0.769441304218
0.770914152033
0.770875673765
0.769778481013
0.76836454869
0.767251155893
0.766938455735
0.767563809138
0.768999421631
0.770778677891
0.772182391741
0.772630260949
0.771770671926
0.769661356801
0.767039982389
0.764843537415
0.764115838861
0.765588976462
0.769210181195
0.774478481488
0.780245644411
0.785249220332
0.788248337029
0.788259075213
0.784658171808
0.777307802229
0.766708665025
0.753999714815
0.741208015806
0.730691198132
0.724339535011
0.722821107099
0.725471268066
0.730672711082
0.736905676952
0.742807274365
0.74770203265
0.751023702065
0.752604246689
0.752394711221
0.75089092529
0.748748046314
0.746833839919
0.745682251163
0.745375642486
0.745388127854
0.745071318252
0.743871769233
0.741594591302
0.738077702081
0.733708769107
0.728892210907
0.72449744038
0.721531189751
0.720907328183
0.723094646214
0.727755248092
0.733948458758
0.740654613104
0.746875270617
0.751969183005
0.75552688172
0.757137135992
0.75663578047
0.75411277513
0.74996479964
0.745093660143
0.740626988739
0.737771552553
0.737246432282
0.739239676644
0.743313897785
0.748693259972
0.754415591606
0.759547619711
0.763178511472
0.764704234035
0.763641954601
0.760160004445
0.754855570839
0.748803827751
0.74336663444
0.739529074094
0.737731316491
0.73764960194
0.738591519453
0.739661125833
0.740002718499
0.738940136846
0.736010626272
0.731060496991
0.724372644679
0.716816763788
0.709888882356
0.705137165822
0.703819554051
0.706276126991
0.712099247282
0.720558937465
0.730824531328
0.74215989092
0.753974517984
0.76545548476
0.775690802004
0.783468802295
0.787512496592
0.786886740835
0.781811061574
0.77373319545
0.764921390451
0.757517576305
0.752611493356
0.750590195806
0.751133120698
0.753750852466
0.757598607889
0.761849710983
0.765632559265
0.768149307794
0.768794897201
0.767304768701
0.763829195139
0.758887693962
0.753267774249
0.747754331476
0.742899850523
0.738894176158
0.735738618767
0.733304206716
0.731667605987
0.731069355141
0.731876217269
0.734455010973
0.738864209389
0.744894632325
0.751928626112
0.759013058987
0.765233933773
0.76948550441
0.771011222249
0.769557195572
0.765747486858
0.761128679153
0.758067880449
0.758449043752
0.762595485366
0.769160531872
0.775994437524
0.781236941078
0.783640588691
0.782730342499
0.778780439254
0.77274266748
0.766391485297
0.762159417837
0.762483443709
0.76807499679
0.777089301283
0.785890674065
0.791226743307
0.791358174536
0.786061588331
0.776254582422
0.763694287217
0.750680356259
0.739913078322
0.733763044813
0.733439500199
0.73852338284
0.746911673873
0.755753480116
0.76235979698
0.764777708203
0.762592604073
0.756888267137
0.749948054261
0.744545032498
0.742653580932
0.744824430973
0.75032566218
0.757578443538
0.764803575203
0.77045203292
0.773483910891
0.773746722197
0.772046030341
0.769711233819
0.768084147258
0.767793216431
0.768838914083
0.770801888307
0.77300123206
0.774740389244
0.775327457246
0.774142424456
0.771107200773
0.767041322314
0.76350630608
0.761797211431
0.762032006176
0.763629799013
0.76568219892
0.767524115756
0.768756218905
0.769436091496
0.770153794152
0.772059554996
0.77597048444
0.781845256561
0.788645836502
0.7948663297
0.799318885449
0.801095352666
0.799813120247
0.7953148256
0.788174987264
0.779900790006
0.772814183904
0.768728569469
0.768021004615
0.769938893739
0.77340529399
0.777356997513
0.780962522555
0.783367177404
0.783774417139
0.781891055987
0.778317953799
0.77447526124
0.771803956304
0.771028175247
0.772202860233
0.775137847717
0.779777948915
0.785816120155
0.792751559533
0.799211528004
0.802869640135
0.802198840726
0.798049476689
0.793149630981
0.789731667694
0.788885762521
0.790784308107
0.795322324734
0.802239594338
0.811012411402
0.820466616085
0.828894892577
0.834356830208
0.835630084675
0.832533297275
0.826042132032
0.817308025955
0.807720244889
0.798469042135
0.790697674419
0.784976904238
0.780996145864
0.777925455071
0.774808279998
0.770838830739
0.765527013989
0.758421199963
0.749353014473
0.738720036329
0.728078690222
0.719878276857
0.716052421091
0.716884832473
0.721030170999
0.726724085643
0.732632569815
0.73802807662
0.742240076913
0.744579945799
0.7442613409
0.740952518819
0.735375750975
0.729508472863
0.725017050437
0.72254077472
0.721585117227
0.721248949512
0.720524594496
0.718471810089
0.714582552713
0.709681778258
0.70617186731
0.70691934773
0.712858660999
0.722527965544
0.733645990923
0.744130720591
0.752536695892
0.757508650519
0.757843955167
0.752781628142
0.743421052632
0.733125069731
0.726437111773
0.725373752719
0.728952221291
0.734659429404
0.740358446731
0.744322196427
0.74557105164
0.743578141316
0.739060477806
0.7346403424
0.733891967684
0.738519512039
0.746499201572
0.754323698379
0.759359094058
0.760056500645
0.756041937221
0.747757516018
0.736608817212
0.725655925339
0.718799538838
0.719260580037
0.726583197242
0.736653272101
0.744616907683
0.747356666783
0.744292237443
0.736696804472
0.727036214791
0.718184055983
0.712914704719
0.712875679272
0.718017057569
0.726276803119
0.734154306173
0.738696007154
0.739369308347
0.738806238968
0.740369959817
0.745816787157
0.754869520723
0.76601495314
0.777166134537
0.786042382368
0.790181818182
0.787753912754
0.778994441426
0.767610511306
0.759238391296
0.757327427095
0.761056598407
0.767580244321
0.773935048503
0.777611247904
0.776751096134
0.77057111677
0.760670622721
0.751681306615
0.748560647952
0.752884465868
0.762724802296
0.774776447291
0.786035891169
0.793686851563
0.794509270528
0.785115343048
0.764719160302
0.739569289072
0.721387757895
0.717141846935
0.724300084083
0.73691477344
0.750065070276
0.760438734368
0.765256364288
0.761902993389
0.748910920835
0.728689883914
0.708177388602
0.694962623746
0.692325277596
0.6989030305
0.71161832619
0.726627340696
0.739257537334
0.744148163887
0.738257588869
0.724782854671
0.710695273431
0.700957398959
0.696919782573
0.698001173749
0.702948924338
0.710266248111
0.717512526265
0.721229391411
0.718964502844
0.712757746168
0.707413853115
0.705920513521
0.708213829089
0.713154343348
0.719473876507
0.725709820266
0.730177030646
0.731539969506
0.729477158242
0.725534308211
0.722138770814
0.720913294065
0.722254372428
0.725682806226
0.730078718409
0.734114012716
0.736213167075
0.734855932844
0.72958374254
0.722544420228
0.71788655567
0.718535390137
0.723854488638
0.731025072488
0.737521754264
0.741682202782
0.742767062315
0.74079336431
0.736675252625
0.732661241346
0.73206828042
0.737276098793
0.746615810336
0.755136445053
0.759308110996
0.758497316637
0.753799194701
0.746796988509
0.739139281717
0.732585678462
0.728781178136
0.728525121556
0.730897466745
0.734039374523
0.736701097482
0.73897611358
0.741910432306
0.746188161662
0.75171842078
0.756987243801
0.759269507471
0.755869426393
0.745786463659
0.730985701247
0.71555946732
0.704220439484
0.700497984349
0.70601570723
0.719472767968
0.736646696481
0.750987974334
0.756232569932
0.749387280356
0.732819785121
0.713326487084
0.698811453269
0.694857402913
0.702510978493
0.719020011221
0.739091318039
0.757343791244
0.769330043652
0.772914285714
0.768719370892
0.759574548051
0.749177965789
0.740210297317
0.733462130156
0.728256985636
0.723652716327
0.719651666916
0.717316959428
0.719073932158
0.726440006602
0.737805632293
0.74762441617
0.750650662316
0.745415601984
0.734683357879
0.723749222267
0.718118338846
0.721468800949
0.733634564397
0.75083542973
0.767543529057
0.778791204632
0.781148759386
0.772783298667
0.754694927141
0.731834384426
0.7144741948
0.712296195652
0.724613486245
0.741505406446
0.753523053769
0.756417666859
0.750179985601
0.737319472546
0.722489401874
0.711798487933
0.710089163491
0.717904324589
0.730428105203
0.740952006294
0.7441822883
0.737947572976
0.724038461538
0.708788933068
0.700894827655
0.705468930025
0.719560065176
0.736280209133
0.749907345638
0.758094728392
0.761352848101
0.76281118655
0.767496080717
0.778424976701
0.792754375556
0.804601833543
0.80993543759
0.807764214231
0.798217333586
0.782125755554
0.761463101261
0.741080407063
0.72752355051
0.724688145711
0.729778445362
0.736737000754
0.740907689937
0.740014293655
0.733659331703
0.722815553998
0.710154425921
0.699734705362
0.694749356053
0.69607882245
0.702277211444
0.711722539383
0.723362308451
0.736516152886
0.749824544987
0.760887772194
0.767040235164
0.766698625759
0.760810499655
0.752321545821
0.745455410679
0.744150728489
0.750080887451
0.760884955752
0.771434634975
0.777014079813
0.77541640312
0.766080083839
0.750045462811
0.730365882079
0.712942044354
0.704888036943
0.707625428731
0.715185444367
0.720532590847
0.720096568878
0.713392857143
0.701995841996
0.689384933738
0.680990233931
0.682257844785
0.693954604007
0.710185951313
0.723139590907
0.727743224225
0.722376218696
0.708102164243
0.688862848991
0.671085668374
0.66067198453
0.65840014917
0.660963799862
0.664608277553
0.667126663381
0.6680293935
0.668199807466
0.669606585418
0.674086992204
0.680929563967
0.687525323009
0.691285726772
0.691040119524
0.686509365994
0.67831297534
0.668476495429
0.660895386021
0.659738533127
0.66622076465
0.677795397077
0.690216209162
0.699331252786
0.701420300344
0.693993940474
0.679214956433
0.664723721004
0.65784167289
0.660538216324
0.671094682531
0.687037341668
0.706554979391
0.727039969655
0.743393981459
0.747713985909
0.734705739889
0.709821840672
0.685156215081
0.668500872366
0.661984803131
0.664902828555
0.67551369863
0.690674198441
0.704162219851
0.708092024866
0.699098539012
0.682541275656
0.667270856807
0.659695263975
0.662158863448
0.67401276426
0.69241094476
0.712795849995
0.728770235728
0.733040796964
0.719370460048
0.688402781906
0.653081676967
0.633254539053
0.637096409002
0.655781968527
0.676783570039
0.692154198862
0.698315808234
0.694254060652
0.680977090268
0.662718048683
0.648110443462
0.645659814164
0.656524553778
0.674016740167
0.689764063698
0.697974045374
0.695122552646
0.679663848001
0.6552078822
0.633436163879
0.62678450034
0.636154461785
0.653347626937
0.67072392638
0.684229299363
0.691746270259
0.692238772539
0.686697221751
0.679248392945
0.674140897951
0.672406908256
0.672976178709
0.674423351704
0.676209171711
0.67832250443
0.681789697957
0.687284793088
0.693395119662
0.698169410745
0.70129196285
0.703459809763
0.705022631837
0.706248200403
0.70724985021
0.708330837875
0.710031437554
0.712588310854
0.715493823997
0.71811701964
0.719248776335
0.717333035515
0.710926297677
0.701650680348
0.695525886669
0.69702364649
0.704859924838
0.715216180315
0.724959320195
0.730903113518
0.729249911487
0.718463158951
0.704097401077
0.696540475577
0.700160937564
0.71231649027
0.728407619752
0.743139628733
0.749545794592
0.741189016262
0.720761695322
0.701337021669
0.692619843924
0.695194571389
0.705744255744
0.720556042032
0.735419126328
0.74406831351
0.740701255627
0.727942389094
0.716601916602
0.713870884107
0.719683751363
0.730597318163
0.741636924566
0.746708350869
0.741129943503
0.7271879855
0.712854181064
0.703629032258
0.699652499332
0.698013095507
0.695900692841
0.692111671103
0.688882907133
0.690014367816
0.698409461664
0.713320206482
0.730062393647
0.74149417083
0.741333813122
0.729123051873
0.710789210789
0.694273697832
0.684939726177
0.684982524494
0.692846270928
0.702821869489
0.705658757893
0.697383900062
0.684536082474
0.675407980379
0.67358177071
0.678716878677
0.688306778288
0.698359348297
0.704061001675
0.703228709641
0.699261097028
0.697851222216
0.701468538965
0.707861425716
0.710876235936
0.7044092106
0.688828512066
0.672510483504
0.664061333201
0.666804443296
0.679524893156
0.697848624678
0.714195503915
0.718924403856
0.707869922631
0.689742721733
0.679528286506
0.685643015521
0.707149161518
0.737354696827
0.76439413766
0.772768611147
0.753174262406
0.715650591447
0.682354861527
0.668422207593
0.675593705293
0.696909690969
0.722056631893
0.740514307324
0.7449114626
0.73531626506
0.719954719829
0.710218607016
0.71350517452
0.729307786594
0.749759815538
0.765018674432
0.769434295074
0.764601207499
0.75658874571
0.751433278418
0.751621442753
0.755598958333
0.759014234652
0.757678773782
0.75109543049
0.742612064195
0.736548755587
0.735041294455
0.737889423914
0.743304516051
0.748562764546
0.750620347395
0.746373970992
0.735697370061
0.722416862903
0.710431080362
0.700854700855
0.693477917566
0.688672884594
0.688134556575
0.69467010105
0.709553264605
0.72820790471
0.741162181167
0.743512005821
0.737452665745
0.728213439721
0.720873626735
0.719501335708
0.725029377203
0.734894772573
0.744764310884
0.75173657494
0.755201447359
0.756115586431
0.756602173745
0.75891591065
0.763566168585
0.769016142962
0.773881655279
0.77714894467
0.777299160026
0.77147184466
0.756170007245
0.733238198087
0.712954655256
0.703616837427
0.704982439431
0.713621512943
0.726729231839
0.741554467564
0.75341894061
0.756659337207
0.751006662274
0.742886812046
0.738442228575
0.739962825279
0.747132833293
0.757626538988
0.76643422865
0.767783420708
0.760438222763
0.748833479148
0.738214577
0.731294117647
0.728245482555
0.727992713393
0.728605514316
0.728237602569
0.725115688232
0.718712518741
0.710352849942
0.70391619346
0.703667110013
0.710367054611
0.720716761051
0.730944732724
0.737768312035
0.73857291486
0.731885612154
0.720568576776
0.712140164496
0.713654847105
0.726472211273
0.747439053442
0.77105306526
0.790072930073
0.795407098121
0.782322635135
0.757330259183
0.734730583986
0.724516605166
0.728233970754
0.741613276727
0.757429939556
0.768728066755
0.772126765941
0.769509160823
0.765226682949
0.762310844893
0.760390821374
0.756459058881
0.747906288917
0.73617519959
0.72531769306
0.718918545153
0.718314862177
0.722542924808
0.728225806452
0.731352131945
0.729792438844
0.725117117117
0.720935205645
0.720722666091
0.725871010153
0.73503713412
0.744936128167
0.753235373416
0.760352710647
0.768266264032
0.777876468981
0.787765113259
0.794465807133
0.794052101744
0.785572215422
0.772933353483
0.76252542756
0.759958838326
0.76653241422
0.7778900723
0.785845588235
0.785109094999
0.776082750409
0.763205690934
0.751757613716
0.74624272786
0.748927318705
0.758040724707
0.768087925793
0.774176162612
0.773202255992
0.76327045048
0.744158682131
0.719658119658
0.697903199072
0.685759263744
0.684418511066
0.691472351765
0.703890809182
0.71756464504
0.725725118483
0.723634610327
0.717099201474
0.714980544747
0.719140464094
0.72750547046
0.736397673863
0.741314634776
0.737941545634
0.726188132104
0.712345893384
0.704499494439
0.705083752094
0.710673965104
0.715788540004
0.716032508312
0.710505536832
0.701801247871
0.69546575763
0.698034715249
0.712367333259
0.731479080221
0.742771261145
0.741787901991
0.733578500707
0.724589213223
0.719339099579
0.719731828687
0.72455428141
0.729842155661
0.732450155795
0.731923128667
0.728913571677
0.723541615958
0.71520037648
0.70463475159
0.69817544583
0.706563706564
0.731093008237
0.761239419846
0.786457219115
0.799911233849
0.79722675367
0.778802803561
0.751550945933
0.726502895946
0.71254300579
0.712142927475
0.722194810146
0.737446149323
0.753411914189
0.767777994113
0.780133850766
0.790211835164
0.796861236033
0.799184017687
0.798156284414
0.796360879454
0.797364452246
0.804257343323
0.815673108418
0.821949176939
0.814597107071
0.798091932192
0.781489319922
0.770608691593
0.768955577289
0.779061718629
0.7996339667
0.819167408402
0.821013418895
0.804544622066
0.783809237825
0.771956508644
0.780409114711
0.822636044633
0.896459063882
0.946120920278
0.934921317112
0.899251479917
0.865988054177
0.83933865048
0.816482598608
0.794294881828
0.772416366124
0.758581634431
0.765938367999
0.788951899992
0.807247077012
0.813976359338
0.812721201336
