1.12630312324
1.11514221743
1.11177200521
1.11407003779
1.11805626598
1.11999675246
1.11883912935
1.11611116606
1.11387654321
1.11265216524
1.11132472579
1.10732728825
1.09994780793
1.09157616672
1.08569519992
1.08352165725
1.0843225928
1.08555439628
1.08417156956
1.07925058548
1.07271226848
1.06765765766
1.06505959315
1.06329911759
1.05897712948
1.04889396067
1.03491562058
1.02292106704
1.01605883236
1.01379208068
1.01491974983
1.0181803995
1.02166882277
1.02264366876
1.01911181602
1.01265254174
1.00704526046
1.00368516201
1.00251238747
1.00298359025
1.00446975705
1.00582943505
1.00606231496
1.00437547002
1.00086453415
0.995885579937
0.990367832439
0.985064102564
0.98066070636
0.977882205514
0.976997202362
0.977445010563
0.978537559271
0.978898738919
0.977295162883
0.973247565228
0.967452692868
0.961416250567
0.956490047659
0.953396967996
0.952380952381
0.953101962119
0.954479037878
0.954688102186
0.952624220262
0.948846804909
0.944827586207
0.942217292558
0.941886952376
0.943908482261
0.946854888935
0.948612590676
0.947844228095
0.94503389331
0.9418296158
0.939725079114
0.939476825144
0.940851656552
0.942085513973
0.941059086927
0.936464617447
0.92895606991
0.920146040067
0.911610173432
0.90473331794
0.900233398929
0.898587468309
0.899098614288
0.900723472669
0.902472896694
0.903788769328
0.904413111152
0.904239563084
0.902944586135
0.900654372397
0.897945541245
0.895641258711
0.894183928496
0.893403782446
0.893357376499
0.893747101235
0.894471296532
0.895400687986
0.896433412403
0.89741859288
0.898279416095
0.89868786273
0.898485485907
0.897559746314
0.896364168863
0.895658701364
0.896149991649
0.898038225141
0.901007427644
0.904145189934
0.906059018683
0.905627555014
0.903187011425
0.900241863623
0.89848209378
0.898589628872
0.900263943577
0.902486163577
0.904039957567
0.904238963321
0.903751191198
0.903916113845
0.905829596413
0.909733597724
0.914801349161
0.919526942913
0.922667024897
0.923709497207
0.924061319707
0.925730501485
0.930078037904
0.936637503382
0.943639511573
0.948736693014
0.950638027338
0.949645135208
0.948076237976
0.948229125006
0.950951977527
0.955352749072
0.959616242749
0.962118198294
0.962548616877
0.962457634483
0.963593504453
0.96687892456
0.972015427393
0.977433768109
0.981391803426
0.98311287478
0.983912930362
0.985865724382
0.990327477771
0.996881177246
1.00385518678
1.00919337017
1.01123155283
1.01057749723
1.01040525739
1.01430808957
1.02337516712
1.03662133016
1.05184065445
1.06568441484
1.07468076873
1.0773298909
1.07637299771
1.07607447507
1.07870892313
1.08440343567
1.09199639902
1.10029812606
1.10827494161
1.11569073337
1.12311928802
1.13138219184
1.14057741503
1.14996493255
1.15844909807
1.16484057614
1.16903785869
1.17227589484
1.17607933726
1.18080758542
1.18545116593
1.18837118416
1.18820113501
1.18521921764
1.18212674544
1.18259140149
1.18792372881
1.1968663674
1.2073571175
1.21745285173
1.22604307807
1.23261968902
1.23794697613
1.24348191758
1.2501275451
1.25778169504
1.26515575452
1.27110861213
1.27553700403
1.27925606671
1.28343350864
1.288376725
1.29379130686
1.29900970587
1.30318106438
1.30628019324
1.30852249696
1.31069887406
1.31312304358
1.31561320755
1.31752974931
1.31890063828
1.3204785294
1.32350605519
1.32945016319
1.33835150545
1.34792197608
1.35428380825
1.35530913665
1.35318853974
1.35168920489
1.35392729328
1.36160565128
1.37489173323
1.39127716869
1.40547358401
1.41267387944
1.41272332764
1.41037519494
1.41061426866
1.41536973939
1.42278853673
1.42870176079
1.42929633122
1.4244734291
1.41825276393
1.41603708791
1.42127532268
1.4341762975
1.45097206894
1.46457188405
1.46759164238
1.45830508475
1.44282776549
1.43034598384
1.42676051008
1.43269449284
1.44444444444
1.45636558154
1.46376533742
1.46536863168
1.46365604702
1.46239987557
1.4644098239
1.4695804878
1.47498740652
1.47768747125
1.4771679933
1.47578947368
1.47662130016
1.48137007179
1.48984656107
1.49946982228
1.50555007929
1.50345178095
1.49298375185
1.48003327787
1.47194373203
1.47173853765
1.47826431858
1.48815762746
1.49763485477
1.50354550413
1.5040582378
1.49981448654
1.49334142886
1.48720614105
1.4824806449
1.47855965921
1.47450948532
1.47004834877
1.46582881551
1.46322807592
1.46299756296
1.46470445541
1.46691771947
1.46803298767
1.46704681625
1.46382925403
1.4591250367
1.45373383396
1.44848858729
1.44377169613
1.43942219929
1.43515974566
1.43116649738
1.42785856302
1.42592017394
1.42552700415
1.42629104421
1.42725509214
1.42762455352
1.42723313939
1.42639203922
1.4254586736
1.42427226964
1.42227102535
1.41847041847
1.41303677302
1.40702201933
1.4023
1.40002014707
1.40047724561
1.40289534602
1.40546065625
1.40590910645
1.4030855353
1.39824561404
1.39397350141
1.39218613103
1.39339478745
1.39723420883
1.40277681601
1.40866441104
1.41347254501
1.41700058221
1.41997013304
1.42357424799
1.42833482851
1.43415080398
1.44010892544
1.44508440194
1.44834710744
1.45032397408
1.45236223286
1.45563882941
1.46002437975
1.46425352417
1.46627714059
1.46496062992
1.46099466261
1.45707477749
1.45599494275
1.45900822327
1.46566687244
1.47478524882
1.48393378773
1.48997764531
1.49027435041
1.48509570129
1.47826965157
1.47371210866
1.47257523974
1.47397159319
1.47603144081
1.47674223342
1.47513903057
1.471875
1.46884971653
1.4673521694
1.46741648378
1.46780181009
1.46725079443
1.46471907351
1.46053027115
1.45641856696
1.45485657049
1.45643469971
1.4600311552
1.46362367393
1.46583690247
1.46558548978
1.46226499955
1.45589722239
1.44784430794
1.44051359104
1.43546263626
1.43207941484
1.42910636038
1.42582072431
1.4223401865
1.41951093804
1.41823835987
1.41907646588
1.42136983215
1.42369578531
1.42486240062
1.42464138338
1.42373026522
1.42305904231
1.42343111007
1.42485165176
1.42657322151
1.42727877193
1.42607458013
1.42337823367
1.42041172169
1.41836302549
1.41749943221
1.41747157877
1.41743367623
1.41657907446
1.41484036988
1.4130122518
1.4123482464
1.41376695594
1.41723508772
1.42153484072
1.42449697206
1.42431644691
1.42030667219
1.41349070652
1.40565099707
1.39834898474
1.39250651728
1.38816443806
1.38513458123
1.38328638498
1.38275943458
1.38400617125
1.3870236397
1.39115324662
1.39518047368
1.39763397424
1.39722281223
1.39336556182
1.38675429727
1.37998899342
1.37663501165
1.37886862318
1.38569241407
1.39373226403
1.39945746852
1.40053444929
1.39584928779
1.38550873587
1.37147235347
1.35814939519
1.35144336818
1.35451766382
1.36398981097
1.37334960612
1.37815295621
1.37688809671
1.37023576554
1.35979622161
1.34865891345
1.34101017628
1.34048960781
1.3474015041
1.35835725821
1.36935539076
1.37811728758
1.3841350826
1.38789377701
1.39014738337
1.39190625633
1.39374829307
1.39575569859
1.39754449415
1.39871910861
1.39919218304
1.39900977844
1.39823502561
1.39697620835
1.39539100273
1.39403333068
1.39367693943
1.39511028435
1.39861646934
1.40372853289
1.40920688636
1.41316896849
1.4134900523
1.40952278993
1.40289349097
1.39644676682
1.39280352058
1.39305212196
1.39693027561
1.40326358325
1.41015917241
1.41549150266
1.41779656648
1.41762668377
1.41700074049
1.41818228132
1.42189929892
1.4271934089
1.43209527239
1.43431836397
1.43248780994
1.42725550741
1.42164459533
1.41918198291
1.42227402227
1.43130940633
1.44464155275
1.45924896418
1.47153273144
1.47835703002
1.4787376374
1.4746434438
1.46974526419
1.46721882499
1.46853182884
1.47307999897
1.47907603066
1.48431847167
1.48724723363
1.48783755385
1.48752732924
1.48831566176
1.49150350942
1.49729272867
1.50464814471
1.51213992865
1.51827322697
1.52242558599
1.5246674662
1.52601663967
1.52723203183
1.52844714973
1.52922913403
1.52887298143
1.52707735168
1.52433253993
1.52204055694
1.52167353334
1.52419401685
1.52901093166
1.53460793104
1.53904376715
1.54107943858
1.54053975455
1.53839622918
1.53613287002
1.53507244666
1.53591907548
1.5381791697
1.54066958122
1.54230594386
1.54292886557
1.54337461562
1.54538992978
1.55039608239
1.55947471557
1.5723943662
1.58706705749
1.59986816084
1.60754502823
1.60937174179
1.60740962056
1.60437537719
1.6025169943
1.6024680613
1.60348453932
1.60338993671
1.59949567945
1.59136677788
1.58170689456
1.57412138761
1.57054708826
1.57113562847
1.57476732161
1.57983651226
1.58414739706
1.58531168872
1.58138664504
1.57239438343
1.56124265622
1.55225297807
1.54830529964
1.54968275708
1.55405216125
1.55823859629
1.55926956719
1.55600228115
1.54971412236
1.54320845783
1.53947177267
1.53983349628
1.54399366954
1.55050568503
1.55738927437
1.56254996003
1.5648562517
1.56436083037
1.56257888453
1.56147986942
1.56224489796
1.56475140392
1.56803440741
1.5709199859
1.57252782649
1.57273549087
1.57191035683
1.57059311938
1.56948170405
1.56834354091
1.56684923812
1.56438652879
1.56067893489
1.55603478261
1.55100415512
1.54631250214
1.54250888776
1.53973487876
1.53745373555
1.53499790045
1.5319210307
1.52842712843
1.52537931481
1.52340160168
1.52319295201
1.52478035212
1.5278983261
1.53199511259
1.53613884088
1.53929116259
1.54065762375
1.54039204566
1.53898701023
1.53717867007
1.53523775727
1.53318851934
1.53076180603
1.52795899348
1.52477267846
1.52159244265
1.51897317525
1.51710778936
1.51573955741
1.51382992836
1.51037891269
1.50466396387
1.49652271824
1.4868320293
1.47737737738
1.47042778258
1.46731842653
1.46770068206
1.46945716154
1.47021325535
1.46800013312
1.46208884368
1.45317366927
1.44335374006
1.43569479392
1.43249250309
1.43386574799
1.43668914524
1.43691422771
1.43147448015
1.41988705946
1.40362694301
1.38561677574
1.36955044526
1.35911422585
1.35679392075
1.36234125985
1.37241354749
1.38174639546
1.38585434174
1.3826211523
1.37297978031
1.36042600897
1.34934955938
1.34380968918
1.34545891728
1.35238968715
1.36043332996
1.36534820825
1.36522689995
1.36027263875
1.35224410147
1.34373645427
1.33769652651
1.33649080295
1.34127796461
1.35058364353
1.3606609922
1.36768224036
1.36985582307
1.36800196436
1.36422109132
1.36059612094
1.35881782598
1.35953436408
1.36240596091
1.36610145239
1.36920840866
1.37084578864
1.37123124386
1.37119853743
1.37148523267
1.37245791486
1.37373300148
1.37448200654
1.37368055809
1.37031084487
1.36424706779
1.35644594304
1.34912911642
1.34456656989
1.34413737045
1.34767584809
1.35328128573
1.3586595779
1.36172047131
1.36188839016
1.35959757266
1.35603326028
1.35236664162
1.34936397755
1.34742292463
1.34617110122
1.34482879843
1.34252052838
1.33866368263
1.33357555499
1.32835331414
1.3239441752
1.32097284328
1.31924134936
1.31767498741
1.31471501481
1.30898796886
1.29989121662
1.28803874429
1.27481206914
1.26189737758
1.25079658752
1.24247890008
1.23716216216
1.23452025372
1.23356395601
1.2332987656
1.2330074174
1.23245704114
1.23186582809
1.23157443464
1.23207519674
1.23371068255
1.23681397663
1.24136554927
1.24672804882
1.25189426407
1.2560267405
1.2587106833
1.25993503352
1.25970244647
1.25813639186
1.25541157966
1.25206658794
1.2494461844
1.24961594664
1.25414543105
1.26241375794
1.27148113177
1.27865910329
1.28283514493
1.28392442824
1.28228064186
1.27815406212
1.27218109645
1.26546003017
1.2596767333
1.25611356728
1.25477086413
1.25427921243
1.25272238258
1.24858254219
1.24082584083
1.22887880316
1.21266693646
1.19338014042
1.17338643858
1.15638170724
1.14564922334
1.14221561252
1.14441925207
1.1492279327
1.15371066228
1.1558899813
1.15476485916
1.15030976966
1.14317073958
1.13451908695
1.12543111863
1.11666504271
1.10830383529
1.10000977931
1.09150326797
1.0828582792
1.07457106616
1.06764755058
1.06316489362
1.06167169663
1.06271945366
1.06492110173
1.06660014966
1.06641472028
1.06401539847
1.05984326019
1.0552463344
1.0516879341
1.05064327102
1.05296351329
1.05857796037
1.06653866525
1.0748671924
1.08155480285
1.08526291589
1.08584877712
1.08429068035
1.08182121414
1.07944129201
1.07761495705
1.07604601103
1.07404562306
1.0706394486
1.06529554656
1.05809312639
1.05035748553
1.04389562259
1.03996990218
1.0388399324
1.0396805972
1.04089928395
1.04091989465
1.03831658291
1.03222626373
1.02290129472
1.01181339087
1.00160210766
0.995135634143
0.994160481233
0.998053730928
1.00456903363
1.01054565247
1.01318985292
1.01073829994
1.00291458285
0.990878775991
0.977358976008
0.965872138911
0.959460297767
0.959371746984
0.964750327514
0.97297545449
0.981047799249
0.986457410454
0.98772986273
0.984680034412
0.978040086091
0.969492787973
0.961049900603
0.954619285975
0.951007340814
0.949462568358
0.948325944045
0.94582885144
0.940941528883
0.933716408381
0.925017277125
0.915943523212
0.907504562044
0.900315152892
0.894504748982
0.889539301494
0.884397600493
0.878087671693
0.87031118587
0.861423644485
0.852498995811
0.844511392553
0.838313878855
0.834149159345
0.832115663245
0.831789931635
0.832498210451
0.833550105289
0.834339657339
0.834795763994
0.835366582945
0.836649959963
0.838877400295
0.842035319828
0.845687231839
0.849182079981
0.851796674811
0.852756705095
0.851732473811
0.848958024105
0.845267150881
0.84195368862
0.839979225576
0.839437268046
0.839723063609
0.839821055078
0.838646294613
0.835432534155
0.829770672415
0.821868583162
0.812748761887
0.804042313203
0.797418528012
0.794088038803
0.793980422651
0.796058452058
0.798631266995
0.8002143951
0.799717349227
0.796929905678
0.792445831917
0.787427651738
0.783271490414
0.781082578977
0.781555474096
0.784357541899
0.788604090381
0.792738674325
0.79534964228
0.795492059878
0.793021813877
0.788611500701
0.783468986809
0.778799503554
0.775585065544
0.774225028703
0.774451328971
0.775557174071
0.776338061052
0.775533337209
0.772561098477
0.767607034291
0.761711193967
0.756374330661
0.752834091849
0.751776370146
0.753338115206
0.757017883838
0.761855813307
0.766606372617
0.769963614143
0.771038100497
0.769634940616
0.76636553539
0.762367419642
0.758766838539
0.756332636494
0.755427631579
0.756113791382
0.758078529189
0.760823519444
0.763851533082
0.766542562193
0.76855163165
0.769786553417
0.770394557823
0.770653315029
0.770782069113
0.770966880342
0.771209603944
0.771449384848
0.771680548751
0.771925970674
0.772252321981
0.772760055479
0.773322603918
0.773635632917
0.773204442844
0.771438077019
0.768144937201
0.763327295527
0.757482603471
0.751218965421
0.745166910194
0.739970700924
0.735949188426
0.733177015651
0.731562755779
0.730701038471
0.729971988796
0.728768267223
0.726657271547
0.723634767821
0.720157089481
0.716960082719
0.71482360645
0.714152111126
0.715093603744
0.717480537863
0.720896726602
0.724623233449
0.72764590398
0.72884050147
0.727261826249
0.722745226146
0.716129598736
0.708854181703
0.702266670487
0.697088770974
0.693395408016
0.691113584441
0.689934003211
0.689684312187
0.690118431925
0.691171918529
0.692794759825
0.695062075867
0.698117324356
0.702085586281
0.707049130302
0.712638140263
0.718381564845
0.723550093066
0.727427898764
0.729583590467
0.729907502569
0.728783748131
0.726744355852
0.724619584156
0.722841908056
0.721696359633
0.721024679788
0.720420683611
0.719231855408
0.716845472302
0.712575701572
0.706137596346
0.697785397914
0.688525056948
0.679801006275
0.672914740411
0.668595754153
0.666703650283
0.666592582303
0.667402542965
0.668406058726
0.669083642592
0.669136588613
0.668586033667
0.66765074253
0.666777539234
0.666615676436
0.667777572055
0.670575097711
0.674894304899
0.68023255814
0.685762216906
0.690561937287
0.694108878606
0.696176937195
0.697011293442
0.697113879672
0.69721603214
0.697977513975
0.69991226421
0.703257989088
0.70787525936
0.713297250753
0.718651630451
0.723083941606
0.725913570887
0.726958420526
0.726588679705
0.725318324414
0.72378516624
0.722403678453
0.721378598833
0.720712767697
0.720231023102
0.719699477064
0.718758230182
0.716997047659
0.714267608758
0.710903388475
0.707404316204
0.70449790795
0.702588922619
0.701710232798
0.701511517008
0.701592722348
0.701472758486
0.70077089115
0.699379351627
0.697465799507
0.695358240336
0.693831315943
0.693750601212
0.696020401738
0.701121524044
0.70925914835
0.719948436996
0.732194966918
0.744841875054
0.756479981486
0.765926273223
0.772341949734
0.775502106099
0.775611740409
0.773385568864
0.769560063224
0.764822800162
0.759718406593
0.754663691203
0.749850114618
0.745477806603
0.741706499251
0.738643656849
0.73623682249
0.734559419371
0.733535967579
0.732944889536
0.732767250009
0.732860194309
0.733057566356
0.733333333333
0.733654913937
0.734016950926
0.734494968972
0.735016550461
0.735709743517
0.736610937943
0.737702587432
0.739034068566
0.740512265512
0.741940194969
0.743151192063
0.743896025843
0.743903368389
0.743012662137
0.741211813819
0.738669389679
0.735852766526
0.733372479937
0.731740428998
0.731275167785
0.731906334206
0.733200241073
0.734586663665
0.735574397839
0.735721273234
0.734785733197
0.732693625771
0.729496568383
0.725688285648
0.721775440767
0.718509940166
0.716537546982
0.716274130542
0.717708177605
0.720394132137
0.723642808058
0.726679968645
0.728936439783
0.729971050888
0.72974848222
0.728349319575
0.726128998718
0.723554350848
0.721029145168
0.719030803119
0.717774429768
0.717357749246
0.717639215411
0.718470757263
0.719551785527
0.720823798627
0.722130584192
0.72360798746
0.725203527815
0.726704275131
0.727905382242
0.728527234176
0.728309615453
0.727135948415
0.725077825237
0.722371771553
0.719357534794
0.716363505125
0.713689839572
0.711557331091
0.710188679245
0.709877370502
0.710790895693
0.712893890675
0.715835348009
0.719079365079
0.722101564995
0.724465711792
0.725800092002
0.726031979661
0.725189800157
0.723510906765
0.721383120062
0.719340203285
0.717791842475
0.71720065686
0.717720207254
0.71934363723
0.721652249715
0.724305555556
0.726689995748
0.728387452558
0.729061179734
0.728592069353
0.727069208136
0.72481447272
0.722111269615
0.719321478118
0.71669905347
0.714445932895
0.712661130392
0.711305206629
0.710228847753
0.709233186481
0.708129980849
0.706755246492
0.704892918556
0.702585935036
0.699888588254
0.696958016125
0.693986593698
0.691219146369
0.688882325917
0.687144745539
0.68620781646
0.686053572633
0.686770893914
0.688294546718
0.690487942462
0.693055158617
0.695598801314
0.697792004656
0.699178382326
0.699598393574
0.698807879625
0.696921635066
0.693961981526
0.690112526015
0.685639412998
0.680846634282
0.676152650665
0.672034685661
0.66914485405
0.667891781521
0.668767483401
0.671782408949
0.676769998686
0.683283127652
0.690742754782
0.698505667068
0.70590269047
0.712384114257
0.717562993607
0.721312507873
0.723794099902
0.725340354482
0.72637398374
0.727215815486
0.727975991997
0.728633916555
0.729159624096
0.729232120536
0.728723046954
0.727396668108
0.725030380661
0.721586303058
0.717286048674
0.71257713595
0.707964882254
0.704
0.701006872303
0.699020653544
0.697834419946
0.697074353269
0.696372186765
0.695378364652
0.69386853375
0.691641182467
0.688678287358
0.685001007997
0.680751329787
0.676413702672
0.672520461429
0.669627335082
0.668186470643
0.66840707154
0.670223377566
0.673394384866
0.677554843778
0.682201969092
0.686795366795
0.69070578258
0.693522046815
0.694806680394
0.694582430405
0.693092807975
0.691030697993
0.689055668399
0.687889581478
0.687880016214
0.689115398617
0.691505167959
0.694849582611
0.699190246005
0.704335207691
0.710063945497
0.715854965468
0.721165919283
0.725527540964
0.728484550648
0.729975614331
0.729995231283
0.728672680412
0.726248091727
0.722884114583
0.718968871595
0.714854665168
0.71095135546
0.707702845756
0.705499143626
0.704586493319
0.705109141736
0.70698320719
0.710108901515
0.714404960649
0.719544947041
0.725293234925
0.731246308328
0.736797354747
0.74137383237
0.744467827307
0.745657568238
0.744735263474
0.741919365416
0.737703399512
0.732843587389
0.728012929983
0.723906135419
0.720983172855
0.719742849157
0.720323571832
0.7228607515
0.727197897869
0.732895733401
0.739220097488
0.745092618192
0.749317411263
0.750765909025
0.74887269221
0.743737370941
0.736184120931
0.727144790257
0.717630779249
0.708431426225
0.700013852334
0.692560083008
0.686131180054
0.680640374408
0.675876879026
0.671672530679
0.667975194857
0.66479770089
0.662339471265
0.66084987713
0.660590182019
0.661726193793
0.664171883893
0.667798893151
0.672352887896
0.677535556798
0.683028339052
0.688575950389
0.693921498254
0.698886341304
0.703408385347
0.707196994235
0.710114869177
0.71181240412
0.712130986391
0.711152844248
0.709136352686
0.706440022946
0.703316784942
0.699892158373
0.696081792962
0.691854790466
0.687164842139
0.68208645717
0.676992
0.672462932718
0.66920419652
0.667858282796
0.668674506804
0.671471394859
0.675746615025
0.680933350522
0.686516196175
0.692173741622
0.697755495053
0.703194202121
0.708631507546
0.714177901273
0.720055565202
0.726530612245
0.733642360492
0.741263537906
0.748924221428
0.756009835945
0.761754218285
0.76549855359
0.766959297686
0.766006152085
0.76298952401
0.758457608395
0.753047434722
0.74758583691
0.742766772099
0.739124650792
0.7370143969
0.736597364963
0.737796563949
0.740374987052
0.744029093961
0.748232466063
0.752439980053
0.756182987848
0.758970330965
0.760762148519
0.761684225412
0.762268534817
0.763082008721
0.764600084638
0.76692689851
0.770166774032
0.774065378364
0.778174400816
0.782130684942
0.785496379608
0.788106956586
0.789825921592
0.790831881533
0.791355274504
0.791542394546
0.791625753963
0.791606016497
0.791372091427
0.790713530836
0.789378846088
0.787217379461
0.78412709282
0.780233441536
0.775924633636
0.771655208884
0.7679943101
0.765459032223
0.764313865998
0.76468695248
0.766448538303
0.769209049518
0.772380485756
0.775412397986
0.777662660588
0.778754048653
0.778364389234
0.776710476124
0.774148471616
0.771273598197
0.768720513639
0.767046669042
0.766571632217
0.76734114306
0.769119667453
0.771473408893
0.773806237924
0.775609255905
0.776596828415
0.776577735645
0.775688586238
0.774218776565
0.772567128442
0.770996312506
0.769821683062
0.769122807018
0.768903541423
0.768819902495
0.76863072346
0.768018514437
0.766817810154
0.765087581111
0.763209467099
0.761576688502
0.760614441621
0.760637708971
0.76171109013
0.76364739905
0.765986633837
0.768261263143
0.769945885944
0.770703519337
0.77029640308
0.768813559322
0.76641143811
0.763391705069
0.760247659543
0.757417952945
0.755479349933
0.754735682819
0.755362651553
0.757105401154
0.759566020946
0.762215976432
0.764913591145
0.767430639324
0.769787474405
0.772121079981
0.774554574038
0.77729526152
0.78041136141
0.783822250336
0.787136716748
0.78964376095
0.790558103976
0.789669421488
0.787223769731
0.783854841696
0.780317129457
0.777028808134
0.774236743439
0.772030203955
0.77027027027
0.768488617789
0.766165982708
0.762863446537
0.758288894041
0.752551599002
0.746114758355
0.739537948962
0.733185486803
0.727444085983
0.722580411475
0.71880772156
0.716199095023
0.714853632093
0.714620262286
0.715254115706
0.716334831942
0.717613636364
0.718876070493
0.720159666537
0.721666960975
0.723557692308
0.726030307322
0.729194000213
0.73307310149
0.737472960034
0.74214770798
0.746699059892
0.750822310869
0.75431648428
0.757329102573
0.760292050869
0.763803995219
0.768435067595
0.774360556813
0.781346253677
0.788832736717
0.796072129977
0.802204197432
0.806526806527
0.808504255878
0.807980049875
0.805330812854
0.801464238784
0.797853044605
0.796325211518
0.797928751913
0.80293684727
0.810436783212
0.819101123596
0.827649142898
0.835123997351
0.841049030787
0.845101968643
0.847369060639
0.848027216529
0.847724497958
0.847226329798
0.847380792478
0.848528802321
0.850496709047
0.852523372051
0.853942544019
0.854158264096
0.852799286496
0.84978558301
0.845166069885
0.839211790031
0.832483310528
0.82581231163
0.820143003064
0.816377470913
0.81484269752
0.815173653162
0.816702736126
0.818659406396
0.820573432972
0.822127788739
0.823478326537
0.824751173709
0.826362957431
0.828637190481
0.831824731223
0.835962261369
0.840810152734
0.846014089729
0.851191144022
0.855835759386
0.859804146584
0.862952797
0.865308189823
0.866974270744
0.867986412089
0.868492512996
0.868562437639
0.868180957789
0.867487409065
0.866541560879
0.865448988502
0.86430454726
0.863231850117
0.862289513623
0.861483532498
0.860769770102
0.860122285157
0.859435295916
0.858699883223
0.858013454689
0.857606214712
0.857643081381
0.858450789062
0.859947435489
0.862081184299
0.86454276367
0.867012023041
0.869462880074
0.871903229558
0.874568424357
0.877923012352
0.882516680994
0.888921552159
0.897569146195
0.908145052457
0.919425087108
0.92967136958
0.937410435809
0.942276724885
0.944659363929
0.945522448648
0.945447104563
0.945055402816
0.944536882973
0.944079523559
0.943622174381
0.943094629156
0.942315672984
0.941320293399
0.940141973895
0.938971387179
0.937779767234
0.936569320354
0.935164200329
0.933288620613
0.930706031058
0.927212308813
0.922918948521
0.918125737095
0.913352399678
0.909238036917
0.906193934216
0.90454678546
0.904351412662
0.905493061828
0.907617437209
0.910528072078
0.913661155976
0.916834052737
0.919888555508
0.922995152649
0.926380368098
0.930390838326
0.934777395892
0.939113511796
0.942621963461
0.944748651653
0.9450726979
0.943620568621
0.940493860478
0.936151776349
0.931360029189
0.9273805779
0.92521078153
0.92566998146
0.928356264756
0.932077421406
0.935487680076
0.937665102709
0.938281901585
0.93736241745
0.935254114523
0.932604662418
0.930075006049
0.928436152637
0.928260343576
0.929803254797
0.932827912285
0.936689111513
0.940606710082
0.944028930714
0.94657511985
0.948174134907
0.948816902507
0.948677774381
0.947806039533
0.946149479659
0.943626887407
0.940197648529
0.936083787981
0.931655693339
0.92747440273
0.924454891789
0.923144982908
0.923762336676
0.9257806245
0.928368275638
0.930405377197
0.931086627781
0.929830053667
0.926360333011
0.920977615776
0.91443101759
0.908199114842
0.904328018223
0.90370958309
0.9056330083
0.90839208189
0.910290024606
0.910669872326
0.909370725034
0.907076734085
0.904867946377
0.904271905207
0.906909409958
0.913257235689
0.922211105553
0.931502902071
0.938921511868
0.943098662629
0.943522449505
0.940397063296
0.934490991969
0.927299829642
0.920860655738
0.917241110722
0.917013064133
0.919599985559
0.923499638467
0.927553444181
0.931380882467
0.935089559464
0.939218887354
0.944706184684
0.951854876843
0.960086437015
0.967974479016
0.974265905383
0.978620098739
0.981459206106
0.983519291372
0.985353446764
0.987264872649
0.989074285714
0.990013679891
0.988953952622
0.985780590717
0.981694185212
0.978582628982
0.977497276382
0.97856066315
0.98146020072
0.98568178252
0.990775056397
0.995949241516
1.00021133607
1.00236610024
1.00178859661
0.998675496689
0.994420390126
0.99068113267
0.98866765994
0.988567073171
0.989413573468
0.988757848295
0.984004546931
0.973829737518
0.95914809762
0.942533919645
0.92626117255
0.911932475141
0.900586637269
0.892991892109
0.889863191653
0.891356323702
0.896394959324
0.902663136583
0.907570725003
0.909823907504
0.909424630009
0.907320188393
0.904555675856
0.90197700749
0.900158406879
0.898689632819
0.896296638772
0.891187980748
0.882738120881
0.872394971882
0.862272067129
0.853957412616
0.848437945501
0.846211709641
0.848059277129
0.854301122801
0.864300066979
0.875175994368
0.882440160983
0.883983947464
0.880695679547
0.874960827327
0.86844629156
0.86192451265
0.855753787386
0.85035618676
0.846189917937
0.844054118206
0.844110205229
0.846028291621
0.848677895104
0.851583365128
0.854473077729
0.857221098753
0.859359595353
0.859939561161
0.85697762356
0.848776805932
0.835770674259
0.822127763927
0.813181329648
0.811499963469
0.816317049637
0.825697318697
0.837836836058
0.851022696516
0.863491035655
0.872972403623
0.87726662916
0.875158179517
0.867772880477
0.858212744351
0.849317899959
0.842607248671
0.83815144945
0.835140216826
0.832772301034
0.830418312243
0.828005531153
0.825957972806
0.824833424129
0.825067281815
0.826595374717
0.828640350877
0.829877145596
0.829094305974
0.826134879164
0.822012948793
0.81801829385
0.814816229846
0.812663465667
0.811303148328
0.810470848207
0.809661235182
0.808419126058
0.806249712366
0.803154914386
0.799785545786
0.797019422615
0.795167038734
0.793946628673
0.792885009077
0.791134279219
0.787957177538
0.782970217869
0.776864056659
0.771747775043
0.76965482453
0.771145999032
0.775029807529
0.779631103575
0.783339935895
0.784670285866
0.781904037777
0.774031265591
0.761539429003
0.748565848895
0.740531612507
0.739495492876
0.743395155857
0.749137807156
0.754222089374
0.756908462867
0.755840210207
0.750168861871
0.74076107615
0.730942622951
0.725115898555
0.725874592351
0.732507472361
0.742820078556
0.753965326448
0.763336123583
0.768274683446
0.767351042029
0.762440047962
0.757787209553
0.756554701485
0.759224537446
0.764983065822
0.772721932882
0.781614029185
0.791162853418
0.800487987988
0.807958801498
0.81190180787
0.81225256112
0.81037847767
0.807402971668
0.803442784561
0.798382370179
0.791937109454
0.784573592361
0.777503090235
0.772961442486
0.772961935583
0.777688043758
0.785019524317
0.792291974917
0.797864717684
0.80097015478
0.801664675735
0.800552574678
0.798647478454
0.797541908783
0.798596695176
0.801697655618
0.804659498208
0.804638513258
0.800260999254
0.792117117117
0.781705259929
0.770702647256
0.760927960928
0.75407910742
0.751968334552
0.755664207448
0.764179623035
0.773264370716
0.777592305552
0.775077347448
0.767787610619
0.75917383821
0.751757484311
0.746912506523
0.744973620419
0.745504385965
0.747068863164
0.747532256276
0.745204984649
0.740335547012
0.734874536107
0.730909582376
0.72960476745
0.731295878035
0.735329692482
0.740249372767
0.74421875
0.745522979398
0.743779314731
0.740119950749
0.736517167211
0.734654422426
0.73562887784
0.739693111879
0.746205405405
0.753766851705
0.760551516226
0.765036932817
0.767166365124
0.768214420536
0.770217808835
0.774548656979
0.781571044729
0.790561515187
0.800047167957
0.808487958942
0.814792734788
0.818644135667
0.821008064516
0.823224342612
0.826596867137
0.831523940695
0.83708069269
0.841426556518
0.842454663212
0.838724242673
0.829865926953
0.816843472613
0.802255605581
0.789796753512
0.782985319595
0.782766500874
0.786123156982
0.788427819988
0.786769454311
0.780871003308
0.772475285908
0.763586747636
0.755867825554
0.750143485747
0.746388196973
0.743982157964
0.742000309167
0.739723366229
0.736961009621
0.734576034723
0.734120784911
0.736883059137
0.742296918768
0.748274291321
0.752727650584
0.754188781351
0.752341201641
0.747710508499
0.741676026231
0.736187743692
0.733261177876
0.7338749478
0.737367460287
0.742113470073
0.746335824285
0.74874606818
0.749047783934
0.747761000303
0.746366679378
0.745972535356
0.746574251115
0.746758109653
0.745129224652
0.740350735086
0.732150193082
0.721521578904
0.711545349624
0.706058651694
0.706668598544
0.711703409655
0.71813593901
0.723435709798
0.726268806033
0.726257874173
0.724259921926
0.722695207979
0.72455042383
0.731293827541
0.741442984961
0.75217961577
0.760881696429
0.765845362535
0.76611449661
0.76137256614
0.752920738328
0.743753187149
0.736914371307
0.733466102398
0.731937394247
0.730155956489
0.726280663781
0.719517806202
0.710556657289
0.701446374966
0.694884260292
0.692358569602
0.693257233873
0.695416461311
0.696267172813
0.693925128895
0.688340514427
0.681172698122
0.674872903407
0.671226935815
0.670619816499
0.672232864163
0.674522763839
0.67543546226
0.672838142371
0.665944594876
0.656882475793
0.648739144083
0.643181283404
0.640287769784
0.639560121545
0.640790184428
0.64410578216
0.649888566503
0.657818105085
0.666209476309
0.672797438213
0.675775572075
0.674769018219
0.670470561491
0.664513677812
0.659411878506
0.657744059548
0.66069124424
0.66690470877
0.673980496454
0.680088977665
0.684173105181
0.68588538058
0.685393258427
0.683672451626
0.682566643076
0.683314415437
0.685824068018
0.688974501549
0.691744074311
0.693509911985
0.693951527924
0.693289786223
0.692189063021
0.691572195102
0.692030122372
0.693509428082
0.695886716116
0.699426464564
0.70486960925
0.713178624654
0.724323198667
0.735787418828
0.744355705729
0.748927203065
0.750138921966
0.749200471301
0.747250774272
0.745657332701
0.74644014534
0.751833439976
0.762303715052
0.774970026745
0.78612769036
0.794222506628
0.799299772899
0.801988523941
0.802610535005
0.801148447469
0.797731670608
0.793118119449
0.788360885112
0.784483627204
0.78168353493
0.779621200998
0.778072111847
0.777137176938
0.7769289534
0.777543155783
0.778765459364
0.779275630641
0.775814566363
0.763313963937
0.739007413276
0.709452635831
0.685906218235
0.672598148739
0.667251774403
0.666358950689
0.667547653372
0.669510135135
0.6716
0.673306589201
0.674661689221
0.67592380078
0.677392153382
0.679166307068
0.680838246052
0.681781985489
0.681323789161
0.67863977624
0.673706764616
0.668123393316
0.664689620508
0.665142301143
0.6688196737
0.674295689279
0.680004036531
0.684294192454
0.685211576409
0.681855478366
0.675823310048
0.670069375619
0.666192777936
0.664113888367
0.662929528247
0.661227019211
0.657470757007
0.651080572504
0.644644534055
0.642168307786
0.64397050588
0.647837401292
0.652081158368
0.656082395937
0.659807750075
0.663741627291
0.668289398726
0.673353145121
0.677911534155
0.681085703997
0.682415888274
0.681652548389
0.678848172774
0.675042743899
0.673040640457
0.675962627407
0.682820698776
0.690141974814
0.695613574916
0.69854824936
0.698869900772
0.697066822067
0.694974849832
0.695565911503
0.699936265137
0.70648937472
0.713667129104
0.721787404441
0.732185628743
0.746570203644
0.763894191437
0.778256580655
0.784150907171
0.782690715009
0.777715144682
0.771759282457
0.765595360685
0.759680500087
0.754816841104
0.752593958958
0.753752470488
0.756617463097
0.758841010401
0.759023789992
0.756399271715
0.749726895346
0.738568694173
0.724419519874
0.711426524581
0.703072983355
0.700030622512
0.701250816765
0.705727484973
0.712694420204
0.721192996743
0.729172756504
0.734244670992
0.735366297037
0.733008130081
0.728843083176
0.724875373878
0.722582900519
0.722536034281
0.724086011387
0.725884802221
0.726763084751
0.726202838352
0.724917741683
0.72469374597
0.727730299376
0.733924934536
0.74004942194
0.742947622818
0.741457906403
0.735926753406
0.727369591402
0.718057429177
0.711194320171
0.709934978007
0.714866950381
0.723109989721
0.731288756429
0.737263136843
0.741259456144
0.744864482915
0.749345359325
0.754308729861
0.758186872732
0.759254646007
0.7565807327
0.749881880463
0.740814547266
0.733586172594
0.732816355305
0.737877301951
0.743612565445
0.745499225386
0.741327428604
0.730780899217
0.715945689927
0.70289039039
0.699246349505
0.705875952122
0.715642516089
0.72211493293
0.722894836853
0.718686181076
0.712158374212
0.707262569832
0.707674418605
0.713959593654
0.72296004502
0.730298115107
0.733077051646
0.731132335891
0.726418169963
0.721972614463
0.720370567565
0.721830037183
0.724733675553
0.726743199683
0.726184338661
0.723006833713
0.718335644938
0.714521627957
0.713052803595
0.713711677746
0.714904295626
0.71524529804
0.714606741573
0.713649143282
0.713318910523
0.714689265537
0.717617635084
0.720125083761
0.720008238081
0.717385112039
0.713855833675
0.710669998149
0.708486722623
0.707541646708
0.707895492392
0.709069140976
0.709900230238
0.709505280712
0.708119970739
0.70644220437
0.704715941877
0.702924040893
0.700509357294
0.697223677318
0.693469080812
0.690014306152
0.687993999885
0.688524590164
0.692370537959
0.699546632124
0.707985469377
0.714500060017
0.717658964412
0.718206268182
0.717532098625
0.716348507097
0.714550019823
0.711257460383
0.705820035754
0.698984468339
0.692814660023
0.688297653355
0.685546769942
0.68471169106
0.686432546536
0.691356374089
0.698899215609
0.706734069775
0.712422211584
0.716011901148
0.718630439012
0.721351788098
0.724174352871
0.725273244498
0.721977240398
0.713610089333
0.702785220263
0.692611145899
0.685073452256
0.680942154486
0.680353918382
0.683112558277
0.68814157962
0.694180704441
0.700062843676
0.705868186562
0.712495984581
0.720518223679
0.728936392075
0.736182703322
0.740832683169
0.74201760128
0.739398074445
0.734164588529
0.728736695974
0.725460821033
0.724780777463
0.725079533404
0.725014862276
0.723981286867
0.723046765612
0.724893617021
0.732039780235
0.744568839131
0.759185508736
0.771784232365
0.779629992809
0.78179483714
0.778467480516
0.771279157779
0.763045685279
0.756586444996
0.753023508629
0.752001123438
0.752409245707
0.753683442743
0.755298787836
0.757071659483
0.758616246859
0.759128722931
0.757726304923
0.754040805511
0.748135707088
0.741416023423
0.736139896373
0.733792058582
0.735013794833
0.738981110475
0.744148349867
0.748440748441
0.750173929543
0.749168732241
0.746924018893
0.745371176505
0.745970149254
0.749266037854
0.754972934194
0.761917550692
0.768261964736
0.772126771168
0.773049157786
0.772181592383
0.771524771525
0.772708840227
0.775356576862
0.778277299974
0.780122667018
0.780315500686
0.779380997042
0.778858382584
0.780467695998
0.784038922373
0.78806469604
0.79058164172
0.79046232758
0.787495508444
0.782899131597
0.778807353161
0.777215746646
0.778327241453
0.780808153305
0.783312206398
0.784885848381
0.785027866914
0.783358869595
0.780600898983
0.77766230167
0.774629303845
0.771015571686
0.766679800368
0.761976047904
0.75799739922
0.756034962257
0.756410664544
0.757686311194
0.757513587997
0.754908588109
0.750831822124
0.747573848294
0.747136301835
0.750158618259
0.755633802817
0.761464062204
0.765669902913
0.767659533449
0.769197496779
0.772681078288
0.778671701831
0.785696801567
0.791689053056
0.79534904014
0.796060389494
0.794798717492
0.793740698591
0.794241156996
0.796218487395
0.79865911237
0.800410254337
0.800584438522
0.799101960355
0.797501012815
0.797884020361
0.800158227848
0.802044262732
0.801033255188
0.796138732274
0.787925098665
0.778859758635
0.771457489879
0.766506382235
0.762566258454
0.757127981825
0.748654622333
0.736781169266
0.723238636364
0.711057510405
0.703707962058
0.70246660817
0.705784961072
0.710112804275
0.71340474522
0.715814444951
0.719837994468
0.729623265654
0.748564521003
0.77341563786
0.793657532904
0.803228522725
0.804647052708
0.802374099114
0.799117995578
0.795728900928
0.791480751966
0.784869527821
0.775523101495
0.764715583016
0.753361262103
0.741238715311
0.728125678708
0.716665608936
0.716537202285
0.732597535175
0.748091393797
0.753998798996
0.75369879415
0.75073096093
0.747049885228
0.743971276173
0.742656777794
0.743313282639
0.743405624534
0.740699059976
0.736542529715
0.732774437997
0.730614452274
