0.734462667242
0.856376802415
0.941876046901
0.998100605302
1.04253731343
1.09233221614
1.15300217024
1.21619201146
1.26739956026
1.29253925372
1.28295965977
1.2445336257
1.2021903446
1.18212305932
1.18979729081
1.21147211586
1.22700327645
1.21769935038
1.17321806901
1.09919096264
1.01234048007
0.92657209631
0.848428734818
0.786929684781
0.764420879422
0.798072152527
0.86278669629
0.917409275936
0.94647606383
0.954454349647
0.951496842361
0.949290092569
0.95966821521
0.98641137502
1.01465161199
1.02295224139
1.00830826529
0.985664389614
0.973764653093
0.98623002788
1.02499430978
1.07608772301
1.11621722176
1.12910082618
1.11682400978
1.09576082106
1.08347812949
1.08776174501
1.10364543456
1.11844679186
1.12092165451
1.10811104799
1.08671063896
1.06854751685
1.06158121932
1.06272123638
1.06101109908
1.04804930853
1.02414794437
0.99636423012
0.973329990954
0.960161097203
0.954841286117
0.948694792984
0.933701196424
0.910334549566
0.887333999714
0.874801611525
0.878189008315
0.895549664618
0.917959586003
0.935126034251
0.942714702286
0.945135536576
0.949694274597
0.960550800149
0.976379423023
0.991437878083
0.998897160187
0.996577193299
0.988973182781
0.983317403771
0.982676893907
0.984565254673
0.983319148936
0.974488083249
0.960263266146
0.948773797999
0.948437998087
0.962043447123
0.986784140969
1.01698204755
1.0456097561
1.06604763827
1.07601831386
1.07944032418
1.08144628406
1.08335762168
1.08222447209
1.07387595779
1.05636758321
1.03272884907
1.0099152177
0.995010335733
0.990728945506
0.993448397323
0.996487037167
0.993767507003
0.983846260966
0.970203940546
0.958319004058
0.950890707752
0.946658364467
0.942438002096
0.935470235999
0.926555665303
0.920025188917
0.920843963318
0.929591836735
0.941796795782
0.951677397492
0.955026997471
0.950437719722
0.93975404173
0.928012626956
0.92113286808
0.922453626197
0.931085043988
0.944005887075
0.958206738235
0.97037793667
0.976790224589
0.974263207932
0.961660052465
0.941667222853
0.920170587059
0.90338552121
0.896470588235
0.902204597392
0.919205386308
0.941725248013
0.963269529229
0.98064516129
0.995181639511
1.01015196418
1.0268443777
1.04236763978
1.05091885952
1.04711503568
1.02993361497
1.00272743803
0.971529598244
0.944112263575
0.929171959112
0.931315413892
0.946267959351
0.96353655013
0.975567492636
0.98077928111
0.980830857076
0.978302488832
0.975094469255
0.971815931593
0.968394156529
0.964485877587
0.960839160839
0.957964726433
0.955943427994
0.95338866597
0.947870817203
0.938291139241
0.926935169936
0.918705682613
0.917400546614
0.924534097891
0.939175363209
0.95765865433
0.973443134197
0.979910609268
0.975333640129
0.964657156006
0.954880896777
0.950597382894
0.95162211017
0.953704573199
0.951577402788
0.943971535378
0.935939686696
0.934246322682
0.94308866038
0.961428640565
0.983033494223
0.997728041765
0.996962217581
0.981412117239
0.961112674735
0.947556615018
0.947052800936
0.959804751706
0.980677794638
1.00106853915
1.01170627882
1.00913929899
0.99890329013
0.991896997415
0.994241175594
1.00316580926
1.00958278048
1.00542203986
0.989159626935
0.966643707567
0.946607507852
0.935580183189
0.935351672558
0.943540916109
0.954290091931
0.961372961073
0.962807497071
0.96316749904
0.968222776074
0.979528626047
0.993956070955
1.00662680618
1.01257578035
1.00859584617
0.997035813208
0.986817236817
0.986493987049
0.99586625023
1.00832062127
1.01681813923
1.01651167204
1.00501002004
0.984624875433
0.964680632669
0.957560286274
0.968497251888
0.991592548343
1.01729093884
1.03887066749
1.05316982469
1.05992443546
1.06054695965
1.05731722931
1.05209914011
1.04597556894
1.03937892853
1.033320931
1.02945856624
1.02945519856
1.0331564473
1.03773868027
1.03931248857
1.03559707145
1.02763701707
1.01882581621
1.01374458874
1.01538294876
1.02305163132
1.0322930997
1.03736958813
1.03406103972
1.02207360304
1.00545514056
0.991108071135
0.985062921108
0.987962534278
0.995415658954
1.00155699722
1.0021835734
0.995261224973
0.981712720535
0.965322352751
0.952269573835
0.947390653201
0.950227594956
0.956006643292
0.960017869109
0.960361454932
0.957489721511
0.953210611376
0.949615170991
0.948156045171
0.948900841908
0.950851170119
0.952571428571
0.95347243375
0.954078896974
0.955574441783
0.959095508679
0.965199390696
0.973379132675
0.982016348774
0.989039179104
0.992909459249
0.992900568739
0.989270301303
0.982713880794
0.974454454454
0.966135458167
0.959663138011
0.956349974825
0.95577958529
0.956325757576
0.956092579986
0.954053030303
0.950376908216
0.946412420862
0.944316064107
0.945648978392
0.950364910497
0.957003610108
0.963804500957
0.969895667295
0.97549055101
0.981587825712
0.989138101284
0.99813709594
1.00749254136
1.01558021111
1.02137129655
1.02397932817
1.0226876699
1.01653411469
1.00522947774
0.990329079919
0.974341283921
0.959332876399
0.945650739176
0.932973883741
0.921343288718
0.911778033393
0.906318690904
0.907017725718
0.913781931039
0.924461773182
0.936409871318
0.947801339673
0.958035524733
0.966712151681
0.973281340266
0.977136283568
0.977777777778
0.97566582959
0.972081667315
0.968504217232
0.966239897003
0.966332250348
0.968914665629
0.973174054281
0.978062411052
0.982828423845
0.987485375971
0.992228728403
0.997172340347
1.00158777047
1.00383547633
1.00202465101
0.995680789798
0.986811352254
0.978727634195
0.97379388524
0.972645604118
0.974168746206
0.976017344897
0.97504717288
0.969031851151
0.958237087684
0.944991137461
0.931756030112
0.92016141549
0.910757220921
0.903485919861
0.898204135929
0.89472156931
0.892608283628
0.891406420616
0.890368543636
0.888864030427
0.886240271116
0.881683764955
0.874602750304
0.865271131206
0.855653454968
0.849358800931
0.848453878407
0.851975572838
0.857943825897
0.865936287635
0.877118644068
0.893705174729
0.917248312509
0.94648256975
0.976281690141
0.999972094321
1.01331621116
1.01620278891
1.01117623398
1.00216507212
0.993746109843
0.990745975541
0.996304071435
1.00930164747
1.02444559347
1.03592371193
1.04097544319
1.04019927847
1.03582046471
1.03045700017
1.02564400768
1.02147390385
1.01664506839
1.0099250615
1.00145075952
0.993538880073
0.990338983051
0.995863466246
1.01125356923
1.03286672418
1.05343786359
1.06576653847
1.06609530149
1.05443711191
1.03405857741
1.01064184496
0.991077311663
0.981222930622
0.982262804366
0.989958653278
0.998067681981
1.00285845541
1.00393161067
1.00347194824
1.00421783235
1.00829383886
1.01584270267
1.02410982183
1.0287659486
1.02665784855
1.01822203232
1.00661069777
0.995155358275
0.986015783656
0.97953125
0.974929850785
0.970971023187
0.966635230546
0.962576025113
0.960819841867
0.96297314007
0.968175920235
0.974070236039
0.97832780951
0.979162165406
0.975742224604
0.968704992066
0.961022348796
0.957047233851
0.95944501255
0.966422749166
0.973589069396
0.977158828065
0.975182409292
0.967717316645
0.957452839913
0.95003466249
0.951859405292
0.963929035899
0.980323125151
0.994121756727
1.00217258635
1.0048062556
1.00452362195
1.00472990437
1.00886483094
1.01865347681
1.0326278892
1.04644052608
1.05517441554
1.05556732144
1.04706195161
1.03169736877
1.01378172724
0.997835097817
0.985670660089
0.975616678708
0.964407169705
0.949841189175
0.931798051373
0.912917234762
0.898343126623
0.89447831125
0.904869648289
0.926445141066
0.950205287402
0.967238142911
0.972972295977
0.967271085697
0.953245448839
0.935795954266
0.920442266616
0.911173058088
0.908677862289
0.910414783569
0.913056588602
0.914659290923
0.915918634181
0.91942044998
0.928297920264
0.943913606052
0.964217804667
0.984592396629
1.00038903883
1.00930153898
1.01196856449
1.01072437401
1.00862233687
1.00780839582
1.00865883704
1.0099340132
1.00962973663
1.00668113845
1.00192924494
0.997784307114
0.997159979783
1.00192901235
1.01163636364
1.02325808897
1.03208979208
1.03403298351
1.02739070178
1.01385862681
0.997712368461
0.983946590562
0.976663940292
0.977420844666
0.984855899245
0.995560602932
1.0055953793
1.01250256726
1.01624751314
1.01870675015
1.02235412983
1.02888041034
1.03838061196
1.04948479837
1.05976835942
1.06660928125
1.06861715429
1.06635210852
1.06212889211
1.05834305718
1.05634603092
1.0559561649
1.0557918379
1.05409966489
1.04919664094
1.04045484365
1.02914521859
1.01801585971
1.00957348003
1.00477042338
1.00313079498
1.00371438346
1.00572902458
1.00889100381
1.0130867781
1.01791876171
1.02239200423
1.02537999625
1.02636587291
1.02576669934
1.02435377056
1.02280225112
1.02173966932
1.02151866801
1.02179170591
1.0213635095
1.01826073941
1.01059718543
0.998105926084
0.982827132666
0.968444086145
0.959181326894
0.958365955879
0.966923289692
0.982281514251
0.999170487799
1.01193643156
1.01702406286
1.01365391031
1.00320285568
0.988310575906
0.972494935328
0.959589223793
0.952999700981
0.954606581222
0.963537370071
0.976705856499
0.99040497072
1.00185277363
1.00953526089
1.01268121081
1.01073628461
1.0030553454
0.989677758933
0.97181905791
0.952544144981
0.936545952965
0.928583740305
0.931617309458
0.945754038981
0.968558171705
0.995906011244
1.02326516544
1.0464076121
1.06218302716
1.06954002173
1.07037661297
1.0688172043
1.06887946094
1.0724759818
1.07869920558
1.08517258426
1.08915072053
1.08839712919
1.08139780724
1.06804976729
1.04995111817
1.03047286537
1.01323506832
1.00043189881
0.992174642114
0.987516035168
0.985465207933
0.985390796202
0.987347030067
0.991217667233
0.996543889404
1.00200216106
1.00607051867
1.00778403961
1.00754716981
1.00701201619
1.00787670171
1.01115694731
1.01649530057
1.02164447128
1.02329960742
1.01824106316
1.00523961661
0.985521173682
0.962067407025
0.938181104166
0.916325102469
0.897550867896
0.880841524401
0.863454930409
0.841985286499
0.814660898593
0.782729618336
0.750563137671
0.723526688273
0.705927508177
0.700414486648
0.707549135357
0.726325489084
0.753782569632
0.785515722589
0.816254670882
0.841228101347
0.858085345312
0.86718125239
0.870794497765
0.871654226697
0.87216236008
0.873994262926
0.878202215776
0.88552750539
0.895960747728
0.908708832851
0.922246444514
0.93463089602
0.943861659088
0.94767143381
0.94359647478
0.929159676681
0.903069653079
0.867494348009
0.829647023178
0.800648479428
0.788968560397
0.795280775562
0.813595443689
0.836138043761
0.856669677808
0.871059844678
0.87763939452
0.878027283875
0.877478780497
0.883210304309
0.90016794178
0.928627246679
0.964890633763
1.00445922455
1.04346993489
1.07926095563
1.11026063746
1.13560728825
1.15501147061
1.16846822059
1.17602763653
1.17758686522
1.17307764476
1.16329319642
1.15071587307
1.1397659766
1.13499447474
1.13864609505
1.14916055305
1.16206762534
1.17187777896
1.17393180837
1.16478143472
1.14271931127
1.10834088849
1.06564744747
1.02250515905
0.988368437598
0.969542545627
0.965969416053
0.972141751657
0.981046608654
0.987155014714
0.987831550483
0.983485510123
0.97734282325
0.973786598546
0.976209048362
0.985113293635
0.998315080034
1.01215909091
1.02287618406
1.02743529934
1.02473757616
1.01597222222
1.00494704826
0.996111255139
0.992646226949
0.99490642485
1.00079045135
1.00669651862
1.00886293089
1.00522534291
0.997629950992
0.991880074953
0.994125450066
1.00581330352
1.02325581395
1.04156859768
1.0563117368
1.06389508929
1.06130501993
1.0459443896
1.01755965781
0.981245520427
0.94929374787
0.933897881159
0.935954517433
0.946455148153
0.955929761986
0.958681768463
0.952280266851
0.936291624432
0.911959560372
0.882980361956
0.855579701857
0.835968748832
0.826782634225
0.825835124403
0.828696066571
0.831613071506
0.832610680055
0.831240796714
0.828318445385
0.825610948192
0.825307219662
0.828926326751
0.835835333739
0.843254520167
0.847555326814
0.846188325346
0.839036042999
0.828483865152
0.818939646549
0.815930210506
0.823846984421
0.844214458019
0.874560924206
0.909147722834
0.941694384661
0.967211825759
0.983131385127
0.98934557063
0.987724646983
0.981144186793
0.972940660742
0.96585500177
0.961807839647
0.961758208273
0.966243454018
0.975783743195
0.99106065178
1.01297214804
1.04220112381
1.07876806743
1.12166693278
1.16877993801
1.2167386304
1.26119673253
1.29788509975
1.32440688725
1.34110177846
1.35114924433
1.3586656139
1.36707351012
1.37833827893
1.39275180801
1.40975688948
1.42797418517
1.44565524478
1.45989560505
1.4666328244
1.4612132983
1.44052486804
1.40388129523
1.35323401163
1.29183263293
1.22292284866
1.15009096422
1.0766778132
1.00670926518
0.944176147991
0.892553368913
0.852932508105
0.822885530249
0.797561892039
0.772568085369
0.746274111675
0.72034135983
0.698518929194
0.685118394229
0.683458266983
0.695421315891
0.720886823359
0.757408943519
0.800283974143
0.843470183912
0.881625376073
0.91178119045
0.934621492853
0.953720787208
0.974585894976
1.00267081241
1.04145622045
1.09087953178
1.14619930381
1.19897063517
1.23908718549
1.25868813855
1.25553007324
1.2338240081
1.20181430096
1.16802788143
1.13878094038
1.1170060424
1.10230286113
1.09148891677
1.07973710749
1.06199778332
1.03516930178
1.00047981356
0.963139160791
0.930373429702
0.907742768415
0.897696115087
0.89920530767
0.908995971953
0.922579663853
0.934628430466
0.940079118833
0.935284099706
0.920326824965
0.899643885437
0.880281690141
0.868785352784
0.868451385016
0.879022023143
0.897455174228
0.919172005914
0.938685015291
0.950480584391
0.950328960025
0.937380460562
0.915944770191
0.894638520456
0.882928275044
0.886726122192
0.907039106145
0.9409635829
0.98354003981
1.02913036714
1.07207669244
1.10763708873
1.13296143195
1.14795754262
1.15536280769
1.15890059698
1.16099863967
1.16093012087
1.1555181264
1.14028314028
1.11188190691
1.06954659339
1.01576840658
0.955784373107
0.896325512134
0.843841319403
0.802519171931
0.773677785216
0.755390914408
0.744112423751
0.73638902705
0.730457913737
0.72667701981
0.726838332891
0.733518998932
0.74897896278
0.77504290841
0.812707444286
0.861629440205
0.919916294418
0.983204446593
1.04564730357
1.1011009826
1.14569844531
1.17910220258
1.20394192432
1.22434724142
1.2443747901
1.2662199094
1.28972631103
1.31179498827
1.32695447469
1.32877024004
1.31248822044
1.2775203647
1.22773782161
1.16987475524
1.11096702482
1.05650013079
1.00949032063
0.970807667292
0.939692093992
0.914514382926
0.893691409252
0.876022107813
0.861629157243
0.851647754051
0.848383540207
0.854437495608
0.872107271645
0.902374670185
0.943839419176
0.992587771631
1.04218152398
1.08462744512
1.11226375948
1.12006067501
1.10789563632
1.0813369838
1.0500439317
1.02411265432
1.00994012445
1.00783861213
1.01290400874
1.01822660099
1.0178645617
1.00863297293
0.990101095198
0.964639858222
0.936865174695
0.912917454316
0.899598561512
0.902083939936
0.921031959317
0.951227522785
0.983703401915
1.00986615988
1.02455787781
1.02587519026
1.01413130504
0.990210239127
0.955628098174
0.913988083175
0.873171725402
0.846734693878
0.849528378598
0.885955734406
0.943637373978
1.00203881592
1.04520126252
1.06642210428
1.06624444357
1.04906681523
1.02075023168
0.987979789748
0.956936226167
0.932895877182
0.918982435887
0.915687318292
0.920852543881
0.93044723858
0.940184649088
0.946720679012
0.948899521531
0.948737566947
0.951442862639
0.964384200101
0.994038748137
1.04158603531
1.10138558987
1.16307266983
1.21608257133
1.2531241484
1.27087277364
1.26964477933
1.2522664413
1.22348178138
1.18909683933
1.15580603499
1.12997243009
1.11522812562
1.11101011698
1.11229207001
1.11252771619
1.10630501454
1.09137362195
1.06878975697
1.04356288045
1.02423936372
1.02274573517
1.05063565757
1.11380720032
1.20839073819
1.32102030753
1.43394098006
1.5295371084
1.59365758224
1.61782422196
1.59985359381
1.54462074658
1.46293828409
1.36885962893
1.27493659211
1.18753462604
1.10468713923
1.01738448769
0.914438011212
0.787510286185
0.634669575493
0.462553672316
0.288813422094
0.161478860623
0.195895422504
0.329389516775
0.480685358255
0.642381441917
0.816292489406
1.00045603794
1.18825593205
1.36934204386
1.53036855961
1.65618962349
1.73210681936
1.74826018372
1.70637522769
1.62213621602
1.52147452617
1.42796682627
1.35176050349
1.28774049792
1.22371638142
1.14881325571
1.0572823134
0.949458654437
0.831738668213
0.716996861514
0.623687194911
0.570615648761
0.56601313502
0.602185998304
0.666727613475
0.754144870999
0.863697239383
0.99180223421
1.127969284
1.25615430167
1.36015718435
1.42817487856
1.45518888791
1.44301046054
1.39757412399
1.32696988498
1.23908788413
1.14131467133
1.04018083918
0.941173453688
0.849213691027
0.769497931457
0.710387190977
0.684753119913
0.703712632594
0.764102806388
0.848627487533
0.937207253165
1.01545192218
1.07601128881
1.11657115568
1.13882410107
1.14674638075
1.14559655535
1.13935542442
1.12790756345
1.10611384399
1.06635779405
1.00316847369
0.917407626951
0.817434373452
0.719223862729
0.644221561413
0.612358403919
0.630295515602
0.687336882764
0.766178554558
0.853241784161
0.940653744219
1.02322124257
1.09652490151
1.15591612581
1.19697270471
1.2166228092
1.21350784294
1.1882287618
1.14363143631
1.08457711443
1.01814748767
0.953025814642
0.899644241491
0.868405704894
0.867147976391
0.898480338399
0.95904860393
1.04150653344
1.13802931596
1.24118183661
1.34468106632
1.44228629236
1.52744303797
1.59313526668
1.63237457515
1.6392703319
1.61084738915
1.54733935743
1.45346347293
1.33788917945
1.21202052284
1.08846860791
0.977906365071
0.885675191092
0.810466629485
0.747136967476
0.69211588158
0.646479255175
0.615730643402
0.606248849623
0.621243329276
0.658099279958
0.709693061145
0.767372194667
0.824079110012
0.875549844314
0.920656701789
0.959317458787
0.990115321252
1.00983711567
1.01458296283
1.00221354167
0.973291739669
0.930836592416
0.879456851275
0.825113464448
0.775006598047
0.737791741472
0.723033939449
0.738530399105
0.787077271869
0.864515515849
0.960920085369
1.06398760622
1.16152106696
1.24377794842
1.3042172665
1.34032613867
1.35278356654
1.34449157881
1.31928538708
1.28064435978
1.23140393581
1.17312438302
1.10681482696
1.03345588235
0.954460437505
0.872007440958
0.789554099152
0.711446963336
0.642885564221
0.589198620088
0.554781231439
0.542106097851
0.55128460466
0.580555778652
0.626862641601
0.68669792695
0.756160613768
0.831234150465
0.907533513213
0.980557243295
1.04592846773
1.0996520653
1.13882108308
1.16258861194
1.17226580526
1.1715797781
1.16480342836
1.15521343597
1.14386341372
1.13036595586
1.11363004172
1.09345493068
1.07064199223
1.04722625091
1.02587525875
1.00908399338
0.99870841313
0.995835917427
1.00105499143
1.01495262106
1.03815355629
1.07100492155
1.11300903577
1.16212826219
1.21470833499
1.26580549485
1.31001614267
1.34240595225
1.35931973813
1.35919421874
1.34286355812
1.31325120192
1.27460257381
1.23091347442
1.18490946454
1.13742287892
1.08756859938
1.0335780479
0.974041678423
0.909358612344
0.842662267112
0.780675399591
0.733030411734
0.709504525965
0.715724367616
0.75046695545
0.807384590767
0.879051159783
0.959548447789
1.04456859094
1.13098320942
1.21577930803
1.29552138476
1.36658437592
1.42440461373
1.46422424391
1.48056138087
1.46872651027
1.42525843045
1.34966305747
1.24514239098
1.11838937924
0.979248619582
0.840741672356
0.720663357076
0.642100314613
0.626221379612
0.675286403654
0.769959001118
0.886033435224
1.00569071535
1.11729990357
1.21361219976
1.28998447205
1.34376567746
1.3737701167
1.37973211271
1.36150079163
1.3189714327
1.25239310785
1.16407394489
1.05957095141
0.94869692933
0.845139527752
0.765023586518
0.722871222303
0.7252195734
0.766809021283
0.834386942391
0.914187849288
0.995502357635
1.07056173243
1.13401464086
1.18144841984
1.20959982896
1.21600112684
1.19945697577
1.16024424742
1.10056326418
1.02465442542
0.939254439099
0.85430880655
0.783597958605
0.743683606087
0.747952156578
0.798134722576
0.882415022927
0.982378218322
1.08099732858
1.1660541146
1.23095704804
1.27361784346
1.29505496353
1.29741075327
1.28281941302
1.25294258128
1.20905105458
1.15242413673
1.08562701868
1.01334925876
0.94403154332
0.88989343417
0.86362414303
0.871163839592
0.907254478465
0.958873519012
1.01317760724
1.06174910045
1.10044889927
1.12792224028
1.14396477458
1.14888830932
1.14277641114
1.12560353851
1.09718905642
1.05760273973
1.00791889955
0.951322501098
0.893992815327
0.844501915082
0.811001684592
0.797648735305
0.803574936162
0.823982655103
0.853291065889
0.88646242654
0.919649791711
0.949898515116
0.975103438436
0.99364820269
1.00410281586
1.00551059067
0.997710514797
0.981926325129
0.961206896552
0.939873718945
0.922271764222
0.911515691642
0.908935483871
0.914248237416
0.925909878683
0.941627796931
0.958656507329
0.973845412623
0.984291386156
0.987650062095
0.982964692952
0.971177132722
0.955308775731
0.939584665612
0.928207021548
0.924182874803
0.928713539032
0.941322117831
0.960114738424
0.982184006879
1.00398475398
1.02154630535
1.03108826532
1.02956941536
1.01559147475
0.99057994463
0.959142496847
0.928828181165
0.908052948942
0.90334061597
0.917001663432
0.94654023926
0.986512139075
1.03042980879
1.07225656878
1.10687972443
1.13048730093
1.14025361626
1.13479181369
1.11393962949
1.07926789339
1.03396338839
0.983012874101
0.933151202401
0.89239646979
0.868883739948
0.868142740175
0.890767762171
0.931542755991
0.98190968444
1.03277350921
1.0769073778
1.10925484859
1.12664423371
1.12739651785
1.11110737126
1.07836729249
1.03101822857
0.971913951899
0.904855242441
0.834561392365
0.766831231722
0.70878298297
0.668546288264
0.65352025882
0.666666666667
0.704443426477
0.758203957382
0.81775644142
0.874175807481
0.92093561552
0.954041980295
0.971578137028
0.973576479345
0.961687379005
0.93891452428
0.909766387507
0.880113367974
0.856783840668
0.846591619762
0.8543007243
0.880697092359
0.9218990222
0.970472803091
1.0176535491
1.05525879536
1.07707698464
1.07947183316
1.06197148324
1.02758196091
0.982863088316
0.937365403864
0.901734798007
0.88468736076
0.890106652525
0.915908957588
0.955681351557
1.00156121126
1.04601181465
1.08223161555
1.1045422866
1.10813045475
1.08993106007
1.04976938419
0.991560254761
0.924261550114
0.861122568772
0.816749585406
0.801723033564
0.817717862301
0.85742231344
0.909328822647
0.962852803443
1.01029025397
1.04736614587
1.07230900659
1.08526147053
1.0872841255
1.07980170485
1.06416280205
1.04182015168
1.01461693548
0.98544358588
0.958588158751
0.939764567007
0.934559858579
0.945371088699
0.968577118832
0.995630634789
1.01726415661
1.02749201845
1.02433849962
1.00826249777
0.98091060354
0.944368769736
0.90152284264
0.857476483944
0.821693418147
0.808067405294
0.829240113554
0.88551082786
0.961359582059
1.03558485379
1.09266683113
1.12573305904
1.1337340114
1.11825881181
1.08146440078
1.02590191295
0.955679301811
0.879253098392
0.812713984725
0.777781407199
0.789958158996
0.844247507517
0.920136177656
0.997456102252
1.06389379982
1.11411654721
1.14655361909
1.16144364524
1.16014963072
1.14503865979
1.12018001101
1.09105938797
1.06385386356
1.04296548621
1.02948489099
1.02091495008
1.01331662228
1.0032055272
0.9884178254
0.968729742244
0.94545062527
0.921589721522
0.901207329779
0.888763531026
0.8875
0.897783103655
0.916538507039
0.938558395756
0.958813223425
0.973994668482
0.983633295838
0.989338121826
0.993910861782
1.0005418354
1.01166096188
1.02851136902
1.05039932236
1.07461488593
1.09586118171
1.10718925256
1.10140148392
1.07460951004
1.02944906734
0.975303385139
0.924779692622
0.888484884909
0.871876612928
0.875263157895
0.895331851381
0.92692244898
0.963910783163
0.999485631987
1.02642834788
1.03855144263
1.0331728938
1.01306632096
0.985606441872
0.95940397351
0.940955889609
0.933034979762
0.935702928316
0.947167409293
0.964898569438
0.985963097086
1.00716182225
1.02546671363
1.03867052431
1.04644223681
1.05062895267
1.05439445417
1.05992407809
1.06746656835
1.07530950247
1.08085428459
1.08126550868
1.0741844569
1.05847013846
1.03486039922
1.00639994956
0.978580572642
0.957835428147
0.94906182713
0.953901796114
0.970313409516
0.993857682504
1.01937793137
1.04174944127
1.05661202186
1.06016877372
1.04992454728
1.02553151399
0.989872468117
0.949638726083
0.914279573854
0.892286183211
0.887937273824
0.89962132596
0.922099048078
0.949298256273
0.976252079098
0.999435630526
1.01643432664
1.02576715095
1.02696985722
1.02106979995
1.01105614396
1.00157469982
0.997037323286
0.999684552538
1.00898138685
1.02274325192
1.03790893351
1.05170527084
1.06151443706
1.0647751938
1.05925715906
1.04330292847
1.01690688259
0.983085030252
0.948351186046
0.921126580662
0.907960823707
0.910192599005
0.92443463872
0.945186592316
0.967122949047
0.986256236468
0.999967998976
1.00699300699
1.00732918013
1.00243572395
0.994943628288
0.988337792413
0.986327656512
0.991262798635
1.00319477959
1.01947479134
1.03595849634
1.0483876495
1.05404001939
1.05206111674
1.04341859892
1.03037448965
1.01566926655
1.00207454533
0.99188239708
0.986450960566
0.986139011651
0.990551181102
0.99864901378
1.00906447751
1.02006584647
1.02952377625
1.0350106357
1.03409793283
1.02581140644
1.01120041316
0.993351105536
0.975975232198
0.961902087429
0.952792723546
0.949391500964
0.951765480439
0.959383551779
0.97116027021
0.984553213989
0.995732306065
1.00029623047
0.996106725721
0.985610524873
0.974570378464
0.968666710005
0.971099015034
0.982571801567
1.00188330139
1.02624882818
1.05124470787
1.07138709567
1.08061914404
1.07470948223
1.05315637464
1.02000137466
0.982801826233
0.950480818589
0.930829367777
0.928391411002
0.943126550868
0.970262883915
1.00186177896
1.03024303005
1.05031810295
1.06068920464
1.0629258517
1.06041666667
1.0568639711
1.05515671511
1.05615384615
1.05808352105
1.05749768431
1.05081328595
1.03629851569
1.01444233607
0.987454808388
0.959033809222
0.934542949012
0.921322069529
0.927507409141
0.957431319208
1.00528709284
1.05535290576
1.09195638757
1.10787548903
1.10362371509
1.08349132534
1.05199242396
1.01435094586
0.977444492305
0.95087113483
0.944523635243
0.962121494283
0.997341094463
1.03895054791
1.07792844879
1.10973268875
1.13282725556
1.14646875925
1.14935282927
1.14009519241
1.11873416818
1.08935708963
1.05920841619
1.03455096112
1.01793158411
1.00858650514
1.00488309672
1.00535551888
1.00915379778
1.01520300483
1.02194447437
1.02712835568
1.02895799538
1.02726070593
1.02314861888
1.01806896552
1.01298977853
1.00825264085
1.00355226362
0.997920437478
0.990384985193
0.980976229631
0.97198382864
0.96689539749
0.967553328193
0.973543466565
0.983554833158
0.996225187114
1.01047243041
1.02505773274
1.03809760074
1.04716125521
1.0499187112
1.04531472729
1.03514182372
1.02301473717
1.01307420495
1.00816585405
1.00914272144
1.01395204228
1.01828194658
1.01722723544
1.0085731782
0.993962388651
0.97718643624
0.961845460868
0.950536393265
0.944938392607
0.946138870863
0.954172341444
0.967224030778
0.981273955101
0.991670522906
0.9959638135
0.995126335073
0.991579833702
0.987774351533
0.985580389329
0.986426780241
0.991086974546
0.999448732084
1.00920297197
1.01697549802
1.02004846022
1.01907694619
1.01618658721
1.01337213586
1.01152315892
1.01066131026
1.00982967208
1.00690635791
0.999552809171
0.98707221319
0.972587136457
0.960901982179
0.955306071695
0.956092167214
0.962361055064
0.972866285977
0.986348810051
1.00071603066
1.01254449171
1.0173491238
1.01200686106
0.997684802381
0.979083823763
0.961159039034
0.946908756608
0.937512046567
0.933270602995
0.934586917383
0.941135846604
0.951346513709
0.961386573058
0.96665644642
0.964732941477
0.957046603032
0.94696212565
0.93763425958
0.931512679553
0.93055504604
0.936341138397
0.949580163204
0.968758863811
0.989494067238
1.0052568401
1.0105427889
1.00370959194
0.987539820154
0.967623311216
0.950673715172
0.942401523266
0.946039446477
0.961168550132
0.983873588431
1.00777759391
1.02568644818
1.03140510012
1.0217270195
0.999241530423
0.973016971226
0.953783804848
0.947336811681
0.952477510692
0.964223353271
0.977384237964
0.987863199775
0.992327582553
0.988515979703
0.976015099899
0.958513356562
0.944578642724
0.942610751182
0.954492171146
0.975184494364
0.998115854881
1.01824419778
1.03188608011
1.03601350506
1.02852482329
1.01043335387
0.987545816419
0.968846886556
0.960055686442
0.961425371045
0.970124951329
0.983379196478
0.999267173217
1.01625619768
1.0317104149
1.04090304305
1.0385629946
1.02370681126
1.00179024317
0.979095208867
0.95900242868
0.942227872714
0.929227043706
0.921097700212
0.920491355012
0.930602716469
0.95162566088
0.978617305621
1.00380112513
1.02153224325
1.03002839048
1.02927422027
1.01963808736
1.00210590803
0.97978364278
0.95932906144
0.947412844037
0.946004475565
0.952337671781
0.962629446195
0.974492205952
0.986827889969
0.998690928132
1.00795684423
1.01038217131
1.00218378008
0.984870374829
0.965217059295
0.949512443056
0.940838818307
0.940319715808
0.94866881396
0.966090369999
0.990535481429
1.01632483944
1.03408455207
1.03654764178
1.02331749365
1.00029047602
0.974448145843
0.951441008706
0.93541124869
0.929769518523
0.937559639879
0.95984768352
0.992368030528
1.02361417684
1.040374677
1.03746861268
1.02046828966
0.998239918645
0.978006100498
0.964218847514
0.959972275169
0.967544175983
0.988397017707
1.02091931123
1.05783529412
1.08678340347
1.0988305337
1.09424250888
1.07934086054
1.06025948703
1.04068822084
1.02273609063
1.00822203505
0.999586793934
0.999748142551
1.00947333278
1.02509252105
1.0395564643
1.04676479607
1.04381590468
1.03055876686
1.0088918748
0.983025319547
0.959598913725
0.946699536703
0.950149892934
0.969500686342
0.997765747186
1.02543472619
1.04380810384
1.04693786321
1.03163228045
0.99855981417
0.953871421868
0.910007976352
0.883936861653
0.888939504373
0.925128934732
0.978275921759
1.02976967451
1.06498994789
1.07705884713
1.06549426284
1.03438988211
0.990921842126
0.94493219409
0.90859362613
0.894293281965
0.908638277202
0.947163537569
0.995761685638
1.0390772317
1.06712647365
1.07628080415
1.06806108898
1.04747812661
1.02365209674
1.00891476394
1.01364281463
1.03703201915
1.06591039001
1.0846196605
1.08431462934
1.06435561453
1.03072221993
0.993613514627
0.963847007107
0.949457745038
0.952431462141
0.969802081208
0.994950946184
1.01997840173
1.03571428571
1.03335455124
1.0091233971
0.971655791191
0.9389453125
0.923778770698
0.926117405493
0.938606416761
0.953476350478
0.964804406051
0.969154651927
0.966203411244
0.959491437051
0.954635909515
0.955821141562
0.962802440564
0.971811500216
0.976772126552
0.971747042766
0.95357877887
0.926604680411
0.903565394446
0.896976530527
0.908651680793
0.930832067649
0.952562066371
0.962657903721
0.951441251239
0.915189389109
0.865699770567
0.829063517596
0.825400466414
0.854103576494
0.901435594887
0.952573364352
0.994031746032
1.0120152685
0.994300382875
0.940099833611
0.869835481331
0.817319436528
0.806962932623
0.841154930763
0.906972677596
0.986491387126
1.05937471008
1.10318382524
1.10097362527
1.05353223133
0.981906502072
0.914390542193
0.873499322651
0.870604714065
0.904669935126
0.962846284628
1.02431384248
1.06868091378
1.08362658847
1.06915602032
1.03398180264
0.991620682608
0.956997494503
0.942036239864
0.94928409584
0.970366579829
0.993619462933
1.0112558965
1.01989009386
1.01936601774
1.0109485209
0.998636601993
0.989153149567
0.98788486063
0.99429745482
1.00392664859
1.01281998263
1.01857368144
1.01949482169
1.01411659815
1.00162874739
0.98438447544
0.967893730699
0.957762611559
0.9561865543
0.962055572154
0.973291728369
0.987397076122
1.00092480203
1.00952326315
1.01048507257
1.00412436548
0.992781095819
0.977970310106
0.960238239674
0.941121928605
0.925870438066
0.92455533007
0.945081130149
0.980998743719
1.01617066874
1.03939493898
1.04667744082
1.03698428291
1.01092757306
0.974060869116
0.940920938315
0.929083980799
0.943278719939
0.972074971602
0.999904007679
1.01473351132
1.00832149381
0.978419823296
0.937313432836
0.910387340142
0.912773131322
0.936596411775
0.966970645615
0.993029830376
1.00779096884
1.00590359374
0.984756835229
0.953640361593
0.937547735151
0.951540631742
0.983479415671
1.01475114083
1.03485313459
1.03899095778
1.02582913963
0.999936964196
0.977323538805
0.980107931727
1.01255583726
1.05547496083
1.08868639991
1.10335132704
1.09909705264
1.07999069876
1.05302756711
1.02711544511
1.01024657896
1.00568260568
1.00901545507
1.00871553079
0.995932479154
0.977584517393
0.971532767255
0.985065710872
1.0118635927
1.04173354735
1.0658221434
1.07653414232
1.06762454233
1.03716503314
0.9946034066
0.962353324641
0.960438760657
0.990305967889
1.03900314051
1.09191834158
1.13636872133
1.15954653938
1.1501434094
1.10993418991
1.06265192027
1.03510613483
1.03556139049
1.05660049771
1.08598244021
1.10993453985
1.11350988937
1.08791874075
1.04434132508
1.00633560611
0.988330854593
0.990366739902
1.00661483115
1.02958653132
1.04845285036
1.04568813798
1.00975269941
0.959130716834
0.925677295613
0.918711390797
0.93295434566
0.962190834516
1.00242845891
1.04628042509
1.08021061269
1.09328237352
1.08980845681
1.08301669545
1.0814909133
1.08745593777
1.09679937549
1.09669472388
1.06802030457
1.00975790514
0.952160661805
0.920525500774
0.919466403162
0.946628051303
0.999502597546
1.06912977809
1.12920990088
1.14448957487
1.10773399015
1.04562257265
0.986321025445
0.947162828947
0.940333594537
0.973187626896
1.03364802711
1.08285285978
1.08794212219
1.05170898185
0.993630573248
0.929427808398
0.871452317922
0.836642124638
0.847497639282
0.907878391631
0.980758692078
1.02405676705
1.02717296638
0.998833926599
0.949747093214
0.892427264599
0.850359219979
0.851960659088
0.89522324265
0.946402389357
0.981570116081
0.995386053031
0.989718985607
0.968246753247
0.938517650124
0.914701803051
0.912428182643
0.936951459789
0.98015970516
1.02924503994
1.07152865817
1.09649357602
1.09882475164
1.08099204376
1.05124326941
1.01931894602
0.99431128156
0.985780712986
1.00034504175
1.03183570384
1.05892975381
1.06636266094
1.05572770892
1.03547339495
1.0135682356
0.997298210064
0.994764709382
1.01127223982
1.04207861104
1.07066142379
1.08123768687
1.06844957587
1.03642565633
0.99631710362
0.966241840224
0.962444993671
0.984375914331
1.01648998822
1.04282162834
1.05321882608
1.04099388041
1.00297269811
0.947849377659
0.904897409016
0.902716975888
0.936297676895
0.983609888249
1.02851793173
1.06207430341
1.07592668024
1.06237210444
1.02546728972
0.986785095321
0.966779008185
0.968020444813
0.982875233847
1.00385400136
1.02507247512
1.04150793651
1.04859857109
1.04521419266
1.03347562346
1.01677257278
0.998384016454
0.982670371454
0.976750944493
0.989521607169
1.02432667246
1.07337095947
1.12075274438
1.15204190071
1.1568986569
1.13050041513
1.07645461883
1.01508210586
0.979636019214
0.990330219708
1.03419249592
1.08156402479
1.10915112192
1.10277952811
1.05620762557
0.977185452903
0.907217273139
0.91029996386
0.989043292357
1.0812836875
1.14308797127
1.16172884662
1.1353432102
1.06391450126
0.957073534901
0.856451241067
0.839450574195
0.928859060403
1.05379513633
1.15063122924
1.19593523941
1.18697769057
1.13260672116
1.05767905017
0.999773139746
0.990313687505
1.03324558105
1.1069720022
1.17769313571
1.20756002043
1.17470675698
1.09936752267
1.02460912851
0.97704496208
0.961033519553
0.971131378609
0.99901647406
1.03172283356
1.05064564816
1.04512539065
1.02486092988
1.0055588644
0.995004509818
0.994756838906
1.00289327933
1.01444043321
1.02107826671
1.0171054706
1.00406840955
0.987116564417
0.969229500082
0.952097428958
0.937738577212
0.931383863081
0.939722950206
0.962866108787
0.993146104982
1.02271373883
1.04663960307
1.06131485225
1.06314907704
1.0503888797
1.02606895254
1.00029628062
0.987679737858
0.997451574446
1.02227983209
1.04161893057
1.03917727718
1.01204707627
0.968348706819
0.922330985271
0.894038298274
0.902910843373
0.949217109032
1.00696417117
1.04587476016
1.05080145874
1.02051808156
0.962736767569
0.895573108009
0.85355745949
0.871781546317
0.944686791136
1.02920383774
1.08857789324
1.10797113898
1.08839681134
1.04385334292
1.0
0.983473242392
1.0044432828
1.05181208054
1.10367515744
1.13593090588
1.13190396206
1.0950754341
1.04943640721
1.01866487305
1.01110742706
1.02301877177
1.04474450622
1.06567892312
1.07753050969
1.07865168539
1.07292724196
1.06484440706
1.05528371534
1.04192039538
1.02280592777
1.00094355807
0.984898651377
0.980748581071
0.988506616257
1.00489016533
1.02527311267
1.04356757682
1.05381284793
1.0518935334
1.0397362794
1.02528837622
1.01790621399
1.02269716506
1.03733031674
1.05417338881
1.06584533422
1.06902300767
1.06399383192
1.05265036588
1.03738489871
1.02103127018
1.00519433996
0.990185950413
0.975107585858
0.960896722854
0.951525393578
0.954679985202
0.976109857035
1.01192139331
1.04977127173
1.0789160487
1.09363472997
1.08892885691
1.05955548107
1.0086581443
0.962895752896
0.95217354172
0.971976516634
1.00132771009
1.02619504463
1.03970789594
1.03738409943
1.01866183032
0.990980997896
0.9694616819
0.966106119171
0.980867965718
1.00474184995
1.0272789123
1.04128954207
1.04458768564
1.03929653315
1.02976465447
1.02077395167
1.01573916493
1.01399453872
1.01104685312
1.00356597045
0.991798166282
0.978077357873
0.965832054756
0.959259423405
0.960936552226
0.968753391652
0.977171570592
0.981761833627
0.981223321864
0.97739630955
0.975957342352
0.98708358764
1.01833956408
1.05851577592
1.08194109974
1.0735302831
1.0346772912
0.976382161714
0.917185809285
0.879415309497
0.877929012669
0.910168090383
0.959679701873
1.00682931719
1.03635961258
1.04157425011
1.02785832506
1.01324185066
1.02016633147
1.05616782676
1.10266900717
1.13237039159
1.13198237171
1.10390786927
1.05826286369
1.0118063219
0.991367397954
1.01562944444
1.05998084553
1.08393529352
1.07421765768
1.0342186318
0.968985294118
0.888126048027
0.822781934144
0.826770919153
0.906515051321
1.00013977022
1.0614208593
1.07618041937
1.03362726908
0.91726618705
0.778269358591
0.79359754986
0.90355817436
0.978638333121
1.00866136536
1.00835047592
0.990907239023
0.972466176122
0.981719557511
1.05223246088
1.15833352904
1.20555222156
1.17062555175
1.09729611689
1.02188538206
