1.5014393704
1.50017194296
1.51076706545
1.52070481029
1.51843717256
1.50122478243
1.47900849029
1.46623929983
1.47005896317
1.48631930035
1.50215185375
1.50358697164
1.48847005349
1.47060055999
1.46566770648
1.47827525364
1.50145195598
1.52019767137
1.51966481704
1.49884803244
1.47370498627
1.46102344217
1.46614674407
1.48275558374
1.4952842662
1.48735683347
1.46095636773
1.43486844088
1.42104579503
1.4190775382
1.42348237005
1.42811746988
1.42778944095
1.42143381148
1.41543066879
1.41662765127
1.42309930835
1.4282867732
1.42754068571
1.42017297327
1.41025816801
1.40467408022
1.40828591182
1.41829499813
1.42655331601
1.42732778669
1.42072930031
1.41219786672
1.4079095226
1.41035875561
1.41627764417
1.41946690767
1.41551707958
1.405210805
1.39523886416
1.39248631726
1.39755736897
1.40462316295
1.40728424219
1.40320448416
1.3950085876
1.3887389247
1.39009930029
1.39932968705
1.40933310503
1.41232509675
1.40645352279
1.39498370692
1.38458498024
1.38009627665
1.38143133462
1.38326407253
1.37904340614
1.36804422693
1.35526908861
1.34641113723
1.34468974289
1.34984069185
1.35584321535
1.35578552949
1.34789077542
1.33714826607
1.33072273772
1.33240223464
1.34088993764
1.3507069355
1.35509462028
1.35239957631
1.34675597159
1.34389359129
1.34716582751
1.3557455203
1.36493441806
1.36855627383
1.36363636364
1.35453112687
1.34956800979
1.3519393803
1.35937966001
1.36667911842
1.36865772315
1.36455525606
1.35738192637
1.35252063679
1.35332015521
1.358725053
1.36479554448
1.36682568807
1.36373610298
1.3582879942
1.35549320095
1.35741444867
1.36243062063
1.36701391418
1.36849083008
1.36650880568
1.36407159166
1.36492200029
1.36952436027
1.37508125677
1.37812067836
1.37736683121
1.37477665277
1.37445855116
1.37973555192
1.39006622517
1.4008916825
1.4076349276
1.40885973318
1.4070348014
1.40700383257
1.41275218308
1.42392688591
1.43507362784
1.43958240782
1.43562374917
1.42719821162
1.42095409271
1.42246029368
1.43209416673
1.44389524161
1.45029581477
1.44728828306
1.43818601964
1.43009359251
1.42967686466
1.43836688242
1.45097762406
1.45949553854
1.45926186292
1.45249699795
1.4458250497
1.44671024584
1.45898630524
1.47887618516
1.49604294267
1.50211748634
1.49784762556
1.49031859379
1.4871847871
1.49388147944
1.50980926431
1.52756117236
1.53646699023
1.53335543767
1.52443170455
1.517939776
1.51922304086
1.52820716079
1.53922325103
1.54345660565
1.53789954338
1.52836255536
1.52280938093
1.52551809465
1.53582496591
1.54920946194
1.55792428043
1.55548498845
1.54304673002
1.52857142857
1.51950972675
1.51755083494
1.51973384895
1.52018389773
1.51477415479
1.50483311081
1.49603195739
1.49257211017
1.4940999666
1.49766674254
1.49885176254
1.4950489415
1.48790951638
1.48267936299
1.48325045084
1.48895916556
1.49630849614
1.50101679159
1.49976403964
1.49187112031
1.48068042322
1.47227808101
1.46962391514
1.46997344783
1.46747668833
1.4581289122
1.44335030493
1.42901422483
1.42066501786
1.41920220083
1.42058252427
1.41954667864
1.41236063161
1.3985396502
1.38209521683
1.37079444324
1.37050662182
1.37804627249
1.38421455939
1.38286183704
1.37345151091
1.35948838423
1.3463684238
1.34012450481
1.34311115576
1.35052302278
1.3537607124
1.34860992504
1.3372927258
1.32508732475
1.31675821528
1.31502946006
1.31946379667
1.32477377173
1.32383648091
1.31324097206
1.29686800895
1.28083103969
1.26918316832
1.26227634413
1.25736798572
1.25075049318
1.2406721132
1.22870975751
1.21887623944
1.21455103359
1.21698264139
1.22440181926
1.23249027237
1.23594480557
1.23215341413
1.22311344508
1.21374880898
1.20777269073
1.2056384165
1.20556543572
1.20485674354
1.20200392377
1.19776355581
1.19451512581
1.19443753774
1.19790590833
1.20245115453
1.20453744804
1.20155444026
1.19435204435
1.18617373428
1.18026040373
1.17826324413
1.18007634159
1.18431822528
1.1886814289
1.19106870229
1.19097828105
1.18960674157
1.18852691218
1.18793231883
1.18679815721
1.18411592076
1.17954359013
1.1741646935
1.17018726592
1.16966761563
1.17270377516
1.17699625252
1.1795416112
1.17850162866
1.17462926437
1.1704829922
1.1693199867
1.17284997787
1.18001836547
1.18751373928
1.19191103608
1.19185874704
1.18859273066
1.18506408088
1.18422441746
1.18770895158
1.19409423928
1.19960358244
1.2004061061
1.19575692197
1.18805713672
1.18122457718
1.17840292313
1.18064040447
1.18629928346
1.19190369006
1.19459714681
1.19393064554
1.19182178617
1.19121708089
1.19396812588
1.20003332223
1.20680388044
1.21071910546
1.21021810009
1.20682692914
1.20383158833
1.2041930482
1.20915695772
1.21732278294
1.22469320174
1.2269035533
1.22317330356
1.21670047329
1.21154084542
1.21015706475
1.21285322138
1.21795208402
1.22255594429
1.22363713939
1.21998702141
1.21362757732
1.20762163561
1.2041694025
1.20361566789
1.20475687464
1.20567986231
1.20446723568
1.20084667645
1.19610829103
1.1920884902
1.18972452256
1.18868116581
1.18795385137
1.18672423098
1.18498345975
1.18367618225
1.18364418938
1.18486968867
1.18678220205
1.18832891247
1.18852286296
1.18705837307
1.18494288329
1.18431205859
1.18684670373
1.19183853119
1.1973472288
1.20108366534
1.20145266054
1.19795827785
1.19211502783
1.18705164993
1.18531427908
1.18716669534
1.19082632048
1.19416913001
1.1957435628
1.19517518333
1.19348495212
1.19302919608
1.19538770761
1.19985996577
1.20431452243
1.20696726769
1.2072067131
1.20553849621
1.20363646759
1.20424034286
1.20960650692
1.21869168704
1.22674611056
1.23002992342
1.22828726427
1.22373494296
1.21907315205
1.2169034527
1.21888532703
1.22457603403
1.23120347566
1.23514247319
1.23461833735
1.23063507004
1.22555058645
1.22210463087
1.22198400742
1.22544363181
1.23075581395
1.2348635486
1.23569839731
1.23391117154
1.23208017212
1.2326718599
1.2364748942
1.2422171166
1.24737523371
1.24933923236
1.2470712915
1.2419198264
1.23674690215
1.23440389156
1.23607954545
1.24066778153
1.24508696634
1.24630472658
1.24316381651
1.23714221825
1.23133366941
1.22849915683
1.22974228982
1.23404793347
1.23858291821
1.24001530849
1.23658497517
1.22978723404
1.22320738182
1.21995669433
1.22091176547
1.2249544386
1.22984227298
1.23285968988
1.2320233211
1.22710808075
1.22060047872
1.21620660758
1.21595316136
1.2191684989
1.22354780942
1.22691982474
1.22794807632
1.22638122641
1.22319682959
1.22042480266
1.2201614116
1.2223744951
1.22446932587
1.22391886897
1.22026554857
1.21472305283
1.20923188757
1.20589755581
1.20641123946
1.21075606347
1.21639186424
1.21921886445
1.21712810887
1.21133398063
1.20459881399
1.199691711
1.19876725587
1.20283335919
1.21072232136
1.21853191381
1.22180207971
1.21954615403
1.21444387668
1.20989262108
1.20775
1.20837792386
1.21074187361
1.21267990335
1.21157663499
1.20580509936
1.19573283859
1.18384784276
1.17317550071
1.16599329267
1.16291083524
1.16283946734
1.16352593054
1.16316747417
1.16124946166
1.15846953378
1.15597154624
1.15443756065
1.1541081417
1.15467276933
1.15562246498
1.15634936407
1.15679045946
1.15729341081
1.1582548558
1.15979255345
1.16154579453
1.16271617622
1.16258330067
1.16078219692
1.15782884077
1.15485802636
1.15298791104
1.15270429159
1.15345093338
1.15404163816
1.15318172946
1.15008764242
1.14500909642
1.13941530068
1.1353078235
1.13386109251
1.1348890425
1.13696350018
1.13834536474
1.13770507372
1.13483386414
1.130901901
1.12793977055
1.12752740268
1.13003222548
1.13413107334
1.13770436541
1.13879192046
1.13632312917
1.13088777947
1.1243473216
1.11903030303
1.11630281519
1.11574536507
1.11555913349
1.11358308098
1.10857282622
1.10075999019
1.09197521758
1.08478544845
1.08134514322
1.08208274808
1.08524847771
1.08791772523
1.08755681956
1.08333131406
1.07625805202
1.0686745235
1.0632862208
1.06199500158
1.06501062186
1.07051710954
1.07543880316
1.07726049016
1.07530728307
1.07080513206
1.06592530137
1.06270317293
1.0624294241
1.0652294854
1.06980202621
1.07380013911
1.07509689922
1.07310566862
1.06890430854
1.06413356897
1.06009088983
1.05716737788
1.05513116172
1.05304264494
1.0501012861
1.04639128045
1.04299806275
1.04096311565
1.04051799824
1.04102005425
1.04136275087
1.04037884038
1.03673622685
1.02956550533
1.01912041392
1.00737259239
0.997542283889
0.992091350321
0.991114409925
0.992415169661
0.993107506094
0.99086189431
0.984962406015
0.976627889729
0.96855492308
0.963315188613
0.961739538655
0.962895495847
0.964825348858
0.965361721612
0.962785425866
0.956566024009
0.947830807956
0.939244214917
0.933833358087
0.932965978697
0.935579587533
0.938964363064
0.940525346998
0.93868019792
0.9333999334
0.926075373115
0.919187206801
0.915141988352
0.915138842849
0.91843837482
0.922851709124
0.925912991419
0.926070136029
0.922805877649
0.916880784294
0.909764009608
0.903286499695
0.898986502714
0.897392330383
0.897951105937
0.899238267232
0.900048824719
0.89991052929
0.8991592613
0.898505861993
0.898423774528
0.899045806306
0.899934283692
0.900208534663
0.899087014179
0.896381117544
0.892903554593
0.88993654596
0.888463501787
0.888723997646
0.890231698868
0.891896063802
0.89258114374
0.891093179832
0.887028968891
0.881011515015
0.874830902428
0.870432935953
0.868776341167
0.86953946745
0.871526704856
0.873232674812
0.873474646312
0.871566170328
0.867916604911
0.863546603476
0.859696574787
0.856908015801
0.854810509985
0.852621093264
0.849389038179
0.844625019409
0.838495575221
0.831881209159
0.826330828659
0.823020156979
0.821949033167
0.821960407554
0.821534890761
0.819685079494
0.816141517521
0.811288134692
0.805806241166
0.800794066558
0.797205312673
0.795475784729
0.795251661918
0.795593274791
0.795499177326
0.794553930918
0.792975085751
0.79179144385
0.792085578702
0.794702517774
0.79944333996
0.804968356923
0.809396885126
0.811507884449
0.811004975654
0.808427348104
0.804789752158
0.801251600057
0.798984683723
0.798691144959
0.800224402313
0.80248383804
0.803751602653
0.802894802014
0.799830039201
0.795452039691
0.791063912813
0.787764201259
0.786318939718
0.78670487106
0.788293576931
0.789891573465
0.790312121127
0.789146853147
0.786887989957
0.784386200717
0.782434340582
0.78138114134
0.781146239353
0.781327498177
0.781398905818
0.78105897292
0.780371352785
0.780225559516
0.781806139492
0.786039539554
0.792965605308
0.801572138217
0.81003285045
0.816621740639
0.820312292182
0.821157077699
0.820012908084
0.818204094968
0.816882722021
0.816858259085
0.81826766246
0.820596553634
0.822772777233
0.823682301741
0.822627625326
0.81989772199
0.816723368395
0.814412326579
0.81382745442
0.814932933121
0.816934779898
0.818472921719
0.81854575924
0.816715269591
0.813705095166
0.810846930847
0.809736850281
0.811371030209
0.816071043138
0.822966507177
0.830510547233
0.836859671147
0.840478102415
0.840986180905
0.839085265833
0.83630952381
0.834251138759
0.834179769027
0.836509280824
0.840414251378
0.84377397977
0.844489059788
0.841783912928
0.836948686021
0.832059056156
0.828673328623
0.82758023751
0.828972262878
0.832549595885
0.837668195144
0.842776849461
0.845610608166
0.843850693313
0.837901896125
0.830770747092
0.825357925964
0.822709551657
0.82255594033
0.823988717666
0.826056037548
0.827884720751
0.828753425672
0.828659976387
0.828444154715
0.829357213649
0.832066922273
0.836399680033
0.841534084923
0.846417723781
0.849945355191
0.851107905153
0.849390425216
0.8453873589
0.84121984394
0.840070480929
0.843769893122
0.851771153148
0.861587449003
0.870500186258
0.87647038291
0.878538713982
0.876916224342
0.872787904051
0.868268751677
0.86525286737
0.864721076371
0.866349280074
0.86864307476
0.869656511232
0.867649428065
0.861859039837
0.852844323701
0.842768586559
0.834508754864
0.830609566981
0.831604399033
0.836187324431
0.841578462954
0.845167271884
0.845091422742
0.840934549528
0.833611665513
0.825280343008
0.818456445272
0.815214703701
0.816363190986
0.820756241416
0.826090442591
0.829765953191
0.830259192285
0.82743793607
0.822624322994
0.817846485411
0.815129905334
0.815994988515
0.820940882598
0.829309632079
0.839265259368
0.847967381212
0.853032473734
0.85336793677
0.849898342196
0.844766050908
0.839928557253
0.836462210714
0.834570563596
0.833916382253
0.833875219684
0.833784882146
0.833502491235
0.833232148695
0.833777777778
0.835795929746
0.839549839228
0.844303222878
0.848869103827
0.851838613109
0.851866684466
0.848346484617
0.841548364342
0.832794336159
0.824443964586
0.819003752985
0.817874498204
0.820723684211
0.825856062537
0.830878859857
0.833686908866
0.832796698562
0.827754306142
0.819224235561
0.808952534497
0.799313490384
0.792755426517
0.790545389307
0.792489860003
0.796992160873
0.802096436059
0.806336271412
0.809105232606
0.810677396607
0.811972913464
0.813833548226
0.816963542534
0.82152526136
0.826905417815
0.831704759908
0.834284989215
0.833590534979
0.82976679186
0.824336401823
0.819168919228
0.816087099348
0.816300129366
0.820103243401
0.827027293329
0.83556547619
0.843756213959
0.84951624907
0.851780510693
0.851061738105
0.84892438869
0.847088210805
0.846738970408
0.848322081506
0.851256879369
0.854708968274
0.857186020747
0.857063291139
0.853510282646
0.847010226185
0.839530821063
0.833927333927
0.831984604757
0.834373761395
0.840346658651
0.848489479851
0.857261756138
0.864964086193
0.870617015493
0.873962598207
0.876336561608
0.880117123712
0.887272317149
0.898455119531
0.911736506683
0.924389692586
0.933189655172
0.935638206983
0.930677791748
0.919002402471
0.903034451289
0.8862400906
0.872047464458
0.863067335797
0.860064001736
0.862065286964
0.866890791616
0.871765620949
0.873890057999
0.872095393396
0.866582085765
0.859062103929
0.851917703835
0.847371107708
0.846762996863
0.850173854377
0.856708595388
0.864400507507
0.871206080902
0.875432341829
0.876970436813
0.877439830733
0.879412386388
0.885164164854
0.895697313497
0.91078691903
0.928646206403
0.946534542604
0.960879918358
0.968514715948
0.967908961593
0.960333558711
0.949174220097
0.938847338319
0.93227571116
0.930611126336
0.933252293071
0.938821160944
0.945010759995
0.949625478872
0.950843179993
0.948020084446
0.942266531486
0.93599468468
0.931746377601
0.931508325699
0.935605246184
0.943263562118
0.952837948999
0.96222408494
0.968986944872
0.971416975881
0.968848811336
0.96235266522
0.954731069887
0.948902149354
0.946638946639
0.947771143702
0.950615114236
0.952794292509
0.952418332226
0.948360254528
0.941042103963
0.931842121569
0.922986514908
0.916635927702
0.914290935673
0.916510940985
0.922374701671
0.929605768662
0.934883176202
0.934982905488
0.928166676206
0.915636117229
0.900462833882
0.886494252874
0.876699510101
0.872627978817
0.874582869855
0.881799222141
0.89264436297
0.904687136543
0.914760061011
0.920391306895
0.920729588882
0.917245304496
0.912490901965
0.908381310895
0.905755990085
0.904628099174
0.904414205111
0.904486251809
0.903929151953
0.901956362406
0.897886528029
0.891885804381
0.884878863826
0.87876798512
0.875468465574
0.87583241571
0.87952304754
0.884753225476
0.889241315803
0.890829694323
0.888056617419
0.880804311774
0.870582147477
0.859940378289
0.851601423488
0.847486566565
0.848340290201
0.853741664609
0.862212118217
0.871708069896
0.879883058622
0.884509202454
0.884696993221
0.881282586027
0.87713060755
0.875692919151
0.879070254424
0.887480940113
0.89928935087
0.911848392119
0.922595053927
0.929306339197
0.930672504772
0.926382809391
0.917575479279
0.90676448501
0.897339284679
0.892488099385
0.894241385322
0.902718751819
0.915868193503
0.930287190932
0.94210433036
0.948040380048
0.946224392568
0.937083333333
0.922484295366
0.905553923009
0.889256678281
0.876016027476
0.867317018157
0.863527578338
0.864015005241
0.86690113755
0.870215574131
0.871888281724
0.871419053964
0.869808574947
0.868979568736
0.870658476376
0.876130990602
0.885239085239
0.897511776785
0.911384653071
0.925193199382
0.9362796752
0.942179802956
0.940998487141
0.932854282012
0.920237348092
0.907533677033
0.898394557823
0.89497073488
0.897066870964
0.903427486882
0.911850621456
0.920143588536
0.926336729158
0.928873628058
0.927429805616
0.922803360108
0.916892176318
0.911833352783
0.909500225124
0.910720104268
0.915154073449
0.921537105222
0.927774909654
0.931704781705
0.931947668284
0.928321584244
0.922170849846
0.915867824518
0.911844615296
0.911848341232
0.916520157624
0.925719591458
0.938240483993
0.952417498081
0.965610859729
0.975242056014
0.978722024003
0.975059458765
0.965619855641
0.953346603633
0.941799265606
0.933704330994
0.929937454895
0.930053527395
0.932902133833
0.936577631418
0.939279990137
0.938901345291
0.934437543133
0.925960873121
0.91499780275
0.904607113834
0.897557328016
0.895659224149
0.899152808284
0.907446200724
0.918692372171
0.931104689347
0.942231742419
0.949686819172
0.951380758901
0.946270718232
0.935271530444
0.921420373996
0.908423211804
0.899487379145
0.895897239264
0.897056030389
0.901735563269
0.908090328294
0.914363937349
0.919221129747
0.92164881532
0.92141453831
0.919004346108
0.915568151859
0.912581216775
0.911521696702
0.912954034073
0.916471110547
0.920805704992
0.924320987654
0.925365853659
0.9228821224
0.916373186892
0.906370142545
0.893795449214
0.880197731899
0.867078023182
0.855966607582
0.84771141739
0.842834610185
0.84085177921
0.840830449827
0.841298066237
0.84086140254
0.838999288334
0.836234477523
0.833719239675
0.832392624845
0.832658132123
0.834006329805
0.835589941973
0.836447029869
0.835778781038
0.833446673467
0.82956925341
0.824786324786
0.819692170917
0.815300546448
0.812516730018
0.812441093308
0.816133832812
0.824139676113
0.836239040613
0.851297911174
0.867816683831
0.884050339635
0.898135639016
0.908495643971
0.914056727107
0.91393988533
0.908350901851
0.898362772138
0.885762553886
0.87268452142
0.861136057476
0.852227275218
0.846038543897
0.84200304446
0.838711345537
0.835158648925
0.830681644894
0.825539022168
0.820462346053
0.816711182785
0.815553540848
0.817929852852
0.824363893376
0.834844723644
0.848528063563
0.863759938446
0.878251874838
0.889392991239
0.895052001261
0.894547759932
0.888853503185
0.879950956874
0.870133347614
0.861295010496
0.854738323321
0.850928295312
0.849898580122
0.851274395975
0.854045596781
0.856932737455
0.858583543433
0.857498840983
0.853054549702
0.845504630172
0.836409445128
0.827431042543
0.820463545306
0.816424840395
0.815871729567
0.818633683967
0.824301659823
0.832182039821
0.841059215526
0.849657776729
0.856300619343
0.859564019643
0.858569549097
0.853870738636
0.847069756636
0.840065718656
0.834490740741
0.831080356185
0.829790575916
0.829912775782
0.830815099298
0.831640566368
0.831673802649
0.830712579618
0.828816689125
0.826676033721
0.8252363379
0.825224398205
0.827179566404
0.831063520116
0.836450311698
0.842617944398
0.848673453241
0.853509557159
0.856236897275
0.856169017016
0.853001856819
0.847281831187
0.840324214792
0.83356833518
0.828516861838
0.825719034907
0.825457124044
0.827339964295
0.830723417364
0.834846296678
0.839034725093
0.842632258065
0.844971995273
0.845542131824
0.844127719581
0.841158989599
0.837666116985
0.835094035719
0.834737914429
0.837083503796
0.841811971958
0.847986742509
0.85450211388
0.860259032038
0.864424762432
0.866328495608
0.865641615175
0.862173382173
0.856099378882
0.848027375201
0.839163671341
0.831185892577
0.825719289467
0.824024822695
0.826183574879
0.831470253884
0.838343415542
0.844918559303
0.849436466097
0.850647000271
0.848149993207
0.842201166181
0.833862287843
0.824777772607
0.816541849183
0.810747774763
0.80818303914
0.809170600135
0.81317146023
0.819364439324
0.826700347934
0.833899424474
0.839940373597
0.843846189185
0.845261297194
0.844133727705
0.841124405106
0.837280468334
0.833866524482
0.831858802502
0.831937314239
0.834021882235
0.837666194545
0.841955734775
0.845812560033
0.848242666424
0.848427757592
0.846007772478
0.840797532688
0.833290521449
0.824110169492
0.814368228003
0.805101180438
0.797453360971
0.792254718585
0.790026470839
0.790869807042
0.794598983036
0.800645819171
0.808188658624
0.816180426236
0.823262042937
0.828370373315
0.831009568444
0.831313209295
0.830275758625
0.828982933045
0.828453351008
0.829135412554
0.831147540984
0.834040661251
0.837249073659
0.840003266906
0.841575688447
0.841541755889
0.839730559209
0.836253871183
0.831505791506
0.826020369094
0.820508884369
0.815689172371
0.81229889167
0.810737107737
0.811130550696
0.813020214031
0.815832543716
0.818422652654
0.81989902507
0.819513040464
0.817360397396
0.813827326633
0.810046902
0.806645187273
0.804091828238
0.802386954467
0.801485109408
0.801284352439
0.801609121048
0.802280277242
0.802983710106
0.80342813931
0.803344623201
0.802456021076
0.800942235049
0.798911667932
0.796834544392
0.79492364837
0.793475154138
0.792622618565
0.792642005256
0.793583927414
0.795373085696
0.797815553913
0.800646953925
0.803598389532
0.806239388795
0.808333333333
0.809883619941
0.810825013137
0.811180506685
0.810980702448
0.810127135305
0.808690769297
0.806717687075
0.804606333709
0.802625122669
0.801170763001
0.800606968312
0.80102715742
0.802393822394
0.804468412943
0.80704937652
0.809810237107
0.812443854236
0.814787154593
0.816881372007
0.818794874846
0.820487339508
0.822041984733
0.823482713452
0.824725948791
0.826114398422
0.827860461454
0.830233291299
0.83349823881
0.837493022885
0.841660632392
0.84508642376
0.846948356808
0.846396138428
0.84331797235
0.838059792063
0.831574740208
0.825009846396
0.819556451613
0.816217454379
0.81568450365
0.818303422138
0.82409824613
0.832585458393
0.842754964964
0.85328983143
0.862725159791
0.869636602452
0.872869526888
0.872108088099
0.867588932806
0.860169491525
0.851147047762
0.84186186412
0.833489452583
0.826742627346
0.821743786698
0.818361447547
0.815897305726
0.813442233656
0.810074052874
0.805134605099
0.798133770212
0.789222495281
0.778897514422
0.76816436798
0.758174097665
0.749947335159
0.744347584482
0.741703236423
0.741914749662
0.744308875146
0.748045062956
0.752193416452
0.755911744336
0.758681187726
0.760175871028
0.760484466215
0.759958106693
0.759081178429
0.75833361766
0.758122990629
0.758509691117
0.759285910088
0.76013849371
0.760688449275
0.760617892862
0.759976786263
0.758927057547
0.757709990268
0.756720074153
0.756185012549
0.756082686011
0.756210392902
0.756197178674
0.755640511406
0.754372169099
0.752270273703
0.749605792438
0.74675770148
0.744087446174
0.742163192934
0.741430825528
0.742166098751
0.744530117306
0.748208637273
0.752452449295
0.756195662263
0.758535166417
0.758847862724
0.756861408835
0.752680711492
0.746778350515
0.739711155706
0.73238069741
0.725871336331
0.721235495111
0.719432899853
0.720743278861
0.724967700258
0.731062531774
0.737913005134
0.744377952756
0.749698584936
0.753300568565
0.754816625917
0.754217106569
0.751488393872
0.747009006587
0.741206786921
0.734803711163
0.728599631056
0.72326067672
0.719290051378
0.716970089024
0.716449950932
0.717707311089
0.720623501199
0.724978403061
0.730272730087
0.735989573636
0.741166242315
0.744915044028
0.746400098881
0.745187280891
0.74144416919
0.735896110216
0.72965450475
0.723836771571
0.719458778351
0.717075358852
0.716879322681
0.718652526513
0.721885442233
0.725797442305
0.729663465748
0.732835475281
0.734962567765
0.73610005685
0.73650668321
0.736588238593
0.736646136618
0.736791843384
0.737010595501
0.737180591444
0.73716320752
0.736889020948
0.736441369308
0.735858879735
0.735200568199
0.734471137495
0.733765236882
0.7331981723
0.732866136121
0.732897501751
0.733115625813
0.733238808993
0.732934903615
0.732042959284
0.730566130419
0.728758479255
0.726963892843
0.725697881608
0.725386180896
0.72625008345
0.728117456433
0.730596431827
0.733151825753
0.735459781027
0.73732892874
0.738793754722
0.739847434558
0.74043925174
0.74065480794
0.740555465324
0.740287699384
0.740114650511
0.740004525033
0.739977017365
0.739751455089
0.739122338775
0.738108390106
0.736910954945
0.735941985194
0.735520307618
0.735832710978
0.736993704716
0.738894460504
0.741092080223
0.743237353633
0.744712773017
0.745171750796
0.744393592677
0.742491355414
0.73973856583
0.73656299269
0.733425295284
0.730770338373
0.728975733472
0.728178258867
0.728477961433
0.72975364677
0.731721146486
0.73403088347
0.736273853365
0.738282548476
0.739853314216
0.741017304089
0.741635533416
0.741687622241
0.741071428571
0.739706264247
0.737709258878
0.73525973442
0.732749178532
0.730691368628
0.729434841241
0.72904400607
0.729346430597
0.729971282893
0.730757038702
0.731483591613
0.732199064228
0.732849829352
0.733455935174
0.734110293259
0.734932935917
0.736241671991
0.738405886718
0.741805832502
0.74637298456
0.751488917542
0.756223564955
0.759801000953
0.761896312069
0.762574797085
0.762171219965
0.761071906558
0.759677419355
0.758221603845
0.756923472338
0.755874334675
0.755054862762
0.754478774503
0.754066153499
0.753918845577
0.754021383927
0.754344241502
0.754844064226
0.755263072794
0.755340826924
0.754837848659
0.753630513157
0.751713427192
0.749479761026
0.747362834207
0.745902443812
0.745569783987
0.74673612451
0.749492344883
0.753767535722
0.759220736338
0.765147201661
0.770795324008
0.775278246206
0.778087927425
0.779302754669
0.779665274594
0.780084641806
0.781104376694
0.782917490119
0.785252428731
0.787865720162
0.790301940304
0.792205929803
0.793055300386
0.792340204657
0.789591596886
0.785083800879
0.779870107556
0.775568181818
0.773505508978
0.774208921083
0.777448260467
0.782631154157
0.789007963819
0.795832917954
0.802338081161
0.807900616072
0.81182996971
0.81395826206
0.814423043793
0.813785184927
0.812748443381
0.81199858005
0.812021234902
0.812872551802
0.814272195156
0.815659000138
0.816309970585
0.815720057431
0.81382801572
0.810818065902
0.807178091512
0.80355540214
0.800641741071
0.799160545645
0.799700734245
0.802438520355
0.80684338007
0.811852861035
0.816346915579
0.819387611119
0.820585664336
0.819917887679
0.817561542935
0.81408662008
0.810422602089
0.807953971154
0.807940316413
0.810871905274
0.815888109947
0.821405234378
0.826161369193
0.829443964275
0.830966491483
0.830640518862
0.828641705384
0.825411084639
0.821908344208
0.819008233672
0.817349781138
0.816818635133
0.816969393593
0.817149098853
0.817230723407
0.817297501893
0.817885067942
0.819668458781
0.82320561252
0.828603665208
0.835124047666
0.841743917487
0.847600354565
0.852191144463
0.855254260211
0.856729377713
0.856619934844
0.854941849594
0.852154059213
0.848888072046
0.84555348704
0.842306746743
0.838864552304
0.834968714448
0.830552924893
0.825875486381
0.821525624833
0.81881951711
0.819304542472
0.824466282616
0.833833255032
0.844608403478
0.853651136134
0.859369239535
0.861753649202
0.861328731665
0.858840119866
0.854995865243
0.850787157103
0.847421918315
0.846217043842
0.847862277715
0.852260453634
0.858306962025
0.864620132375
0.869950698098
0.873561301084
0.875056623976
0.874820545542
0.873644831272
0.872459834201
0.871913580247
0.872050001796
0.872738592251
0.873632178703
0.874653874654
0.87576292965
0.877429120812
0.880190382406
0.884398914848
0.88985300527
0.895464817268
0.900136319377
0.903045221741
0.903850104779
0.90253620084
0.899143545365
0.89412954535
0.888129446227
0.882515041565
0.878428234876
0.87644095295
0.87611681006
0.876612244898
0.877159860456
0.877195917684
0.876388114737
0.874287718068
0.871030603658
0.867392162886
0.864913176711
0.864915572233
0.867332494495
0.870772806508
0.873642955124
0.874868261046
0.873842494266
0.87059296662
0.865506921062
0.860233748672
0.856751601702
0.857239840947
0.861993843239
0.869513094799
0.877619370898
0.885145482389
0.891825613079
0.897884721966
0.903598003202
0.909182209469
0.914207571614
0.917989417989
0.919691718351
0.919347807132
0.917586337124
0.915183720547
0.912633407793
0.910221695718
0.908223554641
0.907019060183
0.90722282583
0.909104201189
0.912358321734
0.915741574157
0.917726550079
0.917275177653
0.914702472952
0.911049539005
0.907652091255
0.905455584119
0.905070584846
0.90629875195
0.908218087752
0.909613428281
0.909053199212
0.90575422797
0.89998959309
0.893794083321
0.889608807912
0.888950918818
0.89162296625
0.896010579678
0.900168979011
0.902651619415
0.902424969988
0.899151600848
0.893021290084
0.885253932829
0.878170364284
0.87399377482
0.87339033687
0.874784747847
0.876003992206
0.875760411792
0.873617101069
0.869878603945
0.864888206506
0.859602712712
0.855111616664
0.852573209294
0.852347520842
0.853682293652
0.855420678108
0.856686813655
0.857010049139
0.856377027783
0.855149371069
0.854562202548
0.856297680212
0.861346456293
0.868698541095
0.875427321209
0.879594367195
0.88089617389
0.879647075043
0.876270373921
0.870805033959
0.863082695174
0.853091849935
0.841798459043
0.831245752015
0.823621901591
0.819916011437
0.819832957709
0.822661196825
0.827623757884
0.833869189785
0.840020129009
0.844769705922
0.847571335221
0.849036310446
0.85031221344
0.85258510832
0.856722181994
0.863547356488
0.873408034982
0.884977324263
0.893984750071
0.89459256074
0.885007496252
0.869719308194
0.854182156134
0.841804440246
0.833853963296
0.830966698671
0.833359257531
0.839920639064
0.847970895675
0.853232610615
0.852684376742
0.846898450335
0.838427757729
0.830036246124
0.82317182192
0.818463530827
0.816300067237
0.816812487572
0.820187506369
0.826319305277
0.833866788599
0.840807840808
0.845241538907
0.846959668587
0.846522551886
0.844770120576
0.842131902617
0.839065371489
0.835758269304
0.832395317425
0.828782838132
0.824364382625
0.818386018737
0.810720868319
0.802290765648
0.794117647059
0.786931571168
0.780841485586
0.776040065018
0.77245508982
0.770280865194
0.769352954917
0.769445089389
0.7696349307
0.769439817656
0.768592921867
0.767735088092
0.76776496903
0.769605024548
0.773830235326
0.780112641393
0.787015005099
0.792098253921
0.792904700388
0.788069230386
0.778106508876
0.764860759494
0.750667351129
0.737467430954
0.726529535865
0.717950076846
0.710423693086
0.70210891756
0.691791195477
0.67996085148
0.668815776998
0.661398092254
0.660146919645
0.665763765542
0.676984126984
0.691076624636
0.704591791508
0.714017689627
0.716996402878
0.713578022968
0.706306548419
0.699526150303
0.697066410178
0.700698572482
0.709548089075
0.721115360669
0.731993917331
0.738818199345
0.738657535626
0.730334163553
0.71609063381
0.70102406554
0.689549585144
0.682280285036
0.677043518305
0.670967741935
0.66277515373
0.652483209615
0.641512745141
0.631702851164
0.624430462139
0.620552160534
0.62008961587
0.622510746557
0.626848490215
0.631735595931
0.635676293463
0.638162120498
0.639908921548
0.642198510167
0.645991645116
0.651488476312
0.658611258521
0.66703061353
0.676158739776
0.684926029588
0.692140331792
0.69694596711
0.699550098416
0.700972641464
0.702624193787
0.705748290707
0.710899492806
0.717065556712
0.721214289365
0.719580626108
0.710703999245
0.696100917431
0.678633021694
0.660879050952
0.644971761705
0.633058149502
0.626702281385
0.625871935174
0.627988524068
0.629606617219
0.628974438903
0.625793825139
0.620833505431
0.615774455943
0.612801178714
0.614467202489
0.621538201345
0.631925578332
0.641919622902
0.648916078174
0.652508347069
0.653679274225
0.654251708377
0.656402691989
0.661502282473
0.669216409416
0.677119942327
0.682267573696
0.683421763008
0.681511145421
0.678489474209
0.676642744439
0.67760175233
0.681203685159
0.685004393244
0.685822288148
0.68159582047
0.672494061758
0.660878205735
0.650250649833
0.643958007594
0.643595085243
0.647881010595
0.653952482071
0.658877555167
0.6606292911
0.658162370682
0.651484525895
0.64228184933
0.634085530764
0.63021605179
0.630955839628
0.633997804766
0.636763636364
0.637939669453
0.637285075301
0.635525692381
0.63400043985
0.633990061895
0.635518777849
0.637233688415
0.637127257455
0.633906311508
0.627577915472
0.619590529788
0.612963972447
0.610573161189
0.613094677343
0.618048935494
0.62240552293
0.624366177881
0.623496410403
0.620311569756
0.615912906344
0.61190044337
0.609455834451
0.608411796056
0.607532909763
0.605735199485
0.603048188875
0.60022401062
0.598552883592
0.59935580846
0.602934957287
0.607893660532
0.611476058567
0.611982213901
0.609379918162
0.604917900837
0.600837575957
0.599967156581
0.60435007768
0.612238715541
0.61889191644
0.621044646727
0.618239462887
0.611647805686
0.603080668178
0.594925479063
0.591124396413
0.595730888549
0.608854920405
0.624117800819
0.634486275176
0.637988256319
0.636593224767
0.633070866142
0.630324708506
0.630873121552
0.636023234602
0.64447092469
0.652368937482
0.65608031029
0.655218734608
0.65141313015
0.646939226519
0.643562594537
0.642120965555
0.642827327118
0.645172116214
0.648173878523
0.650073727564
0.648648648649
0.642138851286
0.631759430229
0.621548478193
0.614189892033
0.609703038674
0.606865036453
0.604793898674
0.602999693909
0.601464140622
0.600441961308
0.60026986001
0.600977873539
0.601511274588
0.600674131184
0.597715296742
0.592292567833
0.584458211956
0.575060116798
0.566220336736
0.561078794289
0.560880884299
0.563622202181
0.56641423248
0.567647296533
0.567009012786
0.565326522524
0.56425169445
0.565746977946
0.570425684135
0.576616662429
0.582739637306
0.588129568239
0.593394871795
0.599312535352
0.606411273389
0.613834262792
0.618632999565
0.619032592526
0.617337821552
0.616685232336
0.618281506383
0.622258360437
0.628003168177
0.633848694775
0.636736953814
0.634316425335
0.627775450356
0.620113531141
0.613179823679
0.60711018711
0.601420097848
0.596082746479
0.59234587806
0.59165828368
0.5936803233
0.596678724104
0.599319977333
0.600945643286
0.600961723408
0.599023397762
0.595320307105
0.591495967589
0.589154222008
0.588092822309
0.5873537399
0.586220571799
0.584625019571
0.582995281066
0.581926514399
0.58174386921
0.581539347685
0.580137248755
0.577135035839
0.57231774683
0.565483528162
0.55665069587
0.547038490284
0.53973288069
0.537258734425
0.53834234098
0.540432225926
0.542614414908
0.545367717287
0.549420233631
0.554591836735
0.55875630517
0.559080263998
0.555304064175
0.5493014644
0.543320848939
0.539282323904
0.539038742546
0.54397278158
0.553302211678
0.563359114402
0.569877736502
0.570917011223
0.567509247842
0.562091242622
0.557714745524
0.556583995886
0.559267822736
0.564458866196
0.570388349515
0.575441644946
0.578905735003
0.58080442069
0.582124329552
0.583909339335
0.586216860507
0.588410506363
0.590116081732
0.591453602718
0.592892935011
0.595171773445
0.598629345223
0.602612244898
0.605364593682
0.605463537169
0.602697633585
0.598152805838
0.593785572748
0.591625224623
0.592652142455
0.59563959097
0.598467139299
0.599928266847
0.599871904355
0.598807612933
0.597606114503
0.596978299572
0.596894609078
0.59649122807
0.594882292733
0.592270050593
0.589553216579
0.587804652025
0.58831175083
0.591462829736
0.595832003283
0.598454286806
0.597923510565
0.595378304837
0.592539755801
0.590545011318
0.589678510998
0.589297658863
0.587905100206
0.584289383562
0.578607111372
0.572366234629
0.567505059266
0.565721543883
0.567616811078
0.572281432807
0.577499198975
0.581117830905
0.582185529373
0.581401252327
0.580304257042
0.580218298285
0.582067553736
0.585419618958
0.589108722895
0.592083193559
0.594281009058
0.596597440417
0.599944342848
0.604943408788
0.611620394622
0.618799782766
0.62414888788
0.625597358589
0.623827731938
0.621287779238
0.619665776868
0.619242771741
0.619924266839
0.621603827415
0.62453320728
0.629100865399
0.634972991061
0.640373731021
0.64347641309
0.643262799209
0.639320705421
0.631914211081
0.622294114848
0.613275820752
0.607899444497
0.607710064635
0.612411742847
0.620490969835
0.630002568713
0.637529386621
0.639238175409
0.634409657474
0.626450326323
0.618756281956
0.61275697998
0.609316920106
0.609662697372
0.615444100751
0.625691356686
0.634548868465
0.637011779293
0.633496580258
0.626936203728
0.619561086833
0.613405516886
0.610646223614
0.612406417112
0.61633688483
0.617949214964
0.614800019487
0.60741083359
0.597371893556
0.586987840719
0.579768786127
0.578796086452
0.583669876773
0.590054366801
0.594146291975
0.594875086931
0.593135866795
0.590394814378
0.588055939019
0.586883760271
0.58674507892
0.586801338456
0.586284383458
0.585158211954
0.584116930572
0.583579581668
0.58340253557
0.582894093354
0.581616918163
0.579929657363
0.579066134352
0.580388338393
0.584291925808
0.589306328051
0.593322442312
0.594607087827
0.59265530744
0.588103805474
0.583347055272
0.581941768358
0.586175067945
0.595230983672
0.606379249912
0.617206982544
0.626071854988
0.632273511888
0.636
0.638157536113
0.63977566868
0.641757519312
0.644492539014
0.648058252427
0.652353575278
0.656710334789
0.66014117128
0.6620058873
0.661989333609
0.660247955685
0.657222252493
0.654120267261
0.65235026114
0.653151191902
0.656638395477
0.661604050093
0.666430903156
0.669364742659
0.669324946647
0.66673952243
0.663841073379
0.662591687042
0.663944163944
0.667803338762
0.673515128876
0.680167597765
0.685942804534
0.688767505375
0.687116209014
0.681142725492
0.673170731707
0.666361974406
0.663424564578
0.665122509349
0.669872151195
0.674769630844
0.677273527858
0.675821481118
0.671555359728
0.667626259466
0.667594890732
0.67207375423
0.679318090192
0.686559266228
0.691205291524
0.69137679782
0.687579699056
0.682730170636
0.679995108829
0.680925494047
0.6852882831
0.692550202179
0.700882117081
0.706268328446
0.704465731247
0.697262290256
0.689990954079
0.684752350439
0.6814208563
0.679677556216
0.679621162639
0.681631399317
0.685796941728
0.690969626962
0.695401528355
0.69781994348
0.697903059471
0.696540991724
0.6948542772
0.694242831541
0.695478743924
0.698739259616
0.703294961628
0.706940677966
0.706631935831
0.701272840856
0.693561278863
0.686437481868
0.681192559371
0.677825659636
0.676236020054
0.676250772082
0.67765876052
0.679935548224
0.682833636579
0.686284853052
0.690286995516
0.694667682346
0.698618053514
0.700963762529
0.701485599708
0.701776563034
0.703591790194
0.706936644784
0.710179825577
0.711223184042
0.708646923477
0.70313298272
0.697174082748
0.693572716839
0.693926710515
0.698201658664
0.704686405046
0.711021693492
0.714928533616
0.715532930895
0.714029438822
0.712630896117
0.71274102777
0.714250046236
0.71682687732
0.72105784389
0.72940087146
0.744557162716
0.763848727108
0.776930639224
0.778428336398
0.77245807379
0.764190329853
0.756665971437
0.752177731362
0.752871507001
0.758458341841
0.763388259526
0.761787298496
0.753398718748
0.740777929788
0.726668829246
0.716570845697
0.721598352985
0.739822432421
0.748906027436
0.745384075059
0.736149119636
0.725156015216
0.714413913935
0.706240441419
0.705312712279
0.718226957351
0.744032178624
0.76903314744
0.784604382998
0.793234590644
0.798957190774
