1.00249221184
1.00885863668
1.01383030897
1.01558217837
1.01490970589
1.01489133351
1.01857234532
1.02640610641
1.03588512223
1.04255073357
1.04204931807
1.03400565137
1.02386034456
1.01838901839
1.02010177656
1.02739676646
1.0367157665
1.04421787453
1.04739032394
1.04672408822
1.04467590145
1.04250808105
1.03934545834
1.03373595064
1.02659592973
1.02313092372
1.02844175492
1.0412179613
1.05648283954
1.07023068473
1.07978548594
1.08344468507
1.08087833086
1.0754334679
1.0736074172
1.07900913384
1.08895596591
1.09874341305
1.10527747182
1.10789271188
1.10791832464
1.10791846281
1.11002643078
1.11439553755
1.11920177384
1.12243420971
1.12335013495
1.12268476291
1.12177236727
1.12163919695
1.12253901208
1.12403618552
1.12542806211
1.12614274539
1.12578746494
1.12405619161
1.12095519009
1.11650072334
1.11175333137
1.10804776032
1.10693553636
1.10953996983
1.11546272121
1.12186846008
1.12464026992
1.12137716398
1.11283971958
1.10152671756
1.09045178436
1.08313740243
1.08216005928
1.08790410461
1.09740664825
1.10587509909
1.11033998067
1.11002466526
1.10597898084
1.10063447303
1.09768659974
1.09965635739
1.10603630224
1.11338831959
1.11785625672
1.11711414923
1.11138411138
1.10373612124
1.09934567507
1.10157907141
1.1098396388
1.12055135893
1.12992620506
1.13541832037
1.13624370353
1.13443170965
1.1338791423
1.13725342
1.14337048988
1.14890101997
1.15123303248
1.15013803355
1.14717514124
1.14525886325
1.14646076445
1.15061368837
1.15582356995
1.15960442277
1.16091008772
1.16048623916
1.16043687674
1.16222760291
1.16514190317
1.16723276723
1.16658876945
1.16288285868
1.15825734549
1.15586346739
1.15835796829
1.16511442257
1.17261629825
1.17740023706
1.17837050764
1.1770130304
1.17603829558
1.1779024951
1.18274726014
1.1879984051
1.19068575933
1.18964278717
1.18584880984
1.18199158116
1.1804307611
1.18218383226
1.18596147568
1.18917874396
1.1901848311
1.18954996186
1.1895241137
1.19187954443
1.1968503937
1.20225945183
1.20488948002
1.20264207378
1.19648238116
1.18948782126
1.18429535916
1.18269347221
1.1840398703
1.18642055908
1.18795888399
1.18782883199
1.18684857712
1.18613675113
1.186650985
1.18808302239
1.18961664088
1.190353047
1.19087575017
1.19211111111
1.19466204118
1.19840108096
1.20231408672
1.2040500166
1.20239701992
1.19842735764
1.19518954248
1.19471444334
1.19707177338
1.20091494228
1.20400231105
1.20429888453
1.20183126867
1.19933380918
1.19947965941
1.20251409999
1.20700837326
1.21104795219
1.21273120346
1.21129394166
1.20838409819
1.20696018982
1.20894479385
1.2132680517
1.21736607143
1.21832655069
1.21456580165
1.20749539042
1.20115713567
1.19837616138
1.19885685037
1.20022798018
1.20034108249
1.19799510115
1.19448829552
1.19331085877
1.19690139612
1.20438404209
1.21242368878
1.2181743571
1.21979404501
1.21737897126
1.21281941876
1.21017522432
1.21252661791
1.21954570434
1.22755092719
1.23258262382
1.23337308504
1.23119930342
1.22910471659
1.22911224162
1.23111398605
1.23325062035
1.23376746839
1.23241811175
1.23042234398
1.23096960926
1.23711877249
1.24818631302
1.25888278804
1.26424893867
1.26379726102
1.25989013525
1.25610613661
1.25582165846
1.26137865911
1.27172247248
1.28119905814
1.28472744985
1.28245144886
1.27822758074
1.2758589955
1.27783808232
1.284761252
1.29474694829
1.30299060354
1.30503228089
1.30076197073
1.29428119252
1.28959836101
1.28786517815
1.2874364126
1.2852841391
1.27923189313
1.27009540969
1.26110775428
1.25567388616
1.25540111199
1.25943228156
1.26481918239
1.26740181853
1.26469035227
1.25806805708
1.25230944823
1.25188234466
1.25823674043
1.26959070523
1.28197467634
1.29082910079
1.29347552874
1.28998305879
1.28264019707
1.27421704297
1.26642335766
1.2598691385
1.25454087688
1.25080842898
1.24964629315
1.25153571429
1.25618141917
1.26227156019
1.26754966887
1.26941457587
1.26590081255
1.25778233115
1.24929286752
1.24544846548
1.24777622583
1.25385585051
1.25956449418
1.26161623958
1.2584612974
1.25070866142
1.24107422487
1.23312717433
1.22937180368
1.22966416496
1.23175819175
1.2334210426
1.2340155908
1.23482391103
1.23788870387
1.24441086443
1.25342014494
1.26169675791
1.26581389907
1.26411242836
1.25741399763
1.24830053667
1.24023079984
1.23599778183
1.23675743545
1.24093816631
1.24554478213
1.24841296993
1.24933767315
1.25003775294
1.25252031297
1.25789218067
1.26552272475
1.27294659502
1.27772347127
1.27915105218
1.27828217322
1.27717665729
1.27766780637
1.28014272971
1.28321973157
1.28433468994
1.2817112154
1.27559909162
1.26798100249
1.26145851377
1.25860739079
1.26166185886
1.27118939658
1.2848617875
1.29835300484
1.30837928352
1.31400667148
1.31595654628
1.315391845
1.31343228746
1.31140043522
1.31069702738
1.31217869814
1.31554465799
1.31963902333
1.32301525443
1.32449777845
1.32335653519
1.32009509705
1.31650485437
1.31482620732
1.31616496891
1.31977564959
1.32361863073
1.32552837989
1.32416563659
1.32014705319
1.31588707236
1.31376312521
1.31458459673
1.31731325999
1.31998578367
1.32065523626
1.31798094466
1.31230208041
1.30654125695
1.3043202033
1.30716698754
1.31281107985
1.31724087751
1.31707406862
1.31058562719
1.29904358619
1.28710341401
1.28069393493
1.28283335006
1.29167082294
1.30292240511
1.31242316623
1.31752178122
1.31748498032
1.31434171398
1.3123353605
1.31474465354
1.32084755666
1.32723218434
1.33060603178
1.32929457871
1.32327326321
1.3148669266
1.30869463008
1.31094923742
1.32349269754
1.34043264264
1.35317882203
1.35742847401
1.35361107567
1.34441384736
1.33334447043
1.32412516824
1.31995443581
1.3217163511
1.32699832309
1.33204062182
1.33416227328
1.33294058239
1.32932922656
1.32487520799
1.32105519933
1.31904927134
1.31913946079
1.32058803695
1.32273439323
1.32551183196
1.32926788519
1.33421070392
1.33993523095
1.34518742277
1.3484046211
1.34827727927
1.34497059523
1.33973840345
1.3343373494
1.33006090053
1.32759077657
1.3268989639
1.32767860078
1.32927669346
1.33129781017
1.33336631051
1.33516975872
1.33623565519
1.33632601295
1.33569700785
1.33548513302
1.33763831755
1.34335541943
1.35222170615
1.3624090089
1.37141684556
1.3770296775
1.37765071067
1.37313285191
1.36530612245
1.35854569063
1.35773055053
1.36487117979
1.37735557615
1.39015915366
1.39863676341
1.4001529978
1.3940850158
1.38151336656
1.36541849515
1.35096138864
1.34381356946
1.34610083841
1.35416375283
1.36200856364
1.36621219772
1.36662106703
1.36486486486
1.36334705556
1.36434425034
1.36921169483
1.3773247902
1.38600615729
1.39253434815
1.39601908115
1.39738626772
1.3978703676
1.39806062831
1.39759856409
1.39513368489
1.38929263566
1.38049775361
1.3711394172
1.36358083937
1.35880634021
1.35656480251
1.3559269576
1.35568005571
1.35456858514
1.35164334527
1.34711930798
1.3422827539
1.3388013643
1.33800441157
1.34011948828
1.34417590996
1.34871995055
1.35173240852
1.35229540918
1.35056553134
1.34753484238
1.34394944708
1.3399552939
1.33538442219
1.32973429725
1.32322162701
1.31679188696
1.31193672981
1.30986944216
1.31059251402
1.31306006297
1.31604945754
1.3184123417
1.31967986367
1.32011089785
1.32049602389
1.3220106626
1.32502285888
1.32930513595
1.33390384792
1.33772909464
1.34007403555
1.3407294369
1.34039775315
1.34016516969
1.34087783292
1.34252307327
1.34431014151
1.34532289743
1.34490808287
1.34342905356
1.34207618494
1.34257396881
1.34616962663
1.35292555546
1.3614640228
1.36958593983
1.3754062677
1.3778764755
1.37726961033
1.37517558803
1.37323435716
1.37270468456
1.37342913928
1.37414882145
1.37317314838
1.369522036
1.36385107838
1.35797701722
1.35430411807
1.35474737306
1.35955020589
1.36685561429
1.3732929164
1.37564098481
1.37254964157
1.36527400291
1.35669855704
1.35012028362
1.3479491256
1.35097964133
1.35794005102
1.36530793088
1.36925188744
1.36778050276
1.36145160316
1.35278093756
1.34433637588
1.33807357416
1.33492677283
1.33494324299
1.3369420644
1.33930225378
1.34048290232
1.34041129229
1.3399282762
1.34008691926
1.34176508881
1.34495332097
1.34905630452
1.3527904328
1.35431409063
1.35276258041
1.34883585395
1.34404195564
1.33921602388
1.3343034254
1.32869353594
1.32172571325
1.31313658118
1.30354173083
1.29463250991
1.28875379939
1.2877841402
1.29135920689
1.29734827471
1.30308058183
1.30645475006
1.30698416252
1.30552899488
1.30414071088
1.30469411964
1.30769449338
1.31217967175
1.31639016355
1.31850485378
1.31748011851
1.31303202595
1.30608283712
1.29844417735
1.29213219259
1.28842161655
1.28723936614
1.28740118083
1.28769421793
1.28782525987
1.28826372109
1.28996491228
1.2938479582
1.29983902701
1.30659804132
1.31198523147
1.31378958839
1.311370993
1.30566493955
1.29893752364
1.29365977437
1.29171081866
1.29402766919
1.30009768586
1.30804551807
1.3149004559
1.31799514956
1.31672427035
1.31276324186
1.30868951354
1.30662032225
1.30736758789
1.31069228709
1.31561101316
1.32085286971
1.32542710804
1.32897221936
1.33201175747
1.33541999796
1.3397784423
1.34485226459
1.34972415447
1.35335287019
1.35480629288
1.35371527778
1.35055542098
1.34637904468
1.34272158288
1.34048513611
1.33903345725
1.33678574843
1.33214240546
1.32423821841
1.31357002969
1.30199854306
1.29215051716
1.28641654245
1.28559670782
1.2884201872
1.29189771539
1.29319254817
1.29051612903
1.28380279386
1.27443110197
1.2648980002
1.25781984159
1.25496468079
1.2559224577
1.2583662373
1.25950016021
1.25778574401
1.25351976234
1.24812820176
1.2436202676
1.24164242943
1.24312404501
1.24759741394
1.25309308891
1.25676515256
1.25646794151
1.25178715943
1.24446083196
1.23702810438
1.23207629538
1.23134654865
1.2348115523
1.24045214367
1.24496566367
1.24567588047
1.24189304742
1.23488356708
1.22695296798
1.21996731136
1.21543730971
1.2138382389
1.21463963173
1.21593848305
1.21508524195
1.21003272273
1.20074718154
1.18902260053
1.17716343814
1.16654753395
1.15770761302
1.15014229171
1.14290382667
1.13490002597
1.12579321838
1.11624826542
1.10774347975
1.10168655382
1.09868400777
1.09829563062
1.0994718585
1.10074709202
1.10051096512
1.09745385105
1.09104757069
1.08191619778
1.07195246495
1.06334223625
1.05780037463
1.05572240851
1.05612537245
1.05725406137
1.05762862788
1.05674462166
1.05504411201
1.05341042997
1.05273598942
1.0532903154
1.05481110298
1.05640996376
1.05699991324
1.05541738596
1.0514432442
1.04577955793
1.04001189945
1.03568449899
1.03367906533
1.03376244115
1.03487783829
1.03557969079
1.03441451022
1.03084062739
1.02534454567
1.01928886823
1.01417454945
1.01117801273
1.01051636197
1.0118055358
1.01389867779
1.01547356367
1.01572335764
1.01441935127
1.01236149006
1.0105637781
1.00994953136
1.01088977424
1.01318999006
1.01605679291
1.0182343109
1.01840984241
1.01639627698
1.01326570425
1.01050299499
1.00904555671
1.00910792613
1.01039751838
1.01239058434
1.01459256113
1.01632262643
1.01693448702
1.01594360743
1.01345019091
1.01040326334
1.00748404716
1.00468839041
1.00128369705
0.996346443155
0.989244041365
0.979670532195
0.967961081206
0.955629139073
0.94493254733
0.937755327371
0.934183275505
0.932503640937
0.930382421297
0.926145581235
0.91888476636
0.908691287005
0.896583614405
0.88453035695
0.875359185933
0.871794218121
0.874917012958
0.883231240429
0.893515229028
0.902548439439
0.908353628836
0.910480622482
0.909558464268
0.907167109731
0.905039589129
0.904639870515
0.906656568662
0.910574165269
0.915104053761
0.918655599401
0.920144693212
0.919179368235
0.916472351765
0.913394790915
0.911684370258
0.912644366964
0.916686758284
0.923008010118
0.929790777558
0.935184226868
0.937864530679
0.937480397282
0.934529005634
0.929939205656
0.924865493281
0.92016726858
0.916359297028
0.91351832376
0.911311466638
0.909197142326
0.906818662717
0.904119017366
0.901357827476
0.898813040443
0.896782406154
0.895386207648
0.894467157264
0.893857627119
0.89342701601
0.893115082503
0.893329551608
0.894705022923
0.897785686042
0.902516031132
0.908265881776
0.913945628945
0.918547097495
0.921234394141
0.921508117537
0.919510375508
0.916016456235
0.912382331644
0.910231971612
0.910712183637
0.913877000645
0.918318702401
0.922069699847
0.923350904687
0.921383203952
0.916338004531
0.909498878085
0.902721069794
0.897964707156
0.896723018989
0.899095392568
0.903775310255
0.90844978791
0.910891347459
0.909672662155
0.904740273621
0.897152027854
0.888645743885
0.881334008211
0.877173080741
0.877384427879
0.881701124919
0.888151554368
0.893463120815
0.894743744426
0.890974840348
0.883037694013
0.873071179691
0.863442108644
0.856102362205
0.852436867446
0.852962117306
0.857388316151
0.864504097757
0.87222821821
0.878566868032
0.8823631067
0.883906925595
0.88448785962
0.885631958088
0.888433097641
0.893579766537
0.900867233411
0.909358257629
0.91729589429
0.922247882987
0.922365280929
0.917096482793
0.907652474108
0.896246549614
0.884837014858
0.874704624733
0.866333436298
0.859596923595
0.853955602952
0.848737847757
0.843261324042
0.837322291235
0.831226502479
0.825701148189
0.8214200016
0.818695073236
0.817278062113
0.816759746245
0.816436019479
0.815783590431
0.814518644548
0.812673994777
0.810779517758
0.809674792018
0.810098536528
0.812355910935
0.81591632826
0.819786331041
0.822588690983
0.823354614728
0.821671826625
0.817760458182
0.812439117986
0.806852664762
0.801947956699
0.798322020567
0.796129664879
0.794932384342
0.794027758306
0.792653669029
0.790371575807
0.787258491222
0.783796638833
0.780792058406
0.778824702764
0.778243560336
0.778758474013
0.779879113499
0.780712947628
0.780431032122
0.778401276338
0.77476165618
0.77024040167
0.766100504955
0.763597991024
0.763291810231
0.764997887621
0.767928812843
0.771048939943
0.773152081563
0.773402160609
0.771299374917
0.767268102695
0.762623606143
0.759212926766
0.758541316436
0.761187873788
0.766452213007
0.772879856358
0.778706185296
0.782267264479
0.78236362665
0.778652106418
0.771838192187
0.763578358996
0.756115929985
0.75148185999
0.750736905752
0.753613781051
0.75882235827
0.764485794817
0.768522236723
0.769248285808
0.765527791943
0.757342764878
0.745977571916
0.733833393067
0.72407109887
0.719162911479
0.72029133657
0.726819567126
0.736695706938
0.747527134684
0.757188759394
0.764321691482
0.768359681579
0.76943517838
0.768261535842
0.765666647763
0.762540201997
0.759412587413
0.756495033616
0.753504768672
0.749892101856
0.745278747037
0.739545179056
0.733219984306
0.727085344535
0.721982363869
0.718489610801
0.716769788777
0.716641435986
0.717284661131
0.717639558734
0.716560243148
0.71336710834
0.708467753054
0.703489162655
0.700198721736
0.699730544514
0.702086171435
0.706566513206
0.712105937168
0.717671758888
0.7223202532
0.725274413592
0.725983439819
0.724219448208
0.720296672535
0.715155518539
0.710123091793
0.706596735289
0.705467323336
0.706898439639
0.710204081633
0.714382779801
0.718297200131
0.721136767318
0.722486989866
0.722547784654
0.721747673498
0.720563914871
0.719366632615
0.718282836358
0.717108395493
0.715576036866
0.713443830571
0.71051590963
0.707063492063
0.703782349038
0.701845842864
0.702455785212
0.706241827449
0.712957504957
0.721324739071
0.729606963144
0.735998242917
0.738905202504
0.737447640324
0.73129041327
0.720981511845
0.707895484237
0.69386067467
0.680966144864
0.671117236627
0.665552706635
0.664517248359
0.667373435185
0.672672584978
0.678744600194
0.684057885236
0.687809387487
0.689759850921
0.690248334343
0.689963119876
0.689470462198
0.689209074188
0.68932038835
0.689506644265
0.68935587026
0.68834087527
0.686111700355
0.682838983051
0.679338442432
0.676565447575
0.675602640872
0.676908230606
0.680622804519
0.686345200541
0.69334858637
0.700704341788
0.707080117115
0.711247008774
0.712056877654
0.709250105005
0.703407444731
0.696220752174
0.689623205742
0.684978768577
0.682799022638
0.682662860881
0.683772328186
0.685107173832
0.685762346071
0.685037835731
0.682489241973
0.678184804102
0.672597625374
0.66651074209
0.660784120411
0.656271055925
0.653291281539
0.651783266835
0.651198947557
0.650679456435
0.649405571657
0.646839927361
0.64304026542
0.638556067588
0.634283559104
0.631098642417
0.629656611146
0.630191883172
0.632653770014
0.636466551102
0.640802123691
0.64466159971
0.646845276991
0.646513983863
0.643369175627
0.638073686444
0.631916376307
0.626363417404
0.622479271164
0.620699034408
0.620972406519
0.622809115446
0.625588993981
0.628661559261
0.63141898973
0.633596907398
0.635084626234
0.636228865907
0.637445276091
0.639070622768
0.641192354153
0.643611877216
0.646108716909
0.648466167621
0.650349910661
0.651474530831
0.651550491339
0.650350998997
0.647903125967
0.64457808103
0.641121638142
0.638196647032
0.636085284343
0.634545589216
0.633024816549
0.630781704935
0.62749519444
0.623015430377
0.617607375759
0.611737124707
0.606047895058
0.601036070606
0.597237186394
0.59494351802
0.594214528641
0.594846532778
0.59636745722
0.598186075902
0.599690254065
0.600476714338
0.600219418541
0.598822324629
0.596553620532
0.593751150039
0.590971221693
0.588784354397
0.587688088355
0.587797839278
0.589013824885
0.590684027141
0.592129713973
0.592679577974
0.592025746469
0.590483260862
0.588622209782
0.586969370372
0.585633822405
0.584401036197
0.582822520639
0.580508322249
0.577412416609
0.573856305526
0.570516627078
0.568348265735
0.568132153043
0.570463639367
0.575370242966
0.582674923482
0.591890192791
0.602334363199
0.613128538975
0.623211875843
0.631607445008
0.637398318409
0.640176217566
0.639743001377
0.636429008018
0.630853087504
0.623877051006
0.616694803977
0.610545372256
0.606512890095
0.605204043429
0.606608940201
0.61003171363
0.614203730273
0.617658484902
0.619087425984
0.617817080724
0.613845211354
0.607964691217
0.601294757567
0.595158570059
0.590698894756
0.588591521782
0.589248147069
0.592514989362
0.5977410947
0.603929146538
0.609786051322
0.614034517503
0.615782580223
0.614751932351
0.611450305275
0.606848852901
0.601973571892
0.59777386014
0.594801651158
0.5933354558
0.593300922285
0.594322245097
0.595918665352
0.597342683152
0.597903923616
0.597087378641
0.594856645078
0.591424009732
0.58757234237
0.58412069491
0.581757889922
0.581038822363
0.582112332112
0.585102321319
0.589725948859
0.595509922611
0.601646027229
0.607210479539
0.611078785058
0.612419949544
0.610933096553
0.607038011361
0.601802340799
0.596605839416
0.592646588202
0.590581217922
0.590620652211
0.592639551567
0.596198897944
0.600807643061
0.605743953733
0.610400343813
0.614154565181
0.616767478796
0.617989454222
0.617927637284
0.616786015164
0.614697753526
0.611861567523
0.608469008855
0.604730692505
0.60092815644
0.597180226426
0.593695515726
0.59059450481
0.588000550433
0.586066136114
0.584898533805
0.584507042254
0.584782078528
0.585374449339
0.586028598937
0.586271473332
0.585876894077
0.584753460993
0.582792502085
0.580190887808
0.577243589744
0.574372634235
0.572026915683
0.570562625586
0.57023662082
0.570961495731
0.572333291941
0.573852692084
0.575006831223
0.575388262468
0.574724264706
0.572963906318
0.570100256175
0.566377111118
0.562178217822
0.558040827326
0.55480578201
0.553301952097
0.554221883022
0.557895825433
0.564051132114
0.571924206031
0.580420722545
0.588408487215
0.594869053982
0.599174963556
0.600892033221
0.600116593029
0.597322253001
0.593245045436
0.588712709952
0.58461879573
0.581551443091
0.579901629858
0.579593019512
0.58036344956
0.581760204082
0.583309661333
0.584561687806
0.58517699115
0.584929099503
0.583677500449
0.581509165332
0.578634927198
0.575342870655
0.571993224167
0.568901945502
0.566294244103
0.564285932582
0.562817317456
0.561774870402
0.561060475428
0.560671374851
0.560516292848
0.560814841327
0.561616399623
0.563003620227
0.565019941195
0.56775154844
0.57118429199
0.575257424265
0.579897218863
0.584935064935
0.590153846154
0.595148563679
0.599570354458
0.602829129102
0.604481174294
0.604225639828
0.602274670771
0.598994694219
0.595134450077
0.591288128154
0.587988980716
0.585442597388
0.583700440529
0.582710106307
0.582252024732
0.582160450387
0.582189961937
0.58217072594
0.581933887219
0.581382434605
0.580593864747
0.579841319852
0.579386390904
0.579561161023
0.58051929001
0.582159200385
0.584122562674
0.586014341011
0.587305180107
0.58752126685
0.586367819114
0.583685642185
0.579685218238
0.57490744287
0.570073038267
0.565848757915
0.56270268662
0.560644216691
0.55941775837
0.558526961859
0.55749571589
0.555935047037
0.553614823815
0.550364245535
0.546224220809
0.541482128376
0.536544954358
0.532134157767
0.529051321928
0.527814712885
0.528677691031
0.531399192068
0.535447989243
0.540093040338
0.544697714426
0.548695786387
0.551774413699
0.553775672391
0.554758922981
0.554894741811
0.554556677535
0.554064392732
0.553745823696
0.553782410255
0.554201954397
0.554919908467
0.555657232499
0.556303669009
0.556801701634
0.557089682817
0.557362664912
0.557729699701
0.558408723994
0.559485724633
0.561001262095
0.562753644972
0.564575534356
0.566270552837
0.567599852977
0.568412605327
0.56857444693
0.568069693374
0.566943183597
0.565338508248
0.563579032812
0.562068536601
0.561227966916
0.561284738323
0.562269986083
0.563905343796
0.565852594854
0.56775788683
0.569454042847
0.570898105608
0.572250699708
0.573676950088
0.575372808386
0.577382244411
0.579672191755
0.582060309199
0.584456683809
0.586548062086
0.588143244057
0.589045608361
0.589142431022
0.588454099092
0.587151868603
0.585506295125
0.583895838958
0.582625260803
0.582074521652
0.582471051983
0.583974677259
0.586486570796
0.589653016568
0.593110771056
0.596278317152
0.598650405497
0.599883051734
0.599834629754
0.598503816794
0.596116860518
0.592955289653
0.589336201598
0.585401234568
0.581285970667
0.577009859982
0.572539258167
0.567888848352
0.563198418167
0.558763737073
0.554895196127
0.552029076756
0.550488414357
0.550531537916
0.552139379964
0.555156564206
0.559307737056
0.564137361341
0.56919622811
0.57388295289
0.577866584691
0.580884867705
0.582985140272
0.584369449378
0.585386141148
0.586325722199
0.587288765388
0.588324512715
0.589246208599
0.589777735502
0.589786861679
0.589301652765
0.588453245057
0.587618932916
0.587185189638
0.587666263603
0.589415331843
0.592694263343
0.597578846766
0.603926922827
0.611201003864
0.618545381954
0.624680963903
0.628355239555
0.628692117131
0.625839029497
0.620716510903
0.614664310954
0.608709686886
0.603608675041
0.599728137744
0.597194264656
0.596013859309
0.59594053931
0.596675589042
0.597608370703
0.598146254577
0.598002982559
0.5972098922
0.596264992853
0.595668313035
0.595665331825
0.596338166626
0.597570070226
0.599337225817
0.601534658234
0.604142204827
0.60703212613
0.61000562858
0.612707619299
0.61491088012
0.616482386218
0.617589121179
0.618449695555
0.619254365267
0.620009438414
0.620708120708
0.621218334963
0.621407365296
0.621341424869
0.621043978627
0.620806324111
0.620761639676
0.62111427667
0.621846075821
0.622837370242
0.623911523549
0.624809257375
0.625468521695
0.625740817038
0.625749826356
0.625537659728
0.625284418539
0.625135193597
0.625164508922
0.625325737834
0.625375015001
0.625003715483
0.623860787494
0.621827038765
0.619062976428
0.615955473098
0.613075046123
0.611126228269
0.61072893852
0.612470825711
0.616733838465
0.623623393274
0.632883108221
0.643487895779
0.65378820851
0.661741860849
0.665791605899
0.665639592135
0.662163856328
0.656876544368
0.651162790698
0.646011993036
0.641963458229
0.639395074764
0.638367861142
0.638872997712
0.640599543825
0.643092761083
0.645673249551
0.647896280072
0.64956077914
0.650688686356
0.651611585719
0.652484683458
0.653602601403
0.655195052002
0.657452385113
0.660707345511
0.665099380209
0.670668953688
0.677108949
0.683786078098
0.689909991945
0.694834703577
0.698247667573
0.700010270104
0.700252232599
0.698961232942
0.696289788471
0.692423987905
0.687645920886
0.682463044413
0.677447896186
0.673121913179
0.669786959329
0.667342016401
0.665477338476
0.663745045597
0.661831368994
0.659564764139
0.657104452167
0.65474503082
0.652992357826
0.652575782674
0.654012907496
0.657649038303
0.663350733773
0.670191585887
0.677040402401
0.682654083578
0.686159907001
0.687396700911
0.686639861397
0.684548858478
0.681953061775
0.679794991745
0.678926127391
0.680045707756
0.683368253739
0.688485375666
0.694467471617
0.700185092902
0.704849674119
0.70812471945
0.71021970137
0.711433139436
0.712108296109
0.712525808672
0.712918660287
0.713254383157
0.713510187833
0.713338704952
0.712299622171
0.710149134584
0.707142857143
0.703963108075
0.701473784298
0.700345858097
0.700900658691
0.703222294056
0.707148320701
0.71222944496
0.717975092759
0.723741711875
0.72884283247
0.732801054223
0.735197177091
0.736043736044
0.735637872616
0.734274952919
0.732289950577
0.729836139338
0.726897908235
0.723516786755
0.719537285043
0.715185416993
0.710750586396
0.706757018393
0.70380952381
0.702388517176
0.702712636918
0.704831550608
0.708415086113
0.712968046558
0.717665381193
0.721616541353
0.723780996436
0.723279482426
0.720008935885
0.714776881039
0.709159022477
0.704650845608
0.70202344357
0.701367521368
0.702293303273
0.704290429043
0.706899189231
0.709553280965
0.711726384365
0.712627593019
0.711588754495
0.708449581507
0.703864474493
0.699315448659
0.696147331243
0.695071905221
0.695996559263
0.698443226766
0.701752448273
0.705301222786
0.708381905013
0.710573036679
0.711432246349
0.711014383043
0.709584470731
0.707784795678
0.706127282451
0.705086042065
0.704843803508
0.705314553991
0.706430122566
0.707922927601
0.709562706852
0.711361025034
0.713348455767
0.715702947846
0.718662750644
0.722385287015
0.727014433458
0.732593301435
0.738965662443
0.745706034352
0.752327115131
0.758396084337
0.763874066169
0.768758313121
0.773149086194
0.77715127288
0.780493107797
0.782761223855
0.78315611514
0.781218737767
0.777292939367
0.772909620074
0.769732132766
0.768705463183
0.769803936326
0.772640665708
0.776474395275
0.780872483221
0.785047533015
0.788241415193
0.789649558735
0.788896761555
0.786286083933
0.782763956672
0.779033793432
0.775775373104
0.773168832233
0.771167428334
0.7695023677
0.767777913461
0.765644506866
0.763181148748
0.761094288399
0.759990589184
0.760373756656
0.762419376973
0.766133066533
0.771374074351
0.777903263494
0.784943227251
0.791184041184
0.795166858458
0.796289107989
0.794981640147
0.792550538954
0.790050491213
0.788150300682
0.787404532365
0.78798161591
0.789857286257
0.79236773634
0.794392132245
0.794508135366
0.792678426452
0.790034835849
0.787864161351
0.786914143509
0.787532522326
0.789743035283
0.793443230228
0.798356414549
0.803700818076
0.808259469772
0.810817375815
0.810604497627
0.807731177362
0.802815692334
0.796763528798
0.790357033872
0.78429265357
0.779504269944
0.776571542606
0.775751771691
0.776624734033
0.77856983738
0.781092658
0.78400615148
0.787337469865
0.791115618661
0.79520661157
0.799269163691
0.802580221044
0.80427519021
0.804239500119
0.802815235392
0.800745401355
0.798757763975
0.797442101625
0.797362001988
0.799202626642
0.803268475031
0.80886572303
0.81426441815
0.817387798979
0.817588309049
0.815540569199
0.812391332005
0.809187583416
0.806508510451
0.805181300298
0.805822563584
0.809114319875
0.814981340767
0.822257771629
0.829326123128
0.83520110844
0.840168804032
0.844710545179
0.84940502424
0.854744457843
0.860627008081
0.866542112705
0.870946223317
0.871801393905
0.868245414545
0.861390864398
0.853369847753
0.846083371507
0.840759946767
0.838453315983
0.839875153693
0.845441458733
0.854262894534
0.863069363069
0.86712303926
0.86369880656
0.854072167055
0.841706349206
0.829432890011
0.819208134833
0.812284021721
0.809643373904
0.812097698616
0.819563930994
0.830691037956
0.842159965985
0.849943214083
0.851456766917
0.846350415834
0.836125774616
0.823328940792
0.810312909198
0.799214907729
0.791653421734
0.788642225497
0.790839838239
0.798122291767
0.809678211742
0.823471107146
0.836443091427
0.845419391798
0.84895785511
0.84771438696
0.843789400461
0.839059358336
0.834621607047
0.831128623698
0.828714869321
0.827476366626
0.827076403189
0.826906779661
0.826444570896
0.825270149698
0.823794181749
0.822559911854
0.822286830509
0.823359736276
0.826161950492
0.830880956901
0.836982503107
0.843130779392
0.8475116004
0.848730041971
0.847316547954
0.844570732697
0.841749323715
0.839664236052
0.838736935735
0.839228897623
0.841173889728
0.844200922299
0.847132206033
0.848878339384
0.849055767355
0.848434997186
0.847789004068
0.84778472411
0.848755039127
0.850656753408
0.853108211819
0.855142842383
0.855663824604
0.854260089686
0.851612302824
0.849259576
0.848528036343
0.850204430067
0.854492276757
0.860955640871
0.867800202746
0.872881355932
0.874638633377
0.873394258126
0.870869432714
0.868615773326
0.867903878182
0.869591589163
0.874432030791
0.882437753008
0.891355010543
0.896654433275
0.894820717131
0.887211997918
0.877548164389
0.868718533295
0.862170664569
0.858657964512
0.85822147651
0.860484809993
0.863357269227
0.864356929212
0.861888359364
0.856749932365
0.851004636785
0.846365614316
0.843757117478
0.843481138319
0.845778981048
0.850525456586
0.857105606258
0.864041720991
0.8690409565
0.870421984255
0.868559013838
0.864917757793
0.86069089024
0.856580673371
0.852723774808
0.84960813387
0.847645888594
0.847816144523
0.850566695728
0.855277538108
0.85922410463
0.85934020405
0.854606316402
0.846136058826
0.835897203873
0.825568748301
0.816483719214
0.810023640662
0.807247568823
0.808649231071
0.81347175513
0.819400706174
0.823867854491
0.825379510954
0.824326160815
0.821854152289
0.81925483504
0.817685535828
0.817940741496
0.820559962179
0.825518460961
0.832348316434
0.840102771552
0.848205411375
0.85602960139
0.863126573587
0.869157783765
0.873638213815
0.875828116453
0.875587858059
0.873499090358
0.870837056896
0.869375653994
0.870407065617
0.874012267227
0.879193539646
0.884432322584
0.888004246285
0.888612419927
0.885416114849
0.87856119688
0.86887592789
0.858227848101
0.848641318521
0.841564842386
0.837694483734
0.836665333866
0.837626932119
0.839719483687
0.842179648241
0.843872229465
0.843611220417
0.839828080229
0.831592763796
0.819807809809
0.806696214023
0.795010288066
0.786706797091
0.782619484838
0.782841823056
0.786492157059
0.792207792208
0.798752978152
0.804875560996
0.810305892014
0.815129094014
0.819782631414
0.824602087067
0.829139631798
0.831643529351
0.830168723244
0.824095104625
0.814944134078
0.804939057668
0.795818846796
0.788971656977
0.785428084558
0.78559056224
0.789363623402
0.795242222864
0.801152456295
0.805004228225
0.805833163369
0.80348428399
0.798663144844
0.792404230832
0.786136015745
0.781388399765
0.778645967203
0.77757856467
0.777257261206
0.776965814105
0.776567179593
0.776199882548
0.776036565459
0.776011638558
0.775852258031
0.775252773142
0.774231734457
0.773170616784
0.772453647965
0.772375193643
0.772814726223
0.773616246048
0.773996651002
0.772948908204
0.770431400645
0.767012974102
0.763713496448
0.760821753474
0.758195042
0.755139500734
0.750835854163
0.74479303981
0.737456122238
0.730780902286
0.72689669088
0.727080866835
0.731392621028
0.739106361774
0.748461012312
0.756435414983
0.759070034443
0.753206395842
0.738948659346
0.719782052708
0.70060382422
0.685506027474
0.67701346932
0.67524029426
0.677601230138
0.680370897316
0.680720288115
0.677777239475
0.672304228171
0.666197843413
0.662766985081
0.665718273567
0.677085478888
0.693509098725
0.708433200178
0.717748173614
0.721295688334
0.720635651773
0.717413616148
0.713260178443
0.709569051493
0.707432926193
0.706907090465
0.707560841537
0.708465688499
0.709697766097
0.71197320681
0.716303255924
0.723254676611
0.731234718826
0.737233220379
0.738830032243
0.736002733952
0.730262011271
0.723736822973
0.718627077782
0.717272014633
0.721530479896
0.729896019196
0.737996712205
0.742164493058
0.741977932989
0.738960709759
0.735028072364
0.731712530056
0.730656855319
0.732726786192
0.737181487259
0.742008901477
0.74530858003
0.746565898994
0.745997357992
0.744155560411
0.741826816877
0.74
0.739033306255
0.738535645472
0.737809220835
0.736852404481
0.736098118699
0.736435842935
0.739347017165
0.746040759669
0.755405319217
0.762244646813
0.761568309492
0.753799392097
0.742615342615
0.731197151758
0.721978782288
0.717476136159
0.720400671934
0.73203030496
0.748880644749
0.762830629379
0.767203604271
0.761634574757
0.750504690654
0.738861750338
0.730354935547
0.727288962972
0.72997195464
0.737490523124
0.747215815486
0.754977762573
0.75531028738
0.744400349768
0.727087450593
0.714609349099
0.712306603297
0.717371166691
0.72547081212
0.733381577587
0.738812086771
0.740164263971
0.736505681818
0.729209825392
0.722014603576
0.718796577422
0.720161290323
0.724429050763
0.729083215797
0.731634002645
0.729174664107
0.720225091029
0.706841243863
0.694357758083
0.686250147911
0.682607196229
0.682202898551
0.684559710495
0.689891490577
0.69756129626
0.705095416093
0.709381287726
0.709121081017
0.705375368564
0.699921135647
0.693731029652
0.687246900505
0.680821278581
0.675269703841
0.67173553719
0.670548482471
0.671090466711
0.67302988408
0.67671646621
0.682762524766
0.691403908404
0.701227490809
0.708592003973
0.709843334319
0.705673758865
0.699882891515
0.695814848469
0.695352457194
0.699737226277
0.708470715185
0.718008511631
0.722946963216
0.722026537998
0.718270063346
0.715395284327
0.715718237502
0.720594548186
0.729853218345
0.739712643678
0.743268763827
0.738478978757
0.73005932762
0.723114237206
0.72054953153
0.724149916005
0.733877500156
0.745432707504
0.75034350917
0.745333772508
0.735793513116
0.727551844869
0.72383872274
0.726274608783
0.735276136132
0.747704814633
0.754573790487
0.747864047396
0.730578993308
0.711834045996
0.698053910311
0.692273164476
0.696057538625
0.707711524555
0.720117151748
0.724707047368
0.720254079736
0.711467195574
0.703491258066
0.699503649635
0.701017888333
0.707126217072
0.71456388523
0.719516860688
0.720176809875
0.717786297716
0.715095884004
0.714598673401
0.71699735856
0.721007090494
0.724255961014
0.725028441411
0.722912453048
0.718520763868
0.71312315776
0.708703959939
0.707274937616
0.708790242186
0.711118166905
0.712655705032
0.713360120542
0.714293316305
0.716558868983
0.720985257538
0.727204922618
0.73294059892
0.735493863934
0.734245609914
0.731019652351
0.728543161019
0.728947701659
0.732413793103
0.736402428031
0.737980216241
0.736325225534
0.732681530941
0.729545161706
0.729879416713
0.737133891213
0.752115677321
0.769439753286
0.779645834769
0.779280174985
0.771613250741
0.7614332526
0.752645583093
0.747866772403
0.747808953342
0.74872250611
0.744797668271
0.734276428981
0.71974240798
0.704695810092
0.692385240944
0.68597737619
0.687986062718
0.698088286409
0.712104463175
0.723612547397
0.727718667956
0.723031265098
0.711558131606
0.697881976822
0.686769670216
0.681457292867
0.681800618238
0.685297211994
0.689114639397
0.691041425753
0.690328663793
0.687858633281
0.685376477909
0.684595704171
0.685671243989
0.687528895053
0.688891499736
0.689194902458
0.688640339915
0.688155339806
0.689377825047
0.693306693307
0.699511505335
0.705581311337
0.709863292283
0.712732066352
0.71553463349
0.71988595866
0.72695262484
0.736708860759
0.746927532137
0.752700831025
0.751093127978
0.744415648525
0.738079288716
0.736404833837
0.741240609002
0.752198185625
0.765945289622
0.777057818285
0.781137914059
0.777057040118
0.766603828306
0.753452569617
0.742543825778
0.738387512313
0.74149514008
0.747866406827
0.753853247266
0.757646253849
0.758648728563
0.75604993598
0.748665724499
0.737280947427
0.726143462339
0.718741993338
0.715538386068
0.715301806997
0.717415730337
0.7222
0.72940699278
0.737165214585
0.74157535821
0.740824847996
0.736229314421
0.730111320163
0.724230639161
0.720128709331
0.719171779141
0.721752265861
0.726017044541
0.729406792685
0.731111111111
0.732102505322
0.733858885017
0.737670668011
0.744289508632
0.753138686131
0.762216448486
0.768444855586
0.769446449682
0.765687382688
0.760378674639
0.756834871022
0.756788793103
0.76012915782
0.766205837174
0.773792520203
0.781064631437
0.785810227382
0.787030905077
0.786022162115
0.784976327359
0.78597296608
0.79045106832
0.798395039212
0.80803802141
0.814852729885
0.814866128347
0.807659953086
0.795864811133
0.782692928641
0.770982697243
0.763090848139
0.760132669983
0.761526000324
0.764823839578
0.767548115801
0.768304914744
0.767134976728
0.765307180506
0.764657831124
0.766145383104
0.769121389014
0.772606382979
0.775383684887
0.776906164115
0.777083165282
0.77624273725
0.775431816389
0.775850157365
0.778359908884
0.783029001074
0.789403766508
0.795700611957
0.799938702015
0.800645682002
0.798373408769
0.79477638138
0.791363799928
0.788983941168
0.788236213092
0.788898692548
0.790799837596
0.793417721519
0.796298428889
0.799078914613
0.801280133001
0.802716231741
0.803206412826
0.803121059269
0.802968960864
0.803282329714
0.804395224087
0.806368795604
0.808743417469
0.810786219081
0.812165945533
0.812905366177
0.812800536148
0.810929387331
0.806202655735
0.798192878869
0.788447085554
0.779719745223
0.773729099814
0.771388743684
0.773615092944
0.781792304672
0.795433243594
0.808369219247
0.813235783173
0.810583692937
0.804918155318
0.799162518764
0.794311659385
0.790812201397
0.788831664282
0.788461905216
0.788789654852
0.788716271464
0.786956521739
0.783083887657
0.777490704548
0.771615892734
0.767735219375
0.768980753707
0.778416610136
0.797867279331
0.824082940266
0.845497575618
0.849728858593
0.836879432624
0.816716117677
0.798356754998
0.787463864161
0.786857695949
0.795315227108
0.807114782774
0.815795302332
0.818293172038
0.814837249703
0.806892765646
0.796283124038
0.785698088543
0.778987465236
0.778397160284
0.781496246561
0.784185924024
0.785000419041
0.78469231698
0.784415079674
0.78471916563
0.785023872162
0.784400249236
0.78221468536
0.77899474361
0.776492923714
0.777129239483
0.783024506874
0.794540815732
0.808659887764
0.818553049125
0.817708782876
0.806056498269
0.788959028109
0.771495636473
0.756386402494
0.74545066439
0.741461521402
0.746566166421
0.75750856431
0.768232127526
0.777056679128
0.785635482391
0.795695111305
0.807220810286
0.815980134844
0.812529728569
0.792423360359
0.765462131199
0.742971773679
0.729527559055
0.72880048784
0.750418186582
0.799519682573
0.834955132331
0.828963711437
0.810462581739
0.796113617211
0.788611246264
0.788207913111
0.795619571454
0.811362182903
0.830730399117
0.839996432473
0.834496716369
0.825712265683
0.821515066179
0.823121201789
