1.73314893873
1.70649656526
1.68516061044
1.67105545478
1.66620775242
1.67268597171
1.68989012223
1.71313067772
1.73487818929
1.74679208146
1.74333687156
1.72955779674
1.72327188061
1.74006717761
1.77862111441
1.82396701622
1.85548489095
1.85538167181
1.82079574453
1.77545137845
1.7531498386
1.77045743547
1.81968711731
1.87461885596
1.89887503695
1.87023350561
1.81087350259
1.76649807141
1.75811577588
1.77916678696
1.8121898946
1.83830954498
1.84024313497
1.81442890656
1.78182084953
1.7720812041
1.79012179711
1.81675067138
1.83065210195
1.82098025106
1.78982879087
1.7536619774
1.73456352023
1.74392269364
1.77012144157
1.79018669624
1.78884240219
1.76735608572
1.73941585664
1.72275576974
1.72967238547
1.75871793108
1.7945705631
1.81760789715
1.81716531698
1.80023765514
1.78483505662
1.78575174642
1.80525675802
1.83526747218
1.86348727027
1.8790781763
1.87679245089
1.86049093625
1.84272997033
1.83679033986
1.84805722018
1.87286417608
1.90323203087
1.928441247
1.93787234043
1.92610746324
1.89969302997
1.87348061397
1.8601022567
1.86405794541
1.88309959169
1.90808071829
1.92569058336
1.92477684375
1.90628436099
1.88284934227
1.86706333034
1.86541104195
1.87558270375
1.88916354358
1.89499370277
1.88784684545
1.87201286765
1.85677222434
1.84943682476
1.8538961039
1.86790690434
1.88379844961
1.89092151207
1.88508701079
1.87199715707
1.86051039566
1.85651274983
1.86015576539
1.86872666943
1.87726455539
1.88200082565
1.88226466576
1.87975111592
1.87723664738
1.87597315436
1.87592952368
1.8760926136
1.87611910604
1.87740828715
1.88132911392
1.88881526637
1.89869608826
1.90703788594
1.90902341905
1.90119079476
1.88522105818
1.86755052967
1.8547428276
1.84965624595
1.8518081761
1.85793687554
1.86294551006
1.86306698312
1.85764476252
1.85057840617
1.84645870621
1.8485353503
1.85700451904
1.86913644326
1.87969194926
1.88382965098
1.87981802098
1.87022661825
1.86002876978
1.85233633105
1.84795395611
1.84568720379
1.84370504722
1.84121517742
1.83887746462
1.83720234534
1.83554787583
1.83167727732
1.82290926321
1.80846077225
1.79181104181
1.77929932671
1.77627542325
1.78430925366
1.80191711629
1.82433831991
1.84487091615
1.85642869179
1.85681993605
1.84985279686
1.84221143885
1.83780668533
1.8382969336
1.84401251853
1.85445020523
1.8680658089
1.88112719752
1.88937461428
1.88926313608
1.87815983671
1.85405320486
1.81893576469
1.78447288482
1.76904294537
1.78022593595
1.80686955306
1.83112958066
1.83999043291
1.82677844311
1.79229970746
1.74925659911
1.72127603247
1.72565151841
1.7571496151
1.79498473615
1.81805309735
1.81306546035
1.78012666521
1.7369674292
1.70993543012
1.71203838932
1.73509198788
1.76190266655
1.77755221726
1.77390233894
1.75390536563
1.73248577525
1.72605439495
1.73827268742
1.75970235708
1.77828962372
1.78554430498
1.77795701476
1.7584411863
1.73636147444
1.72335814567
1.72367190423
1.7308643127
1.73491730724
1.73107255521
1.72198960107
1.71422051844
1.71257457758
1.71604825024
1.72067922773
1.72280319879
1.72187815066
1.72041141533
1.72249330272
1.72994266002
1.73743571235
1.736424891
1.72396152164
1.70416703374
1.68431407619
1.67209766724
1.67336683417
1.68882544861
1.70932188385
1.72005840168
1.71411197316
1.69815399967
1.68375282214
1.67924768077
1.6873552372
1.70438082097
1.72015773006
1.72222456288
1.7056763882
1.68004531478
1.66131040855
1.66001368154
1.67525024217
1.69683676755
1.71086109565
1.70743872501
1.68748093931
1.66130845324
1.64068702007
1.63204693034
1.63458012468
1.64094202899
1.64223113224
1.63374939659
1.61997523178
1.61091826041
1.61359210697
1.6266332965
1.64089156154
1.64515176374
1.63272476522
1.60672792911
1.57917584767
1.56472925981
1.57267646173
1.60162848841
1.63811330984
1.66373589355
1.66636660665
1.64825687465
1.62149954833
1.59867790108
1.58701344657
1.58747576722
1.59613077385
1.60552260794
1.60886075949
1.60482240832
1.59798977376
1.59386125609
1.5937162938
1.59492011761
1.59403901734
1.58909530614
1.58076979688
1.57201856657
1.56576719386
1.56237799468
1.55906453315
1.55212246761
1.54099400775
1.52934501223
1.52388421503
1.53052616528
1.55006794936
1.57592016311
1.59654467902
1.60145554114
1.58730792982
1.55818048423
1.52362976944
1.49559299342
1.48467169559
1.49473917377
1.51901647729
1.54339186357
1.55624798539
1.5544113455
1.541376616
1.52360408784
1.50703434726
1.49590817671
1.49165126942
1.49313121743
1.49880555836
1.50815866501
1.52169661823
1.53943111351
1.5589958159
1.57496370595
1.58172220603
1.57776431578
1.56744672755
1.55728817883
1.5529320689
1.55709308762
1.56903288831
1.58390124727
1.59525830896
1.59969774543
1.59922621058
1.5983953228
1.60077605674
1.60756570388
1.61729658359
1.62630341951
1.63095316298
1.62988109934
1.62579329102
1.6231803461
1.62567666912
1.63452054795
1.64826718837
1.66225889488
1.67073428049
1.6699171136
1.66052731608
1.64656483273
1.63282772057
1.62297779957
1.61913426882
1.62086998684
1.62547340407
1.62942806923
1.63042372019
1.62745165627
1.62049529714
1.60990411894
1.59661949401
1.58261211644
1.57077688692
1.5629314046
1.55772969183
1.55243127634
1.54542004049
1.53764852833
1.53245537588
1.53440918862
1.54599880889
1.5634357762
1.57752656834
1.58041288
1.56920752085
1.5458726346
1.51610906411
1.49016441574
1.48154541009
1.4981798983
1.53217835079
1.56412968742
1.57907639833
1.57335333424
1.55109202178
1.5210468732
1.49651633968
1.49410881368
1.52339997766
1.57108144192
1.6076427518
1.61486956298
1.59486010688
1.55949625962
1.52223511214
1.49520542167
1.48703447106
1.49839806644
1.51897504234
1.53389783912
1.53348533128
1.5178962544
1.49346662912
1.46865697275
1.45110757203
1.44523173423
1.45029121735
1.45961532998
1.46562665996
1.464884609
1.45920848994
1.45231940854
1.44681625907
1.44296417305
1.43916730049
1.43380952381
1.42673621709
1.41972968518
1.41497396188
1.41320227007
1.4127405801
1.40999269223
1.40159136885
1.38727145998
1.37158295403
1.36146269131
1.36205711264
1.37385132809
1.3923758489
1.40973491168
1.41679136804
1.40762425524
1.3844508205
1.35808053493
1.3407552936
1.33800048532
1.34717416378
1.36075507456
1.37009568167
1.36839551572
1.35342081794
1.33034034762
1.31114044092
1.30648428377
1.31695683842
1.33414817601
1.34768755202
1.35025884174
1.3385512811
1.31349858145
1.28160762605
1.25580435205
1.24989497269
1.26519583761
1.2869640537
1.29951068761
1.29734060984
1.28361205489
1.26562113269
1.2523775857
1.25210218444
1.26725539796
1.28950569501
1.30373872311
1.29976963982
1.27872021547
1.24892465966
1.22090725303
1.20485306387
1.20827970326
1.23080685736
1.25976491035
1.27655534458
1.27139557902
1.24858719792
1.21904995212
1.19298245614
1.1768707483
1.17304163726
1.17884610806
1.18748800614
1.1907088699
1.18308704771
1.16495617107
1.14187454589
1.12153461137
1.11008370644
1.10870251244
1.11283633909
1.11551233963
1.11263267627
1.10465938001
1.09485126664
1.0868352591
1.0828455018
1.08298240689
1.08474774123
1.08434099154
1.07931880235
1.07077667665
1.06299176368
1.06054539178
1.0658570869
1.07812319694
1.09295019865
1.10380407183
1.10483165216
1.09385618514
1.07375360527
1.05094072518
1.03221030092
1.02226665455
1.02221718945
1.02919757401
1.0375193312
1.04120842424
1.0371714311
1.02622654805
1.01220288392
0.999408737545
0.990857192852
0.987094233966
0.98643763283
0.986060725986
0.983647131618
0.978711111111
0.972657470649
0.967658242004
0.9653784219
0.965815403177
0.967237644326
0.967080398077
0.963305636649
0.955480690965
0.945479420819
0.936748165697
0.932624113475
0.935079779789
0.943534765882
0.955263654372
0.966436748916
0.973471137359
0.974327716027
0.968954365792
0.959260945625
0.94821642327
0.938577405858
0.931913774974
0.928386911596
0.927154697456
0.92705312852
0.926869488325
0.925639443838
0.922779288997
0.918066887004
0.911720459519
0.904366279857
0.896776807419
0.889872617219
0.884604002094
0.882075796925
0.883388950686
0.889028563447
0.89810266558
0.908220864596
0.916604703039
0.921545694838
0.922779739755
0.921252440524
0.918464816674
0.916516189675
0.917485313719
0.922017792645
0.928089200442
0.931977607677
0.931246342891
0.92584239253
0.917093938839
0.906934349218
0.897575540428
0.891475696979
0.890895687431
0.896405557053
0.905470480593
0.912329601349
0.911146533075
0.899354925113
0.878692660043
0.854271356784
0.833351874513
0.823341165939
0.828423656398
0.846621468927
0.870770002051
0.892591992969
0.90622190679
0.909064327485
0.901406320883
0.886194759484
0.868989771537
0.857354230601
0.857459113928
0.870059315927
0.889138016941
0.906014412417
0.913973092168
0.910620369847
0.897801408248
0.880576967998
0.86566458967
0.859451924788
0.864649869884
0.878741636342
0.895229784759
0.907297203605
0.910716342278
0.905147101157
0.893168918724
0.879401180366
0.868950688073
0.866105215239
0.872755967646
0.887293651015
0.90479100125
0.919743311943
0.929243433947
0.933879129001
0.936903760837
0.941540557349
0.949959205874
0.962208407706
0.97617782224
0.987946470942
0.993183410843
0.989752593775
0.979652462787
0.967660337485
0.958674225343
0.955458742441
0.958381312716
0.966165538851
0.976382469044
0.986064375786
0.992224900689
0.993383711167
0.990560121464
0.98644045804
0.983765400411
0.984139698814
0.987756816126
0.994066157427
1.00269973003
1.01343913557
1.02615577975
1.04044142615
1.05485718158
1.06749507707
1.07647704659
1.08062314021
1.07982724492
1.07582164849
1.0724643197
1.07551831976
1.08912649091
1.11216664759
1.13763537906
1.15725054109
1.16543580131
1.16060733224
1.14423981191
1.12079479827
1.09740313615
1.08323128246
1.0864522707
1.10951313396
1.14645385614
1.18583887043
1.21665838304
1.23226477935
1.23151071263
1.21854361072
1.20254306456
1.19554657611
1.20621903297
1.23411640212
1.26975706286
1.30170264903
1.32263730614
1.33012132627
1.32554377135
1.31262368264
1.29666214129
1.28372071095
1.27890166628
1.28327550312
1.29300172461
1.30209403045
1.30679551399
1.30702846975
1.30538302277
1.30507544582
1.30876132931
1.31724787936
1.3286121673
1.33882252154
1.34396020843
1.34320139314
1.33971561312
1.33887528259
1.34551163123
1.36232443651
1.38957341319
1.42419097083
1.45951970818
1.48697517622
1.49854569577
1.49096507167
1.46875774243
1.4425800194
1.4251283514
1.42502807937
1.44393497291
1.47577376566
1.51071658541
1.53988012909
1.55857527131
1.5666682267
1.56684821217
1.56284231767
1.55796004103
1.55453867197
1.55286733816
1.55191537435
1.55003110742
1.54661943952
1.54307018459
1.54228103996
1.54703923405
1.55847801227
1.57487144861
1.59153175592
1.60146015637
1.59893710335
1.58193395984
1.55325126424
1.51887032052
1.48598130841
1.46137598069
1.45027596588
1.45475544843
1.47291162228
1.49875349784
1.52533113436
1.54725585784
1.56285087954
1.57291780373
1.57947719689
1.58454596729
1.58911564626
1.59337196872
1.59611671907
1.59734942355
1.59789820073
1.59955376116
1.60424981124
1.61318099023
1.62711672425
1.64562543514
1.66623361285
1.68252651538
1.68417387267
1.66416053955
1.62837416944
1.59426371131
1.57581480943
1.57801175318
1.59953540046
1.63644005464
1.68343082053
1.73266768207
1.77366702938
1.79597881187
1.79628700452
1.78083682464
1.76085206847
1.74494732316
1.73728443571
1.73806732541
1.74534232484
1.75582814953
1.76552650012
1.77049746661
1.76829404536
1.76022164838
1.75046943459
1.74369661418
1.74283052076
1.748585928
1.75964101169
1.77402015677
1.78860483779
1.80095393206
1.80884417408
1.81075708857
1.80615043473
1.79523280949
1.77886197978
1.75916137079
1.7387831101
1.72135117138
1.70972625969
1.70505280845
1.70528610997
1.70570968113
1.70114102636
1.6881619594
1.66637559352
1.6393005012
1.61246850005
1.59266227658
1.58549686661
1.59364416347
1.61546309942
1.64477409127
1.67160063035
1.68517279822
1.67857142857
1.65272171921
1.61620538374
1.5810686693
1.55803257399
1.55278019114
1.56523397069
1.59101074565
1.62152891212
1.6464985388
1.65571841232
1.64341655716
1.61253473294
1.5748373102
1.5450196821
1.53312098741
1.54106765859
1.56397254661
1.5931660718
1.61862396204
1.63057430563
1.62163841808
1.58921114353
1.53875257968
1.48346895806
1.44037057833
1.42208331028
1.43127082082
1.46016550381
1.49589217634
1.52512
1.53820527735
1.53122223964
1.506508206
1.47219975738
1.4392741735
1.41716223522
1.40953407476
1.41337146238
1.4214793314
1.42573852601
1.42043551089
1.40353508302
1.37772080083
1.34966653806
1.32919905187
1.32580469176
1.34300085616
1.37523481528
1.40937246141
1.43288159066
1.43880265003
1.42725458519
1.40267480056
1.3714032964
1.34086166118
1.31867673632
1.31216366673
1.32530568599
1.3553526507
1.39246709605
1.42429494987
1.44294287199
1.44747828591
1.44245010053
1.4346163522
1.43049026192
1.43481022709
1.44873940506
1.46816765943
1.48397874788
1.48589443931
1.46790612945
1.43205317578
1.38650114751
1.34058347176
1.30273559393
1.27915138816
1.27415254237
1.28900927962
1.32091131001
1.36160227025
1.39904134212
1.4216490395
1.42425534182
1.40975300823
1.38588730911
1.36125238398
1.34282802274
1.33491414554
1.3387087836
1.35300730748
1.37362387924
1.3951369512
1.41270382365
1.42307040822
1.42593734238
1.42258854979
1.41477619391
1.40378653676
1.39016429717
1.37413611987
1.35615681944
1.33788771968
1.32182267362
1.31097027972
1.30818088052
1.31429340511
1.3284496537
1.34671014569
1.36364578476
1.37354680808
1.37266519381
1.36063296791
1.34031542632
1.31683021845
1.29595588235
1.28311099924
1.28219037871
1.29450343535
1.31736147757
1.34397916888
1.3651694331
1.37287513116
1.36409647265
1.34184426021
1.31287447762
1.28519783089
1.26585341264
1.25945314088
1.26720689301
1.28614193548
1.30890322581
1.32630393612
1.3306630391
1.31926251792
1.29463808274
1.26283842374
1.23102883039
1.20525547445
1.19014710238
1.18759705455
1.19625506073
1.21134543242
1.22610792885
1.23463549374
1.23390940163
1.22469692698
1.21052631579
1.19602285714
1.18534285453
1.18150289017
1.18543575288
1.19560124313
1.20788234723
1.21683973354
1.21743609871
1.20736471967
1.18803957707
1.16397797527
1.14137697298
1.12619175671
1.12211695848
1.12935548842
1.1448086039
1.16367931796
1.18121877093
1.19397838394
1.20048210073
1.20060216371
1.19563562548
1.18759463006
1.17906253137
1.17256504835
1.16923304708
1.16823157383
1.16688165878
1.16191145467
1.15171048391
1.13644426252
1.11750610363
1.09707332519
1.07726962457
1.06056706953
1.04895039941
1.04360641931
1.04409905903
1.04789779326
1.05170436299
1.05311380233
1.05189233132
1.0490240581
1.04599604434
1.04411971336
1.04422580953
1.04648222881
1.05026859199
1.05419354839
1.05610348417
1.05371333268
1.04552242401
1.03130295613
1.01264309687
0.992470694319
0.9745279658
0.962933404274
0.960913209558
0.969579374638
0.986896829301
1.00807855389
1.02733717324
1.04011561706
1.04437435188
1.03998975716
1.02830667682
1.01109283394
0.990355329949
0.968534151957
0.948660522009
0.934465386954
0.929346168925
0.93474488025
0.949129219523
0.968587724525
0.988843341926
1.00666554168
1.0201618027
1.02849331454
1.03109748197
1.02801083727
1.01966155613
1.00682456845
0.990964261632
0.974035373411
0.958251853199
0.945696393473
0.937853367042
0.935455512886
0.938181818182
0.944692448663
0.952809201496
0.960388497429
0.965490870854
0.967378808201
0.966110631771
0.9626329405
0.958205814843
0.953890902155
0.95061082854
0.948773893658
0.948229270374
0.948312686886
0.947846344014
0.945787720133
0.941179272242
0.934192316869
0.925416087102
0.915848052262
0.906669278229
0.898864143644
0.893561499473
0.891807094783
0.89442696173
0.901955829585
0.914034825126
0.929119241854
0.944912230627
0.958800630272
0.968946076203
0.974707556118
0.976664847162
0.975992955462
0.97414202871
0.972600732601
0.972366840208
0.974082954951
0.977514182568
0.982184353215
0.987098755951
0.991449122278
0.994501448279
0.995890083632
0.995011189855
0.991205166964
0.983868769028
0.972964362114
0.959230522015
0.944480610062
0.930873401595
0.920067130185
0.912517086507
0.907709931268
0.904599572606
0.902089179919
0.899332414962
0.895978032628
0.891841847293
0.887380235423
0.883480825959
0.881351351351
0.882290449379
0.887160545209
0.896023684345
0.907913306452
0.921269331191
0.934443603331
0.945633845997
0.95320542817
0.95555319826
0.951484666558
0.940465065142
0.923564048439
0.903803256748
0.885577405158
0.873179948872
0.869156800623
0.874084837646
0.886684751893
0.904592422503
0.925185574844
0.945538956015
0.962391922123
0.972622830604
0.973460006129
0.963863497867
0.945352891668
0.921459785048
0.896987986768
0.876432828978
0.863022288092
0.857909459382
0.861034482759
0.870879758589
0.884811536432
0.899521248301
0.911670426214
0.918095012158
0.916976017913
0.908116296685
0.892980238971
0.87412270772
0.855020663465
0.839504808224
0.831046971027
0.831903851407
0.842738860442
0.861838530914
0.885952561464
0.910938595073
0.932961791973
0.949053392895
0.957520817961
0.957567849687
0.948973788968
0.932106045844
0.908191874395
0.88012794476
0.852929272488
0.833459195489
0.827417258274
0.83578090891
0.853807808104
0.874074074074
0.890160752501
0.8980364444
0.895802291528
0.883426599027
0.862047010134
0.834296415195
0.803982442993
0.776020381084
0.756325316918
0.750521548873
0.76192121631
0.789682539683
0.828649728273
0.87164559265
0.911919664971
0.944692561014
0.967264758252
0.978543169653
0.978943356677
0.970034163006
0.954593084177
0.93631608349
0.919735017717
0.90904874781
0.907239238623
0.91476840343
0.929545114096
0.947309032037
0.962601939874
0.970340395144
0.966918001885
0.951498994434
0.925958633512
0.894695499492
0.863298116674
0.837429197881
0.821368492839
0.817522549064
0.826478847722
0.84689429713
0.875565300809
0.908021587712
0.938612473721
0.961525704809
0.972427706792
0.96976766793
0.955399636917
0.933577147376
0.909244532803
0.886570144783
0.868273374086
0.855656631653
0.849132714804
0.848183982574
0.851540187678
0.857326676617
0.863468442687
0.867831211196
0.869387321324
0.868405548712
0.866487068966
0.865735477235
0.867750176659
0.873078181223
0.881415156148
0.891713490808
0.90274151436
0.91302935124
0.921208530806
0.925908093939
0.925980911983
0.920942408377
0.911171690155
0.898421793325
0.88510076306
0.873538637012
0.865378392122
0.861172541409
0.860482621209
0.861965065502
0.863982683983
0.864588722193
0.862202688728
0.855952329548
0.846380580841
0.834915933444
0.823959702146
0.815385971096
0.810483870968
0.809326747653
0.811455315355
0.815904236383
0.821638850768
0.827631636731
0.832651996173
0.835737351991
0.836100559136
0.833906216847
0.830218266582
0.826747849783
0.825160373703
0.826517208162
0.831008583691
0.838086098163
0.846516183192
0.855043610163
0.862377850163
0.867320449957
0.868703313541
0.865404637956
0.856784736085
0.842664616498
0.824377629734
0.804407713499
0.785878489327
0.771491403439
0.762656612073
0.759541984733
0.76118298005
0.766438840443
0.773958416315
0.782333617228
0.790131633413
0.795857988166
0.798112963681
0.795896942391
0.788962472406
0.778259523072
0.765713028169
0.753622557765
0.744312583008
0.739104804413
0.738637304413
0.742671939337
0.750513471064
0.761132633092
0.773135991088
0.785011746904
0.795294494238
0.802870273321
0.807227936095
0.808330261703
0.806609597498
0.802554067971
0.796774325933
0.789717725535
0.782150020056
0.774793225679
0.768640604518
0.764304560874
0.762242149157
0.762167259012
0.763347556384
0.764934833066
0.7662333011
0.766840127204
0.766783805549
0.76632008912
0.765991872366
0.766456369717
0.768469707388
0.772683895102
0.779657801889
0.789370892019
0.801091840903
0.813640376692
0.825173801683
0.834180966668
0.839461685542
0.840253577519
0.836326225215
0.827830544248
0.81537239475
0.800173663546
0.783706919133
0.768112207333
0.755573935558
0.747998741567
0.746231667572
0.749834502847
0.757377582561
0.766747455162
0.775789405433
0.782719853158
0.786137559092
0.785303081612
0.779876810846
0.770231163488
0.757150395778
0.742098386128
0.727080469493
0.714130739082
0.705136642305
0.701194398682
0.702751728387
0.709503947051
0.720513450005
0.73444460411
0.749456140998
0.763526524448
0.774747047282
0.781534865602
0.782932372071
0.77891276271
0.770493712156
0.759218923153
0.746981646918
0.735185927086
0.724877494496
0.716702638725
0.711117997452
0.708453608247
0.708579319869
0.711009812791
0.714997368883
0.719714628806
0.724370344094
0.728277479655
0.731136597664
0.732590233546
0.732580236486
0.7309023529
0.72744648318
0.722558759389
0.716874762218
0.711353787485
0.706826889586
0.703878902554
0.70276465195
0.703350131308
0.705228944925
0.70788981588
0.710802782205
0.713226972363
0.714359276151
0.713381688994
0.709532474284
0.702528121172
0.692674276848
0.681023126464
0.66888038692
0.657934902211
0.649386417515
0.64422055447
0.64258452393
0.644148811712
0.648079223714
0.653232494112
0.658487182893
0.662849915122
0.665721150637
0.666922999766
0.666655513919
0.6654296222
0.663886850357
0.662844036697
0.662881922606
0.664555291634
0.668171631954
0.673648737941
0.680464126604
0.687806187504
0.694545207987
0.699479915144
0.701549586777
0.700176001656
0.695421686747
0.688070571341
0.679373032262
0.670826780875
0.663702773279
0.658912702561
0.65666817506
0.656668160574
0.658224634231
0.660231781823
0.661589466112
0.661401162971
0.659031109735
0.654495509121
0.64815785417
0.640772505707
0.633331272413
0.626786544722
0.621999004851
0.619457436857
0.619349598575
0.621377434583
0.624890611326
0.6290121144
0.632819809144
0.635408875592
0.636071706937
0.634577541777
0.631000125329
0.625790019809
0.619706763361
0.613472156492
0.607898049087
0.603501641394
0.600575690984
0.599193129374
0.599010945934
0.599666388657
0.600673022995
0.601575127097
0.601916914121
0.601453342392
0.599976185515
0.597404937827
0.593747159865
0.589272638516
0.584204555906
0.579131824889
0.574559783278
0.571177612722
0.569597578678
0.570273034369
0.573313828628
0.578631677601
0.585739761599
0.593843656344
0.601966745254
0.608971997052
0.613822370415
0.61571817339
0.614429698815
0.610182415391
0.603774136922
0.596394915304
0.58935338702
0.583762732175
0.580587414285
0.580345366991
0.582968219685
0.588054092351
0.594623426499
0.601442120695
0.607426046757
0.611871360129
0.614533696392
0.615524233573
0.614873191002
0.61277614031
0.609355887705
0.604861831269
0.599745238761
0.594545340288
0.589782307789
0.585871799664
0.582956489856
0.581136356851
0.58036863663
0.580670326495
0.581856941204
0.583770316076
0.586023870268
0.588300154965
0.590188290228
0.591342897605
0.591520840456
0.590544323484
0.588554346821
0.586042847186
0.583875858379
0.582816340864
0.583492836842
0.586099134813
0.59053450177
0.596579300683
0.603685958673
0.611109467018
0.618053076282
0.623414983441
0.626282816229
0.625989171179
0.622464390417
0.616182144856
0.608151664323
0.599597409417
0.591700834569
0.585323390303
0.580960106614
0.578716020821
0.578285813129
0.579208488672
0.580973791298
0.58303986477
0.584994987189
0.58650009631
0.587346938776
0.587310575419
0.586215216342
0.583893156331
0.58026149757
0.575289470836
0.569157958089
0.56227827051
0.555125073697
0.548429207935
0.542812232066
0.53880075597
0.5366319692
0.536353372848
0.537728245463
0.540392863973
0.543928205681
0.547904432467
0.551849753096
0.555396947403
0.558132988007
0.559950126134
0.560749618914
0.560673570353
0.559875632047
0.558578337788
0.556824343721
0.554774569402
0.552515693807
0.550398571912
0.548767123288
0.547924048333
0.548101687725
0.549427457668
0.551678634997
0.554675413082
0.558067831449
0.561399675365
0.564027613658
0.565418115786
0.565179166919
0.563305104962
0.560165731245
0.556392070228
0.552694628063
0.549560167884
0.54746953405
0.546570169918
0.546942266572
0.548360562741
0.550477316888
0.552915887329
0.555158960737
0.556892147977
0.558013013287
0.558580948219
0.558785688867
0.558872077029
0.559022202536
0.559347057021
0.55987688864
0.560540252753
0.561081292631
0.561376704908
0.56121045392
0.560542627229
0.559619722849
0.558759434464
0.558353792139
0.558680866769
0.559790237572
0.561631735325
0.563871143129
0.566192969334
0.568251186977
0.569696795186
0.570214133388
0.569780446171
0.568581339291
0.567010309278
0.565558010733
0.564540729861
0.564064678004
0.564001106807
0.564038046784
0.563959150736
0.563479535461
0.562281154928
0.560318809154
0.55767391824
0.554878972401
0.552799562283
0.552355705507
0.554025705422
0.557478724939
0.561905299715
0.566366751163
0.57022635745
0.573023333893
0.574590816095
0.574912993039
0.574181117534
0.572689888728
0.570924271725
0.569327470894
0.568272780863
0.567824124177
0.567829159625
0.567707060836
0.56688285984
0.564900399622
0.561661498787
0.557510065036
0.553176881788
0.549439539107
0.547037892503
0.546542183201
0.548128505243
0.551686877176
0.556951895433
0.56342382663
0.570674763435
0.578205814161
0.585633862179
0.592583556965
0.5987699877
0.604045620831
0.60830698127
0.611609404333
0.613949291183
0.615254770692
0.615505335844
0.614682620158
0.612888782759
0.610348567002
0.607268049526
0.603974520602
0.60069091648
0.597803097496
0.59570147233
0.594735099338
0.595030178503
0.596369410886
0.5980915216
0.599485705642
0.600012137395
0.599186569218
0.596839284064
0.592991246791
0.587827808016
0.581882070092
0.575782688766
0.570422319542
0.566435497729
0.564175416924
0.563576344555
0.564352403033
0.565936130244
0.567806329624
0.569582142205
0.571135979103
0.572655524605
0.574408423703
0.576632734759
0.579273411492
0.582195828163
0.584926170849
0.587028620563
0.587995049505
0.587598334105
0.585971124203
0.583567182644
0.581217129977
0.579606819975
0.579207305709
0.580204887761
0.582498085312
0.585723127708
0.589142114689
0.591779953511
0.592623261912
0.591338842975
0.588818472736
0.586623302316
0.585730827469
0.586261884703
0.587671402867
0.589260450161
0.590414593698
0.590667973105
0.589994929863
0.588719037039
0.587455887071
0.586771731712
0.58675347592
0.587174958894
0.587832817337
0.588451310624
0.588767882459
0.588429431178
0.587270759042
0.585522689693
0.584187959905
0.584501440132
0.58722749695
0.592281035897
0.599072466913
0.606743160751
0.614340225397
0.620607962587
0.624102079395
0.623777062425
0.619681674614
0.613545336827
0.607587835843
0.603422333678
0.60152024997
0.60191437953
0.604415351046
0.608799442989
0.614456197451
0.620174007613
0.62389820399
0.624054939516
0.621134633682
0.617217108825
0.613971206095
0.612014631401
0.611227326131
0.611124169948
0.611360961033
0.611594292612
0.61153262519
0.611089669368
0.610113020187
0.608334716918
0.605334324927
0.60074229355
0.594017835456
0.58503683719
0.574244682292
0.563318350596
0.554639303097
0.550163059591
0.550187806992
0.553623940495
0.558800246284
0.564158224795
0.568473764424
0.570689159398
0.570274741315
0.567462628616
0.563730307161
0.560973358765
0.560375885673
0.561908740935
0.564626675563
0.567681204895
0.570486748885
0.572654855102
0.574026529739
0.57448433919
0.574044585987
0.572778695148
0.571101303777
0.569257250495
0.56753312946
0.565908511723
0.564354515483
0.562948036074
0.561943620178
0.562114657492
0.564488885886
0.569445811596
0.576087640874
0.582389555184
0.586708141413
0.588472012103
0.587710511488
0.584835648376
0.58044982699
0.575247560666
0.570261866407
0.566583484574
0.564580311652
0.563749955118
0.563097745399
0.562011735122
0.560435559674
0.558845004978
0.557753776791
0.557996093616
0.560320222764
0.565322326769
0.572656357863
0.580456700274
0.586319218241
0.589024689842
0.58892531657
0.587296328645
0.585150156605
0.583605207311
0.583505832101
0.585529680521
0.589786934319
0.595438824038
0.60066955351
0.603447650154
0.602863088404
0.599476717463
0.594723802212
0.590113463401
0.586824487542
0.58550714583
0.586419101874
0.589446820747
0.594210934901
0.600175144685
0.606627680312
0.612660817563
0.617510983243
0.620832392564
0.622960268002
0.624566994596
0.626175202797
0.62807436466
0.630208150514
0.632426878051
0.634538927703
0.63604040404
0.636238761239
0.634262548585
0.629822774496
0.623625412862
0.61742340347
0.612592434585
0.609821834856
0.609166315198
0.610177354316
0.61184186687
0.612695525646
0.611174662186
0.607088937689
0.602185863449
0.599129217851
0.599645812342
0.60394814196
0.611436289959
0.620770326168
0.629608418641
0.634330861253
0.630600805086
0.617206573625
0.599308858248
0.584680659574
0.577247672137
0.576722731266
0.580914888079
0.587541857445
0.594370742202
0.598826413132
0.598204897101
0.591487009397
0.580891180001
0.571115900061
0.566100587851
0.567266690537
0.573939333533
0.583990671514
0.593829247675
0.598640178477
0.595271883978
0.585576891078
0.575189546701
0.568431536336
0.566694119585
0.569544654262
0.575808576028
0.583846839515
0.590997252303
0.593690209648
0.589723475191
0.581541515051
0.574312565263
0.57060912319
0.569853830471
0.570424035798
0.57084398977
0.569865664422
0.566981553109
0.56294924853
0.559631752649
0.558988949911
0.561667039535
0.56659699791
0.572177211934
0.577074967643
0.580306587488
0.581306799813
0.579863430565
0.576344248658
0.572032937977
0.568763621588
0.567399907305
0.567001414915
0.565809585272
0.562681221218
0.557674904281
0.551448443998
0.545103857567
0.540071425829
0.537943332673
0.539859913357
0.545351336009
0.551211236487
0.553361753048
0.550416183753
0.544428490333
0.538298910392
0.534192752305
0.533119799234
0.535151083528
0.539217052104
0.542968335397
0.54347826087
0.539064379748
0.531058065801
0.522788896062
0.517411185368
0.516470359824
0.520041281044
0.527201132949
0.536226171707
0.544770337576
0.55065549754
0.55289171685
0.552061149985
0.549747436094
0.54753323257
0.546359971544
0.546393004615
0.547044682086
0.547422158468
0.546721624952
0.544747739373
0.542516512275
0.54153659031
0.543289359349
0.548082117774
0.555218446602
0.563412528619
0.571011782308
0.576660668766
0.579320487198
0.578553805276
0.574704761905
0.568932112601
0.562859397903
0.557948793734
0.554713560551
0.552896139673
0.551668691489
0.550047145862
0.547428614143
0.543447847039
0.53870043964
0.534452880013
0.532470209871
0.533298437752
0.53591267529
0.538403727642
0.539469808542
0.538667057058
0.536530687247
0.534200385356
0.533141640838
0.534524837607
0.538855807643
0.54603943534
0.555398864199
0.565711424389
0.575235720408
0.581613067492
0.582848273186
0.579068538647
0.573092835886
0.568289183609
0.566219729101
0.566658733127
0.568617367753
0.571234214749
0.573901891632
0.576403024135
0.578933737837
0.581692950431
0.584641965828
0.587254130606
0.588639301875
0.587654014719
0.583444816054
0.576209410205
0.567834356567
0.561333435748
0.55884313435
0.560637636649
0.565451041435
0.571543254712
0.576977848101
0.579453604914
0.577320416449
0.571178937558
0.56455799466
0.560884414884
0.560652797704
0.562593936728
0.56457424616
0.564644006594
0.561230225648
0.554402477776
0.546765992669
0.542511670621
0.543710101389
0.549058025622
0.555517028818
0.56043039784
0.56206193969
0.560183085234
0.556342932044
0.553903046869
0.555854963345
0.562527424309
0.571686945084
0.580332231618
0.586029214087
0.587697000508
0.585832592523
0.582774986041
0.581894176006
0.585444916222
0.592862076905
0.601397617484
0.607499762063
0.608608988657
0.604437254449
0.597654867257
0.592317487267
0.591310505707
0.595066413662
0.601764115104
0.608383342426
0.6111395945
0.606759186684
0.595800296245
0.583552684055
0.576295532393
0.575997715428
0.580803277489
0.587383540373
0.592557172557
0.59375687932
0.589552577788
0.581172517143
0.573091102918
0.569829726081
0.57268625991
0.578835066055
0.583827184095
0.583245863948
0.574434481353
0.558802852265
0.542228668117
0.531185903412
0.528522019829
0.533327048176
0.543075406604
0.555319809563
0.567226441331
0.57568954458
0.578528929011
0.576569238141
0.573312924864
0.571890569006
0.573054444786
0.576008645533
0.579211799954
0.58090862685
0.580082229328
0.577309993353
0.574350565289
0.57257960828
0.571888458694
0.570931787784
0.567305952596
0.559436820531
0.548261568395
0.537828364381
0.531665421957
0.530061531618
0.531092372261
0.532859022866
0.533971546337
0.533687354796
0.53210054038
0.530705041723
0.531557277791
0.5350780024
0.539489563313
0.543014360489
0.54506101773
0.545891860689
0.54608178888
0.546524399812
0.547918890075
0.550077041602
0.55185991089
0.552466502735
0.55219712928
0.552212732919
0.553581018406
0.556790985241
0.561796592669
0.567329514752
0.571087759159
0.569912239089
0.560774818402
0.544040896392
0.526323701353
0.517175476538
0.520173889417
0.530861072438
0.543000289843
0.552347796553
0.556897166281
0.555957187119
0.550029371451
0.541310541311
0.534091473407
0.532617591835
0.537408674743
0.545405454055
0.55271349303
0.556904117263
0.557232332199
0.554546403591
0.551591598094
0.552037668453
0.556711813
0.562825130052
0.566952538739
0.56736196319
0.563566878981
0.556187614039
0.547284130362
0.540808012222
0.539964837097
0.54388069041
0.549166417091
0.553573193634
0.556542151459
0.558536452369
0.560756054341
0.56471988971
0.570756902273
0.576507508212
0.579939341421
0.581383282312
0.581948364168
0.581992692371
0.581456953642
0.579952067106
0.577546864706
0.575307230637
0.574288160993
0.574137665932
0.573662889083
0.57102575016
0.564272950637
0.552388872957
0.538434084319
0.529861394211
0.530037432667
0.535061496413
0.539615203325
0.540227806907
0.534906207697
0.52384806029
0.512414104429
0.510184968391
0.520645548974
0.537448933273
0.553772618641
0.56593304975
0.571882566586
0.570321684301
0.562516662223
0.554778088764
0.553019824804
0.557012263099
0.563495360753
0.56963036963
0.573664623468
0.57406729634
0.569612686795
0.561371712864
0.553570446924
0.54965034965
0.548612911589
0.548091603053
0.546049805538
0.541407053415
0.534299284555
0.526683615819
0.521077162092
0.517622667588
0.5140625
0.508313285218
0.499695190788
0.489717090069
0.482133756158
0.481502018843
0.48957820197
0.503950856444
0.519951040392
0.533068633012
0.540161789198
0.540716084923
0.537363340312
0.534199134199
0.534077429095
0.537729776905
0.544800320862
0.554429223744
0.565293524817
0.575139476427
0.582320318189
0.587427709329
0.59201962079
0.597056729172
0.602594398914
0.608101539292
0.612453002165
0.614175957484
0.612442344471
0.607788145192
0.601341006283
0.593579161754
0.584776815456
0.576372315036
0.571516611575
0.572851739385
0.579245187693
0.586896998058
0.592456729527
0.594105566965
0.590759273686
0.582299823188
0.571340690005
0.5635577853
0.562813134733
0.566980055432
0.571396895787
0.572644895558
0.568985234056
0.560403035854
0.549837599065
0.542943016623
0.543226797088
0.548343217803
0.55403774413
0.557859799714
0.559285928593
0.559003974168
0.55822513551
0.558258239335
0.559782881526
0.562442613672
0.56542323335
0.568220093848
0.570963163667
0.573848715814
0.576679116288
0.578524631473
0.577979027645
0.573845755358
0.565640856672
0.553527465255
0.53873046875
0.523835204114
0.512405319974
0.507113185
0.508024349751
0.513051156117
0.519725827294
0.526367697395
0.531648630675
0.534019837008
0.531637717122
0.524010192082
0.514601769912
0.509241284246
0.51024481107
0.515703841005
0.522840448492
0.529430273064
0.533755351682
0.534574995047
0.532233676976
0.530170546833
0.532755865243
0.540352898375
0.54955821362
0.556669991273
0.55933162292
0.55710665114
0.552042579664
0.54822131704
0.548873080247
0.554708789741
0.564588407209
0.576550144114
0.588306482695
0.597773881223
0.604883105741
0.611253570717
0.617951527652
0.624469005926
0.628982697968
0.628574757282
0.620365451179
0.606772601049
0.596866588446
0.596549808666
0.603964521698
0.614928373963
0.625936739659
0.633805079559
0.635232744783
0.629385896026
0.62098982356
0.61581169955
0.614978035005
0.616371747212
0.616969110412
0.61404753762
0.60615530303
0.595208060288
0.585986001217
0.58132837562
0.580544227775
0.581639215686
0.583329169789
0.585487508675
0.588361611877
0.592115590439
0.595472280192
0.595989505247
0.590752229546
0.57926375563
0.565684970549
0.55606087735
0.552751246725
0.554180051067
0.557212060469
0.559207560257
0.558668453977
0.556572497995
0.5557145305
0.558205920625
0.563736696886
0.570626538553
0.576919907713
0.581201201201
0.582663535143
0.582094594595
0.581062172046
0.580147501505
0.578132841328
0.573460817398
0.565866460826
0.557477039014
0.55285814552
0.555868652157
0.566063484883
0.578720805984
0.587712799496
0.58840509203
0.580383898923
0.569108032379
0.562630923607
0.564648792068
0.57315032499
0.583539357772
0.591503848431
0.594514607425
0.593311545185
0.591519644181
0.592864864865
0.597854444365
0.603692507018
0.606040464539
0.602155235183
0.594036276378
0.587537071987
0.587726975833
0.595194643209
0.606777808144
0.617486654162
0.622272487371
0.618566049335
0.608514381885
0.598518966299
0.594906953967
0.600365881546
0.6124854775
0.624558812097
0.629534313725
0.625283047162
0.614875725554
0.603602240048
0.596077663822
0.595677117001
0.603230279794
0.615856982524
0.628084807857
0.635848475516
0.637490208366
0.632761424622
0.623180366448
0.612668189896
0.606290402785
0.606337289093
0.611195171026
0.617604930047
0.622201542143
0.621175364363
0.61228436019
0.601253616201
0.598310810811
0.604433018344
0.614121927777
0.623070751276
0.62860670756
0.628761937538
0.622969338354
0.614015931263
0.606876193784
0.604575328615
0.605954773869
0.608262059528
0.609854532553
0.6108976727
0.613452094367
0.619883276719
0.631639123853
0.64740739106
0.661646743381
0.666774723375
0.661309421397
0.652325803982
0.64699669967
0.647322636768
0.651142160124
0.653292802265
0.648353143048
0.635362074114
0.619381707839
0.606639828623
0.600876431795
0.604042792401
0.617216525487
0.638848679109
0.660163900629
0.667623772054
0.657821687948
0.640476798095
0.625846805823
0.619351020811
0.621898090394
0.630573972343
0.639757994814
0.644487717196
0.643146345557
0.637506427579
0.631518155516
0.630061398252
0.637140231658
0.652835202089
0.670985057979
0.682071797031
0.681151189207
0.67163549751
0.661001555351
0.655601562956
0.658948747744
0.670630673485
0.683303308221
0.684056946952
0.669595865217
0.651406490487
0.640411930269
0.641261728049
0.656200133834
0.686504965461
0.728078920351
0.764040681132
0.77368700121
0.758522801601
0.737401725268
0.725543641949
0.732031553521
0.762035610182
0.802046805916
0.805778491172
0.764992726792
0.719916504949
0.688971144948
0.672713156409
0.669160092807
0.67747300047
0.696119885586
0.717481268514
0.725193010082
0.713324778541
0.696975553194
0.689304964539
0.694247265602
