1.2124763805
1.22053217148
1.23487838221
1.24898085557
1.25536373102
1.25051378987
1.23859326228
1.22857667136
1.22755914149
1.23605879312
1.2483510718
1.25425835038
1.24734003068
1.23130518349
1.21540523219
1.20634267357
1.2057698438
1.2109147074
1.21720869386
1.22036294
1.22033974474
1.21907422187
1.21840448868
1.21779317039
1.21574046655
1.21197571567
1.20951375923
1.21117952665
1.21681374826
1.22426809059
1.23120037366
1.23519800077
1.23527670909
1.23264094955
1.23166874341
1.23565312443
1.24242424242
1.24804804805
1.2503664109
1.24951881015
1.24821192053
1.25004383658
1.25680534155
1.26622406639
1.27393939394
1.27723480334
1.2768503937
1.27591058309
1.27765306912
1.28337415799
1.29121129326
1.29805582873
1.30184540917
1.30299148519
1.30451910213
1.30867957363
1.31515535828
1.32043780547
1.32188052796
1.31910555291
1.31435390385
1.31129120131
1.31349713901
1.32057195572
1.32859348861
1.33261694058
1.3318484126
1.3287327478
1.3272476316
1.33079800499
1.33883638149
1.34741643161
1.35157993657
1.3503391501
1.34644075638
1.3443032097
1.34638010368
1.35277697005
1.36024665745
1.36442024053
1.36386952885
1.36164006604
1.36197190796
1.36767269558
1.37764629248
1.38796401056
1.3934557063
1.3928009235
1.38921813267
1.38761944329
1.39134298709
1.40066592675
1.4128567618
1.4226095299
1.42539815591
1.4221069758
1.4181047234
1.41767203938
1.42087654734
1.42481382471
1.42614722753
1.42326047533
1.41780789461
1.41373974209
1.41447551798
1.42076300578
1.43016372213
1.43860867954
1.44239482201
1.44117241696
1.43758829695
1.43508230919
1.4353315168
1.43787171745
1.44116696672
1.44373377827
1.44488497534
1.44538542094
1.44639884835
1.44814615798
1.44999549914
1.45134113575
1.4518238762
1.45175600739
1.45183622943
1.45235729769
1.45288144651
1.45294716797
1.45229839068
1.45116153915
1.45022563177
1.44974569024
1.44931726193
1.44807498576
1.44528710726
1.44155450729
1.43832158092
1.43723721093
1.43872012606
1.44181109185
1.44382429381
1.44263806252
1.43827953425
1.43232323232
1.42699215058
1.42337672938
1.42112261756
1.41834345359
1.41364831456
1.40733492505
1.4012042029
1.39763623384
1.39814704362
1.40197238659
1.405410643
1.40409683426
1.39682420511
1.38653824532
1.37707941287
1.37179487179
1.37240656131
1.3780191458
1.38480939684
1.38811424517
1.38683725546
1.38380798854
1.38263234228
1.38560261771
1.39282253723
1.40082298786
1.40461180595
1.40215131818
1.39656309783
1.39239533563
1.39232539253
1.39682378092
1.4040254948
1.41047949238
1.41268079168
1.41048740331
1.40737867693
1.40727467069
1.41183971437
1.41993986694
1.42781356574
1.43160035748
1.4304191472
1.42739618304
1.42633790632
1.42919452404
1.43520878259
1.44183352639
1.44571805007
1.4453251375
1.44260520787
1.44143656954
1.44421100265
1.45044746437
1.4582794528
1.46486749331
1.46747696942
1.4651065608
1.46018337282
1.45702156563
1.45761447988
1.4608050126
1.4636917391
1.46376613152
1.46118425541
1.45821845536
1.45734021817
1.45904590459
1.46204783206
1.46442779829
1.46439695762
1.46156619556
1.45808953119
1.45792476682
1.46272845735
1.47022402716
1.47696714406
1.48057083906
1.4803547019
1.47671910907
1.47182580034
1.46877245816
1.46961491179
1.47326951879
1.47689314091
1.47884187082
1.47890183028
1.47776353084
1.47652669812
1.47597161203
1.47638412053
1.47729133239
1.47810643245
1.47897594038
1.48037323037
1.48263956115
1.48545724236
1.48763058386
1.4877167401
1.48536272269
1.48153197819
1.47818730002
1.47681106216
1.47784089183
1.48041336217
1.48280446729
1.48342341822
1.48223307273
1.48126210905
1.48281622258
1.48793155291
1.49569131127
1.50384062776
1.51006823562
1.51312166339
1.51394603184
1.51490825688
1.51866643514
1.52604454797
1.53576216846
1.5446177077
1.54997542429
1.55132364016
1.55066932832
1.55024686898
1.55127168708
1.55307801054
1.55352842203
1.55004342888
1.54194575237
1.53239782721
1.52695100104
1.52848601258
1.5350726984
1.54239223523
1.54632546358
1.54440871266
1.53642428509
1.52532280725
1.51617161716
1.51281718476
1.51491723341
1.51841532155
1.51875846065
1.51377818265
1.50456942579
1.49527930763
1.49045521292
1.49213300892
1.49834855255
1.50445905481
1.50589281011
1.50030036043
1.48831641771
1.47318985032
1.45948301874
1.4507730937
1.44776216498
1.44775879268
1.44703430587
1.44337078652
1.43697181967
1.42963626476
1.4237738355
1.42077913996
1.42042667974
1.42133755056
1.42200353421
1.4222352001
1.42260205981
1.42422640336
1.42773443523
1.43242343542
1.43658637628
1.4389526417
1.43978951041
1.44072384876
1.44383471273
1.45081117346
1.46199907877
1.47528435947
1.48662011927
1.49306989089
1.49471887964
1.49389789037
1.49306319521
1.49356585992
1.49571478638
1.4986535009
1.5010845987
1.5019578123
1.50113058225
1.49927371479
1.49669829465
1.49312697946
1.48791565826
1.48039935889
1.47097418818
1.46144956249
1.45373799613
1.44881786626
1.44609359573
1.44422745929
1.44208084824
1.43958360785
1.43751020008
1.43699853825
1.43832663858
1.44059931053
1.44232328693
1.4418061235
1.43771859958
1.43005323716
1.42131487426
1.41592264303
1.41664058098
1.42213063956
1.4286159601
1.43259525612
1.43185790092
1.4260388687
1.41791090915
1.41203398959
1.41167238272
1.41601489758
1.42170573738
1.42513724357
1.42390544946
1.41732512201
1.40751296814
1.39927364772
1.39702996553
1.4002288508
1.40455542785
1.40557928457
1.40068719076
1.38899087751
1.37159315622
1.35268707193
1.33976293695
1.33805504012
1.34421971149
1.35017661648
1.35093848822
1.34618921262
1.33819068256
1.33008121068
1.3249187493
1.32399921672
1.3255588219
1.32573505121
1.32174440067
1.31369329251
1.30393821083
1.29574302737
1.29197527264
1.29386067785
1.29987141271
1.30586260779
1.30762629441
1.30413424953
1.29754879709
1.29101990829
1.28659740706
1.28452134986
1.28330991771
1.28126249643
1.27753303965
1.27314932767
1.27024812073
1.27097230073
1.27591472035
1.28350748376
1.29043600563
1.29334302569
1.2911466296
1.28542914172
1.27927252534
1.27538131222
1.27477263187
1.27652733119
1.2782722005
1.27761584353
1.27390703117
1.26905281763
1.26597546579
1.2663361759
1.26942560985
1.27311368076
1.27442883192
1.27083276876
1.26137781394
1.2482579331
1.23657660963
1.23108405382
1.23228584378
1.23646902366
1.2390392969
1.23658854499
1.22774686165
1.2130728501
1.19573970646
1.18173497407
1.17766572016
1.1846984276
1.1960896019
1.20380956685
1.2042645382
1.19808952726
1.18784543492
1.17688679245
1.16909564714
1.16774793684
1.17314784557
1.18158322088
1.18823956937
1.19078222549
1.18958548736
1.18619373233
1.18215098447
1.17845884413
1.17534566796
1.17202080093
1.16775167469
1.16247430301
1.15703925406
1.15220075961
1.14822383272
1.14476938746
1.14112018152
1.13624800479
1.12938552526
1.12068835951
1.11132758836
1.10287850467
1.09659897845
1.0926660183
1.0902814128
1.08803891881
1.08481791339
1.08053446262
1.07609271842
1.0725015548
1.07014996429
1.06864000759
1.06686994753
1.06353129487
1.05789301259
1.05058410944
1.043736887
1.03975212302
1.03970183486
1.0428236484
1.04693049214
1.04953059242
1.04854571118
1.04345818131
1.03580462678
1.02855114937
1.02438411836
1.02427616418
1.02728746603
1.03106995885
1.03311455165
1.03165438072
1.02667726189
1.02019018433
1.0150888566
1.01325400173
1.0145314812
1.01682724033
1.01741151704
1.0141310292
1.00648499934
0.99620385723
0.986620102586
0.980875988985
0.980350109409
0.984066186609
0.989324232679
0.99311114027
0.993455182226
0.990164654226
0.984945144699
0.980580148596
0.979397639032
0.981800896374
0.986319797533
0.990390569456
0.991681260946
0.989333148225
0.984140989621
0.978233034571
0.973827724434
0.972149127914
0.972569968645
0.973104342191
0.971748413156
0.967475548994
0.960750774352
0.953309198923
0.947156364991
0.943887775551
0.943733184897
0.945093270312
0.94550384094
0.942971441271
0.937202518041
0.92938203838
0.921480675014
0.915338013691
0.912276068489
0.912593444508
0.915530370108
0.919219748733
0.92163599361
0.921866155789
0.920265853127
0.91780280577
0.915325355771
0.913164449032
0.911406398051
0.910054335624
0.909349566598
0.909926352178
0.91210863825
0.915510771081
0.919139713238
0.92175293744
0.922156723025
0.919143693208
0.91186047549
0.900309084393
0.886127950614
0.872840284267
0.864357041822
0.862479196203
0.865640011303
0.869978964239
0.871556694427
0.868157409634
0.860051247147
0.84982737632
0.841190523591
0.836753433408
0.836969904931
0.840168070689
0.843816822984
0.845298678607
0.842906013684
0.836402184684
0.827619225559
0.8198520807
0.816351703593
0.818085204695
0.823346536478
0.828838198248
0.831567401046
0.829901902848
0.823956963539
0.815571109027
0.807630435305
0.802870198486
0.802561391141
0.805937238882
0.810686425662
0.814315519178
0.815263254449
0.813214564489
0.809097996056
0.80452515494
0.80136477265
0.800882502938
0.803132088641
0.806767337808
0.809763698849
0.810697654548
0.809385301532
0.806787656424
0.804100177305
0.802233105679
0.801595780955
0.801882677075
0.802058755494
0.800887216648
0.797471884004
0.791871578361
0.785176781125
0.778556395846
0.772633768635
0.767405319223
0.762440511944
0.757263182185
0.751649008297
0.745923665513
0.740958449251
0.737697695934
0.736560652969
0.737004235657
0.737835132775
0.737742376356
0.735789337697
0.731635161297
0.725785225478
0.719655787134
0.714828813783
0.712292766256
0.711791348489
0.712202524964
0.712064856678
0.710369866122
0.706761516359
0.701702669559
0.696357237968
0.692433353852
0.690797145389
0.690895775164
0.690980055952
0.689343728235
0.685119384406
0.678345487589
0.669828375555
0.661046539437
0.653848014318
0.649909189975
0.650026425792
0.653286229135
0.657590372729
0.660647050621
0.660988985453
0.65840439201
0.653712324258
0.648540395354
0.644703235935
0.643314901788
0.643991342978
0.645427927928
0.646190155091
0.645588568836
0.643736289112
0.641189661277
0.638803237618
0.637229521809
0.636755908601
0.636890273586
0.636402815687
0.633955801623
0.629128990589
0.622537016271
0.615448105097
0.609162987448
0.604613696327
0.602207993974
0.601748582231
0.602306766988
0.602679094166
0.601831884058
0.599705598234
0.596898869188
0.594457104712
0.593049691458
0.592895279131
0.593517446668
0.594076364934
0.593537293115
0.590924281486
0.585953256614
0.579333630331
0.572538442031
0.567272070118
0.564612018476
0.564358148284
0.565173180807
0.56546999292
0.564146361541
0.561091996396
0.5569264247
0.552762362296
0.549645390071
0.548389848582
0.549149892515
0.551445700507
0.554026974084
0.555423476969
0.554535362413
0.551337359793
0.546842031228
0.542556192984
0.539838622409
0.539173320808
0.540200299513
0.541869398207
0.54292525982
0.542568376462
0.54081749616
0.538431659279
0.536568149734
0.53616751269
0.537772173561
0.541154379219
0.545391945623
0.549092116918
0.550992318963
0.550486481639
0.547831836214
0.543887840891
0.539682539683
0.536313660911
0.534444010162
0.534134299681
0.534645199761
0.534735721559
0.533454700739
0.530695831212
0.527149019433
0.523489932886
0.520263660502
0.517673260214
0.51586542001
0.514842092123
0.514629559985
0.515345300116
0.51702639031
0.519548002088
0.522532963068
0.525614156386
0.528446222106
0.530824067432
0.532404519304
0.532911783583
0.532071350564
0.529817354948
0.526684609976
0.523618305375
0.521594607159
0.520870602266
0.5210118693
0.521233288615
0.520834800573
0.519195481734
0.516012607974
0.51141333077
0.506134606747
0.501547490772
0.498951087557
0.498695354607
0.499926360748
0.501222700059
0.501361346339
0.499703107475
0.496302828845
0.491760343029
0.487128666148
0.48356885828
0.481819921539
0.481946474351
0.48320711624
0.48443669307
0.484538103406
0.482857071923
0.479368505597
0.474906688187
0.470861592565
0.468763175516
0.469526893764
0.473031425499
0.477989200915
0.482744048458
0.485804714441
0.486432714895
0.484692879499
0.481517534007
0.478319370399
0.476700025661
0.477715375103
0.481410009006
0.486629233649
0.491534959849
0.494443590925
0.494575720875
0.492367406481
0.488944007599
0.485651744481
0.483578556634
0.483262357824
0.484470215565
0.486416799575
0.487865539178
0.487725335114
0.485683373591
0.482481318355
0.479548521654
0.478063056416
0.478500112043
0.480575247097
0.483342022941
0.485620774761
0.486275267867
0.484456912919
0.479943396771
0.473578361363
0.466965611624
0.461915894594
0.459410909298
0.45910743988
0.459703579418
0.459515127898
0.457145236971
0.451723660529
0.443333608747
0.43318789201
0.423418095801
0.416430894524
0.413781416206
0.415333643941
0.419625246548
0.424563525452
0.428348742206
0.429719651982
0.428169654271
0.423992087963
0.418304124624
0.412816119121
0.409432033874
0.40920781893
0.411915438821
0.416045689421
0.41980552439
0.422012528745
0.422401768561
0.421373885132
0.419827222925
0.418895770194
0.419569739579
0.422393862968
0.427089608927
0.432323654706
0.436375523013
0.437774562673
0.436185806039
0.432350861928
0.427683474092
0.423703110246
0.421497053391
0.421641679385
0.423806051768
0.426798246958
0.428948661263
0.42865876024
0.425324281731
0.419765695404
0.41373854375
0.408929794776
0.406555714627
0.407014706323
0.410069339765
0.414957303917
0.420254792675
0.424228437798
0.425273576786
0.422722557813
0.417445576796
0.411508646392
0.40706837303
0.405518345089
0.4071034174
0.411375381547
0.417316788501
0.4236901338
0.429211554962
0.432891519753
0.43452650657
0.43488808384
0.435420554733
0.437292252621
0.44085474434
0.44535840188
0.449504445648
0.451920606372
0.451571020514
0.448037027311
0.441786495262
0.433909481467
0.425884624347
0.419034701776
0.413978142792
0.410483168189
0.407674929201
0.404341543101
0.399589399029
0.393063583815
0.385258030705
0.377181621955
0.370136893174
0.365189088655
0.36298600311
0.363386699123
0.36565062277
0.368539818849
0.37057681468
0.370613008891
0.368164910105
0.363669928004
0.358424253537
0.353794676806
0.350822358439
0.34988774953
0.35080204156
0.352842656597
0.355021820734
0.356412057539
0.35631097561
0.354566431868
0.351727679111
0.348742781521
0.346544166216
0.345677527955
0.346163127413
0.347661341659
0.3496450227
0.351410044657
0.352570186449
0.352908857823
0.352561382237
0.352073760399
0.351986902813
0.352598248106
0.353869804293
0.355288946962
0.356283923591
0.356096077835
0.354278653074
0.350617981053
0.345384713052
0.33946536361
0.334046698821
0.33009863188
0.327991385317
0.327328466231
0.327328563288
0.327324840764
0.326989230027
0.326218520206
0.325214351669
0.324251537022
0.323723774452
0.324082646879
0.325673507017
0.328594815825
0.332580568479
0.337003780718
0.341072267329
0.344049407445
0.345774788573
0.346531686037
0.347041726523
0.348131469284
0.350315019308
0.353809865655
0.358390883978
0.363395225464
0.367878937529
0.370825322225
0.371506378099
0.36983300413
0.36686517902
0.364489328176
0.364248611857
0.366948390577
0.37221517841
0.379167885347
0.386748901282
0.393880597015
0.39953271028
0.402904501217
0.403374526533
0.4010047168
0.396667048886
0.391971217572
0.389075693043
0.389332646225
0.392903882507
0.398549417241
0.404353466917
0.408408408408
0.409336054223
0.406595424333
0.400628001478
0.39291006075
0.385352675598
0.379670268875
0.376905837834
0.377117090696
0.379621810171
0.38311784263
0.385998284286
0.386865716655
0.384834772027
0.380087059452
0.374019233705
0.36866539924
0.365806427164
0.366203159929
0.369487267329
0.374713571703
0.380803310043
0.386816336279
0.392098403389
0.396243269191
0.399247573853
0.401523285758
0.40392695683
0.40751240889
0.413092034446
0.420767231335
0.429907378406
0.43934917864
0.447887450557
0.454574304107
0.458992013219
0.461334948065
0.462315073025
0.46299822958
0.464454519147
0.467482466747
0.472263267179
0.47833237161
0.484562730362
0.489407386201
0.491563393708
0.490077282702
0.485197761729
0.477948028243
0.470148388032
0.46340429678
0.458700992434
0.456456486205
0.456570544801
0.458587633005
0.461951588502
0.4660494764
0.470064790443
0.473255989912
0.475098754938
0.4759970385
0.47717359556
0.48012631985
0.48570603523
0.493744544661
0.503496503497
0.51393921095
0.524003716705
0.532778190304
0.539647289353
0.54419173664
0.546493799324
0.54701425017
0.546586638245
0.54618522602
0.546488438527
0.54760649515
0.549310380587
0.550807363982
0.551363870304
0.550501116477
0.548086048719
0.544579479458
0.540897344257
0.538019690577
0.536804277829
0.537674364084
0.540659798726
0.545376681344
0.551191709845
0.557123531944
0.562130873522
0.565108763207
0.565223064496
0.562361669243
0.55729077319
0.55134201757
0.545858803788
0.541592920354
0.53882033418
0.53730191458
0.536547085202
0.536037478503
0.535218585762
0.533770452358
0.531646411512
0.529190891473
0.527078169397
0.526063124925
0.526503060122
0.528291048348
0.530944411237
0.533863826732
0.536436202137
0.538121946807
0.538611279563
0.537857751796
0.536249543073
0.534592529711
0.53404216976
0.535550935551
0.539763292704
0.546708169378
0.556007088009
0.567210166647
0.579625766871
0.592571284061
0.605097166787
0.616300664227
0.62544449111
0.632280071813
0.637172469163
0.641230904818
0.645575739818
0.651053013798
0.657831238779
0.665589029416
0.673528789908
0.680862855139
0.68680818271
0.690972855439
0.692986155035
0.693007878447
0.691379431379
0.688822995884
0.686210468167
0.684264305177
0.683783058129
0.684935133704
0.687524519419
0.690616309901
0.693144026605
0.693735791867
0.692140009965
0.68849535756
0.683892985557
0.679465370595
0.675904495066
0.673738426636
0.673181593271
0.674301048427
0.677277302466
0.68196493005
0.688167259786
0.695746169009
0.704484986697
0.714779222411
0.727047146402
0.741645244216
0.758359583232
0.776563631973
0.795035202719
0.812676923077
0.828277118271
0.840875442549
0.849857982694
0.854696805631
0.855564761116
0.852965864578
0.848240005621
0.843179752499
0.839564077804
0.839137196565
0.842595651887
0.849528362838
0.85860058309
0.867474394204
0.873826000989
0.875658781713
0.871868158599
0.862655251417
0.8494270709
0.834031259216
0.818716515257
0.805705740251
0.79657351016
0.792212929476
0.792685675645
0.796951735817
0.803543038837
0.810238204306
0.815228074233
0.817216224103
0.815876191597
0.811704081028
0.805772091639
0.799116734304
0.793049823554
0.788494991302
0.786201073518
0.786701577057
0.789896245059
0.795310240775
0.80203793899
0.808728553722
0.814381160283
0.81872789161
0.822184986595
0.825122327234
0.828399599064
0.832270069112
0.836853220697
0.84205350118
0.847670016969
0.853650586701
0.859392355439
0.864256659231
0.867293900915
0.867883643049
0.86612892734
0.862968170778
0.859842814371
0.858277744087
0.859179825595
0.86271585107
0.868438761777
0.875619971344
0.88319895402
0.890134893548
0.8954407624
0.898473572709
0.899120651046
0.897960305679
0.896129782404
0.894842486758
0.895179844004
0.897535667964
0.901906432087
0.907891010027
0.914533303126
0.920792079208
0.925545136143
0.927814121363
0.927031135634
0.923457623306
0.918101023737
0.912335099786
0.907536379593
0.904778176434
0.904611859066
0.907196315486
0.912393162393
0.919461147086
0.927539581648
0.935424354244
0.941730294506
0.945128205128
0.944829139222
0.940802213001
0.93434015373
0.92724580976
0.921233762873
0.917213991141
0.915292693995
0.915104297562
0.915889734415
0.917038992689
0.91764222633
0.917104920594
0.914767620155
0.910041841004
0.902923152015
0.89381061349
0.883792878854
0.874390439955
0.86713213292
0.862829368125
0.86181492359
0.863579049467
0.867333870891
0.871973125554
0.876461616675
0.879918807953
0.881777283057
0.881952912485
0.880925185608
0.879580392536
0.87897214594
0.880170617994
0.883725578374
0.889947355227
0.898316127092
0.90836454432
0.919082605242
0.929423361262
0.93816651991
0.944436342424
0.947462715475
0.947070492041
0.943738480939
0.93838954962
0.932323083713
0.926623600769
0.922372847813
0.920219606291
0.920354417918
0.922671867382
0.926905506131
0.932277134074
0.937677185481
0.942026996111
0.944316279911
0.944017266963
0.941163250629
0.936555209602
0.931223896859
0.926311464183
0.922816178828
0.92152014652
0.922803499818
0.926584793209
0.932593780629
0.940186670172
0.94835377663
0.955851851852
0.96161404976
0.965183028286
0.966679177614
0.967086156825
0.967366265677
0.968482119664
0.970772809058
0.97436579741
0.97879748248
0.983322155153
0.987078376331
0.989092514904
0.988459696033
0.984369647139
0.976556900114
0.96531260448
0.951571721569
0.936941136585
0.923126810498
0.911814159292
0.904275050893
0.901184495552
0.902767389678
0.908588957055
0.917642596368
0.928645882687
0.939958592133
0.949628597957
0.955450280144
0.955938099273
0.950671860638
0.940777244629
0.928039915695
0.914685615848
0.902441135734
0.892519496362
0.885774444006
0.882604856512
0.883209734002
0.887302578745
0.894277660955
0.902797046319
0.911030757555
0.91708140775
0.91935483871
0.917483624214
0.912021020363
0.904181413029
0.895511309056
0.887412587413
0.880994126414
0.877225453904
0.876683108919
0.879685393258
0.886185529433
0.895478920118
0.906088992974
0.915890501631
0.922843314036
0.925409138208
0.923152570947
0.917139300041
0.908963395321
0.900554446662
0.893883951908
0.890239711315
0.890204933748
0.893721038983
0.900008528057
0.907772198618
0.915646493922
0.922154905636
0.926297790249
0.927575130902
0.925878622391
0.921693633486
0.915776103714
0.909399921558
0.903669326856
0.899848583171
0.898545076643
0.899891233413
0.903490309568
0.908177714842
0.912583668005
0.915238266176
0.915172754639
0.911943772943
0.905966968567
0.898293185907
0.890365304709
0.883600819532
0.879118564085
0.877681956422
0.879240610813
0.883577075908
0.889608538026
0.896387987013
0.902520055101
0.906857976654
0.908688231469
0.907465610841
0.903370140799
0.896931907338
0.889184029219
0.881199250468
0.874062343724
0.868563347475
0.865242059055
0.864098448368
0.864732325296
0.866785728782
0.869665280413
0.872835628574
0.875669579927
0.877604587304
0.877989460884
0.876250101634
0.871875127027
0.864805825243
0.855232604692
0.843949546709
0.832050736687
0.820548775866
0.810674010942
0.803326846106
0.799088256747
0.798227053845
0.80058758722
0.805779445084
0.8128553677
0.820576445887
0.827449011125
0.831924260724
0.832589460496
0.828829182193
0.820838727394
0.809697540308
0.796992776382
0.784610545354
0.774142750285
0.76689628026
0.763572129539
0.764333944811
0.768784113343
0.775852152908
0.784305529166
0.792689373914
0.799736197475
0.804574669187
0.806853701304
0.806673095468
0.804534792807
0.801068460625
0.796824510312
0.7922689881
0.787662826147
0.783390976567
0.779968215529
0.777977874968
0.777905308465
0.779893131392
0.783707268738
0.788941842548
0.794911220941
0.801037087138
0.806882185017
0.811994476228
0.815899078895
0.818295184843
0.818719290536
0.817224165717
0.814154178064
0.810396395714
0.807001761685
0.804822344528
0.804062711992
0.804714318407
0.806441622793
0.808809084122
0.811180469961
0.81299740052
0.813651958829
0.812670219065
0.809936295836
0.805862345703
0.801178425744
0.79671589073
0.793216259918
0.791288909036
0.791172445255
0.7930955297
0.796911702414
0.802360224415
0.808817821936
0.815394777743
0.821016659547
0.824728682171
0.825791243189
0.824063738886
0.819734272696
0.813522562971
0.806293204397
0.798830979055
0.791858564849
0.78595871509
0.781469741684
0.778683498647
0.777599257355
0.778119476847
0.779854402912
0.782233467351
0.784573646073
0.78630090305
0.786925267869
0.786273247739
0.784315059176
0.781333607738
0.777650489481
0.773648648649
0.769762881084
0.766386796872
0.763610003625
0.76148915366
0.759727207466
0.758316265273
0.757285249533
0.756979156041
0.757726920355
0.75966841482
0.762571369609
0.766097147698
0.76972102848
0.772822980899
0.774542783126
0.773931556537
0.770144156308
0.762870330191
0.752865995352
0.741890359168
0.731994971902
0.724626593807
0.72055251423
0.719863063588
0.722257030185
0.72722503279
0.734071387669
0.741854052585
0.749321693996
0.754968195646
0.757337320009
0.755685131195
0.750344194585
0.7426658643
0.7342846553
0.726570225233
0.720423479932
0.716133204009
0.713680839708
0.712792171219
0.712959421399
0.713780918728
0.714885263657
0.716010568915
0.717151953306
0.718461995838
0.720003966418
0.721750099588
0.723579137292
0.725156428716
0.726116803625
0.726043643264
0.724531873183
0.721413233123
0.716848492887
0.711312926726
0.705621444412
0.700762730639
0.697621354671
0.69653824679
0.69749434757
0.69989415354
0.703105316201
0.706440243512
0.709234949422
0.711277287817
0.712420546298
0.712851123596
0.712874112653
0.71287448811
0.713057803882
0.713537241575
0.714161356593
0.714823690517
0.715419424558
0.715797936487
0.715915554217
0.715699141848
0.715147179068
0.71431046431
0.713645348016
0.713660810326
0.715122586244
0.718205118949
0.722416500143
0.726514009188
0.729340409401
0.730194396214
0.729094608342
0.726452052461
0.72285212117
0.719043283373
0.715502191185
0.71270398379
0.711019243433
0.710404411765
0.710845142815
0.712195833789
0.714275378048
0.716934353778
0.720137743023
0.723865521968
0.727986846913
0.732176046391
0.7358847332
0.738341373765
0.738842975207
0.736966824645
0.732843414358
0.727060912016
0.72072006678
0.714955277281
0.710960267254
0.709617711967
0.711481880158
0.71658626818
0.724558129323
0.734191607981
0.743838957446
0.751305342965
0.755136986301
0.754857279923
0.751386856346
0.74598535126
0.739913951192
0.734006856809
0.728766192077
0.724336524243
0.720754716981
0.717916900168
0.715523064087
0.713591855766
0.712377727615
0.712516843294
0.714596018944
0.718774298438
0.724885398529
0.732330502375
0.740479754646
0.748465350196
0.755281821575
0.760259828033
0.762686960781
0.76242822605
0.760019717135
0.756106855684
0.75149288011
0.746601309692
0.741691383375
0.736747596424
0.73178566214
0.727082446431
0.72327326808
0.721003134796
0.720934987052
0.723253482664
0.727945341263
0.734438024638
0.741839652419
0.74883476169
0.753996013389
0.756140285491
0.754932999558
0.751115010602
0.745821240954
0.740267025693
0.735382251249
0.731682228201
0.729290060852
0.728024691358
0.727201838628
0.726001602564
0.723758389262
0.720497120781
0.717110799439
0.714508418208
0.713296301505
0.713560182834
0.715118465589
0.717632456753
0.720614364117
0.723453770906
0.72546900332
0.726003945067
0.724842316514
0.722233886206
0.718635555091
0.714396777157
0.709858748919
0.705279343926
0.70091534022
0.697270651347
0.695192408698
0.695304428967
0.697724604107
0.701752764686
0.706302314131
0.710479853711
0.713489774515
0.714881542511
0.714290777628
0.711858881484
0.708354503883
0.70522068276
0.703619751709
0.703885494611
0.705445544554
0.707482754998
0.709376463384
0.710682713023
0.711023862164
0.710062601438
0.707512764406
0.703866171004
0.700550031733
0.699126258921
0.700073810211
0.702703558313
0.706111004907
0.709479626265
0.712445639545
0.714975188634
0.717454696938
0.720569530808
0.724957859628
0.730645983541
0.736764051609
0.741787768695
0.744280257726
0.743379423483
0.739227166276
0.733036878019
0.727043932048
0.723545863278
0.72386560915
0.727578849103
0.733266533066
0.739388158343
0.744804100548
0.748521461485
0.749841269841
0.748383907521
0.744431329246
0.739423689437
0.73522752173
0.732878181298
0.732190489739
0.732117710778
0.731532873906
0.729576809797
0.725847406392
0.720348837209
0.713715438272
0.707262384254
0.702273822915
0.699240877037
0.697422334798
0.695717533182
0.69333186215
0.68982676694
0.685329960911
0.680362253499
0.676409849087
0.675729076108
0.680249576336
0.68932686252
0.699663829483
0.707944665423
0.712407617965
0.712866932972
0.709831858746
0.704300643087
0.697616849878
0.691566993393
0.688108907446
0.687879825387
0.689640889699
0.691219375724
0.691199376947
0.68945846984
0.686648079306
0.683800990332
0.682158440415
0.683051673708
0.687619668391
0.695572029653
0.704709654986
0.711898790204
0.715471082586
0.715895260284
0.714629636091
0.713099269292
0.712586974929
0.714154797816
0.718189007513
0.724262761847
0.730444499628
0.734270387158
0.733691608103
0.728542832632
0.720364619046
0.711450930288
0.703937445424
0.699226650803
0.697780080507
0.699415440435
0.703238517424
0.708279077582
0.713486530683
0.7180004385
0.721649029982
0.724454300374
0.726928577438
0.729429296387
0.732070208067
0.734659781288
0.73685616177
0.738564142801
0.739768118317
0.740568675528
0.741036930542
0.741156368338
0.740392628947
0.738025371315
0.733644053168
0.727729086944
0.721231895591
0.715173200173
0.710128286348
0.706339616562
0.703741607991
0.701705362646
0.699515738499
0.696690536094
0.693642466708
0.691341566096
0.690629630906
0.691834666853
0.694950962586
0.699666807093
0.705496905715
0.711212351303
0.715043188232
0.715435625808
0.712785279949
0.709348378419
0.707029544462
0.706600478029
0.707964263897
0.710486200257
0.713305552048
0.714690496949
0.712472454826
0.705104378269
0.693614383137
0.68170219448
0.67317368441
0.670005980861
0.672517268712
0.679809025104
0.689606631735
0.698294367901
0.702192564347
0.700254396638
0.69507098076
0.690015172314
0.687372140599
0.687802403621
0.69137076796
0.697324851865
0.703978300181
0.708399509915
0.707453551913
0.701579077227
0.694461851794
0.68935002705
0.687554087011
0.689151231427
0.693988840041
0.701788050589
0.711849390919
0.722085458062
0.729253553494
0.731012915279
0.727779076108
0.722031702484
0.716029602502
0.711118889278
0.707752124419
0.706275144125
0.706919423167
0.710058136993
0.715577404205
0.722071197411
0.726832324076
0.727937906779
0.725253328035
0.71994737052
0.713170096803
0.705882352941
0.698947550782
0.693387579917
0.690224116596
0.690258928158
0.692983660579
0.696067638381
0.696609606116
0.693367247114
0.687303370787
0.680057283443
0.673069846176
0.667103244396
0.662366003063
0.658709072439
0.655711185638
0.653004392846
0.650714944649
0.649325337331
0.649760589319
0.652335417433
0.657032971136
0.663278223177
0.670217399913
0.676746653608
0.68183527642
0.684760005093
0.685596813568
0.685023071284
0.684038804542
0.683514740228
0.683679870945
0.684272997033
0.684486762657
0.683393688567
0.680092658252
0.674172123039
0.666046251919
0.657101145125
0.649118903524
0.643435699744
0.640423825404
0.639495971907
0.639785164992
0.640337423313
0.640493369342
0.640150442836
0.639468767769
0.639165616232
0.639917445672
0.64218787539
0.645746826433
0.65004120394
0.654284026
0.657840813211
0.660161451398
0.660955031747
0.660225004536
0.658139968316
0.655177238806
0.651628160815
0.647510917031
0.642650450828
0.637130285994
0.631382466281
0.626314737053
0.622765531062
0.621468244385
0.6225347559
0.625593378504
0.629800244598
0.63395715341
0.636909196259
0.637451029424
0.635121626125
0.630768599113
0.626899605121
0.625967425205
0.628309648467
0.632644034059
0.636961015948
0.639725976116
0.639925087907
0.637596217716
0.63387520918
0.630975530708
0.631084367143
0.635221716405
0.642940946422
0.652717023675
0.662606006653
0.67051436851
0.674125464139
0.672156409516
0.665628631188
0.657586330292
0.650592401521
0.645928836499
0.643479799991
0.642674099717
0.643034545044
0.643797951129
0.644478514544
0.644995931652
0.645797055564
0.647296494355
0.649819494585
0.653490716626
0.657911901552
0.662571771932
0.666265006471
0.668198127242
0.66816619276
0.667414330218
0.667012663483
0.667569053763
0.66895741812
0.670654939953
0.672028637455
0.672321751719
0.671082563897
0.668237055301
0.66451783822
0.660350117307
0.65593551994
0.6512108399
0.645807811045
0.63941031941
0.631663190571
0.622450435031
0.611618646053
0.599542547729
0.586705337512
0.574131903985
0.563317180214
0.555853991458
0.552493383187
0.552867890947
0.555631126225
0.559186340985
0.562396148438
0.564587327775
0.565700128464
0.566320488294
0.56791832497
0.571536805168
0.577065717253
0.583486968152
0.589689265537
0.594898724681
0.598615040324
0.600347407803
0.600137142857
0.598689896738
0.597335701599
0.597461508265
0.599391212282
0.602720774729
0.606866110839
0.611263807499
0.615454448361
0.619113279593
0.621918089087
0.623843222646
0.625189755644
0.626296018032
0.627576440971
0.629545830804
0.632556279282
0.636555701479
0.640520019665
0.643248730964
0.644457099468
0.644759805272
0.644996078069
0.645263556355
0.645059633472
0.643620395218
0.640111073874
0.634919902128
0.629626322604
0.625727898359
0.623675148696
0.623085062336
0.62274997644
0.620863343219
0.616008702352
0.60869380109
0.601180847622
0.595131326073
0.590918506857
0.588170430487
0.586697661179
0.586943289033
0.589577584377
0.594882500937
0.600861710963
0.604620102889
0.604704642361
0.60203396335
0.597896400178
0.59339753824
0.589308716187
0.586248825513
0.584007137679
0.581797171628
0.578730243772
0.57513197094
0.572380312968
0.57170974258
0.573952363426
0.578845325291
0.58500416551
0.590354511971
0.592111549027
0.588002714039
0.576720075401
0.559414330218
0.541611734664
0.531300658217
0.531223939171
0.536504775268
0.541070412673
0.541817699584
0.537699958748
0.528994536567
0.517224188644
0.505645737621
0.499923402952
0.504366485354
0.517727075394
0.534008478568
0.547861025762
0.556620848212
0.559766311653
0.558463648834
0.555684162274
0.556017150472
0.56214804723
0.572206634758
0.582868288454
0.591997358137
0.599171890275
0.604522246535
0.607874215431
0.608552673507
0.606087009879
0.600831120859
0.593808219178
0.585678162156
0.577200021986
0.569380674261
0.564633847661
0.565988886082
0.5734648582
0.581072555205
0.583426472936
0.580401622926
0.573743248857
0.564861938278
0.554983502105
0.545913207103
0.540295099245
0.539836487849
0.543065231159
0.547213031306
0.550604384347
0.552809948231
0.554244539518
0.555630683143
0.558147808125
0.562350565857
0.567427336056
0.572408811845
0.576809621057
0.580419244975
0.582800906843
0.582853730047
0.57981870488
0.574777523519
0.571010724732
0.570157971592
0.571648760143
0.574033445468
0.575564747057
0.574254635631
0.568370244179
0.559293750336
0.551196841737
0.546883311572
0.546167290886
0.548002803083
0.551927732184
0.557844640348
0.564840273627
0.569699915743
0.568807780046
0.562706547919
0.554744121715
0.547119577691
0.540478774723
0.534643566816
0.529037380894
0.522772559066
0.515243680905
0.506686405132
0.49754044655
0.488274751811
0.479360365505
0.471831235597
0.467061444653
0.466050212957
0.467967712814
0.470475992948
0.471528988954
0.470372612692
0.467610438342
0.464547118024
0.4627629812
0.462984023829
0.464968864761
0.467776456599
0.470469419995
0.472556191375
0.474149456846
0.475820045558
0.478022147824
0.480433779419
0.482472085173
0.483897605285
0.484906783931
0.486272397924
0.488850479827
0.493463810931
0.499613011191
0.504995904996
0.506789307856
0.50355941849
0.49590913927
0.486529975245
0.479834545263
0.47930149464
0.48491013903
0.493816340442
0.503367020728
0.512334254923
0.520672362556
0.528942498348
0.537593733262
0.545895761301
0.552349073521
0.556473908536
0.558782987747
0.560045274477
0.560644200839
0.560668891571
0.559825914656
0.557696662892
0.554272064678
0.549933174502
0.545005827506
0.539775621589
0.534733430768
0.530812159412
0.529444149642
0.531436456827
0.53600129199
0.540880061311
0.543721286371
0.543002691273
0.538360908042
0.530880479103
0.523338592616
0.51917584146
0.520422803454
0.526360698125
0.534346024857
0.541115005621
0.543657740039
0.539987337765
0.530661006671
0.519691591504
0.512514891927
0.51250353287
0.519385003729
0.530732484076
0.543631469473
0.554948066017
0.561119894598
0.558818464799
0.548322831137
0.535392960321
0.525666084298
0.520088207498
0.516714513557
0.513372582002
0.508766644574
0.503008678881
0.498308569912
0.498223465868
0.503714619021
0.51113628442
0.51585666037
0.51573926868
0.510873451273
0.503531289911
0.497578255829
0.496644678422
0.501800286551
0.511093720654
0.521383034088
0.529355904211
0.5322377372
0.52949563737
0.524542662572
0.521366459627
0.52109534688
0.522408357545
0.52372059019
0.523637282507
0.521449760402
0.518332086761
0.517534994879
0.520579408342
0.525757487302
0.530981316887
0.534725865687
0.535511626253
0.531652910997
0.522912221323
0.512625768586
0.505768844221
0.504478827362
0.507854766382
0.514377497454
0.521935805754
0.527262024891
0.526173850229
0.517770681717
0.505925404645
0.495368866926
0.488709915768
0.4867020861
0.489266459729
0.495187704712
0.501864841745
0.505619546248
0.503316645807
0.494848926101
0.484207190075
0.476927784578
0.475764101715
0.478995974426
0.482988932745
0.484740310686
0.482852058562
0.4785377943
0.475219064778
0.47665142677
0.483367216324
0.493095850165
0.502914349277
0.511030935749
0.516832312952
0.521217237498
0.525757337938
0.531271065838
0.536651290183
0.539878223496
0.539499926675
0.535734260449
0.531211168214
0.530028134743
0.535360763268
0.546578888971
0.559996978624
0.570515854236
0.573730901922
0.568081930508
0.557558745689
0.549713034285
0.54899992831
0.554589678511
0.562871927555
0.570156133829
0.573946126921
0.573934837093
0.572317516893
0.572250018128
0.575704707663
0.582464489676
0.590474766355
0.59669365722
0.598732148062
0.596863289382
0.593299106548
0.590174788136
0.58852124183
0.588755707763
0.591342347053
0.596721690836
0.604776845243
0.614117367922
0.62204429573
0.625306416727
0.62243661298
0.615194318714
0.6078324639
0.603973412112
0.60476437463
0.608634030491
0.612230620778
0.61183540606
0.605762144054
0.596891990587
0.590430249747
0.589377428942
0.593522173206
0.600451540074
0.606625293526
0.608829272434
0.606587823769
0.602670551105
0.599735301195
0.598395193811
0.597142114835
0.592827348567
0.58250995295
0.568822151581
0.559948263119
0.559412162162
0.564423529412
0.571428571429
0.577821255283
0.581475852752
0.581283563694
0.578032844782
0.574844452126
0.574766909646
0.578075320922
0.582771862454
0.586094513851
0.586257035647
0.583246124031
0.57869229999
0.575300050742
0.575872800076
0.581776891077
0.590915121394
0.598725687458
0.603144654088
0.606083032491
0.610856453559
0.620079542148
0.633904409324
0.648600721551
0.658165384888
0.659465415799
0.654264270155
0.646371696745
0.639642861263
0.638068586297
0.645738821515
0.663109736617
0.681425116643
0.688586046194
0.681972153062
0.666507381349
0.647728159126
0.630108235294
0.61714047597
0.610521362695
0.609498031496
0.611481920446
0.614035659926
0.615668694869
0.616309146858
0.616852075731
0.618510909999
0.621704035874
0.625395283701
0.627781652904
0.627889103
0.625993214892
0.622907853596
0.61919583693
0.614906672167
0.609876900035
0.604465352449
0.599670492244
0.596185393608
0.59399759904
0.593173172949
0.594133908538
0.597405065009
0.602348136804
0.604967133309
0.599961849049
0.586791714558
0.568674143494
0.547997105274
0.527059425247
0.514506292523
0.531371731923
0.576297299585
0.605787751139
0.61090864167
0.605571075106
0.598596998856
0.594541492516
0.597436387985
0.612475074776
0.641686498137
0.669857224443
0.675352970075
0.664530123307
0.652579241765
0.645465485608
