0.996674818347
0.991899436557
0.99047360288
0.993662928984
1.00049138384
1.00732159872
1.01001194235
1.00723077417
1.00105643948
0.995466688254
0.994682602397
1.00029812183
1.00871779802
1.01388668717
1.01293621215
1.00715216535
1.0001816283
0.996118071519
0.997518761512
1.00284043944
1.00745202574
1.00805832138
1.0046048358
0.999622833104
0.99739243807
1.0011284612
1.0085042655
1.01394532926
1.01479016903
1.01165445152
1.00631507083
1.00103037081
0.998912649511
1.00305574781
1.01313088818
1.0238286773
1.03050466239
1.03267643204
1.03198554378
1.02995897782
1.02768598419
1.02587783256
1.0251519645
1.02585114937
1.02791373097
1.03074709299
1.03337586813
1.03474671825
1.03426091396
1.03204533538
1.0289
1.0259377494
1.02374301676
1.02243398849
1.02098789535
1.01820250284
1.0143838754
1.01023222707
1.00672841664
1.00381580088
1.00103761349
0.99733654094
0.991876110688
0.985283174866
0.979195226191
0.975466919911
0.974503804817
0.975399561266
0.976826117592
0.97737345463
0.976820685435
0.975795607351
0.975341066608
0.976002299181
0.977313390109
0.978098520753
0.977290750487
0.974866772289
0.971546744634
0.969669375175
0.970477171301
0.973758961179
0.977655505603
0.98053902227
0.98134825473
0.980521624298
0.979629027009
0.980700179533
0.984293526644
0.989675610222
0.995616014441
1.00065517919
1.00365084633
1.00431520945
1.00345366871
1.00290367378
1.00354761759
1.00485088034
1.00563497242
1.0049704142
1.00301454073
1.00070663055
0.999239854988
0.999245458239
1.00017339036
1.00063583815
0.999305072967
0.996007637563
0.991895154337
0.98941437596
0.989778631127
0.992549949204
0.995792107358
0.997524609982
0.995987438939
0.991501746217
0.986405529954
0.983787767133
0.985160712286
0.989327223961
0.99397251014
0.996632612294
0.996193332564
0.992839819841
0.988731266445
0.986359280762
0.986904430203
0.989660922735
0.993116955792
0.995643317868
0.99646138919
0.995827856204
0.994773618133
0.994536750211
0.995515695067
0.996910459499
0.997624434389
0.996985038967
0.995056537303
0.992685534237
0.991078355314
0.990879799028
0.992152405694
0.994011329916
0.995849280362
0.997153292513
0.997497204324
0.996787952188
0.995041494859
0.992395437262
0.989067322279
0.985578188326
0.982914996836
0.981984812778
0.983436532508
0.986342404549
0.988784952726
0.989185110664
0.987249544627
0.98353909465
0.979595969824
0.977502249775
0.978973225252
0.983558853485
0.988750969744
0.992158400314
0.992806826074
0.990994576845
0.987436816018
0.983882470404
0.981989394771
0.982032466089
0.982911280326
0.98347662547
0.983298538622
0.982490538507
0.981578472097
0.981201021396
0.981925142808
0.983538237133
0.985557312911
0.987742508136
0.990271201033
0.993662644327
0.998064516129
1.00289952515
1.00716373667
1.0103750669
1.01279245918
1.01516007124
1.01796246649
1.02125923576
1.02425936781
1.02608195924
1.02640837423
1.02579020493
1.0251955974
1.02499659137
1.02520104732
1.02525300745
1.02451923077
1.0226155828
1.02013643849
1.01810208081
1.017163167
1.01711941143
1.01689125071
1.01530443023
1.01223990208
1.00858147714
1.00593891403
1.00521281683
1.00668455721
1.00995024876
1.01373446697
1.01617183197
1.0152753978
1.01069696682
1.00470950294
0.999720722398
0.996937573616
0.9960673349
0.996348588121
0.997162704236
0.998014335529
0.999052985463
1.00036927622
1.00199700449
1.0034841629
1.00433473262
1.00420828709
1.00294819598
1.00084713855
0.998638817179
0.997400427073
0.997944172872
0.999864883124
1.00174387408
1.00250268144
1.00170060416
0.999642585891
0.997295499889
0.995582575227
0.995223957661
0.996224494125
0.998192213907
1.00058599473
1.00329702433
1.00626660027
1.00926153594
1.01134268537
1.0116428488
1.00974075197
1.00625931446
1.00222362228
0.998772869255
0.996852871755
0.996790272638
0.998213606994
0.999808948836
1.00019197543
0.998419368518
0.99444015444
0.988881194214
0.982996568814
0.978089527473
0.974775721632
0.973003672712
0.972217916925
0.972135479222
0.972680540585
0.973940117717
0.975649771177
0.977079687567
0.977098921086
0.97540427231
0.97277897627
0.970749398825
0.970328918233
0.972207287315
0.976412297789
0.982283042341
0.988310854207
0.993036211699
0.995856296358
0.997504091653
0.999142787166
1.00168460843
1.00498297484
1.00804525456
1.00950458407
1.00851760164
1.00534223706
1.00149681926
0.998751040799
0.998280417733
1.00008486803
1.00304904234
1.00558393213
1.0060212259
1.00344115623
0.998683372266
0.993676716918
0.990435178668
0.989594900267
0.990456686463
0.991644248798
0.991916579096
0.990542320125
0.987970279514
0.985334057577
0.983982750655
0.984396617986
0.986349828892
0.989295169397
0.992357414449
0.994731532339
0.996126580428
0.99680843434
0.997472680027
0.99871110952
1.00083499728
1.00382859667
1.00740576168
1.01076374858
1.01281866628
1.0131574306
1.01218487395
1.01071731749
1.00954377847
1.00899833364
1.00942684766
1.01077839766
1.01255892891
1.01403835412
1.01459449473
1.01418597742
1.01333988361
1.01276990945
1.0132573509
1.01545998474
1.01921450151
1.02326698971
1.02592342253
1.02627922671
1.02404497966
1.02017649418
1.01590553079
1.01313373253
1.01307835157
1.01559125005
1.0192937463
1.02271361615
1.02468732118
1.02467748648
1.02240120816
1.01849081692
1.01460501896
1.01271662854
1.01356581865
1.01635748541
1.01948246204
1.02166024042
1.02218002279
1.02091247602
1.01872686627
1.01696956814
1.01663273405
1.01778872469
1.01980573161
1.02185296376
1.02337305225
1.0241785275
1.02453608247
1.02537634409
1.02745235739
1.03077794562
1.03468042419
1.03838714965
1.04118744699
1.04255319149
1.04213473192
1.03997613365
1.03704331897
1.035200052
1.03565547815
1.03798031121
1.04093719492
1.04346656806
1.04498857103
1.04525702173
1.04416628143
1.04216036501
1.03959287888
1.03689448317
1.03417677643
1.03121504474
1.02767540751
1.02338866135
1.0183143541
1.01282983209
1.00751472235
1.00310414957
0.999788962752
0.997110631484
0.994620483809
0.992092520988
0.989961742305
0.989026160218
0.990015333595
0.993229446534
0.997847996844
1.00211242392
1.00428143285
1.00333972856
0.999610812341
0.994642416552
0.990617752477
0.989686381814
0.992767615771
0.998765954446
1.00564851327
1.0112891087
1.01432540685
1.01463837785
1.0132183908
1.0121692373
1.01353924997
1.01789352166
1.02419409112
1.03050698414
1.03539275651
1.03787480274
1.03785522788
1.0354363485
1.0312658503
1.02645313505
1.02195079393
1.01839801029
1.01539858118
1.0124827563
1.00922019597
1.00546145869
1.00126315789
0.996639666089
0.991381129951
0.985157699443
0.977475394676
0.968502690725
0.959113406499
0.950239059597
0.942265261093
0.935140006837
0.928564673245
0.922301700842
0.916473538843
0.911766551616
0.909298380879
0.909655235371
0.912366588622
0.916227136732
0.920085983436
0.923224381051
0.92544063851
0.926662397627
0.927416638599
0.928569057656
0.930858498846
0.934391025641
0.938512364884
0.942510411244
0.945954929203
0.948529661737
0.950133509034
0.950707198649
0.95043783458
0.949749813691
0.949117157921
0.948851811351
0.948965565855
0.949456445009
0.950296945701
0.951634540705
0.953666327354
0.956499042979
0.959882616951
0.963442707439
0.966783336765
0.96955640312
0.971375426268
0.971952944423
0.971349862259
0.970022585723
0.969084060135
0.969244258591
0.970795297605
0.973479466883
0.976915470386
0.980689797604
0.984626062815
0.988527791338
0.992496160826
0.996618323804
1.00101027696
1.00558016252
1.01007063431
1.01427168806
1.01775812452
1.02036175349
1.0220787336
1.02335967022
1.02463003912
1.02641101079
1.02869682647
1.03131234572
1.0339448608
1.03619125293
1.03797253196
1.03925563706
1.04023202958
1.04116050221
1.04200938074
1.04254377001
1.04252559727
1.04165100625
1.03991524845
1.0376862102
1.03542485895
1.03358260154
1.03223023569
1.03105978922
1.02956442449
1.02734209411
1.02446993643
1.02130616026
1.01876895629
1.0174931277
1.01785331715
1.01953292387
1.02177871398
1.0235835593
1.02445545613
1.02427028761
1.02372373444
1.02367160123
1.02491843247
1.02782465085
1.0319633067
1.03619474696
1.03897291593
1.03924831842
1.03696225059
1.03303456237
1.02871381111
1.02536601975
1.02395332876
1.02526038963
1.02882976874
1.03311442371
1.03572662567
1.03504552482
1.0309076548
1.02475025061
1.01818754153
1.01311359206
1.01120137423
1.01352657005
1.01935756849
1.02567006418
1.02908374516
1.02829412732
1.02435808695
1.01902373788
1.01381686681
1.01020870353
1.00932425725
1.0121279336
1.01857265079
1.02722208598
1.03531579486
1.04007177033
1.04015514488
1.03609444552
1.02982152029
1.0237006237
1.01985996181
1.01930379747
1.0215800101
1.02505225819
1.02795698925
1.02895315629
1.02746528833
1.02365359158
1.0185218357
1.01353823637
1.01021805931
1.00954290594
1.01133921293
1.01427462002
1.01652219012
1.01670083877
1.01407072987
1.00922831536
1.00328821595
0.997815757204
0.99403852033
0.992671906443
0.993444846293
0.995399117229
0.997098430176
0.997555012225
0.996420796281
0.994200132149
0.99194958473
0.990735734112
0.991630756081
0.995037482842
1.0006971313
1.00723909806
1.01289586503
1.01648561413
1.01787466704
1.01788317275
1.01752864216
1.01775343674
1.01909281124
1.02146134304
1.02453893639
1.02737507711
1.02915766739
1.02984442391
1.03005548705
1.03077935654
1.03287778212
1.03682652457
1.04274254699
1.05021930707
1.05837297428
1.06602376856
1.07213734446
1.07656961928
1.07972033286
1.082698257
1.08596617352
1.08965728274
1.09319830831
1.0957300546
1.09645552614
1.0952474857
1.09279279279
1.09022614924
1.08853862619
1.08821797338
1.08905750799
1.09064924459
1.09203606311
1.0922926912
1.09082006302
1.08757551434
1.08312887262
1.07841211377
1.07417471003
1.07061068702
1.06743556066
1.06423741548
1.06050562991
1.05617783905
1.05131983876
1.04629549581
1.04173622705
1.03820148749
1.03604243234
1.03506299735
1.0350101269
1.03553845517
1.03634479901
1.0372441793
1.03822813029
1.03937428149
1.04054772123
1.0416530412
1.04243322221
1.04268903355
1.04229543039
1.04126213592
1.03955947137
1.03723475244
1.03443513899
1.0315249591
1.02883024127
1.02679487179
1.02567874254
1.02539444653
1.02570608544
1.02644130198
1.0274446884
1.02860919246
1.02974680824
1.0304835924
1.03032656055
1.02912787954
1.02688309475
1.0240217299
1.02112825745
1.01840201994
1.01603492242
1.01403094676
1.01250276121
1.01162221134
1.01196642258
1.01396238161
1.01812183857
1.02465231142
1.03309027334
1.04261136584
1.05179448747
1.05906178963
1.06306787814
1.06335546267
1.0605154259
1.05586638144
1.05098609093
1.04714159329
1.04533344792
1.04606509006
1.04902670892
1.05335876442
1.05710478728
1.05859054243
1.05705530425
1.05320081847
1.04900623539
1.04628365197
1.04646949368
1.04988416227
1.05587840858
1.06254996003
1.06732405646
1.06824762856
1.06480103205
1.05781911229
1.04867580354
1.03915210763
1.03061666586
1.02435977514
1.02108506234
1.02058310732
1.02192424391
1.02348560079
1.02414629218
1.02328689662
1.02065404475
1.01639516553
1.01114599686
1.00605718392
1.0023868722
1.00086592582
1.00108418969
1.00230827209
1.00382958353
1.00525411245
1.00631472594
1.00684789375
1.00655876441
1.00488659903
1.00166562565
0.997516638522
0.993771658706
0.991575928664
0.990750165966
0.990725733838
0.99081542263
0.990329008116
0.988781079442
0.986063442538
0.982594520692
0.979510974402
0.978071293794
0.978900638468
0.981536334913
0.984964271536
0.988043587933
0.990059744541
0.990254636907
0.988716055892
0.986169102296
0.984176091698
0.984776264591
0.989185661679
0.997236567908
1.00743142819
1.01779913063
1.02624758494
1.03108252947
1.0316011236
1.02809046255
1.02194681126
1.01503720546
1.00917100314
1.00555927318
1.00450054317
1.00533696107
1.00663904823
1.00667635815
1.00406658353
0.998216216216
0.989974937343
0.981044386423
0.973451779241
0.968812675491
0.967656995231
0.969323323224
0.972358783987
0.975284784378
0.976732188
0.976554749099
0.975109193285
0.973555027712
0.97309700902
0.974855339295
0.979246370735
0.98559348575
0.99256563556
0.998600891284
1.00284458236
1.0054280397
1.00718829188
1.00915627748
1.01220395077
1.01698502839
1.02333830258
1.03000509424
1.03465222406
1.03500417301
1.03003075149
1.02073961835
1.00939743105
0.998139312977
0.988790330442
0.982384823848
0.979553710431
0.980253273235
0.983494341706
0.987463458511
0.989886434262
0.98912495095
0.984896924264
0.978386556438
0.971615025467
0.966065359477
0.96288254756
0.9620836105
0.962775642322
0.963669889365
0.963388967745
0.961209793567
0.957367451962
0.952868565016
0.949200112265
0.947547651705
0.948632614672
0.952199703411
0.957517996553
0.963064649814
0.967577509196
0.970069679054
0.97004040086
0.967851974364
0.964764845846
0.962138084633
0.961348445219
0.962647911419
0.965169012109
0.967628884995
0.968643179436
0.967238267148
0.963213246811
0.956829094789
0.949028804035
0.941389195149
0.935618729097
0.932694421242
0.932420533592
0.933312668822
0.933506470246
0.931735492087
0.927642238785
0.921305453518
0.913521261347
0.90537084399
0.898493144048
0.894525776683
0.894746923335
0.899058255643
0.906245607459
0.914493632505
0.922418630752
0.929073331761
0.934202358783
0.937902639864
0.940734557596
0.94347761416
0.947009991549
0.951882225077
0.957670925583
0.963602269449
0.968779790276
0.972716432149
0.97570733118
0.978218210361
0.980857887352
0.984439780928
0.989110045852
0.994780132869
1.00042379615
1.00491985399
1.0072131838
1.00691787642
1.00444630434
1.00073348352
0.997053717052
0.994290547684
0.99283971571
0.992677879769
0.992911928061
0.992640100936
0.990982538441
0.987512899897
0.982140123488
0.975440012103
0.968121139669
0.961551698707
0.956732634847
0.95442795596
0.954747704251
0.957050890466
0.960144417874
0.963210387655
0.965484543903
0.96651497006
0.966079550953
0.964252666439
0.961167883212
0.957334103824
0.953161150196
0.948945769266
0.944830991606
0.940951291415
0.937193028209
0.933927566959
0.931452835911
0.930144498607
0.930363699948
0.932181141982
0.935211390256
0.938372093023
0.940652063169
0.941132107093
0.939652304109
0.936503973703
0.932335555276
0.928219921941
0.925260942399
0.924557752341
0.927173061864
0.933443105988
0.942891442291
0.954341760379
0.966407945251
0.977763975155
0.987659944511
0.995659794675
1.00160717307
1.00575700292
1.00827994945
1.00954685438
1.00979094999
1.00939420544
1.00839203409
1.00692920164
1.00521992127
1.00330033003
1.00138462204
0.999605176574
0.997998843776
0.996542899475
0.994997521294
0.993161470284
0.990831022453
0.988023420866
0.984746582267
0.981085203748
0.977156701566
0.973121747731
0.969256424509
0.965956363019
0.963579080025
0.96236113414
0.962079110821
0.962453066333
0.963081733275
0.963643643644
0.964027040077
0.96431474557
0.964668094218
0.965294289409
0.966390442939
0.967788057191
0.968993215965
0.969226991857
0.96800933564
0.965352449223
0.961458913372
0.956828193833
0.951925415484
0.94728835163
0.943304985826
0.940392884242
0.938767716201
0.938524242167
0.939508985067
0.941247501666
0.943203208119
0.944955602877
0.946152324431
0.946749735512
0.946809341561
0.946421587798
0.945754069425
0.944871996231
0.943874755382
0.942811662849
0.94176098216
0.940889309366
0.940442385294
0.94071277895
0.942056212473
0.944557083349
0.948201118974
0.952654553595
0.957425259762
0.961617906636
0.964781616078
0.966617045032
0.967276904832
0.967215546655
0.966911902005
0.966913710958
0.967510273052
0.968975609756
0.971303039899
0.974429771909
0.977957769181
0.981718907988
0.985255994815
0.988406032106
0.991189248447
0.993644326747
0.995943287986
0.998347994879
1.00074990626
1.0031500693
1.00515463918
1.00661157025
1.00707897079
1.00651272943
1.00492590098
1.00238453815
0.999377334994
0.996212589025
0.993340687176
0.991470695748
0.991018690833
0.99209039548
0.994198460981
0.99645575738
0.997779303105
0.997642468092
0.995603221565
0.991793718237
0.986479063675
0.980023099628
0.972912353347
0.965760235182
0.959286328461
0.954441430751
0.951733852591
0.951358104296
0.952986421788
0.955813236767
0.959063206715
0.962150238012
0.964756140975
0.966741298596
0.968020815847
0.968636755824
0.968759638687
0.968599464764
0.968541936637
0.968902276956
0.970233691631
0.972811079485
0.976740336065
0.981882153112
0.987774282187
0.993937712973
0.999721182188
1.00468081672
1.00850137583
1.01118605723
1.01279472806
1.01378555799
1.01460835275
1.0156063527
1.01723975949
1.01976113962
1.02343292326
1.02835651012
1.03459637562
1.04175219024
1.04942643392
1.0568097614
1.06335040234
1.06884424531
1.07330943847
1.07707717257
1.0804960973
1.08377999903
1.08706261285
1.09031271579
1.09330548095
1.09597043991
1.09826013261
1.10039126343
1.10285237371
1.10609458801
1.11029948868
1.11544117647
1.12110967485
1.1268062668
1.13197469405
1.13609122249
1.13820698605
1.13773833005
1.13400473282
1.12692244541
1.11698052123
1.10547763959
1.09394788747
1.08374661281
1.07574912539
1.07006175964
1.0668360864
1.06539663031
1.0650129199
1.06490459806
1.06391016896
1.06152955419
1.05726756416
1.05124313007
1.04416731619
1.03668212262
1.02963114335
1.02373104812
1.01929471033
1.0162227118
1.01407820117
1.01214814815
1.00969875092
1.00607090821
1.00101126842
0.994554053408
0.987053020962
0.979212821117
0.971707408624
0.965422047539
0.961168224299
0.95926841786
0.959721254355
0.961796925343
0.964604982529
0.96722043587
0.969309462916
0.971169036335
0.973402143708
0.976379009529
0.980553273076
0.985993743872
0.992514184904
0.999515362993
1.00625794466
1.0116722016
1.0147151059
1.01452145215
1.01082735621
1.00414498633
0.99564902103
0.986647254576
0.978487560555
0.972213101297
0.968421926221
0.967564595932
0.969656306813
0.974410147241
0.981138063931
0.989017581099
0.996919917864
1.00370179467
1.00855020324
1.01088466883
1.01070448307
1.00834837545
1.00476912106
1.00079452659
0.997282608696
0.994944211994
0.993846687178
0.993718809155
0.994244052187
0.994936708861
0.995492675598
0.995703899537
0.995657339506
0.995679289121
0.996253156309
0.99791530412
1.00123578843
1.0063272697
1.01259000379
1.01907681826
1.02465470505
1.02850686598
1.03045061647
1.03065473554
1.02955775164
1.02748070935
1.02486225582
1.0220679509
1.01932636469
1.01695631752
1.01528239203
1.01411483254
1.01321670592
1.01187557094
1.00958864704
1.00625119298
1.00180316978
0.996887086124
0.991987630025
0.987531984182
0.983970065136
0.981454278369
0.980179933324
0.980131848147
0.981053583541
0.982379842181
0.983322273833
0.982982418059
0.980907933814
0.977272727273
0.972817733193
0.968578909783
0.965661543275
0.965109517348
0.967475278121
0.973088968797
0.981667767118
0.992296562781
1.00366603595
1.01395404309
1.02165283291
1.02555393822
1.02525664005
1.02093232836
1.01334537839
1.00385419656
0.993924319034
0.98504748434
0.978659633138
0.975596272311
0.976295544187
0.980410375532
0.987241259685
0.995792642915
1.00513558729
1.01467629305
1.02369953806
1.03198591146
1.03923612559
1.0451623816
1.04969288517
1.05275307798
1.05446808511
1.05497602423
1.05434199116
1.0524534687
1.04910015649
1.04415111516
1.03751335815
1.02941917828
1.02047260857
1.01118205228
1.00215631518
0.994011549155
0.987148942315
0.981968114349
0.978621177697
0.977154960475
0.977314530963
0.97861644948
0.980360954784
0.981761858664
0.982138741646
0.981034024959
0.978368887062
0.974483417898
0.970021723389
0.965938303342
0.963029597488
0.962119094213
0.96339896517
0.966859438307
0.972002772003
0.977997914494
0.984146384049
0.989684572471
0.994083465399
0.996966276281
0.998238195913
0.998070310855
0.996692430889
0.994696239151
0.992660550459
0.991128816283
0.990564792821
0.991201485971
0.992986198649
0.995649371576
0.998707885131
1.00172357724
1.00413562215
1.00553419936
1.00557689097
1.00405563935
1.00103720557
0.996713692946
0.99158232616
0.986215337048
0.981195390655
0.976997503121
0.973759940589
0.971397683398
0.969654658848
0.96822266053
0.966705699908
0.964742360312
0.961996395933
0.958270228466
0.953406396206
0.947641330467
0.941402259712
0.935448874424
0.930494127296
0.927010427082
0.925098997388
0.924570408391
0.924999300367
0.92601918126
0.927330173776
0.92866108176
0.929886895245
0.930840562369
0.931540195342
0.931897921852
0.931921466124
0.93175906713
0.931540202229
0.931523022432
0.931806813761
0.932464356188
0.93343836156
0.934650848821
0.936123866714
0.938010427026
0.940511307768
0.943741822939
0.94788856121
0.952881387834
0.958385209163
0.963936636333
0.968841752052
0.972584742051
0.974885258987
0.975823189544
0.975587980917
0.974494949495
0.972857630591
0.970939328968
0.969016746906
0.967431509939
0.966466114895
0.966463697339
0.967669594468
0.970206121174
0.973891640963
0.97836516141
0.982911489492
0.986949776412
0.989901738473
0.991527467889
0.991884879932
0.991194359549
0.989754347562
0.988074123907
0.986700326335
0.986132654961
0.986954481464
0.989618503676
0.994338602462
1.00099190478
1.00908099089
1.01772038325
1.02582720296
1.03251008065
1.03696232388
1.03881215891
1.0381208857
1.03515682413
1.03046802595
1.02479078299
1.01883781242
1.01329272458
1.00866986083
1.00532432587
1.00342111316
1.00282885431
1.00341781318
1.00487819042
1.00677404349
1.00883746621
1.01059629565
1.01170539491
1.01197674082
1.01142675307
1.01028836401
1.00892675409
1.00782116384
1.00737337976
1.0078141005
1.00919171287
1.01113366193
1.01324217965
1.01499786962
1.01583113456
1.0154840858
1.01386829242
1.01102070805
1.00707209761
1.00233137712
0.997098362838
0.991744284505
0.986733001658
0.982436824997
0.979297365119
0.977629277715
0.977605512489
0.979184078562
0.982225475076
0.98640309591
0.991350475593
0.996635104468
1.00195073738
1.00694534429
1.01122986369
1.01464004528
1.01684080815
1.01777971624
1.01756864357
1.01653105366
1.01508264463
1.01384969841
1.01326081326
1.01367101693
1.01511684706
1.01747359829
1.02029058749
1.02297412283
1.0249714541
1.02590315332
1.02562016077
1.02414909657
1.02184502212
1.01917444742
1.01680036325
1.0152181093
1.01484984026
1.01584570343
1.01807492974
1.02109759254
1.0242627555
1.02685388558
1.02830089427
1.02833205592
1.02706567797
1.02491479299
1.02255441909
1.02067893237
1.01988462324
1.02052815397
1.02262701363
1.0260805501
1.03039506233
1.03505966294
1.03938202806
1.04284414337
1.04486024605
1.045077354
1.04328235575
1.03964957128
1.03466080602
1.02922103289
1.02435370004
1.02093258621
1.0192488376
1.01907091626
1.01996348721
1.02147885638
1.02323596821
1.02495139339
1.02657934303
1.02808347176
1.02950053804
1.03099206141
1.03273220056
1.03463480914
1.03657585591
1.03825001239
1.03940995698
1.03999212463
1.04012406948
1.03994569999
1.03964161732
1.03930459115
1.03892733564
1.03848181339
1.0379247812
1.03726320713
1.03659128657
1.03596544103
1.03540525128
1.03480467018
1.0340313492
1.03289846852
1.03129716223
1.02922279279
1.02682296841
1.02436966448
1.02232231241
1.02126820613
1.02166126975
1.02375076359
1.02739659249
1.03214729305
1.0372852443
1.04210706178
1.04581030181
1.04786634658
1.04795275783
1.04603042606
1.04241538836
1.03773812977
1.03297966613
1.02911632315
1.02709855724
1.02742899504
1.03008882055
1.03461643711
1.04024845286
1.04620228616
1.05187127642
1.05683062656
1.06095337327
1.0642907058
1.06698025381
1.0692575118
1.07144288075
1.0736599308
1.07593141037
1.07799750055
1.07936507937
1.07967479675
1.0788756031
1.07714199072
1.07480389377
1.07215673012
1.06936028608
1.06642123025
1.06332370701
1.05980342269
1.0556877806
1.05089044792
1.04556105874
1.04000417798
1.03470088097
1.02987298301
1.02566997892
1.02210777541
1.01917822083
1.01685335788
1.01516916466
1.01413131657
1.01378238069
1.01411311596
1.0152429426
1.0172158604
1.02006826289
1.02380831385
1.02827997172
1.03321414182
1.038158524
1.04257408293
1.04592119169
1.04767999197
1.0475156597
1.04536005939
1.04154011953
1.03682245709
1.03209520375
1.02809418972
1.02528405693
1.02371408684
1.0231592166
1.02315625608
1.02325979972
1.0230659519
1.02242461538
1.02138105408
1.02024735931
1.01963629329
1.0200426235
1.02179998102
1.0247451322
1.02836580163
1.03192087747
1.03466861231
1.0360822295
1.03580439745
1.03380322911
1.03028800872
1.0255822737
1.02025871967
1.01500064325
1.01049077224
1.0071531125
1.00494522215
1.00342817106
1.00202679322
1.00039219531
0.998190885977
0.99548410848
0.992361679439
0.989112903226
0.986273904997
0.984371722257
0.984099504608
0.985816173316
0.989246737999
0.993429870437
0.997321934387
1.00010108668
1.00154895446
1.00177145709
1.00118319362
0.999974389182
0.998350310299
0.996461505469
0.994333579699
0.992077391377
0.989771899344
0.987635282902
0.985857346091
0.984660962981
0.984171117106
0.984371990645
0.985182928518
0.98630867211
0.987512117238
0.988515389956
0.989088256747
0.989151039692
0.988791957941
0.988179467508
0.987430673616
0.98677074774
0.986349601863
0.986303960236
0.986711595424
0.987704918033
0.989343301903
0.991705693167
0.994874554001
0.998818797986
1.00337277452
1.00816414804
1.0128167706
1.01693573916
1.02026450512
1.02265894058
1.02410454712
1.02457511005
1.02425222312
1.02323739912
1.0218156228
1.02028317618
1.01897927108
1.01803589921
1.01732991014
1.01644269638
1.01497143785
1.0126609733
1.00941259924
1.0053004504
1.00052409456
0.995357833656
0.990244037255
0.985617082481
0.981925201988
0.979339305711
0.977841375988
0.977073170732
0.976536959352
0.97568731751
0.974211052406
0.972083414757
0.969699435764
0.967735973597
0.966791199668
0.967381463566
0.969727099087
0.973782671442
0.979300714618
0.985796963682
0.992409437222
0.998209871281
1.00237603598
1.00455286381
1.00505575373
1.00460083497
1.00398302128
1.00378094524
1.00443686007
1.00603429009
1.00851423372
1.01125386242
1.0130693953
1.012467071
1.00855374555
1.00188392757
0.993809854268
0.985752824144
0.978676066919
0.973204428132
0.96976202159
0.968602043359
0.969576308094
0.972060393473
0.974708573115
0.976571640556
0.97703881866
0.976539999441
0.975661015024
0.975097231091
0.975345867329
0.976780185759
0.979320705806
0.9826
0.985830125317
0.988259542383
0.989590474014
0.990168682045
0.990570706676
0.991521750907
0.993839023287
0.998299668729
1.00546070989
1.01501582994
1.02569222974
1.03548944394
1.04313896142
1.04852437919
1.05241536478
1.0556159364
1.05891267896
1.06254375729
1.06619900565
1.06848662264
1.06762742117
1.06250977693
1.05449462998
1.04610407876
1.03919620183
1.03428413182
1.03123943662
1.02959672301
1.02890789123
1.02858786833
1.02801950256
1.02673595893
1.0245727512
1.02193560838
1.01950134154
1.01781670441
1.01724021592
1.01757766285
1.01841921194
1.01917128496
1.01937411446
1.01895314853
1.01822211987
1.01725870832
1.01588460303
1.01360932524
1.00952972218
1.0026859372
0.992406713378
0.979138780974
0.965238324506
0.95446032836
0.949185072353
0.949676404766
0.954509202454
0.962113532691
0.971299143603
0.981077902311
0.990189031841
0.996916073133
0.999085220828
0.995624488634
0.988055830461
0.979249564274
0.971660702196
0.966171111613
0.962862200079
0.961436304341
0.961724304549
0.963509289502
0.966387144311
0.969549580408
0.971934326983
0.973111638955
0.973410045094
0.973481044439
0.973882291869
0.975120139055
0.977725716345
0.98214353558
0.988544793806
0.996069150856
1.0024941605
1.00561797753
1.0048008209
1.00085082246
0.995153248021
0.988876878552
0.983028720627
0.97854246654
0.976746724891
0.978703230982
0.984242945137
0.991119983479
0.996171340685
0.997962701771
0.997178692999
0.995386886456
0.994052676296
0.99432559353
0.996906550634
1.00191197819
1.00827323645
1.01408029879
1.01683160894
1.01543312929
1.01060341058
1.00432946901
0.998411521762
0.994004207574
0.991404413571
0.990030756178
0.98899247042
0.987132151343
0.983702762307
0.978657605376
0.973226393894
0.969400434918
0.969263157895
0.973519034355
0.980694290515
0.988208444275
0.994080827323
0.997739726027
0.999401155418
0.99996322583
1.00042477603
1.00181818182
1.00487987988
1.00942681592
1.01416945512
1.01745339151
1.01866293156
1.01840894149
1.01812102254
1.01911218492
1.02242218077
1.02838671323
1.03661455606
1.04488529314
1.05028730504
1.05075865823
1.04720736004
1.04213393143
1.03779946186
1.03579711606
1.03691132796
1.04131707499
1.04826352429
1.05531881313
1.05904769237
1.0579441292
1.05409852926
1.05120111639
1.05142092946
1.05546904737
1.06308300969
1.07284843869
1.08173095906
1.08506979163
1.07790218032
1.05976320241
1.03547212904
1.01150965437
0.992029575363
0.978237065426
0.970047770145
0.96682229768
0.967264004515
0.969689655172
0.972211075441
0.973947895792
0.97515836954
0.976256022023
0.977517462165
0.978758043259
0.979487811896
0.978784256809
0.976339685382
0.973605010574
0.97332727135
0.976886910957
0.983480137253
0.991634514838
1.00011211181
1.00756370971
1.01258964143
1.01362507013
1.01007250637
1.00366204551
0.997670478611
0.994631099105
0.994625974457
0.996317745121
0.99803712249
0.998496563574
0.996717887513
0.992728960396
0.987792310741
0.984689605678
0.986580341377
0.993275075988
1.00044094951
1.00327727158
0.999820266724
0.99049457353
0.976876675603
0.961072234331
0.945591068129
0.933725711521
0.929165471752
0.934033167225
0.945233667049
0.95443358938
0.955028845486
0.94714089212
0.935146245059
0.923710758819
0.916851581817
0.917875495999
0.929283436818
0.9511572557
0.979029777716
1.00347161951
1.01575872843
1.01433168563
1.0042295082
0.991956751055
0.982267833109
0.977305800014
0.977241058987
0.980391438206
0.984050085712
0.985829198617
0.985110724813
0.982973374471
0.981411346421
0.982344576981
0.986772701453
0.994578589599
1.00400801603
1.01220511494
1.0157378741
1.01306112097
1.00501706625
0.994860353002
0.986193827829
0.98138076894
0.981147510505
0.985045969797
0.991945911996
1.00040898275
1.00908272031
1.01685031618
1.02301955711
1.027434738
1.03029960003
1.03216516438
1.03350832123
1.03480182813
1.03641510156
1.03858189741
1.04156843281
1.04541146058
1.04962658536
1.05318491033
1.05476272352
1.05338268559
1.04898841092
1.04182768811
1.03253507051
1.02195754631
1.01117521135
1.00130090702
0.99333117047
0.987499549696
0.983462121759
0.98019550129
0.976367839712
0.970545737468
0.962124025251
0.952730206462
0.945962312542
0.94499725501
0.949790794979
0.957930068107
0.966547580383
0.973332459704
0.976708591203
0.975955025738
0.971816427784
0.966581337448
0.963306697244
0.964719341625
0.971674971253
0.983045425464
0.99580233573
1.00518994342
1.00623118986
0.997541386658
0.983319724717
0.970680899959
0.964327062229
0.965055519268
0.970923772131
0.978210618061
0.981695200245
0.976677915261
0.962720240653
0.945676915237
0.932767860078
0.927276905903
0.928787573129
0.935299449209
0.944392253216
0.953231953232
0.958985389008
0.960242759022
0.958684684049
0.957924992208
0.960652090792
0.967455095145
0.97724018942
0.988212626091
0.997733558697
1.00334383888
1.00399573788
1.00136275883
0.99915592388
1.00071411569
1.00703962897
1.01687109963
1.02704726664
1.0337822919
1.03401035098
1.02727350209
1.01620663459
1.00497893527
0.997526363755
0.996164866652
1.00087873462
1.00926083988
1.01754171754
1.02280155642
1.0242479698
1.02231832574
1.01784353823
1.01175038818
1.00524490681
1.00060571972
1.0006594403
1.0064068542
1.01551500718
1.02462787551
1.03138565424
1.03450900787
1.03306451613
1.02640873334
1.0151954577
1.00209982232
0.991559027914
0.987070458306
0.989086530993
0.995311236863
1.00238775423
1.00694753719
1.00673568103
1.00177367861
0.994635786964
0.988294245698
0.98418972332
0.981910093583
0.980369010143
0.978584176086
0.976367984245
0.975105270464
0.976969643797
0.982810590631
0.990727614085
0.997756170531
1.00136131594
0.999883413648
0.993087557604
0.982805970149
0.973232028054
0.969003356084
0.971935769004
0.980162973342
0.989860774818
0.996940816567
0.998069730969
0.991848477583
0.981175302608
0.972194424589
0.968848942907
0.970297701891
0.973662784523
0.97618957346
0.976077533328
0.972239196857
0.965029255681
0.95766548945
0.95458496306
0.957022414148
0.96191383004
0.965790307254
0.966956239344
0.965536128081
0.962676456449
0.960545805467
0.961446110633
0.966047032475
0.971671388102
0.974289694769
0.972016460905
0.965929831677
0.958562641632
0.952521163047
0.950205381843
0.952775115448
0.96022337163
0.970732883317
0.98067657097
0.985384109644
0.983493077742
0.980160479676
0.982494270134
0.99183018455
1.00475818479
1.01758456909
1.02735088253
1.03175751729
1.02910821854
1.01963752757
1.006780393
0.997184519057
0.995668717617
1.00213354405
1.01299888695
1.0247107438
1.03419216082
1.03922393642
1.03834131093
1.0325327296
1.02584883944
1.0217532167
1.0207147735
1.02164742966
1.02278924815
1.02239850677
1.01855883313
1.01040468759
0.999790499136
0.989719352953
0.981423015328
0.973847182
0.965760869565
0.955948813092
0.944480896381
0.933946969301
0.930153846154
0.934995462578
0.943220038945
0.949863574352
0.953630683042
0.954948467528
0.955130335692
0.956098765432
0.960033676704
0.967365412101
0.975628434994
0.982556875027
0.987568939858
0.991701623199
0.99673108355
1.00522856289
1.01847665848
1.03409142909
1.04745027728
1.05700750099
1.06425975478
1.07090485272
1.07774994307
1.08371559633
1.08568047337
1.08172506265
1.0742356331
1.06739380023
1.06323517802
1.06198930481
1.0631998126
1.06588023593
1.06824358329
1.06862977915
1.06760316067
1.06720088188
1.06882661996
1.07302307983
1.07967260671
1.08750139868
1.09279425394
1.08967651195
1.07613500442
1.0584459788
1.04242804108
1.02939553549
1.01793059804
1.00643765215
0.994672714806
0.984350699844
0.977799227799
0.97486937049
0.973684210526
0.972259628333
0.96973452171
0.966546957249
0.96442687747
0.965796748348
0.971789926896
0.981227532952
0.991023174865
0.998028751382
1.00009952229
0.997304178523
0.991771751302
0.986610720852
0.98455075846
0.987143682589
0.995056642636
1.00815760266
1.02363069101
1.03519668737
1.03811444416
1.03491116356
1.03059627738
1.02761050346
1.0261732852
1.0254175078
1.02414594019
1.02134931643
1.01670679573
1.01126353791
1.00685062757
1.00411805079
1.00304769645
1.00321260169
1.00438887471
1.00678280388
1.01029528757
1.014571949
1.01871814975
1.02135099338
1.0200754976
1.0119510009
0.995573131862
0.975211174295
0.958310031013
0.948860315605
0.94645520533
0.949148947452
0.956060260215
0.966966966967
0.981272276929
0.996533394962
1.01022118869
1.02212274218
1.03432458083
1.04862953139
1.06518699755
1.08186497124
1.09377113694
1.09552895187
1.08539730135
1.06784260516
1.05016683252
1.0387221119
1.03683659218
1.04463563922
1.05862464183
1.07312037621
1.08352708672
1.08836463038
1.08904525052
1.08769033205
1.0858714044
1.0836497459
1.07983333333
1.07348984437
1.06473611889
1.05483724908
1.04474500432
1.0352498825
1.02639709469
1.01868473045
1.01267294501
1.00938803894
1.00860357379
1.00823128906
1.00636012438
1.00214210838
0.99585950221
0.988223651658
0.980283953924
0.974404693431
0.973715579926
0.979764209045
0.988846964821
0.995577783627
0.997346928159
0.994958433896
0.990939276268
0.987894028891
0.987608205858
0.989882948062
0.992891271414
0.99474771319
0.994520379264
0.993436870492
0.99430523918
0.999147205458
1.00613158379
1.01113267869
1.01211649622
1.00909247856
1.00341997264
0.997904697533
0.997731944149
1.00670955247
1.02099572542
1.031618768
1.03454801038
1.03114984538
1.02443942079
1.01826967631
1.01720920589
1.02417477058
1.03619820645
1.04582039419
1.04841110608
1.04419506789
1.03658170915
1.03055247744
1.03158564723
1.04107616521
1.05315778357
1.05946381778
1.057125432
1.04831261101
1.03729831144
1.02851770605
1.02540937324
1.02988410596
1.04068522484
1.05312974373
1.06087116677
1.0611626412
1.05665024631
1.05223696136
1.05022582152
1.04935638663
1.04770755886
1.0434712736
1.03655718765
1.02940935529
1.02497251453
1.02398510242
1.02416853041
1.02282774114
1.01847834219
1.01153607928
1.00516310725
1.00411240576
1.00996821728
1.01858864028
1.02420718101
1.02330349211
1.01594041487
1.00574028701
0.998065897631
0.997224854474
1.00343295638
1.01280110117
1.02008464242
1.02108389013
1.01590368609
1.00985503106
1.00866062437
1.01367499521
1.02183929811
1.02861202609
1.03032534476
1.02569725211
1.01702564103
1.00943459351
1.00733944954
1.01197879165
1.02064679941
1.02849119923
1.03085486531
1.02656988746
1.01943708191
1.01411935075
1.01271793647
1.01422004291
1.01644081947
1.01722977521
1.01558803062
1.01231771202
1.00983326208
1.01050825649
1.01452386063
1.0192553645
1.0218285794
1.02083333333
1.01727731092
1.01329696556
1.01045965561
1.00976929436
1.01055759756
1.01130032175
1.01070940301
1.00887143688
1.00696072164
1.00573970441
1.00525809079
1.00471734003
1.00335161487
1.000892326
0.998189455388
0.996166642558
0.995502248876
0.997287161893
1.00202839757
1.00928528836
1.01569435637
1.01804268464
1.01727681439
1.01527937604
1.01308436691
1.01056390418
1.00712398943
1.00248838752
0.997529033852
0.993790797644
0.992216399507
0.992663354987
0.99377286526
0.994522754732
0.994134405899
0.992917103882
0.991838606144
0.992864718928
0.99827286694
1.00865058921
1.02018618324
1.02697725808
1.02652543115
1.02137972821
1.01435025246
1.00797214332
1.00355106999
1.00139301634
1.00009100837
0.998284114513
0.99528650647
0.991524598149
0.988223523772
0.987664993184
0.992984788913
1.00588175181
1.02255387209
1.03543366959
1.0401614143
1.03751152074
1.02903939796
1.01734841398
1.00539329572
0.996067603748
0.991547577553
0.991808559595
0.995272095716
0.998910567495
0.999104210212
0.993449131514
0.983039010276
0.973671132567
0.973558658354
0.985781843714
1.00425979651
1.01917163126
1.02357936393
1.01400977576
0.99043217839
0.959392429368
0.936906362254
0.935653396071
0.949027724297
0.962818634632
0.968725747247
0.964487462111
0.950988396546
0.933647547734
0.923352322895
0.927314887071
0.939619582838
0.950638239308
0.956120420335
0.956887362312
0.958252087396
0.970301318594
0.988921032553
0.993391348934
0.986021963522
0.975921555406
0.96752854512
0.963665358578
0.967660689099
0.983382441756
1.00957145965
1.02813309424
1.02492355303
1.01475189235
1.01138368067
1.01815688521
