1.58722485973
1.5927544493
1.60144472362
1.60390315174
1.59527363184
1.57955938854
1.56757897275
1.56847174956
1.58344993004
1.60561434868
1.62358065981
1.62841066589
1.6217896619
1.61425105048
1.61396868095
1.62042688706
1.62676843242
1.6254036394
1.61450136199
1.60209902319
1.59939213066
1.61092088338
1.63237296444
1.65283806803
1.65826858031
1.64125735346
1.61311661627
1.59177707577
1.58320236944
1.58295440948
1.58474010202
1.58431323493
1.58113777749
1.57972208757
1.58670833399
1.60097490954
1.61309268013
1.61577197683
1.60735318863
1.59041055179
1.57107090019
1.55658980326
1.55172176214
1.55410283148
1.55730670204
1.55695799069
1.55397748735
1.55157577043
1.55252043765
1.55589788732
1.55817367776
1.55585636761
1.54923972941
1.54372796815
1.54550292709
1.55692571085
1.57282079047
1.5847435161
1.58817493068
1.58417242693
1.57851140587
1.57809948841
1.58757056049
1.60428375636
1.6200231566
1.62701063775
1.62420187267
1.61640825296
1.60951125532
1.60742258103
1.61015278462
1.61420050029
1.61518201486
1.61279242481
1.60941263665
1.6076479345
1.60787974979
1.60818985575
1.60582667034
1.59998198523
1.59333098095
1.58971239899
1.59088166853
1.59500943234
1.59761702128
1.59466263847
1.58593171534
1.5763149403
1.5714854957
1.57444099626
1.58317981578
1.59307779395
1.59756097561
1.59168348809
1.57704452163
1.56250477865
1.55586903259
1.55821917808
1.56515765114
1.57091224519
1.57156295224
1.56715555234
1.56114384251
1.55734549861
1.55803255485
1.56181754139
1.56593831237
1.56806722689
1.56879264726
1.57054960249
1.57631198844
1.586147603
1.59741248097
1.6065665386
1.60993307503
1.60589812332
1.59571788413
1.5834654899
1.57299319728
1.56560535388
1.56055574382
1.55689973344
1.55435307093
1.5532679287
1.55366456217
1.55464462362
1.55494542289
1.55385230605
1.55157880653
1.54959151982
1.54913176711
1.55048126152
1.55249219068
1.55290240129
1.55022358673
1.545412141
1.54101431821
1.53902521008
1.54059685442
1.54389707353
1.54582484725
1.54352043456
1.53676141808
1.52748367463
1.5186329529
1.51242099994
1.50946313706
1.50900543379
1.50913269626
1.50881110441
1.50815200921
1.50844357739
1.51098230628
1.51599830642
1.52230019029
1.52750846864
1.53019358567
1.53081499451
1.53126996109
1.53329837441
1.53831873296
1.54643306996
1.55574932493
1.5630728212
1.56600632595
1.56458741259
1.55936214571
1.55101582669
1.54064750179
1.53131463117
1.52720498163
1.53021909467
1.53815040447
1.54671525458
1.55263157895
1.55350931042
1.54897918133
1.54088295488
1.53389790637
1.53248964565
1.53727565578
1.54502568893
1.55139389342
1.55308724194
1.54962907315
1.54388297872
1.5400171148
1.53997562187
1.54166090285
1.54177131214
1.53733726952
1.5284969041
1.51873157055
1.51419213974
1.51830695758
1.52866122526
1.53978545888
1.54682853103
1.54789062111
1.54344967122
1.53655930392
1.53200222977
1.53344380838
1.53953140578
1.54548618016
1.54688973837
1.54348041156
1.53835569315
1.53560961313
1.53684261927
1.54019482436
1.54230021437
1.54055968827
1.53419394498
1.5250128667
1.51664964249
1.51340938657
1.51674150722
1.52285824049
1.52655291411
1.52625465808
1.52346322048
1.52102640757
1.52161931961
1.5263340952
1.53297050391
1.53709128709
1.53640148011
1.53297813706
1.53057828318
1.53180923826
1.5374359461
1.54571046856
1.55255540265
1.55349227826
1.54715776998
1.53804906385
1.53250143812
1.53389643126
1.54148568389
1.55139897291
1.55891397944
1.56078533351
1.55742392557
1.55243635137
1.54965696118
1.55055571744
1.55372276655
1.55583663144
1.55366194372
1.54650036797
1.53734478749
1.53070031084
1.52861831428
1.52988319856
1.53101040279
1.52853535354
1.5211786372
1.51064060411
1.50043443632
1.49365662147
1.49090975467
1.49058948215
1.48994435757
1.48747210022
1.48415386261
1.48217529114
1.48287189113
1.48515291937
1.48597916028
1.48169648146
1.46958833481
1.45052682572
1.43084241824
1.42014515572
1.42332661742
1.43631666359
1.45030154121
1.45812134558
1.4565588395
1.44664748315
1.43267475998
1.42095080155
1.41635484877
1.41962878992
1.42666666667
1.43222662199
1.43370356185
1.43231862783
1.43169611582
1.43526149279
1.44369413326
1.45398987933
1.46144278607
1.46271622253
1.4579721514
1.45021182247
1.44361052337
1.44136136136
1.44394422311
1.44905749479
1.45253495488
1.45197999007
1.44859848485
1.4459193707
1.44715909091
1.45350202659
1.46288061501
1.47074170704
1.47265912098
1.4678479358
1.45945848375
1.45244373803
1.45076800464
1.4557236985
1.46507788386
1.47376216674
1.47676544658
1.47318280445
1.46592250363
1.45946588747
1.45674418605
1.45842336377
1.46274591879
1.4662492259
1.46628609805
1.46287535318
1.45853324195
1.45531942978
1.45388374052
1.4533943502
1.45250792987
1.45029831478
1.44742752496
1.44568739129
1.44692320732
1.45130900775
1.45753652865
1.46330762154
1.46642487791
1.46559069902
1.46130064349
1.45591168091
1.45170303823
1.44966561693
1.4489127727
1.44810814677
1.44689207041
1.44640520564
1.44846135038
1.45381651567
1.46104983945
1.46743716099
1.46992698619
1.46604972274
1.45480392881
1.43819403857
1.42258373886
1.41584395996
1.42056761269
1.43204108681
1.44300336745
1.44836983951
1.44648276792
1.4400933956
1.43522675516
1.43787448754
1.44922849487
1.46473320702
1.47761560916
1.48284960422
1.47775175644
1.46312492247
1.44406820655
1.42964510606
1.42658453648
1.43341886875
1.44285518564
1.4480675653
1.44536029179
1.43355183868
1.41388220618
1.39120988814
1.37411111426
1.37005573291
1.37730607966
1.38699827757
1.39215582069
1.3909622425
1.38455494444
1.37554647541
1.36647996553
1.35961659154
1.35552112676
1.35309055393
1.35068814383
1.34773894879
1.34459575935
1.3421691682
1.34105930822
1.34103014253
1.3407646137
1.33870826651
1.33474089394
1.33028750356
1.32746208349
1.32752104449
1.33009092221
1.33351721735
1.33532011397
1.33384530675
1.32918646508
1.32352268177
1.31973601866
1.32010881886
1.32502824859
1.33283619889
1.34054644197
1.34528149612
1.34614106045
1.34424369864
1.34193154712
1.34085150224
1.34117154812
1.34162267296
1.34010542499
1.33518951927
1.32766582704
1.32042425332
1.31654420177
1.31731407279
1.32164196477
1.32715221337
1.3310197544
1.33075721672
1.32546129431
1.31645468787
1.30748642258
1.30239361026
1.30213386282
1.30451940479
1.30617628408
1.30454229968
1.29822916667
1.28728397976
1.27362353616
1.26110672138
1.25461055523
1.25588290663
1.26147786861
1.2659746409
1.26634427173
1.26227581506
1.25499939983
1.24645023016
1.23915537654
1.23567601487
1.23699709075
1.24158687366
1.24648017784
1.24955394873
1.25036141095
1.24939196903
1.24732249612
1.24476858056
1.24199553239
1.23914192915
1.23620346968
1.23322884013
1.23033558987
1.22736482363
1.2239515888
1.21949731886
1.21338847247
1.20527705865
1.19558525612
1.185778668
1.17780237738
1.17333368515
1.17273786202
1.17524594523
1.17880088507
1.18083861012
1.17947567125
1.17448385665
1.1672773248
1.15970748421
1.15276330835
1.14652663545
1.14050901379
1.13413865281
1.12721043881
1.12044648918
1.11526018809
1.11275786101
1.11292704292
1.11459846701
1.11606851754
1.11583176397
1.11295388868
1.10762658625
1.10113262513
1.09538870899
1.09176960932
1.09053673736
1.09059592658
1.09046792889
1.08871534753
1.08466601597
1.07875485219
1.07220644524
1.06650499706
1.06214895324
1.05841849677
1.05402677305
1.04763728635
1.03886022738
1.0283919958
1.01801133781
1.0099820036
1.00570561895
1.00501688374
1.00646297055
1.00811617937
1.00856819659
1.00742669753
1.00526060606
1.0032282521
1.00234863655
1.00269865067
1.00325059846
1.00260957689
0.999872909359
0.994954642748
0.989034863511
0.983707086776
0.980451747495
0.979532314681
0.979887576711
0.979436229205
0.976304647248
0.969835999087
0.960747663551
0.95077949314
0.941693918422
0.93481745325
0.93043146239
0.92761842072
0.924731182796
0.920230020643
0.913878831764
0.906603481533
0.899855583702
0.8949428341
0.892454362993
0.892306950505
0.893670210184
0.895157567364
0.895599216994
0.89458805491
0.892715105618
0.890852713178
0.889362521976
0.887908704364
0.885617916222
0.881486676017
0.875137623861
0.867790594499
0.862284368843
0.860949521486
0.863714431602
0.868622508519
0.873507560113
0.876649524549
0.876973798369
0.873890010091
0.867620478094
0.859487986197
0.851818590031
0.846875531682
0.845206809196
0.845258290149
0.844546815617
0.841278601817
0.83523695482
0.828001106399
0.822216077971
0.820226272495
0.8225496773
0.827818441176
0.833531906782
0.837363389648
0.837632891621
0.833930704898
0.82707388637
0.819256802675
0.813321623624
0.811417257878
0.813591912977
0.817776922442
0.821442398097
0.822772775572
0.82138500383
0.818173968108
0.814729674678
0.812620621089
0.812604035861
0.81406830855
0.815437887751
0.815024418271
0.811868686869
0.806128902432
0.799014380818
0.792100331555
0.786965762868
0.784713121759
0.785360081145
0.787925222188
0.790666187726
0.791976840364
0.791309652552
0.789257823473
0.786849174144
0.784873069877
0.783575478384
0.782655502392
0.781600169138
0.779849724698
0.777251619211
0.774378292294
0.772025180408
0.770723430511
0.77020774462
0.769750633585
0.768389191916
0.765395242481
0.760711889318
0.755120356422
0.750424013568
0.7489353588
0.752146698959
0.759504312358
0.768512217754
0.776295060699
0.780630756349
0.780673792112
0.777108433735
0.771922575724
0.767833774856
0.766923298086
0.769584664537
0.774104683196
0.777924845041
0.778806820041
0.775467359792
0.768062773871
0.758061734782
0.748325292423
0.742168341795
0.741560786184
0.745702509801
0.751821915993
0.756994510219
0.759628863227
0.759665692736
0.757969303424
0.755954068614
0.754968553459
0.7560922777
0.75923397528
0.763334636296
0.766704098821
0.768193039185
0.767644918748
0.766047561187
0.764863828155
0.765444623242
0.768322091357
0.772863203283
0.777340105732
0.78000551192
0.780165403647
0.778327196213
0.775625648921
0.7733406674
0.772585786612
0.773791368004
0.776672173345
0.780089665479
0.782229965157
0.78175313059
0.778672550101
0.774208889702
0.769906301672
0.766818975445
0.765469738031
0.765532206487
0.766123778502
0.766247700797
0.765196209036
0.76306869539
0.760813584624
0.759535593346
0.759842961301
0.76169601693
0.764381463041
0.76679734503
0.767859946616
0.766649539544
0.763072541729
0.75810699265
0.753600124209
0.751431844215
0.752730138477
0.757110142572
0.762905752486
0.76802880288
0.770826649556
0.770834070562
0.768834650113
0.7661025333
0.76373919539
0.762372320529
0.761876961249
0.761577853644
0.760501662134
0.757653747167
0.752793676751
0.746738447029
0.741131389745
0.737580223437
0.73677526886
0.738228632733
0.740714228903
0.742394719052
0.741762604208
0.738117833136
0.732088819021
0.725351014041
0.719781919418
0.716703683848
0.716477272727
0.718634168258
0.722055611093
0.725537693606
0.728033625731
0.7291582689
0.729306321988
0.729117170117
0.729345938646
0.730377045293
0.732139255315
0.734234602189
0.73620182887
0.737808307223
0.738991255465
0.740231191965
0.74171790572
0.743215498899
0.744210766077
0.743952710586
0.741549744898
0.736229761614
0.727171767029
0.714747656666
0.701441427092
0.692051350021
0.69060635295
0.696486060689
0.705723176837
0.714349406681
0.719875798313
0.721081987532
0.717723467357
0.710489028453
0.701655756642
0.694803461817
0.692983439871
0.696796212705
0.704018068559
0.711426371934
0.71636173939
0.717556671231
0.7146400062
0.708392101551
0.700957966764
0.695276497696
0.694298783889
0.699043387912
0.707719054242
0.717069823297
0.724097507154
0.727323824914
0.726987560844
0.724463710126
0.722017826664
0.72181089002
0.725313205198
0.732534540629
0.741856104992
0.750772842888
0.756958641296
0.758889680843
0.756703910615
0.75176508344
0.746690203001
0.744191607221
0.746194091499
0.753047246837
0.762893273406
0.772934483668
0.780364182467
0.783607423054
0.782792827165
0.779228831622
0.774762711197
0.771116078557
0.769150263656
0.768693757314
0.768299062412
0.76616159597
0.76096961041
0.752789936512
0.743348551637
0.734780892223
0.729018407347
0.727203464592
0.729344268918
0.734729493892
0.741851686488
0.748799289664
0.753476511137
0.754773712367
0.753189382688
0.750650509256
0.749177691689
0.749927325581
0.752603690846
0.756083086053
0.759172225591
0.760790108095
0.760463258786
0.758328558566
0.755295196798
0.752894614964
0.752536521703
0.754686260594
0.758642000742
0.762842639594
0.765655675308
0.766157136068
0.764270032931
0.760865343535
0.757522123894
0.756199763819
0.758464670839
0.764936666293
0.774438045699
0.784570813059
0.792586780256
0.79656658852
0.795741082411
0.790578376473
0.78254803476
0.773485797406
0.76540399935
0.759774953453
0.757181615065
0.757011897796
0.757719624748
0.757564548347
0.755759701978
0.752757025969
0.749559952123
0.747330462486
0.746812895114
0.748325191905
0.751428969748
0.755120492402
0.757966195622
0.758602872791
0.756494619234
0.752310219728
0.747547754259
0.74378031334
0.742014742015
0.742563429571
0.74507683127
0.748840215986
0.752813752698
0.755895128762
0.757470196625
0.757873336146
0.758220942567
0.760001498352
0.764141113427
0.770552147239
0.778424785368
0.786377476224
0.792925654927
0.796406727829
0.795617070358
0.790119656804
0.781195011858
0.771590694155
0.764505884551
0.761966508595
0.764052843874
0.769124767225
0.775126291186
0.779972439136
0.781930616055
0.779982641629
0.774277168495
0.766023197014
0.757518494693
0.751274946794
0.74878801234
0.749859966392
0.752861602497
0.755534167469
0.755912162162
0.753045091554
0.747191465287
0.73978085958
0.732687260246
0.727773976738
0.726151875425
0.727818174594
0.732091521285
0.737375706765
0.74206624971
0.744920993228
0.745772373171
0.745236922844
0.744851909439
0.74607050206
0.74994220544
0.756475269153
0.76493598862
0.773724377672
0.780836250956
0.784557757371
0.783885421667
0.779369401365
0.772767805218
0.766481213322
0.762318513503
0.761234171305
0.763088174932
0.766912507956
0.771373715318
0.774926186691
0.776360253636
0.775131773539
0.771834596102
0.768066661684
0.765626158523
0.765581704659
0.767914042238
0.771495833489
0.774614337568
0.775528943643
0.772928965544
0.766277451284
0.75649300753
0.745608721987
0.736643061066
0.732045100243
0.733115197212
0.739512332232
0.749746175122
0.761794195251
0.773293472845
0.782261272011
0.787143277435
0.787367477975
0.783733826248
0.778346605992
0.774144544453
0.773556924481
0.777438209115
0.784837962963
0.793488044457
0.801090243514
0.805914000243
0.807430213465
0.805982550893
0.802824574637
0.799199663016
0.796489303346
0.795507228052
0.79638731359
0.798444425859
0.800299488374
0.800264604953
0.796986616307
0.790059075168
0.780599247907
0.770377813505
0.761355443403
0.754963971177
0.751885732627
0.751984846653
0.754651209923
0.758688123854
0.762489795918
0.764839811351
0.765070422535
0.76387235056
0.762399529504
0.761641273429
0.761746799875
0.762322489281
0.762465677106
0.761231314719
0.757884442996
0.751931295201
0.743304032025
0.732538962645
0.720773105114
0.709698293295
0.700939041859
0.695837571395
0.694675925926
0.696727272727
0.700573833206
0.704501731435
0.707033829184
0.707467252334
0.705856798705
0.703206650831
0.700829383886
0.69981554884
0.700665706388
0.70308696828
0.706404736276
0.70958819914
0.711702332755
0.712122388755
0.711009353841
0.709491925955
0.709618803081
0.713484034145
0.722075151132
0.734795692113
0.749631576851
0.764142592742
0.776056108302
0.783841981034
0.786643100619
0.78455684296
0.778626285417
0.770759154249
0.763521621261
0.75940287802
0.76012995217
0.765833975609
0.775058009919
0.785205804509
0.793109758887
0.796294597817
0.793667570424
0.785737304912
0.774267927139
0.76163434903
0.750265527592
0.741953333948
0.73757007628
0.737176556643
0.739978183801
0.744361581921
0.748425692695
0.750403081333
0.749486927813
0.746240099671
0.742367601246
0.739596835471
0.739112794157
0.740970448741
0.744437263411
0.748390107326
0.751269274163
0.751896706093
0.749284272774
0.743249512851
0.734881602914
0.726455803194
0.720744218397
0.720075239398
0.725080796054
0.734627415692
0.746288857841
0.75736677116
0.765345121334
0.768143350196
0.764811056345
0.755443311102
0.741531482669
0.725484424822
0.710401777091
0.698907000848
0.692828084289
0.692658923663
0.697455393788
0.705220235314
0.713261043838
0.718932408426
0.72061336067
0.718381332408
0.713660090242
0.708644658787
0.705455897388
0.70534052403
0.708406733216
0.713871532117
0.720308848928
0.725818032619
0.728543529654
0.727105572297
0.721363476159
0.712622700143
0.703567984571
0.697061324766
0.695297571888
0.699067847702
0.70799590431
0.720696142992
0.735195797517
0.749319727891
0.760660111666
0.76733590347
0.768194885762
0.763560219991
0.75534584881
0.746375728591
0.738897965246
0.73434103932
0.732887568103
0.733888667199
0.736202812358
0.738544749464
0.739408968795
0.737655287608
0.732535558705
0.724356622464
0.714701449878
0.705505433668
0.698656429942
0.694957563655
0.693995037221
0.694751998411
0.69612348886
0.697087476654
0.696732627704
0.694548092869
0.690391272422
0.68466991113
0.678489884777
0.673559196225
0.671585160202
0.673559977022
0.679472595657
0.688137330259
0.69773004886
0.706263936752
0.712327381253
0.715174506829
0.714784810127
0.7122794565
0.708923045706
0.706257917406
0.705686294314
0.707931726908
0.712962501867
0.720234864558
0.728365502077
0.735658314792
0.740232413562
0.740822874398
0.737311767987
0.730829134219
0.723443804688
0.716984543071
0.712740821519
0.711117246457
0.7119651718
0.714653569215
0.718372690685
0.722044885331
0.724548825711
0.724707161568
0.721783876501
0.715704232141
0.707131089668
0.697382869693
0.687933487462
0.679774305556
0.673261826418
0.668211188573
0.664076177463
0.660255024854
0.656461687341
0.652468581688
0.648422113315
0.644535621037
0.641318722841
0.639309984318
0.638890206308
0.640110792921
0.64271539988
0.646189981481
0.649635681166
0.652363856568
0.653936120444
0.654122390693
0.653229500687
0.651813814809
0.650563142044
0.65000822639
0.650483844514
0.652124183007
0.654590550541
0.657230669686
0.659201479635
0.659629762904
0.657806780201
0.653634164717
0.647752920214
0.641424153517
0.636207926708
0.63344309694
0.633846278777
0.637586377098
0.644206312805
0.653000845309
0.662812111868
0.672554465758
0.680920329066
0.686814167187
0.689178193653
0.687765835811
0.682879556991
0.67582749176
0.668390162102
0.662094704922
0.657881233382
0.655926995065
0.655632823366
0.656072958408
0.656294265479
0.655275562001
0.652146521465
0.646529735535
0.63840021378
0.628333480996
0.617653523232
0.6081022342
0.601464479938
0.599082993312
0.601229525106
0.60732348776
0.616050510265
0.625663440525
0.634560688754
0.641195004365
0.644630897735
0.644662448047
0.641942968341
0.637582632212
0.633080999243
0.629750105239
0.628591369082
0.629976028608
0.633977570985
0.640149235768
0.647869724697
0.656272690601
0.664359583115
0.671153306894
0.675993463271
0.678775607432
0.679763698359
0.679569208759
0.678974317945
0.678574315041
0.678718966011
0.679577901924
0.681187870687
0.683406113537
0.685908747164
0.688229633039
0.68977678201
0.689943447258
0.68825617035
0.684851841595
0.680165705215
0.675134398425
0.670498368437
0.666788241301
0.664008084016
0.661791656186
0.659867616375
0.658011788956
0.656081376695
0.6539212436
0.651434960865
0.648439563757
0.644807699652
0.640655737705
0.636257809165
0.632026397516
0.628371859684
0.62542902906
0.623081829438
0.62093596966
0.618729459352
0.616287314756
0.613637949076
0.611032677938
0.608634764491
0.606766840437
0.60566076434
0.605603225473
0.606859054789
0.609395404652
0.612914746955
0.616801874887
0.620420747189
0.623028849648
0.624266144814
0.624037146354
0.622563517799
0.620360588774
0.618003341688
0.616069272432
0.614919631818
0.614985214222
0.616385725659
0.619117595605
0.622979869578
0.627404536319
0.631859369337
0.635615140807
0.638292452144
0.639547900191
0.639501335708
0.638314256712
0.636404278001
0.634215789295
0.632198204861
0.630822446855
0.630450200952
0.631162362253
0.63295246643
0.635333100802
0.637796657773
0.639570013349
0.640182839597
0.639257476796
0.636980776986
0.633754943295
0.630320162622
0.627349420011
0.625523588223
0.625358297249
0.627075390481
0.630735091886
0.635972049392
0.642335528461
0.649158965494
0.655873316001
0.662038616361
0.667328767123
0.671502201591
0.674323548289
0.675392496009
0.674501587717
0.671666450693
0.667389966642
0.662476265305
0.657671781187
0.653509220438
0.650067809577
0.647108663419
0.644055122316
0.640533599658
0.636350732763
0.631658309079
0.627036335457
0.623278677486
0.620978607341
0.620271487391
0.620934733636
0.622711317712
0.625278502769
0.628419354839
0.631906869979
0.635481935742
0.638815656054
0.64154166809
0.64323077982
0.643604350078
0.642403753277
0.639579612584
0.635365146502
0.630146262189
0.624516172461
0.619151507015
0.614767039538
0.611701230821
0.610148221009
0.610025952739
0.611143594153
0.613167013167
0.615693532616
0.61827975918
0.620425260019
0.621549134602
0.621256247079
0.619059628896
0.614953271028
0.609233952974
0.602544224399
0.595682007208
0.589484774334
0.584573883505
0.581271449583
0.57966254508
0.579497974675
0.580342668235
0.581660613012
0.583049977545
0.584078248478
0.584604806496
0.584759508756
0.58475171376
0.584876387062
0.585369993211
0.586411339785
0.587950327511
0.589901813719
0.591843681917
0.593511969532
0.594444822194
0.594305928773
0.592820687309
0.589850786853
0.585427816544
0.579872096937
0.57371527662
0.567557767742
0.562176587366
0.558015487934
0.555421457156
0.554353636678
0.554612937434
0.55576899244
0.557356339547
0.558785648574
0.559657963048
0.559634703196
0.558580456976
0.55653125095
0.553816166169
0.55079248516
0.547929176289
0.545682917752
0.544338974583
0.544024861098
0.544613059631
0.545803810424
0.547293688939
0.548749218261
0.549908296807
0.550690603467
0.551011622901
0.550929048875
0.550539414
0.549917111807
0.549235078647
0.548651817116
0.548392074563
0.548714791442
0.549666442255
0.551336103612
0.55354463053
0.556126540918
0.558747274763
0.561213116677
0.563207602511
0.564628254978
0.565381304361
0.565548460593
0.565316202539
0.564875210534
0.564441833864
0.564260782847
0.564364822891
0.564819490028
0.565472602088
0.566207424416
0.566839610556
0.567260471834
0.567264214476
0.566782625347
0.565751170738
0.564274990617
0.562557895387
0.56080668782
0.559265644376
0.558184393743
0.557826008101
0.558396387601
0.560006190992
0.562752016129
0.56648177242
0.570852309694
0.575236908548
0.578845713163
0.580941298164
0.581165238833
0.579587064217
0.576863027683
0.573578100981
0.570275207732
0.567110503477
0.564211163213
0.561668008173
0.559549492386
0.55793058709
0.556837282885
0.556126849333
0.555621575229
0.555147297912
0.554727319062
0.554580104974
0.554921672629
0.555804599466
0.557158267838
0.558786897497
0.560648177396
0.562780844781
0.565097043116
0.567474275946
0.569726099552
0.571339909845
0.571966527197
0.571546130717
0.570509416872
0.56946081777
0.56890294966
0.569273917108
0.570796043335
0.57346557242
0.577261246283
0.581797680412
0.586525075274
0.59057313278
0.593081150986
0.593386464426
0.591514726508
0.588051307974
0.583957386809
0.580262666501
0.577684184448
0.576693934249
0.577342450564
0.579363127805
0.582245510817
0.585211160238
0.587318401937
0.58762732175
0.58556133917
0.580984581305
0.57443203033
0.566785775055
0.559195725534
0.552762268174
0.548276153694
0.546312667541
0.547223994895
0.551042160114
0.557629477251
0.566542154169
0.576767391509
0.586895218783
0.595218466612
0.600238851001
0.601323970675
0.599105812221
0.595025414298
0.590420097362
0.586240398336
0.583034055728
0.581041600508
0.580440816327
0.581183967801
0.583018997325
0.585457453837
0.587761225273
0.589217078154
0.589656113537
0.58933064922
0.588940397351
0.589191145028
0.590378097338
0.592851464158
0.596736909109
0.6020931734
0.609139506812
0.617628563443
0.626910884114
0.635805518312
0.642538701864
0.64573632636
0.64518343114
0.64160791757
0.636324027215
0.630588469581
0.625312623404
0.621098341387
0.618160614208
0.616538696309
0.616058068829
0.616223714493
0.616511068786
0.616339545539
0.61531836358
0.613437136026
0.611010692074
0.608519394367
0.606609479141
0.605723863919
0.606276346604
0.608369670923
0.611795774648
0.616085167855
0.620530132533
0.624368158278
0.627214393172
0.628897939335
0.629613992762
0.62962072489
0.62917218942
0.628258095875
0.626809585412
0.624694299868
0.621626806497
0.617336634308
0.611713379164
0.604833072596
0.597297387031
0.590085952365
0.584291372814
0.580581054225
0.579175570628
0.579738941705
0.581574071262
0.584047662472
0.586453963685
0.588217054264
0.588980247614
0.588574171867
0.587368421053
0.5860386442
0.585515031876
0.586249840337
0.588178051231
0.590719386651
0.593154378869
0.595042588394
0.596143744399
0.596629953874
0.596691094115
0.596758381805
0.597261551787
0.598680649526
0.601332422275
0.60523427317
0.610115478189
0.615187713311
0.619515345138
0.622107620275
0.622554856268
0.620849182687
0.617600221561
0.613754763819
0.610182611449
0.607736167816
0.606834318492
0.607461448033
0.609502370476
0.612571621166
0.616211329851
0.620036857095
0.623682788436
0.626782965623
0.628972448449
0.629747388281
0.62862224082
0.62519744523
0.619640710565
0.612568993899
0.605080758978
0.598173374613
0.592592592593
0.588777863182
0.586985435925
0.587407741086
0.590090738874
0.594907579244
0.601253871138
0.607787597251
0.612641635192
0.614172947101
0.612340687954
0.608423562134
0.604303451862
0.601185847589
0.59977154047
0.600178418027
0.602283380206
0.605588484335
0.609420364108
0.612726087106
0.614488069862
0.614186494292
0.611966458176
0.608732964883
0.605660312789
0.603738953093
0.603615712894
0.605492142266
0.608960176991
0.613199370847
0.617219685115
0.620268620269
0.621852033317
0.622010688043
0.621038251366
0.619494233708
0.617965330065
0.616958041958
0.616634898631
0.616865072558
0.617106342264
0.61690257258
0.616100920655
0.61460592914
0.612479964215
0.6098989435
0.607077510025
0.604624863516
0.603394766083
0.604651162791
0.608881963381
0.615374065693
0.622827011396
0.62994496937
0.636093722053
0.640955175103
0.644219331568
0.645533931159
0.644482812745
0.640867588704
0.634958471451
0.627717293665
0.62039898848
0.614107011458
0.60959050192
0.607220688653
0.607269766065
0.609646014398
0.61391727853
0.618966070855
0.623297879547
0.625857976778
0.626367513443
0.625306522805
0.623130483654
0.620411991075
0.617636161541
0.615470617008
0.614666428188
0.615810077937
0.618752873766
0.622303523971
0.62519919981
0.626809015421
0.627206896552
0.626774559909
0.62588028169
0.624631547124
0.62306003774
0.621245336718
0.619711466587
0.619441095113
0.621054393305
0.62432536623
0.628469255356
0.63285208911
0.637097299056
0.641126873662
0.644986730087
0.648793280646
0.652421549066
0.655446349394
0.656988521269
0.656310679612
0.652999651878
0.647153513938
0.639156459349
0.629422939919
0.618475768528
0.607537556663
0.598209508863
0.591991562904
0.589277466183
0.589519507725
0.591792799656
0.595124932102
0.598956874825
0.602747133896
0.605882136416
0.607724178751
0.607702135426
0.605773680276
0.602331245651
0.598147316028
0.593832228187
0.589624523853
0.585815656661
0.58265334554
0.580341596883
0.579170553812
0.578858493752
0.578884934757
0.578630608098
0.577978895189
0.577346135452
0.577027923083
0.577509196006
0.579071384425
0.582099649793
0.586877919967
0.593056346044
0.599238608875
0.603500645455
0.604728132388
0.603439087647
0.600763304323
0.597784218056
0.595293756946
0.594088511255
0.59447392806
0.596449344561
0.598959926583
0.600343053173
0.599594840417
0.596946079211
0.593523927425
0.590592201027
0.58879765622
0.588449776523
0.58975795159
0.592582060448
0.596452688959
0.600422832981
0.603441667944
0.605052754554
0.605523582257
0.605541579074
0.605571339478
0.605887568718
0.606515279357
0.607272035028
0.607876374818
0.607682645164
0.606336519446
0.603667370338
0.600197677292
0.59683665566
0.594378805597
0.593292829163
0.593465559044
0.594470228887
0.59583267059
0.597098661537
0.598098951986
0.598750620553
0.599013033025
0.599007359233
0.598757231626
0.598137535817
0.597289487607
0.596524043333
0.595998648699
0.595929803864
0.596240294238
0.596902790555
0.597717317044
0.598406171845
0.598548918366
0.597596906362
0.594889663182
0.590492684928
0.585317807739
0.580967931006
0.578501338091
0.578352375225
0.580504540868
0.584742284964
0.590513109083
0.59693002635
0.602464571781
0.605880266425
0.607074819768
0.607160705362
0.607567908149
0.609146578882
0.612364703724
0.617001581363
0.622612370966
0.627688399661
0.629726597708
0.626303228238
0.617920607908
0.607974041474
0.599884464021
0.595062891942
0.593314138279
0.594031949381
0.596028380362
0.59791342392
0.597750424448
0.594188418467
0.587625164559
0.58027976281
0.574536101415
0.571558564461
0.571491696432
0.573830931869
0.577976030938
0.582936934172
0.587674330946
0.591302752294
0.593625929402
0.594924743692
0.595490019511
0.595299952763
0.593908418516
0.590435048217
0.583816587997
0.573480712432
0.561188661471
0.550726382535
0.544729105418
0.542938895373
0.543930812797
0.546516676534
0.550046887104
0.554205295248
0.558616918353
0.562875492024
0.566610724846
0.569715485965
0.572328434081
0.57470680077
0.576893509536
0.57891774242
0.580638900749
0.582116568119
0.58337136456
0.58464142162
0.586177655289
0.587897213777
0.589268410853
0.589689265537
0.589044813149
0.587671607932
0.586089259913
0.584897025172
0.584474094611
0.585151460512
0.586579683131
0.587780465822
0.586917647059
0.58273381295
0.57597278333
0.56940509915
0.565265486726
0.564721763912
0.567895632445
0.574416078218
0.583443628926
0.593446551795
0.602023254838
0.6067523579
0.606653381593
0.603059138094
0.598627721558
0.595340515436
0.593834296724
0.593700600696
0.593950989172
0.593524127846
0.591575636503
0.588051391863
0.583605010295
0.579144109307
0.575525564495
0.573101210314
0.571837282074
0.571298155925
0.570731707317
0.569544814641
0.567353258575
0.563788300836
0.559129008746
0.553796905566
0.548165137615
0.542843909217
0.538300578509
0.534919170444
0.532983715153
0.532672339761
0.534169718694
0.537352042016
0.541937529729
0.547355325468
0.552784974093
0.557236121812
0.560062969242
0.561203610832
0.560911059427
0.559662775616
0.557727423639
0.555155258192
0.552074550699
0.548712817247
0.546124616582
0.545409384456
0.547333245394
0.551289177748
0.555923396052
0.559545529939
0.560845686914
0.559579728059
0.556386344029
0.552649887457
0.550057114883
0.550132625995
0.553630803333
0.560682837681
0.570080862534
0.578782092086
0.582509985285
0.57854812398
0.56859375
0.557503848609
0.549004509955
0.544585173559
0.543994387623
0.546003244181
0.548761161146
0.549826279217
0.547467212129
0.541282540714
0.532783845044
0.524132127078
0.517423259836
0.513994571263
0.51424021838
0.517219300252
0.520459955981
0.521206082398
0.518667000752
0.514064611227
0.509543943188
0.506938059015
0.507681802663
0.512689043044
0.521404582749
0.531628974107
0.540350739535
0.546087089498
0.549200751332
0.55075712881
0.551365250398
0.55144973545
0.551184176282
0.550904977376
0.551474038995
0.553727570345
0.557894308281
0.563710833504
0.570731091376
0.578535519126
0.586400725295
0.592958530476
0.596188705554
0.594597065411
0.588764950947
0.581487588573
0.575440503692
0.572242724343
0.572159969088
0.574456494825
0.577907790779
0.580747812251
0.58177352002
0.581085043988
0.579983228925
0.580204091892
0.582975679542
0.588280411106
0.594904394834
0.601118449597
0.605740602903
0.608813403718
0.611274578488
0.614209988815
0.618387524208
0.623960416886
0.629837441007
0.633893919793
0.634860630352
0.633443750262
0.631583208517
0.630743145445
0.631636586648
0.634331505694
0.638565555501
0.643202524558
0.646553466748
0.647517278565
0.646399083663
0.644704079678
0.643760581615
0.644013116141
0.644485520641
0.643257615167
0.638116000229
0.629214723249
0.61913071066
0.610750454427
0.605578741613
0.603650802404
0.60407974038
0.605321507761
0.605049540408
0.601951662317
0.597414154104
0.594369490039
0.594269827058
0.597014925373
0.601227897839
0.605133418043
0.606624295975
0.604436040272
0.599643687831
0.594998562805
0.592673229837
0.593184545236
0.595916147533
0.599654962452
0.603381740632
0.6065084414
0.609485693256
0.613434339011
0.619186552865
0.627104033392
0.637161240008
0.649406402374
0.662807359431
0.674268086136
0.677864646958
0.670465895071
0.657078054987
0.646002656042
0.641621564258
0.644508987286
0.654264815988
0.669556781665
0.687153303076
0.700670712233
0.70343875502
0.694796571291
0.680728834213
0.668232497595
0.661268556005
0.661593503322
0.669340774329
0.683881064163
0.703743315508
0.726515502082
0.74851004851
0.76466800229
0.768252607515
0.755270829096
0.731320431161
0.709177008491
0.69623655914
0.691642651297
0.691619242181
0.692677983278
0.692266751823
0.68867191834
0.681547787661
0.672606667041
0.665688830943
0.663599500936
0.666464707664
0.672272312836
0.678785646638
0.683969124063
0.685859188544
0.68287816436
0.675838295205
0.668692270297
0.665208770702
0.666305154404
0.671045778112
0.67817135937
0.685534591195
0.690043580288
0.68841652092
0.681103377159
0.672298316539
0.6658277085
0.662666892006
0.662295462458
0.663716266403
0.665735480853
0.667419922562
0.669794496691
0.675381122283
0.68520738432
0.697996651464
0.712770321749
0.728551162647
0.743896035705
0.755365101131
0.75943654267
0.757141931722
0.754909047103
0.758318940702
0.76907049427
0.787224990884
0.811800676555
0.83733661808
0.85062605753
0.841403162055
0.818330249265
0.796293521155
0.780928853755
0.771307405875
0.764673372389
0.757813407691
0.748014607849
0.735878689412
0.725221674877
0.718497028684
0.715372106371
0.714792351974
0.716388671219
0.720171981369
0.72536916001
0.729647140221
0.730439442658
0.728010755468
0.723885350318
0.71901812603
0.713599704488
0.707599263739
0.701133144476
0.695456031383
0.692017292821
0.691184954425
0.691691342972
0.692156622069
0.691585101491
0.689112043469
0.684296955183
0.678694597011
0.67533067637
0.675319033397
0.677724597018
0.681228828408
0.685463268739
0.691298701299
0.700468933177
0.714348758038
0.731660114908
0.74929846558
0.763820638821
0.773318732285
0.777006739174
0.77596359743
0.773001753133
0.771320238687
0.77294452175
0.777832120805
0.784403962927
0.789945414111
0.790697674419
0.784394523461
0.774152771926
0.765879828326
0.762495001999
0.76362727954
0.768445963713
0.7764831701
0.787911238027
0.801730441141
0.814926452857
0.823463818299
0.825182524047
0.820629123468
0.8119022964
0.802184769039
0.796331986323
0.798360359274
0.80847328691
0.82332155477
0.839154754506
0.853732756289
0.865295288653
0.87178283658
0.870805104774
0.862737756477
0.852546730596
0.844505092192
0.839417541483
0.835445772721
0.83080495356
0.824602851324
0.818179585823
0.815965732087
0.820479491623
0.829561868079
0.839204309988
0.847172255001
0.85279226177
0.856068322495
0.857619047619
0.858443903588
0.859606100084
0.860780348985
0.860795034727
0.858454532099
0.853758408891
0.848081952921
0.844486197427
0.846220677672
0.854210950671
0.865805391681
0.87718232883
0.884920634921
0.887085817798
0.883190256072
0.875607865248
0.86875042284
0.865938692277
0.86779771615
0.872016352367
0.876520681265
0.87978715956
0.88153386309
0.882388374369
0.884266948513
0.888760390314
0.895243185462
0.901617000186
0.906403351287
0.908985613265
0.909102671929
0.905630064264
0.897797685704
0.88572965496
0.872851459881
0.863935005298
0.860990152073
0.86219269103
0.864829486738
0.867378824213
0.869436875568
0.87200306396
0.876209921355
0.882646598614
0.890786009778
0.898596188534
0.902790428086
0.899284862932
0.888072030398
0.874952373695
0.865736521068
0.861321776815
0.859706703911
0.858295017713
0.854766002787
0.848400962861
0.842277377159
0.842289808674
0.850078978092
0.862153398187
0.87469645459
0.885258358663
0.891295362487
0.890751246347
0.884447430299
0.878369856535
0.878098395238
0.884969325153
0.897129186603
0.912404149752
0.928050896472
0.941026894866
0.949082740547
0.953626220363
0.958793045804
0.967247979583
0.979070816419
0.992780825874
1.00623719508
1.01687903359
1.02246133576
1.02145918205
1.01340892923
0.999551564602
0.983642654923
0.970764680151
0.964113614104
0.963210082476
0.96590703563
0.969261732687
0.971700782945
0.972337349398
0.972216918083
0.972968019793
0.97557997558
0.979560681876
0.984183978798
0.989555673571
0.997520205731
1.01061650214
1.02999635303
1.0527831094
1.0730516748
1.08505824185
1.08649716544
1.07767936227
1.06344356578
1.0521111705
1.0519412382
1.06534239415
1.08796420582
1.11053670458
1.12189616253
1.11451437605
1.09251352121
1.07029377829
1.05969396334
1.06208554377
1.07287862057
1.08463507193
1.09061342488
1.08811916726
1.08074209564
1.07478849408
1.07510513036
1.08112284316
1.08834171741
1.08971514775
1.08123177217
1.06726964387
1.0557600859
1.05126654064
1.05417992704
1.06236751997
1.072669691
1.08173544226
1.08726330832
1.08909479686
1.08855368234
1.08678308661
1.08284023669
1.07535676993
1.0644476522
1.05194372763
1.0405135045
1.03212541763
1.02766375156
1.02661141805
1.02730375427
1.02794196668
1.0272899449
1.02573622479
1.02447163515
1.02490438495
1.02876433592
1.03696388262
1.04852379622
1.06020128088
1.06912020507
1.07301617327
1.06824540368
1.05086201479
1.02200568158
0.996428571429
0.990861730293
1.00297455969
1.02108716026
1.03662300826
1.04509356458
1.04399289801
1.03428377111
1.02267190529
1.01873872772
1.02705687465
1.04341849935
1.05953309416
1.06866164861
1.06852092481
1.0616529673
1.0535293552
1.04965353643
1.05274375369
1.06015432059
1.0641944607
1.05987665477
1.0502844286
1.04128983971
1.0364708244
1.03642041807
1.03946639484
1.04243821204
1.04278365061
1.04012302228
1.0356959711
1.03054166223
1.0251251162
1.01974689068
1.01568421501
1.01571559568
1.02134309938
1.02907385109
1.03329896785
1.03094281368
1.02257058079
1.01217577661
1.0060364453
1.00960108889
1.02464590796
1.04849285344
1.0752477977
1.09806550719
1.11162600338
1.11482290632
1.11154123395
1.10837364788
1.10935255773
1.11219229015
1.11120204045
1.1035932515
1.09107380616
1.0779418088
1.07002161721
1.07300448709
1.08602182733
1.09816664386
1.1012183335
1.09690622061
1.09001134767
1.08420588235
1.08192805391
1.08411366624
1.08871306213
1.09163048791
1.09182903307
1.09257744531
1.09833894839
1.1127603818
1.13311456098
1.13494931871
1.09614613337
1.04873364151
1.01793679113
1.00318408289
1.00090652348
1.01094464712
1.03631616425
1.08142912057
1.14153089597
1.18548178765
1.18370340735
1.15600812991
1.13056856984
1.11615448505
