0.951459725642
0.953788359607
0.946601531466
0.936881416107
0.931521612973
0.933754252813
0.941016172985
0.947480403135
0.948928789387
0.945475278977
0.941937618929
0.945053482608
0.95722259727
0.973610304087
0.987013604795
0.993263555521
0.991735015773
0.984809206159
0.976846920233
0.971659547104
0.969583674685
0.968766434874
0.968052000931
0.968526864099
0.973095353233
0.983472377512
0.996037980736
1.00506588238
1.00845390993
1.00728561339
1.00337969419
0.998579747195
0.995051404528
0.99519709172
0.999832240747
1.00666641976
1.01288248601
1.01752287122
1.02095515996
1.02354478498
1.02517394205
1.02536325742
1.02368127893
1.02013864123
1.01519522777
1.00937277755
1.00326402069
0.997723287081
0.993842178052
0.992734530938
0.995125348189
1.00059964022
1.00725788617
1.01247543022
1.01439984219
1.01332949751
1.01164090147
1.01140719109
1.01295055244
1.01477519942
1.01525054466
1.01307955981
1.0092264017
1.00650533437
1.00756802721
1.01253364738
1.0189772441
1.02354128132
1.02396514161
1.02026468156
1.01505219714
1.01215469613
1.01384805818
1.01877250785
1.02352490421
1.02555222043
1.02384627257
1.01971353766
1.01565722142
1.01454956653
1.0170260223
1.02111225541
1.02441698955
1.02563355666
1.02529902138
1.02443757637
1.02417925264
1.0243647026
1.02414459161
1.02294428797
1.02117241379
1.01949589194
1.01969334646
1.02183098592
1.0247555648
1.02561861216
1.0229989605
1.01816340738
1.01317268073
1.00983259693
1.00904159132
1.0103021978
1.01226726446
1.01393188854
1.01515898447
1.01706085243
1.02070969337
1.02581926514
1.03058122945
1.03248274162
1.03124617831
1.02888306624
1.02848392037
1.03253647935
1.04139846018
1.05246047935
1.06070429697
1.06231193581
1.0585838632
1.05381220887
1.05196404384
1.05424616536
1.05915777511
1.06329194121
1.06352793471
1.05981112277
1.05525467048
1.05354435753
1.05611932999
1.06213568151
1.06836427496
1.07101594876
1.06840370624
1.06282594024
1.05863370677
1.05882352941
1.0633841972
1.06926488039
1.07272499687
1.07129583746
1.06621670923
1.06152192092
1.06078883567
1.06476943969
1.0713271824
1.07658720793
1.0775207384
1.07374359565
1.0684417136
1.06525563184
1.06651808675
1.0718206506
1.07897644664
1.08447607476
1.08529512112
1.08180300501
1.07734079315
1.07511223037
1.07600308642
1.0794628489
1.083721446
1.08642786724
1.08600246794
1.08284179482
1.07926701571
1.07698391774
1.07623007623
1.07631790206
1.07589309341
1.07384172366
1.07000346552
1.06532929235
1.06075502315
1.05627372771
1.05148092491
1.04602551045
1.04016660283
1.0350517386
1.03203248365
1.03129821468
1.03158634626
1.03132915611
1.02995090754
1.02807921867
1.0273158083
1.02906214492
1.03298730268
1.03687170022
1.03875629516
1.03795758476
1.03507882364
1.03144214645
1.02925113394
1.02994501749
1.03310813834
1.03665249497
1.03876074792
1.03885261194
1.0370777916
1.03409756098
1.03078133451
1.02803463966
1.026200029
1.02466002681
1.02274247492
1.02029387833
1.01789730583
1.01652144932
1.0168297641
1.01872464862
1.02132712678
1.02398532889
1.02615634698
1.02772058454
1.02863089497
1.02878933279
1.02835267967
1.02783643694
1.02784845915
1.02874104787
1.03049421661
1.03278208693
1.03525672857
1.03740561084
1.03871127633
1.03910073162
1.03888443207
1.03880929197
1.0391014975
1.03952458634
1.03947119924
1.03844686129
1.03630884041
1.03342207854
1.03103900975
1.03024156371
1.03157559489
1.03394279508
1.03591485507
1.03660527987
1.03579671449
1.03402154399
1.03219520836
1.03122274551
1.03136428172
1.03225531552
1.03316833778
1.03354183284
1.03298481454
1.03140145807
1.02904416141
1.02637252637
1.02410948631
1.02257469568
1.02197519994
1.02223937656
1.02268277365
1.02238141192
1.02010199903
1.01502553969
1.00746742337
0.998840601391
0.991425147907
0.987503273843
0.988329604773
0.992944409373
0.998328256185
1.00142573069
1.00095712098
0.997129826217
0.991594261467
0.986040556726
0.982421061401
0.98157840511
0.982487777511
0.983015274593
0.981871031898
0.979686660011
0.978021978022
0.978378378378
0.981280908979
0.986124303118
0.99078720079
0.992879106652
0.991552982234
0.987874046548
0.984430483474
0.983294681813
0.985326281465
0.989640218439
0.994278346362
0.997348439195
0.997802461243
0.996373201546
0.994637640562
0.993892326983
0.994545379978
0.995892627474
0.99670847048
0.995937487046
0.993447725132
0.990228933662
0.987853603964
0.987068794016
0.987617948003
0.988445294446
0.988567799301
0.987586911262
0.986190623549
0.985643564356
0.98684855108
0.989627959414
0.992838026311
0.994970503706
0.994720368066
0.991766941102
0.987011091652
0.982531817048
0.980010520779
0.979930771651
0.981535745808
0.983938622593
0.986465401502
0.98906448683
0.991787404963
0.99463515551
0.997145313844
0.998732095127
0.999096312259
0.998254674978
0.996677134302
0.995207489691
0.99473625266
0.995775743877
0.997841516061
0.999818313953
1.00087780257
1.00096917285
1.00091760658
1.00192013794
1.00498444852
1.01019220738
1.01599616092
1.01998649025
1.02064347413
1.01826629075
1.01426749562
1.01096491228
1.01019558059
1.01251771375
1.0164738184
1.01988793308
1.02127574325
1.02030726485
1.0174694285
1.01398337113
1.01181875131
1.0128090071
1.01719514119
1.02306570464
1.02802601057
1.03106706967
1.03211204395
1.03168054799
1.03023866533
1.0279912598
1.02506183617
1.02141848977
1.0173229442
1.01313451556
1.0092908675
1.00625355316
1.00440434752
1.00397655923
1.0044454922
1.004900529
1.00461592334
1.00374447929
1.00281708595
1.00226351351
1.00218970491
1.00197600565
1.00048964745
0.996390013495
0.989875940091
0.983003977131
0.978113487911
0.975982808747
0.976167965312
0.977768822621
0.979932881309
0.981793150921
0.982893433947
0.983559059363
0.98437134747
0.986008836524
0.98833186351
0.990941778454
0.992994684409
0.994054188771
0.994116388532
0.994091632761
0.995425977654
0.999102984302
1.00466792518
1.0106005851
1.01515151515
1.01707700367
1.01598205524
1.01264094124
1.00854134709
1.00530421217
1.00383102092
1.00406392065
1.0049574827
1.00567986231
1.00563845149
1.00510816278
1.00478272752
1.00521561275
1.00627964916
1.00716661523
1.00672692148
1.00401745515
0.998824017709
0.991908386477
0.984925639902
0.979891035166
0.977663230241
0.977489790012
0.977840945798
0.977286116384
0.975424010642
0.972688650617
0.970402337909
0.970316846462
0.97357846092
0.979767838405
0.986410948342
0.990947495474
0.991995171691
0.989753114093
0.985396969304
0.980355625286
0.97614444408
0.974308236286
0.975990396158
0.981318347509
0.988632046524
0.995544257519
1.00071275837
1.00419208419
1.00667335971
1.00867835834
1.01040935315
1.01176470588
1.01253511342
1.01280303479
1.01316173466
1.01424825175
1.01638520008
1.01915604129
1.0218681662
1.02323426015
1.02165773675
1.01579470093
1.00610424167
0.995616571794
0.987675740353
0.983739106998
0.983370896022
0.985172004745
0.987769346525
0.989895025998
0.990218832891
0.987939765458
0.983161181042
0.97694591029
0.970784011542
0.966006222368
0.963218617493
0.962563661618
0.963464859838
0.96473476429
0.965242315422
0.964408051414
0.962600206879
0.960534343791
0.959126844413
0.959121610807
0.961129834697
0.965260785576
0.970702936152
0.97561054088
0.978218329965
0.977694572453
0.974450804208
0.969533075175
0.964375040082
0.960510249984
0.959186955263
0.96085237682
0.964602053915
0.968876210013
0.972153683468
0.973551758407
0.973087409783
0.971336047966
0.969341432225
0.968165210485
0.968223474947
0.96919764067
0.970132606271
0.970112886312
0.968420080643
0.965016461032
0.960208038407
0.954765055236
0.949632545125
0.945686900958
0.943390434089
0.942582704229
0.943012336586
0.944137338001
0.945360571007
0.94615194717
0.945930034394
0.944368303015
0.941596915264
0.938196747197
0.934969442322
0.932779310787
0.932149671744
0.933248590333
0.935829228243
0.939302725589
0.943117860592
0.946906214386
0.950632271118
0.954465314979
0.958644183274
0.96303515251
0.967181069959
0.970285125386
0.9717603408
0.971380586784
0.969520302751
0.967232517246
0.965928107638
0.966760470121
0.969990160708
0.974761143901
0.979577877663
0.982849862799
0.9834827439
0.980986961545
0.975565341191
0.968472938997
0.961646090535
0.957205954523
0.956026749307
0.957682355639
0.961049284579
0.964819050182
0.96817157298
0.970471558177
0.971437431092
0.971233990649
0.970709231529
0.970838396112
0.972042943047
0.974265981267
0.977184730089
0.980524148748
0.984127514536
0.987806954804
0.991460937231
0.994880780595
0.998209338469
1.00194104487
1.00666367656
1.0130009129
1.02106350349
1.03042099645
1.03988369888
1.04782636329
1.05258464184
1.05334438036
1.05071745869
1.04632407497
1.04193484829
1.03883985717
1.03770833333
1.03845465287
1.04012050849
1.04137879523
1.04083777494
1.03806745943
1.03372205303
1.02937042243
1.02635676157
1.02549723344
1.026609637
1.02886273909
1.03101674595
1.03196276183
1.03081622395
1.02759123527
1.02293037229
1.01791168596
1.01329588015
1.00964582325
1.0068477939
1.00469828219
1.00308417997
1.00203979387
1.00204722742
1.00356083086
1.00655680833
1.01026672679
1.01333286796
1.01444005084
1.01299910474
1.00929725804
1.00408148257
0.998513729424
0.993891470544
0.991555773363
0.992215546234
0.995242051205
0.998906609358
1.00135756844
1.001739854
1.00011405977
0.997436093678
0.994954163778
0.994272667466
0.996672470497
1.00280337942
1.01168949081
1.02100965108
1.02842961936
1.0321846554
1.03212894851
1.02905015776
1.02432858242
1.01974000963
1.01698141375
1.01699547037
1.01965188097
1.02371052927
1.02760620669
1.0301574593
1.03063601771
1.02862920814
1.02435969944
1.01812540823
1.01092406147
1.00374140081
0.997710134628
0.993121939846
0.989990724996
0.987735077678
0.985602094241
0.982967479675
0.979547631941
0.975144214455
0.970121820902
0.965233692642
0.961480107889
0.95979857672
0.960711485287
0.963948356227
0.968869492934
0.974496022895
0.979760535174
0.983987292865
0.987031390905
0.98932353946
0.991727824206
0.995005713802
0.999403849429
1.0045387741
1.00993684582
1.0152371479
1.02003508448
1.02449419258
1.02897936104
1.03383140682
1.03924303715
1.0446694461
1.04902625277
1.05112007168
1.05035552972
1.04696330851
1.04156898106
1.0354002357
1.0300009105
1.02678286262
1.02680769581
1.02961886158
1.03338158133
1.03592544117
1.03579661017
1.03288069395
1.02757579915
1.02102448246
1.01432091877
1.00875550145
1.00544805561
1.00519662921
1.00768874479
1.0118847047
1.01619812584
1.01955979521
1.02148639339
1.02213896458
1.02213007236
1.02184568579
1.021615665
1.02116402116
1.02029297717
1.01888108839
1.01698363556
1.01506430434
1.0138373425
1.01411214953
1.01632400533
1.02018446086
1.02466367713
1.02839379253
1.03046480874
1.03070454212
1.02966287749
1.0282623526
1.02774121203
1.02907260823
1.03264225849
1.03789628901
1.04349965555
1.04773363453
1.0492651726
1.04713511421
1.04120155224
1.03186740122
1.02061173356
1.0091404215
0.998900678711
0.990774011848
0.984699940582
0.980260500808
0.976881279475
0.974282173105
0.972478008128
0.971970655199
0.973028943346
0.975414962713
0.978499738382
0.981660601417
0.984404791005
0.986535369775
0.988120448324
0.988898287164
0.988795368037
0.987699219168
0.985983743226
0.983892550924
0.981959244719
0.980152329749
0.978150068697
0.975878082871
0.973481847416
0.971486663117
0.970243462579
0.970077368448
0.970568561873
0.970683544304
0.969184646385
0.965609348915
0.960402999063
0.954756000561
0.949753974262
0.946321971885
0.945181342078
0.946812188256
0.950960640755
0.956705588391
0.962671359763
0.967281618137
0.970086206897
0.971265347885
0.971545415411
0.97163527284
0.97188225124
0.972106324129
0.971690417926
0.970031622476
0.966660148612
0.961549736174
0.955437329168
0.949380721594
0.944647442228
0.942379832942
0.943123637654
0.946687132259
0.951915198689
0.957439253285
0.961662932537
0.963771639759
0.964098906324
0.963724021719
0.963896901461
0.965903783279
0.970228250083
0.976669386971
0.98429881022
0.992250740375
0.999354037267
1.00502437568
1.00882586275
1.01104318675
1.01224769743
1.01306297524
1.01414819137
1.01570782473
1.01808080316
1.02104800508
1.02471547892
1.02903210093
1.03403204725
1.03928708317
1.04431126422
1.04819834405
1.04997286541
1.04897832543
1.04533111423
1.03949211909
1.03245660645
1.0249039548
1.01754956126
1.0108102937
1.00502364066
0.999949535729
0.994825289476
0.988691271718
0.98067903752
0.970560208636
0.959065190652
0.947734854712
0.937953071347
0.930935183874
0.927531482608
0.927527490373
0.92988168394
0.933065353868
0.935229138015
0.935211021974
0.932965944806
0.929514663008
0.92638751132
0.925194782456
0.927067030363
0.932350112215
0.940297808578
0.949716949717
0.958750059817
0.965696070035
0.96948565545
0.969925499337
0.968200240502
0.966243257352
0.965744062874
0.967594936709
0.971505196111
0.976645080426
0.981796927188
0.986008436704
0.988339532745
0.988417311311
0.986574654956
0.983774515954
0.981547345077
0.980982367758
0.982557154953
0.985611819783
0.989143757661
0.992177022798
0.994071236375
0.994665800826
0.994270148413
0.993662504729
0.993988734794
0.996137723141
1.00028026906
1.00560548504
1.01082899406
1.01500575374
1.01758515647
1.01847382102
1.01791729042
1.01642361603
1.01479472908
1.01424338017
1.01590713672
1.02037617555
1.02728557964
1.03552847434
1.0438431961
1.05122515462
1.05718243921
1.06160034896
1.06452564796
1.06619514868
1.06676043603
1.06625686502
1.06452585557
1.06103403533
1.05549235867
1.0479972545
1.03904196281
1.02949438202
1.02050960332
1.01299263751
1.00782224782
1.00502200115
1.00438116101
1.00535113889
1.00714755948
1.00918543386
1.01103722176
1.012706248
1.01438263229
1.01647785788
1.01926576996
1.02294387575
1.02711148277
1.03129821468
1.03491979084
1.03742742296
1.03852913343
1.03830077238
1.03713685365
1.03597385382
1.03601309567
1.03819335103
1.04313673279
1.05038776673
1.0589819319
1.06755528628
1.07497725993
1.08039982616
1.08310442555
1.08303154588
1.08055615903
1.07654267899
1.07216320312
1.0684424867
1.06590890506
1.06448087432
1.06365105008
1.06277135322
1.06123618502
1.05850272682
1.05434511435
1.0486293107
1.04175960347
1.03411635387
1.026111954
1.0179542343
1.00964827984
1.0011400342
0.992434272744
0.983595377912
0.974813290657
0.966593710402
0.959617839322
0.954520718339
0.952106533759
0.952842301856
0.956883480425
0.963976608187
0.973410950283
0.984109239
0.994835088861
1.00443174288
1.01193979652
1.01660226742
1.0183447099
1.01714870745
1.01338261535
1.00759333474
1.00050171419
0.992713120523
0.984952849528
0.977829211841
0.971704180064
0.966820313121
0.963025473957
0.960316536716
0.958594440814
0.957853232783
0.958157713235
0.959447999383
0.961689702161
0.964730453972
0.968702655291
0.973596431298
0.979351151183
0.985428925984
0.990999206979
0.995046196186
0.997098721869
0.997242900469
0.995978979218
0.994184637751
0.99269983185
0.992301290054
0.993722879892
0.997280761387
1.00294155263
1.01016070062
1.01820480405
1.02607502287
1.03328278067
1.03948327529
1.04443282802
1.04819083571
1.05075119829
1.05192704331
1.05169131051
1.0499575946
1.04688313248
1.04274314609
1.03797271561
1.03291913592
1.02792748653
1.02338941321
1.01940702809
1.01612843424
1.01351702625
1.01129775531
1.00881906103
1.00547773979
1.00072716696
0.994533947066
0.987216111984
0.979417849754
0.971925421298
0.965411082941
0.960579922922
0.957872387976
0.957555370776
0.959517426273
0.963291384318
0.968099644684
0.97325951231
0.97805531479
0.982236608376
0.986042465699
0.989854957597
0.994155766708
0.999241607791
1.00488977956
1.01053859459
1.01527917759
1.01831014317
1.0189165258
1.01706388945
1.01276494214
1.00670241287
0.999491651351
0.9921875
0.985857098574
0.981557535839
0.979958830155
0.981108508977
0.984493683341
0.989125672177
0.994175228541
0.999176886987
1.00380960355
1.00815840911
1.01237379162
1.01659105638
1.0207973766
1.0247008547
1.02782907992
1.02937561455
1.02871864515
1.02579862199
1.02098688804
1.015031738
1.00862103057
1.00262976898
0.997715946844
0.994248711285
0.992381367
0.991957578436
0.992268041237
0.992354267026
0.991178132198
0.988023698688
0.982711295014
0.975659068385
0.967754377845
0.960025765383
0.953698475438
0.949593803136
0.948111043132
0.948935507726
0.951119595911
0.953349087353
0.954304331482
0.953126336498
0.949070437287
0.941953208082
0.932015385992
0.919856405654
0.906519890813
0.893597195723
0.88292469352
0.876017398045
0.873761328026
0.875882524961
0.881321505555
0.888718628344
0.89676130214
0.904639825166
0.91183975504
0.918198648125
0.923790041783
0.928869008464
0.933500461802
0.937809962695
0.941733589385
0.945254207878
0.9485017512
0.951780608266
0.955470182485
0.960031833053
0.966027052532
0.973596302567
0.982900009319
0.993517247906
1.0045891295
1.01486097795
1.02298850575
1.0278210025
1.0290084143
1.0268360934
1.02212329078
1.01563276555
1.00839350181
1.00113065895
0.994410107253
0.988747083848
0.984291505436
0.980947524569
0.978346915017
0.975923852184
0.973187223129
0.969816761232
0.96603493814
0.962243249481
0.95902129421
0.957313159101
0.95738649353
0.959551279128
0.963432937645
0.968387155298
0.973637802397
0.978459735929
0.982404165544
0.98546901547
0.988010874894
0.990698295429
0.99434298441
0.999598106636
1.00671261076
1.01534195107
1.02440545114
1.03241641606
1.03831451294
1.04150232273
1.04197802198
1.03968992248
1.03489932886
1.0276824422
1.01826359547
1.00727735832
0.995607480868
0.984488478436
0.975277029712
0.968801384682
0.965753424658
0.965856075307
0.96869058695
0.973447793971
0.97961052925
0.986548885766
0.99387054593
1.00125559787
1.0081255374
1.01395143488
1.01798219853
1.01948350335
1.01793659622
1.0131524105
1.00541011416
0.995765384269
0.985461914622
0.97577244169
0.967936293924
0.962574602122
0.960072148889
0.960360140145
0.962920846363
0.96675990109
0.970713158853
0.973588709677
0.974274591644
0.97219451869
0.967152706237
0.959612659424
0.950350444418
0.94062768366
0.93175699403
0.92511926175
0.921765768596
0.922073816486
0.925830082013
0.932227887742
0.939894694208
0.947564013558
0.954098630362
0.958469493278
0.960349127182
0.959530571333
0.956508950332
0.952054214316
0.947314403011
0.943433732337
0.941536043313
0.942042399401
0.944812263941
0.949091885121
0.953791522452
0.957620248604
0.959715852891
0.959406294707
0.956608456697
0.951691457154
0.945605422079
0.939440926907
0.934427631016
0.931659101514
0.931805759933
0.935101650522
0.941087179487
0.948998988878
0.957789746659
0.966640378549
0.974639521707
0.981203883495
0.986029411765
0.989135057805
0.990861568248
0.991607087348
0.991915957198
0.99213929175
0.992555929519
0.993493793159
0.995212808754
0.997894822072
1.00158433539
1.00605002436
1.01074747475
1.01505746666
1.01824369781
1.01987504881
1.01984509267
1.01817419797
1.01520136132
1.01120458747
1.00639787999
1.00114565035
0.995670660997
0.990249823792
0.985150867189
0.980492280688
0.976523756199
0.973281225076
0.970811580446
0.969287804878
0.968842218219
0.9693039991
0.970722614131
0.972747675537
0.975009571543
0.97722531888
0.979079922819
0.980544484226
0.981538043847
0.982039417309
0.982144097825
0.981936849533
0.981642165651
0.981426178163
0.981467124451
0.981841231962
0.982317461507
0.982610321616
0.982348142105
0.981280391942
0.979462137805
0.976982367226
0.974260773557
0.971578590786
0.969250266809
0.967497362869
0.966470203012
0.966346153846
0.967160355982
0.968972482533
0.971579687343
0.974773127455
0.978138898392
0.981487865416
0.984495587472
0.987095658191
0.989222876425
0.990752115752
0.991607401665
0.991761344761
0.991096563011
0.989627762699
0.987354739572
0.98429035753
0.980528999363
0.976075483768
0.971055509101
0.965794833662
0.960692741779
0.956430122864
0.953605420229
0.952900172667
0.954661780039
0.958857107209
0.965074663705
0.972656489486
0.980634288341
0.988226229003
0.994455346852
0.998706420571
1.00022346369
0.998745294856
0.994008311052
0.986370180771
0.976596950989
0.965961502983
0.956188487921
0.948791183429
0.944773948075
0.944335083115
0.947
0.951820591895
0.957692518198
0.963481266726
0.968392277465
0.971845309004
0.973570753603
0.973769024172
0.97300617173
0.972185707457
0.972608013267
0.975475007308
0.981571206091
0.990880242431
1.00243302038
1.01477761003
1.02639890352
1.03596280559
1.04253828764
1.04554838287
1.04453508977
1.03956118143
1.03089518547
1.01954787234
1.00691221808
0.994946165678
0.985388679245
0.979396999507
0.977079534297
0.977726574501
0.980230597705
0.983430240494
0.986567164179
0.989211664887
0.991204021019
0.992586156965
0.993621254682
0.994642173747
0.995901760179
0.997706894017
1.00011682243
1.00304012971
1.00614412862
1.00913476635
1.0118297654
1.01421340121
1.0165346392
1.01902711509
1.02198028542
1.02563949853
1.03004912746
1.03498124371
1.04005550416
1.04437667268
1.04699436443
1.04704111393
1.04405836953
1.03836388407
1.03093318676
1.0230164446
1.01607158626
1.01120254078
1.00907955964
1.00984973557
1.013115936
1.01812354956
1.02376013056
1.02884695551
1.03235730067
1.03356592201
1.03224530168
1.02866530705
1.02342975324
1.01748380343
1.011881244
1.00779600912
1.00609413615
1.0073535603
1.01147227533
1.01776535051
1.0251869119
1.03246214181
1.0386630585
1.04318083418
1.04582925001
1.04682619286
1.04657697548
1.04573110893
1.04485458922
1.04459625632
1.04542259233
1.04746453568
1.05056509223
1.05426418299
1.05785189492
1.06065949104
1.0621218867
1.06211406686
1.06088106412
1.05898462731
1.05705589517
1.05564445362
1.05513583441
1.0555930619
1.05697010763
1.05892805812
1.06121487992
1.06339997387
1.06518680632
1.0663952071
1.06695737434
1.06703652335
1.06676056338
1.06649092724
1.06643078738
1.06673355458
1.06749289956
1.06859345891
1.06979449399
1.07086452144
1.07144313606
1.07126135877
1.07003002705
1.06759667156
1.06392141682
1.0589944295
1.05303846246
1.04630051019
1.03921050101
1.03211463644
1.02563230399
1.02028808594
1.0165187981
1.01475071295
1.01486686391
1.01659905007
1.01922838049
1.02191603015
1.02393483709
1.02462473016
1.02376123588
1.02147117296
1.01819074506
1.01447629175
1.01097856566
1.00821379262
1.00654910673
1.00605669806
1.00674084676
1.00845936939
1.0111171559
1.01456743156
1.01877128924
1.02373201461
1.0293565583
1.03560727127
1.04215069676
1.04850520821
1.05418172371
1.0588780714
1.06247702206
1.06510458707
1.06688047193
1.06796790803
1.06841095756
1.06820590462
1.06745540777
1.06614785992
1.06444182699
1.0623557181
1.05991182692
1.05701020892
1.05360910741
1.04965728453
1.04530877994
1.04082880767
1.03644015348
1.03244437748
1.02918258212
1.02686982035
1.02561451575
1.02545098947
1.02590607777
1.02637023005
1.02625981075
1.0251572327
1.02317128578
1.0206069868
1.01800464482
1.0158031462
1.01448119137
1.0144244779
1.01568627451
1.01809491294
1.02112521625
1.02398716796
1.02610485531
1.02701724762
1.0267996635
1.02581000767
1.02443865229
1.02311476193
1.02201760454
1.02125327615
1.02059061296
1.0196835473
1.01803371316
1.0152388509
1.01111931346
1.00591540964
1.00035856752
0.995494202098
0.992141110723
0.990912639889
0.991863568313
0.994706564298
0.998867321103
1.00358203541
1.00798254977
1.01127890963
1.01256597743
1.01127948605
1.00735330284
1.00148733328
0.99519184767
0.989989032273
0.986792883212
0.985526819277
0.985476244089
0.985797789752
0.985845304384
0.985145172181
0.983522911118
0.981075059541
0.978032323866
0.974884457943
0.972249282536
0.970689028506
0.970419021435
0.971182924696
0.97258243794
0.974267421817
0.975945952634
0.977431945556
0.978601888517
0.979460351004
0.979845973111
0.979718532158
0.979113507826
0.978031726153
0.976852447211
0.975739330618
0.974900924703
0.974315363948
0.973746023978
0.97311841048
0.972205379448
0.970925599478
0.969244435908
0.967190850608
0.964847254356
0.962291057861
0.959677419355
0.95714055411
0.954862865806
0.952994204765
0.951639722864
0.950916823538
0.950833099317
0.951369427502
0.952496983748
0.954200644794
0.956572213798
0.959743910794
0.963828786453
0.969051907647
0.975362352558
0.982424859908
0.989727134217
0.99651535781
1.00212987614
1.00608604407
1.0081352575
1.00830381928
1.00689050668
1.00438988095
1.00156466877
0.999309250921
0.998427916087
0.999355902509
1.00173935286
1.00483104006
1.00782617393
1.01021470719
1.01193742122
1.01314451526
1.01423558897
1.01567757724
1.01792133368
1.02134463187
1.02568488502
1.03014194114
1.03312685895
1.03315717467
1.029708931
1.02347621724
1.01563951299
1.00755460257
1.00012518778
0.993885266283
0.98903542798
0.985425357765
0.982517482517
0.979703037733
0.976311105025
0.971947555313
0.966656735014
0.961158021713
0.956381818665
0.953432153863
0.952997858672
0.955219010849
0.959444089989
0.964378604546
0.968622960206
0.971066907776
0.971323613168
0.969848119711
0.967716232553
0.96618174948
0.966422890087
0.969192228766
0.974822656922
0.983160480349
0.993411542311
1.0042350151
1.01367254122
1.01957405943
1.02057146021
1.01693409434
1.01055145804
1.00389145437
0.998666945475
0.995793140407
0.995446721084
0.997604617605
1.00206339713
1.0085144315
1.01616830014
1.02352941176
1.02862138782
1.02972241231
1.02680803379
1.02148644873
1.0160806234
1.01247732644
1.01158514668
1.01386912237
1.01932176656
1.02748282324
1.0376139709
1.0482655468
1.05760315253
1.06384721125
1.0657361682
1.06304341331
1.05660434077
1.04811646406
1.03961042817
1.03290335731
1.02900650587
1.02771843179
1.02801518172
1.02833138476
1.02736011831
1.02428654792
1.01894356455
1.01177075596
1.00393282618
0.99710866827
0.993094629156
0.99313559322
0.997111872469
1.00379408468
1.01113145152
1.0172519084
1.02051508648
1.01985103627
1.01481870041
1.00586433831
0.99495958155
0.985387740253
0.980220034074
0.980403104238
0.984631175965
0.990745719542
0.99698044619
1.0020105401
1.00534675263
1.00695067265
1.00759007206
1.00879700902
1.01220402946
1.01862071001
1.02754212667
1.03759310647
1.04732633087
1.05573438793
1.06230207256
1.06675740694
1.06897631876
1.06884123811
1.06666091508
1.06319145458
1.05939397125
1.05623809896
1.05426232993
1.05373002997
1.05470603367
1.05697231169
1.05989395035
1.06234376412
1.06308943089
1.06159963121
1.05813558362
1.05339833343
1.04798475575
1.04208899325
1.03587210016
1.02958803861
1.02394384255
1.0202249345
1.01954873197
1.02183574307
1.02496762934
1.02665253892
1.02587294345
1.02268982469
1.01780268689
1.01183863547
1.00552549457
0.999534193135
0.994813461425
0.992236994735
0.992365494439
0.995296991907
1.00043714482
1.00714079862
1.01453260016
1.02194710186
1.02846237373
1.03305334701
1.03494996151
1.03410031941
1.03108150967
1.02681750316
1.02195562285
1.01711418416
1.01255037067
1.00868658791
1.00577886221
1.00388355747
1.00258446798
1.00125605049
0.999372009569
0.996911288646
0.994002049551
0.991030272829
0.988064652509
0.985102547532
0.982251235004
0.979439991373
0.977086976694
0.975715224686
0.9758492569
0.97749206451
0.980400834545
0.984361065104
0.989199595393
0.994907423021
1.00101024176
1.00661474448
1.01021856372
1.01025923503
1.00688502016
1.00203519319
0.997645187926
0.994614721812
0.99313697455
0.993027988124
0.994182151546
0.99669452182
1.0006174507
1.00607723976
1.01242187803
1.01835657746
1.02283321194
1.02534251437
1.02596444382
1.0251341429
1.02328497224
1.0212331266
1.02006367069
1.02134848147
1.026286926
1.03418682677
1.04264089742
1.04909392589
1.05277103818
1.05397963757
1.05391628272
1.05366955466
1.05458294021
1.05773964668
1.0640011935
1.07296382242
1.08258321523
1.08968012186
1.0915469178
1.08729749632
1.07804930952
1.06593993801
1.05344401272
1.04302366655
1.03658493058
1.03533530248
1.03933218019
1.04722233036
1.05577609367
1.06025661848
1.05669896693
1.04489717471
1.02919681489
1.01488979479
1.0049954739
1.00006696578
0.999347549878
1.00186560471
1.00668858406
1.01249702452
1.01785128037
1.02085315901
1.02023308514
1.01627745128
1.01076453948
1.00523227038
1.00045181246
0.996516286361
0.993430115503
0.991462495964
0.991043374625
0.99249785653
0.99522441776
0.997551209504
0.997805483112
0.995095129495
0.989685193363
0.982182410423
0.973555070883
0.965111706881
0.959313342994
0.958959450276
0.96537005419
0.975781000674
0.98478920742
0.989102963863
0.988681735687
0.985108625438
0.980262225372
0.976126242655
0.974964644727
0.979152891758
0.989311439857
1.00310018904
1.01538236156
1.02167149447
1.02041106102
1.01246428571
1.00036058126
0.988120599386
0.980691960317
0.981838858639
0.990906062625
1.00366636114
1.01577746171
1.02476079427
1.0297849268
1.03080105735
1.02767803107
1.02081165453
1.01168185584
1.00320601623
0.998110061145
0.996190341811
0.995433789954
0.994171790042
0.991506416149
0.986987786782
0.980427253979
0.9720135456
0.963117079629
0.955452818693
0.950557407969
0.948369477912
0.947791798107
0.947774518556
0.947508721122
0.946558064405
0.944648384078
0.941894878807
0.939062320009
0.937735269263
0.939697740536
0.945231519673
0.952320033193
0.958803284833
0.963454119592
0.966030100809
0.966686386157
0.966143619077
0.96553808948
0.966948693369
0.972584745763
0.983552907611
0.997260494722
1.00832229998
1.01286412928
1.01074288031
1.00423266426
0.996117729037
0.989218146064
0.986280274395
0.989796287585
1.00051934562
1.01576862716
1.0288124977
1.0331256267
1.02702420338
1.01387029217
0.998586158143
0.985386294809
0.97692754887
0.974540257982
0.977863927118
0.984439341147
0.990636629187
0.993657929595
0.992805177057
0.989780255292
0.987129724208
0.987353357184
0.992256966603
1.00239421905
1.01649813731
1.03138571748
1.04230065593
1.04584942085
1.04211155719
1.03399585921
1.02555126348
1.0193594082
1.0162484973
1.01566348522
1.01591868048
1.01526513123
1.01255564433
1.00767667645
1.00155446168
0.995500235875
0.990450399088
0.986398872445
0.982831558909
0.978516532618
0.972515391381
0.964191381783
0.954207920792
0.94462923107
0.938402272462
0.937954952552
0.943413007226
0.953082674179
0.964088005678
0.973988540898
0.980963045913
0.984358634174
0.984135285914
0.980788005579
0.974899493096
0.967165229632
0.95852468938
0.950370504247
0.945057766367
0.945381407536
0.952763672232
0.965036952814
0.977114666484
0.98528972273
0.989057294048
0.990003266906
0.990400211857
0.992462396485
0.997578692494
1.00579525778
1.01515697005
1.02284394251
1.02641042931
1.02522591809
1.02034676589
1.01414461651
1.00941487385
1.00893592489
1.01334405145
1.02063571954
1.02745318352
1.03166100192
1.03311356949
1.03263598326
1.0311469687
1.02867369568
1.02410507535
1.01603756547
1.00434633812
0.990756386045
0.977381110081
0.966087310748
0.958696035242
0.957199868195
0.9632585454
0.976617954071
0.992622828041
1.00390910419
1.0057089512
0.998849127855
0.986845962187
0.973670352817
0.962615023293
0.956176229987
0.955868653936
0.960905192219
0.96834914611
0.974980842912
0.979285037879
0.981900266776
0.984376330353
0.987888293469
0.992434512616
0.996550832112
0.99831216507
0.997088428583
0.994505494505
0.993683944587
0.998000680619
1.00864663248
1.02333760914
1.03634628385
1.04203802165
1.03798513625
1.02553030303
1.00828092653
0.990992453136
0.979255363553
0.978388998035
0.989606832098
1.00609343263
1.01718261358
1.01748168342
1.00817599169
0.993248883888
0.977048049659
0.963643643644
0.956854558107
0.958668244318
0.96774709884
0.979409908488
0.98907800853
0.995235727898
0.999082929386
1.00302031851
1.00895032802
1.0170351408
1.02508928168
1.03077125675
1.03354535157
1.03475126813
1.03663563522
1.04156609057
1.05056846268
1.06188239898
1.07018197049
1.0697865353
1.06008410157
1.04518956141
1.03027925949
1.0198059498
1.0170957691
1.02330578512
1.03574488922
1.0473751092
1.0511708922
1.04454932658
1.02977715661
1.01156000477
0.99578981459
0.988515972503
0.992935635793
1.00482116829
1.01488191524
1.01716292235
1.0115377481
1.0005904582
0.987232428788
0.974495981321
0.966337564645
0.967024576473
0.976209357653
0.986850316484
0.9915847323
0.989164152467
0.981626843785
0.971158539291
0.959769325827
0.94976997465
0.944671741199
0.948018039402
0.960140350877
0.977430475753
0.994909322304
1.00981327518
1.02108406063
1.02856874354
1.03234435798
1.03278020971
1.03079399142
1.02864730478
1.02998298422
1.03861117661
1.05463958134
1.07134831461
1.08134559359
1.08372946376
1.08183978412
1.07912581699
1.07750416115
1.07781382356
1.07991289116
1.08187191637
1.08093815796
1.07506664128
1.06577389086
1.05692524434
1.05171506272
1.05184816541
1.05750478011
1.06719066937
1.07651367445
1.07926572691
1.07350487842
1.06352715041
1.054931743
1.0503627428
1.0503859036
1.05371732026
1.05753293668
1.0580824258
1.05359625187
1.0466540312
1.04048226293
1.03615617267
1.03288356294
1.02771940358
1.0163052166
0.995608015372
0.971971546873
0.959107988093
0.960919230077
0.972057100707
0.986688411866
1.00087950748
1.01048505634
1.01047599675
0.998230535895
0.979148649947
0.964277680299
0.960069219122
0.967060258812
0.983728350046
1.00831198956
1.03587398885
1.05503906636
1.05504670768
1.03906154035
1.01849299334
1.00046044049
0.986406117247
0.975900481123
0.968838268793
0.966093209539
0.968111971921
0.972977231545
0.977911646586
0.981769814569
0.984514491221
0.986704828732
0.989149113762
0.992976902913
0.998872604284
1.00622998289
1.01383712462
1.02108460645
1.02748321821
1.03172051653
1.03122646428
1.02240495769
1.00610556348
0.99063816508
0.983762625042
0.985157788559
0.991181657848
0.99871348164
1.00540329768
1.01005384024
1.01367207428
1.01971035951
1.03027506811
1.04505073281
1.06192160473
1.07782527106
1.08826572284
1.08878022277
1.07857811038
1.06301262217
1.04980403403
1.04289322841
1.04051602499
1.03804600672
1.03059440559
1.01682716172
0.998671348581
0.97987229317
0.963378562374
0.950970226633
0.943684127733
0.942338927991
0.945999894941
0.951196217946
0.955069565587
0.957817750544
0.960887033244
0.965886536553
0.973508469329
0.983549702395
0.993811342649
0.999903288201
0.998477278135
0.990539262062
0.981313812368
0.976766122226
0.981086274906
0.99445
1.01208357404
1.02740871504
1.03716106228
1.04208162468
1.04497466216
1.04879442349
1.05540516152
1.06376061172
1.0693770342
1.0681733779
1.06085316752
1.05079546636
1.0416066482
1.03694640086
1.04104407036
1.05633713158
1.07810218978
1.09396162528
1.0972266838
1.09041900187
1.07842380821
1.06543556804
1.05483090362
1.04966907161
1.05085951393
1.05622913372
1.06078762143
1.06019462735
1.05264082445
1.0390917603
1.02370739624
1.01189047047
1.00737254012
1.00934792522
1.01361450669
1.01569414125
1.01316573335
1.00615493875
0.99769186382
0.992896781354
0.994986399275
1.00265514369
1.01124063281
1.01685542617
1.01783348057
1.0145439796
1.00902549091
1.0049401482
1.00665990105
1.01407940057
1.0223893066
1.02700745033
1.02722250126
1.02444170011
1.01990458957
1.01511290227
1.01143181962
1.01034460464
1.01244656776
1.01704041181
1.0225902766
1.0280709634
1.03267211202
1.03554982501
1.03518353868
1.0306057521
1.02212966992
1.01104100946
0.998543866036
0.985469121884
0.972969435172
0.963755516919
0.960546875
0.963537862187
0.969384264538
0.975249188039
0.979397131987
0.981193420885
0.980442650334
0.978066020549
0.977455830389
0.981715893108
0.990160538581
0.99944466041
1.00676779463
1.00991365526
1.00667686744
0.996747144716
0.984358411777
0.978000668673
0.982006965046
0.993381866314
1.00571714429
1.0110411321
1.00171358629
0.975601926164
0.943170858372
0.92115902965
0.917130251295
0.927195836044
0.942882857934
0.955669034932
0.959210526316
0.950693131695
0.933449257034
0.916081124241
0.909606843231
0.922793171485
0.954633887513
0.991986615005
1.01682875264
1.02207416921
1.01258447914
0.997591297591
0.984584823202
0.979007942941
0.982105432855
0.990279181896
0.99725743088
0.999066494327
0.994973070018
0.986237856933
0.975136033857
0.964833662464
0.959195742164
0.960284988713
0.967136150235
0.977047399158
0.98762670395
0.996520982822
1.00155015871
1.00051128479
0.993469155959
0.98235375851
0.970333659081
0.960646319569
0.956405891496
0.959931481344
0.9700079497
0.982266347141
0.991834868378
0.996717513033
0.997508196721
0.99593716143
0.994257644943
0.994618462812
0.997572651878
1.00217119547
1.0062704115
1.0075466702
1.00431790582
0.996149949341
0.985450255604
0.976156384237
0.971045576408
0.970318021201
0.972599432675
0.976295828066
0.979617580667
0.980681661377
0.977272727273
0.968160125365
0.955118615089
0.942966317577
0.937234116745
0.940987856461
0.953808156999
0.972573699901
0.993455673998
1.01238041643
1.02559940981
1.03031914894
1.02733398955
1.02100007343
1.01619663281
1.01592109898
1.020657277
1.02916792282
1.03850342253
1.045104596
1.04681237238
1.04466975241
1.04043739909
1.03538743136
1.03014993481
1.02580309984
1.02451579131
1.02769479209
1.03294518603
1.03654914116
1.03765127745
1.03664850136
1.03436477239
1.0314232902
1.02884534522
1.02635369884
1.0227027027
1.01619334364
1.0069669475
0.997775580821
0.992529711375
0.994545134612
1.00531866116
1.02312138728
1.04305140557
1.05686621397
1.05512145857
1.03632240692
1.01215294008
0.994038748137
0.983512237012
0.975972040192
0.967177637511
0.956750276651
0.948416373402
0.947436489607
0.954694374239
0.966263060248
0.975202904296
0.974681841117
0.959661077206
0.931804465902
0.905216449707
0.899523719229
0.91892605262
0.947863507493
0.968445181428
0.973458744645
0.967787610619
0.961581339508
0.963046495489
0.97428858999
0.991056511057
1.00520550803
1.0085719184
0.999329865654
0.983754813196
0.972258250468
0.972841588075
0.985918191398
1.00345091611
1.01574879331
1.02061789453
1.02392386179
1.03419505792
1.05827202529
1.09502446464
1.12637040548
1.13002008608
1.1100955458
1.08566966688
1.06808358556
1.06019278221
1.06050759293
1.06364283699
1.06107123277
1.04929096487
1.03400108045
1.02031415542
1.0068881944
0.986478768668
0.948793326356
0.900182038835
0.885987779479
0.920634920635
0.970804461163
1.01722140597
1.05429670144
1.07685434901
1.07508869786
1.0371948857
0.970216321604
0.92010460586
0.920276750012
0.949607886366
0.977808336099
0.989751621525
