1.38577207176
1.37641731135
1.37368785814
1.37556311021
1.37780836
1.3771918346
1.37397810278
1.37176451768
1.37485947387
1.38519182211
1.40095970878
1.41699798712
1.42869609603
1.43627735813
1.44340849269
1.45277406154
1.46293375394
1.46874901205
1.46514505921
1.45340131367
1.44115587994
1.43576520774
1.44011749651
1.45247571111
1.4667135593
1.47472836215
1.47305143794
1.46742158247
1.46355189275
1.46282230785
1.46382219542
1.46428064195
1.46340817974
1.46382560932
1.47086150828
1.48500672815
1.50017859269
1.50926577528
1.50839500653
1.49798051794
1.48243900114
1.46963238584
1.46578158557
1.46977532097
1.47396963124
1.47056013757
1.45838112916
1.44253350973
1.43063364997
1.42804391218
1.43553521687
1.4483310014
1.45931763807
1.46335593084
1.46059769208
1.45607978519
1.45418141181
1.45537506844
1.45716355733
1.45658085569
1.45388525781
1.45128991521
1.45306955287
1.46005724694
1.46930272109
1.47577388964
1.47669829541
1.47259122247
1.46732026144
1.46459884202
1.46597070486
1.46921862668
1.47036979731
1.46770362424
1.46268199234
1.45932425152
1.46041055718
1.46657939319
1.47460475063
1.47930644553
1.47821561338
1.47322348095
1.46882082024
1.46795805418
1.47009786154
1.47114209732
1.46670921081
1.45636693661
1.44446743929
1.43683451261
1.43682758621
1.44415819524
1.4551976368
1.46267605634
1.46009292005
1.44775416891
1.43340696466
1.42345421176
1.41915345237
1.41763644284
1.41553906591
1.41083916084
1.40513107915
1.40204334365
1.40473256101
1.41364868194
1.4259396637
1.43675521351
1.44252837913
1.44310897436
1.44282744283
1.44610322345
1.45488514548
1.46792921453
1.48157263663
1.49101223865
1.49262649377
1.48702357071
1.47836286191
1.47051973523
1.46453638714
1.45965831151
1.455331776
1.45229346173
1.45185185185
1.45497191531
1.46084099069
1.46777029895
1.47377430004
1.47823390797
1.48068238836
1.48172799196
1.48199738822
1.48205411375
1.48191670726
1.48164437114
1.48174460987
1.48279307976
1.48504193266
1.48754955401
1.48838623373
1.48608290527
1.48081130625
1.47393280982
1.46788502484
1.46477460467
1.46576702886
1.4698059985
1.47493884053
1.47943028996
1.48339905137
1.48720171029
1.49089851701
1.49302783082
1.49118617082
1.48486366166
1.47660578136
1.47032738421
1.46897045855
1.4737250985
1.48347748947
1.49370139117
1.49771983476
1.49194227933
1.48020942408
1.46949644081
1.46479023402
1.46796895906
1.47684572638
1.48521622872
1.4853210555
1.47524895367
1.46036367107
1.44639338748
1.4358912211
1.42877928125
1.42311374952
1.41721823436
1.41069253327
1.40498126515
1.40218776084
1.40283517753
1.40548574517
1.40739735938
1.40593705293
1.40022725286
1.39305936857
1.38798986994
1.38638055616
1.38723040209
1.38803355767
1.38643562512
1.38197722855
1.37706184396
1.37550892578
1.37874244797
1.38487784905
1.39090485075
1.39393359487
1.39253658537
1.38727442592
1.38172121924
1.38062551361
1.38507948669
1.39154323937
1.39462978031
1.39139589415
1.38337380374
1.37564411667
1.37312517687
1.37633591412
1.38217267506
1.38579380326
1.38381961533
1.3750444185
1.36289711602
1.35584094838
1.36100979075
1.37621336349
1.39205616283
1.40086989772
1.40026342748
1.39159797398
1.37910686603
1.36931846344
1.3682348951
1.37581992355
1.38531089164
1.39022924755
1.38900023305
1.38385269122
1.37821980538
1.37504783773
1.37562993249
1.37828207052
1.37935644477
1.37681423177
1.37201303403
1.36838768116
1.36854758233
1.37253925872
1.3776481149
1.38009831274
1.37750741322
1.37095039367
1.36375644467
1.35905571773
1.35796146258
1.35880839764
1.3583268847
1.35376740864
1.34584584585
1.33888263967
1.3371080782
1.34144104483
1.34891927658
1.35402120507
1.35179273996
1.34054275397
1.32381342978
1.3086286077
1.30129403845
1.30386430016
1.3128671381
1.32121551081
1.32244049166
1.31488223494
1.30251754024
1.29127105666
1.28497287096
1.28450191958
1.28732499071
1.28905273682
1.28514321039
1.27486575299
1.26289401065
1.2546852291
1.2520543737
1.25290367995
1.25353353353
1.25074590264
1.24315506917
1.23229415152
1.22236607865
1.21736199239
1.21787600235
1.22105591759
1.22302582446
1.22121923092
1.21566816576
1.20867918446
1.2036077297
1.20225347611
1.20385795704
1.20589059186
1.20592161145
1.20305130624
1.1983985396
1.19440856631
1.19317663641
1.19517588763
1.19792465781
1.19825795109
1.19420681972
1.18668630808
1.17838074747
1.17271355986
1.1715048906
1.17418381557
1.17783701447
1.17933451407
1.17748966554
1.17380979306
1.17141884738
1.17351133235
1.18153708602
1.1936295972
1.20541157178
1.21276521129
1.21471277228
1.21299205649
1.21033951171
1.20893356072
1.20966394187
1.21184191651
1.21396262141
1.21523645744
1.21660612706
1.21966563554
1.22532502226
1.23347695903
1.24267191738
1.25015865905
1.25356653203
1.25246945196
1.24941860465
1.24772319959
1.24948745667
1.25501816096
1.26298052432
1.2708748704
1.27611251555
1.27813324802
1.27877776453
1.28084634282
1.28590715959
1.29312131357
1.30011961722
1.30388384179
1.30310187372
1.29935281428
1.29563570358
1.29457488581
1.29709079023
1.3026786457
1.31002771479
1.31718521612
1.32275434446
1.326747121
1.33074915566
1.33635015401
1.34342120366
1.35021472511
1.35428504709
1.35317061868
1.34636829415
1.33664338717
1.32854622442
1.32503130653
1.32599379856
1.32964983283
1.33388999431
1.33707466079
1.3388098228
1.33977705183
1.34147924577
1.34418871168
1.34676438584
1.34758254717
1.34533783784
1.33947377568
1.33066337332
1.32166340235
1.31710526316
1.31956675452
1.32600049714
1.33074327462
1.33058399697
1.32546539302
1.31738195984
1.30960208205
1.30545517123
1.306825554
1.31234418166
1.31781599599
1.31928638372
1.31520928024
1.3067694648
1.2966522336
1.28831843914
1.28458850378
1.28639660357
1.29165502793
1.29653268932
1.29830101253
1.2966442953
1.29311420845
1.28957569408
1.28704612365
1.2856642622
1.28479291591
1.28393135725
1.28339200663
1.28447444552
1.28829138982
1.29531841652
1.30440761879
1.31303781412
1.31859797759
1.32002727118
1.31841916658
1.31680554127
1.31799365255
1.32361293898
1.33328721638
1.34454501817
1.353589856
1.3576357933
1.35667509564
1.35357108403
1.35176691001
1.35314525103
1.35773195876
1.36394901881
1.3697838793
1.3733631861
1.37405398165
1.37306532004
1.37230146492
1.37280437061
1.37371748038
1.37305069006
1.36892889522
1.3604301497
1.34803552118
1.33415512376
1.32311872117
1.31944106926
1.32365060347
1.33083887921
1.33496792587
1.33325623753
1.32652217563
1.31730247695
1.30919747245
1.30572956455
1.30926994291
1.31847549049
1.32848888111
1.33455710956
1.33527550206
1.33214936248
1.32802249297
1.32543943752
1.32612484669
1.33011886073
1.33516982313
1.33834586466
1.33879748729
1.33809481029
1.33855150149
1.34160579384
1.34745301444
1.35478596422
1.36097480106
1.36310634328
1.35992560364
1.3532651715
1.34741122078
1.34688062879
1.35430430924
1.36923738342
1.38717284443
1.4011876721
1.40612130597
1.40195086941
1.39297258857
1.38409171189
1.37870883078
1.37818111975
1.38196116193
1.38776561494
1.39262577755
1.39431770649
1.39303243191
1.39090501792
1.38992101813
1.39056549429
1.39177836209
1.39155581261
1.38786865211
1.38016263298
1.36980102696
1.35970254503
1.35232479892
1.3487641458
1.3484202085
1.34945012665
1.34974424552
1.34792692613
1.34409347148
1.33991823487
1.33721650762
1.33680834002
1.33780664225
1.33838958801
1.3362466917
1.33003046435
1.32025460472
1.30938191202
1.30051574876
1.29561774995
1.29475848524
1.29641913887
1.29839404381
1.2992655681
1.29919747157
1.30002491901
1.30421016333
1.31309016264
1.32572574484
1.33918372586
1.34972995699
1.35484501809
1.35422003284
1.3504895475
1.3487194858
1.35405912717
1.36914516945
1.39231708144
1.41802078011
1.43926959376
1.45078875171
1.45087598763
1.44190600522
1.42877707705
1.41730592206
1.4120113621
1.41428475802
1.42201622248
1.43060019679
1.43581048032
1.4357696567
1.43104011499
1.42416182314
1.41831985476
1.41664735291
1.42096731507
1.43084773663
1.44357925732
1.45565160659
1.46483901608
1.47052199258
1.47299206242
1.47261116044
1.46962641002
1.46427094818
1.45785051162
1.45262465032
1.45066189167
1.45216131977
1.45583272888
1.4602092733
1.46382589373
1.46588251019
1.46578795
1.46403608443
1.46196660482
1.46199067505
1.46604816423
1.47382584738
1.48270217521
1.48915526901
1.490314884
1.48530434233
1.47578492437
1.46574513489
1.4599279819
1.46086734205
1.46778928353
1.47730855116
1.48521188439
1.48774305556
1.48265244012
1.46968917628
1.452029727
1.43544028226
1.425921771
1.42583376662
1.43286232152
1.44198546856
1.44870644534
1.45077406412
1.4487715129
1.44541130061
1.44445306439
1.44832386034
1.45669442419
1.46613682169
1.47151099212
1.46891385768
1.45726416148
1.43855493041
1.4170826604
1.39814949202
1.38670197538
1.38611415058
1.39619479839
1.41259323504
1.42815025493
1.43691319675
1.43676740573
1.42943598926
1.41826765934
1.40634652155
1.39571954074
1.38734822365
1.38134730652
1.37758379624
1.37591571634
1.37665422464
1.38000603364
1.38590718257
1.39358223709
1.4018062146
1.40867421616
1.41221314965
1.41060166376
1.40349462366
1.3929787395
1.38296213808
1.37732199555
1.37747435342
1.3822299149
1.38889493345
1.39446011798
1.39735565349
1.39796223035
1.39864485457
1.40243309002
1.41083267783
1.42283067189
1.43531968432
1.4444358158
1.44676632698
1.44073685061
1.42749836708
1.41156809196
1.39904252323
1.39496229618
1.39951037538
1.40898902458
1.41798076549
1.4217832778
1.41800813008
1.40696463531
1.39124533424
1.3756785638
1.36547228495
1.36437963587
1.37254983562
1.38681853824
1.40238419338
1.41562759767
1.4251925424
1.43286889088
1.44268910449
1.4586249839
1.48155107619
1.50816612226
1.53223007576
1.54854368932
1.55468142128
1.55138453385
1.54152914048
1.52894469578
1.51770325965
1.51149750259
1.51146508787
1.51536708978
1.51807394511
1.51461750486
1.50331541219
1.4867850275
1.46927424419
1.45545536519
1.44887136252
1.45151597924
1.46238080029
1.47775143613
1.49166401672
1.49950244255
1.5000676987
1.4957740113
1.49034924383
1.4865322175
1.4857300936
1.48714372065
1.4881075007
1.48520571107
1.47546816479
1.45808244558
1.43618232321
1.4156626506
1.40287927187
1.40165346194
1.41157186649
1.42876486269
1.44722386546
1.46219377808
1.47098480969
1.47389056441
1.47285571011
1.47036709421
1.46870222142
1.4689117984
1.47093457944
1.47311060346
1.47327249022
1.47007213882
1.46423850786
1.45809864329
1.45440766636
1.45548128994
1.46189455219
1.47272195407
1.48524381902
1.49620153899
1.50302285574
1.50482236
1.50238177086
1.49758312582
1.49240224545
1.48838212044
1.48603723404
1.48527395641
1.48534217381
1.4853742472
1.48509274546
1.48469994058
1.48515751212
1.48754357187
1.4933897955
1.50357528679
1.51753098912
1.53281396381
1.54597065191
1.55501117823
1.55985443402
1.56137863603
1.56023914791
1.55673777181
1.54969338126
1.53809038761
1.52091132741
1.50072947061
1.48431382267
1.47929519536
1.4875
1.50445419492
1.52400919789
1.54098895465
1.55133852931
1.55139765555
1.53829994364
1.51211731412
1.47837974684
1.44660146459
1.4248032435
1.41462043112
1.41243625135
1.41270817562
1.41050452532
1.40218295727
1.38629068102
1.36396245885
1.34063716304
1.32484253427
1.32376083574
1.33905172414
1.36566336971
1.39547998278
1.42128016234
1.43805450657
1.4443767287
1.44186939206
1.43502797373
1.42931169339
1.42905999609
1.43566966029
1.44730014197
1.45990519455
1.46906417246
1.47148578091
1.46676899463
1.45734330193
1.44843504287
1.44500871297
1.44971795371
1.46124583928
1.47505148849
1.48534474737
1.48804297057
1.48159349747
1.46723633047
1.44884922957
1.43149062192
1.41992546584
1.41702318177
1.42200515668
1.43098008282
1.43743876151
1.4361961396
1.42541812524
1.40728492924
1.38666601686
1.36831567124
1.35607873785
1.35203857957
1.35615045747
1.36637600613
1.37879288377
1.38900966742
1.39390376266
1.39355525021
1.39063594954
1.38826619965
1.38837229897
1.39077966102
1.39379729792
1.39476705252
1.39105594957
1.38075292693
1.36407418793
1.34435077619
1.32687601958
1.31646521892
1.31458794588
1.31924769134
1.32568676078
1.32870698201
1.32423575675
1.30998004918
1.28657250298
1.25802809268
1.23042455969
1.21032438089
1.20140353898
1.20296690105
1.21066022683
1.21855029327
1.22157134553
1.21641551779
1.2024723731
1.1820560392
1.15987940853
1.14225901608
1.13483408995
1.139768728
1.15441143722
1.17235079172
1.18699812062
1.19430379747
1.19359704995
1.18688113641
1.17731295925
1.1684834816
1.16333012914
1.16366297303
1.16946884149
1.17822941496
1.18624210218
1.19005037783
1.18886536833
1.18391100803
1.17816494484
1.17447474296
1.17521776805
1.18150192495
1.19298328011
1.20767120696
1.22213281583
1.23263152937
1.2370142003
1.2357546558
1.23141790701
1.22706559264
1.22482230222
1.22539918307
1.22843375749
1.23214875643
1.23428952
1.23276933372
1.22656921754
1.21725087869
1.20852968897
1.20449964846
1.20749320079
1.21712855861
1.23111832991
1.24611059953
1.25849604092
1.26517906062
1.26412819611
1.25575653751
1.24267551133
1.22896496656
1.21855680301
1.21302152277
1.21107973907
1.20941495544
1.20422739118
1.19262788124
1.17376907573
1.14908169122
1.12205343112
1.09740966993
1.07956362268
1.07147852847
1.07379698901
1.08455596691
1.09972862958
1.11431513903
1.12407333422
1.12707377339
1.1238061705
1.11694952612
1.10985553488
1.10535953551
1.10508764815
1.10876874148
1.1142883245
1.11852630617
1.11822480902
1.11165594494
1.09976478942
1.08552775709
1.07292390549
1.06521833211
1.06410534067
1.06931768796
1.07870067582
1.08874732754
1.09545948295
1.09550634272
1.0877809286
1.07376163564
1.05703655246
1.04140862174
1.02932148627
1.0213836478
1.0165779779
1.01255990745
1.00656964657
0.996172885727
0.980503923998
0.960387574808
0.93851313583
0.918404068062
0.903094368633
0.894242827285
0.891847928882
0.894260276568
0.899100746837
0.90373612871
0.905968359571
0.904571250875
0.900202476443
0.894828994981
0.891450565686
0.892592592593
0.899189741976
0.909766030504
0.921265606572
0.929879058979
0.932817623812
0.929047598828
0.919453924915
0.906449961607
0.893066530716
0.882387681924
0.876787356802
0.877489338798
0.883968839688
0.893775124863
0.902733118971
0.906739251371
0.903246065078
0.892664571938
0.878051593557
0.863338820197
0.852019311825
0.846465191581
0.847576406463
0.854941677175
0.866916513835
0.880802154081
0.893294155531
0.901925463352
0.90618556701
0.907528995479
0.908492119501
0.910985072275
0.915877060275
0.923027219126
0.931673707091
0.940491052851
0.948055777899
0.952965669613
0.954341987466
0.952172434317
0.94795617362
0.944273475838
0.944091486658
0.949258929295
0.959548031686
0.972772177824
0.984895476699
0.991345492781
0.988495037472
0.975202940107
0.953076830684
0.926325353559
0.899918380038
0.878264194227
0.863980703275
0.857872943634
0.858807376897
0.864150383746
0.870177132459
0.873048907388
0.869752102864
0.85974780339
0.845258871437
0.830552359033
0.819882873875
0.81608047371
0.819899605593
0.83020644694
0.844742154524
0.860543077439
0.874782674427
0.885101493681
0.890067763795
0.889539650931
0.884635017866
0.877393428414
0.869893024908
0.863904155628
0.859831972735
0.85703494613
0.853789965274
0.848336673347
0.83934676803
0.826486595444
0.81076830006
0.793850116719
0.777929100741
0.76498190639
0.756623560953
0.753607320221
0.755791355721
0.761895536268
0.770050368074
0.778110071076
0.784660421546
0.78940532882
0.792949611631
0.796375697759
0.80064202815
0.806170720476
0.81282399932
0.81984962406
0.825966731475
0.829392474974
0.828461538462
0.822405977166
0.811864962307
0.799568621185
0.788952395866
0.782876871751
0.782584991627
0.787440186657
0.795687178865
0.804941860465
0.812635794317
0.816412712233
0.814626601856
0.806612157839
0.792990674857
0.775715961931
0.757553956835
0.741529763612
0.730029732408
0.724292216308
0.724045165202
0.727724449464
0.732968071037
0.737228510248
0.73860584595
0.736188998926
0.730239569752
0.721565515225
0.711273629287
0.700357859824
0.689383197448
0.67881742553
0.668835539601
0.659641115138
0.651683897591
0.645534150613
0.64196201714
0.641737952062
0.645360738606
0.652793898193
0.663422513046
0.676171842478
0.689795746827
0.702772816195
0.713695268438
0.721317896936
0.724773056177
0.72384219554
0.719332894448
0.713032472067
0.707140378275
0.703506723743
0.70310198423
0.705928577665
0.711291891414
0.717880735182
0.724065345719
0.728077532383
0.728434202432
0.724365409436
0.716490891659
0.706872704726
0.698542933937
0.694063502394
0.694481398229
0.699268614001
0.706546785343
0.714485559567
0.721179503415
0.725322668606
0.726133296738
0.723512069283
0.718153161506
0.711664726426
0.706466965286
0.705106085335
0.709561901218
0.720541216811
0.736810523886
0.755737478729
0.774094452086
0.788761373508
0.797528387067
0.799381452677
0.79449383164
0.784354510513
0.771033301789
0.756845318251
0.744165250827
0.73494673976
0.730295073212
0.730423162584
0.734437795838
0.740132462186
0.744956836785
0.746548499154
0.744118167345
0.73852102465
0.731440091156
0.724395604396
0.718183831672
0.712975391499
0.708363439306
0.703784471401
0.698626398617
0.692614228139
0.685510624944
0.67745353406
0.668974469926
0.661297141891
0.655959704389
0.654585170503
0.657975643841
0.666042770101
0.67757478418
0.690952925793
0.704264847445
0.715649183147
0.72357615894
0.726923598247
0.725300983365
0.719271412681
0.710230167184
0.700334693503
0.692134426525
0.687651438389
0.687924950512
0.692803572933
0.700679708223
0.709272771993
0.71608408702
0.719205620761
0.717580769387
0.711338538085
0.701653225806
0.690131235703
0.678860653449
0.669585545606
0.663675011809
0.661733035749
0.663478803966
0.667837215654
0.673183702198
0.677912182861
0.681024263021
0.682379170316
0.682739792026
0.683070068854
0.684363131458
0.687368897298
0.692326783868
0.699210307564
0.707692950217
0.717161105975
0.72668360864
0.735374615121
0.742102761333
0.746321442606
0.747895455948
0.747345034437
0.745772568668
0.744145278015
0.742929201946
0.742379282439
0.741863376252
0.740891764914
0.738537141854
0.734153017335
0.72722573976
0.717448918526
0.705043906164
0.691023754467
0.677004947408
0.665230769231
0.657674418605
0.65557550369
0.659345425868
0.668242741589
0.680932038835
0.695394736842
0.709391795229
0.720658276864
0.727502331365
0.729243146138
0.726329442283
0.720293011285
0.713207999042
0.707136535522
0.703534269868
0.70328241794
0.706431703752
0.712323232323
0.71983500861
0.727531758281
0.733853963296
0.737543832608
0.738055322716
0.735677821894
0.731504885502
0.726935453341
0.723172687696
0.721066872826
0.720808207377
0.72210342916
0.724258985918
0.726403775396
0.727588132078
0.726902388863
0.723746341463
0.717970336872
0.709905925565
0.700720055558
0.691959673685
0.68518325154
0.681564818931
0.681324261196
0.684084307235
0.688929613792
0.694738646101
0.700201486834
0.704145351914
0.705521692363
0.703474397261
0.697714770923
0.688504418509
0.676993968456
0.664921465969
0.654602091523
0.648020182077
0.646439984202
0.649772991236
0.656902322051
0.665921409214
0.674593116329
0.681039029536
0.683759004584
0.682201726845
0.676595185708
0.667869797013
0.65751682121
0.647297846404
0.638795757783
0.633273579702
0.631216473438
0.632624113475
0.636779946975
0.64254026754
0.648623142
0.653677496512
0.656661211129
0.65694067468
0.654512277107
0.649767382576
0.643594646272
0.637006237006
0.63105422268
0.626491222398
0.623954076669
0.623755956819
0.62590740442
0.630235978768
0.636220024644
0.643157927571
0.650160434407
0.656458831463
0.661620959093
0.665557096625
0.668597950347
0.671241520745
0.673934557063
0.676961683235
0.680153335696
0.68321868501
0.68555499559
0.686704384724
0.686579182821
0.68524609082
0.682939794091
0.679954068241
0.676567567568
0.67310501542
0.669914071479
0.667456512043
0.666125633578
0.666037132812
0.667080085046
0.668994330051
0.671340403859
0.673697418738
0.675975006663
0.678193510669
0.680452212032
0.68278109723
0.684909548889
0.686505632331
0.687354746439
0.687449966131
0.686980609418
0.686142150277
0.684844026882
0.682767932489
0.679390856103
0.674135638298
0.66688301152
0.658002950686
0.648603773585
0.639824729404
0.632458970403
0.626700680272
0.622341871975
0.619004722518
0.616334991708
0.614120357364
0.612177290382
0.610454677092
0.608877574906
0.607406753216
0.606038269894
0.604938997501
0.604322429907
0.604406740402
0.605311513063
0.607005223945
0.609446709045
0.612491777962
0.616131355322
0.620330501571
0.62501103428
0.629969327894
0.63491967811
0.639421757297
0.642861547949
0.644582062613
0.643926111459
0.64051180732
0.634346779989
0.626021798365
0.616617808721
0.607340055215
0.599417184235
0.593821279053
0.591079332652
0.591180009514
0.593738734992
0.59788374406
0.602467291788
0.606258510964
0.608104706771
0.607253390355
0.603476049173
0.597156129617
0.589143553276
0.58058675418
0.572726759609
0.566688244069
0.56327229836
0.562884167392
0.565431335058
0.570157600407
0.576143502857
0.58202845447
0.586682404422
0.589118198874
0.588718510405
0.585384725605
0.57955835604
0.57201738399
0.563933700434
0.556360158492
0.550262261396
0.546163953769
0.544141166436
0.543888977339
0.544875521962
0.546356483065
0.547704475814
0.54839634194
0.548214795032
0.547190285493
0.54540999252
0.543230268931
0.540905562743
0.538819069381
0.537280758906
0.536519716727
0.53670276775
0.537776035542
0.539497681205
0.541639650388
0.54386417587
0.54597524015
0.547759282971
0.549151588053
0.550162807989
0.550719045046
0.550864962561
0.550429517698
0.549463616389
0.5479332253
0.545878574706
0.543484280212
0.540859121026
0.538179148311
0.535589857737
0.53313484441
0.530887245399
0.528850990443
0.527021829022
0.525360655342
0.523870842343
0.5224609375
0.521101906769
0.519667617268
0.518047337278
0.516178507817
0.514048642337
0.511731815686
0.509398496241
0.507329685225
0.505771301234
0.504895626243
0.504823861544
0.505461839625
0.506582386769
0.507827674163
0.508747570119
0.508992930014
0.508333718085
0.506769825919
0.504435035599
0.501625291951
0.498762467224
0.496309733854
0.494706809821
0.494456652018
0.495942779628
0.499117867414
0.503601880063
0.508669448308
0.513556985294
0.517607988746
0.520436350016
0.521805771764
0.521639699011
0.520035326773
0.517192494072
0.513540333742
0.509750032718
0.506627240422
0.504829132795
0.504680128797
0.506011089847
0.508166836809
0.510397939847
0.512084739958
0.512736724842
0.512128973934
0.510236822002
0.50725793998
0.503631523172
0.49993566484
0.496736342163
0.49440442661
0.493043839703
0.492517891997
0.492694708147
0.493517037179
0.495008020686
0.497161687593
0.499879121942
0.503108305002
0.506491292169
0.509730283373
0.512292585463
0.513719104673
0.513742583848
0.512338680497
0.509842566999
0.506901840491
0.504196657022
0.502435646401
0.502111113762
0.503431022159
0.506253269295
0.510090482732
0.514102081175
0.517374156962
0.519008950817
0.518462903556
0.515754560531
0.511518498067
0.506658225637
0.502125444608
0.498665625203
0.496708007962
0.496357660019
0.497494842322
0.499883974567
0.503181839768
0.506851968428
0.510200578687
0.512394864985
0.512813010509
0.511314706727
0.50848248664
0.505314781022
0.502622279245
0.500698040982
0.499360672208
0.498221889476
0.49681682261
0.494735794111
0.49171553689
0.487708562163
0.482899775518
0.477870514204
0.473415026741
0.470291736673
0.468846067331
0.469062615784
0.470598374785
0.472963943676
0.47565552442
0.478195755914
0.480169059093
0.481164338859
0.480994344338
0.479626463238
0.477301189731
0.474550551683
0.471856105644
0.469629371152
0.468042101112
0.467188646929
0.467116316443
0.46773059106
0.469029967883
0.470913063312
0.473314272099
0.476084800982
0.479064874342
0.482063403782
0.484811496741
0.486998667708
0.488386532978
0.488775981524
0.488159148481
0.486637648601
0.484468831689
0.482056256062
0.479826474493
0.478297952995
0.477828439132
0.478574788335
0.480549252614
0.483423679129
0.486662344278
0.489727134217
0.49221147855
0.493830304433
0.494578523959
0.494576495001
0.494161003159
0.493779065521
0.493923611111
0.495015772871
0.497288170282
0.500438121746
0.503761529345
0.506433047704
0.5079927155
0.508526278942
0.508454405712
0.508291935444
0.508469532006
0.509348370927
0.511216478026
0.514248502214
0.518719855038
0.524558116804
0.531292815257
0.537724779655
0.542371971993
0.544157679824
0.543018443775
0.539550646416
0.534656427645
0.529218828242
0.523913429579
0.519213860874
0.515366742356
0.512452931684
0.510502656314
0.509489250993
0.509396339798
0.510279260002
0.512317383729
0.515545626213
0.520029752417
0.525562098501
0.531689279208
0.537740297928
0.542915300237
0.546492985972
0.548035247854
0.54749971523
0.545339909208
0.542257390922
0.539040781625
0.536486414349
0.535165098739
0.535388005159
0.537390829694
0.54108751251
0.546147547926
0.551989766913
0.557535871653
0.561769754693
0.563913418049
0.563899314943
0.562341098947
0.559882900308
0.55718113612
0.554694874785
0.552756132756
0.551644736842
0.551624504349
0.552656220738
0.554501482291
0.556475857415
0.557823331647
0.558084073212
0.557474154792
0.556488696754
0.555763205629
0.555589349407
0.556132272918
0.557430148716
0.559479870535
0.562208820419
0.565437496405
0.568874594344
0.572138866953
0.574888369755
0.576921927754
0.578278121806
0.579018460153
0.579339628244
0.579215560667
0.57859598284
0.577259232541
0.575212298283
0.572446232905
0.569057595925
0.565259677106
0.561277208436
0.557396720187
0.554011769772
0.551557311348
0.550298380222
0.550056497175
0.550301554492
0.55031473657
0.549338608716
0.547022900763
0.543271051635
0.538244818653
0.532555242279
0.527041115527
0.523093992709
0.521827441945
0.523461638416
0.527106247557
0.531417316282
0.535333238998
0.538330743748
0.540317421635
0.541594590344
0.542568866111
0.543955164131
0.546168588394
0.549029155761
0.551775016968
0.553282975015
0.55285526508
0.550280496539
0.54572488427
0.539773618035
0.533046340846
0.526531762937
0.521442849355
0.518764558709
0.51866586735
0.52030170035
0.522680439262
0.524925595238
0.526466301867
0.526967159231
0.526343784167
0.524795131357
0.522784085775
0.521152993348
0.520312319926
0.520077023277
0.519868488181
0.519113061554
0.517403323128
0.514575917516
0.510598700397
0.505673440605
0.500415362004
0.496177274988
0.494489215454
0.495749591848
0.49898117206
0.502804691484
0.506253207639
0.50886013352
0.51049206082
0.511237080936
0.511485050511
0.511846525609
0.513191160287
0.516200781485
0.520995571843
0.52713420346
0.53389477729
0.540521078816
0.54629415075
0.550327399559
0.552000512952
0.55116243264
0.548503489885
0.545137387193
0.541977719077
0.539368703046
0.537289806159
0.535451721062
0.533672373492
0.531976370875
0.530635170267
0.530131114473
0.530819190001
0.532386363636
0.534317365092
0.53595756224
0.53700012458
0.537123158477
0.536070201694
0.533662667608
0.529707774703
0.524572611442
0.519424360881
0.515558651805
0.513867068518
0.514256812291
0.516339661103
0.519626717134
0.523692286938
0.527938410088
0.53181123084
0.534842463809
0.537129479809
0.539293793646
0.541987600977
0.545215450014
0.548590595766
0.551583897309
0.553791239951
0.554987482811
0.555023212628
0.554007640952
0.552362281906
0.550522107061
0.54892574444
0.547450837582
0.54592887059
0.544199283255
0.542290313471
0.540175532868
0.538088288946
0.536277485748
0.535234276379
0.535536706639
0.537312378598
0.539937829436
0.542375638481
0.54395990295
0.544438752641
0.544096983956
0.543303104878
0.542859139672
0.54354908775
0.546061465016
0.5503480808
0.555176772513
0.558415841584
0.558398679323
0.55471281296
0.548261152484
0.540522247159
0.533168491699
0.527622748146
0.525002676946
0.525945374321
0.530570805445
0.538482500876
0.548538433778
0.558632450869
0.566349002963
0.570401691332
0.571246773079
0.570545153044
0.569718711235
0.569309582803
0.569348580062
0.569726975927
0.570419075691
0.571451241768
0.572841431385
0.574289378957
0.575024279702
0.574041138262
0.571034938829
0.566322562398
0.560560247454
0.554363351333
0.548232135919
0.542884815439
0.539131062877
0.537867962275
0.539329342146
0.542473278401
0.545575981172
0.547377300134
0.547441801779
0.545700325733
0.542291439477
0.537622877569
0.532530747223
0.528656648796
0.527911810556
0.530513102372
0.534300168634
0.536810319362
0.536908100973
0.534797538503
0.53118355776
0.527107431908
0.52398425257
0.523277974408
0.52598559368
0.531417769376
0.537467037797
0.541823123413
0.543502183096
0.542642857143
0.539826199834
0.535945116447
0.532162287096
0.52943000896
0.528081279147
0.527661385361
0.527304600933
0.526321204431
0.524308693295
0.521204459258
0.517288682671
0.513506763788
0.511557580779
0.512606372452
0.515656846396
0.518501534446
0.519606817944
0.518781761967
0.516233408096
0.512042004337
0.506050819098
0.498228951773
0.489313410252
0.481166899617
0.4759691489
0.47453815261
0.476214511041
0.480008927433
0.484795629566
0.489775578238
0.493989779025
0.496459746001
0.496140997581
0.492932319275
0.488440819991
0.485671245651
0.486273425074
0.48959007735
0.49390327914
0.497799233281
0.500332766398
0.501120816263
0.499959693672
0.497145000625
0.493305084746
0.489510782915
0.486544194666
0.484320030263
0.482068183429
0.479308131482
0.476174729672
0.473305239407
0.471587441514
0.472035559289
0.475485761841
0.481952739548
0.489798968687
0.495744445673
0.497242515399
0.494201636775
0.488962131356
0.484292561812
0.482357912529
0.484267131749
0.489977812042
0.497887187439
0.504909724422
0.507942859429
0.505358648095
0.498050564733
0.488689610599
0.480367722165
0.47566353274
0.476026377367
0.481586278948
0.49064218556
0.499843295276
0.505332202936
0.505001755002
0.49987187153
0.493250517598
0.488652824722
0.487801998898
0.490440919843
0.494650554187
0.497736862294
0.497092355957
0.491534451927
0.481861970347
0.470964876568
0.462459629132
0.458986602052
0.461134601832
0.467496298385
0.47528150134
0.481493696863
0.483397479436
0.479849938119
0.47192330268
0.463247597183
0.457829947788
0.457624606263
0.46126340882
0.465578424414
0.467573552673
0.466055431131
0.461525033168
0.455613668061
0.450209205021
0.446879916099
0.446454337498
0.449108191819
0.454256280499
0.460663854759
0.466287780935
0.469148430936
0.468590108016
0.465997464798
0.463589573302
0.462696805383
0.463541326364
0.465755238505
0.468920060842
0.472570044967
0.476412594085
0.480198732719
0.483866236433
0.487337978572
0.490713324361
0.494062227852
0.497256432142
0.500020646653
0.501688354472
0.501406752412
0.49878044059
0.494232209738
0.488805970149
0.483368719038
0.478470901483
0.474147628098
0.470022954519
0.465474699161
0.460068629222
0.454209445585
0.44859689229
0.443966088224
0.440525493924
0.438555066079
0.438399297038
0.440558650806
0.445397608654
0.452404134212
0.45992254859
0.466051488277
0.470167236109
0.472556060384
0.473858421726
0.474762253109
0.475867710646
0.477759664648
0.480624904273
0.484136622391
0.48754789272
0.490214646465
0.491688898009
0.491868880375
0.490480547205
0.487296103555
0.48210744158
0.475336512089
0.467639963397
0.46003996004
0.453450671607
0.448485621916
0.445259187047
0.443373194852
0.441841969221
0.439735301993
0.43656632385
0.432727272727
0.429162923323
0.427412156131
0.429376408715
0.436650921707
0.448557847245
0.461182577296
0.469798657718
0.472584767422
0.470777758531
0.466335160248
0.461261399341
0.457177177177
0.455687911908
0.457587008854
0.46218487395
0.467497633323
0.471399529637
0.472864363245
0.472204026377
0.470208676551
0.4676710403
0.464970909937
0.461687988789
0.457047539616
0.450596845866
0.442382308445
0.432962808578
0.423327218306
0.41491349481
0.40929948146
0.406985619212
0.406244058422
0.404577066149
0.400837278454
0.395630687167
0.390578141288
0.388127254838
0.39070661157
0.399281837842
0.411643237233
0.42337913683
0.430912090864
0.433302275021
0.431494061097
0.427495749332
0.424342903356
0.425274725275
0.431289008484
0.439879219239
0.447920025798
0.454238545724
0.459652023303
0.465742457441
0.474383727718
0.486741889986
0.501121450728
0.511592107105
0.512436480342
0.504400841527
0.492202439128
0.479987923747
0.470027066602
0.463957160511
0.462745282133
0.466098953378
0.471455020176
0.474900584795
0.474281774305
0.470614972047
0.466675753033
0.464905833716
0.466765341603
0.472670233463
0.481914893617
0.492768240343
0.502751723359
0.508513759315
0.506637585475
0.49652805132
0.483335035751
0.474189730517
0.471228421316
0.472189778082
0.474305555556
0.475523878622
0.474317383077
0.469625526677
0.460886131601
0.449586250796
0.43951351866
0.43418511433
0.433983446333
0.436911132555
0.440912998236
0.444651051625
0.44735801217
0.448643094272
0.448443088576
0.44717658359
0.445295530995
0.442850486884
0.439644278025
0.435527401582
0.430698529412
0.426057161071
0.42301409353
0.422035730835
0.422005151383
0.421335497334
0.419040417927
0.414648990376
0.407900530371
0.399174082166
0.391034861378
0.388066673745
0.391323866686
0.396905918331
0.401765956524
0.40509102129
0.407054575753
0.407986281235
0.408370626526
0.409059656218
0.410805227251
0.41352409232
0.416530391521
0.419214849026
0.421235186873
0.422481032233
0.423383409536
0.425190386708
0.429264069264
0.435204520329
0.441572861628
0.447624894482
0.453331715014
0.458757747822
0.464145785877
0.469097032587
0.473269699953
0.47640431734
0.478896718951
0.481104764885
0.482970171356
0.484258147909
0.484391417489
0.483213808794
0.481679819617
0.481156495415
0.482243070728
0.484677923702
0.487985212569
0.492027005305
0.496228491976
0.499147896556
0.498659058488
0.494362094971
0.488281061228
0.482155723138
0.475852859662
0.468651835969
0.459597816399
0.448961652566
0.439164370983
0.433174478323
0.43111872748
0.430746335964
0.429623528272
0.425953919933
0.418687721209
0.408312958435
0.397645774867
0.390324640244
0.387869228563
0.388992519188
0.391367667809
0.393269578703
0.393891402715
0.393532214832
0.392830027522
0.392346844346
0.392365838772
0.393062756135
0.394987153269
0.399030860855
0.405447286862
0.41256386992
0.418299791516
0.422257363115
0.425319048369
0.428671849156
0.433505815753
0.440680508038
0.450079775661
0.459477756286
0.465367594575
0.465709555345
0.461491042188
0.455711661619
0.451881258218
0.452635
0.45790005777
0.46469385859
0.469838612158
0.471841437219
0.470787584459
0.467649411496
0.464103952355
0.462303570353
0.463381488037
0.465971669585
0.467845675552
0.468092960383
0.467141274238
0.466097648323
0.466099237123
0.467509071233
0.468698296837
0.466805869074
0.461184280972
0.453493461436
0.445715073023
0.439542352469
0.436433925515
0.437117643551
0.440711321873
0.444661160897
0.446291664243
0.44446127848
0.439905141117
0.434474485019
0.430541386506
0.429646144172
0.431594170022
0.43450752394
0.436469497712
0.436521328692
0.434802811867
0.432236491685
0.430300057703
0.430482796892
0.433303109499
0.438150770512
0.444088259784
0.450821502632
0.458629637809
0.467910534245
0.478491279424
0.488548989803
0.494665736395
0.49465828751
0.490866054024
0.487520695364
0.486916122551
0.489240506329
0.493683171574
0.499265098086
0.504907471736
0.509782116765
0.513904953483
0.518099520738
0.522629711002
0.526622501684
0.528156359393
0.525486584392
0.517979169313
0.50749554594
0.497644060421
0.49149478282
0.489734255552
0.490962044344
0.492650042542
0.492791226428
0.491484375
0.491143170197
0.493705815279
0.499092843544
0.505999414691
0.512641846232
0.516682906459
0.51556510967
0.509371024735
0.503119805651
0.501795270154
0.505458988171
0.511581096849
0.517601535018
0.521331200445
0.521555587683
0.519498902966
0.519237713139
0.523674706565
0.532263401721
0.542063889087
0.548573205816
0.546666666667
0.533370786517
0.513064767416
0.49570754717
0.487691028838
0.488536109304
0.494135973415
0.499881586738
0.501981424149
0.498629489603
0.491147644641
0.483391887576
0.480251686133
0.485013296732
0.496383091617
0.507863684396
0.512143763214
0.507432974795
0.497211217276
0.486192696193
0.478061183949
0.475190468471
0.477567306142
0.482284781087
0.485501445408
0.485142898176
0.481464991023
0.475956726523
0.470858524788
0.468585751177
0.470668243643
0.47622037246
0.482710757297
0.488136629091
0.492121635792
0.49530332681
0.498686055953
0.50250529545
0.506140413147
0.50810754481
0.507273488762
0.503052064632
0.495862630449
0.487785804722
0.482264941823
0.481807600137
0.485903716768
0.492031923795
0.497855737705
0.501787648971
0.503120243531
0.502035324962
0.499622412514
0.497420882953
0.496577400392
0.497517542698
0.500134934557
0.503633907464
0.506789880718
0.508740583951
0.509717009234
0.510883392226
0.513652000724
0.519304677623
0.52855530474
0.540872085001
0.553529079616
0.562198162262
0.563247132578
0.556552504953
0.546007392426
0.536969572929
0.533168680328
0.535084465055
0.540804209958
0.547045582442
0.55069715972
0.550167173252
0.5467479367
0.54379176151
0.543674078284
0.546572736879
0.550740339473
0.553625263793
0.553056938395
0.548868496773
0.543371398321
0.539277055323
0.53776603552
0.538903294692
0.542812907432
0.549935059312
0.559780143081
0.568841340331
0.573679352457
0.574609324551
0.573740154959
0.572316076294
0.571042844392
0.570545688339
0.571642418636
0.574629268706
0.578478170478
0.581422410286
0.582485418017
0.5820975449
0.581519524618
0.582130916769
0.584759284732
0.589142581888
0.593572778828
0.594701102789
0.588624887046
0.575388228625
0.560923623446
0.550881037959
0.546303134392
0.546107470511
0.549495040577
0.556279970491
0.565799222078
0.576129330254
0.58468594964
0.589424860853
0.588996223581
0.582766160229
0.571618178586
0.559806879903
0.554789199878
0.560438579858
0.571276236328
0.577703523694
0.574492781896
0.563494132986
0.551442477876
0.544850355887
0.546434767523
0.554524659164
0.564884520885
0.572751929898
0.575240013715
0.573805193009
0.573649703403
0.580240051057
0.595215789145
0.614213792296
0.628573585394
0.631918987777
0.625184661828
0.614082083783
0.604074644753
0.598334042683
0.597038825697
0.596093642815
0.59031276901
0.580448714542
0.570459317724
0.562281514904
0.5559566787
0.550870664693
0.546197149037
0.541570512412
0.537315506164
0.533786093073
0.530563360818
0.526883092034
0.522230789
0.518023148433
0.5203125
0.5330685094
0.548401702436
0.560324688181
0.56884324141
0.574527738199
0.576548255266
0.572767549821
0.561428755927
0.547080122551
0.542135880877
0.551044449238
0.566108154074
0.580033824901
0.589452001158
