1.43040422332
1.43440460487
1.43489336493
1.43044592366
1.42148941776
1.41155104049
1.40594722444
1.40810415612
1.41739775287
1.42945457611
1.43865256251
1.44076177559
1.43597242532
1.42851317739
1.4219788089
1.41681770175
1.41078730783
1.40174025137
1.3909697543
1.38298273629
1.38236924783
1.3891617253
1.3994000506
1.40699886804
1.40671905087
1.39834845313
1.38924874052
1.38756836348
1.39383523334
1.4036184675
1.41163230856
1.41264331545
1.40210385635
1.38080001724
1.3599958448
1.35299313052
1.35998877666
1.37210791038
1.3811572972
1.38298266753
1.37714872945
1.36729396496
1.3599601954
1.35985279944
1.36627758371
1.37491633199
1.38155170986
1.38464696223
1.38500284345
1.38442392613
1.38463987266
1.38605536607
1.38773083934
1.38919984233
1.39060683562
1.39293781057
1.39637079143
1.40046904982
1.40370968875
1.40489245044
1.40384207924
1.40166478555
1.40079337463
1.40372333197
1.41033454786
1.41842585353
1.42482812297
1.42758665539
1.42655385617
1.42314390763
1.42026787971
1.42050903726
1.42418783402
1.42933459963
1.43306010929
1.4339769263
1.43189867339
1.42855433222
1.42715231788
1.43057976066
1.43893107977
1.44896462224
1.45730305579
1.46106179869
1.45937101337
1.45388709058
1.44810249757
1.44559309389
1.44737259044
1.45154486977
1.45549849103
1.45700271898
1.45482799271
1.45041675572
1.44722163755
1.44856072656
1.45417291354
1.46050568405
1.46461657855
1.46496322106
1.46192991809
1.45788860858
1.45507330527
1.45480769231
1.45606754436
1.456755604
1.45489289422
1.45046781701
1.44511510387
1.44155663009
1.44058788187
1.44122798931
1.4410663956
1.4387327875
1.43461141839
1.43138545437
1.43270175439
1.43960011108
1.44923950889
1.45703071517
1.45947556615
1.45581223092
1.44763150519
1.43873443789
1.43357487923
1.43423043418
1.43964617827
1.4469134685
1.45332786661
1.45788237461
1.4601494685
1.46027181224
1.45802894555
1.45364193329
1.44787818722
1.4424092037
1.43964340944
1.44174423403
1.44979329352
1.46214575823
1.47505188126
1.48477270698
1.49006887358
1.49255985431
1.49505038398
1.49931618653
1.50472622729
1.50835014811
1.50767856383
1.50236240582
1.49474000601
1.48865755801
1.48820611019
1.49555421271
1.50839837122
1.52034011337
1.52586313831
1.523939922
1.51671757961
1.50762701181
1.49954113132
1.49488752556
1.49393746011
1.49517873942
1.49665165459
1.49787942447
1.49991967871
1.50446895885
1.51247669298
1.5230236584
1.53274362596
1.5383185744
1.53941741895
1.53770150806
1.53455230914
1.53020845156
1.524181492
1.51610320608
1.50694395488
1.49962042788
1.49660426794
1.4983574474
1.50390209294
1.51110794138
1.5172718282
1.5203046564
1.52005725776
1.51833623842
1.51713547847
1.5170199792
1.51735143067
1.51722477404
1.51613853005
1.51507701208
1.51568899811
1.51871772039
1.5232444557
1.52745868228
1.52944752641
1.52750106593
1.52112015019
1.51232236714
1.50553207837
1.50406072106
1.50778298323
1.51359539499
1.51894832966
1.52288604696
1.52642851679
1.53148276127
1.53844068322
1.54589011507
1.55138805672
1.55231212699
1.54628187259
1.53296591141
1.51631086592
1.50411394861
1.50146159979
1.50570327844
1.51117808637
1.51392503399
1.51234836211
1.50734503762
1.50201278712
1.50059723346
1.50469843885
1.51112334802
1.51501408142
1.51371506627
1.50681596884
1.49543785257
1.48185369184
1.4692336589
1.46087437742
1.45818563264
1.45943823834
1.46153572572
1.46203502265
1.46000428908
1.45516381766
1.44756871036
1.43724190582
1.42453023574
1.41045028016
1.39642414705
1.38381218409
1.37376865549
1.36685179772
1.36297640653
1.36091768217
1.35887941239
1.35548073772
1.35042609029
1.3444659852
1.33861502347
1.33355816886
1.32928653119
1.32538050185
1.32105620699
1.3158678178
1.3098709871
1.30352948262
1.29797009189
1.29431378386
1.29304137402
1.29340999558
1.29410183664
1.29345628332
1.29023379417
1.283634702
1.27366523089
1.26224105461
1.25321161826
1.25066116236
1.25512121782
1.26300176138
1.26948304268
1.27137970353
1.26778771384
1.25960299898
1.24935792669
1.24064526858
1.23640421412
1.2368378579
1.23891884992
1.23869858653
1.23385935149
1.22455834383
1.21349301917
1.20427685276
1.1995891483
1.19958359088
1.20141964053
1.20120612238
1.19623967901
1.18624815163
1.17341118957
1.1616911189
1.15512165409
1.15563955044
1.16174671912
1.16913430288
1.17356917826
1.17314406166
1.16871843955
1.16258212878
1.15722251037
1.1538485995
1.15179573513
1.14932627823
1.14513361118
1.13919380131
1.13283711162
1.12822411453
1.1270718232
1.12946949523
1.13318521983
1.1350186728
1.13290831642
1.12683966476
1.11812585699
1.10860088365
1.10027658448
1.09454956391
1.09134045077
1.08907094781
1.08597507652
1.08126342457
1.07513948468
1.06812074781
1.06099434701
1.05445227418
1.04913570953
1.04501589302
1.041423985
1.03755013797
1.03283161946
1.02707265952
1.02053503035
1.01388394446
1.00795252226
1.00333776399
0.999970598612
0.996887022408
0.992940968852
0.987435263653
0.980453066846
0.973100162677
0.966925734024
0.962932123579
0.960975044873
0.959800918836
0.958016528926
0.954382853823
0.948033534706
0.939278937381
0.929949238579
0.922999279019
0.919994395404
0.91980060925
0.919991116293
0.918470660625
0.914353865582
0.908101336303
0.901770152505
0.897820631356
0.897356703472
0.899018411148
0.90024188415
0.898901775634
0.893724670229
0.884753778143
0.874072583688
0.865664051148
0.862697137
0.864679841176
0.868189524813
0.870134432526
0.868706120775
0.863299362741
0.85424368163
0.843399278338
0.834274637438
0.829664594018
0.828578289057
0.827500324858
0.82389382482
0.81711859018
0.807901811806
0.797626706698
0.788263719439
0.781449741963
0.777573572176
0.775240936209
0.772625314717
0.768612227922
0.763251879699
0.757291766281
0.751899898349
0.748056365403
0.745975344453
0.74485577038
0.743301621775
0.740479647759
0.736643987749
0.732786308756
0.729865850788
0.728255481861
0.727616526425
0.727019103461
0.725276543443
0.721797052154
0.716819586291
0.7113964536
0.707080163839
0.705121343975
0.706003517867
0.709153418399
0.713180800222
0.716431750742
0.717636088122
0.716261437297
0.712522499357
0.707020555891
0.700828299469
0.695227400337
0.691386295579
0.689772554802
0.689951719976
0.690777655131
0.691103140583
0.690167345493
0.68770972216
0.68390235114
0.679391032137
0.67534698978
0.672974454555
0.672559900202
0.673221490762
0.673574909939
0.672673313833
0.670080547376
0.665962084682
0.660794820272
0.655577956989
0.651842860296
0.651021452638
0.652947310311
0.655706494794
0.657432365962
0.657565914028
0.656446733709
0.654696539392
0.653021652483
0.652090508785
0.652310764756
0.653498100482
0.654886918611
0.655769471184
0.655987859883
0.65576249946
0.65519850454
0.654164859497
0.652120566719
0.648349617721
0.642695048337
0.636226582419
0.630678466077
0.627083013993
0.625545268406
0.625475328461
0.626150583739
0.626690433749
0.626272126562
0.624315576862
0.620892822218
0.616666666667
0.612646277903
0.609523574304
0.607359221373
0.605566768832
0.603367540102
0.600188309918
0.596190242104
0.59210109043
0.588503738227
0.585535398552
0.582921631309
0.580065478356
0.576426853269
0.571848933635
0.567085164768
0.563530294595
0.562487932033
0.564138430001
0.567679891751
0.571844660194
0.575285236129
0.577090667389
0.576968855386
0.575397122266
0.573735603405
0.57316858786
0.574173886762
0.576230067474
0.578232846123
0.578955417909
0.577611787578
0.574384185999
0.570534277027
0.567877045217
0.567587430309
0.569456384324
0.572140688259
0.573966301558
0.573345282294
0.569567913996
0.563213894539
0.556226851244
0.55091969493
0.548801777496
0.54972851278
0.552375136082
0.554971306553
0.555935305041
0.554453292746
0.550820481862
0.546271462936
0.54241480905
0.540206473214
0.539651403912
0.540043442692
0.540560555999
0.540634005764
0.540311297657
0.540071119993
0.540634583628
0.542415316642
0.545094239915
0.547949619215
0.550165703728
0.551131168333
0.550645718027
0.548977815136
0.546642523012
0.544204559161
0.542148117105
0.54071969697
0.539905828678
0.539496968466
0.53953313253
0.539959254948
0.540856488281
0.542179757277
0.543673347293
0.544859279728
0.545301660711
0.544621740562
0.543025200048
0.541063524345
0.539491137104
0.5386799365
0.538637699997
0.539079848622
0.539456743602
0.539417402979
0.538884283565
0.538491527965
0.538983947786
0.540689695448
0.543359915252
0.546254978887
0.548671482797
0.549913914541
0.549337589785
0.546565774156
0.541735497036
0.535921149477
0.531041816533
0.528683399921
0.529221556886
0.531815615062
0.535246952219
0.538658320041
0.541909143536
0.545339623223
0.549424857383
0.554265522463
0.559603604759
0.564699317227
0.568865113759
0.571544058205
0.572516289626
0.571732927525
0.569535385219
0.566683944021
0.563837018673
0.561558338303
0.559562366696
0.557507798002
0.555130656469
0.552728598631
0.55067427815
0.549605768015
0.549978659838
0.551319899029
0.55261255899
0.552518711631
0.550289209771
0.546014807462
0.540490264975
0.534892399552
0.530216695088
0.527107932812
0.525421626984
0.524321451929
0.522238336959
0.5180756396
0.511896320807
0.504967279035
0.498964225958
0.495359675785
0.494545003719
0.496294424794
0.499721710836
0.503559645772
0.506666081923
0.508248786943
0.508574964639
0.508757187085
0.510057598582
0.512810248199
0.516797137106
0.521102653034
0.524939862933
0.527723179595
0.52943067034
0.530574797009
0.53237704918
0.535744814865
0.540620974548
0.545918591859
0.549973698054
0.551646903821
0.550280439871
0.546209899582
0.540706742124
0.535534912663
0.532194712918
0.531029650068
0.531144964861
0.531158180941
0.529780424927
0.526334890895
0.521024784183
0.515062662568
0.510563212361
0.509510934016
0.512600336009
0.518218438158
0.523650327536
0.526776449357
0.526462268455
0.522723039672
0.516496614856
0.509192607004
0.502874551619
0.499558910018
0.500144969556
0.504025383595
0.509151723497
0.513398182986
0.515298422136
0.514557310801
0.511765521705
0.508049176525
0.505155115817
0.504209755651
0.505510886259
0.508281110116
0.511370758349
0.513915916188
0.515642303433
0.516570673213
0.516917293233
0.516926383665
0.516927147127
0.517294986397
0.518235631086
0.519895263478
0.522169073682
0.524870963322
0.527700132887
0.530279898219
0.532356932291
0.533701761844
0.534305113717
0.53446638815
0.534775012985
0.536008615846
0.538465114117
0.541805710048
0.545226480836
0.547782606664
0.548611764706
0.547030406365
0.54279322163
0.536133651551
0.528053435115
0.520254547181
0.514730798193
0.512800260187
0.514571990667
0.518586858686
0.522551232683
0.524485883583
0.523361272297
0.519691744369
0.514778847377
0.510239632903
0.507316447031
0.506680503308
0.508277130595
0.511613447617
0.515518717059
0.518756845564
0.520197362354
0.519359331476
0.516581276199
0.512908938391
0.509331223531
0.506498329001
0.504464079197
0.502996220153
0.501722791381
0.500503893724
0.499337264043
0.498699639549
0.498975363177
0.500363141171
0.502708803612
0.505691494129
0.508625288992
0.511158248266
0.512906499581
0.514001686415
0.514765463221
0.515692590888
0.517063717149
0.518964596183
0.521088976104
0.522833694175
0.523325449147
0.521769245992
0.518296196696
0.513806752037
0.509559092572
0.50643226663
0.504443720627
0.503430858668
0.50293111871
0.502395687762
0.501097567144
0.498479413993
0.494373704471
0.490370579649
0.488936283658
0.491870781509
0.498832457677
0.508194654564
0.518491442333
0.528742753463
0.537933542434
0.545349321728
0.550062723598
0.551774673689
0.550901402181
0.548682110349
0.54628614788
0.544449081803
0.543163964566
0.542270124621
0.541578187378
0.540955631399
0.540541687893
0.540417726268
0.540607187614
0.540893497583
0.540806293019
0.539946340736
0.538343615629
0.536270515213
0.534277664736
0.533061849851
0.533203529558
0.53495350803
0.538080177793
0.541759560967
0.544995290693
0.546755521381
0.546491265536
0.544251766217
0.540534731774
0.535938981298
0.531483870968
0.527700771954
0.525079818518
0.52355050068
0.522721759521
0.52232498804
0.522057949185
0.521998567905
0.522517808991
0.523850433644
0.526293892495
0.52984571284
0.534136716595
0.538689845241
0.5427404413
0.545810754481
0.547653444504
0.548527360735
0.549132947977
0.549985583062
0.551450749242
0.553511705686
0.55592381272
0.558253443296
0.56008138183
0.560854791829
0.560473990761
0.558948361236
0.55662845272
0.553910804876
0.551272891362
0.548824217718
0.546563192905
0.544392068254
0.542289151827
0.540466672106
0.539325373633
0.5394282793
0.54139631456
0.545633016316
0.551837127004
0.559030798678
0.565939995683
0.571159686872
0.573825361183
0.573848863541
0.57165954977
0.568109302135
0.564231636598
0.561023855679
0.558869214042
0.557616702928
0.556673449393
0.555218514774
0.552730273027
0.5491301059
0.544806165881
0.540476283276
0.536917534344
0.534839019702
0.534429392612
0.535550137884
0.537392741872
0.538719113232
0.538395168248
0.535821441639
0.531289178637
0.52574630811
0.520280158896
0.51578546976
0.512914875322
0.511850126721
0.512472274356
0.514235178067
0.516436543746
0.518102076066
0.518581252752
0.517601442128
0.51567489613
0.513353322641
0.511411304657
0.510052257222
0.50948629757
0.509555814215
0.510031478742
0.510776026198
0.511661475348
0.512659181674
0.51389406243
0.515395948435
0.517204850964
0.5192
0.521211680953
0.523111612176
0.524810274372
0.526483633298
0.528380419168
0.53113336536
0.53546623319
0.541862860506
0.550255847953
0.559882198953
0.569555902538
0.578400641493
0.58574945798
0.591287540886
0.594959122933
0.596904852885
0.597444831591
0.597168999765
0.596565005502
0.59586835284
0.594933250059
0.593322513332
0.590660914054
0.586908130541
0.582290771931
0.577396397064
0.572846704554
0.56926590298
0.567184508909
0.5667941739
0.5678926332
0.570137724987
0.572809231879
0.5752196649
0.576746629312
0.577102078809
0.576360544218
0.574924165824
0.573155579435
0.571356479612
0.56966352989
0.568004097661
0.566091062627
0.563690062543
0.560581188223
0.556821756913
0.552678291741
0.548951290189
0.546415660596
0.545758137966
0.547237374921
0.55062172884
0.55539635467
0.560854330052
0.566389139666
0.571457252802
0.575693818255
0.578908921871
0.581045085337
0.582206914479
0.582500883307
0.582082895282
0.581092663725
0.579505749317
0.577423054865
0.57491768166
0.572187890237
0.569584252069
0.567552127963
0.566603951082
0.567032899204
0.568767821392
0.571330425951
0.573994741041
0.576022102695
0.576789600612
0.575966401467
0.573436800478
0.569459524671
0.564530369919
0.55940821515
0.554945392073
0.551889824024
0.550612842246
0.550990596184
0.552600274516
0.555040378297
0.557916614965
0.561069061901
0.564309807166
0.567455201753
0.57037664538
0.572868446108
0.57474065536
0.575789439096
0.575873202231
0.574917832055
0.573047259339
0.570420556371
0.56745043799
0.564487739743
0.561905621765
0.559772011399
0.558015863478
0.556451126004
0.55480617329
0.552800538095
0.550176624174
0.54689182123
0.543270409414
0.54006312978
0.538259048759
0.538601966904
0.541192892663
0.545488721805
0.550621360911
0.555766257257
0.560327559797
0.563918721923
0.566313514811
0.567512843759
0.567542954283
0.56666058727
0.565274072277
0.563916563826
0.563186240962
0.563429442994
0.564808926403
0.566997943797
0.569497577149
0.571703071576
0.573069631893
0.57333977163
0.572402773419
0.570471527957
0.567928475227
0.565339203522
0.563152356304
0.561866297625
0.56173220396
0.562913352867
0.565483817058
0.56931231692
0.574214153639
0.579847319643
0.585674634644
0.591107062541
0.595652173913
0.598890039107
0.600815665404
0.601542491269
0.601382218578
0.600819164923
0.600195735342
0.599880507842
0.600198831114
0.601295856908
0.603270726384
0.605838509317
0.608664327778
0.611034091625
0.612420241329
0.612370548118
0.610822388107
0.608139936564
0.604839215195
0.601573519732
0.598768341345
0.596757404662
0.595579620658
0.594988104679
0.594737508707
0.594434651221
0.593842602701
0.592761716701
0.591169829743
0.58915407855
0.586972168906
0.584887613582
0.583148625172
0.581969687821
0.581401749128
0.581457447139
0.582046271197
0.583168443225
0.584700508267
0.586672684484
0.589096043385
0.591958396753
0.595355931148
0.599202969092
0.603323720903
0.607387939845
0.611066072152
0.614043232265
0.616154500895
0.617406367601
0.61786759327
0.617687328852
0.617079977168
0.616291049581
0.615512087341
0.615049285923
0.615017263076
0.615377298668
0.616081645276
0.616797426879
0.617284673242
0.617395791526
0.61710448015
0.616431380315
0.615446041524
0.61420907641
0.612769116555
0.611094132029
0.609161701189
0.606894535058
0.604348696058
0.60150350364
0.598470758421
0.595458164572
0.592729534538
0.590714261221
0.589743589744
0.590014017756
0.591415885545
0.593423019432
0.595486055135
0.597049938942
0.597750281215
0.597417235605
0.596156951397
0.594196327363
0.591961299958
0.589970405542
0.588773185812
0.588841899805
0.590252942324
0.59277931371
0.595662807761
0.598197016882
0.599676386091
0.599820173832
0.598716699701
0.596645205015
0.594239048725
0.592048192771
0.59081939973
0.591112654053
0.593179768265
0.596828248627
0.601400762179
0.605830207978
0.60923629464
0.61090504451
0.610666487323
0.608707345772
0.605522216978
0.601763608615
0.598145550347
0.595352536395
0.594001258477
0.59442582466
0.596700372539
0.600440247106
0.604918206551
0.609311599272
0.612874292811
0.61520440038
0.616251086303
0.616203917431
0.615429821411
0.614328377589
0.613146726277
0.612125141838
0.611262665627
0.610489692398
0.609484187604
0.607792291984
0.605042558679
0.601100060759
0.596350295708
0.591922092515
0.589016201565
0.588676484039
0.591102338293
0.59582189692
0.601734942735
0.607742097656
0.612853618685
0.616322671101
0.61768882724
0.616949152542
0.61423780589
0.610148270181
0.60551383335
0.601233069256
0.598427909307
0.5979368783
0.600132786094
0.604592901879
0.610477886613
0.616664186877
0.622070165961
0.626014283544
0.628257718286
0.628801403113
0.62792323335
0.626065420861
0.623674051967
0.621263432107
0.619298416724
0.618026859504
0.617556959602
0.617738638151
0.617941331351
0.617365013438
0.615305691351
0.611209086833
0.605246757872
0.597916236239
0.590082012993
0.582798534799
0.576873611598
0.572970135324
0.571424413528
0.57220478847
0.574973876698
0.578887792419
0.582878065791
0.58574175504
0.586509491912
0.5845660677
0.580117859575
0.573770002388
0.566571299503
0.559449691742
0.553261135585
0.548618376515
0.545915527797
0.545222929936
0.546628317754
0.550094577554
0.555449330784
0.562502017235
0.570834833262
0.579815478561
0.588686352324
0.59652943178
0.602635823867
0.606507652006
0.608015976861
0.607150188163
0.604366960054
0.599966571954
0.594519643447
0.588586921017
0.582798833819
0.577865027516
0.574536148433
0.573502779984
0.575050390527
0.579139155351
0.58508480826
0.591946024446
0.598685189041
0.604367016457
0.608329501035
0.610226628895
0.610120549481
0.608290560143
0.605457948102
0.602296715359
0.599515116942
0.597579381204
0.596685900281
0.596756691584
0.597424052376
0.598326489023
0.598959945521
0.598871450156
0.597805489333
0.595594899994
0.59244437808
0.588694880142
0.584964045739
0.581883694143
0.579882009415
0.579335570267
0.580307692308
0.58271194937
0.586372605181
0.591065623894
0.596471349951
0.602175954409
0.607797647817
0.612806435138
0.616758544653
0.619322054905
0.620473685811
0.620398795863
0.619480937473
0.618057558106
0.61645989366
0.614680468817
0.612776792356
0.610597019228
0.608124253286
0.605497003513
0.602822218228
0.6003347535
0.598281351427
0.596883914856
0.596507906328
0.597316505721
0.599547583394
0.603147462082
0.607825324228
0.613049794455
0.618101477983
0.622297723924
0.624970273484
0.625844121377
0.625040411462
0.622905439232
0.620142390982
0.617408785406
0.615274651743
0.614312582863
0.614787084698
0.616793028597
0.620362763066
0.62523707169
0.631109851348
0.637492182614
0.643867851503
0.649626545855
0.654306039049
0.657596303852
0.659443001701
0.660002387205
0.659535580524
0.658427644485
0.656867220548
0.654985283297
0.652806012444
0.650100138654
0.646665644642
0.642369435256
0.637116546074
0.631209217565
0.624989154013
0.618922395312
0.613441792998
0.608856825116
0.605385810461
0.60321668949
0.602397189502
0.602924063852
0.604700021009
0.607457850843
0.61093908176
0.614637723673
0.618041399902
0.620701234015
0.622299803622
0.622905251904
0.622788225026
0.622321688693
0.622023809524
0.622264171591
0.623423574912
0.625771804371
0.629411073924
0.634336611173
0.640362029301
0.646978189351
0.653347534997
0.658518920876
0.661588812853
0.662212454212
0.660746931314
0.658002497604
0.654852941176
0.651980525335
0.649773420882
0.648502653525
0.648323662153
0.649296696107
0.651314704233
0.654244237955
0.657535148662
0.660492219546
0.662287431275
0.662376206692
0.660662494276
0.657448786779
0.653355535072
0.648939019672
0.644507109858
0.640286459914
0.636307805687
0.632744872948
0.629667855132
0.627244426276
0.625622753358
0.624921155544
0.625059012369
0.626004016064
0.62746448019
0.62917305466
0.630956117773
0.632746579022
0.634365729961
0.635850820359
0.637163240708
0.638332181525
0.639429786668
0.640544801905
0.641986180734
0.643914783025
0.64656154032
0.650024337668
0.654272234842
0.659070223342
0.663849699679
0.668215871254
0.671640767041
0.673790281676
0.674440267474
0.673736580257
0.671949133396
0.669457939146
0.666719699621
0.664319622774
0.662605405752
0.661969093206
0.662541849931
0.66432448633
0.66720729853
0.670878706938
0.674928173353
0.678949937247
0.682447552448
0.685113370366
0.686631611937
0.686919128867
0.686027226868
0.684128898845
0.681419279347
0.678105979849
0.674524087692
0.671049018262
0.66800329015
0.665663474692
0.664198962882
0.663604192187
0.663702698116
0.664263471432
0.664956803456
0.665534519286
0.665818291417
0.665799913325
0.665604567028
0.665332583601
0.6652356263
0.665443607034
0.66612464326
0.667323623731
0.669047298208
0.671267337503
0.673876529668
0.676600441501
0.679264873845
0.681612020912
0.68345249197
0.684628610729
0.685116135874
0.684900265505
0.684065934066
0.682741804389
0.681171207808
0.679596481098
0.678305003917
0.677463394655
0.677302665256
0.677904405511
0.679298221892
0.681329357767
0.683798660389
0.686344682667
0.688725969371
0.690572773
0.691576351483
0.69162134879
0.690696988564
0.688961553706
0.686654673862
0.684240591398
0.682244891043
0.681128205128
0.681196935183
0.682563494279
0.685125017658
0.688416684553
0.691970750072
0.695260005843
0.697918193813
0.699692892659
0.700772270766
0.701439106465
0.702237278566
0.703748867675
0.706394745938
0.710342683432
0.715728263519
0.722318553381
0.729885265482
0.737972285173
0.746157659891
0.753734545029
0.759976247031
0.764069952305
0.765554198353
0.764435518134
0.761741682975
0.758872804762
0.756950477845
0.756803643066
0.758546305437
0.762006203984
0.766752527777
0.772278797004
0.777773252973
0.78231433793
0.784703616879
0.784026622296
0.780113474019
0.773645692467
0.765997052664
0.758363463368
0.751781069773
0.746676208052
0.743139781686
0.741288764519
0.740896195251
0.741722115044
0.743367752184
0.745179884715
0.746440544271
0.746648012125
0.745509439731
0.743242733818
0.740081516659
0.736271110614
0.731973752889
0.72723880597
0.722319662649
0.717447189002
0.712949560183
0.709125124534
0.706268088068
0.704243790683
0.702757399443
0.701403382512
0.699856373429
0.697950687291
0.695766150752
0.693521147005
0.691625049402
0.690544515388
0.690792765745
0.692887356485
0.69697825473
0.703027542224
0.710418261535
0.718219239683
0.725241046832
0.730506437768
0.733271598587
0.733525634422
0.731664425365
0.728479121795
0.724741978516
0.721090611781
0.717990275527
0.715561549958
0.71378637919
0.712463017751
0.711233504602
0.709807664073
0.707977104767
0.70590121873
0.7041303737
0.703331589046
0.704065895549
0.706765041346
0.71137303708
0.717820658343
0.725839347349
0.734950036559
0.74445281755
0.753496727833
0.761102471056
0.76660341556
0.769841608675
0.771169652266
0.77123310529
0.770546239416
0.769432096714
0.767893703255
0.765990639626
0.763740945888
0.761075268817
0.75807777153
0.75491764299
0.75183389816
0.749196005416
0.747367106523
0.746556812592
0.74679084835
0.747851923231
0.749450988221
0.751491765455
0.753698488875
0.755970267278
0.758330051201
0.760542404766
0.762351932668
0.763441276728
0.763420555705
0.762241253504
0.760096651709
0.757475720702
0.755157813703
0.753815245528
0.754285935924
0.756953359007
0.761991901573
0.769024485037
0.777111695545
0.784927669698
0.790872503607
0.793662103881
0.792925925926
0.789255744073
0.783925451369
0.778307032216
0.773667665765
0.770854903121
0.770277892679
0.771914338348
0.775220544991
0.779211956522
0.782545336788
0.78417909235
0.783609204683
0.781492537313
0.779098408727
0.777615440809
0.777684914333
0.77940676365
0.782295926094
0.785665163903
0.788347482265
0.78914783706
0.786755285074
0.780481898535
0.77078055254
0.759882869693
0.750578971746
0.745159228484
0.74415948117
0.746886299719
0.752026110235
0.757997839931
0.763526137187
0.76757307421
0.769308125503
0.768443969767
0.765315034311
0.760690172543
0.7558221303
0.751865291312
0.749609077423
0.749248655489
0.750520649141
0.752572848074
0.75480289172
0.756541200407
0.757527996682
0.757751693382
0.757562936323
0.757289735378
0.75731590559
0.75781026082
0.758974978847
0.760675589547
0.762943860345
0.765736353864
0.76910098819
0.772933917844
0.777001062873
0.780673092632
0.782921021833
0.782555524873
0.779039435323
0.772926582468
0.765510067613
0.758352729184
0.752565388473
0.748878923767
0.747480216576
0.748317515099
0.751140036304
0.755324395821
0.759898114219
0.763703281777
0.765857179248
0.766101555765
0.765181537969
0.76404449899
0.763560666138
0.764030561222
0.765509989485
0.767703994119
0.770024671053
0.771735093872
0.77205517925
0.770472847409
0.767170840565
0.763058696823
0.759326963025
0.757142263068
0.757207953604
0.759654013282
0.763968394743
0.769182141446
0.774226084258
0.778216985839
0.780874505739
0.78227966003
0.7828970745
0.783269045323
0.783755188411
0.784435543203
0.785042926313
0.785073064691
0.783956026448
0.781431181002
0.777804516103
0.773764570678
0.770104228455
0.767673226103
0.76719624481
0.769298003496
0.77428584614
0.781939526015
0.791147569749
0.800370385959
0.808654827516
0.815950671372
0.822905051006
0.830140376328
0.837984873281
0.846248518552
0.8540362591
0.859874971058
0.862018947464
0.859616898452
0.853145674434
0.844513951766
0.835582167904
0.827810994851
0.821726077213
0.817507291131
0.814619053758
0.812198833376
0.809213473993
0.804974277647
0.799588144444
0.793960353679
0.788973519362
0.784946236559
0.781864323321
0.779291553134
0.776550934446
0.772829622217
0.767533818939
0.761074208403
0.754384575795
0.748739039342
0.744875421397
0.742973154098
0.742829323705
0.744258172674
0.746860570492
0.750010989494
0.752493080877
0.752631578947
0.749450101833
0.743710267771
0.737351712924
0.73173739572
0.727289224404
0.723828770898
0.721162477558
0.719126391218
0.718036219801
0.718197914617
0.72013393391
0.724015206665
0.729494683043
0.735969280108
0.742701440249
0.749194438314
0.755127519172
0.760257263251
0.764486305829
0.767918662297
0.770966559407
0.773986865289
0.776989092076
0.779806790853
0.782094665163
0.783382662034
0.783486158031
0.782494665718
0.781020924963
0.780108609968
0.780746140652
0.78306945324
0.786372085164
0.789806996381
0.792480599411
0.793960262435
0.794166181324
0.793125940793
0.791008257722
0.788416793121
0.785977316247
0.78403999434
0.782551252847
0.781187100237
0.779670108623
0.778009143995
0.776521618753
0.775767260422
0.776934029426
0.781168923062
0.788938480652
0.79884751773
0.808487859192
0.815903634756
0.820886022235
0.823922442028
0.825821446475
0.827116212339
0.828121090818
0.82851228978
0.827421555252
0.823761758744
0.817226572367
0.808833577355
0.800322979006
0.7929546414
0.787810383747
0.785635938767
0.787187469598
0.792912019827
0.801900475119
0.81082685932
0.814315749235
0.809489216799
0.798088565992
0.78433841118
0.77163842751
0.762157120448
0.756840632922
0.756074299469
0.759420152989
0.764854984158
0.768967569176
0.768175515055
0.761383004626
0.750748894489
0.740089335567
0.732751893505
0.730670692653
0.734561363113
0.743690409422
0.756071956864
0.76883611844
0.779155831166
0.78508101498
0.786386788085
0.784491594916
0.781588991563
0.779366156232
0.778030232774
0.776699029126
0.774392628971
0.770879430778
0.766604675877
0.762495406101
0.759707804691
0.759370917496
0.762281020949
0.767881596966
0.77359763375
0.776159600998
0.774126139818
0.7688972065
0.762723244259
0.757649061506
0.754978630536
0.755310268064
0.758374106135
0.762318160488
0.76379751462
0.760143093971
0.751862798152
0.741505689872
0.731720168612
0.724076231691
0.719325686479
0.717853881279
0.71951742883
0.722871046229
0.72506815899
0.72366807467
0.719401962044
0.715262808821
0.713488294593
0.715345787135
0.721077006902
0.730208932337
0.740612796636
0.74840390214
0.748589846898
0.73970821898
0.725860812534
0.71335547592
0.70693743802
0.70875354726
0.719347026639
0.736687206843
0.754930099065
0.765418102666
0.763214176596
0.751406216959
0.736769036601
0.724539533279
0.717410997373
0.716911055373
0.723483094025
0.735008103728
0.744582380486
0.742337015715
0.726860903152
0.707202203759
0.691735179576
0.683397005225
0.682465753425
0.688188523805
0.699339867974
0.712908848559
0.723776045647
0.727188218602
0.723101046903
0.716340041212
0.711788147577
0.711601589496
0.715928848469
0.723533252495
0.732615610472
0.740208810797
0.743038237739
0.738846292389
0.730024273047
0.722478793591
0.720943952802
0.725476104923
0.733394243947
0.741602800643
0.747397503577
0.749113885036
0.746337579618
0.740273111521
0.73379062551
0.730808433024
0.733450831994
0.739918956315
0.745447701501
0.746193583469
0.741239173884
0.732512838675
0.722929793985
0.715799527015
0.714126497632
0.719538163063
0.73090717804
0.743163922691
0.749446928689
0.745884202738
0.734436420148
0.720453713868
0.709102718753
0.703821807625
0.70574644841
0.71374841169
0.724215481172
0.73217048061
0.733904423253
0.729184688581
0.721315917836
0.714971366239
0.713575610295
0.718600596209
0.729344892921
0.742071140704
0.751072961373
0.751018744906
0.740851931574
0.725548956574
0.71251373842
0.707053815749
0.710776269332
0.722205707491
0.73765
0.752224538567
0.760976366551
0.760580284924
0.752287853577
0.741336063476
0.734405531339
0.735540035412
0.744945795488
0.759690304764
0.775389139583
0.786861005492
0.789520132377
0.781993495749
0.768567293777
0.757990342607
0.757761529809
0.768336805175
0.783370038137
0.794187834756
0.794357169127
0.782714894502
0.763368162262
0.743045756904
0.727561872577
0.720082836152
0.721364062577
0.729797098559
0.741827580964
0.751814298214
0.752967895117
0.741633335021
0.722219518131
0.704704238472
0.696547984818
0.699066594866
0.709530323757
0.723234034543
0.734768599883
0.738821752266
0.733121443584
0.7205609404
0.70818045579
0.703038529811
0.708589777897
0.724567551032
0.747775516138
0.771556145538
0.786508615422
0.785594639866
0.77154778235
0.755565279221
0.747919909818
0.753371030883
0.771396396396
0.797481698389
0.821432842961
0.829388618077
0.814687638458
0.786583479427
0.760395163669
0.745039730902
0.742287114356
0.750535723619
0.765572782556
0.780217292893
0.784270426363
0.771339631915
0.746548782379
0.721930433059
0.706455721003
0.702724279014
0.70956053626
0.723617548777
0.739190764278
0.748240813135
0.744201348906
0.728655282818
0.710472279261
0.698418614557
0.696621807196
0.704649303176
0.718683526353
0.732178307165
0.737047253538
0.728540330647
0.709452449568
0.688474053776
0.674453223405
0.672048901447
0.681437885869
0.697729988053
0.713313413015
0.721517626827
0.720462011232
0.713399636403
0.705866182858
0.70328857533
0.709724492178
0.725753680767
0.746150809317
0.760897097625
0.763168277767
0.754535905271
0.7416029426
0.730817864549
0.726472471191
0.730694064437
0.74300779459
0.759097692573
0.771536637688
0.77454848569
0.767778336406
0.756155221127
0.745769881557
0.741817262732
0.746091469348
0.755721231767
0.76397515528
0.764978381717
0.757369614512
0.744149765991
0.729713989906
0.718466195762
0.714551595781
0.720145414637
0.732837000922
0.745486025229
0.751911292676
0.751618398637
0.748014852899
0.745751787179
0.748479922943
0.758462666504
0.774005111355
0.7891188928
0.796710027416
0.793895332064
0.783037475345
0.768401837239
0.754724855422
0.746045903199
0.744110479285
0.746107049171
0.746115953013
0.740408516157
0.729627570873
0.716571628069
0.704908012958
0.698509743982
0.701154674147
0.714127170649
0.732775150198
0.747531209242
0.752279542256
0.748532229158
0.74150006367
0.736444885799
0.73749397922
0.746772591857
0.762127537066
0.775696926376
0.779140249425
0.770491803279
0.75537581377
0.741113782572
0.732624853306
0.732598299681
0.741366289049
0.757580112085
0.77770208901
0.796742153357
0.809212359643
0.811118372682
0.803839278775
0.794977298524
0.791704007169
0.793934358122
0.797493213192
0.798579728857
0.795025362097
0.786208664445
0.772848743987
0.758126457276
0.747453894853
0.746290801187
0.755253883305
0.769206288588
0.782821851522
0.793488249967
0.801107266436
0.807183781401
0.813452362629
0.820839521613
0.827771384733
0.832036172263
0.83264477785
0.830038660734
0.825007546031
0.818469073387
0.811927730543
0.807924034054
0.807825812559
0.810994256732
0.815287988009
0.819243840272
0.821951934349
0.822373571317
0.819293959053
0.812069571328
0.804303559206
0.8017282011
0.80467457749
0.810120481928
0.815763888889
0.820838167053
0.82510319523
0.82898596686
0.833148821762
0.837931816464
0.842771770063
0.846723334247
0.849076116933
0.84947935368
0.847526849191
0.844172066516
0.842479908152
0.84600155554
0.854821165782
0.865874977395
0.87657920311
0.885906902087
0.89262159934
0.894540497884
0.890124681213
0.881706996318
0.87529228371
0.874368106618
0.878439278937
0.885272213662
0.891481014432
0.891396332863
0.879274611399
0.856628840299
0.833968980422
0.819205581737
0.813083522584
0.813434865379
0.818222288173
0.824836705433
0.830045026607
0.829129437811
0.821279707495
0.811153184165
0.803230036579
0.799009612584
0.798082917706
0.799795534473
0.802998279676
0.806446613978
0.809309951526
0.811963482763
0.815480352398
0.821166241943
0.829454867542
0.840738243722
0.853941136671
0.866585167074
0.875919758346
0.881171674468
0.88379040907
0.88580271407
0.888408516192
0.892051030422
0.89687174974
0.902277851201
0.908467524463
0.915807832567
0.924398046809
0.933704135642
0.940910766962
0.941987973116
0.936515513126
0.929025423729
0.92379573572
0.922472948007
0.925528205843
0.932754230942
0.942891089109
0.952711987713
0.957232404983
0.95356131895
0.942921348315
0.928203964291
0.911769278607
0.895709883859
0.882535978219
0.87477665277
0.873017007289
0.8750356837
0.878571964299
0.881289692233
0.881089459699
0.875790458372
0.864500466853
0.850280504909
0.838955823293
0.832508564903
0.829494856441
0.827156497815
0.823699172984
0.81881792868
0.814521481747
0.815050824293
0.822505985634
0.834381712182
0.846249225046
0.855537590946
0.860904165256
0.862034046268
0.860035195777
0.857500652231
0.858044702269
0.863334174872
0.873163770671
0.885601079076
0.898366759753
0.909991532599
0.919471051962
0.926514568914
0.932498260264
0.938929938574
0.94732061762
0.95837917125
0.97163961335
0.985330948122
0.996002085868
0.999409731006
0.994722084777
0.985040464318
0.97542936971
0.969788266801
0.97031667961
0.977821675496
0.990312063344
1.00131752306
1.00181175831
0.990123043442
0.974327250232
0.962662095692
0.958675799087
0.963892737794
0.97835613988
0.999609794166
1.01807007888
1.01894089647
0.999088506061
0.970578373847
0.946228710462
0.930153463293
0.922492799162
0.920720555962
0.921025641026
0.918644536653
0.911433462474
0.900590023243
0.889634703196
0.883208281888
0.885825925564
0.89833768242
0.915050013765
0.928540531188
0.936572543034
0.940958759253
0.944459317334
0.94941308286
0.95579405334
0.959595518379
0.956023380226
0.946557492516
0.936854381873
0.930216569268
0.928034682081
0.930738920258
0.93794293924
0.946847708157
0.953083952322
0.955312190287
0.956654053296
0.960491836323
0.967859059407
0.976478527016
0.980217990935
0.972029841034
0.952031596602
0.929661805771
0.914463566459
0.909819440464
0.914063322994
0.922689939655
0.929832911646
0.930480945459
0.923791418401
0.914961653451
0.913001835741
0.924308313699
0.946113438394
0.967163872558
0.976031744076
0.968030275725
0.945695665716
0.916353667226
0.889742600053
0.874182237492
0.871777285555
0.877563730859
0.884169195074
0.886321214949
0.882641121536
0.875661108304
0.87108506769
0.874357082402
0.885933440554
0.900913786253
0.913497175701
0.920181105967
0.920587341348
0.917102062401
0.913675861425
0.913228832561
0.915961747018
0.920197191515
0.923830138116
0.925791584877
0.92689615124
0.929379710629
0.934950014847
0.943460155215
0.953209807224
0.962572987461
0.97006154457
0.975212002609
0.978102787011
0.979668083221
0.980946253588
0.982213009575
0.982272409313
0.979402584021
0.972392454337
0.962672281776
0.953381008419
0.946851078636
0.943947939262
0.944040893193
0.946024868124
0.948844527485
0.951057748435
0.95173897237
0.950765985233
0.948589882457
0.945905357053
0.943248710428
0.940918576187
0.93889982287
0.937189042687
0.935782933696
0.935282378767
0.936433544633
0.939967573255
0.945621392594
0.951488470045
0.955071987513
0.954682258996
0.949871954418
0.941428101349
0.931717343077
0.924314640899
0.92155700036
0.922794269436
0.925683906266
0.928080981201
0.928766092341
0.927944778983
0.928192361406
0.933386738274
0.943290734824
0.954176175262
0.963844476744
0.972090318829
0.979663319676
0.987193661323
0.995176342262
1.00354147709
1.0115400985
1.01786827841
1.02117350006
1.02052076037
1.01580481622
1.00829354438
1.00049971638
0.995659357585
0.996476104494
1.00361563274
1.01287463697
1.01531775435
1.00556330063
0.987473134787
0.968534601187
0.954178938728
0.947671389227
0.950516902391
0.961028848609
0.974045334658
0.984209510328
0.989743247749
0.992452028606
0.996123559636
1.00505287706
1.02148407996
1.04060177935
1.04954840754
1.03996097042
1.01758654247
0.994334540726
0.980013537157
0.980120295157
0.995086630463
1.0199397758
1.04652280739
1.06771548733
1.08088419995
1.08806241638
1.09363183482
1.1009665739
1.10925693172
1.11203886207
1.10069762303
1.07451742291
1.04408366869
1.02151982845
1.01345222301
1.02224734195
1.04706903577
1.07779040945
1.09102113314
1.07481587192
1.04678732079
1.02532647999
1.01631178586
1.01914117709
1.02931958919
1.035371137
1.02228657769
0.989587511431
0.953016381551
0.925084612357
0.911154345006
0.916811264684
0.951165693398
1.00899647561
1.03866681189
1.01765062677
0.987063597284
0.971403976569
0.976153122058
1.00274612772
1.05015714694
1.10504847317
1.12559207276
1.07129261602
0.979886735912
0.912793672947
0.884286623625
0.884710204476
