1.34039504203
1.34283927637
1.3506852487
1.35871841911
1.36194699155
1.35939334776
1.35537282075
1.35604619752
1.36474088425
1.37958747822
1.3938144624
1.39953424579
1.39501214666
1.38681345699
1.38331643814
1.38737478388
1.39667464716
1.40430456529
1.40315733616
1.39227111204
1.37803941643
1.36777041943
1.36469492315
1.36750838555
1.37126488997
1.37039169801
1.36377342735
1.35606035701
1.35030864198
1.34651265173
1.34282461349
1.33731989418
1.3288828855
1.31980596965
1.31483200495
1.31594097506
1.3197094431
1.32170099161
1.32028025722
1.31598440546
1.31140609636
1.31040202966
1.31455533314
1.32129963899
1.32655642902
1.32742653606
1.32405935347
1.31869961444
1.31430798545
1.31240389544
1.3127165188
1.31357214934
1.31325098731
1.31147952776
1.30864503344
1.30631790744
1.30491803279
1.30456968774
1.30518551968
1.30747797274
1.31233416724
1.3201247338
1.32908047713
1.33516035849
1.33555153707
1.3310139165
1.32539626629
1.32261929936
1.32481468408
1.33122629583
1.33773415359
1.3392700533
1.33412353483
1.32526916591
1.31737107406
1.31326160228
1.3131943091
1.31476449275
1.31474027219
1.31154738757
1.3069575399
1.30460225541
1.3068837718
1.31327863871
1.3207306712
1.32535856334
1.32522018567
1.32237035297
1.32118703358
1.32488613804
1.33380447585
1.34572092192
1.35587017818
1.35965593453
1.35552822675
1.34759631776
1.34161284981
1.33993506494
1.34065816272
1.34060295061
1.33719688068
1.33061594203
1.32330189679
1.31856684379
1.31784892237
1.32044660093
1.32382541586
1.32569404656
1.32556812286
1.32485555097
1.32557422537
1.32820618345
1.33174397512
1.33459198657
1.33513599491
1.33340428929
1.33093715313
1.32926829268
1.32906510336
1.32891978938
1.32731376975
1.32364371211
1.31840066988
1.31320873583
1.30952132652
1.30761316872
1.30646963234
1.30462439418
1.30179701341
1.29876026733
1.29704597996
1.29789641516
1.3008645828
1.30405199553
1.30539952432
1.30444060563
1.30255936811
1.30175402287
1.30337428083
1.30723728203
1.31105137698
1.31272818205
1.311728242
1.30959568466
1.30831683168
1.30945445569
1.31272032902
1.31600600165
1.31715272448
1.31555512999
1.31234063026
1.30928633679
1.30793450882
1.30873255647
1.31040323719
1.31131422241
1.31079103795
1.3096570066
1.3094124728
1.31095258078
1.31441454005
1.31858528551
1.32151638428
1.32254665203
1.32311196776
1.32536903232
1.3306179396
1.33867898886
1.34760965109
1.35384414112
1.3546920389
1.35134134299
1.34746843253
1.34565788925
1.34601211402
1.34698651695
1.34680842123
1.3445288878
1.34167818361
1.34143893778
1.34593718651
1.35468694868
1.36491662012
1.37326430693
1.37715645449
1.37664448228
1.37540784582
1.37710463304
1.38241356512
1.38926336062
1.39428500844
1.39438730899
1.38881540878
1.3809118541
1.37608201364
1.3769771529
1.38235294118
1.38897710179
1.39430754701
1.39740498838
1.39971663863
1.40482609272
1.41557416583
1.43070213694
1.44458020597
1.45150135691
1.44911988791
1.44005057551
1.43038633309
1.42627427184
1.42937062937
1.4372225182
1.44580166486
1.45209828824
1.45495077095
1.45571435179
1.45776566757
1.46358232789
1.47134119703
1.47694725812
1.47794799347
1.47475200862
1.47005469462
1.46775675179
1.47194915642
1.48367512142
1.49808597703
1.50782939701
1.50995570464
1.50700268004
1.50349711488
1.50318302387
1.50816462736
1.51743592022
1.5262256194
1.52900582273
1.52387604775
1.51518193225
1.50897355819
1.50892968652
1.515185555
1.52465605835
1.53248407643
1.53495551854
1.53177311228
1.52622586029
1.52197715636
1.52100643651
1.52274740938
1.52462243083
1.52355943487
1.51866801211
1.51231544452
1.50828844483
1.50892424767
1.51378784729
1.52039395838
1.52563967937
1.52769556025
1.5272617483
1.52696693681
1.52996559841
1.53818924935
1.55092999414
1.5649011222
1.57640330747
1.5835673389
1.5869204382
1.58845269073
1.58954065798
1.59058983159
1.59095727332
1.5905841755
1.59001543586
1.59119297968
1.59525454964
1.60103587766
1.60584467271
1.60719230769
1.6040989067
1.59757068897
1.59064985139
1.58760572414
1.5915146709
1.60167403293
1.6130332029
1.61995745504
1.61915315525
1.61159943494
1.60084749119
1.59151394422
1.58693222639
1.58719840479
1.5892059949
1.58940132683
1.5861971831
1.58112118379
1.57751858393
1.57936081366
1.58812823164
1.60171896204
1.61420079798
1.61977676593
1.61706214237
1.6089853569
1.6004781829
1.59545743329
1.59503286496
1.59712844393
1.59760332786
1.59373706199
1.58553811659
1.57590019423
1.5681290709
1.56460600621
1.56571725263
1.5695320763
1.57261751679
1.57301514779
1.57124855613
1.5695116353
1.56975826698
1.5727735369
1.5778725887
1.58325822849
1.58737042522
1.590390598
1.59381776875
1.59860359574
1.60448722536
1.60942427576
1.61089595591
1.60715616847
1.59965408111
1.59302241504
1.59221076747
1.5990428556
1.61181558308
1.62627096387
1.63697241036
1.63907335907
1.6314008919
1.6187981627
1.60896497353
1.60774909132
1.61606131541
1.63070460187
1.64573386724
1.65516045768
1.65607634231
1.65080577408
1.64452120514
1.64123029005
1.64208897178
1.64605130277
1.65048939641
1.65223208855
1.64933111692
1.6432012848
1.6379060163
1.63650448191
1.63935340022
1.64448125282
1.64925996205
1.6512040462
1.64892282721
1.64349623926
1.63704522683
1.63113194728
1.62544900034
1.61842015662
1.60867782713
1.59611077174
1.58331123193
1.57530793286
1.57569984328
1.58315491089
1.59264424972
1.59977057109
1.60179955968
1.59798369939
1.58911826104
1.57817109145
1.57028683346
1.56967509025
1.57451259552
1.57949162334
1.58088321769
1.57817037754
1.57290434999
1.56765592763
1.56520349116
1.56712476936
1.57270496445
1.57901303887
1.58308364544
1.58386954328
1.58229634381
1.57977821265
1.57758421591
1.57581770678
1.57345365053
1.56869649491
1.56090435666
1.55121890001
1.54194274284
1.53517595813
1.53173528207
1.53115511134
1.53197149644
1.53217446271
1.5302648965
1.52618079449
1.52113070249
1.51672850959
1.51427868802
1.51438870899
1.51660998421
1.52013301088
1.5240769254
1.52791401756
1.53119956147
1.53340071671
1.5333149273
1.52958579882
1.5211745965
1.50866729345
1.49483355755
1.48367935894
1.47772380291
1.47708646931
1.47966905743
1.48263998394
1.48333623643
1.4802535491
1.47347271563
1.46496668964
1.45812489461
1.45521607487
1.45569792432
1.45694625762
1.45615623029
1.45177961157
1.44355905955
1.43259288717
1.42136742446
1.41363674298
1.41279303956
1.41841521885
1.42586245716
1.43068043893
1.43180342606
1.43072733751
1.42953404272
1.43036130536
1.43439493847
1.44093526898
1.4465687681
1.44741555783
1.44227745372
1.43293414703
1.42226387587
1.41224163222
1.40425937526
1.39876692723
1.3957368695
1.39394346518
1.3919595356
1.38878861327
1.38454592363
1.37933743617
1.37289224346
1.3645018329
1.35307219021
1.33802301697
1.32022915844
1.30207307811
1.28671289565
1.27643113572
1.27134798677
1.27002364724
1.27002785515
1.26900617318
1.26597214546
1.26198948867
1.25914981294
1.25907892613
1.26213020917
1.26745858414
1.27359116609
1.27878483156
1.28169162624
1.28236220472
1.28229452502
1.28369182636
1.28780449637
1.29403769245
1.30059242949
1.30497162077
1.30525595833
1.30079911677
1.29297909728
1.28465301211
1.27885418843
1.27697888666
1.27887426901
1.28301196635
1.28760425654
1.29118192988
1.29305664317
1.29337358805
1.29277527099
1.29160423663
1.28955154759
1.28578382394
1.27971421281
1.27136279224
1.26188359036
1.25334350369
1.24781400566
1.2461133272
1.24740683826
1.2494370522
1.25002552062
1.24766485964
1.24244042624
1.2358745538
1.23020678331
1.2274068323
1.22784016715
1.23014181598
1.2320139605
1.2315057956
1.22811685202
1.22275362706
1.21737962167
1.2137683118
1.21233991752
1.21165269753
1.20881789482
1.20129991708
1.18835970422
1.1713683656
1.15300028937
1.13637563345
1.12412438973
1.11761416589
1.11609302326
1.11673161997
1.11591610277
1.11120452461
1.10249711099
1.09148076059
1.08024583406
1.07045831866
1.06308683957
1.05816686251
1.05489223532
1.05197346685
1.04838263059
1.043946704
1.03909552515
1.03421132304
1.02932228954
1.023969766
1.01767906892
1.01055054175
1.00369124972
0.999070245406
0.997671379351
0.998780830911
1.00063601244
1.00160525181
1.00041634013
0.996346986264
0.989469668066
0.980889924943
0.972882132763
0.968416059123
0.969120217518
0.973753218833
0.97860206329
0.979617629487
0.974312515768
0.962795501492
0.947855437179
0.934089395992
0.925951477521
0.925416348181
0.931255879586
0.939996629024
0.947629561636
0.950808746251
0.947504826382
0.937559309167
0.923212418121
0.908595909342
0.898209366391
0.894227606622
0.895767166794
0.899873327091
0.903482115476
0.904486743712
0.902378008454
0.897927190385
0.892702490627
0.888363374189
0.88588580045
0.884995935757
0.884614319346
0.883539219193
0.880866723423
0.876298005604
0.869775095996
0.861527985837
0.851905567642
0.841325402674
0.83042394015
0.820032204499
0.811089059787
0.804041853217
0.799027552674
0.795571302037
0.792880841542
0.789931958602
0.785656050285
0.779244087838
0.770483594677
0.760276845638
0.750397373427
0.742644958583
0.737810583221
0.735363975674
0.733913910238
0.731922398589
0.728082191781
0.721831170878
0.713455474186
0.704187673629
0.695995145631
0.69059854522
0.688395170357
0.688207410274
0.687964588997
0.685833053006
0.680828541872
0.673220567683
0.664345269652
0.656070406617
0.64986578468
0.645879679464
0.643071170027
0.639699487873
0.634429921183
0.626664675279
0.616936708861
0.60669981546
0.597999382843
0.592492408197
0.590171755725
0.589254894226
0.587283433911
0.582523094828
0.574679526309
0.564394972358
0.553020541196
0.542143279439
0.53347014053
0.528220460159
0.526691583967
0.527969718525
0.530281425891
0.532007519541
0.532279509529
0.531291611185
0.529857397504
0.529058663029
0.52967777009
0.531668175257
0.533998164872
0.535358363406
0.534981877146
0.532914983651
0.529711084473
0.526164390415
0.523037586295
0.520890206172
0.519830250956
0.519466624915
0.518913775812
0.517345627693
0.514692060351
0.511589160582
0.508956176081
0.507494487526
0.507506904343
0.508899059242
0.511102564103
0.513213652824
0.514397304335
0.514312399031
0.513319851197
0.51217877095
0.511467661692
0.511279891713
0.511348667545
0.511060474167
0.509722903701
0.506666666667
0.501761292996
0.495416377783
0.488721994639
0.482950039651
0.478997503454
0.477039848197
0.476472914195
0.476241678296
0.47545575711
0.473667690514
0.470987239758
0.467951601295
0.465110470265
0.462874361687
0.461418168238
0.46070184584
0.460560163481
0.460708632656
0.461120133865
0.461893420661
0.463338494581
0.4656133829
0.468640367482
0.471925472128
0.474703737466
0.476133982886
0.47563391939
0.473216950164
0.469661480806
0.466149212801
0.46386878214
0.463491061018
0.46513372867
0.468330041905
0.472130520071
0.475367411382
0.477093654164
0.476994045518
0.47548463357
0.473378161717
0.471465471027
0.47023424678
0.469803584084
0.46987551443
0.470027768578
0.469779876571
0.469024620524
0.468182458116
0.467705088266
0.467846553002
0.468589667809
0.469713562581
0.470970493778
0.472127681518
0.473018793534
0.473534148209
0.474034896684
0.475147870172
0.477608424227
0.481424533635
0.486040750742
0.490734463277
0.494959349593
0.498308419512
0.50044499382
0.501135790005
0.50069830629
0.499886937514
0.499815693117
0.501225607998
0.504048823348
0.507567104512
0.510920399209
0.513429904247
0.514579117008
0.514167382191
0.512386904912
0.509946063635
0.508076674564
0.507916053019
0.509966110764
0.513698328936
0.518226056182
0.522744220731
0.526702984588
0.529877990201
0.532414031279
0.534640030155
0.536982548701
0.539797579087
0.543110025942
0.546777811767
0.550367099656
0.553558441558
0.556105784427
0.558145737757
0.560085952189
0.562617374041
0.5664930371
0.57213187734
0.579377773192
0.587652302741
0.595979181549
0.603478439848
0.609550708719
0.613994340328
0.616996348973
0.619126727026
0.621046160724
0.623599910394
0.627257753832
0.632236915213
0.638231872819
0.644620762359
0.6508637558
0.656637418624
0.661928146808
0.666850909091
0.67172146775
0.676716917923
0.681844768088
0.686937913883
0.691699604743
0.695705453128
0.698740664014
0.700824941076
0.702210663199
0.703231292517
0.704019128472
0.70457530648
0.70479311987
0.704391843309
0.703306444464
0.701450943568
0.699101102771
0.696830457614
0.695417620676
0.695654892154
0.697783434745
0.701553254438
0.706298633662
0.71120939454
0.715466423579
0.71841548231
0.719807923169
0.71975429538
0.718822187783
0.717747273303
0.717190073258
0.717379045901
0.718026211727
0.718610762024
0.718619886446
0.717764316195
0.716022911753
0.713667711599
0.711283080157
0.70966709347
0.709519417321
0.711245344434
0.714644530891
0.718972853119
0.723603306758
0.728157596537
0.732657833203
0.737356272154
0.74251998038
0.748365634944
0.755026255476
0.762414545455
0.770195392243
0.777764781566
0.784434654919
0.789716858192
0.793483814734
0.796081321786
0.798063580169
0.799922136067
0.80193236715
0.804387817674
0.807103787302
0.809887922908
0.812292648856
0.813735006587
0.813884988184
0.812571853655
0.810027444943
0.806593260371
0.802569124042
0.79826543497
0.79375562894
0.789117015566
0.784419617241
0.779995932755
0.776395620784
0.774373165052
0.774577521459
0.777165748623
0.781850379231
0.788086824836
0.795365479639
0.803207148547
0.811272175784
0.819265857338
0.827248831776
0.835526802218
0.844878339606
0.856149272707
0.869594493491
0.884648450641
0.899865490958
0.913456503852
0.923875951551
0.930072300045
0.931937767347
0.930186524553
0.926137015645
0.921539287907
0.918032157796
0.916688979842
0.91782227119
0.920955605719
0.924867095431
0.928204375275
0.929882472432
0.929654924515
0.927720753907
0.925026814444
0.922532936066
0.920740526468
0.919947458678
0.919627406944
0.918984056359
0.916849503551
0.91235813367
0.905495879929
0.897261519438
0.889432414934
0.883655322644
0.881010943571
0.881795422031
0.885284268894
0.890292142987
0.895236703682
0.898513038383
0.898678735674
0.895410191543
0.889118432769
0.881195411975
0.872942155062
0.865295860026
0.858367473405
0.852013132884
0.845677939592
0.838933910857
0.831537331187
0.823806204252
0.816688522327
0.811501597444
0.809611274379
0.811736101984
0.817721354589
0.826533247256
0.836674737692
0.846393458581
0.854114876357
0.858589857798
0.859420674993
0.857023857124
0.852962716378
0.849402786994
0.848295266468
0.850713101161
0.856393113822
0.863937978198
0.871514526388
0.877532485678
0.88091440723
0.881489720498
0.879739272135
0.876716320064
0.873622363331
0.871451994899
0.870648389904
0.87090503276
0.870907923829
0.869106809126
0.864138195243
0.855776179497
0.845186573522
0.8344346176
0.825525861193
0.820090516215
0.81889655646
0.821898773752
0.828430682618
0.837034664389
0.845941587529
0.853170906485
0.85726474457
0.858105972822
0.856642143254
0.854133627525
0.851796923501
0.850088489433
0.849246935201
0.849126034959
0.849516123273
0.850201409869
0.850798006788
0.851119133574
0.851109674639
0.850995024876
0.851349931716
0.852581545138
0.854966752612
0.858159122177
0.861195474418
0.862814439181
0.861778283268
0.857382550336
0.849578335517
0.839267752967
0.82801719828
0.817470277411
0.809095958441
0.803653410928
0.801237853959
0.80126444856
0.802586206897
0.803946694003
0.804165191361
0.802805974009
0.800343564645
0.798019158954
0.797303897626
0.79911576879
0.803352398585
0.809188935771
0.815172320033
0.820014498257
0.822533730506
0.822197739711
0.819016086659
0.813769012445
0.807714915503
0.802481481481
0.799552572707
0.800014997001
0.804000602727
0.81038852949
0.817504938459
0.823331934536
0.826263555198
0.825715275906
0.822067363531
0.816575187824
0.810825609136
0.806455408267
0.804816819644
0.806581624667
0.811752328255
0.819391118868
0.827632798023
0.834313612425
0.837387473664
0.836150198838
0.830927124421
0.823155461375
0.81436636169
0.80581528386
0.798304203496
0.792336017481
0.787924497534
0.784970815135
0.783206292572
0.782043096568
0.781007978206
0.779742825898
0.778402248093
0.777588350204
0.77779331562
0.779316358563
0.781793842035
0.784658438576
0.786883440986
0.787616936544
0.786122730936
0.781943740002
0.775231344753
0.766549836569
0.757270955166
0.748901035893
0.742929443287
0.740380794104
0.74135021097
0.744987943507
0.749838308881
0.754342515945
0.757271303045
0.757961345347
0.756489881368
0.753465065037
0.749582698309
0.745477461447
0.741625708885
0.738136407301
0.735158042067
0.732620948802
0.730487279
0.728831432589
0.727797135114
0.72750554239
0.72818716094
0.729769914136
0.732261151185
0.735366255445
0.738591487495
0.741491115589
0.743519029233
0.744257330674
0.743261780299
0.740484686292
0.736256787919
0.731170809646
0.726159554731
0.722166536734
0.719707702632
0.718864021065
0.719298914079
0.720547839208
0.721894654088
0.722944932163
0.723223668256
0.722389885808
0.720573183214
0.718207443115
0.716091907444
0.715195195195
0.716194315981
0.719263256687
0.723851322484
0.729051253244
0.733703028658
0.736794986571
0.737565060854
0.735708661417
0.73127770741
0.724918579712
0.717651265345
0.710813806206
0.705655930872
0.703087978248
0.703510654607
0.706631399962
0.711671759708
0.717608095676
0.72326174008
0.727794420183
0.730516802353
0.731162059853
0.729713370126
0.726462336186
0.721962616822
0.716717175277
0.7114286715
0.706436693675
0.702198143483
0.698866942799
0.696497658318
0.695229771069
0.695096374713
0.6961143574
0.698188870263
0.70095150298
0.70386964025
0.706376684931
0.708003548035
0.708163265306
0.70654643319
0.702905934854
0.697145264932
0.689365411437
0.679891266947
0.669379622438
0.658733826248
0.649009821285
0.641113557723
0.635406373518
0.631627168336
0.629168316229
0.627076132505
0.624741312741
0.621745117677
0.618044969512
0.613892647722
0.609905706548
0.606777093556
0.605187415225
0.605671977259
0.608280254777
0.612886480875
0.61884682958
0.625302302208
0.631308916705
0.636094764765
0.639200772667
0.640580492339
0.640634806778
0.639927101073
0.63912835249
0.638823812098
0.63940755935
0.640950274234
0.643311520317
0.64607909052
0.648754754018
0.650739931699
0.651611908067
0.651178617831
0.649562302105
0.647315718876
0.645217008982
0.644078530716
0.644566571876
0.647218103282
0.65204393319
0.658821603928
0.666886456548
0.675271603708
0.683030627974
0.689245857288
0.693341978637
0.695121112029
0.694799570384
0.693020662741
0.690422850742
0.68783143108
0.685785623857
0.68488531385
0.685542295174
0.68784376523
0.691612724566
0.696420573948
0.701483312732
0.705997191492
0.709324956465
0.711170736678
0.711467905349
0.710564784053
0.708959613122
0.70708560436
0.705409058051
0.704102074152
0.703347255009
0.703161784426
0.703369859786
0.703859772335
0.704434505539
0.704959915426
0.705407969639
0.705788651118
0.7060709705
0.706039351996
0.705532477341
0.704301416863
0.702231431304
0.699370709382
0.695868654083
0.692092154421
0.688283362005
0.685014269233
0.682702735269
0.681963072112
0.683246152451
0.686826310632
0.69266284003
0.700459066565
0.709734167318
0.719889814477
0.730152325229
0.739679209529
0.747684089526
0.75338835212
0.756120963473
0.755681080379
0.752308131603
0.746821345708
0.740460317939
0.734550603227
0.730099791135
0.727567971489
0.726972740316
0.727980619484
0.730027387681
0.732445127175
0.734532136531
0.735552840562
0.734943128846
0.732207136091
0.727354145343
0.720688765639
0.712974928922
0.70526383485
0.698463691593
0.693428141837
0.69055093875
0.689918964683
0.691321293624
0.694173616821
0.697667646973
0.700810033969
0.702790074557
0.703243433809
0.702241004732
0.700359592663
0.698480896118
0.697389302051
0.697713189267
0.699828962372
0.703696646341
0.709189497717
0.715795117643
0.722828636662
0.729389182997
0.734495648977
0.737347347956
0.737444854052
0.734858315478
0.730144322411
0.724202969092
0.718013107123
0.712450318883
0.708245700854
0.705940594059
0.705775394477
0.707793398533
0.711740010269
0.717014871994
0.722786561847
0.728257695228
0.732750582751
0.736073727326
0.738276635956
0.739717838355
0.740923393441
0.742416373912
0.74449596217
0.747299287994
0.750601932279
0.753923867942
0.756494559608
0.757597580297
0.756794778009
0.754188864659
0.750300415119
0.746021346873
0.742116713943
0.739261744966
0.737862695407
0.738068330001
0.739718376106
0.742417047546
0.745516830503
0.748277091255
0.749874952188
0.749630616798
0.7473555505
0.743387574792
0.738487115544
0.733655770514
0.729651901414
0.726967689682
0.725861607541
0.726165771484
0.727632522048
0.729675053736
0.731604073838
0.732580696454
0.731956487466
0.72934570161
0.724959048717
0.719583604424
0.714244429674
0.70990237099
0.707101346563
0.706003254261
0.706528353279
0.708480982755
0.711554096781
0.715428711566
0.719655247519
0.723791844953
0.727448371975
0.730191972077
0.731869383622
0.73253875908
0.732384252755
0.731773177318
0.730962109955
0.730112491865
0.729408469988
0.728803480329
0.728260527227
0.727647170648
0.726841233435
0.725837948587
0.724720185257
0.723528651722
0.722526670774
0.721891566657
0.721666612373
0.721742811554
0.721989545794
0.722326211838
0.722691225377
0.72323685541
0.724209935798
0.725917501691
0.728545399332
0.732158988257
0.736619464779
0.741639876213
0.746637245715
0.751098632812
0.754547419783
0.756601176323
0.756994835071
0.755655963597
0.752811530507
0.748839323399
0.744517721971
0.740578723956
0.737847782583
0.736816704739
0.737424062229
0.739213034518
0.741473507258
0.743323152901
0.74393627787
0.742851527955
0.739908843493
0.73533937985
0.729852255308
0.724204998541
0.719349028689
0.716015936255
0.71472760558
0.715625586194
0.718563988095
0.723040423959
0.728389752411
0.733804765565
0.738683063993
0.742425187032
0.744670114798
0.745390048257
0.744746300554
0.743040544966
0.740770094446
0.738481440939
0.736492765167
0.735166617029
0.734529295589
0.734609093883
0.735161153934
0.736052614527
0.737150440186
0.738305326672
0.739436619718
0.740434468727
0.741200554712
0.741563349466
0.74125526342
0.740073274582
0.737890433361
0.734693877551
0.73058808554
0.725795319069
0.720611491829
0.715279273734
0.710200073647
0.705549751091
0.701429409404
0.698020571144
0.695418127191
0.693662748558
0.692751601243
0.692749186914
0.693612518438
0.695294345469
0.697667610032
0.700656598818
0.704116126466
0.707843399252
0.711744369483
0.715580926797
0.719086470942
0.722056384743
0.724354134524
0.725839994801
0.726504547507
0.726430570298
0.725747111599
0.72471416007
0.72359120037
0.722709109835
0.722322677493
0.722688495147
0.723999027676
0.726430103064
0.729838434794
0.734006061212
0.738376240192
0.742428082626
0.745654620483
0.747781527309
0.748751343491
0.748523479103
0.747342275211
0.745450216008
0.743224413015
0.741152715293
0.739679144385
0.739090361232
0.739577882435
0.741255636016
0.743893040244
0.747284768212
0.751023913331
0.754727012927
0.75789898718
0.760175114577
0.761333194169
0.761329944939
0.760291763031
0.758680740662
0.757068504712
0.755904422698
0.755523077969
0.756045137023
0.757491638796
0.759888616768
0.763205951978
0.767296457002
0.771851698426
0.776365725427
0.780029399412
0.781976744186
0.781471275594
0.778254550488
0.772612032342
0.765418278038
0.757798041657
0.750878367074
0.745662618444
0.742774277428
0.742564683916
0.744807814115
0.748885339722
0.753767179997
0.758157263497
0.760776282426
0.760767700109
0.757876072571
0.752633388554
0.746050394188
0.73944655786
0.733889704084
0.730105288932
0.728025614975
0.727275553345
0.727175486063
0.726994744386
0.726131057801
0.724337130432
0.721547429092
0.718147847279
0.714888817274
0.713045690121
0.713646322379
0.717136766659
0.722864167179
0.72950009269
0.735475973761
0.739580320704
0.740970822456
0.73935518977
0.734862769746
0.728215915573
0.720664140047
0.713872414292
0.709267697607
0.707574203134
0.708252021188
0.710215331611
0.712195456259
0.713149595503
0.71255339672
0.70992260438
0.7052013012
0.698522687302
0.690699148067
0.682930243954
0.676643395313
0.673007031011
0.672057352451
0.67299993437
0.674742953521
0.676348414104
0.677487649965
0.678163128062
0.678795442908
0.679886141939
0.681967736783
0.685475643968
0.690473162045
0.696554349895
0.702779802846
0.708193183982
0.711879517305
0.713499151701
0.713254487448
0.711805555556
0.710027100271
0.708875700843
0.709177474963
0.711335474989
0.715147956021
0.719823817081
0.724206540227
0.727177401417
0.72814861461
0.727255668491
0.725103702087
0.722682507425
0.72078290469
0.719966780592
0.720425213745
0.722095067503
0.724631792788
0.727476390708
0.729850381892
0.731047752318
0.730805324806
0.729260185725
0.727021842291
0.724813124297
0.723118104067
0.722197004085
0.721923051969
0.722113247025
0.722321665341
0.722139773341
0.721145601098
0.719309196837
0.716843018213
0.714599040439
0.713328194645
0.71337600418
0.714650821034
0.716719780393
0.719182618019
0.7217388533
0.724328363058
0.726918854177
0.729560177293
0.732188871091
0.734817170111
0.737302292518
0.7394079064
0.740795390669
0.74126262451
0.740542396155
0.738599126161
0.735492254557
0.731426205183
0.726535179745
0.721149417142
0.715510772859
0.709857342057
0.704488202945
0.69965368874
0.695686571271
0.692998508879
0.691803829358
0.692330938151
0.69461928934
0.698569517341
0.703864902507
0.709865897012
0.715776485105
0.720716950867
0.724174363519
0.726152623211
0.727116889838
0.727779915352
0.728548737398
0.729566666667
0.730787870396
0.732089471599
0.73330846699
0.734243536791
0.734596057209
0.734006604715
0.732328910876
0.729771709291
0.726959966639
0.724510465901
0.722847814499
0.72191479432
0.721400228664
0.721003774355
0.720284282085
0.719083652949
0.717270050234
0.714993417862
0.712697808096
0.710788223463
0.709642583432
0.709476046854
0.710223664715
0.711867401753
0.714205324799
0.717070966845
0.720306251495
0.723739071957
0.727181945277
0.73042349181
0.733369225075
0.735728952772
0.737289316061
0.737881191609
0.737398747833
0.735910049192
0.733903943447
0.731976366927
0.730599647266
0.730100734164
0.730484827346
0.73157913682
0.733238869416
0.735181975737
0.737057757466
0.738275520317
0.737878846979
0.735457479547
0.731216969004
0.72616924976
0.721361288362
0.717153783119
0.713603147836
0.710743501182
0.708681479261
0.707951770452
0.709279688514
0.713055201858
0.718799826062
0.725083260298
0.73023303845
0.733225126912
0.733671707025
0.731768286056
0.727812407243
0.722570238944
0.716958716959
0.71230570876
0.709537670074
0.708774391022
0.709189916789
0.70986290591
0.710111460065
0.709627032196
0.708442614787
0.706777269129
0.705325402133
0.704959085779
0.706288130893
0.709106267951
0.712445211848
0.715387684533
0.717464301462
0.71862745098
0.719002866577
0.718952534372
0.719062906061
0.719928255228
0.721843509188
0.724427427287
0.726699834163
0.72800025507
0.728420323616
0.728471560216
0.728773891562
0.730213420753
0.733572117372
0.739615710653
0.748299809291
0.758300567934
0.767091115922
0.772143465226
0.771949530121
0.766376042456
0.756267196576
0.743664011586
0.731209333632
0.722392582705
0.719468873944
0.722236964309
0.728346841129
0.735114079021
0.740564137005
0.743927513504
0.745046810364
0.744416033692
0.743185575334
0.743107962421
0.745425736598
0.749926996642
0.755017374654
0.758911030031
0.760475852273
0.759355547419
0.755491990847
0.749145536921
0.741079484866
0.732884958691
0.726665574039
0.724197950868
0.725236832133
0.728045741094
0.730712193005
0.732021857923
0.731343283582
0.728500382555
0.723565132223
0.717220089445
0.711470024637
0.708983121248
0.711084693253
0.716868721857
0.723812122659
0.7299585349
0.733951523397
0.735038882002
0.732914592715
0.727658697444
0.720404621831
0.71370212766
0.710504236933
0.712649320897
0.71952828303
0.729105716771
0.739163226421
0.748043565954
0.75449299258
0.757375809027
0.755459441123
0.74831961015
0.737293997965
0.725601733612
0.716572642684
0.711391249385
0.70922181267
0.708683764234
0.708697653014
0.70888669374
0.709648023693
0.711867076148
0.716641618262
0.724362700324
0.733825317623
0.742302543507
0.746908729995
0.745890968267
0.739739179134
0.7301412006
0.719593273367
0.710833952379
0.70622383698
0.707706577409
0.716055026807
0.730403749409
0.74785341241
0.76299749014
0.770381517217
0.767699586548
0.757796678817
0.746025606313
0.736466860312
0.730767775381
0.728884213807
0.729927305399
0.732801380203
0.736261741616
0.73874424288
0.73882330631
0.736314715161
0.732510653409
0.729342077428
0.728206177132
0.729277074315
0.732397240704
0.736890332792
0.741957417874
0.74633770239
0.748702805315
0.748522865237
0.746721217451
0.745008909415
0.744588744589
0.745809956045
0.748513169074
0.75237614928
0.757111866072
0.762084171769
0.766132203242
0.767662460297
0.765966985938
0.762032907889
0.757411397578
0.753012944502
0.749186416019
0.745993685809
0.743572593119
0.742234947076
0.741931205235
0.742157982603
0.741869485529
0.739917291078
0.736098432229
0.731084848247
0.725952022801
0.722045372124
0.720690501514
0.723073142764
0.728509884447
0.734460174909
0.738051187172
0.738159832571
0.73530820824
0.730836820084
0.726613616269
0.725277285861
0.730384336476
0.744368932039
0.763864210231
0.779797181615
0.786133911087
0.783863440992
0.776947971123
0.768645552849
0.761068196866
0.755628899539
0.753104954279
0.753014738723
0.753684030158
0.753113553114
0.750488701228
0.746679499519
0.743065011866
0.741039210969
0.741714381243
0.745757522743
0.753455275282
0.763785079678
0.773371911018
0.777493010252
0.773704285394
0.76497516735
0.756398866184
0.75122013326
0.750521014241
0.753957546321
0.760507942458
0.768685881778
0.776275135491
0.780141843972
0.777090102636
0.766613609232
0.752782193959
0.741022612955
0.734012474012
0.731266988519
0.731089028595
0.731782753928
0.731936110876
0.730446806672
0.726514390532
0.720275479707
0.71277358411
0.705427303449
0.699299592418
0.694724896298
0.691897864951
0.691178848642
0.693555128312
0.700095304107
0.711293138176
0.726257753274
0.742308592835
0.755971318676
0.764346823032
0.766452492212
0.76288507109
0.755636837358
0.747320294641
0.740693196406
0.738052182898
0.740832686837
0.748635005666
0.759522107628
0.770331552958
0.778598334655
0.78348105581
0.785563650307
0.786381083258
0.787614376002
0.790728476821
0.796561604585
0.805524648058
0.817038559405
0.829660600098
0.841478358904
0.85070354197
0.856621705947
0.859349593496
0.859535647053
0.858011268162
0.855565212945
0.852995709064
0.850622181166
0.848296199214
0.844999464037
0.839689521345
0.832013151995
0.822817882717
0.813377767198
0.805050217927
0.799050332384
0.79572151657
0.794828663431
0.795607372648
0.796872716645
0.797721916732
0.797465221051
0.795698924731
0.792874156411
0.790007311723
0.788299127153
0.787954431988
0.788111765223
0.787575496117
0.785459238546
0.781563300204
0.776358109001
0.771204657412
0.76808433297
0.768809282623
0.773823997007
0.782056181922
0.791181241705
0.798436627582
0.801263641585
0.797700418587
0.787670152941
0.774198473282
0.762298671597
0.755781770418
0.755388680295
0.759277550444
0.764854246496
0.768661196718
0.766952376122
0.757127192982
0.740841054882
0.724294445443
0.712773342589
0.707772245075
0.708274147727
0.71257844223
0.719024530747
0.725518262586
0.729450865618
0.728606832208
0.723313286976
0.716321480938
0.710558779184
0.707378306755
0.707090978593
0.709293206548
0.713242598848
0.717558007223
0.720478762224
0.721019536313
0.719513372598
0.717479876776
0.716413263453
0.717319285288
0.720491295284
0.724978442081
0.728503138858
0.728470400365
0.723867103628
0.716310855077
0.709209778283
0.705989836122
0.708595387841
0.716639027087
0.727049792089
0.735880227155
0.740385106492
0.739961560438
0.735790097516
0.729770649919
0.72451853981
0.722206393527
0.723847110342
0.727742448331
0.730975889782
0.731981182318
0.730991772896
0.729405606053
0.728691961805
0.73031026253
0.735318085511
0.742891123365
0.750448454152
0.754962779156
0.754926940877
0.751078981442
0.745529103543
0.741098189666
0.740612648221
0.745187561698
0.752931978108
0.760025721969
0.763669043892
0.763818203338
0.761928245592
0.760471710272
0.762024812579
0.768137027974
0.77714430508
0.784777213095
0.787416851441
0.785349599613
0.780611693505
0.775570231422
0.771474230923
0.768937203654
0.767149150409
0.764741810105
0.760550508037
0.754347021828
0.746699188716
0.737626425651
0.726799088245
0.7140105922
0.700281114235
0.687967760507
0.679178858815
0.674039422291
0.671543491556
0.670882911709
0.671967871486
0.675071143995
0.680392852917
0.686761299519
0.691122355106
0.690507508495
0.685350318471
0.67786267643
0.67027880636
0.664421171809
0.661897191309
0.664541203619
0.672584920782
0.683244305274
0.691431670282
0.693735635571
0.690759324787
0.685185185185
0.679916560436
0.676752247224
0.676670475732
0.679259351311
0.683557394002
0.688244398089
0.692088827203
0.694276540797
0.695286195286
0.696621537697
0.699051467699
0.70238033501
0.705802425645
0.709165386585
0.71290478492
0.717928241401
0.72557323492
0.736768890294
0.750433832509
0.762903531493
0.770221817077
0.771757654111
0.769824561404
0.76730015083
0.767172396133
0.772381148384
0.784421601274
0.800058719906
0.811489997864
0.814070011511
0.80926555149
0.800169568904
0.789137594945
0.77775432672
0.76800175093
0.76176879713
0.759158608033
0.75758988016
0.754660748256
0.748984819142
0.740389543824
0.729069373942
0.716436483959
0.706793518656
0.705205161664
0.71034389932
0.71542685971
0.716189327706
0.711963827447
0.703483920368
0.692137690865
0.681480971716
0.676869871838
0.680926115957
0.690129012901
0.699012873059
0.704450383453
0.705647115851
0.70320684809
0.699841605069
0.701063002333
0.710629093313
0.725986231013
0.741423027167
0.753733298402
0.762257220769
0.766804333513
0.767686304129
0.766769153542
0.768324298845
0.77556123281
0.787891550408
0.803274185574
0.8201577458
0.836733333333
0.848484848485
0.848834676541
0.835962575975
0.818591831621
0.805478793704
0.798062087268
0.794185969337
0.791127808684
0.786260131223
0.778326129666
0.768706463935
0.761116431796
0.756818907697
0.753327813515
0.746778823686
0.733832250777
0.712931097074
0.686687875574
0.664285714286
0.654726368159
0.657592726063
0.665928701181
0.673551208845
0.677301968939
0.676730834178
0.674327694278
0.674622788762
0.681701595246
0.695522202155
0.712333203783
0.727204116638
0.73578691107
0.736378725554
0.730980171565
0.723958333333
0.7189217829
0.717171717172
0.717166713841
0.715848097481
0.709818154034
0.699288908438
0.690016583748
0.687273591068
0.690990237099
0.698288481027
0.706244397968
0.712430903715
0.715177844149
0.714542066395
0.71367781155
0.716548263052
0.724578174119
0.735542050578
0.744820582261
0.747580199115
0.741654769189
0.730222337125
0.720004919747
0.715295982442
0.716343702193
0.720968743531
0.726595664892
0.730477550373
0.730949729558
0.72932189358
0.729176814418
0.732442138867
0.738214237471
0.744645799012
0.750141882046
0.753815228753
0.755955455132
0.758574404073
0.763889892349
0.771301384155
0.778591033852
0.783664459161
0.785509935823
0.784070512821
0.781458892413
0.781029590596
0.78560423688
0.795020349533
0.805651164652
0.812610726365
0.812333736397
0.803137003841
0.787276326207
0.770238095238
0.757073597202
0.749352960207
0.744673850457
0.739205955335
0.730054689413
0.717511447971
0.705323795181
0.698449055791
0.698581560284
0.702644992423
0.706615598886
0.707607686263
0.705343003034
0.701738862814
0.700681188119
0.705939106366
0.71612562283
0.72445561139
0.725744694659
0.720193881405
0.710005798595
0.69804837823
0.687709747185
0.683364022096
0.689178025609
0.703926469403
0.719615704668
0.729457198026
0.733031033017
0.733502650177
0.734623790197
0.739277522936
0.748608906341
0.761403799884
0.775493811983
0.78913331128
0.801463498623
0.810731485688
0.813070792311
0.805132905591
0.789633418585
0.773313343328
0.760766465234
0.75309335443
0.750158512552
0.752130748338
0.758817129859
0.768122270742
0.775309187279
0.77823015873
0.778387023075
0.777541597007
0.775980477602
0.772792090503
0.766434955313
0.757497565725
0.749484253765
0.745917836713
0.747361062566
0.752372534425
0.759533215092
0.767675579742
0.775327203894
0.781002364851
0.784191639996
0.785535880708
0.78540719697
0.783031877686
0.77717172573
0.767002824609
0.753291511336
0.739013023712
0.728784064411
0.726755784922
0.733321062642
0.743307628076
0.749580070501
0.749574919707
0.746205954944
0.744101763824
0.746856479885
0.755868646836
0.769005059022
0.78032482287
0.784195537664
0.780479928959
0.773511991455
0.767621915679
0.765082101971
0.766031574349
0.767978847795
0.766952495108
0.76081237911
0.751348376445
0.741995860704
0.734897735573
0.730441300478
0.727674506829
0.725260001874
0.722175579485
0.71869444195
0.715594329335
0.713686492601
0.712978369384
0.711863568957
0.708265491811
0.70091958168
0.690295070783
0.677835223482
0.664754583087
0.65244803896
0.642939609236
0.63845539281
0.639930252833
0.646209850107
0.654733144864
0.662891102954
0.668887497764
0.672063435176
0.673151041667
0.674081397265
0.676271721959
0.679830681195
0.684007738191
0.687373481781
0.688447685145
0.686373843528
0.681723920296
0.67671700827
0.674194712623
0.676434519996
0.683407655147
0.692682926829
0.699816614708
0.702095323741
0.699668755595
0.694868517166
0.690965053509
0.691130059786
0.697329494689
0.708387159914
0.720614035088
0.730508474576
0.736506116208
0.738669171446
0.737635570415
0.735126257442
0.733314508159
0.733820191454
0.736916996047
0.742251323946
0.748794335569
0.754126683944
0.753218985518
0.742726298992
0.728130654223
0.716669514696
0.70940349703
0.704808116453
0.701612284069
0.699939730241
0.701063911381
0.706569522237
0.716031091406
0.72619125433
0.733342776513
0.735571738285
0.732840100941
0.726432422824
0.718334820392
0.710545536974
0.704328383286
0.699925510644
0.696747477596
0.694270997838
0.692879516978
0.69375372447
0.69814353365
0.7069
0.719963918539
0.735207118165
0.74802811867
0.753715599034
0.75082395593
0.741353111433
0.728540338091
0.715872250355
0.707747565732
0.709316752471
0.722453584412
0.740174183433
0.750593883005
0.748144139481
0.735854611334
0.72090837559
0.710394546013
0.708146784384
0.712708661249
0.718199586501
0.717761995746
0.707452697262
0.688690468576
0.668263624842
0.655655381241
0.658473030487
0.677692928071
0.705997804894
0.731931116077
0.748245718758
0.755859822018
0.760821829676
0.769211275584
0.783389467971
0.797478355335
0.798441697168
0.78258473798
0.761346198861
0.745306673942
0.738633675216
0.743404759341
0.762454506983
0.797011674819
0.838323248575
0.868218946272
0.880274178875
0.884192479517
0.890437475803
0.90507651715
0.927632985674
0.936572001663
0.902664765873
0.858243034056
0.831758315351
0.818977991014
0.813653653654
0.814094645824
0.822799019496
0.846103879881
0.886250168668
0.91992065433
0.918682256122
0.895664885113
0.872000705716
0.855215493219
