0.710047893657
0.706901489118
0.704644576607
0.701512447158
0.696966868875
0.692167342425
0.688994651437
0.688132557098
0.688608501119
0.688483095281
0.686012449652
0.681465161113
0.677315946754
0.676402013601
0.679158403035
0.683724889343
0.687590433228
0.688217677762
0.684901625321
0.67953661424
0.675380014951
0.674590029518
0.676974762373
0.680983877635
0.683944269365
0.683306334035
0.679134371882
0.674272930649
0.670893252212
0.669330969106
0.6692642788
0.670493324766
0.672976761343
0.675957098168
0.677584086799
0.676379947952
0.672844743197
0.668475485189
0.664445868033
0.662043367845
0.662293136415
0.665375270865
0.669555726759
0.672308649658
0.671996124031
0.669168900804
0.665444871416
0.662865204867
0.662819167541
0.665339564941
0.669091117347
0.672445359881
0.67439990812
0.674734119
0.674409336749
0.674511767651
0.675367488111
0.676408525005
0.676801919266
0.676187989556
0.674854047231
0.673493085612
0.67311118097
0.674330093093
0.676677734178
0.679142531809
0.680969505887
0.682220354901
0.683625353651
0.686048239315
0.689830674366
0.694168466523
0.697668942783
0.699468828627
0.699641209636
0.699043241722
0.698838417225
0.700127786455
0.703433334903
0.708434183578
0.713898958381
0.718991017149
0.723742953777
0.728663337382
0.734076003953
0.739575876879
0.743819626293
0.745966146406
0.746110819787
0.745636673811
0.746250220575
0.749306611792
0.755890498025
0.765622857143
0.775915186662
0.783604527768
0.787764220656
0.789949537426
0.792373411127
0.796375177483
0.802062289562
0.808631507546
0.81489822802
0.820178041543
0.824709609293
0.829126213592
0.833778003642
0.838075794309
0.840971039182
0.841810308228
0.841484550027
0.841502577537
0.843521198706
0.847904967603
0.853880275814
0.859284890427
0.861864519269
0.860974011793
0.858515773143
0.857118338625
0.858329367998
0.862455985915
0.868863483524
0.876092964255
0.882858435097
0.888580385132
0.893797451494
0.89926715523
0.905373254927
0.911661421991
0.917752518252
0.923212545817
0.928561533133
0.934880308172
0.942779915705
0.951998151998
0.961237403328
0.968911671176
0.973983894792
0.976744186047
0.978958714092
0.983018516795
0.990128515552
1.0
1.01096667455
1.02105512184
1.02864522188
1.03372508942
1.03754676026
1.04170919551
1.04722261418
1.05433172457
1.06274717855
1.07200923565
1.08161132488
1.09127151635
1.1008839624
1.11054445861
1.12022644406
1.12944433651
1.13741794311
1.14331684357
1.14728317167
1.15065441381
1.15529018168
1.16195821346
1.17014638829
1.17887398945
1.18616714697
1.19046057255
1.19194258982
1.19323348489
1.19721837127
1.20497064045
1.21591804571
1.22889200561
1.24151223817
1.25132888101
1.25650639612
1.2583167718
1.2599948191
1.2640045586
1.27058508502
1.27797541316
1.2828838499
1.2830453469
1.2797395766
1.27692573552
1.27810180276
1.28455395848
1.29556140681
1.30892284113
1.32088049108
1.32782695129
1.32925462358
1.32828636852
1.32835749941
1.3314277338
1.33774801088
1.34708010336
1.35839454355
1.37022058824
1.38097222946
1.39007092199
1.39808091286
1.40573191779
1.41338395823
1.42107490478
1.42912221401
1.4378563886
1.44718515762
1.45669546436
1.46550391875
1.47223948037
1.47602366048
1.47654633249
1.47605077574
1.4783609072
1.48509862779
1.49428418803
1.50238043713
1.50717914734
1.50790791918
1.50567665758
1.50368951726
1.50666813623
1.51676878426
1.53094393562
1.54416904989
1.55335120643
1.55811798059
1.5596198475
1.56012218828
1.56171577027
1.56576291528
1.57155121532
1.57711047559
1.58105473895
1.58347395064
1.58514291753
1.58704026173
1.58851900393
1.58884222533
1.58692870669
1.58336284977
1.57978216132
1.57839564718
1.58042895442
1.5860591133
1.59350226156
1.59949429894
1.60127643716
1.59879721172
1.59453149553
1.59108769423
1.58960028615
1.58911002291
1.58764796241
1.58353389946
1.57674057852
1.56901847522
1.56276777077
1.55913630479
1.5574779109
1.55540702498
1.55091467608
1.54383956779
1.53648960739
1.53146655353
1.53075878129
1.53489536397
1.54351742241
1.55445182203
1.56449513097
1.57063641451
1.57251568908
1.57253911185
1.57299376704
1.57445544554
1.57596922765
1.57667888298
1.57610056332
1.57537596919
1.57627292812
1.5805863588
1.58846888509
1.59826429184
1.60791826309
1.61599502101
1.62189811657
1.62609932066
1.62921761033
1.63092880225
1.63065822259
1.62753668436
1.62169826183
1.61448026386
1.60825796727
1.60582913484
1.60850281264
1.61503807787
1.62118482408
1.62227577536
1.61640417901
1.60532988357
1.59246469436
1.58163108585
1.57463933181
1.57111510074
1.56834249804
1.56377303589
1.55675467335
1.54917047367
1.54465529666
1.5464154192
1.55576586381
1.57069037754
1.58544057799
1.59454578291
1.59606199874
1.59211303439
1.58644332981
1.58211382114
1.58034263429
1.57993500847
1.5783923864
1.57386438159
1.56754526901
1.56148206682
1.55768971862
1.55695969854
1.55875198803
1.56107553212
1.56176511922
1.55996664659
1.55675700548
1.55506220804
1.55676742983
1.56232287814
1.57039322266
1.57775687983
1.58077911805
1.57801487862
1.5715323518
1.56531390243
1.56260903276
1.56407752771
1.56791213102
1.57040876198
1.56814545455
1.56088045468
1.55098200068
1.54160769193
1.53468638349
1.53084988406
1.52982117456
1.53039927405
1.53080056938
1.52996502505
1.52806929105
1.52605110547
1.52434968794
1.52238461893
1.51902615806
1.51302540416
1.50457929168
1.49590378246
1.48992012172
1.48806498646
1.48970987268
1.49322298695
1.49668959036
1.49837398374
1.49745402517
1.49461754072
1.49247841207
1.49300512193
1.49618642444
1.50076347833
1.50530477228
1.50859206376
1.50966326272
1.50807229421
1.50464559581
1.50137463698
1.50011228385
1.50052110474
1.50128895292
1.50111262932
1.49949760862
1.49630844955
1.49206939281
1.48784494087
1.48479195393
1.48361577383
1.48436308162
1.48649306401
1.48941962628
1.49273963404
1.49585864163
1.49801900055
1.49851958379
1.49743632498
1.4958952467
1.49568825252
1.49810767916
1.50338489312
1.5104784828
1.5172717364
1.52133580705
1.52063920395
1.51522651007
1.50707449022
1.49911241382
1.49347772582
1.49081257656
1.48978761494
1.48800064861
1.48346590221
1.47543753772
1.46542927162
1.45570485999
1.44813395199
1.44336687275
1.44095725394
1.43949603285
1.43759533774
1.4348041646
1.43175892125
1.4298635879
1.42971769296
1.43097605482
1.43247539743
1.43263910237
1.43009460298
1.42409936927
1.41596158244
1.40825432236
1.40387757325
1.40358551452
1.40598398046
1.40901156448
1.41097461704
1.41113619263
1.41000113995
1.40889814464
1.41015190811
1.41510511475
1.4225728988
1.4291351749
1.43220931394
1.43152115333
1.42829164376
1.4244347064
1.42173171252
1.42179756854
1.42546649703
1.43189957926
1.43873666884
1.44416678078
1.44770164788
1.45042643923
1.45322769096
1.4562668061
1.45828295042
1.45689330623
1.44983747045
1.43782402074
1.42466770362
1.41380161501
1.40629904409
1.40121348641
1.39663790869
1.39063733785
1.38162289358
1.36970665449
1.35709137807
1.34729770531
1.34307640221
1.34534025896
1.35214140041
1.35982423577
1.36362604947
1.36051003188
1.35121734626
1.33965775167
1.32966438109
1.32343979639
1.32106090935
1.32127279228
1.32214741064
1.32176656151
1.31907965362
1.31519298621
1.31220932297
1.31210778231
1.31534827549
1.32081058903
1.3264200366
1.32976229124
1.32926873394
1.32492399015
1.31879133986
1.31383093915
1.31237820281
1.31529122706
1.32170135747
1.32979378828
1.33714533874
1.34172247426
1.34285714286
1.34167847025
1.34012384772
1.33983374838
1.34143603774
1.34411361479
1.34653081371
1.34697194545
1.34451790828
1.33961130742
1.33378039742
1.32869228058
1.3256329894
1.32502201092
1.32670194004
1.33012491596
1.33473160327
1.3398040898
1.34485984671
1.34931333116
1.35275872135
1.35492047166
1.35600236546
1.35651107477
1.35758820235
1.36042852862
1.3657172877
1.37312816664
1.38121298448
1.38799102132
1.39172485903
1.39197611495
1.38941624935
1.38606360636
1.38404732301
1.38497617066
1.38925488414
1.39572172338
1.40198242005
1.40568198611
1.40579075958
1.40309825588
1.39976258139
1.39815315803
1.39988367021
1.40564859703
1.41472005933
1.42452935694
1.43155149935
1.43314438146
1.42936124728
1.42266293129
1.41597683656
1.41157242157
1.41038041202
1.41224427011
1.41541064288
1.4172378536
1.41534440231
1.40986127002
1.40314357045
1.397136928
1.3925643402
1.38906670546
1.38584491859
1.38179270648
1.37604712543
1.3684732068
1.36024682124
1.3537489102
1.35099922322
1.35250476686
1.35715517539
1.36319201303
1.36868810582
1.37255593986
1.37457434733
1.37561357331
1.37684940319
1.37882072404
1.3812382601
1.38326207862
1.38394844757
1.38275389207
1.38021394809
1.37786227292
1.37773139669
1.38097874697
1.38662025639
1.39207459207
1.39422790836
1.39096746575
1.38172159115
1.36794464511
1.35217846852
1.33768835467
1.32709351087
1.32168550874
1.32074190399
1.32222831358
1.32390993867
1.32446585672
1.32401185358
1.32346968378
1.32453696115
1.32813887767
1.33433962264
1.34191680038
1.34883900929
1.35342803249
1.35578443853
1.35758779101
1.36113414682
1.36805555556
1.37891342504
1.39330318244
1.40931114388
1.4239941977
1.43419751494
1.43807102224
1.43689696761
1.43383873191
1.43235421166
1.43399669766
1.43900622207
1.44614023446
1.45378713534
1.45999283988
1.46326703155
1.46325332866
1.46131118058
1.45927166178
1.45862835501
1.45967148811
1.46129296236
1.46199505359
1.46
1.45413131609
1.44433316642
1.43215143733
1.41991377541
1.4096873084
1.40228140002
1.39762191826
1.3952304167
1.39444203213
1.39460176991
1.39514654057
1.39538802661
1.39434348717
1.39140638334
1.38629872312
1.37912294637
1.37043119421
1.36097080729
1.35189796008
1.34431843451
1.33939965849
1.33773584906
1.33841571835
1.33962593952
1.33895323895
1.33502387896
1.32749811542
1.31713928274
1.30521019585
1.29278981313
1.28083227732
1.26985722904
1.26001027709
1.2511513543
1.24334940884
1.23679160302
1.23180335693
1.2287324629
1.22796515708
1.22949312607
1.23310414221
1.23784931906
1.24244164581
1.24607456317
1.24872150644
1.25137816979
1.25508471229
1.26062684425
1.26774258624
1.27564285423
1.28267726211
1.28689999182
1.28696427125
1.28330603603
1.27787631548
1.27321442541
1.27076814768
1.27085628837
1.27272727273
1.27469482814
1.27517023346
1.27244190787
1.26589501141
1.25657096644
1.24710378598
1.24091830371
1.24032896741
1.24555133646
1.25459921156
1.26397270115
1.27056568955
1.27280093
1.27116439319
1.26744514217
1.26413147878
1.26298736365
1.26528822971
1.27107628315
1.27923059482
1.2877180847
1.29411306043
1.29661885246
1.29498115453
1.29079256399
1.28608976146
1.28255254897
1.28075310498
1.28007230715
1.27909697041
1.27634479292
1.2709964686
1.26336679006
1.25478868957
1.24673406793
1.24070723064
1.23745455908
1.23712414409
1.23881313971
1.24114100868
1.24240755022
1.24161098601
1.23836557855
1.23297654293
1.2260567458
1.21831481771
1.2108118734
1.20496312771
1.20242683253
1.20423913445
1.20976918948
1.21714346036
1.22473258728
1.23144183369
1.23695788812
1.24123891785
1.24383101671
1.24464065545
1.24326807831
1.24045711593
1.23815982819
1.23888432556
1.24338479444
1.25024437928
1.25730138199
1.26301465457
1.26610583837
1.26589296274
1.26231731204
1.25630840238
1.25029881966
1.24708667152
1.24807712757
1.25257624286
1.25850599404
1.26382014639
1.26720276514
1.2679068771
1.26579363937
1.26149208742
1.25662842012
1.25293028994
1.25176859504
1.25272400974
1.25395574608
1.25344561138
1.24999199872
1.24349819849
1.234732632
1.2250963126
1.21635708539
1.20972580019
1.2057492398
1.20367756053
1.20186685453
1.19861879426
1.19273318489
1.18413577617
1.17386966901
1.16382410539
1.1560301241
1.1521670909
1.15235911999
1.15498860131
1.15742479655
1.15728066745
1.15332358199
1.14576525944
1.13606633192
1.12620904314
1.11846961232
1.1147222317
1.11599152948
1.12187818986
1.13028062
1.13829466707
1.14338443122
1.14449198925
1.14224911884
1.13818473681
1.13399286628
1.13100746395
1.12982018151
1.13049013367
1.1320754717
1.13337649725
1.13310407925
1.13081930967
1.12726835717
1.12370735766
1.12132856717
1.120548939
1.1210808134
1.1221719457
1.12274356361
1.12172056132
1.11850253984
1.11316675527
1.10676105688
1.10113242596
1.09798710043
1.0981779958
1.10111191936
1.10528120713
1.10881093208
1.10988307443
1.10752759897
1.10145834019
1.09262557891
1.08245390973
1.07276358077
1.06470949892
1.05858136131
1.05369782768
1.04906426988
1.04376504423
1.03728727134
1.0297338576
1.02178361608
1.01457037357
1.0093253244
1.00707593527
1.00795254129
1.01112708633
1.01496221355
1.01801479361
1.01955315463
1.01961924139
1.01884719894
1.01799204198
1.01777073733
1.01862245632
1.02059068818
1.02329455694
1.02561528312
1.02641163144
1.02494174506
1.02130253076
1.01611572683
1.01048614867
1.0050934307
1.00043784206
0.996730781438
0.99378663165
0.991458754776
0.989285485831
0.986941362916
0.984203102962
0.981097523124
0.97772223765
0.974092785411
0.97016537085
0.965851393189
0.96079102018
0.954576673327
0.946848115126
0.937827879091
0.928276973623
0.919699984693
0.913648436557
0.910918854415
0.911390528158
0.914122986562
0.917931589777
0.921651779001
0.924495624696
0.925799717566
0.925455446772
0.923883204392
0.922086869383
0.921229978372
0.922315809249
0.92553125
0.930133183619
0.935098925066
0.939325002337
0.942153404302
0.943464779027
0.943717359844
0.943649062925
0.943998731568
0.945302833212
0.947617993867
0.950347940568
0.952482598608
0.952874961971
0.950706539599
0.945890370719
0.938951886546
0.930952038024
0.923008237802
0.915959326748
0.910223782361
0.905766442794
0.90197895492
0.897992958806
0.892818444498
0.885832063805
0.877140839268
0.867950124112
0.859812025818
0.854112662709
0.851563578151
0.852125642364
0.855090379649
0.859434767055
0.86395214203
0.867533970949
0.869394480297
0.869263054617
0.867528402191
0.864770205598
0.861601446193
0.858258721007
0.854787943452
0.85090899326
0.846318180589
0.840797912817
0.834439427732
0.827671151295
0.821332904747
0.816427798453
0.81387012987
0.814038683233
0.816718297699
0.821110210697
0.826265911227
0.831083676972
0.834740495183
0.836771065391
0.837239479887
0.836777685928
0.836471091619
0.837415111491
0.840276849897
0.844862215795
0.850171117519
0.854930880592
0.857976760835
0.858520273095
0.856474698524
0.852174160339
0.846290410331
0.839647045298
0.83313687721
0.8273688433
0.822660519126
0.818943153621
0.815682337851
0.812069630364
0.807425540596
0.80135531234
0.794158405287
0.786448944969
0.778972172946
0.772333988004
0.766800949764
0.762243774011
0.758241758242
0.754180966389
0.749371722028
0.743528257671
0.736938836185
0.73044756179
0.724967610587
0.720963247279
0.718418768575
0.716903792246
0.715904546061
0.715058247464
0.714161669335
0.713106464398
0.711902602578
0.710750406482
0.710006057602
0.710141354372
0.711742033549
0.715178499584
0.720368849201
0.726805205709
0.733557694816
0.739616446923
0.74407793361
0.746485522451
0.74668808765
0.745043166037
0.742103179839
0.73854079058
0.734751402845
0.730981142813
0.727240106623
0.723376656408
0.719227654621
0.714743832538
0.71003004216
0.705504888462
0.701746846323
0.69931928031
0.698514123434
0.699103778389
0.700476654195
0.70174713119
0.70226038839
0.701538217989
0.699452822634
0.696213820501
0.692391959249
0.688708064874
0.686030467716
0.685088544786
0.686304448029
0.689445137338
0.69368871301
0.697677802351
0.700075511152
0.699947862357
0.696999479679
0.691583114219
0.684608038892
0.677103888566
0.67008119198
0.66437458116
0.660460786595
0.658366389669
0.657763082231
0.657976553809
0.658212081753
0.657803663375
0.656516375056
0.65459391219
0.652529698919
0.650770547945
0.649466604824
0.648454094878
0.647399364089
0.645696571845
0.642798076629
0.638200042915
0.631788845592
0.623923932931
0.615560707892
0.608290185085
0.603735656253
0.603018660812
0.606084583902
0.611993187562
0.619194008161
0.626029983978
0.631041165071
0.633155692048
0.631842939348
0.627138790703
0.619748098109
0.611016360306
0.602580564342
0.596234438555
0.593354860126
0.594651300236
0.599924387832
0.608181057129
0.617695580446
0.626698289998
0.633459599726
0.637010133073
0.637340265598
0.63495639301
0.630872483221
0.626127042234
0.621360567769
0.617048972699
0.613183062538
0.609719492585
0.606352949584
0.602987197724
0.59959113179
0.596356162475
0.593814503922
0.592493023889
0.592722727119
0.594515379173
0.597430190206
0.600859821942
0.603878870364
0.605699818673
0.60554180418
0.602793103448
0.597460843166
0.58996867362
0.581503841932
0.573579224689
0.567568493151
0.564371102766
0.563965030824
0.565878318662
0.569131717143
0.572506501593
0.574931981663
0.575539840411
0.573779253999
0.569733619106
0.564166031988
0.558359383827
0.553598632631
0.550754432982
0.550138463781
0.55153720211
0.554373652082
0.557906787798
0.561256230559
0.563610708565
0.564113513723
0.562288102184
0.558131198471
0.552177387135
0.545414777698
0.539045297263
0.533932097093
0.530531445104
0.528752436647
0.528352901959
0.52885392928
0.529995968776
0.531552685647
0.533470876469
0.535731485941
0.53840997952
0.541437908497
0.544663529763
0.54788402129
0.550830835276
0.553268898607
0.55493543445
0.555829109341
0.556086690867
0.556075266898
0.556116463436
0.556404606198
0.55694121851
0.557490156414
0.55776279138
0.557445383155
0.55628040273
0.554266367406
0.551374045802
0.547943640518
0.544189914569
0.540594059406
0.537476542665
0.53520974094
0.534110229527
0.534285614986
0.535527171866
0.537423979887
0.539483971853
0.541265215155
0.542486162843
0.542975822771
0.542811513194
0.542167780252
0.54129726453
0.540692523976
0.540617336811
0.541438837682
0.543138322701
0.54545804465
0.547999241419
0.550224047797
0.551654262766
0.552163593208
0.551766803741
0.550783813343
0.549647990613
0.548929720138
0.54907300332
0.550494602625
0.553351754419
0.557531539748
0.562671232877
0.568071189535
0.572925366335
0.576414415097
0.578130324486
0.578051554208
0.576642057995
0.574488466549
0.57218010212
0.570126720901
0.568377758443
0.566875673949
0.565528900338
0.564198080739
0.562807731434
0.561094299501
0.558781199885
0.555670444205
0.551490458571
0.546391322486
0.540777550424
0.535170745945
0.530120481928
0.52586563094
0.522379487179
0.519399707174
0.516716345767
0.514209307895
0.511773566955
0.50954507727
0.507639933497
0.506227864221
0.505590510159
0.505845359994
0.506987640359
0.508850269531
0.510744985673
0.511952736805
0.511734752479
0.509620773398
0.505503316568
0.499714937286
0.492841891561
0.48576968354
0.479250103577
0.474190300969
0.47123769339
0.470666189112
0.472308649658
0.475614777108
0.479728182026
0.483749757893
0.48673118951
0.488062729188
0.487259913259
0.484375597629
0.479758763664
0.474128317597
0.46849828975
0.463764404609
0.460780723597
0.459841357683
0.460972237791
0.463824779836
0.4678700918
0.472609970674
0.477504143973
0.481932007291
0.485383124332
0.487367883384
0.487528168467
0.486083993722
0.483449936057
0.480613863578
0.478602177767
0.478188217727
0.479604016008
0.482574568289
0.486527050611
0.490953802916
0.495329758142
0.499333837456
0.502669494624
0.505109434804
0.506605269118
0.507233619106
0.507329336685
0.507329211867
0.507745467252
0.508792857967
0.510456922028
0.51238349857
0.514146660371
0.515446692026
0.516192071468
0.516589798307
0.516909202705
0.517571121205
0.518849752339
0.520991700955
0.524090182851
0.528052446666
0.53259746013
0.537154431899
0.541105504761
0.543789353177
0.544597534445
0.54339078278
0.540178068297
0.53547359846
0.529872210289
0.524285049572
0.51938203238
0.515855276943
0.514035270792
0.51399393538
0.515617322945
0.51839381911
0.521793632033
0.525083128524
0.527647507907
0.529051987768
0.529134315362
0.527977819386
0.525921700064
0.523385615374
0.520894788594
0.518655013864
0.517028410094
0.516084165478
0.515793277918
0.516025054027
0.51661172636
0.517247809062
0.517753799052
0.517785533937
0.51721104146
0.516015386275
0.514212521056
0.512084075038
0.509840077782
0.507793110295
0.506231043123
0.505199364154
0.504649451432
0.504385222309
0.504146107456
0.503735990037
0.50287146288
0.50148264434
0.49954735376
0.497197037857
0.494619971215
0.492171083847
0.490166414523
0.488989746176
0.488746090031
0.489555455146
0.491309012876
0.49377302874
0.496765896282
0.499980704666
0.503185958328
0.506194203013
0.508925060942
0.511390723301
0.513537522691
0.515488996161
0.517362407587
0.519302889918
0.521522032292
0.524210603077
0.527425229003
0.531183518083
0.535338973406
0.539756529779
0.544227242577
0.548573904822
0.552471950204
0.555679287305
0.557888875631
0.558967035583
0.558983881163
0.55822739974
0.557266905033
0.556574442127
0.556500415299
0.557220274147
0.558726585738
0.560887554762
0.563474843411
0.566327795686
0.569162701394
0.571826351095
0.574140431704
0.57596137265
0.577436611143
0.578726382085
0.580231234125
0.582362438365
0.585370073972
0.589403125267
0.594204115918
0.599504950495
0.604801102956
0.609674195483
0.613733565658
0.616704805492
0.618556293485
0.619348933461
0.619438080309
0.619194794632
0.618857519137
0.618950522242
0.619541484716
0.62071295827
0.622401896457
0.624460979116
0.626579080344
0.628640878421
0.630517392575
0.632165206508
0.633653846154
0.634981308019
0.636163827719
0.637214446761
0.63818321786
0.638913910694
0.639517927603
0.640051293011
0.640506221599
0.641116302563
0.641842642342
0.642768901334
0.643822786872
0.644950614795
0.646075058014
0.647154925088
0.648196133147
0.649218436874
0.65044140277
0.6520006573
0.654104867349
0.656777319675
0.66004919943
0.663712951242
0.667808820945
0.672016533286
0.676290195391
0.680428068038
0.684324044517
0.687922622614
0.691138917263
0.694056166886
0.696911608094
0.700042881647
0.703799878819
0.708548203828
0.714159876679
0.720557029178
0.727015933266
0.732813390001
0.737024371239
0.739156395274
0.738710354967
0.735921041719
0.731121798824
0.724994882293
0.718246979316
0.71182468547
0.706405326055
0.702709451867
0.70103869995
0.701537813356
0.703928132548
0.707834022773
0.712597240727
0.717509221089
0.721956569423
0.725555407742
0.728110186924
0.729591378536
0.730113891131
0.729741763134
0.728565140845
0.726645250912
0.724078834619
0.721045707253
0.717861975643
0.714710000424
0.711879660581
0.709438886472
0.70749081899
0.706173283575
0.705751205751
0.706794074616
0.710006373486
0.715883066146
0.724213767319
0.734035691249
0.744001351808
0.752819824731
0.759863429439
0.765058949625
0.768642279282
0.771066334616
0.772752704215
0.774096385542
0.775470505276
0.777424405519
0.780366785037
0.784766467066
0.790623385165
0.7973952801
0.804536723681
0.811331962531
0.817533364013
0.822958921994
0.827690848743
0.83170037164
0.835204707036
0.838238208482
0.841049076098
0.844083366258
0.847678562711
0.852389448811
0.858044465694
0.86438414954
0.870805850301
0.876747873721
0.88159930381
0.884912724267
0.886463521828
0.886027611867
0.883995493068
0.880884799843
0.877581913179
0.874969558229
0.873663751215
0.873981768813
0.87560479969
0.878040540541
0.880737034542
0.883034773446
0.884445079274
0.884820711485
0.88413664015
0.882706906128
0.881155043017
0.880063362752
0.879693520925
0.880204399022
0.881215225647
0.882151029748
0.882508250825
0.881781233433
0.879992875273
0.877234857014
0.87400173413
0.870964758117
0.868666074019
0.867742087637
0.868483300218
0.87098599519
0.87489496779
0.879457720588
0.884026554667
0.888359033782
0.892620729486
0.8972667295
0.902847955903
0.909781576448
0.91828774563
0.928512651718
0.94024905136
0.953048275862
0.96562411947
0.976322961617
0.983405768471
0.986050905858
0.984835260746
0.98146855025
0.977639354736
0.97475418549
0.973574631646
0.974586765735
0.977754813445
0.98271984201
0.988819738944
0.995168816909
1.00043431053
1.00389561876
1.00491966295
1.00354682842
1.00025333131
0.995439282313
0.98971070683
0.983267522211
0.976568627451
0.969937247653
0.963748553799
0.958488405382
0.954817997262
0.953180542563
0.953803968955
0.956362455945
0.960258436367
0.964643157796
0.968443396226
0.970820639756
0.971076362241
0.969023990751
0.964989164459
0.960099631173
0.955894906573
0.954034824939
0.955703211517
0.961111111111
0.969388215139
0.979007804791
0.988148680194
0.995478999955
1.00027476302
1.00237662519
1.00228343085
1.00087518841
0.999652467481
1.00020205082
1.00413645184
1.01192730996
1.02273189585
1.03410059676
1.04359391163
1.04944842268
1.05111333619
1.04889455782
1.04358068316
1.03610125384
1.02730620248
1.01830896994
1.01017786561
1.00396029677
1.000403918
0.999547169811
1.00029769288
1.00102070575
1.00038073482
0.997892074199
0.993630869363
0.987942271881
0.981443202105
0.974649766511
0.968035645099
0.96218714658
0.957773798866
0.955525539046
0.955893384008
0.95937142573
0.965729783037
0.974271179808
0.983540297054
0.992197405637
0.998771860876
1.00243405693
1.00306409484
1.00106253795
0.997468738926
0.993413775767
0.989975186104
0.987934740133
0.987437427801
0.988324437667
0.990117356393
0.992130490771
0.993652625505
0.994034917556
0.992842884269
0.990020830306
0.98570816064
0.98066759388
0.975832172858
0.971814959079
0.968755409382
0.966431249455
0.964488066027
0.962742930828
0.961111904422
0.959759142312
0.959143968872
0.959644631833
0.961488705344
0.964148651931
0.966644773879
0.967755065123
0.966630028578
0.963637151649
0.959591589513
0.955613577023
0.952684018786
0.951712844118
0.953390963372
0.957902279547
0.964831804281
0.972986402855
0.980736029078
0.986459905768
0.989187448238
0.988800294972
0.985833486154
0.981411966894
0.976488820013
0.971892405337
0.967535205329
0.963001368783
0.957427498866
0.950176165803
0.940966985085
0.930153754924
0.918680475643
0.908057719321
0.899793257668
0.895302348826
0.894782358028
0.897305290831
0.901170513033
0.904402088551
0.905494601565
0.903298384557
0.897441796264
0.888016356117
0.876476559616
0.865479723046
0.858523119393
0.857767330612
0.862379087057
0.869278448824
0.875222383956
0.878068091845
0.876950857732
0.872095070423
0.864486604168
0.856280299691
0.849873210986
0.847245270495
0.8485785416
0.852354822155
0.85629999208
0.858414565375
0.857313162871
0.852482919513
0.844294687799
0.834439783326
0.825860923269
0.821693357058
0.823132615222
0.829077770131
0.836939988938
0.844381121995
0.849739583333
0.85221080492
0.851368812081
0.847601400041
0.842204698538
0.836948662328
0.833320330785
0.831434470102
0.830830945559
0.830598117757
0.83015015015
0.8293136971
0.828110363621
0.827217191629
0.82777393709
0.831493683636
0.838933397106
0.848643556895
0.858094410657
0.865464138029
0.870074509242
0.871912568306
0.871075857446
0.867641459142
0.862122506017
0.855269376181
0.84830275777
0.842418156256
0.838223342003
0.835429466826
0.833319383997
0.831284066422
0.829247711067
0.827666279648
0.827322272982
0.828752156412
0.831897820966
0.835843427627
0.839579672202
0.842377449195
0.843713805343
0.843329488658
0.841408128671
0.838354739327
0.835279532912
0.833392344309
0.833403691906
0.834869633922
0.836514304998
0.837094069218
0.835740427374
0.832248023918
0.8265406073
0.819345786197
0.81206804891
0.806639004149
0.804669391883
0.806080890358
0.8092013078
0.812325251829
0.814473026493
0.815332784894
0.815090244
0.814175692929
0.813389540465
0.813886930192
0.816305968645
0.82027027027
0.824418691033
0.827417648561
0.828765863528
0.828497743391
0.827000039624
0.824719567927
0.822251082251
0.820241691843
0.819057815846
0.818540088453
0.818047086721
0.816914080072
0.815082438421
0.812653416739
0.810125069704
0.807958267621
0.806560480718
0.806463719766
0.807889793363
0.810512494358
0.813465346535
0.815679733111
0.816772684068
0.817077553367
0.817226814916
0.817672223042
0.81872835889
0.820241096754
0.821812408403
0.822654127482
0.821780496092
0.818771331058
0.814181447849
0.809461841995
0.806257521059
0.80583083186
0.808483658527
0.813736713001
0.820617116562
0.827696526508
0.83378435518
0.837786424557
0.839423161992
0.83905511811
0.83779392517
0.837097847792
0.837682895525
0.839183673469
0.84047879831
0.840377200015
0.838444792423
0.834486262555
0.82853546632
0.820992366412
0.812307149784
0.803521444695
0.796014279904
0.791111894895
0.788902495672
0.788437487393
0.788758251631
0.789274545384
0.790351422796
0.792602848101
0.796881924022
0.803405258239
0.811351112184
0.818330478119
0.821824128447
0.821176470588
0.817514163811
0.812537503088
0.807761041613
0.804456675458
0.803860072376
0.807099995804
0.814446681805
0.823828058893
0.831029310415
0.832979503609
0.830103650293
0.82473215633
0.818845362426
0.813643523567
0.809991603694
0.808208536533
0.80822930712
0.809383286289
0.810459940653
0.81066656124
0.809922754698
0.808596732326
0.806997916827
0.805038592642
0.802373255539
0.798740671642
0.794295364984
0.789913544669
0.786384234377
0.783832398688
0.781937363438
0.780084258905
0.777624533506
0.773694556021
0.767860292821
0.760814249364
0.755231876779
0.753891278842
0.756847151511
0.762224423169
0.768353767943
0.774360759739
0.779585620967
0.783341555665
0.784806984153
0.783701477993
0.780676817633
0.777802466393
0.77698585225
0.77895366008
0.783284707892
0.78922467542
0.795830310436
0.802230631348
0.807245837981
0.809485598446
0.80764035458
0.801735126023
0.793863967548
0.786654561961
0.781020816357
0.776395439522
0.771985734881
0.767156574564
0.761908636049
0.756827487231
0.75343002744
0.753814762243
0.759620057433
0.769803569136
0.780505620257
0.787884600629
0.791136673672
0.791674241047
0.791610035632
0.793030543285
0.797512418352
0.805658852061
0.816286161708
0.826140567201
0.831574724173
0.831697381183
0.82887073595
0.826795050213
0.828311410217
0.834630734579
0.845033929673
0.856258802441
0.86359257313
0.862522123894
0.851794622754
0.834071087347
0.814273243125
0.797106532223
0.785771418415
0.781327894856
0.782767551568
0.786937549852
0.789495976281
0.786509007961
0.776842584167
0.763082358136
0.749839338503
0.741441215765
0.739860712823
0.744221817446
0.751729407979
0.758633136807
0.761769301655
0.759686199167
0.753124875205
0.745069974555
0.739266105779
0.738649729475
0.744093567251
0.754279252934
0.766377952756
0.777576708087
0.7857468785
0.790107009326
0.791688841582
0.792551749073
0.794843962008
0.799047958003
0.803685237373
0.806346519992
0.80592351912
0.802799983432
0.798590381426
0.795232350127
0.793824327144
0.794383149448
0.796093357872
0.797268423478
0.796660076557
0.793394029219
0.787867161189
0.782235690811
0.779949345715
0.783836056129
0.792702820992
0.802416242087
0.809263892048
0.811567375619
0.809585541617
0.804735105764
0.799809531368
0.798018354585
0.802060399618
0.812175835388
0.825821637172
0.838660578387
0.846743822908
0.847432236319
0.839988698437
0.826244596291
0.810467525448
0.797913329581
0.79173317651
0.791527685123
0.795205218349
0.800087183958
0.804139414031
0.805716615329
0.8038778694
0.799187513363
0.793415738588
0.788531746032
0.785180176597
0.783242184311
0.782317821908
0.782019218112
0.78191369943
0.781420027879
0.780243000528
0.778598258494
0.777182780404
0.777013422819
0.778664606934
0.782838137472
0.789936358225
0.799691329155
0.810649497133
0.819799673888
0.824104835733
0.822894468637
0.817872018175
0.811785400176
0.806716756593
0.803835644687
0.803533385295
0.805024294428
0.806776884885
0.807295918367
0.806151314098
0.804294574451
0.802936549554
0.802797927461
0.803286079247
0.802952840556
0.800018330126
0.794079214167
0.785485641119
0.77568761579
0.766658385093
0.760804845498
0.76038617573
0.764786795048
0.769792327922
0.770461590014
0.765414685258
0.756434835815
0.746234907633
0.737826028199
0.734122306568
0.737572533849
0.748172532314
0.762365847842
0.774004904735
0.778847528716
0.776450848796
0.769762998916
0.763451232583
0.761865927255
0.766967353952
0.776885365599
0.787201547625
0.794561010389
0.79789297133
0.798518518519
0.799070781232
0.802538787024
0.810914591576
0.822543031649
0.832857068634
0.837889664667
0.837025621268
0.832145993949
0.826071661893
0.821439620501
0.820339687321
0.823072202904
0.827731718215
0.831243039078
0.831526191509
0.828033903287
0.821572175312
0.813294532088
0.80511423816
0.798825115562
0.795156772386
0.793155532539
0.791325695581
0.788857488898
0.785467956701
0.781407552217
0.777224744298
0.773856802451
0.772652388797
0.774360385144
0.778076558051
0.782337796087
0.786459685375
0.790334692126
0.794046886365
0.797417553656
0.799641897941
0.799747656813
0.797852141925
0.795964515568
0.796886540537
0.802174280403
0.811477729357
0.823079576817
0.834276284771
0.841871501582
0.843171917419
0.835998951232
0.820687791365
0.800027337343
0.780611903327
0.770096867531
0.770674118855
0.776546061073
0.780816054784
0.780431361659
0.776272462132
0.77013521458
0.76435246996
0.760996205441
0.761342516672
0.765283306975
0.770128974046
0.772641461299
0.7714922049
0.767645899054
0.763039409116
0.759679643577
0.758971492454
0.761301568855
0.764419695193
0.76519447786
0.761907390033
0.755752688172
0.748817204301
0.743069716175
0.739888025594
0.739804912446
0.741819468192
0.743168771527
0.741113125652
0.734731712485
0.724166885332
0.710011816522
0.692952359525
0.675230333097
0.662649142996
0.661972667855
0.672828407686
0.686536211847
0.696359653698
0.700410469641
0.69976517947
0.696532642609
0.694348117053
0.697503937962
0.707290153936
0.72047330765
0.732496662216
0.741464995678
0.747613937991
0.752473477172
0.757954335651
0.765542168675
0.774055792801
0.78001998002
0.781678603192
0.778913797955
0.772005914243
0.761395226855
0.749221779258
0.741451029118
0.74451228743
0.757829873981
0.774678015954
0.789820056146
0.801502039192
0.809080073681
0.812136899626
0.810590277778
0.806883680079
0.804661146887
0.805257936508
0.807524732175
0.809657836645
0.810318938074
0.807954691724
0.801894290635
0.794151745459
0.789543348776
0.790546326426
0.795316266789
0.800665054414
0.803912735697
0.804006968641
0.800998336106
0.798022775623
0.79964386237
0.807312252964
0.818427421624
0.829268292683
0.83631942667
0.83627587119
0.827423786471
0.811444243595
0.7946797216
0.783905393712
0.782331404275
0.789138368281
0.800822410691
0.813136885831
0.8225292919
0.827716049383
0.829355681059
0.829421936759
0.829381743007
0.829327736782
0.828210757409
0.824688932547
0.819161534818
0.813932512733
0.810769077505
0.81030163343
0.812133072407
0.815971044
0.821005653079
0.825842015992
0.82898740975
0.829503249768
0.827226331785
0.822235157159
0.81386599785
0.801638949144
0.786613339607
0.771927859303
0.760936238902
0.754740424612
0.752756985315
0.753429782988
0.755118699408
0.755966072455
0.754310344828
0.75001696871
0.744775931521
0.740422441445
0.737336879213
0.735067500823
0.733117157761
0.731308754407
0.729881290511
0.729334157906
0.729402003957
0.729346826127
0.728239243969
0.72589890568
0.722837985769
0.720307866121
0.720230473752
0.72447257384
0.732761601771
0.742886527254
0.751666781222
0.756657674483
0.75657530454
0.752161976664
0.746215977737
0.742079610073
0.741928850504
0.744897243459
0.747975635973
0.74790704388
0.742463026166
0.732282385195
0.721214099217
0.714330315329
0.713955046598
0.718257589584
0.723039821914
0.724792182245
0.721764166994
0.714478660184
0.70635414506
0.703127162031
0.70878974085
0.720312989045
0.730559305124
0.735116676153
0.734366865274
0.730485199878
0.727040482117
0.728181119419
0.737337192475
0.753546353346
0.769509857612
0.777887010093
0.777546100215
0.772524952792
0.76818278578
0.768895456225
0.776337479395
0.78830600282
0.800029289009
0.807666740527
0.809183202584
0.804743308112
0.7965974333
0.789481567779
0.787010357449
0.788383838384
0.790595611285
0.791276367537
0.789566551592
0.785362005978
0.779645093946
0.775639826545
0.777012383901
0.783137554737
0.790575568257
0.797265571054
0.802311618133
0.804486970684
0.802255895122
0.795047169811
0.785814977974
0.779865978587
0.780508806262
0.788195897865
0.802184002184
0.820811099253
0.839375679146
0.850414088529
0.849155255202
0.840062797013
0.831137315218
0.827173426448
0.829246354857
0.835791349104
0.843992869875
0.850917264128
0.854371832489
0.85425444145
0.852416386171
0.850763688599
0.84922704112
0.846352623945
0.841404734187
0.835228243333
0.830013446024
0.828218555479
0.830813129842
0.835948941223
0.839192892921
0.83731503901
0.830064448702
0.819461261736
0.808610052622
0.801464238784
0.801353653919
0.808005152742
0.816755574989
0.822240886948
0.821876044103
0.816299597223
0.807698433767
0.799139013453
0.793649389705
0.792363261094
0.794733722801
0.79928638982
0.804677000269
0.809581621218
0.811925219526
0.810408107368
0.805918174801
0.800917431193
0.79805469186
0.798512074152
0.802671273279
0.808989637306
0.814636246233
0.816624769566
0.814369310793
0.809795262947
0.805782975958
0.805183280809
0.809070427236
0.815596479791
0.821091985357
0.823428014689
0.823148492743
0.822030006124
0.821669341894
0.822799495586
0.825039042166
0.826911234275
0.826864354426
0.824520463184
0.820854004252
0.817328742938
0.814723766505
0.812951347686
0.811333333333
0.810069706895
0.809802385305
0.811995608015
0.816859802432
0.822055185538
0.823519691545
0.818475790946
0.807354313343
0.792188299505
0.776089060987
0.763574351978
0.759103873401
0.763402903811
0.771968349929
0.779541618548
0.782825967357
0.780606119287
0.773166796879
0.763602365189
0.757985464033
0.758430471187
0.760924872793
0.761516207996
0.758823529412
0.753280436823
0.746664229574
0.74200398142
0.74262497624
0.749364129418
0.759095951192
0.767431877566
0.771026601364
0.76867481857
0.761728521632
0.753246342595
0.746745060534
0.745321262077
0.750778345725
0.761674153098
0.771565621712
0.773366919627
0.766916914395
0.757768291472
0.751583113456
0.752265351709
0.760599395404
0.772595291175
0.781033021045
0.781369389367
0.774540931557
0.764329233245
0.755161222651
0.751881791678
0.758928571429
0.77489978415
0.787019559018
0.783311820484
0.767163317163
0.749645328153
0.739423876872
0.739952105368
0.749145424358
0.760937963787
0.768896611642
0.76997644997
0.76478305904
0.756785562029
0.750620584304
0.749841989148
0.754539792056
0.760448855443
0.761500500818
0.754821070539
0.742635863375
0.729330496929
0.718198626195
0.711079582097
0.709579937647
0.714980926736
0.725331112484
0.734764399184
0.739751700951
0.741386600235
0.741988577044
0.743640267435
0.748154457694
0.756154342252
0.764095001075
0.764655675207
0.755373341687
0.739719420685
0.720621641522
0.69952240805
0.681397559509
0.681944636269
0.7058547756
0.723170132635
0.723848099645
0.7156726997
0.704417211895
0.693283909137
0.685502404357
0.685870746765
0.698592035188
0.717660560391
0.727777549258
0.725629326012
0.718668519118
0.713681411651
