1.17477649628
1.18303419095
1.1854431244
1.18010570538
1.17053387408
1.16285251216
1.16143355534
1.16607109272
1.17366806486
1.17986695117
1.18144833198
1.17897534145
1.17557991642
1.17430267062
1.17547964436
1.1767539024
1.17550643504
1.17048316922
1.16388716151
1.15925554441
1.15911218814
1.16319273483
1.16872854106
1.17254455821
1.17275889751
1.17031233568
1.16760468839
1.16629305074
1.1660257059
1.1653718091
1.16342002209
1.1609634964
1.16040455367
1.16376122557
1.17056761111
1.1778832597
1.18172043011
1.17914190193
1.17071490886
1.1606569244
1.15386330198
1.15322225161
1.1583344268
1.16592103549
1.17227433095
1.17527393188
1.17513816781
1.17324561404
1.17087697679
1.16788709348
1.16389838788
1.15905791257
1.15484281229
1.15327782338
1.15537910034
1.16022922636
1.16526599992
1.16747462506
1.16516245487
1.15916697657
1.15223376528
1.14712393395
1.14507361676
1.14556712839
1.14715088568
1.14846669017
1.14917261801
1.14931846344
1.14902321776
1.14789090293
1.14521786052
1.14138670958
1.13798604187
1.1374186337
1.14099267697
1.14763213189
1.15415096163
1.15676127415
1.15324542312
1.14503016831
1.13683945805
1.13384821401
1.13850629855
1.14908653253
1.16044098174
1.16684554291
1.16518536556
1.15689114168
1.14662431452
1.13964610234
1.13890301924
1.14426131256
1.15243847741
1.15946932597
1.1628842371
1.16271432723
1.16042394663
1.15760039206
1.15515053639
1.15334966143
1.1522543983
1.1520976528
1.15301522497
1.15486350534
1.15694915254
1.15816542798
1.15760072227
1.15521114106
1.15193262312
1.14886480193
1.14668325041
1.14532183145
1.14419454908
1.14296803526
1.14192744392
1.14169660127
1.14257332855
1.14415111013
1.14530151171
1.14499833463
1.14340460983
1.14202151253
1.14307449722
1.14788790838
1.15577024513
1.16419411617
1.16961925651
1.16941402281
1.16361326747
1.15466734268
1.14620359955
1.14073365052
1.13879858657
1.139307443
1.14041154616
1.14107014775
1.14126618705
1.14169362292
1.14272859216
1.14402102497
1.14478242997
1.14456659495
1.14398416263
1.14450404528
1.14718588922
1.15183560656
1.15661407767
1.15901438629
1.15731617194
1.15219204746
1.14639513979
1.14287496102
1.14323507181
1.14645192154
1.14956106377
1.14962577286
1.14569925844
1.13988806337
1.13574407988
1.13575304394
1.14000468243
1.14550005073
1.14819991818
1.14565663475
1.13911497162
1.13260594452
1.13075708697
1.13564418026
1.14582897763
1.15651625118
1.16223432285
1.16029329217
1.15217315168
1.14213109008
1.1347879641
1.13279094446
1.13543994042
1.13905199859
1.13979702918
1.13591117917
1.12888059186
1.12202606717
1.1189884772
1.12187543157
1.12989250276
1.13977868375
1.14747186236
1.15045952156
1.14813941741
1.14167507568
1.13358176386
1.1270487699
1.12464898081
1.12729526108
1.1341994133
1.14341469657
1.15239704195
1.15884729158
1.16112993635
1.15926286378
1.15503443142
1.15111111111
1.14949095882
1.15083545223
1.1543904209
1.15832528375
1.1609851329
1.16185229303
1.16172610094
1.16206957133
1.16375838926
1.16660834062
1.16962490164
1.17151736958
1.17212523445
1.17239502778
1.17395393912
1.177890507
1.18374821173
1.18959567493
1.19256269818
1.1909475441
1.18521382945
1.17801689691
1.17262550688
1.17128340557
1.17436950486
1.17997207029
1.18493370246
1.18682021753
1.18508631945
1.18113920372
1.17708211315
1.1745603369
1.1739640344
1.17433730545
1.1741004555
1.17241907329
1.16991259009
1.16842267406
1.16986114131
1.17536259183
1.18402535658
1.19312852905
1.19933405904
1.20028901734
1.19588793493
1.18796160729
1.17989226828
1.1754775067
1.17711551879
1.18461947138
1.19494417387
1.20393429593
1.2079622491
1.20505871725
1.19540462233
1.18226684244
1.17072430537
1.1658074451
1.16960907945
1.18078444298
1.19564431889
1.20980443628
1.2192956593
1.22208817008
1.2186539892
1.21167579338
1.204502159
1.19986736563
1.19902362205
1.20192942212
1.2073925824
1.21370780247
1.21932082874
1.2233707184
1.22579772037
1.22698541086
1.22776631069
1.22909948644
1.23187113647
1.23641673058
1.24217424375
1.24794253642
1.2523364486
1.25430232558
1.25353385212
1.25091142415
1.24800744662
1.24640324215
1.24659863946
1.24798410321
1.24932820943
1.24949844445
1.2483463092
1.24672078113
1.24574646891
1.24605519768
1.24705568246
1.24733335325
1.24547429399
1.24126790613
1.23613628683
1.23262849205
1.23252862891
1.23568856327
1.23960414585
1.24084396158
1.23678182859
1.2272902356
1.21562298257
1.20703263999
1.20562532367
1.21214871479
1.22328865174
1.23361245584
1.23800604627
1.23407894737
1.22394126131
1.21274171496
1.2056875101
1.20508616255
1.2093358999
1.21420327028
1.21521579166
1.21037738848
1.20180571285
1.19431588756
1.1925923651
1.19840253643
1.20982739759
1.22221885052
1.23029221369
1.23112258684
1.22577965046
1.21839585347
1.21348705174
1.21322047561
1.2168712803
1.22116380799
1.22259633371
1.21940444087
1.21293892803
1.20656398037
1.20343539533
1.20477108981
1.20907067017
1.21301060741
1.21339226392
1.20895997224
1.20136922988
1.1941444823
1.19040583992
1.19163600257
1.19705743323
1.20420303719
1.21031363088
1.21355665263
1.21417308509
1.21343369654
1.21269986295
1.21238883778
1.21179019031
1.21002684648
1.20675794498
1.20282009316
1.20012586532
1.20010690815
1.20316481581
1.20816262212
1.21306145639
1.21593919516
1.21610422226
1.21463718468
1.21359373072
1.21463101212
1.21791090163
1.22201701535
1.22457652661
1.22386897811
1.21984637741
1.21452242001
1.21091278479
1.21123148735
1.21585295807
1.22306102532
1.22973399524
1.23320452268
1.23240519303
1.2287766529
1.22490366495
1.22306784992
1.22382762991
1.2258265575
1.22672595633
1.22445417346
1.21893440275
1.21225401736
1.20740315638
1.20677711713
1.21076730147
1.21750819866
1.22338866457
1.22488687783
1.22046218615
1.21135130219
1.20092876438
1.19293809408
1.18998527246
1.19279346211
1.19976919718
1.20802953969
1.21423887588
1.21655339354
1.21468839531
1.20962209836
1.20288129903
1.19581378344
1.18994651106
1.18638176983
1.18593371059
1.18857988166
1.19338712507
1.1986565133
1.2023419069
1.20256175139
1.19832139085
1.19016523764
1.18033294837
1.17176989421
1.16674510672
1.16585419593
1.16780793664
1.17012722366
1.17045297706
1.16750553097
1.16171260932
1.1550902847
1.14972386424
1.14705964364
1.14683330993
1.14769605483
1.14778564091
1.14609513973
1.14295586076
1.13988619624
1.13881069159
1.14104025963
1.14642424958
1.15341535345
1.15972180586
1.16329410352
1.16340945141
1.16089764576
1.15751599147
1.15483470708
1.15377113134
1.15421487114
1.15544653939
1.15674754715
1.15770515614
1.15865150517
1.1599920866
1.16177705616
1.16331819322
1.16346073546
1.16118530885
1.1563808837
1.15049706717
1.14581742829
1.14444684529
1.14706672397
1.15256058896
1.15870099695
1.16273938271
1.16274154589
1.15860148344
1.15246327184
1.14739692716
1.14585007621
1.14836728998
1.153483514
1.15847760767
1.160591133
1.15842539015
1.15311299452
1.14749340369
1.14485625622
1.14682551298
1.15290080366
1.16041427605
1.16572338168
1.16582323173
1.16001753617
1.15031526581
1.14036592338
1.13382573507
1.13252775046
1.13603918824
1.1416724836
1.14577129658
1.14523315345
1.13889575268
1.12822187747
1.11615151843
1.10600355049
1.10013698998
1.09940058597
1.1028525296
1.10838897265
1.1136381988
1.11704361874
1.11799800232
1.11682598305
1.11433269389
1.11145279255
1.10897740951
1.10748955864
1.10730392852
1.1083010924
1.10994212072
1.11137799891
1.11157677182
1.10957759465
1.10484685777
1.0976945245
1.0893905968
1.08177636436
1.0763998201
1.07415248336
1.07461819389
1.07657992565
1.07841685181
1.07854803493
1.07626222933
1.07194089993
1.06682641108
1.06250330495
1.06002635046
1.05963302752
1.06074951734
1.06218634662
1.06274969371
1.06156144141
1.05853463232
1.05421735062
1.04944700956
1.04488063374
1.04107308553
1.03836507455
1.03696292591
1.0370618816
1.03866861085
1.04156128815
1.0452765334
1.04916548798
1.05237120437
1.05408801439
1.05385693447
1.05171922222
1.04838253591
1.04490708397
1.04200915761
1.04004688948
1.03877016184
1.03767252027
1.03627469326
1.03449744463
1.0326058166
1.03108371529
1.0302791978
1.03001856549
1.02954182694
1.0279777229
1.0245546334
1.01937097547
1.01354425975
1.00890383322
1.00748668883
1.01030311268
1.01704109589
1.02602754882
1.0346907994
1.04033779029
1.04127934902
1.03742591025
1.030476672
1.02302925413
1.01738357724
1.01481789226
1.01520438684
1.0172098437
1.01893111179
1.01863268564
1.0159058721
1.01155261815
1.0072617407
1.00456417386
1.00425431957
1.00597880006
1.0085951626
1.01049778994
1.01046333878
1.00836996289
1.00514314204
1.0022785009
1.00110213079
1.00208812412
1.00484151398
1.00824764644
1.01080056064
1.01144837145
1.0099538453
1.00705065926
1.00400973397
1.0018742076
1.0010185542
1.00110201945
1.00124117387
1.0005511312
0.998574053254
0.995517644182
0.992353304178
0.989987550658
0.988940720164
0.988964942873
0.989207139892
0.988566243194
0.986156478457
0.98202491647
0.977223371251
0.973386680434
0.972000516596
0.973798220354
0.978312622629
0.984098846439
0.989075720253
0.991346205852
0.98987755102
0.985221137591
0.978996976218
0.97344170495
0.970312881604
0.970389652648
0.973272613917
0.977772964778
0.982140930182
0.984938225283
0.985526874867
0.984201256539
0.98195218501
0.979829846655
0.978605082258
0.978448497303
0.979069409532
0.979847382977
0.980326528527
0.980492158613
0.980775114737
0.981863760776
0.984230868333
0.988018649233
0.99261467043
0.997063456045
1.00002694837
1.00065052991
0.998722652534
0.994831197802
0.99000735154
0.985435304386
0.982093061403
0.98066495043
0.98122605364
0.983463644536
0.986578087445
0.989777125317
0.992224155201
0.993482454768
0.99319763081
0.991348010815
0.987996710019
0.983664663276
0.979113209484
0.975432933702
0.973551605065
0.973931285016
0.9765376322
0.980605621784
0.984945112389
0.98812263577
0.989010695187
0.987183974583
0.983166981387
0.978422298752
0.9746320578
0.973078662446
0.97436440678
0.977940982221
0.982713116917
0.987003400733
0.989330950754
0.988852339181
0.985910759526
0.98190831502
0.978595436052
0.977595669499
0.979636145841
0.984549720447
0.9911564285
0.99780773592
1.0027901078
1.00513252643
1.00473056355
1.00246082114
0.999764847281
0.998021473606
0.998162303247
1.00045635134
1.00412554603
1.00806234158
1.01092558789
1.0119069817
1.01082222516
1.00808604176
1.00454781705
1.00100842944
0.998222657256
0.996638267296
0.996168973796
0.996521871589
0.99704873373
0.997340558984
0.99717252596
0.996643622883
0.996199345583
0.996322037338
0.99764519184
1.00051639556
1.00494135393
1.01053870293
1.01654498661
1.02214255588
1.02637635916
1.02858735467
1.02840501077
1.02588635518
1.02180124881
1.01718122918
1.01340350513
1.01144129617
1.0117152906
1.01395407203
1.01737673767
1.02101103079
1.02376590459
1.02479901207
1.02397450812
1.02176446742
1.01926977688
1.01756033192
1.01750235315
1.01920126815
1.02233327323
1.02606210212
1.02938480476
1.03156093709
1.03219178082
1.03157480315
1.03035909731
1.02929172909
1.02891239212
1.02926891291
1.02998102467
1.0302770565
1.02950564226
1.02727477647
1.02379586441
1.01987182672
1.01664437509
1.01505509471
1.01572553598
1.01843145101
1.02235623628
1.02620788019
1.02851569518
1.02810582229
1.02465025037
1.01867882723
1.01129682405
1.00393922341
0.997959756191
0.994426488179
0.993852250788
0.99627489737
1.00111043812
1.00717421297
1.01329581954
1.01831166906
1.02146998133
1.02240724868
1.02118903559
1.01811344868
1.01378594723
1.00916906868
1.00519506469
1.00283371367
1.0026163522
1.00459248044
1.00835654596
1.01304546842
1.01772669221
1.0213502153
1.02329638752
1.02331175312
1.02181041714
1.0196576894
1.01789269361
1.01716114736
1.0177332682
1.01921673559
1.02084143969
1.02170414086
1.02101293103
1.01864423455
1.0150812065
1.01150990099
1.00918501601
1.00909679992
1.01160430086
1.01628006764
1.02206966692
1.02741267325
1.03072468225
1.03102003271
1.0282382763
1.02334727824
1.01802091316
1.01396961852
1.01261440124
1.01454133308
1.0196173057
1.02699231906
1.03522070831
1.04278638682
1.04848962696
1.05183499852
1.05312259633
1.05316127746
1.05282669138
1.05289310397
1.05359865813
1.05484077248
1.0561131504
1.05683362827
1.05656431705
1.05519070472
1.05295219074
1.050276434
1.04756780552
1.04509083834
1.04285332751
1.04075280844
1.03860042944
1.03633468088
1.03416722013
1.03244204133
1.03162721527
1.03210300857
1.03392718434
1.03689403689
1.04040763425
1.04371933769
1.04606914213
1.04694007921
1.04632332411
1.04462311558
1.04256164486
1.04088598581
1.04019476567
1.04065217918
1.04208819401
1.04407412798
1.04606352918
1.04751529988
1.04828671931
1.04850986013
1.04862059547
1.04899855152
1.04986672031
1.0511202352
1.05235869537
1.05298047276
1.05234280415
1.05012209228
1.04655674103
1.04232109489
1.03842988603
1.03581552417
1.03512073516
1.03649332944
1.03958079454
1.0435688206
1.04745318907
1.05028656865
1.05152801145
1.05129305991
1.0502459058
1.04949035358
1.04997324227
1.05217280164
1.05606445488
1.06094325529
1.06566608974
1.06895036194
1.06968164697
1.06747946612
1.06266085671
1.05630277595
1.04971876256
1.04425774511
1.04069549577
1.03931388506
1.03967595039
1.04094129555
1.04207794851
1.04227762734
1.04128781088
1.03934745806
1.03720154044
1.03566656388
1.03549656609
1.03714763805
1.04048906049
1.04490110455
1.04936977476
1.05281323757
1.05446316319
1.05409848315
1.05208256087
1.04917629097
1.04627483852
1.04420848942
1.04356544844
1.0444901274
1.04677506357
1.04972518926
1.052527358
1.05444499466
1.05502752675
1.0542563626
1.05248314232
1.05018350494
1.04795737123
1.04622390892
1.04534666465
1.04547515872
1.04661910982
1.04858643983
1.0511236235
1.05399900646
1.05685485873
1.059501868
1.06162837363
1.06291331999
1.06307668649
1.06190907913
1.05952971266
1.05610215616
1.05229645094
1.04869709372
1.04588684663
1.04424105671
1.0437697755
1.04423763068
1.0452192524
1.04624507899
1.04678391834
1.04659822866
1.04561563386
1.04402931895
1.0422959953
1.04090419806
1.04006879203
1.0399311797
1.04028740056
1.04077137808
1.04096791485
1.04052440357
1.03931278423
1.03734679526
1.03487645839
1.03228938458
1.02992462874
1.0280798005
1.02688873282
1.0262552169
1.02605097819
1.02596029905
1.02578885859
1.02540295238
1.02481797542
1.02407224275
1.02319200704
1.02229020979
1.02124183007
1.02002029942
1.01843434343
1.0165114523
1.01431944933
1.01214889932
1.01046844404
1.00982782456
1.01068629181
1.01329383166
1.01751567998
1.02294415721
1.02878744576
1.03406019575
1.03770140487
1.0389012976
1.03728146039
1.03314067554
1.02731578947
1.02108308141
1.01589185285
1.01281461019
1.01241161809
1.01469729661
1.01904398678
1.02444319575
1.02965818556
1.03355409531
1.03533605683
1.03475670308
1.03209242619
1.02808075511
1.02355870021
1.01941493537
1.01629115213
1.01452557595
1.01405711025
1.01463830227
1.01574095473
1.0168504902
1.0177029361
1.01814684518
1.01833678992
1.01849127435
1.01886888804
1.01948855434
1.02025389047
1.02081412199
1.02071988312
1.01946926257
1.01675724638
1.0126059322
1.00729275971
1.0013751946
0.995453844968
0.990082602488
0.985568739043
0.982248671194
0.980042419441
0.978891005509
0.978585890048
0.978843035724
0.979515632807
0.980433521439
0.981563538535
0.982938388626
0.984534593672
0.986227842798
0.987825587167
0.989066903246
0.989566759696
0.988966560593
0.986984532721
0.983598863133
0.978889207433
0.97328990228
0.967271684139
0.961372605389
0.956090651558
0.951695786228
0.948363520813
0.94603503735
0.944599813557
0.943767298275
0.943260154841
0.942788626242
0.942209083298
0.941437813401
0.940609163305
0.939721713091
0.938958753817
0.938429095832
0.938150015758
0.938128199008
0.938280852885
0.938430074541
0.938352471831
0.93777550801
0.936592268261
0.934611823833
0.93180389692
0.928198738416
0.923926222108
0.919161522634
0.914258511104
0.909557988227
0.905528159875
0.902459401598
0.900645906632
0.900234772745
0.901024161749
0.902841842956
0.905306144096
0.908043236369
0.91067745518
0.91289556962
0.914471955002
0.915422885572
0.915866889213
0.916064841274
0.916282562536
0.916765755054
0.917586822166
0.918657432625
0.919805906292
0.920775157109
0.921364709628
0.921413854922
0.920820877434
0.919730905358
0.918164642375
0.916485405086
0.914915714628
0.913654459648
0.912848228506
0.912447530704
0.91223905246
0.911997728974
0.911404213418
0.910298569788
0.908552475717
0.906292295852
0.903710624666
0.901305930208
0.899441490072
0.898486742374
0.898557997042
0.899554390564
0.90121366809
0.903094441418
0.904697743114
0.905545747222
0.905338096852
0.903878937292
0.90134529148
0.898020300533
0.89446969093
0.891249434976
0.888747312256
0.887257236598
0.886848138291
0.887360906991
0.888540113526
0.890017229677
0.891494912601
0.892781621198
0.893664862604
0.894210112654
0.894528173082
0.894797779123
0.895179579136
0.89576452559
0.896532556908
0.897495029821
0.898479581819
0.899365559714
0.899968151176
0.900129942454
0.899883462231
0.899153663052
0.898155975906
0.89697882005
0.895760651232
0.894633681199
0.893563303923
0.892574112122
0.891647915997
0.890754270979
0.889904557064
0.889264717726
0.888995855061
0.889252286748
0.890101180884
0.891646314241
0.893709951615
0.896029258098
0.89821942917
0.899791946485
0.900204477255
0.89912069058
0.896227180527
0.891646933943
0.885856959642
0.879609958054
0.873822159645
0.869450856192
0.867249581418
0.867483208218
0.870141088396
0.874709492101
0.880474022916
0.886465868736
0.891679041154
0.895180271745
0.896306473774
0.894852165445
0.891022693462
0.885525784301
0.879348116484
0.873660537108
0.869352133347
0.86711412888
0.867228197486
0.869580999793
0.873857213555
0.879422572178
0.885395698697
0.89097563582
0.895349462366
0.898081276275
0.898942894801
0.898216243682
0.896322223106
0.893838314861
0.891359825009
0.889320287829
0.888036770212
0.887610230417
0.887953435194
0.888877260002
0.889984185556
0.89096019729
0.891469774372
0.891274275073
0.890278808438
0.888491102453
0.886020775696
0.883087987996
0.879856207472
0.876596831886
0.873453877738
0.870639015171
0.868386633498
0.866830023214
0.866118233249
0.866277098062
0.867277486911
0.86892593175
0.870899332373
0.873015873016
0.874908977426
0.876402165747
0.877260047526
0.877379417075
0.876741665807
0.875397461417
0.873612983511
0.871648854565
0.869959598592
0.868841336117
0.868491077951
0.868980963046
0.870182819154
0.871900398613
0.873899914832
0.875959606368
0.877884813517
0.879511855311
0.880746531373
0.881632653061
0.882345259859
0.883065467607
0.884011880043
0.885285996055
0.886875689302
0.888612630532
0.890287113751
0.891599688877
0.892325167153
0.892209095823
0.891176924263
0.889143298173
0.88628452077
0.882890107616
0.879432071848
0.876470588235
0.874488439382
0.87381423955
0.874512353706
0.876386441381
0.879156884497
0.882396753647
0.885687232899
0.888505835185
0.890545612378
0.891508348462
0.891295987694
0.890017486114
0.887989482096
0.885619902963
0.883322159765
0.881474436419
0.880302759097
0.879857759716
0.880163413527
0.881094352859
0.882467338187
0.884069145629
0.88561335423
0.886835278859
0.887639041988
0.88794862108
0.88789021951
0.887637306753
0.887387502231
0.887272912839
0.887415867836
0.887834054467
0.888538754765
0.889566344029
0.890720810116
0.89179666556
0.892489672337
0.892495033668
0.891613739469
0.889781591264
0.887218436248
0.884173389712
0.881117618225
0.878399139653
0.876406206354
0.875315051921
0.875335355916
0.876432897833
0.878621416209
0.881664269674
0.885306392508
0.889137248857
0.892678502009
0.895549239955
0.89734277428
0.897896410604
0.897235966117
0.895539634851
0.893055202239
0.890111554187
0.886991032629
0.883937537658
0.881162415566
0.878806349206
0.876990946164
0.875871181698
0.875479978058
0.875862611844
0.876941238195
0.878690578745
0.880885207713
0.88331283943
0.885667909407
0.887731219328
0.889142312898
0.889679893716
0.889107017014
0.887281112998
0.884183100031
0.879952660286
0.87501292524
0.86979139707
0.86490254292
0.86084366736
0.85811534343
0.856867909238
0.857110455886
0.858652177194
0.861160106839
0.864210659577
0.867443461411
0.870376078915
0.872754065303
0.874419328887
0.875399195119
0.875870460017
0.876100499408
0.876492394222
0.877263377098
0.87868297367
0.880760310578
0.883361921098
0.886251486702
0.889055586635
0.89141936968
0.892987319678
0.893568304605
0.893095997531
0.89173723377
0.889845886472
0.887837390928
0.886186893634
0.885358522971
0.885684731053
0.887297979798
0.890149117699
0.893970577026
0.898357394276
0.902792352384
0.906834689321
0.909988684292
0.911961673192
0.912587051844
0.911838400537
0.909860029495
0.90694239291
0.903575691525
0.900290818446
0.897601619685
0.896019075264
0.895811789038
0.897192647779
0.900105449963
0.904348273026
0.909603356413
0.915372088815
0.921051262035
0.926069732665
0.929741025845
0.931607542346
0.931454846816
0.9294039027
0.925861839478
0.921566554795
0.917262512768
0.913680274229
0.911345687297
0.910495416624
0.911146094093
0.913055901912
0.915803278689
0.918823591811
0.921510849183
0.923298980197
0.923896869843
0.923230632139
0.921610738255
0.91942698903
0.917229908121
0.915458240462
0.9143372172
0.914043109079
0.914385357667
0.91511425405
0.915714209771
0.915707786995
0.914580700669
0.912218779469
0.908527883243
0.903902452126
0.898881216209
0.894008110127
0.889968585272
0.88727146925
0.886144417799
0.886752136752
0.889028767343
0.892653850285
0.89724627548
0.902341227126
0.907456258412
0.912227309453
0.916309302263
0.91947216138
0.921678245766
0.922919731895
0.923343995188
0.923159076594
0.922618070377
0.922074381067
0.921771657812
0.921919577973
0.922624458585
0.923987970085
0.925890483785
0.928144989339
0.930508247284
0.932656926407
0.93426011908
0.934999862346
0.934747731799
0.933641420151
0.931912782204
0.930037773033
0.928503569393
0.927770892828
0.928144354774
0.929738562092
0.932473465001
0.935980309956
0.939881618068
0.943573236492
0.946425108729
0.947990543735
0.9480335124
0.946524806934
0.94372629889
0.939948716535
0.935678944475
0.931304204633
0.92720884912
0.923658248372
0.920716605207
0.918399383107
0.916517574523
0.915008793141
0.913732587474
0.912541073384
0.911311969323
0.909824811906
0.9079397484
0.90541740675
0.902208201893
0.898348798744
0.894030814133
0.889650733236
0.885629275346
0.882566986437
0.880805376462
0.880792186652
0.882566127549
0.886055712118
0.890992932959
0.896783803167
0.902723844112
0.907875017673
0.911461751362
0.912803025961
0.911771441658
0.90855776348
0.903867871259
0.898394225927
0.893070241168
0.888582231667
0.885343830865
0.88361784141
0.883276318693
0.883934498783
0.885074999307
0.886161024245
0.886769367666
0.886682633396
0.88592009381
0.884590586718
0.882842004397
0.880946980437
0.879076396807
0.877377649381
0.875836814099
0.874497505346
0.873134539688
0.871673217294
0.870073480294
0.868346099605
0.866699757335
0.86523216308
0.864176947872
0.863696267841
0.863812788622
0.86448918888
0.865622210062
0.86692674469
0.868159491476
0.869029098243
0.86941304722
0.869315585009
0.868782918149
0.868038190498
0.867329263098
0.866719668361
0.866367687548
0.866337756607
0.866519487136
0.866902104817
0.867385536047
0.86792506146
0.8685173108
0.869200718583
0.869997128912
0.870964945236
0.872151421024
0.873521462408
0.875076067113
0.87674545821
0.878353693344
0.879861955815
0.881231218581
0.882352941176
0.883193512304
0.883714405948
0.883833112359
0.883433145063
0.882520754286
0.880937392698
0.87874015748
0.875936624149
0.872720006851
0.869271545828
0.865823433895
0.862727765263
0.860261135396
0.858578340156
0.857863365429
0.857985454962
0.858725129171
0.859863017592
0.861046676096
0.862045627591
0.862680423996
0.862867647059
0.862636267896
0.861941262596
0.860871328428
0.859531870184
0.857959542656
0.856036379639
0.853694927155
0.850932580673
0.847685948024
0.844134206595
0.840497284939
0.837073531925
0.83417156821
0.83214164113
0.831240966928
0.83155004529
0.832956216767
0.835092087023
0.837505315379
0.839629893238
0.840886953532
0.840861208116
0.839281562427
0.836195315694
0.831924910085
0.826929804104
0.821855550731
0.817295561418
0.813619461239
0.811055757269
0.809597133178
0.809119118839
0.809441098193
0.810408398773
0.811700441526
0.813147115713
0.814608665867
0.815865480854
0.816818363959
0.81730163277
0.817214173002
0.81648737272
0.815178184966
0.813333719147
0.81124532893
0.809138230191
0.807412309729
0.806229657968
0.80581013804
0.80618568264
0.807171514544
0.808653124739
0.810341468845
0.812096119954
0.813641488162
0.814957944987
0.815866292714
0.816448049707
0.81675513501
0.816761486701
0.816538139387
0.816015940857
0.815194478935
0.814048155205
0.812638804765
0.811082978479
0.809504712252
0.80826832185
0.807482396855
0.807358273139
0.807885083863
0.808951965066
0.810342406112
0.811717137445
0.812788642454
0.813257858744
0.81295338285
0.811880614315
0.810170571371
0.80796881767
0.805607476636
0.803312036215
0.801200342955
0.799429060805
0.798042349181
0.796902629628
0.795985765125
0.795188242971
0.794556132821
0.794082939987
0.793963658762
0.794286353843
0.795138791434
0.796485180685
0.798215100365
0.800097906528
0.80181855155
0.80299929841
0.803355133883
0.802717295616
0.801037605886
0.79861294004
0.795733489188
0.792875912409
0.790465631929
0.788912517843
0.788531923546
0.789277348833
0.791032757183
0.793447782546
0.796104044264
0.798591107435
0.800503749499
0.80167122893
0.801911734798
0.801311897859
0.800041228613
0.798335202786
0.796396236987
0.794343339311
0.792196379401
0.789887246597
0.787500364719
0.78497416888
0.782402944527
0.779929320366
0.77768390386
0.775916533836
0.774737447849
0.774233163877
0.774385048003
0.775131149865
0.77619155955
0.777354600384
0.77840728429
0.779094198669
0.779378472937
0.779070110701
0.778227474151
0.776745420759
0.77461223769
0.771801428445
0.768319567326
0.764300847458
0.760020025326
0.755809165245
0.752078941204
0.749193993436
0.747362975311
0.746687140988
0.747059984771
0.748251355375
0.749894535534
0.751746768125
0.753423875827
0.754634960848
0.755290775207
0.755332460352
0.755001019131
0.75436198674
0.753622346758
0.752772133527
0.751874890995
0.750888850032
0.749810108092
0.748633080904
0.747446448374
0.746246115419
0.745095776598
0.744041480463
0.743105413105
0.742292939338
0.741579740215
0.740972954487
0.740453648351
0.739971305595
0.739514158402
0.738975347352
0.73823842546
0.737316700758
0.736086227822
0.734492972471
0.732581578102
0.730533117932
0.728483455612
0.726718501502
0.725435560509
0.724669346851
0.724467962063
0.724642261939
0.725070858026
0.725553584711
0.725954788987
0.726239016827
0.726501624544
0.726875538948
0.727538810296
0.728553833815
0.729790097649
0.730984580929
0.731894733801
0.732125167531
0.731531584519
0.730090987226
0.72799261707
0.725534576211
0.723164177332
0.721079387598
0.719410276028
0.718025473968
0.716841673022
0.715543813298
0.714008696674
0.712205290819
0.710329889061
0.708710720214
0.707786754698
0.707856422084
0.708967899813
0.710946967511
0.713361568809
0.715721506413
0.717589595716
0.718550295858
0.718577450573
0.717867126628
0.716706372841
0.715398388541
0.714251497006
0.713276623884
0.712386178617
0.711441585473
0.710219416892
0.708678795109
0.706871625409
0.705072484905
0.70362559584
0.702759353375
0.702696506863
0.703350929539
0.704515386828
0.705787457149
0.706791811822
0.70722673634
0.706974482206
0.70620130704
0.705091230976
0.703842844852
0.702695674785
0.701603031186
0.700528634361
0.69928027845
0.697613358114
0.695278969957
0.692323433115
0.688830096523
0.685173921858
0.681626279567
0.678601382422
0.676408460893
0.675150393336
0.674793698425
0.675077595126
0.675679542203
0.676258377299
0.676620601225
0.676687221651
0.676567562143
0.67638072178
0.676432235069
0.676893520405
0.6776917458
0.67876103599
0.679684046096
0.680141170888
0.67983150599
0.678591845946
0.676507955714
0.673860983964
0.671004448749
0.668323392975
0.666057902458
0.664245311104
0.66268311488
0.661180997484
0.65958642724
0.657757805109
0.655789939519
0.653893623274
0.652226022392
0.651053182823
0.65038455957
0.650092990817
0.650065722214
0.650060359803
0.64983365019
0.649393803323
0.648650275362
0.647735160093
0.646683789092
0.645538982846
0.644306292646
0.64295498128
0.641431584095
0.639835703776
0.638258736971
0.636846929423
0.635640558591
0.634687791801
0.633862623725
0.633077472331
0.632200623238
0.631137085051
0.629951633483
0.628718009549
0.62768192714
0.626910142191
0.626423087106
0.626054495753
0.625640723502
0.624962984898
0.623922703009
0.622552552553
0.621083137113
0.619736642954
0.618789384392
0.618212121212
0.617956731499
0.617714198752
0.617252239856
0.616429098058
0.615166635865
0.613661538462
0.612226780138
0.611187027421
0.610678063021
0.610722819594
0.611170560609
0.611765403898
0.612129300119
0.61205312148
0.611449704142
0.610344827586
0.609088508816
0.608021984447
0.607427753265
0.607506230758
0.608296427517
0.609716140947
0.611463246117
0.613193856573
0.614544130144
0.615316767542
0.615419777541
0.614987159105
0.614240496604
0.613495794161
0.613027654213
0.612961633316
0.613381622904
0.614086961935
0.614903369673
0.61561459746
0.61610078353
0.616442561552
0.616809510644
0.617335177501
0.618237642002
0.619362340126
0.620566836129
0.62139568694
0.621595506975
0.620971882456
0.619665373424
0.618006646544
0.616538815588
0.615733456733
0.615856302261
0.616698763745
0.617729567982
0.618368689876
0.618121546961
0.616857261173
0.614828384111
0.612601533931
0.61081871345
0.609965523971
0.61002568187
0.610560519903
0.611009949925
0.610828772478
0.609772816295
0.607992947399
0.606017191977
0.604505145964
0.603839609618
0.604031975541
0.604718176061
0.605307218449
0.60540625988
0.604696859253
0.603398443703
0.601906577693
0.600742597823
0.600304143961
0.600411783339
0.600711540294
0.600786344457
0.600245050622
0.599023914104
0.597384292645
0.595830863466
0.594818481848
0.594528513844
0.594718030183
0.595046809641
0.594999166528
0.594370251364
0.593199879288
0.591831268832
0.590831861945
0.590537634409
0.591115200105
0.592305680852
0.593658345825
0.594677251432
0.595076483388
0.594757281553
0.593951093951
0.593017312975
0.592378716248
0.592076580419
0.592145968811
0.592323027752
0.592437241818
0.592298366514
0.591945750568
0.591424362751
0.590839156356
0.590237161771
0.589491711636
0.588536235662
0.587203370306
0.585659223817
0.583985812755
0.582460029558
0.58119744366
0.580166290773
0.579151490625
0.577913944277
0.576255614537
0.574183621132
0.571913463846
0.569852689277
0.568396628792
0.56769684839
0.567688830415
0.568159672054
0.568760269609
0.569303447583
0.569683379075
0.570026046884
0.570425581473
0.570983459843
0.571669421488
0.572334941511
0.572743526919
0.572781340333
0.572524174725
0.572159261859
0.571792039101
0.571648845238
0.571644599771
0.571689065982
0.571622908448
0.571340397078
0.57099416013
0.570743405276
0.570646297653
0.570779288886
0.570912660846
0.570804565309
0.570263465835
0.569315949277
0.568220201948
0.567424433476
0.567363384538
0.568067046309
0.56927571342
0.570389296994
0.5707654146
0.570060984258
0.568265682657
0.565879934793
0.563726182075
0.562567894313
0.562658690133
0.563617499568
0.564759867513
0.565375051803
0.564982512034
0.56368685992
0.562067887295
0.560831684543
0.5604258418
0.560805415726
0.561399225752
0.561504658112
0.560560880369
0.558456909521
0.555691730949
0.553132233796
0.551476716797
0.550812048105
0.550892954969
0.550949786482
0.550312128419
0.54884034621
0.546680224457
0.544587308171
0.543312125889
0.543156550481
0.543922848887
0.544966190834
0.545659951045
0.545481984531
0.544480899046
0.543158844087
0.542217738923
0.542211167211
0.543194829178
0.544838757179
0.546579972081
0.547766499322
0.5481186818
0.547690744839
0.546916116939
0.546217583127
0.545916723354
0.545894585873
0.545994385662
0.545940672761
0.545490764216
0.54460791419
0.543534186021
0.542410390364
0.541297773892
0.540192335927
0.539028637054
0.537751364282
0.53640639699
0.535127168285
0.534010768181
0.533076893781
0.532320558561
0.531780482133
0.531404375441
0.531397329741
0.531806209594
0.532564287431
0.533453670277
0.534107343725
0.534284677712
0.533887312525
0.533094082623
0.532429776431
0.532407976088
0.533365945131
0.53517364203
0.537215657905
0.538753799392
0.539311941252
0.538799122282
0.537691847718
0.536722041173
0.536592112542
0.537456343445
0.538845553822
0.539905191172
0.539936350229
0.538679501611
0.536628899581
0.534660367129
0.533727170933
0.534152637054
0.535540821833
0.537070734446
0.537774484184
0.537157911293
0.535457063712
0.533457765776
0.532018136982
0.53160369839
0.531920858699
0.531983674789
0.530951018072
0.528323747259
0.524429967427
0.520379465223
0.517456044418
0.516304347826
0.516811165151
0.517997870075
0.518816394994
0.51855710379
0.51718565751
0.515506758235
0.514535137495
0.51503154231
0.516934433348
0.519438773294
0.521542344852
0.522330181691
0.521553786594
0.519669364262
0.517765843179
0.516702931012
0.516963186277
0.518389830508
0.52032348209
0.522106686956
0.523126131055
0.52342737722
0.523226876815
0.522963390501
0.522920692349
0.52321994159
0.523554383217
0.523854725547
0.523862558264
0.523588012514
0.523118655214
0.522661840915
0.522356632674
0.522304369497
0.52265318064
0.523349571645
0.524282886146
0.525215408008
0.525822193932
0.525905959868
0.525313717006
0.524381161008
0.523562760209
0.523477950366
0.524318018665
0.52595264938
0.527722232321
0.528895223208
0.528871268657
0.527486044091
0.525369422792
0.523399547881
0.522483011229
0.522825982048
0.52404474793
0.525186521676
0.525435402932
0.524243926624
0.522046382005
0.519661943823
0.518298420245
0.518478314501
0.520065075922
0.52243083004
0.524505674216
0.525710318838
0.525704973085
0.525078369906
0.524354744809
0.524151215988
0.524433563748
0.525014403687
0.525486428057
0.525763313042
0.526015137811
0.526839153589
0.528511432571
0.53127753304
0.534682348583
0.538118880794
0.540794492511
0.542215192818
0.542310010664
0.541557063086
0.540482105069
0.539700805524
0.539297272307
0.539280896786
0.539385722968
0.539405866367
0.539182602175
0.538573371477
0.537744728916
0.536594615093
0.535292147198
0.534048101999
0.533210152679
0.532838517506
0.532882485543
0.532893115853
0.532319013524
0.530684104628
0.527890879479
0.524499229584
0.521431522413
0.519637305699
0.519601519014
0.520974332111
0.523004868755
0.524731010117
0.525317481762
0.524597913497
0.522981873605
0.521171023965
0.519763061637
0.51894280382
0.518491484185
0.517974401781
0.51709058456
0.515868246815
0.514692861096
0.513976540558
0.513873467817
0.514252683732
0.514645321557
0.514483787218
0.513557549403
0.512014423865
0.5105026541
0.509606798989
0.509692456065
0.510700534759
0.512090666667
0.513198642486
0.513515501839
0.513076723017
0.512350392076
0.512040889711
0.512641141449
0.514136179383
0.516039907905
0.517477898588
0.517964975845
0.517482168687
0.516775858646
0.516623660183
0.51761544586
0.519776547459
0.522226652048
0.523795345144
0.523793069405
0.522267604941
0.520068948535
0.518346355454
0.518086057836
0.519330410522
0.521318987846
0.522803003929
0.523051673547
0.522238306794
0.521116138763
0.520866081842
0.521983352908
0.524100092298
0.525923642156
0.526280531794
0.524796600508
0.522098494354
0.519640876683
0.518846215309
0.520299946438
0.523138097797
0.525717367853
0.526533050893
0.525098857645
0.522032954798
0.518864520494
0.517099123705
0.517212974086
0.518530002871
0.519563585984
0.519146334362
0.516934676327
0.513582454258
0.510302519998
0.508119709794
0.507244180407
0.507075127644
0.506896341091
0.506202313561
0.505217121588
0.504509963146
0.504454762204
0.504944329119
0.505499148641
0.505576655273
0.505081727406
0.504367537194
0.504149616368
0.504722399489
0.5058109225
0.506674272675
0.506710601356
0.505685427519
0.504155777934
0.502923528661
0.502592521817
0.503003611938
0.503458267717
0.503185751913
0.50215255616
0.501062433598
0.500965972828
0.502639568747
0.505535758172
0.508263808538
0.5093492985
0.508128123307
0.505318127251
0.502695756127
0.502077151335
0.504090748795
0.507611288915
0.510589525954
0.511358280163
0.50961174514
0.50659422362
0.504510807736
0.505083215797
0.508166573505
0.51206456623
0.514534915816
0.514288074001
0.511609643583
0.5083192129
0.506669199045
0.507744053385
0.510820197702
0.513886082008
0.514918328384
0.51316053954
0.509435751541
0.505805606497
0.504221168378
0.505322463392
0.508174273859
0.510961249157
0.511957085104
0.510655441351
0.507862571898
0.505136584121
0.503873562048
0.504416034228
0.506226357223
0.508088688154
0.5089478556
0.508550434202
0.507484876448
0.506904493807
0.507685218371
0.509969726512
0.513006791521
0.515343369767
0.51572343282
0.513651417926
0.50974127182
0.505506504362
0.502811055065
0.502885173269
0.50562978611
0.50954216613
0.512669802844
0.513783769439
0.51269111515
0.510412848981
0.508591419428
0.508481584245
0.510126857952
0.512478194505
0.514133231157
0.514220335245
0.512672375445
0.510249664129
0.507919123842
0.506375442739
0.505579326652
0.505127480355
0.504765700621
0.504512055109
0.50466393111
0.505134899913
0.505577527044
0.505433323607
0.504422387972
0.502969240799
0.501980731255
0.502218872475
0.503609933374
0.505206877696
0.5056745378
0.504425594689
0.501974419471
0.499792908692
0.499202279202
0.500471577874
0.502326923077
0.502835001614
0.500978409758
0.497374150557
0.494207052863
0.493794076164
0.496819286872
0.501583418281
0.505237506864
0.505613204262
0.50242814668
0.497881203764
0.495321679843
0.496870440619
0.501796714579
0.507180890401
0.510005991612
0.508878078443
0.504852499422
0.500715062957
0.499085580305
0.500510765362
0.503305064595
0.505032506622
0.504243362111
0.501221424445
0.497874822902
0.49621421976
0.496955345061
0.499307869777
0.50169652904
0.503158171769
0.503503947485
0.503515205725
0.503793134517
0.504409491772
0.50483069562
0.504795223435
0.504498204498
0.504697345809
0.505854597978
0.507623492804
0.509019221291
0.508923916095
0.50696739707
0.503903140089
0.501152301997
0.499716577091
0.499480668136
0.499773916414
0.500263666725
0.50154576818
0.504669185644
0.509787593256
0.515335178281
0.518828403729
0.518277737576
0.513470077737
0.506684783927
0.502203562528
0.503056596332
0.508254818913
0.513556876695
0.514671317007
