1.24585541897
1.24746631028
1.25301671648
1.25961432507
1.26354007425
1.26312110131
1.25996194905
1.25734834271
1.25753580477
1.26031909418
1.2631202412
1.26335147118
1.26075361746
1.25747894278
1.25658774107
1.25952460028
1.26542596013
1.27161250766
1.27522165189
1.27573698228
1.27495368488
1.27526256983
1.27775554666
1.28148673194
1.28440246046
1.28523852775
1.28476372113
1.28523866994
1.28871326253
1.29534826483
1.30339427728
1.3100183636
1.31313742089
1.31319290466
1.31214996889
1.31206082249
1.31328884652
1.31521202688
1.3167402044
1.31771066368
1.31891355484
1.32140007254
1.32512580877
1.32876810299
1.33052204548
1.32996858787
1.32852413312
1.32886920092
1.33279094207
1.33976211276
1.34711875731
1.35165200066
1.35182625864
1.34906242891
1.34659783236
1.34729665451
1.35132328414
1.35644772663
1.35962076469
1.35943224853
1.3571580709
1.35598676294
1.35834253155
1.36441608547
1.37179335619
1.37708529135
1.37860716779
1.37726841333
1.375811411
1.37655578185
1.37972256682
1.38351697774
1.38562967929
1.38524272918
1.38389298389
1.38396111786
1.3869012498
1.39207767198
1.39717467354
1.40008513582
1.40051242769
1.40060729805
1.40306029668
1.4088380637
1.41628117328
1.42188145394
1.42261705793
1.4186165191
1.41317153331
1.41052341045
1.41304836895
1.4197931758
1.42725888198
1.431729357
1.43191210314
1.42994421097
1.42951493359
1.43317611984
1.44046307854
1.4484245602
1.45348979342
1.45411238577
1.45178730902
1.44961445146
1.44991119858
1.45261512565
1.45593408182
1.45765323318
1.45731487922
1.45663234837
1.4581485191
1.46310104197
1.47054021609
1.47758387968
1.48143325617
1.48156693103
1.47986793942
1.47917710794
1.48098845685
1.48462590912
1.48772547507
1.48837096852
1.48667537241
1.48485214826
1.48561046512
1.48975220291
1.4953101658
1.49881918819
1.49724233023
1.49077236871
1.48244559484
1.47633681623
1.4748347486
1.47768136237
1.48220236292
1.48526088612
1.48543812794
1.48391611951
1.48306490722
1.48427899324
1.48694635667
1.4889361367
1.48803574734
1.48426387857
1.47974572439
1.47733162352
1.47825852686
1.48133311533
1.48358735496
1.48214831486
1.47674451048
1.47002545668
1.46572608977
1.46611659295
1.47070811447
1.47644648514
1.4797384471
1.47892675169
1.47554821002
1.47291413678
1.47361351561
1.47787610619
1.48335984339
1.48658329474
1.4856761952
1.48161582341
1.47768687244
1.47666252331
1.47933418854
1.48391780562
1.48736289938
1.48788265306
1.48607748184
1.48472226638
1.48650453028
1.49222087611
1.49996798771
1.50643143545
1.50931140407
1.50886727689
1.50819620453
1.51044766768
1.51685463463
1.52574711926
1.53329382778
1.53604791906
1.53338664534
1.5280051112
1.52416827387
1.52488470983
1.53036630474
1.53797036025
1.54414191419
1.54635964019
1.54505280073
1.54258844857
1.54126663298
1.54198558579
1.54369553718
1.54463617982
1.54373970346
1.54169607471
1.54009073095
1.54028007028
1.54218783125
1.54428941388
1.5447319243
1.54274665552
1.53954583075
1.5373707382
1.53782451862
1.54064454064
1.54377040468
1.54458477815
1.54176876247
1.53638603903
1.53132424659
1.52925054814
1.53058633138
1.53334330889
1.53423938841
1.53103379374
1.52406696896
1.51627248335
1.5109527121
1.50969978057
1.51120603015
1.51218832354
1.50933054607
1.50185218302
1.49231397784
1.48475407324
1.48216299334
1.48454406942
1.48896771165
1.49131533239
1.48881476187
1.48213763978
1.47469552008
1.47022532189
1.47041275696
1.4739302607
1.47696809252
1.475873123
1.46983938804
1.46145806853
1.45496973468
1.45337730271
1.45657411657
1.46157412774
1.46401869159
1.4610788965
1.45352507892
1.44518553038
1.44026748074
1.44084580882
1.44578348495
1.45134770098
1.45339480794
1.4502105017
1.44342552018
1.43677266966
1.43366382028
1.43515767824
1.43955699806
1.44339142243
1.44388154948
1.44075986415
1.43620558099
1.43329914161
1.43403626595
1.43839326415
1.44406698053
1.44814844352
1.44884540529
1.44671460838
1.44379442178
1.44224943357
1.44286945938
1.44468897827
1.44584141702
1.4447973987
1.44143876338
1.43728821883
1.43396779632
1.43248527507
1.43239198175
1.43243309842
1.43127190168
1.42875083106
1.42582464746
1.42393032757
1.42384592767
1.42492359263
1.42545843065
1.42370251739
1.41899258887
1.41256665661
1.40664266109
1.4029677191
1.4018910722
1.40188723026
1.40043843624
1.39561366512
1.38708307905
1.37666560068
1.36700661153
1.36022736456
1.35679361113
1.35570102161
1.35521097279
1.35416781597
1.35248926093
1.35104541583
1.35088201352
1.35215617073
1.3538576696
1.35439055627
1.35244669599
1.34818463582
1.34330035355
1.33981767866
1.33894334339
1.34049400595
1.34294811763
1.34424481527
1.34311858669
1.33974191526
1.33564218766
1.33237589283
1.33058746473
1.32973203319
1.32836976889
1.32533684682
1.32050555569
1.3152144821
1.31123331092
1.30958435324
1.31001394436
1.31098885531
1.31058528744
1.30750496548
1.30205728307
1.29583852245
1.29081584863
1.28801816352
1.28703616721
1.28635547576
1.28436683298
1.28035377977
1.27506978742
1.27005034958
1.26658694092
1.26474411439
1.26327309872
1.26021161417
1.2542802475
1.24566401759
1.236328125
1.2288184438
1.22464569303
1.22382963656
1.22472168318
1.22531071115
1.22408243783
1.22122283456
1.21835147745
1.21763142275
1.22007155543
1.22506117193
1.23060628762
1.23418409609
1.23418979987
1.23084406441
1.22629691367
1.22299634228
1.22212393729
1.22316446134
1.22422449128
1.22312951465
1.21879201075
1.21205569283
1.20526649002
1.20074994792
1.19941765825
1.20036513008
1.20136830103
1.20019622607
1.19583846119
1.18907448595
1.18215454033
1.17712168837
1.17464447535
1.17375343453
1.17238248712
1.16864298141
1.16194425248
1.15375020212
1.14662045061
1.14263910087
1.14224027858
1.14406402846
1.14569332702
1.14483699555
1.1406763285
1.13426094558
1.12806035532
1.12441823631
1.12409632669
1.12614048857
1.12832207485
1.12844695282
1.12546765442
1.12018280632
1.11463654224
1.11096749018
1.11016312383
1.11158011529
1.11354466859
1.11421883584
1.11259361077
1.10904442464
1.10494099098
1.10164671345
1.09958176115
1.09822113865
1.09626604434
1.09272467903
1.08760527886
1.08202106923
1.07751281383
1.07504212209
1.07450320409
1.07450997361
1.07322957875
1.06928466962
1.06269962809
1.05501936839
1.04858237548
1.0450503853
1.04480053045
1.04667574871
1.04853512976
1.04844314389
1.04549959663
1.04043819626
1.03512195122
1.03137163501
1.02997632831
1.03037460437
1.03095901503
1.03004168463
1.02667562251
1.02153081463
1.0162204463
1.01259901746
1.01159372959
1.01294753695
1.01534905224
1.01717311234
1.01719879243
1.01535604276
1.01255314388
1.01016641987
1.00907599781
1.00929041221
1.01006740408
1.01022715039
1.00892474041
1.00610863111
1.00242352091
0.998749973516
0.995722604553
0.993204646323
0.990476800547
0.986783288919
0.981673186229
0.975631455603
0.96972335285
0.965218911125
0.96277004901
0.962180496132
0.962656810036
0.963088691244
0.962554161916
0.961012797326
0.959074773846
0.957696881002
0.957508505149
0.958458869716
0.959809093193
0.960614639938
0.960130242725
0.958261695774
0.955780560471
0.953758249546
0.952957931639
0.953457042284
0.954670181276
0.955442242733
0.954857913785
0.952478196128
0.948761201898
0.944684673393
0.941102081433
0.938313163438
0.935906442415
0.93294895991
0.928683075256
0.922870949522
0.916095639236
0.909519716568
0.904227184955
0.900697561695
0.898591668968
0.897014604811
0.89504804139
0.892083644511
0.888387524884
0.884748546318
0.882091509078
0.880873976504
0.880834448907
0.881066547166
0.880521116936
0.87844295181
0.874943800018
0.870936070512
0.867582126457
0.865741043945
0.865390439109
0.865657521287
0.865335162009
0.863408065998
0.859653976293
0.854752498257
0.850094161959
0.846861595209
0.845394127693
0.845116670429
0.844747449819
0.84305414849
0.839368539279
0.834172534108
0.82890768973
0.825288320403
0.824308416716
0.825881059597
0.828868444084
0.831564384687
0.832406150072
0.830643197166
0.82679447169
0.822381654821
0.819114458774
0.81804776693
0.819043573521
0.821114172435
0.822714930096
0.822580645161
0.820484753714
0.817140451554
0.813988160491
0.812274838318
0.812477111652
0.814068302316
0.815821657691
0.816409772015
0.815011794982
0.811716464131
0.807539724632
0.803784000169
0.801305187175
0.799974794682
0.799006342495
0.79721818648
0.793704328274
0.788324196824
0.782024498054
0.776305912483
0.772480680233
0.771091839004
0.771550759035
0.772635860355
0.772987522526
0.771630032844
0.768542170061
0.764678909599
0.761508369723
0.760000900982
0.760384100045
0.76187622092
0.76314043005
0.762859980139
0.760219002177
0.755287537144
0.748987678916
0.742608434639
0.736997661067
0.732314465941
0.728007960536
0.723302931735
0.717570805168
0.71082133712
0.703863773878
0.697735889936
0.69336692585
0.690903539572
0.689815729942
0.6890707837
0.68767529
0.685056689342
0.681296837872
0.677188639021
0.673753665689
0.671691562743
0.67098227491
0.671020704356
0.670699167873
0.669145819247
0.665971474704
0.661429239089
0.656464159009
0.651967302452
0.648510362694
0.645992837076
0.643804268788
0.641091492777
0.63731381723
0.632380173119
0.626813471503
0.621441550575
0.616969145038
0.613604197966
0.610957642726
0.608334808782
0.60510950538
0.601093760593
0.596684202136
0.592712050508
0.59004674182
0.589077825649
0.589456795783
0.59029179666
0.590436160684
0.58898256415
0.585584347149
0.58071269285
0.575515440713
0.571133516923
0.568213690946
0.566635601118
0.565605698668
0.564174621903
0.56161828395
0.557702204306
0.552881937004
0.548112501337
0.544222189014
0.541545687447
0.539804993035
0.538272085035
0.536129568106
0.532846230488
0.528529201003
0.523900832412
0.520025328479
0.517738183953
0.517207229512
0.517932489451
0.518877230742
0.519036187827
0.517707561365
0.514819052747
0.510940430472
0.507132588743
0.504355419714
0.502970936491
0.502562793764
0.502288594993
0.501292587066
0.498938250321
0.495246527119
0.490760317997
0.486447538517
0.483092402726
0.481047392155
0.479951319498
0.479107139021
0.477708938088
0.475245360554
0.471718061674
0.467719810611
0.464065163018
0.461596169546
0.460543933973
0.460692064185
0.461319421802
0.461673493271
0.461225813426
0.459783241042
0.457667423626
0.455501274427
0.453815598663
0.452794876061
0.452226278125
0.451577131592
0.450337928059
0.448253811086
0.445452281124
0.442430191516
0.43984891407
0.438181435487
0.437534281254
0.437511900984
0.437492029756
0.436910440418
0.435425149185
0.433134684148
0.430455374989
0.428069795166
0.426496535697
0.425856565227
0.425872215216
0.42594515995
0.425481560751
0.424243043772
0.42227694562
0.42004744237
0.418266610139
0.417408248127
0.417592740646
0.418399458254
0.419153807865
0.419214933845
0.418197566675
0.416183206107
0.413642632196
0.411402925532
0.41020655628
0.410459023266
0.411964379256
0.414059231992
0.415976121397
0.417079981661
0.417188638019
0.416440005814
0.415489900139
0.415041268016
0.415675268948
0.417400925367
0.419839120739
0.422260855822
0.424076661223
0.424888818922
0.424794139136
0.424185861795
0.423741682818
0.424057248533
0.425395157052
0.427508840385
0.42995870303
0.432134845335
0.433589621371
0.434209703313
0.434242189625
0.434254028039
0.434807976828
0.436255350828
0.438604755955
0.441482563447
0.444316969587
0.446631294424
0.448107179938
0.448809476329
0.448975120018
0.449134177618
0.449692765114
0.450819996048
0.452406311637
0.454188223214
0.455788387506
0.457061660696
0.458002913093
0.45885914139
0.460033434462
0.461805051155
0.464304271017
0.467387245343
0.470692791005
0.473790364074
0.476388689536
0.478370200761
0.479868713432
0.48124225621
0.482856161477
0.484970100734
0.487661083116
0.49070720266
0.493755795372
0.496504048983
0.498748510131
0.500431129559
0.50177430802
0.503064089689
0.504639675946
0.506699071478
0.509254054504
0.51218648446
0.515234244748
0.518194716855
0.521016311167
0.523635830032
0.52616553664
0.528680447818
0.53129238924
0.533918661476
0.536454273171
0.538769700051
0.540863975419
0.542805247225
0.54475708502
0.546951753939
0.549688354967
0.553072625698
0.557077625571
0.561437550091
0.565862866111
0.569963978942
0.573589271177
0.576609950463
0.579208242246
0.581576147148
0.58400486544
0.58672321274
0.589816245921
0.593153390388
0.596557153354
0.599746398653
0.602619455864
0.60509435908
0.607288370458
0.60934509445
0.611519684874
0.614026576672
0.616984732824
0.620430496711
0.62425731994
0.628376927372
0.632578950781
0.636757911254
0.640780968295
0.644578847091
0.648028657885
0.651105377875
0.653726192846
0.655985622233
0.657971203053
0.659921376555
0.662003417343
0.664411770982
0.667273701125
0.670537950091
0.674066489478
0.677551917372
0.680763017549
0.683585409253
0.686013533129
0.688258382864
0.690530969459
0.693059184369
0.695991754466
0.699256968802
0.702624988406
0.705764946157
0.70833718672
0.710155568813
0.711269206291
0.711961787171
0.712612007168
0.713662498042
0.715298976477
0.717621264861
0.720433295325
0.723357261182
0.72603374745
0.728105336751
0.729548858106
0.73051177866
0.731211963957
0.732006924518
0.733016887702
0.734313184837
0.735702948391
0.736923076923
0.737638217414
0.737713484881
0.737275766279
0.736630703844
0.736180495852
0.736328805294
0.737266602951
0.739050794918
0.741362149865
0.743784662459
0.745757816449
0.746959696332
0.747387815462
0.747218308148
0.746887865721
0.746820271989
0.747314074985
0.748393792626
0.749832643245
0.751152759185
0.751782674135
0.751393779343
0.749981872236
0.747939117345
0.745924943139
0.744615529945
0.744575516392
0.746062850998
0.749019607843
0.752891202396
0.756926137777
0.760278098489
0.762345523329
0.763007093631
0.762628554144
0.761795774648
0.761280602637
0.761670515009
0.763211407627
0.765866639888
0.769196059261
0.772508179116
0.775168201792
0.77685991172
0.777709661599
0.778136621648
0.778748037677
0.780126065999
0.782683744434
0.786457276233
0.791174882357
0.796165935008
0.80072057019
0.804300738537
0.806617494286
0.807937285644
0.808684965178
0.809516531662
0.810832104915
0.813032530458
0.816027750147
0.819487100737
0.822954102064
0.825900205761
0.828079122238
0.829552785735
0.83068276005
0.831891159299
0.833578714902
0.835829615466
0.838539292705
0.841316556864
0.843490267212
0.844591492235
0.844317480754
0.84275125528
0.840382996633
0.837961996241
0.83614570604
0.835536243951
0.836400711074
0.838635765078
0.84177685731
0.845131441714
0.847944726725
0.849832757877
0.850654266249
0.850674687043
0.850301679622
0.849993177787
0.850069907065
0.850623434532
0.851465762114
0.852221090028
0.852379517247
0.851630434783
0.84999730792
0.847776739218
0.845517644869
0.843833209074
0.843148297131
0.843650772112
0.845168929152
0.847249371684
0.84920410928
0.850262374131
0.849967421173
0.848321089814
0.84572925959
0.842918644442
0.840553928679
0.839241953929
0.839246390996
0.840529209996
0.842605230114
0.844800218938
0.84624027184
0.84638570724
0.845136378574
0.842751102468
0.839898976034
0.83724137931
0.835482078355
0.835042304029
0.836099350833
0.838422500071
0.841488999773
0.844507121704
0.846813622775
0.847976144459
0.84795130074
0.847053409491
0.845724305368
0.844488295399
0.843772968559
0.843875474396
0.844876963715
0.84661147748
0.848689223128
0.850661091649
0.852232708832
0.853163705655
0.853534228263
0.853478128376
0.85324976531
0.852982543228
0.852877876497
0.852853433512
0.852744458571
0.852451318879
0.851840617675
0.850886368641
0.849764741491
0.848622714865
0.847624854498
0.846940200542
0.846585303983
0.846446844798
0.846349551198
0.845990957477
0.845228936946
0.843916763136
0.84216400212
0.840248104755
0.838490318704
0.837170739663
0.836504177894
0.836580887391
0.837369762802
0.838610081958
0.840012496805
0.841252112152
0.842064427139
0.842451016954
0.842603685321
0.842753233521
0.843274361135
0.844438241452
0.846382860323
0.848961085923
0.851987068725
0.855022639611
0.857559198543
0.859179435371
0.859733333333
0.859411830733
0.858518102722
0.857524312778
0.856897135123
0.856936457123
0.857814101834
0.859480021737
0.861708225853
0.864094343943
0.866252741306
0.867904269447
0.868962620748
0.869535025832
0.869947470279
0.870492256637
0.871366986511
0.872695593525
0.874345102506
0.876056663108
0.877433834674
0.878068068654
0.877660818713
0.876233027736
0.874036063412
0.871513437058
0.86903397176
0.866949693388
0.865413367296
0.864325795878
0.863465845465
0.862443438914
0.860831809872
0.85833525213
0.854955657625
0.850939746514
0.846824050378
0.843179284918
0.840594115642
0.839398734177
0.839738532627
0.84147371979
0.844254430523
0.84747105941
0.850496735737
0.852654326253
0.853684899167
0.853658536585
0.852970423616
0.852253020611
0.85208196768
0.852901600389
0.854962271759
0.85817781384
0.862164366009
0.866320305887
0.869833867677
0.872028296417
0.872509272837
0.871372012874
0.86899785335
0.866074690196
0.863257224703
0.861148724893
0.860130904952
0.860263014014
0.8614328115
0.863250873023
0.865107648809
0.86645898845
0.86698947
0.866658973545
0.865646113059
0.86441252011
0.863424626782
0.863054822962
0.863506841586
0.864743936846
0.866501212051
0.868361086766
0.869758801675
0.870232172471
0.86961793234
0.868059227922
0.866048053988
0.864142474897
0.862907132477
0.862728997367
0.863900977788
0.866362580389
0.869851495026
0.873882934398
0.877780996524
0.880980843806
0.883096736426
0.883976443702
0.88396044239
0.88346851841
0.883117638505
0.88332704968
0.884398251353
0.886371527778
0.889049700408
0.892014019639
0.894677367948
0.896478832455
0.897097091309
0.896571626457
0.895061372673
0.893029953917
0.891131939438
0.889714814601
0.889205122992
0.889773655349
0.891266171047
0.893393129323
0.895638173302
0.89747551306
0.898517145505
0.898666130052
0.898132282385
0.897201046763
0.896336954667
0.895833928214
0.895931637703
0.89662686307
0.897749611243
0.899030217019
0.899973294561
0.900195520796
0.899379210921
0.897639628627
0.895329788763
0.89297582867
0.891179452518
0.89033561567
0.890685185706
0.892270668177
0.894839226456
0.897835773393
0.900753768844
0.902805935067
0.903547183119
0.902771281572
0.900628311666
0.897667096035
0.894480473507
0.891740694929
0.889883039295
0.88915472739
0.889583096672
0.890905430281
0.892687337748
0.894337281777
0.895241784107
0.895054534588
0.893767874166
0.891686615244
0.889450909304
0.887686923322
0.886925592335
0.887622149837
0.889890405471
0.893596796958
0.898355406782
0.90346819106
0.90808297568
0.911465063862
0.912997587455
0.912640356423
0.910733516812
0.907891616269
0.904924097836
0.902522868962
0.901209501987
0.901293653556
0.902834833785
0.905508574113
0.908797201968
0.912059324821
0.914495457007
0.91567173179
0.91547092621
0.914070441906
0.912004506508
0.909956506406
0.908475565281
0.907970824979
0.908736848224
0.910741919472
0.913696170488
0.917075491333
0.92023784498
0.922536703496
0.92353298875
0.923095636308
0.921541304414
0.919281566834
0.917027180237
0.915270790175
0.914534439151
0.914961599343
0.91664712091
0.919255206495
0.922394416184
0.925374910736
0.927622921402
0.928635709143
0.928207128285
0.926543191407
0.923981657932
0.921027705423
0.918265834707
0.916102365667
0.914817633628
0.914528661487
0.915112956908
0.916283757745
0.917611940299
0.918570785167
0.918745480839
0.917947327186
0.916308690558
0.914021203524
0.911499703616
0.909227240649
0.907426335309
0.906369000901
0.905975216924
0.906171906782
0.906590842811
0.906885438031
0.906611351399
0.905597499115
0.903755453366
0.90136583933
0.898718659701
0.896294151708
0.894480006889
0.893475783476
0.893373391531
0.894081701935
0.895394643616
0.896983851215
0.898413973098
0.899222790442
0.899026304316
0.897690827453
0.895416265991
0.89258356546
0.889727487469
0.887378640777
0.885938340458
0.885598582637
0.88638784549
0.88810325477
0.890487068844
0.89306333722
0.895435350895
0.897128770302
0.897751168224
0.897393087288
0.896129334035
0.894559502716
0.893110887387
0.892305504196
0.892407735833
0.893613454769
0.895806649218
0.898795247922
0.902219354115
0.905581830025
0.908328563251
0.909997110662
0.910214287791
0.908934707904
0.906463127957
0.903193296668
0.899763512551
0.896581846874
0.894066731816
0.89248028435
0.89183039183
0.892068888641
0.892975554931
0.894296016581
0.895619998279
0.896502890173
0.896744644462
0.896171861447
0.894970881028
0.893293633915
0.891447920748
0.889810361033
0.888587552049
0.887955487672
0.887969863238
0.888681472534
0.889953743456
0.89155008394
0.893211009174
0.894562070727
0.895297324928
0.895208480565
0.894197091541
0.892330710407
0.889823311875
0.886937878253
0.884007124737
0.881322117977
0.879155958339
0.877717243258
0.877139952186
0.877424897461
0.878458277555
0.879964201812
0.881552855746
0.882856348986
0.883647191817
0.883846805719
0.883556254917
0.882938810764
0.8823117338
0.882003670517
0.882252467194
0.883280584961
0.885110824247
0.887581482709
0.89041361721
0.893070241168
0.895059162579
0.895883376129
0.895483020112
0.893906672863
0.891556426588
0.888976356579
0.886722351793
0.885327326023
0.88515939506
0.886384720327
0.888919318618
0.89234745786
0.89614800497
0.899584141946
0.902019696211
0.902930760436
0.902093217974
0.89967935313
0.896110755887
0.892147639865
0.8885466795
0.885903107761
0.884578868846
0.884712928988
0.886079354405
0.888371717607
0.891132951723
0.893882985951
0.896200312303
0.897655408578
0.898135541415
0.897695929568
0.896698467444
0.895515372705
0.894644569237
0.894414482777
0.894907705516
0.896225661242
0.898178148404
0.900598802395
0.903212840644
0.905812599832
0.908102333735
0.909782969771
0.910695366085
0.910645431685
0.909665562084
0.907722476938
0.905080579077
0.901949138815
0.89872233508
0.895771355716
0.893444361939
0.892173033947
0.892157650778
0.893600908747
0.896514994264
0.900636170857
0.905466024257
0.910306561243
0.914427392099
0.917177067814
0.918184811238
0.917450964345
0.915293351071
0.912262185056
0.909093365761
0.90654811772
0.905232117736
0.905516718149
0.907511469446
0.910978098218
0.91542532875
0.92007007555
0.924192883638
0.927056617302
0.9281723642
0.927441911989
0.9250262823
0.921497284931
0.91762772223
0.914073752004
0.911408093981
0.909871359418
0.90945143861
0.9100167522
0.911341746485
0.913114754098
0.915024697389
0.91687008036
0.918474651317
0.919703967503
0.920575707803
0.921087643439
0.921328238819
0.921270981256
0.920990978861
0.920589964196
0.920130941609
0.919815717291
0.919902587845
0.920553562276
0.922006481305
0.924376906378
0.92747447356
0.931022029614
0.934430330489
0.937162031003
0.938654371773
0.938656708221
0.937211525331
0.934674459698
0.93165194777
0.928789557603
0.926765428101
0.926042762005
0.926905551511
0.92927329662
0.932748538012
0.936765346104
0.940704206056
0.943853444226
0.945771213599
0.946173490865
0.945222463298
0.943231441048
0.940808658591
0.938575280024
0.93695723865
0.936062145205
0.935987089833
0.936527458425
0.937545078135
0.938903646462
0.940572882824
0.942549519191
0.944741879109
0.94719721825
0.949692107791
0.951904829344
0.953377251265
0.953715940725
0.952671968746
0.950179905895
0.946586069515
0.942373900213
0.938194293182
0.934770200853
0.932815344073
0.932757121113
0.934824611533
0.938774953638
0.944040061296
0.949847397509
0.955270946862
0.959406409221
0.961715117907
0.961900745115
0.960121577125
0.956870668126
0.952783120105
0.948511954061
0.944585552369
0.941213055353
0.938516887719
0.936470966187
0.935053786517
0.934298290621
0.934320704798
0.935189272707
0.937017098547
0.93977157646
0.943155157306
0.94667157043
0.949720670391
0.951775438596
0.95246994505
0.951827933147
0.950135068085
0.947881216379
0.945751490945
0.944480838519
0.944633754055
0.946411535421
0.949817069841
0.954415876323
0.95966006291
0.96478285078
0.969142921437
0.972124346442
0.973529664537
0.973414662217
0.971994594439
0.96978273299
0.967194089841
0.964514415145
0.961873186904
0.959367389936
0.957013820873
0.954908675799
0.953252420565
0.952276346861
0.952315019938
0.953588383133
0.956157372255
0.959726422293
0.963778590256
0.967600079439
0.970529838893
0.972008952602
0.972004637616
0.970701032091
0.968600797618
0.966458135508
0.964892820499
0.964264099037
0.964779118659
0.966250339397
0.968429039863
0.970873522619
0.973315452406
0.975539568345
0.977439605403
0.979064423704
0.980476354059
0.981658233671
0.982543282896
0.982908665506
0.982422426949
0.980908989267
0.978365517623
0.975030183295
0.971373993724
0.9681097113
0.965859360135
0.965286650175
0.966706560766
0.969961873638
0.974696328647
0.980074549142
0.985327376027
0.98968298109
0.992757691444
0.994334919556
0.994609548799
0.994048640916
0.993170843215
0.992499573839
0.992284080989
0.992500906024
0.993011242783
0.993715007136
0.994553466349
0.995698512288
0.99735915493
0.999916991782
1.003591714
1.00842901148
1.01401356333
1.01969594213
1.02442483901
1.02739569984
1.02792625411
1.02577260478
1.02129858201
1.0151897283
1.00849729113
1.00223340495
0.99706449719
0.993314547765
0.990841739796
0.989411381407
0.988565544898
0.988147342667
0.988026741191
0.988340533954
0.989297921219
0.990998896091
0.993440004563
0.996046751461
0.998049284259
0.998738640599
0.997453577866
0.993978482349
0.988562974765
0.981974832785
0.975129709001
0.969023078647
0.964522850396
0.96188062908
0.961102151272
0.961647263627
0.962989130435
0.964605148342
0.966127304195
0.967401858788
0.968552048882
0.969726093224
0.971103849979
0.972574679943
0.973770119511
0.974253900068
0.973518497695
0.971327869311
0.967847092586
0.963447490487
0.958842265614
0.954755003451
0.951844318619
0.950475825859
0.950632739148
0.95198046663
0.953991807503
0.956213920052
0.958272749719
0.960043226468
0.961466297012
0.962698165993
0.963761937244
0.964504283966
0.964624382488
0.963721061547
0.961483474897
0.957893858014
0.953271028037
0.948109445896
0.943269204455
0.939508661074
0.937432256666
0.937218643017
0.93864898956
0.941144968671
0.944158490161
0.947067701596
0.949593319007
0.951682176092
0.953568141889
0.955574986602
0.957863012141
0.96028077384
0.962309337135
0.963124875805
0.962142796694
0.958957837232
0.953744677298
0.94712815405
0.940045124367
0.933592360522
0.928759894459
0.926020063272
0.925301269636
0.926129507977
0.927663681699
0.929228782089
0.93031764961
0.930766494267
0.930840914747
0.930962284693
0.931563853118
0.932776193568
0.934305744007
0.935615045747
0.936020960108
0.935068947117
0.932728900828
0.929261973087
0.925419033107
0.921934312593
0.91958976597
0.918753041691
0.919318486719
0.920918435456
0.92302768443
0.925135120672
0.92701654184
0.928709317817
0.930567757523
0.932906905909
0.935904581429
0.939367655288
0.942631224764
0.944904431783
0.945523980681
0.944141765895
0.940781903399
0.936038533703
0.930692241211
0.925640883672
0.921593371924
0.918692782049
0.916772126336
0.915469214096
0.914293340451
0.913024884398
0.911578325546
0.910272695333
0.909511498163
0.909593843289
0.910495016794
0.911921683582
0.913142476328
0.913422931073
0.912201131082
0.909290108717
0.904924029263
0.899752683941
0.89453660447
0.889949762691
0.886275587306
0.88355214874
0.881406115418
0.879554439577
0.877774528829
0.876150316917
0.87489066186
0.874555773617
0.87546799076
0.877800244772
0.881307063912
0.885381435551
0.889288709721
0.892395551548
0.894213506422
0.894716286336
0.894179150623
0.892995175896
0.891571021686
0.889993819878
0.888125750342
0.885663589232
0.882378854626
0.878210915059
0.873548843153
0.868952103088
0.865214358534
0.862980128922
0.862689569383
0.864224535512
0.867114270669
0.87071811531
0.874331906294
0.877512680819
0.880112758518
0.882246773135
0.884153727563
0.886102201084
0.887998447119
0.889518886017
0.890136528281
0.889366933006
0.886950922478
0.882888179629
0.877650669643
0.87196101235
0.866584531143
0.862086665226
0.858822901944
0.856750692886
0.855696069686
0.855428945645
0.855729358039
0.856536972156
0.857852987837
0.859794251776
0.862288810966
0.865197252835
0.868280431762
0.8711186386
0.873420467487
0.874900725729
0.875459495315
0.875128654483
0.873982379837
0.872030267624
0.869342702224
0.865883128295
0.86175692987
0.857104172872
0.852183982334
0.847402684384
0.843050043945
0.839459488047
0.836721311475
0.83486883198
0.833695595922
0.833100955332
0.832975392657
0.833224874405
0.833849545908
0.83484270734
0.836032766764
0.837175599152
0.837897574124
0.83784368911
0.836777421284
0.834723627711
0.831874483898
0.828541384177
0.825159500693
0.821863580999
0.818619229606
0.81523602231
0.811498763574
0.807414297103
0.803239399526
0.79946069063
0.796671188563
0.795315549772
0.795639195328
0.7974385511
0.800020629722
0.802728442728
0.804979253112
0.806545228409
0.807568585402
0.808472916832
0.809624551443
0.811311568527
0.813206262764
0.814677194612
0.814963753249
0.813446114259
0.810064134188
0.805195518453
0.799675387197
0.794437260998
0.790121763932
0.786906674655
0.784397239595
0.782011992005
0.779222148978
0.775978442863
0.772640845988
0.769897003745
0.768606435837
0.769234772201
0.771745065918
0.775365517958
0.779109900091
0.782001974949
0.783715344855
0.784438070679
0.78501542061
0.786392107315
0.789362222041
0.793822330442
0.798905571138
0.803138963976
0.805217775813
0.804383319036
0.800797364268
0.795508601139
0.789969688619
0.785636084957
0.78318512092
0.782390645533
0.782313286268
0.781944992762
0.780531853636
0.778111218392
0.775389505497
0.773468591494
0.773424323413
0.775656448066
0.7796448299
0.784251968504
0.788166999248
0.790510014885
0.791081794195
0.790422835801
0.789683501684
0.789903428819
0.791481592501
0.793931109896
0.796044872322
0.79655086917
0.794583517944
0.79009151854
0.783960765737
0.777574040118
0.77232770261
0.768891550523
0.76697361003
0.76564612326
0.76392134212
0.761098207062
0.757224982442
0.752990632379
0.74946339445
0.747671726267
0.748018409614
0.749993641751
0.75261969401
0.754816735296
0.755874306461
0.755776769136
0.755186505974
0.754999737547
0.756016378286
0.758372506839
0.761369402088
0.763940420498
0.764991325092
0.763946619996
0.760935434112
0.756634966272
0.752153982105
0.748283627176
0.745186677923
0.742530969152
0.739710253595
0.736217223479
0.732034976153
0.727584388186
0.723630074163
0.720867983368
0.719517216532
0.719344312446
0.719752961426
0.720122058861
0.720092798063
0.719822028971
0.719809214532
0.720748472505
0.723040780368
0.726506456241
0.730518728279
0.734292752496
0.737065354001
0.738574379071
0.738982597055
0.738859011432
0.738756631751
0.738872646794
0.73905419475
0.738748386742
0.737424325812
0.734896924264
0.731338348351
0.727372613652
0.723653331878
0.720630372493
0.718381428686
0.716645926554
0.715006040233
0.713319757728
0.711634917747
0.710320026906
0.709786971287
0.71032050299
0.711717659007
0.713520479066
0.71518300835
0.716318689652
0.716949497002
0.717459668141
0.718493555939
0.720487098609
0.72347717713
0.726919364516
0.729972430091
0.731881754609
0.732321610192
0.731417137604
0.729755512551
0.727969558433
0.72636366127
0.724664241363
0.722396615259
0.718982579537
0.714242886733
0.708518346999
0.702693154333
0.697735991787
0.694300240835
0.692384981491
0.691327063741
0.690276700284
0.688679487509
0.686423350202
0.684009473604
0.682352941176
0.682215669968
0.683798323533
0.686566050871
0.689452689477
0.691588785047
0.69250498008
0.692504387064
0.692492174089
0.693491064175
0.696138651714
0.700079289971
0.704204358553
0.707237523297
0.708203747746
0.706980798183
0.704310965368
0.70151336267
0.69976582057
0.699245689655
0.699358559724
0.698804286216
0.696465302587
0.691823387338
0.685363668449
0.678387882067
0.672388820342
0.668248581579
0.665880935544
0.66436793529
0.662598486019
0.659708688071
0.655556691545
0.650887724475
0.646929658514
0.644814750044
0.644916427653
0.64669953639
0.649072648633
0.650981446625
0.65176141796
0.651476772496
0.650907836713
0.651058481406
0.652628464346
0.655539070227
0.659082988998
0.662291289479
0.664300254453
0.664720557599
0.663937399596
0.662705120537
0.661848958333
0.661728266256
0.662215589244
0.662757602909
0.662762284197
0.661844919786
0.659934556378
0.657230093473
0.654071626519
0.650739868174
0.647292532758
0.643729044426
0.639989558862
0.636243111157
0.632707359285
0.629633422077
0.627162432562
0.6252569824
0.623709673407
0.622314622315
0.620925354719
0.619629939471
0.618536752639
0.617770857157
0.61731256791
0.616992178128
0.616621214296
0.616171293081
0.615812140606
0.615883620168
0.616721431179
0.618330685568
0.620255026974
0.621789979072
0.622352154201
0.621694576356
0.620110603268
0.618388166284
0.617381692929
0.617521643623
0.618407740797
0.619088541667
0.618534031414
0.616199409781
0.612277910369
0.607684933695
0.603708242314
0.601141795008
0.599910181223
0.599079794926
0.597351861563
0.593895729631
0.58857875995
0.582319461125
0.576624925462
0.572783917536
0.57122968663
0.571189154035
0.571368347964
0.570508708738
0.568091280185
0.56442724534
0.560713329927
0.558139534884
0.557365709379
0.558071308586
0.559247737557
0.559902834772
0.559408284024
0.558058307791
0.556597709905
0.556065870258
0.556878967263
0.558683546714
0.560590120033
0.561670927596
0.561371005095
0.559814855849
0.557789567632
0.556155453822
0.555436462436
0.555427828868
0.555572300505
0.555158971243
0.55393772192
0.55201545396
0.549933939535
0.548114653985
0.54668263099
0.545364480133
0.543698708902
0.541328161853
0.538182963313
0.534638159619
0.531157115294
0.528099194947
0.525539568345
0.523306004648
0.5211253275
0.518926045179
0.516911504872
0.515276072082
0.51416159861
0.513559988209
0.513134510043
0.512572299799
0.511846168693
0.511075796976
0.510618386005
0.510826536939
0.511644953066
0.512694877506
0.513448629498
0.513520431909
0.51300230893
0.512384698225
0.512370892019
0.513521761585
0.515661239311
0.518017070034
0.519680801273
0.520029150407
0.51916244256
0.517756920064
0.516864196937
0.517172302271
0.518531959162
0.520060192714
0.520573368172
0.5193895915
0.516660015962
0.513339721606
0.510818988533
0.509991311903
0.510738633451
0.511931701296
0.512138369658
0.510393873085
0.506631648063
0.501744647105
0.49710982659
0.493837304848
0.492079024622
0.491067423143
0.48969316744
0.487153811695
0.483364043169
0.479025106908
0.475084096065
0.472302000052
0.470704529116
0.469737177851
0.468639654515
0.466963585292
0.464658927807
0.46224433665
0.460272614622
0.459037328094
0.458449090998
0.458163661043
0.457937830592
0.457677307526
0.457633212685
0.457985796673
0.458724069338
0.459644741802
0.460362201395
0.460650158432
0.460666244102
0.460774880905
0.461423115672
0.462698431253
0.464360782848
0.465841850457
0.466838891498
0.467384629918
0.467931067224
0.469101993189
0.471093302805
0.473505662
0.475525817205
0.476426259601
0.475957083638
0.474665156589
0.47362285771
0.47383757129
0.475418018468
0.477557045637
0.478933467488
0.478521225039
0.476225892491
0.472874242189
0.470069181569
0.469017262186
0.469819867271
0.47134803208
0.472065921758
0.470854190215
0.467477137662
0.463038202492
0.459028914348
0.456637649619
0.45572160894
0.455232983655
0.453792016521
0.450646587003
0.446037260964
0.441106524889
0.437367361376
0.435528769493
0.435156333942
0.435096732761
0.434188034188
0.431801215741
0.428332448221
0.424812822946
0.422183917052
0.420841527792
0.420364327741
0.42007007135
0.41938278841
0.41827130426
0.417134937634
0.416416866507
0.416223042068
0.416267119077
0.416160775482
0.415623092884
0.414857365398
0.414316177183
0.41443438042
0.415102021266
0.415809937266
0.416017532576
0.415524678853
0.414733579688
0.414512212541
0.41547039981
0.417448871025
0.419601548485
0.420750301397
0.420235863607
0.418314355138
0.416239051051
0.415482209291
0.416704353414
0.419299581271
0.421750852998
0.422600470543
0.42118119377
0.418227823464
0.41545634291
0.414478509608
0.415731163292
0.41818092162
0.420149866813
0.420246789222
0.418173955074
0.415051340486
0.412597292507
0.412001030131
0.413071049566
0.414533486574
0.414842428088
0.413116771915
0.409638228942
0.405827771447
0.403188508311
0.402348443474
0.402843080646
0.403465415267
0.403204085068
0.401640503465
0.399176019321
0.396724579892
0.394845125157
0.393684937022
0.392904836556
0.39219941349
0.391468746307
0.390848511773
0.390458162028
0.390228782288
0.389781453042
0.388877360448
0.387554389939
0.386306532663
0.385726245291
0.386113261478
0.387014602648
0.387645426091
0.38726923645
0.38578364616
0.383935981031
0.382857987291
0.383409651286
0.385202002561
0.387064129995
0.387583940975
0.38601543601
0.382836765213
0.379704089517
0.378379145037
0.379520440252
0.382237446737
0.384762644619
0.385492371706
0.383847071553
0.380732422415
0.378043090435
0.377284701665
0.378600823045
0.380748663102
0.382201467645
0.381876850049
0.3800127646
0.377809470988
0.376749051916
0.377325250013
0.378942760769
0.380485047785
0.380936480621
0.38015596142
0.378859463187
0.378068573747
0.378333459243
0.379509162468
0.380902308347
0.381958013929
0.382480398788
0.382700622298
0.382945890786
0.383299449596
0.38346367056
0.383306922848
0.382870599901
0.382657613006
0.383159091471
0.384418461538
0.385825419029
0.386545963053
0.386043423738
0.384537607891
0.383074871592
0.382761427831
0.383927911958
0.385790924304
0.387080855684
0.386732796032
0.384807097996
0.382501374107
0.381363761204
0.38224515743
0.38438318573
0.386196695831
0.386207942567
0.38406037274
0.380869386918
0.378681375064
0.378881032893
0.381253682404
0.384217701073
0.38594762769
0.385561399377
0.383589797639
0.381661027701
0.381276122956
0.382799459502
0.385250266241
0.387190293399
0.387660543001
0.386766432726
0.385485287659
0.384876033058
0.38533709731
0.386401650312
0.387260142929
0.387417312551
0.387013803549
0.386617313707
0.386595266885
0.386826035366
0.386810621535
0.386286590219
0.38540302417
0.384730718484
0.384694246774
0.385047012436
0.385010706638
0.383870268932
0.381649478073
0.379454660748
0.378705035971
0.380133899833
0.382879377432
0.385033568037
0.384967190296
0.382267198338
0.378549002397
0.37624970346
0.377087088108
0.380565830936
0.384535295343
0.386601214861
0.385452586207
0.381867732558
0.37847019287
0.377600351597
0.3797053407
0.383230184177
0.385931631066
0.386150162212
0.383989203568
0.381149153876
0.37959586392
0.380043650794
0.381717062201
0.383180778032
0.383371488033
0.382226537763
0.380641866008
0.379554205528
0.379211546747
0.379225536368
0.379189009528
0.379103805449
0.379389104171
0.380179186768
0.38090261722
0.380558925072
0.378620722254
0.375657515838
0.373507226629
0.373985938345
0.377256281905
0.381268443955
0.383192297948
0.381126441516
0.375674122074
0.370083936019
0.368352616495
0.371914666667
0.378547961437
0.384153155127
0.385297902098
0.381180895931
0.3747162855
0.370689555517
0.371878078461
0.37695725896
0.382025482258
0.383272372592
0.379093794735
0.371761299257
0.365959997476
0.364953271028
0.368080910884
0.372097535735
