1.14051730021
1.14010782775
1.14235968865
1.14527713782
1.14699820491
1.14722852512
1.14747859182
1.1488934863
1.1517560884
1.1545123635
1.15547349315
1.15419318954
1.15201986554
1.15103857567
1.15231633131
1.15510938316
1.1577307093
1.15869017632
1.15812086607
1.15697091274
1.15641350443
1.15619016358
1.15494032372
1.15185004605
1.14776558737
1.14538857924
1.14726080446
1.15325045853
1.16051006983
1.16476642115
1.16231549352
1.15331512292
1.14237553134
1.13557124334
1.13616980953
1.14324654573
1.1523141655
1.15810735513
1.15790440332
1.15323711713
1.1484685006
1.14735960504
1.15068013821
1.15580072102
1.158764306
1.15705427673
1.15127281862
1.14452995697
1.14023413432
1.1401513602
1.14374694675
1.14857235038
1.15178252057
1.15218326101
1.1501753845
1.14693409742
1.14378065939
1.14164520527
1.14124548736
1.14269245073
1.14544253148
1.14821266558
1.14946542352
1.14782204087
1.14330938323
1.13771589707
1.13405330082
1.13455183808
1.1392383485
1.1459935626
1.15149062458
1.15328907664
1.15141242938
1.14862910119
1.14821806347
1.15183449168
1.1581456783
1.16383272797
1.16531173985
1.16151159098
1.15472635252
1.14913892436
1.14816305054
1.15229601284
1.15923998399
1.16518965993
1.16746819261
1.16618392469
1.16382487789
1.16331898613
1.16589365331
1.17054240336
1.17435636755
1.17487311905
1.17160388714
1.16643417611
1.16172351056
1.15938770215
1.15950513323
1.16084137732
1.16166805384
1.16096740153
1.15905418049
1.15720906573
1.15677966102
1.15844801763
1.16194560433
1.16604896676
1.16947403648
1.17129154769
1.17122719735
1.16990157045
1.16829160204
1.16783565745
1.16967599003
1.17388781431
1.1792996882
1.18399977908
1.18600143973
1.1844121239
1.18006109414
1.17537147926
1.17297850563
1.17411270021
1.17792398878
1.18221439946
1.18446656544
1.18352715366
1.18029640085
1.17689144274
1.17508436445
1.17513583514
1.17574558304
1.17527150736
1.17279222635
1.16927270119
1.16656115108
1.16621418669
1.16812772134
1.17056504599
1.17141347114
1.16950101683
1.16587873774
1.16305604125
1.16330482972
1.1672775341
1.17330097087
1.17845117845
1.18019460525
1.17814440634
1.17416775153
1.17078266292
1.16965860418
1.17059480147
1.17192744642
1.17181906931
1.16980823887
1.16718489183
1.16589483365
1.16708575966
1.17020636142
1.17326749417
1.17424655666
1.17257181943
1.16982422543
1.16817730957
1.16916054637
1.17206939453
1.17464631682
1.17436275025
1.17031442122
1.164608476
1.16071866354
1.16165439888
1.16786908323
1.17658295012
1.18328190942
1.18386982667
1.17772237244
1.16761798691
1.15830049091
1.153713537
1.15538535845
1.16189062284
1.16965270121
1.17516872795
1.17698663674
1.17613866739
1.17507997979
1.17605112681
1.18001141438
1.18616683914
1.19263933397
1.19767783177
1.20060604107
1.20170190985
1.20158102767
1.20096059035
1.20036735599
1.20038928829
1.20140827595
1.20370881226
1.20698981918
1.21061871897
1.21368529269
1.2153767206
1.21567802973
1.21527695057
1.21523169041
1.21620988522
1.21779982492
1.21892680082
1.21855964559
1.21645172534
1.21370653585
1.21194936129
1.21246152092
1.21519564536
1.21876967096
1.22142980388
1.22167771692
1.21986591086
1.21763913953
1.21697682384
1.21888742932
1.22275167207
1.22694932901
1.22948911905
1.22957890136
1.22808701216
1.22672276222
1.22682359779
1.22835890828
1.23019662505
1.23079930234
1.22941999027
1.2269267219
1.22533917251
1.22606962122
1.22898952557
1.23214563077
1.23309474477
1.23011093502
1.22397677609
1.21790356663
1.21554271034
1.21896585114
1.2271351879
1.23661564738
1.24284153729
1.24276554038
1.23675122858
1.22843985025
1.22224797986
1.22125481856
1.22563484894
1.23280102419
1.23871818274
1.24015376315
1.23667648634
1.23053693502
1.22488464074
1.22212002759
1.22292951831
1.22630630631
1.23040302596
1.23362763171
1.23572549396
1.23733172466
1.23946819933
1.24233070866
1.24535713163
1.24760773031
1.24836479742
1.24782395489
1.24686268566
1.24645875312
1.24702675175
1.24843698585
1.25002985788
1.25145625297
1.25278744617
1.25463694342
1.25733562102
1.26084054101
1.26427325581
1.26659088922
1.26701082043
1.26569317587
1.26382978723
1.26253891387
1.26238336597
1.26285070357
1.26275695636
1.26099045835
1.25757308394
1.25356058149
1.2506944034
1.25025957459
1.25226328842
1.25555153271
1.2583053947
1.25911702356
1.25760148171
1.25471990096
1.25183161555
1.24978146853
1.2484962998
1.24731182796
1.24555434294
1.24331826985
1.24154886294
1.24119627136
1.24271498493
1.245282405
1.24738322648
1.24750262881
1.24523026316
1.24187098466
1.23989192005
1.24113750202
1.24598122428
1.25271094001
1.25828791279
1.25981380171
1.2560963978
1.2486787467
1.24093803386
1.23632566567
1.23623559539
1.23991126778
1.2447654306
1.24789763446
1.24778575074
1.24527462093
1.24293537146
1.24338103239
1.2475672252
1.2545642736
1.26177046161
1.26630982187
1.26653852774
1.26297173175
1.25768019743
1.25273077141
1.24916321552
1.24643224112
1.24322304309
1.23835109917
1.23192387783
1.22525853602
1.22015938096
1.21751977057
1.217043397
1.21735405342
1.21675834031
1.21435464415
1.21049762244
1.2068348596
1.20496555073
1.20563423176
1.20837166513
1.2118211357
1.2146157208
1.21608466273
1.21666876495
1.21762114537
1.21975914222
1.22304715764
1.22634730539
1.22811779931
1.2274189479
1.22458012871
1.22145748988
1.22022707639
1.22221882267
1.22700319295
1.23270459293
1.23678341069
1.23749214048
1.23476378303
1.23047596704
1.22734000871
1.22725177203
1.23055715106
1.23577702509
1.24032253436
1.24204952054
1.24012071518
1.23567671512
1.23083846651
1.22739272074
1.2259681735
1.22579822648
1.22552876119
1.22391049303
1.22096820395
1.21795422646
1.21655667145
1.21812041794
1.2227244889
1.22935562975
1.23583071632
1.24009049774
1.24096677469
1.23848649304
1.23373903542
1.22797343407
1.22214040255
1.21703194651
1.21327428108
1.21178458554
1.21327088212
1.21785681035
1.22454637873
1.23145709561
1.23633366908
1.23679239534
1.23176513494
1.22180246615
1.20970687745
1.19908284024
1.19294860551
1.19225757883
1.19601242879
1.20178806808
1.20685717548
1.20924422236
1.20850116898
1.20565495297
1.2024584037
1.20022583932
1.19946099057
1.19989535716
1.20078946642
1.2016039823
1.20195394664
1.20194970644
1.20131546083
1.19984385021
1.1967982025
1.19190574641
1.18559525168
1.17926206461
1.17482940313
1.17379625083
1.17636474446
1.18141683478
1.18694843718
1.19083082606
1.19203789196
1.19118530083
1.19019543292
1.19122592934
1.19527363184
1.20136488523
1.20711668046
1.20942687221
1.20601099356
1.19708007755
1.18553376906
1.17577979549
1.17129695051
1.17317059515
1.1797029565
1.18734515491
1.19215358932
1.19149585333
1.18558092143
1.17725488058
1.17026793431
1.16721285054
1.16844000215
1.17212871153
1.17540657604
1.17550505051
1.17142305677
1.16453109466
1.15767657787
1.15360953305
1.15367010885
1.15746386631
1.163256546
1.16879165459
1.17245309486
1.17405202499
1.17458223395
1.17550793372
1.17756051869
1.18032498387
1.18245211404
1.18231930197
1.17897493233
1.17281893906
1.16550008677
1.15897655803
1.15471036025
1.15298580863
1.15325402379
1.15457210666
1.15629087468
1.15821225958
1.16064025478
1.163985738
1.16799956771
1.17179514767
1.17411157968
1.17385694702
1.17082884822
1.16600258454
1.16130595107
1.15856219709
1.15849148287
1.16027590702
1.16193477665
1.16118129433
1.15639783893
1.14767468112
1.13697347894
1.12704824761
1.1202064266
1.11715421349
1.1168585125
1.11718434853
1.11607632574
1.11262247839
1.10755522448
1.10298710886
1.10093883517
1.10253767514
1.10701637893
1.11232273165
1.11582873913
1.11555676856
1.11124962736
1.10452652787
1.0981629393
1.09473322405
1.09530961792
1.09925656438
1.1044140594
1.10833488224
1.10933255207
1.10733242645
1.10399039103
1.10159069643
1.10203479008
1.10576689107
1.11183887342
1.11837499655
1.1233394475
1.12566381575
1.12570803657
1.12488057101
1.12475699434
1.12639321075
1.12959172069
1.1332495645
1.13574350027
1.13571306381
1.13298834973
1.12857342462
1.12390356926
1.12024971376
1.11790452003
1.11640083776
1.1146248229
1.11163756388
1.10729988875
1.10231283915
1.09807314196
1.09586068039
1.09629222597
1.09906478222
1.10310831527
1.10701931776
1.1097192109
1.1108271688
1.11075975026
1.11015359522
1.10945205479
1.1085080489
1.10653036143
1.10274454609
1.09688356455
1.08961332204
1.08258194995
1.07757369361
1.07575463053
1.0772746157
1.08125623131
1.08591065292
1.08928620852
1.08997082622
1.08797254603
1.08444157868
1.08107176932
1.07908611599
1.07866576186
1.07892538249
1.07835224444
1.07553672911
1.07015971746
1.06332745506
1.0572830565
1.05408165938
1.05489660964
1.05928686596
1.06564129999
1.07170568925
1.07510924231
1.07470547471
1.07092809876
1.06564885496
1.06116918312
1.0590099774
1.0594615427
1.06141003389
1.06305163283
1.06258094739
1.05912194587
1.0530547934
1.04609481903
1.04015574921
1.03653231301
1.03544751841
1.03595890411
1.03663469017
1.03611240732
1.03374860784
1.03009307135
1.02643262777
1.02415084593
1.02404856409
1.02603008502
1.02913006667
1.03199635857
1.03350640922
1.03330612245
1.03203904674
1.03080988313
1.0307445565
1.03212938591
1.03432847962
1.03610636741
1.0360072556
1.03323621452
1.02792592394
1.02143084767
1.01571988118
1.01239647898
1.01220552869
1.01462372236
1.01816080144
1.02093059047
1.02143296118
1.0192391221
1.01524926686
1.01119326874
1.00890184944
1.00953362535
1.01323157867
1.01901722364
1.02514749459
1.02980489382
1.03195728187
1.03160755537
1.02989744008
1.02812644648
1.02752018329
1.02845972989
1.0306457797
1.03300492611
1.03440760618
1.03413540738
1.03221673562
1.02931098107
1.02643516346
1.02426092129
1.0231234711
1.02267002519
1.02226845431
1.02122036334
1.0192386515
1.01657500959
1.01386579345
1.01191087381
1.01114530268
1.01165708312
1.01290902838
1.01419786096
1.01472765946
1.01416239547
1.01277981059
1.01123896173
1.01032161954
1.01064618644
1.01228436319
1.01488519398
1.01763635884
1.01960372103
1.01997180451
1.0185874567
1.01584300097
1.01253443178
1.00942285041
1.00706246413
1.00569089457
1.00518589037
1.00536726723
1.00606214331
1.00732853276
1.00922974085
1.01199326512
1.01559846367
1.01973250323
1.0236769915
1.02665628691
1.02782721243
1.02685649571
1.02394502309
1.01992488213
1.01581100699
1.01261317842
1.01099272349
1.01106686663
1.01259595075
1.01493533155
1.01729069827
1.01909162457
1.02000302694
1.02014652015
1.01984236207
1.0193617874
1.01895293229
1.01866883117
1.01853131639
1.0186160599
1.01898520195
1.01987447699
1.02145595882
1.0237505272
1.02648218207
1.02925094229
1.0313838134
1.03229150056
1.03167001799
1.02956220654
1.02662553147
1.0236760603
1.02145694694
1.02047935751
1.02072707271
1.02186147728
1.02323888875
1.02409334913
1.02405037681
1.02313266444
1.02190669371
1.02111300023
1.0215217889
1.02334321947
1.02645475387
1.03021956606
1.03360134091
1.03569360358
1.03582718651
1.03393700787
1.03048939386
1.02642454926
1.02261261492
1.01975842339
1.01811511701
1.01757128091
1.01774359748
1.01808300148
1.01818363224
1.01788464405
1.01736265914
1.01691221988
1.01696767943
1.01768118842
1.01897504479
1.02063010977
1.0220990221
1.02284565004
1.02248206081
1.02092028649
1.01828031528
1.01481045685
1.01096631047
1.00715140101
1.00381058835
1.00149510922
1.00068140521
1.00155524897
1.004207853
1.00830326694
1.01336346664
1.01873392923
1.02373661906
1.02774773889
1.0302895543
1.03123446973
1.03072081523
1.02923991273
1.02749685535
1.0259904113
1.02514560648
1.0249465975
1.02521072797
1.02545109699
1.02529761905
1.02443767753
1.02292890007
1.02104203373
1.01931116862
1.01817062662
1.01792867611
1.01868158599
1.02020914397
1.02221626103
1.02427018025
1.02602321921
1.02720047391
1.02784653465
1.02795223792
1.02766424085
1.02704328429
1.02607334865
1.02476481058
1.02321894338
1.02167896679
1.02059484873
1.02048162231
1.02169393021
1.0243492448
1.02815903873
1.03271028037
1.03728175943
1.04111671452
1.04361416006
1.04438540473
1.04347293056
1.04151677918
1.03934612721
1.03781356227
1.03749190374
1.03842396613
1.04025626797
1.04234014435
1.04396981711
1.04461329158
1.04401015619
1.04241048659
1.0402374337
1.03809761578
1.03643005233
1.0354374037
1.03514361456
1.03537523976
1.03596265136
1.03696564513
1.03846625015
1.04075959954
1.04402143051
1.04820919569
1.05292388922
1.05743065474
1.06084235496
1.06216168136
1.06071136549
1.05646606914
1.05003194072
1.04266822347
1.03595477387
1.03121352835
1.02914814724
1.02972611077
1.03219710735
1.03545670168
1.03832532868
1.03987625451
1.03975520196
1.03832435491
1.0365739139
1.03555908718
1.03616202987
1.03860081477
1.04240166261
1.0466120093
1.04992291881
1.05126091548
1.04991646318
1.04619939762
1.04113428615
1.03616050276
1.03266040573
1.03162576987
1.03325542896
1.03719229832
1.04241711387
1.04774961711
1.05198106155
1.05439067875
1.05500555612
1.05447954165
1.05396405785
1.05440738004
1.05644171779
1.06011854361
1.0649614919
1.07005760637
1.07440537746
1.07716320107
1.07792607803
1.07698188212
1.07501137685
1.07292085175
1.07148751031
1.07112343551
1.07179166145
1.07303695876
1.07429149798
1.07494657576
1.07472027793
1.07381604897
1.07259016057
1.07168164313
1.07148730599
1.0722535175
1.073831896
1.07577863578
1.07739532494
1.07805588935
1.0773037586
1.07515715363
1.07208149643
1.06886664195
1.06626609865
1.06478970465
1.06474980774
1.06597483331
1.06804223136
1.07035524389
1.07228041066
1.07337154768
1.07352289609
1.07286797549
1.07167931444
1.07030228444
1.06894178815
1.06759705658
1.06613535737
1.06440943291
1.06230474655
1.059981915
1.0578684013
1.0565299716
1.05655737705
1.05822036844
1.06146948941
1.06596769339
1.07092000912
1.07543059258
1.07851314597
1.07959913354
1.0783703161
1.0753131524
1.07128425633
1.0674203389
1.06475166696
1.06378383808
1.06464732154
1.06694539844
1.06991578213
1.07267769133
1.07435084541
1.07442284326
1.07271200244
1.06959032942
1.06576451894
1.06188716053
1.05859996918
1.05627405697
1.05493379773
1.05436863466
1.05429507864
1.05434562911
1.05427466345
1.05401354086
1.05362477594
1.05330713166
1.05334164589
1.0539028795
1.05503983812
1.05669918782
1.05864913638
1.06053759252
1.06212508476
1.06315404891
1.06355072087
1.06320857276
1.06229432332
1.06094260621
1.05927429586
1.05742424242
1.05544928266
1.05343415565
1.05143201386
1.04950544761
1.04783209752
1.04645008443
1.04545224349
1.04474529601
1.04416493042
1.04346696459
1.04237844079
1.04069106014
1.03834290576
1.03544532851
1.03229227425
1.02931578947
1.02686854998
1.0252566947
1.02458051975
1.0247215016
1.0254854677
1.02651919654
1.02761033919
1.02850167052
1.02923371449
1.02971559418
1.03020958553
1.03075633334
1.03138437336
1.0319706499
1.03220995343
1.03182518341
1.0303787583
1.02759550795
1.0234161202
1.01810338187
1.01212724673
1.00624809509
1.00111361393
0.997319034853
0.995053774351
0.994306140687
0.99476696226
0.995933581837
0.997286260045
0.998273343073
0.998559807974
0.997921994885
0.996504237288
0.994491080797
0.992241826674
0.989957363744
0.987737099735
0.985568739043
0.983469392945
0.981320113459
0.979174174947
0.977158282718
0.975547884304
0.974598332851
0.974526659986
0.975391675898
0.977014218009
0.979073125903
0.981017463933
0.982339263788
0.982517482517
0.981194084353
0.978246126559
0.973942982342
0.968840447446
0.963694649326
0.959140065147
0.955614666458
0.953270783786
0.951972510754
0.951326850607
0.950985065141
0.950687189303
0.950326275137
0.949861613796
0.949543960123
0.949587582681
0.950214524906
0.95146665281
0.953278518978
0.955288225727
0.957071883248
0.958267163052
0.958425254754
0.957408438751
0.95534926028
0.952638518877
0.949943393175
0.947881948178
0.946951089278
0.947255654014
0.948512465954
0.950237520442
0.951709015865
0.952211934156
0.951236458146
0.948595476608
0.944588632235
0.939924808104
0.935698156803
0.933023820201
0.932675258687
0.935024654048
0.939752326907
0.946060509723
0.952826696282
0.958834388186
0.962887031488
0.964231474208
0.96252347173
0.958097365823
0.95181003677
0.944967171587
0.938894779033
0.934687313568
0.933006365439
0.933948620862
0.937123603852
0.941749391272
0.946809943174
0.951368438116
0.954493927126
0.955879588603
0.955527149743
0.953861161644
0.95159395316
0.949396279214
0.947720176502
0.946785723503
0.946386463165
0.94623655914
0.94577377662
0.944481303575
0.941964762413
0.938182402055
0.933406376099
0.928113614
0.922961124023
0.918532110092
0.915329721846
0.913495707208
0.912989402223
0.913542423928
0.91469997653
0.915917018542
0.916697441308
0.916651207166
0.91562358819
0.913717461246
0.911072177537
0.908107106948
0.905188542518
0.90273986983
0.901069868424
0.900381141336
0.900756587529
0.902284297089
0.90472455356
0.907885774168
0.911542299008
0.915322474541
0.919017984284
0.922345232119
0.925092641609
0.927183565275
0.928569533261
0.929282471928
0.929428313605
0.929088546501
0.928488187308
0.927717535044
0.926925922012
0.92605503618
0.925044930754
0.92376966679
0.921946422877
0.919523974704
0.916372013286
0.912538949178
0.908321010889
0.90410995678
0.900548201631
0.898159965965
0.897392544845
0.898500485832
0.901346933438
0.905512016719
0.910395391464
0.915303784467
0.919377539369
0.922014905367
0.922731575389
0.921395715958
0.918247059787
0.913929291279
0.909238600672
0.905013688335
0.901878969889
0.900171210325
0.899824621103
0.900456978718
0.901480667608
0.902222806787
0.902126644039
0.90085054028
0.898300061963
0.894906267752
0.891266127505
0.888272519187
0.886588298157
0.886836883186
0.88913932278
0.893207419548
0.898561617209
0.904350757104
0.909723126612
0.913805774278
0.915907405445
0.915767257961
0.913413978495
0.909345693651
0.904457056782
0.899660364239
0.895818418052
0.893470609865
0.892818082392
0.893617021277
0.895395976967
0.897488944633
0.899074940235
0.89955257856
0.898497627833
0.895918962637
0.892188165177
0.887922319766
0.883865154246
0.880751816363
0.878999843399
0.878793366621
0.880061625369
0.882498722534
0.885567825355
0.888644838331
0.891185597415
0.892700541656
0.892951679037
0.891972973678
0.890104712042
0.887770613828
0.885403848671
0.883484753551
0.882242796213
0.881738815057
0.881883459035
0.882460665463
0.883114872536
0.883514722229
0.883412838328
0.882622149414
0.881245927277
0.879436325678
0.877491391005
0.875751972708
0.874467643087
0.873841693845
0.873977340181
0.874851872842
0.876442406759
0.878479836941
0.880720646097
0.882984531392
0.885087490206
0.88689336934
0.888296054879
0.889283366206
0.889764193057
0.889711847994
0.889140743057
0.888021778584
0.886387691355
0.884230303966
0.88148490925
0.878157962439
0.874397256388
0.870369412252
0.866427866895
0.86301405518
0.860464510075
0.859063900761
0.858881664499
0.859852803981
0.86179407136
0.864495582494
0.86762033933
0.870732143313
0.873515970077
0.875476233092
0.876400461479
0.876080024686
0.874687427496
0.872432125529
0.869656025991
0.866822610081
0.864244252947
0.862306324613
0.861249810864
0.86122663727
0.862172135235
0.863897525183
0.866009901236
0.868128304899
0.869901793767
0.870998614784
0.87130668152
0.870753661513
0.869489840145
0.867702592366
0.865719967367
0.863960295241
0.862719186785
0.862307242842
0.862784011399
0.863967115173
0.865547943448
0.86705709347
0.868127025275
0.868434737389
0.867814597097
0.866351915744
0.864193390263
0.861678701285
0.859163513548
0.856991632221
0.855452197678
0.854682885318
0.85476710061
0.855625362703
0.857008346906
0.858640357638
0.86025657639
0.861549292102
0.862409531524
0.862810520554
0.862989923063
0.863210333051
0.863749682015
0.864923527333
0.86682072794
0.869451697128
0.872668615788
0.87619047619
0.879709661699
0.882892452781
0.885327691142
0.886856812994
0.887434417629
0.887226877594
0.886527759803
0.885746490419
0.885160668543
0.885063545992
0.885508045516
0.886396109593
0.887622067855
0.888928308963
0.89013487279
0.891067201811
0.89173818633
0.892178684197
0.892681037821
0.89345040951
0.894803936566
0.896829416532
0.899498500542
0.902598546022
0.905684624301
0.908292188885
0.909844216109
0.909859227291
0.908042708306
0.904445540186
0.899363884201
0.893473815009
0.887581732997
0.88252588521
0.878939482439
0.877217364937
0.877357063628
0.879124205428
0.881949540704
0.885139602299
0.88801983488
0.889984085425
0.890661178287
0.88995781459
0.888119065948
0.885603291845
0.882953013305
0.880715353244
0.879347359382
0.879099808255
0.880101010101
0.882199549356
0.885179256549
0.888690506555
0.892324230247
0.895824243513
0.898852998663
0.901246651556
0.902888831571
0.903753261178
0.903909342578
0.903443986628
0.902511806529
0.901251557956
0.899807921923
0.898403483309
0.897182006205
0.896445051687
0.896453280523
0.897229646382
0.898818563229
0.900922790601
0.9031225605
0.904950547
0.905880485676
0.905534249494
0.90375875528
0.900748462978
0.89687208838
0.892920377368
0.889604777245
0.887711644334
0.88778196459
0.889973220723
0.894216624945
0.900093516209
0.906806557377
0.913519677522
0.919180283954
0.922921275563
0.924302681059
0.923338643912
0.920510067114
0.91671104484
0.912899989439
0.910003933395
0.908537541146
0.90889614631
0.910871617369
0.914164335849
0.918053266706
0.921808937651
0.924717016643
0.92647177691
0.926892317635
0.926301936454
0.925164605749
0.924020915591
0.923406634365
0.923650105117
0.924913402611
0.927083333333
0.92987625221
0.93282139405
0.935567148927
0.937755651238
0.939219380888
0.93999461352
0.940124605551
0.939725805143
0.938884064264
0.937687319492
0.936247573744
0.934605800038
0.932906474033
0.931235685462
0.929795077524
0.928729073586
0.928239131597
0.928432651106
0.929319510898
0.93078358209
0.932573420947
0.934388528139
0.935762276725
0.936348869862
0.935909493251
0.934416249274
0.932160873281
0.929627196584
0.927363535192
0.925992779783
0.925838539293
0.927113468338
0.929705763805
0.93327563357
0.937290308502
0.941124683614
0.944070472866
0.945626477541
0.945639769533
0.944191343964
0.941677969386
0.938597700516
0.935596481583
0.933060709189
0.931325995663
0.930473494737
0.930320876218
0.930737242158
0.931325864964
0.931963068806
0.932516178568
0.932940854326
0.933223774308
0.933247295294
0.932879055396
0.93194937833
0.930348119818
0.927980712624
0.924873010973
0.921219075339
0.91724598187
0.913524093064
0.910474265108
0.908572978839
0.908097582085
0.909115543031
0.91148462441
0.91479560876
0.918452297807
0.921645694896
0.923702456701
0.92394979655
0.922191686706
0.918521892615
0.913495200452
0.907681978403
0.901950989371
0.896944774101
0.893189451082
0.891079295154
0.890642242331
0.891790219075
0.894141458951
0.897269975283
0.900784161059
0.904311017044
0.907585783287
0.910352367337
0.912490840426
0.91383612135
0.914310148233
0.913904064529
0.912656634434
0.910705630791
0.908164132189
0.905418304323
0.902722110888
0.900367779222
0.898687403486
0.897743280944
0.897632544181
0.898297955865
0.89950987336
0.900983869123
0.902427785618
0.903511053316
0.904016180295
0.903774128493
0.902805668713
0.901279707495
0.899274021352
0.897135712662
0.895016328269
0.89306908203
0.891515994437
0.89046727912
0.889954997028
0.890040966238
0.89058883306
0.891519963831
0.892562452151
0.893495679945
0.894028136664
0.893997630263
0.893343397103
0.892092185184
0.890434379437
0.888664958397
0.88697339879
0.885547792142
0.884489004971
0.883723532209
0.883053691275
0.882367793519
0.881463510959
0.880140777112
0.878441217585
0.876387776125
0.874216177523
0.87210432992
0.870293723061
0.86887254902
0.86781756545
0.867119108044
0.866632381932
0.866250608342
0.865858551123
0.865429765791
0.864976734892
0.864637508171
0.864497878359
0.864696427061
0.865161253947
0.865780542986
0.866421882561
0.866792983665
0.866751636638
0.866215269671
0.865200820874
0.863781722165
0.862149669417
0.860476620013
0.858873182436
0.857462943812
0.85627322092
0.85527140172
0.854431278948
0.853847463398
0.853600476096
0.853742074275
0.85445186107
0.855631312417
0.857150956768
0.858733096085
0.859995416261
0.860515454991
0.859974424552
0.858156649728
0.855171203836
0.851300139925
0.84715588363
0.843359330198
0.840387181016
0.838638858397
0.838069374843
0.838472505661
0.839389270206
0.840412057756
0.840965696819
0.840738423029
0.839584403722
0.837513226
0.834793061996
0.831538241192
0.828030411706
0.824339872289
0.820603087578
0.816863913886
0.813215144405
0.80983227299
0.806923143326
0.804716496317
0.803518895678
0.803521857387
0.804747576062
0.807180370689
0.810508446275
0.814473941869
0.818573844419
0.82245964992
0.825625321962
0.827867909331
0.828957996769
0.828890749993
0.827744562863
0.825632436179
0.822702203228
0.819273630117
0.815551902166
0.811974910807
0.808817210461
0.806503046524
0.805191867206
0.804941116951
0.805617002212
0.80685253611
0.808235723716
0.809285492125
0.809624265922
0.808919027642
0.807173203087
0.804636337294
0.801656482581
0.798729608777
0.796204169662
0.794372976535
0.793255215776
0.792806166143
0.79290565607
0.793394558211
0.794078291815
0.794932902091
0.795967924102
0.797257810744
0.798835288518
0.800693919807
0.802744954952
0.80476365383
0.806455291971
0.807613672359
0.808035325219
0.807676566885
0.806669208435
0.805123540114
0.80323592344
0.801188072455
0.799064874342
0.796934306569
0.794812696931
0.79272875579
0.790826700749
0.789161678378
0.78798423974
0.787439198856
0.787604814329
0.788380914354
0.789598717729
0.790981126639
0.792120631047
0.792761135026
0.792649527343
0.791752759903
0.790232681589
0.788316232029
0.786249926768
0.784191154992
0.782335949581
0.780683576078
0.779189670785
0.777768042291
0.77640203933
0.775134038545
0.774075672565
0.773319243731
0.77293643129
0.772862611655
0.772892731202
0.772772830102
0.772279231103
0.771185946072
0.769499897098
0.76732103321
0.764992614476
0.762734861222
0.760691055714
0.75898656791
0.757502718909
0.756120527307
0.754630856672
0.752956056239
0.751112672757
0.749252083999
0.747621648033
0.746488085082
0.745988324544
0.746088373269
0.746547796496
0.747135866029
0.747603286921
0.747696913865
0.747405345857
0.746893641787
0.746352968582
0.745899732465
0.745608176776
0.745312046444
0.744840416255
0.743923762896
0.742477359042
0.740533902517
0.738370396311
0.736371293311
0.734969997692
0.734416179672
0.734814814815
0.735956812047
0.737486854447
0.738892530423
0.739795772432
0.739913916786
0.739197930142
0.737824698674
0.736051563894
0.73417648584
0.732387447263
0.7306016959
0.728813064182
0.726920252607
0.724918235658
0.722860340461
0.721006628732
0.719600302977
0.718916261855
0.71898166772
0.719803029002
0.721119185215
0.722602641607
0.724114167576
0.725409011185
0.726588100029
0.727854457804
0.729355827342
0.731221900862
0.733339076004
0.735390126239
0.736990851349
0.737795553464
0.737500370469
0.736149563871
0.734022276491
0.731626926389
0.729384642667
0.727620504973
0.726330926806
0.725376899161
0.724497284603
0.723410506523
0.721982442233
0.720369990926
0.718845560183
0.717835114239
0.717543606746
0.717863826112
0.718535403082
0.719047342771
0.718935343442
0.718001530042
0.716272189349
0.71409487621
0.712068042586
0.710541989279
0.709698597434
0.709341317365
0.709038444197
0.708195139601
0.706404030044
0.703546738804
0.700029824038
0.696515504676
0.693725753289
0.692243247147
0.692164125535
0.693297418116
0.695002295157
0.696548748921
0.697289200012
0.696858894999
0.695397513566
0.693271541366
0.691104705916
0.689272150995
0.687955262403
0.687007020889
0.686097347712
0.684845814978
0.682880066073
0.680207687996
0.677023928508
0.673702057998
0.670688452146
0.668230660063
0.66647388815
0.665355583191
0.664660435776
0.664275798242
0.663973685729
0.663811932406
0.663776824034
0.663938400114
0.664282661348
0.664696813977
0.665070672898
0.665196587109
0.665072879539
0.664667869826
0.664046749452
0.663303317397
0.662471631937
0.661516104158
0.660323245601
0.658823529412
0.656996793514
0.654945587923
0.652937081984
0.65121392855
0.650010478728
0.64941947008
0.649220093707
0.649252626905
0.649173150312
0.648799668874
0.648001180115
0.646958565971
0.645882662457
0.6451181194
0.644754026992
0.6447169592
0.644924784577
0.645025468893
0.644843155894
0.64427480916
0.643443979656
0.642665298609
0.642211814473
0.642241248903
0.642789992418
0.643776824034
0.644824108316
0.645751593919
0.646321275291
0.646593339444
0.646630236794
0.646706226091
0.647050028408
0.647774604308
0.648701587773
0.649678127503
0.650485148809
0.650900032621
0.651001746027
0.650864357779
0.650722207513
0.65068634079
0.650709951099
0.650636659757
0.650165508603
0.649039039039
0.647195556361
0.644770697745
0.642207949588
0.639878787879
0.63819522408
0.637254603561
0.636975201052
0.637134431064
0.637374484076
0.637415384615
0.637115043164
0.636603807962
0.636018900292
0.635603345281
0.635515129897
0.635735263579
0.636209964413
0.636894527776
0.63775147929
0.638726790451
0.639892040954
0.641261766941
0.642725652339
0.644157748131
0.645290817833
0.645905936318
0.645828952507
0.645059862136
0.643802355226
0.642324888227
0.640895931739
0.639629448453
0.638579023386
0.637648441366
0.636700158646
0.635719414354
0.634706047644
0.633788788945
0.633114469772
0.632751818518
0.632723920725
0.632958801498
0.633336405247
0.633779007223
0.63423395763
0.634691879322
0.635240037748
0.635782650836
0.636270306178
0.636616230256
0.63676042677
0.636665752005
0.636452899662
0.636279500231
0.636358005574
0.636702491147
0.637210897076
0.637702503682
0.637884767167
0.637562513936
0.636778506235
0.635707582279
0.634730344379
0.634293891888
0.634667273496
0.635905767669
0.63780321259
0.63995308835
0.641957174566
0.643451856205
0.644373534775
0.644831380672
0.645092940383
0.64543456798
0.645946801773
0.646532933186
0.646980714512
0.647101701898
0.646752421788
0.645948522402
0.644917647806
0.643961475098
0.643110547989
0.642323941425
0.64151003708
0.640420455278
0.63888075484
0.636914907565
0.634624250807
0.632112211221
0.629584352078
0.62695260789
0.624194940575
0.621070178363
0.617632292399
0.614056265299
0.610646133244
0.607788919612
0.60582299421
0.604685549057
0.604203438583
0.604021377827
0.603689484643
0.603033353902
0.602071197411
0.601061776062
0.600332204689
0.600184027668
0.600606577576
0.601426857756
0.602386000443
0.603145853194
0.603464777948
0.60336500016
0.602920456001
0.602410410924
0.601902435889
0.601512262901
0.6010818561
0.600500279762
0.599647793727
0.598541122934
0.597306193739
0.596064581231
0.594977614704
0.594024011871
0.593215748671
0.592384646795
0.591554111814
0.590667535228
0.589825282631
0.589176647217
0.588798045934
0.588874270485
0.589361916602
0.590322256128
0.591650752169
0.593379744293
0.59527148868
0.597145043756
0.598760316882
0.599801652893
0.600158614764
0.599761605192
0.598963351829
0.598166055352
0.597867148063
0.598339526631
0.599436865216
0.600712413469
0.601573580063
0.601482791457
0.60031546823
0.598396627389
0.596322941647
0.594782184088
0.594098521134
0.594228813856
0.59461744399
0.594695223574
0.594034649044
0.592655143915
0.591022084519
0.589847825305
0.589663693994
0.590580355552
0.592143085276
0.593692416726
0.594525599206
0.594308827704
0.593238358495
0.591954834157
0.59126747731
0.591666376822
0.593117758949
0.595017940933
0.596629368697
0.597291962461
0.596840826245
0.595525136365
0.594119893089
0.593265596283
0.593195625759
0.593624664318
0.593953243101
0.593539226127
0.591983666452
0.589359094514
0.586263020833
0.583402790361
0.581186643898
0.579672035353
0.578523045207
0.577288941736
0.575592940912
0.573532180921
0.571320840089
0.569438692919
0.568134014423
0.567338361665
0.56671675432
0.5659951045
0.564950009432
0.563600708979
0.562286272594
0.561458566839
0.561293436293
0.561735918744
0.562546016787
0.563331129234
0.564000146579
0.564650925149
0.565468200123
0.566706319167
0.568492413645
0.570620457556
0.572606669057
0.574174044483
0.574953932868
0.57500905469
0.574539788375
0.573970071379
0.573501668843
0.573104528728
0.572493025987
0.571444448561
0.569709202362
0.567375352775
0.564755678168
0.562106620156
0.559660281068
0.557448114474
0.55538330362
0.553359993727
0.551483697159
0.549884268497
0.548706240487
0.547974328119
0.547444962237
0.546861772887
0.546088366437
0.545124587089
0.544222422406
0.543913524137
0.544535485712
0.545940257427
0.54774535809
0.549312110062
0.550167624521
0.550289247955
0.550169423959
0.550512677848
0.552003477436
0.554801240042
0.558268330733
0.561586882188
0.563843825196
0.564569343632
0.563984168865
0.562814654171
0.561913587397
0.561698193166
0.562061521856
0.562313678423
0.561722376068
0.559767222397
0.556786703601
0.553631706445
0.551348341421
0.550374621393
0.550504645947
0.550895057987
0.550576498487
0.548971738321
0.546061972772
0.542668849431
0.539791368722
0.538169868554
0.537872700359
0.53844515442
0.539202614941
0.53943655858
0.53893523169
0.537859236254
0.536577913575
0.535523167283
0.534824142423
0.534338212936
0.533945513099
0.533527950852
0.533255035017
0.533388150777
0.534006444683
0.535091087504
0.536367882468
0.537627118644
0.538614615971
0.539352438921
0.540086696688
0.540982236155
0.541974284529
0.542917216359
0.543436253752
0.543457694048
0.543007872069
0.542550557161
0.542548364476
0.54314177507
0.544038469442
0.544747881879
0.544775195079
0.543944176774
0.542631446961
0.541617671762
0.541594709574
0.542743706707
0.54466369616
0.546442476362
0.547338814366
0.547075575027
0.546062538755
0.54525977504
0.545360732233
0.546516347238
0.548263952009
0.549537952278
0.54953358209
0.54801778787
0.545741475778
0.54379298735
0.543303291725
0.544493774732
0.546563998257
0.548398107963
0.548902883007
0.547645017353
0.545237384294
0.542779020631
0.541573812707
0.541866087729
0.543137448235
0.544416996047
0.544774270281
0.543957951108
0.542495925725
0.541487068966
0.541723267999
0.543221767397
0.545554915515
0.547676205109
0.548931059332
0.549297799933
0.549340695958
0.550025920166
0.551609892674
0.553999536286
0.556353028339
0.55774674029
0.557540236301
0.555984555985
0.553948161543
0.552448197886
0.552212715061
0.553141542002
0.554507628294
0.555374668589
0.555140012155
0.55360322369
0.551368578928
0.549125357595
0.547392695783
0.54631209708
0.545724266641
0.545252583792
0.544685403092
0.543874212608
0.542830540037
0.541664613413
0.540473349244
0.539436619718
0.538731677524
0.538572162301
0.538886593679
0.539378238342
0.539614004058
0.539025667889
0.537468247248
0.535281837161
0.533147797892
0.532014779396
0.532317239127
0.533703703704
0.535284162254
0.536090679548
0.535628179606
0.534101279911
0.532463186078
0.531797696545
0.532672938572
0.534710061127
0.53694278019
0.538491604734
0.538989787469
0.538849914379
0.539136896571
0.540638146752
0.543440580652
0.546716152977
0.549185597943
0.550053475936
0.54912
0.547459963941
0.546347871781
0.546840052016
0.548906314486
0.551651512817
0.553685074933
0.554004823234
0.552519826042
0.55004572706
0.548007246377
0.547309092723
0.548243001787
0.550218340611
0.552448248408
0.553992717841
0.554569919266
0.554215671679
0.553410998124
0.552630283943
0.55203151933
0.551725843141
0.551674450959
0.551813471503
0.552052201634
0.552046550952
0.551598945641
0.550691359257
0.54942182001
0.548298767811
0.547719961191
0.547892523844
0.548430193721
0.548747809956
0.548116287506
0.546528649101
0.544494322683
0.542907366963
0.542474558115
0.543095110156
0.543905070119
0.543696703058
0.54153668717
0.537513916722
0.532745109094
0.528883578013
0.527086551113
0.527378696526
0.528488137159
0.528882548186
0.527560817577
0.524602181298
0.521086185121
0.518452237001
0.517561833172
0.51813153416
0.519223016309
0.519689884322
0.519050868486
0.517621337997
0.516156355879
0.515367679436
0.515494734187
0.516147613622
0.516797048909
0.517042334461
0.51699488491
0.516962348437
0.517197533219
0.517696647018
0.518313161397
0.518847668657
0.519465867805
0.520400868122
0.521810306389
0.523350864964
0.524428346457
0.524401103725
0.523283899631
0.521842384851
0.521295026798
0.522752339054
0.52605062669
0.529973814019
0.532891872279
0.533806972124
0.53306122449
0.532181709504
0.532955489614
0.536170212766
0.540803025895
0.544748542064
0.54608265793
0.544279405861
0.5405661996
0.537514220705
0.537433004231
0.540598099497
0.545329487464
0.54905327077
0.550038542011
0.548283815696
0.545564361847
0.544280442804
0.545743192337
0.549292011755
0.552890496197
0.554518455664
0.553451467866
0.550655919077
0.548022006812
0.547136380218
0.548239692595
0.55
0.550811848317
0.549600912201
0.546717628222
0.543549712408
0.541434771509
0.54097526214
0.541537207762
0.542326960433
0.542599055635
0.542425177414
0.542520939315
0.543320004101
0.544784522469
0.546413394091
0.547539637744
0.548003704466
0.54815425861
0.54859031292
0.549575657214
0.550706566916
0.551225118855
0.550756620429
0.549554301387
0.548666490626
0.549083804193
0.550927638882
0.553579958601
0.555757510959
0.556429880349
0.555567608613
0.554050378108
0.552948222355
0.552823811601
0.553232251355
0.553374503749
0.552496663701
0.55066054635
0.548705419826
0.547658402204
0.547776151334
0.548419921985
0.548613562603
0.54766934558
0.545870658267
0.544055700609
0.543160404792
0.543338196673
0.543871498209
0.543910389379
0.543049488361
0.541627977088
0.540514839491
0.540318366851
0.540746842394
0.540967484172
0.540245871104
0.538650768748
0.537075023742
0.536789446852
0.538269230769
0.540697449144
0.542652142717
0.542943854325
0.541463902407
0.53926388609
0.537844408428
0.537866123004
0.538756177924
0.539243679922
0.538298173581
0.536227824463
0.534409226083
0.53425736796
0.535948958639
0.538145244786
0.538990413421
0.537465795074
0.534298698298
0.531587128867
0.531355998437
0.533844098696
0.537378140604
0.539633999518
0.539338654504
0.537014112404
0.534844570381
0.534751951649
0.536789580514
0.538998547381
0.538682593266
0.534617071673
0.527898518584
0.521860465116
0.519578340391
0.521747431585
0.526205373574
0.529797555742
0.530154980155
0.527439373687
0.523851709196
0.521995332555
0.523026121242
0.525959571652
0.528695882809
0.529555300516
0.528484279681
0.52676771918
0.525733423775
0.525633572336
0.525806380735
0.5255275774
0.525059286744
0.525700987885
0.528451844567
0.532915180113
0.537197413572
0.53898167879
0.536966491156
0.532230938263
0.527990041412
0.527048886803
0.529476878685
0.532792478581
