1.28010673408
1.28365921788
1.2901941612
1.29499860685
1.2945709764
1.28945596553
1.28433370587
1.28293722552
1.28608957519
1.29145052834
1.29504417979
1.29440203562
1.29092733087
1.28853730608
1.28981470268
1.29444510954
1.29902601259
1.30021216407
1.29723421636
1.29292346733
1.29174039614
1.29625219709
1.30532023043
1.31439330074
1.3188825199
1.31746205687
1.31309869766
1.31037040962
1.31201804543
1.31727158949
1.32279137287
1.32470866061
1.32206819792
1.31730625653
1.31415103604
1.31462642979
1.3181312031
1.32202329387
1.32369336319
1.32279877906
1.32117766685
1.32105239159
1.32311235549
1.32598072181
1.32731477364
1.32575524383
1.32210078931
1.31868743048
1.31761618556
1.31884240591
1.32075078206
1.32125593886
1.31972927794
1.31740230531
1.31654048912
1.31825683747
1.32198748044
1.32526315789
1.32592277005
1.32334022513
1.3194612134
1.31692525207
1.31726449142
1.31995169436
1.32318560868
1.32493128888
1.32472087031
1.32374558304
1.32339281349
1.32425134153
1.32535720434
1.32521161029
1.32324401621
1.32041422114
1.31882655275
1.31969977516
1.3221736702
1.32391830857
1.32226823621
1.31676877695
1.3095681789
1.30448055458
1.30429440121
1.30884792338
1.31532205291
1.31998509965
1.32061658223
1.31804365847
1.31509566385
1.31447400389
1.31656527135
1.31931835319
1.31973972233
1.31650421966
1.31108171664
1.30661310979
1.30583198334
1.30893604735
1.31369886758
1.31652078459
1.31528910144
1.31057110926
1.30550727941
1.30309910319
1.30441314022
1.30789070914
1.31067768782
1.31062870031
1.30807161068
1.30529950709
1.30472436574
1.30707283885
1.31093349671
1.31368168235
1.31343450435
1.31051515321
1.30715678084
1.30601625111
1.30812965079
1.31239692523
1.31651671852
1.31850708573
1.31840125744
1.31801455097
1.31952779421
1.3239292998
1.33031209919
1.33629307135
1.33978352617
1.34043775493
1.33966766329
1.33934289093
1.34048545381
1.34263379787
1.34447755909
1.34481633137
1.34396118008
1.34323323981
1.34420137848
1.34736334308
1.35183328777
1.35601934023
1.35879437209
1.36038740021
1.36197349592
1.36454189507
1.36803361557
1.3708320051
1.37122940024
1.36844145774
1.36377211492
1.35966172533
1.35826253046
1.36018515435
1.36405297031
1.36765456463
1.36948781156
1.36983854346
1.37027082903
1.3723153665
1.37570739887
1.37859966121
1.37859789114
1.37467283353
1.36853657659
1.36389219613
1.36379772513
1.36904848706
1.37684566223
1.38279633461
1.38323087179
1.37810650888
1.3710819382
1.36733190957
1.37023379305
1.37919550013
1.3898474897
1.39627048269
1.39458841744
1.385332164
1.37315270936
1.36347607053
1.36015339402
1.36351945129
1.37108416599
1.37887562681
1.38428391256
1.38688570235
1.38805452464
1.38919499601
1.39058660668
1.39157974457
1.39125106383
1.3897697181
1.38853692338
1.38918231612
1.39244073066
1.39743548335
1.40195225669
1.4037851859
1.40235823639
1.3991234935
1.39665634675
1.39666195365
1.39906275843
1.40214501788
1.40338869623
1.4015812185
1.39752702945
1.39342031301
1.39130690507
1.39191687946
1.39416444066
1.39621036576
1.39693674734
1.39668052205
1.39719409893
1.40001733303
1.405210386
1.41082514792
1.4138739161
1.41229279742
1.40658021836
1.39977247535
1.39564089863
1.39630420163
1.40143749264
1.40812143536
1.41282648975
1.41325506873
1.41009133104
1.40592961209
1.40336970282
1.40328917314
1.40427041871
1.40369722708
1.39959719294
1.39215810077
1.38422150578
1.37903711451
1.37853702109
1.38235009827
1.38783022248
1.39172885368
1.39181189854
1.38828410222
1.38322675193
1.37921912671
1.37767733666
1.37872195785
1.38092307692
1.38288535381
1.3838633323
1.38432758976
1.38502305733
1.38620880451
1.38746349604
1.38752745146
1.38578733173
1.38248704663
1.37911091338
1.37743916924
1.37818500894
1.38103088621
1.38430057028
1.38609072715
1.38538535232
1.38264274062
1.37948370879
1.37748196386
1.37753871541
1.37928309521
1.38140471173
1.38264558186
1.3822686512
1.3805745554
1.37823631886
1.37574457946
1.37305162093
1.36995926079
1.36647969223
1.36332119446
1.36157507572
1.36199651239
1.36459251258
1.36819691679
1.37101729631
1.3714701352
1.36908229113
1.3648833628
1.36090161368
1.3587095673
1.35860416013
1.35947055615
1.35948033911
1.35700760334
1.35196511662
1.34567973703
1.34024383061
1.3369269044
1.3360322677
1.33652336674
1.33702145818
1.33695485376
1.33654823899
1.33689806515
1.33888198758
1.34236152425
1.34595775674
1.34787346559
1.3467961165
1.34288688637
1.33818548912
1.33524187514
1.3357832775
1.33970808627
1.34553775744
1.35082773316
1.35381640612
1.35424077277
1.35349771571
1.35333461959
1.35504396483
1.35828126992
1.36159989818
1.36313451777
1.36192818185
1.35864781347
1.35509838998
1.3532713131
1.35389315748
1.35629174941
1.358726924
1.3595361593
1.35800644418
1.35504428918
1.35213383802
1.35047651756
1.35004552697
1.34975299529
1.34799511904
1.34401224768
1.33839540737
1.33292940679
1.32957580187
1.32918049384
1.3310087806
1.33311551793
1.33343817012
1.33094950887
1.32646305305
1.3220700591
1.31977786776
1.32038665347
1.32314795753
1.32607402118
1.32734104915
1.32625874232
1.32375106357
1.32191467982
1.32235897749
1.32543924315
1.32976087226
1.33315618357
1.33364824437
1.33090024331
1.32647068111
1.3228527366
1.3222002697
1.32489596696
1.32954119265
1.33362464496
1.33487807912
1.33250965251
1.32769588354
1.32263820007
1.31945899039
1.31880876813
1.31997290611
1.3212541312
1.32114776453
1.31918623028
1.31628938687
1.31388568048
1.31297731278
1.31338959918
1.31388564761
1.31283770678
1.30935033394
1.30390622855
1.29820058433
1.29408562641
1.29249700534
1.29307612438
1.29401098901
1.29328290218
1.28964199684
1.28340630716
1.27630666852
1.27056860837
1.2673663588
1.2669626948
1.26813337917
1.26928320715
1.26907748212
1.26733959034
1.26489869775
1.26300259307
1.2624872579
1.26332316797
1.26471482427
1.26566079228
1.26564171532
1.26503564682
1.2648591336
1.26597218041
1.26862004913
1.27203511286
1.27471349903
1.27522962963
1.27286894646
1.2683033247
1.26298859818
1.25859428182
1.25600651173
1.25515205525
1.25502519519
1.2544207569
1.2526015993
1.24961236093
1.24617712217
1.24320403997
1.24135438972
1.24046097489
1.2400770816
1.23968671209
1.23908540686
1.23859279659
1.23848032564
1.23896586592
1.239467299
1.23903783513
1.23657303371
1.23174181139
1.2252188246
1.21862255811
1.21373149712
1.21166306695
1.21242199971
1.21486490442
1.21713881437
1.217822075
1.21620743628
1.21313160987
1.210001167
1.20801925084
1.2077535939
1.20852043754
1.2090854306
1.20816804133
1.20524276786
1.20101667458
1.1969354572
1.19441645104
1.19411129119
1.19564925112
1.19785909749
1.19930406852
1.19923228661
1.19793350113
1.19668377418
1.19697684166
1.19978534593
1.20499684741
1.21157457614
1.21786294944
1.2222639485
1.22422201266
1.22401860063
1.22277442833
1.22137717834
1.22017308596
1.21879111957
1.21658594613
1.21309275702
1.20875690845
1.20454220417
1.20175138342
1.20098527779
1.20214373272
1.20423401516
1.20593979779
1.20606932259
1.2041623667
1.200733142
1.19692419948
1.19382442537
1.19179169861
1.19065725149
1.1894842074
1.18751850157
1.18445015802
1.18068635275
1.17714104797
1.17472323275
1.17361779628
1.17335790102
1.17299501351
1.17148884086
1.16837760886
1.16400094238
1.15937925973
1.15568453397
1.15358451763
1.15283309437
1.15269509252
1.15209960938
1.15029757823
1.1474144371
1.1443003451
1.14209512107
1.14162537443
1.14284511548
1.14487125369
1.1463022508
1.14590034422
1.14307415326
1.13845809931
1.1333370233
1.12932898951
1.1274727657
1.12783449758
1.12978280591
1.1321064913
1.13364237364
1.13396053835
1.13310704014
1.13180626253
1.13086716433
1.13063993675
1.13117181516
1.13220981457
1.1333504757
1.13448088983
1.13576347538
1.13740418345
1.13949052907
1.14185611549
1.14373202684
1.14451988361
1.14368176001
1.14137231242
1.13843657168
1.13596503285
1.13482005706
1.13503299833
1.13592046886
1.13648834019
1.13575767571
1.13336081341
1.12994226612
1.12686101695
1.12553567602
1.1265127094
1.12925116801
1.13212328059
1.13317234824
1.1309362453
1.125
1.11651838897
1.10779741347
1.10130964925
1.09837829721
1.09881492246
1.10105003399
1.10274111675
1.10195144438
1.0978519054
1.09131293189
1.08453350031
1.07980311044
1.07854270168
1.08060979154
1.08452950558
1.08802374395
1.08898555394
1.08648183505
1.0809548103
1.07407704655
1.06779570751
1.06369950164
1.06222773715
1.0627349933
1.06400732409
1.06480014544
1.06460580165
1.06371861858
1.06316480962
1.06395378046
1.06654130626
1.07063374444
1.07530272452
1.07922222786
1.08143057146
1.08180355912
1.08102017822
1.08023770323
1.0804168611
1.08194830389
1.08441161623
1.08684061717
1.08820487699
1.0878004709
1.08571741752
1.08281403739
1.08004574042
1.07808003475
1.07704202045
1.0764301811
1.07554347826
1.07369620665
1.07090226984
1.06756323191
1.06473090438
1.06308258701
1.06283792524
1.06351493939
1.06418528134
1.06377117553
1.0616885631
1.05814946067
1.05414648048
1.05097459057
1.04980723143
1.05092701859
1.05392091952
1.05759386809
1.06055429005
1.06181220914
1.06114246387
1.05921125207
1.05721057128
1.05622368385
1.0568041152
1.05873282485
1.061343263
1.06362657686
1.06496046723
1.06529896738
1.06530235588
1.06600075184
1.06830448539
1.07237536967
1.07785266705
1.08357265182
1.08841793727
1.09144660091
1.09258619315
1.09258420983
1.09276205213
1.09423705211
1.09759188847
1.1025123985
1.10796709364
1.11263467189
1.11538461538
1.11581864412
1.11441529364
1.11242059272
1.11102493393
1.11097088771
1.11217682595
1.1138629417
1.11498505763
1.11450316885
1.112136685
1.10825744114
1.10382333553
1.09982315331
1.09693546644
1.09522270695
1.09421674426
1.09330207997
1.09185629066
1.08974116247
1.08730782788
1.08506410431
1.08341094615
1.08238188704
1.08150882197
1.08003169572
1.07717823339
1.07262521589
1.06678585847
1.06070802059
1.05556032141
1.05230113636
1.05104663974
1.05123948338
1.05177639333
1.05144424541
1.04925023691
1.0450166113
1.0395105087
1.03401989022
1.02988815524
1.02790073776
1.02806772748
1.0297155184
1.03172920065
1.03299750185
1.03282912234
1.03126482986
1.02912675898
1.02757295816
1.02750049768
1.02938983828
1.03296862336
1.03740393326
1.04164089878
1.04468563317
1.04591685885
1.04554152315
1.0441391406
1.04254887174
1.041276608
1.04064085294
1.04039538338
1.04015961237
1.03949164108
1.03834273245
1.03690005647
1.035659002
1.03509067904
1.03537403461
1.03639200113
1.03768398144
1.03862524249
1.03881051338
1.03797094603
1.03650242062
1.03485773872
1.0337360179
1.03344770998
1.03398681109
1.03499716562
1.03585692996
1.03590429484
1.03482528233
1.03255513843
1.02957582801
1.02636654097
1.02340468094
1.0209252669
1.01879324582
1.01671619614
1.01451024337
1.01202416394
1.0093838064
1.00702931311
1.00532615376
1.00440567451
1.0041317436
1.00412781374
1.00367800969
1.00231711354
0.999758278946
0.996220824767
0.992285903694
0.988743189031
0.986073167835
0.984445426425
0.983575360112
0.982789300195
0.981411339666
0.979040345149
0.975572028952
0.971456117798
0.967456140351
0.964343218478
0.962461845504
0.961751695665
0.961595580373
0.961246815525
0.959937061244
0.957340331391
0.95356474235
0.949214063798
0.945149494515
0.942032092112
0.940073764745
0.939011439148
0.938125321162
0.936710768211
0.934134976702
0.930321110545
0.925552898984
0.920751682649
0.916639453763
0.913794636242
0.912295786758
0.911681589672
0.911285979295
0.910576459238
0.909278852
0.907530572838
0.906045448932
0.905581800099
0.906725868484
0.909568444892
0.91371891413
0.918161577608
0.921785212617
0.923657047902
0.923312296806
0.921059300558
0.917823274509
0.914800298619
0.912940159862
0.912652083077
0.913581764001
0.915008483727
0.91594680256
0.915640374792
0.913915653135
0.911221342491
0.90863187498
0.907232048278
0.907774193548
0.910345051449
0.914276369583
0.918479694093
0.92167075841
0.922710939579
0.921248339973
0.91783124588
0.913684073277
0.910074374577
0.907944193158
0.907572065943
0.908298047147
0.909157230311
0.908870143149
0.906468559642
0.901724529895
0.895429317662
0.889019838931
0.884204314471
0.882094062007
0.882992748846
0.886383980373
0.891011723838
0.895473666498
0.898396264718
0.899000508216
0.897288719317
0.89431003284
0.891359171755
0.889641342582
0.889709004213
0.891492065561
0.894095748155
0.896427164061
0.89725189325
0.895886033817
0.892273228794
0.887269193392
0.882102368015
0.87783671277
0.875092511606
0.873970012157
0.873799260039
0.873771834061
0.872984906048
0.870884949695
0.867482195795
0.863286004057
0.859170488401
0.855925459248
0.853845647307
0.852712415083
0.851967417723
0.850722152608
0.848237673663
0.844228140938
0.838927746729
0.833227115688
0.828222095328
0.824792220465
0.823291139241
0.823613231552
0.824949629478
0.826348540585
0.826733015412
0.825347919407
0.822011948752
0.817217952237
0.811949535825
0.807197250489
0.80381462272
0.801974913264
0.801423416199
0.801626508049
0.801789284625
0.801299367413
0.799793246037
0.79755387707
0.795085670594
0.792996623621
0.791880118488
0.791886324756
0.792766612982
0.794033941183
0.795078788733
0.79531647358
0.794386584289
0.792482049838
0.790054281212
0.787851346174
0.786388233662
0.785966735967
0.786560578159
0.787774941427
0.789061397318
0.789850682442
0.789795404696
0.788923076923
0.787578136357
0.786234257844
0.785454280722
0.785516739447
0.78632509734
0.787622861303
0.788835481757
0.789454532222
0.789097375966
0.787755102041
0.78568096178
0.783529411765
0.781771092032
0.780927743719
0.781002169352
0.781989671496
0.783456135893
0.785004782577
0.786182495345
0.786723269968
0.786646056402
0.786171333936
0.78557526761
0.785236644624
0.785311151278
0.785677580385
0.786219275431
0.786628056156
0.786648541406
0.786158889175
0.785261138979
0.784133657889
0.783111667833
0.782322191135
0.781942141146
0.781715934737
0.781424633038
0.78077299045
0.779418463407
0.777305941314
0.774649510275
0.771869244936
0.769418493804
0.767746563963
0.76695041816
0.766797250351
0.766935779817
0.766804493395
0.765927825609
0.764112754839
0.761365319117
0.758182833737
0.755198982645
0.753234577161
0.752816161009
0.754171050654
0.757044505474
0.760849074388
0.764959527952
0.768620454028
0.771228390831
0.77241878908
0.77219239118
0.771043643264
0.769573592174
0.768348623853
0.767894657863
0.768190526276
0.769015786691
0.770092603178
0.770902365724
0.771169276311
0.770907805319
0.7703507872
0.769983429338
0.770376483534
0.771910638963
0.774711840727
0.778477345591
0.782798103242
0.786971287434
0.790405018199
0.792510790528
0.793092682927
0.792367247986
0.790879580742
0.789479854625
0.788774752959
0.789199968718
0.790770679642
0.793375705657
0.79649150722
0.799791533034
0.802815197225
0.805321902297
0.807324262123
0.809122299847
0.811096064999
0.813482347366
0.816409008868
0.819754245911
0.823054303078
0.825929140693
0.827766054863
0.828226779252
0.827116445021
0.824715804914
0.821644103735
0.818591984392
0.816326530612
0.815229608221
0.815410398627
0.816635536303
0.818528069827
0.820382570045
0.821624413892
0.821903094916
0.821053469128
0.819305356859
0.817161218661
0.815246245889
0.813919384884
0.813471090801
0.813767768727
0.814602001045
0.815469211175
0.815863217317
0.815442790925
0.814043053472
0.811732495873
0.808982489729
0.806311465698
0.804239645782
0.803144997659
0.80311548372
0.804089321455
0.805732610159
0.8076
0.809223810678
0.810164667615
0.810349045833
0.809791463017
0.808859321759
0.808021304067
0.807613540537
0.807904853436
0.809010812976
0.810738093326
0.812933677586
0.815148197705
0.816993730152
0.818092789815
0.818400751051
0.818011257036
0.817281434685
0.816368974798
0.815739983647
0.815441478439
0.81563945803
0.816432549248
0.817604810423
0.819056785371
0.820598562113
0.822018730489
0.823225219262
0.82421875
0.825047096404
0.825725631473
0.826242446664
0.826584324616
0.826586204006
0.826230759445
0.825381188967
0.824054123933
0.822412975025
0.820724320144
0.819301760518
0.818293146404
0.817911572601
0.818178033142
0.818884869652
0.819944944945
0.821049094956
0.822038567493
0.822759358289
0.82315154128
0.823412182653
0.823894458187
0.824807075349
0.826515610136
0.829101099375
0.832465912512
0.836455826745
0.840763509737
0.844958236459
0.848615543863
0.851578356436
0.853792328956
0.85545340757
0.856896477385
0.858663793103
0.86107034959
0.864307678981
0.868423344948
0.873289473684
0.878694173256
0.88424280128
0.889750791316
0.894901051881
0.899520468875
0.903824943751
0.90794832494
0.91205013273
0.916417263067
0.921029782061
0.92570929725
0.930349354597
0.934497816594
0.937677436799
0.939673591853
0.940368019725
0.939968980932
0.93887730117
0.937747035573
0.937077852826
0.937241440014
0.938349875388
0.940196292257
0.942312734901
0.944161321501
0.94506126421
0.944404878483
0.941962291127
0.937985881512
0.933030748009
0.927785875182
0.923161072944
0.919805799991
0.918021505376
0.917832841186
0.91903439436
0.92113483675
0.923453608247
0.925211462109
0.926027041082
0.925533301473
0.92384595323
0.921303932633
0.918600623485
0.916317630295
0.914939457922
0.914758050629
0.915711947627
0.917568908252
0.919908367911
0.922147651007
0.923773617611
0.924413064195
0.924008477142
0.922651933702
0.920799758693
0.918816486498
0.917173285043
0.916205465237
0.916084219666
0.91684472158
0.91836288028
0.920366795367
0.922631324878
0.925014235031
0.927330656425
0.92970482111
0.93221220527
0.935158314203
0.938471558836
0.942265700061
0.946406552757
0.950646925437
0.954729002154
0.958399205023
0.961447857208
0.96381400398
0.965725080964
0.967526095102
0.969674196543
0.972406229436
0.975849419163
0.98000349284
0.984438697234
0.988695575378
0.992113705222
0.994158616041
0.994486623283
0.992985790569
0.990080259717
0.986492530638
0.983098093005
0.980664071044
0.979721825036
0.980443678656
0.982659208262
0.985876560273
0.989251055311
0.991828845056
0.992775463168
0.991350869371
0.987503347318
0.981474077036
0.974303691644
0.966993833058
0.960691958551
0.956071368172
0.95361796623
0.953263228176
0.954701211868
0.957196316697
0.959977930566
0.962094249818
0.962884457326
0.961906418508
0.959234283228
0.955466990123
0.951482595617
0.94821937625
0.946403741626
0.946470391435
0.948469068944
0.952236068853
0.957246346468
0.962859795729
0.968220158473
0.972704607978
0.975847292559
0.977538341226
0.978053974186
0.977897200312
0.977740390837
0.978153568823
0.979398187724
0.981573896353
0.984635738978
0.988140600248
0.99160929432
0.994590383866
0.996564022269
0.997556719023
0.997511786276
0.996994249869
0.996486205102
0.996461399042
0.997423897643
0.999358453445
1.00222013492
1.00563982055
1.0090854547
1.01196882938
1.01354216242
1.01337792642
1.01139973024
1.00769264201
1.00285677185
0.997591708597
0.992703533026
0.988697934304
0.985834384195
0.984188731334
0.983474523223
0.983259580863
0.983090574251
0.982269652536
0.980514550822
0.977587956698
0.973723183684
0.969333445974
0.965160313052
0.961747719093
0.959725400458
0.959359351074
0.9605854463
0.963118465465
0.966423598237
0.969833464193
0.972686895521
0.974433832423
0.974877527949
0.974152400134
0.972731467886
0.971292266488
0.970662999542
0.971228390199
0.973514851485
0.977353062063
0.98260013132
0.988661572591
0.994805194805
1.00029020356
1.00421395194
1.00608553322
1.0058166491
1.0036316034
1.00016875501
0.996300033636
0.992888814524
0.990641377589
0.989984272825
0.991005116356
0.993400701176
0.996732837055
1.00008314625
1.00259490227
1.00337026583
1.00182010582
0.997838066978
0.991838633288
0.984704597025
0.977478040048
0.971295609917
0.966909817026
0.964607490606
0.964549839228
0.966314690649
0.96939186468
0.97292257803
0.976089266738
0.978036015989
0.978233830846
0.976560551908
0.973249834107
0.968927717794
0.964447528471
0.960634689922
0.958001998002
0.956938937351
0.957421597283
0.959291755592
0.962112787927
0.965179107464
0.967975123173
0.969798111364
0.970306748466
0.969276714122
0.966897394137
0.963566673391
0.959851686468
0.956258120398
0.953118915972
0.95069742282
0.949008280377
0.947892158753
0.947101027729
0.946325254105
0.945237344267
0.943632899333
0.941338112306
0.9384719405
0.935199462302
0.931973055534
0.928986292883
0.926591100559
0.924781783681
0.923715698486
0.923137816647
0.922937374806
0.922819684591
0.92252658964
0.921889436403
0.920689521895
0.918864568025
0.916544599491
0.913909313725
0.911310224382
0.909145630337
0.907662449147
0.907045808894
0.907423871972
0.908635655464
0.910557293995
0.91289681796
0.915258074253
0.917330904122
0.918690199367
0.918913757543
0.917885092575
0.915587876942
0.912186244028
0.908192143693
0.904003605498
0.900044890019
0.89672534686
0.894286246045
0.892676579926
0.89195111986
0.891837719461
0.891876854599
0.891705581499
0.890888222444
0.889143617808
0.886387125351
0.88278833407
0.878804567317
0.874890254609
0.871584699454
0.869391752203
0.86857122219
0.869205298013
0.871120689655
0.873886494253
0.87701170117
0.879914638116
0.882070321031
0.883118311098
0.88289318383
0.88145074649
0.879192638765
0.876634198733
0.874433346847
0.87297811608
0.87265795207
0.873435978798
0.875067293543
0.877181665054
0.879251517437
0.8807495126
0.881272727273
0.880353152361
0.878058667453
0.87449183236
0.870043564941
0.865282880235
0.860777024564
0.856998447597
0.854235226785
0.852572524234
0.851971009369
0.852262691207
0.853110945855
0.854403131115
0.855849407723
0.857302198395
0.858468761286
0.859328101833
0.859650390061
0.859348569372
0.858396304122
0.856888445648
0.85495588079
0.852846705023
0.850790409464
0.848959065973
0.847498153944
0.846603103121
0.846300144402
0.846571670429
0.847156942432
0.847764472472
0.847933473116
0.847327699932
0.845699982121
0.843048042131
0.839531384351
0.835674709562
0.832070302772
0.829245883101
0.827724021876
0.827726561141
0.829310464071
0.832126603227
0.835737456001
0.839563106796
0.842938524447
0.845288078185
0.846126459698
0.845398509174
0.843183042932
0.839964157706
0.836287911149
0.832775330396
0.829894751516
0.828020423653
0.827139774634
0.8271482708
0.827870253273
0.829005221215
0.830184108527
0.831152517534
0.831827609238
0.831937524294
0.831497290213
0.830471267217
0.828848870056
0.826710739152
0.824064676443
0.821174749164
0.818068276436
0.815014516798
0.812205117609
0.809922459343
0.808332478895
0.807641229952
0.807864710676
0.808792103389
0.810167419432
0.811565066276
0.812570645659
0.812816537468
0.812140729967
0.810529240172
0.808163548645
0.805495075168
0.802874391164
0.800842706174
0.799622946405
0.799378279908
0.800026649788
0.801254043958
0.802891550099
0.804400812458
0.805481420653
0.805784981166
0.805171753733
0.803678626274
0.801497996865
0.798884809864
0.796242873824
0.793840394759
0.791932489451
0.790685188913
0.790100334448
0.790228252515
0.79086104235
0.791863543447
0.793064088361
0.794270920889
0.795286988722
0.795893597653
0.795965943645
0.795276657744
0.793839668185
0.791726348817
0.789072644024
0.786207132122
0.783399155658
0.780973002233
0.779104477612
0.777888512391
0.777309402272
0.77727585191
0.777578153072
0.778076091939
0.778524595565
0.778771358287
0.778706407545
0.778330625508
0.777539561001
0.776482617587
0.775102859669
0.773489819387
0.771698239957
0.769902945002
0.768141886292
0.766577548932
0.765333333333
0.764500854926
0.764265053905
0.76464208243
0.765730817279
0.767423494571
0.7694641385
0.771466401854
0.773099454134
0.773898475457
0.773644090664
0.772232581794
0.76980055044
0.766728845176
0.763484358145
0.760577019401
0.758386159535
0.757142390701
0.756884444876
0.757434346035
0.758500996336
0.759720387849
0.760785836813
0.761374731498
0.761362893205
0.760615102134
0.75935706085
0.757656152763
0.7556927701
0.753633105246
0.751568952623
0.749699548511
0.748060127918
0.746746714263
0.745811051693
0.745224782651
0.744980048912
0.745022725818
0.745294735836
0.745620715918
0.74592555013
0.745987860298
0.745648494139
0.744864169748
0.743552405915
0.741838990766
0.739821509999
0.737644687216
0.73546445789
0.733459721731
0.731606977708
0.729959142305
0.728552975647
0.727358342489
0.726466810763
0.725887689661
0.72575
0.726058184542
0.726765219561
0.727686646292
0.728567413098
0.729067435447
0.728890428648
0.72793232368
0.726160512314
0.723764149133
0.721218131218
0.718940287563
0.717298375606
0.71654062196
0.716674956478
0.717426835662
0.718479661329
0.719346049046
0.719775673439
0.719471338558
0.718507094386
0.717016735237
0.715308114137
0.713688059748
0.71230330814
0.711162718687
0.710033144379
0.708752015879
0.70704811605
0.704956775919
0.702436447262
0.699845105328
0.697450267907
0.695589762385
0.694519262779
0.69427936851
0.694664916154
0.695430867689
0.696182159568
0.69657608045
0.696420507571
0.695596874811
0.694219653179
0.692460196425
0.69059390832
0.688735057331
0.68694990102
0.685231939163
0.683533916849
0.681727090545
0.679852080871
0.677975830816
0.676232833489
0.674782193579
0.673840324443
0.673456790123
0.673532681842
0.673973403478
0.674492218412
0.674913015274
0.67505646024
0.674870505105
0.674374491916
0.673659110803
0.672909880565
0.672218881539
0.671636875356
0.671120522533
0.670602932865
0.670132493613
0.669725588026
0.669497312866
0.66960313223
0.670286745776
0.671592048605
0.673486184597
0.675711352303
0.677926804214
0.67980440674
0.680978502595
0.681279904306
0.680725254171
0.679544072948
0.678121945259
0.676799216335
0.675806352898
0.675169548482
0.674806414243
0.674386755128
0.673698929961
0.67261850536
0.671143177615
0.669578358773
0.668291802095
0.667774683317
0.668236977847
0.669720677038
0.671896397737
0.674300406601
0.676270472062
0.677310669297
0.677146090094
0.675693121043
0.673275862069
0.670416820361
0.667656785889
0.665305002591
0.663568999028
0.662283757991
0.66135036165
0.660406459808
0.659339332085
0.658200421306
0.657069316413
0.656310390962
0.656215832865
0.656872847175
0.658216294203
0.659982846834
0.661817314572
0.663345174303
0.664215611802
0.664331385566
0.663771140919
0.662717171097
0.661407915697
0.660055012225
0.658608796508
0.657130644521
0.655526677878
0.653766074709
0.651862508035
0.649989322432
0.648378296453
0.647299287625
0.646853667988
0.647048364154
0.647749800278
0.648695187483
0.649642461778
0.650433783743
0.650965298143
0.651375581503
0.651841298355
0.652543688115
0.653483173972
0.654552790019
0.655520367611
0.656010945954
0.655842941726
0.654901226477
0.653285923708
0.651425196606
0.649777558082
0.648739804992
0.648602569567
0.649284935159
0.650508351489
0.651787609546
0.652693151353
0.652819900132
0.652066853397
0.650623610768
0.648829948376
0.647086117298
0.645686851479
0.644712315149
0.643992133113
0.643159910829
0.641926220455
0.640102502452
0.637682075263
0.6350234181
0.632488227773
0.630610856931
0.629668272624
0.629784634184
0.63076641445
0.632427973481
0.634253162231
0.63600932916
0.637343404569
0.638296566747
0.63888548308
0.639402582268
0.639888003446
0.640408732002
0.641000812145
0.641413663735
0.641536408692
0.641248165401
0.640477406178
0.639301504501
0.637899933542
0.636455249732
0.635173734267
0.634166222529
0.633487000972
0.633169140024
0.633208990314
0.63355104847
0.634099319009
0.634814608653
0.635621669901
0.636422374008
0.637137832084
0.637656410097
0.637926176388
0.637968049504
0.637791270623
0.637475647536
0.637146883608
0.636795480806
0.636407517055
0.635887995349
0.635160557898
0.63420589959
0.63301705305
0.631743346131
0.630554297911
0.629743589744
0.629395709026
0.629508403097
0.630036630037
0.630771154387
0.631409253115
0.631763967357
0.631719669089
0.631325528701
0.630779869865
0.630382925298
0.630328331973
0.630809925683
0.63170577045
0.632868028431
0.634045307443
0.634807604364
0.634864314344
0.634099805915
0.632566685259
0.630578863169
0.628524100299
0.626763297528
0.625565026476
0.625145180023
0.625411051647
0.626146272403
0.627091480223
0.627969263144
0.628527938099
0.628845789374
0.629014955512
0.629276003794
0.629728442115
0.63054313099
0.631595860917
0.632690630753
0.633586300837
0.633950959002
0.633683452767
0.632810956739
0.631519612719
0.630053750876
0.628674003489
0.627545876185
0.626701992085
0.625883922615
0.624925481884
0.623680315738
0.622019428908
0.62023336158
0.618483951741
0.617191809715
0.616541596584
0.616704768651
0.617476536724
0.618604057675
0.619771257447
0.620727110089
0.621385144916
0.621824442856
0.622184277927
0.622621494398
0.623230974633
0.623969434949
0.624638849694
0.625037880063
0.625054900503
0.624732679317
0.624180999181
0.623646333105
0.623395345644
0.623471380125
0.623781942078
0.624069814639
0.624185640406
0.623952175801
0.623385271008
0.622688572569
0.622053004356
0.621734795613
0.621847624104
0.622231051952
0.622693909939
0.623047908947
0.623164817644
0.623101625744
0.623164433042
0.623607183017
0.624583576605
0.62597133483
0.627365356623
0.628244778816
0.628228814446
0.627113896572
0.625176006759
0.622789019386
0.620579576491
0.619052680058
0.618384891833
0.618245957179
0.618148493965
0.617604716528
0.616356700048
0.6146247072
0.612875885683
0.61173960168
0.611751580513
0.613082600344
0.615196078431
0.617448091092
0.619053999732
0.619568142069
0.619015349168
0.617844196703
0.616743736628
0.616384553891
0.617042081369
0.618428886632
0.619808306709
0.620407875735
0.619670971166
0.6176
0.614613078241
0.611462464716
0.608979155532
0.607584180151
0.607078900242
0.606986139166
0.60660899654
0.605438191405
0.6034038164
0.600816550588
0.598420620812
0.596866290531
0.596558704453
0.597380410023
0.598766461077
0.600019984013
0.600681567605
0.60055800195
0.599864567462
0.599045834043
0.598630371512
0.598831815839
0.599496655864
0.60021477068
0.600418555982
0.599711541844
0.598098009297
0.59575532371
0.59312248996
0.590671160189
0.588653749911
0.587041651833
0.585644371941
0.584255755561
0.582674664785
0.580969807868
0.579290293201
0.577845040532
0.576755898993
0.576011491501
0.575470416412
0.575028753129
0.574662927044
0.574400432974
0.574507013621
0.575028831151
0.576125682875
0.577534116369
0.579067315215
0.580294590069
0.581126226967
0.581501321831
0.581587457818
0.581565316114
0.581600571633
0.581654999102
0.581507639089
0.580942734146
0.579825517993
0.578189526002
0.57634274386
0.574581570719
0.573164910219
0.572200715799
0.571459631831
0.570627560923
0.569383456499
0.56759637591
0.565509915014
0.563397677948
0.561712138769
0.560630360505
0.560192227908
0.560118006243
0.560075072513
0.559848717162
0.559394953392
0.558954660813
0.558791095182
0.559144991699
0.559954241342
0.560841783581
0.5613680691
0.56129845572
0.560458958517
0.55911294923
0.557595392369
0.556284906071
0.555195396438
0.554181712076
0.552799562283
0.550735213632
0.547902660041
0.544702047394
0.541617733412
0.539141923882
0.537428655056
0.536307770627
0.535226001948
0.533638705983
0.531283327408
0.528285865912
0.525260003525
0.52285423181
0.521565746668
0.521345812602
0.521713554102
0.52196685159
0.521567143643
0.520385674931
0.518844785297
0.51765399556
0.517455013748
0.518372474439
0.519969224313
0.521432580328
0.521907716169
0.521033760517
0.519047619048
0.516645002889
0.514870564282
0.51419281774
0.514639598373
0.515430964803
0.515665315149
0.514753248676
0.51255440241
0.509669230195
0.507118036095
0.505664033388
0.505501833945
0.5061433196
0.50659601681
0.505963636364
0.504023488473
0.501084520281
0.498091190665
0.496061864528
0.495702209278
0.496742384223
0.498321560948
0.499460325198
0.499374000139
0.49805027505
0.496041019917
0.494307069014
0.49357092942
0.49410942143
0.495428271151
0.496673589355
0.497197786606
0.496670247046
0.495374385661
0.493991697619
0.493244480246
0.493436776115
0.494257542745
0.495115700331
0.495304022451
0.494588377267
0.49305450129
0.491165943188
0.489476688868
0.48824064942
0.487346075395
0.486466137108
0.485304066752
0.483730367476
0.481991963045
0.480497583274
0.479533253803
0.479073381934
0.478769863114
0.478186453023
0.477055587724
0.475458244805
0.473904939422
0.472920454951
0.472772364925
0.473321131916
0.473975287899
0.474194786614
0.473520792632
0.472196008528
0.470740766697
0.469894322929
0.470077661032
0.47111361159
0.47231224461
0.472868765476
0.472293447293
0.470769893709
0.4689378032
0.467679638537
0.467462118439
0.46819216925
0.469052010328
0.46927789122
0.46827240036
0.466189881561
0.463830112291
0.462076653981
0.461579982265
0.462131729138
0.462967244701
0.462961535497
0.46159190921
0.458920006189
0.455759405481
0.453271569195
0.452268630384
0.452703986623
0.453737860423
0.454175380938
0.453346215302
0.451193299733
0.448459518438
0.446378521906
0.445863613007
0.447030497592
0.449122425297
0.450967648758
0.451574547813
0.450760031698
0.449061227432
0.447552447552
0.447119890419
0.448003462829
0.449660060755
0.451184937482
0.451786498755
0.451154725891
0.449805013928
0.448503619673
0.447993110678
0.448453414515
0.449296733212
0.449862637363
0.44956961439
0.448355340261
0.446601941748
0.445062808078
0.444213720949
0.444070377941
0.444131266358
0.44398054317
0.443186925434
0.441847065602
0.44034725093
0.43907180675
0.438059485995
0.437094255896
0.435767230435
0.433774834437
0.43137254902
0.429142530799
0.427793358534
0.427642473444
0.428382547378
0.429321036731
0.429559102402
0.428711936423
0.426991844417
0.425207918473
0.424164823653
0.424299568966
0.425180322864
0.425987715174
0.425839851869
0.42452972728
0.422445738486
0.420674259336
0.420210956108
0.421320754717
0.423387096774
0.42523100132
0.42581939293
0.4247774142
0.422642952763
0.420505143559
0.419540892837
0.419926085617
0.421109523993
0.421947809879
0.421530988012
0.419700807345
0.417109309477
0.414888058202
0.413905814939
0.414291497976
0.4151580489
0.415447054483
0.414399867511
0.411975747439
0.408964151818
0.406479837687
0.405301428934
0.405288055415
0.405653441501
0.405427276194
0.404028587229
0.401621783108
0.399047984973
0.397251531654
0.396726165299
0.397191507252
0.397940043544
0.398194810079
0.397612588171
0.396399134127
0.395164962537
0.394450145725
0.394435631483
0.394816519317
0.39516537395
0.395254713197
0.395121365056
0.395109389971
0.395410005157
0.395939885121
0.396330991413
0.396178789173
0.395354248265
0.394299471886
0.393736627115
0.394248355839
0.395727325694
0.397412557617
0.398352604509
0.39783988851
0.396044605043
0.39382344903
0.392449723627
0.392730844794
0.394405539382
0.396333530455
0.397195706421
0.396383233533
0.3943028788
0.392265710911
0.391726234492
0.393245087901
0.39604512718
0.398464700701
0.398945362135
0.396963467386
0.393208968144
0.389478507528
0.387465999825
0.387672258178
0.389181661435
0.390234027407
0.389400466703
0.386367753623
0.382084036681
0.378342111289
0.376582191467
0.376971695521
0.378326003299
0.379049586777
0.378026533997
0.375184672207
0.371597933389
0.368722729987
0.367532289717
0.367808374541
0.368587310195
0.368702634428
0.367579620704
0.365458872126
0.36328752454
0.36195531962
0.361761094545
0.362296938287
0.36285181491
0.362842687884
0.362189290484
0.361285212775
0.360596799525
0.360315523769
0.360249018133
0.360094092177
0.359706396074
0.359384346959
0.359576141397
0.360564827756
0.362086814754
0.36346752984
0.364029182958
0.36359642051
0.362652987034
0.362127401416
0.362731715197
0.364415030576
0.366240583427
0.367101420284
0.366357987573
0.364284276223
0.362115267947
0.361262210693
0.362351606499
0.3646339983
0.366572203555
0.366785888473
0.364909336499
0.361866644661
0.359477531356
0.359292773446
0.36139536828
0.364432514051
0.36642474366
0.3660749255
0.363383490972
0.359836101114
0.357402642711
0.357361117191
0.359345732753
0.361792975152
0.362969596561
0.361961993741
0.359239878821
0.356249131743
0.354546301038
0.354700135558
0.355994172658
0.357136764288
0.357031998467
0.355521650683
0.353271439042
0.351407793229
0.350598964752
0.350744275753
0.351105590062
0.351020510255
0.350241935484
0.349005580923
0.347782648588
0.346847676024
0.346154240591
0.34540871444
0.344582666598
0.343924895257
0.34382527785
0.344432995002
0.345278760835
0.345581395349
0.344725285948
0.342722764685
0.340399283338
0.339010792287
0.339336830846
0.341051459799
0.342816221921
0.343220677932
0.341606457721
0.338626993195
0.335926456779
0.335142156863
0.336639666295
0.339262743592
0.341088260497
0.340696022727
0.338016411998
0.334400075079
0.331925691405
0.331953917051
0.334154014499
0.336813087491
0.338123904937
0.337138126986
0.334365394039
0.331390511595
0.329805710276
0.330099448474
0.331481720708
0.33258701143
0.332545539866
0.331400740142
0.330079233931
0.329614801079
0.330293637163
0.331559870011
0.332450825795
0.332410625621
0.331647136491
0.33090744624
0.330860910878
0.331517922757
0.332224532225
0.332166150334
0.331065547041
0.329495319495
0.328427198638
0.328544911629
0.329583467353
0.330584689572
0.330596864547
0.3293881848
0.327689931304
0.326791746368
0.327500304791
0.329476628694
0.331375723479
0.331899133814
0.330598436044
0.328219266948
0.326256688828
0.32583691335
0.326934783491
0.328428815907
0.328969701939
0.327951976236
0.325974563984
0.324468129225
0.32457412857
0.326204294835
0.328229864028
0.329220860692
0.328457166912
0.32639928925
0.324353320329
0.323545141984
0.324129131045
0.325284260922
0.325861623298
0.325286806883
0.32390705002
0.322734065934
0.32260340418
0.323453345733
0.324498260637
0.324845811012
0.324227413198
0.323118820945
0.322394851758
0.322495849474
0.323040556199
0.323247008227
0.322584152799
0.321290939517
0.320325987366
0.32056228793
0.321932470565
0.323404567461
0.32368369158
0.322245467225
0.319818867925
0.31798225602
0.318011821054
0.319756309835
0.321647677476
0.321892412644
0.319728177843
0.316084920719
0.313186930905
0.312942442173
0.31537504732
0.31866331768
0.320436540912
0.319263264616
0.315674285714
0.311931261173
0.310526620706
0.312132844762
0.315303491915
0.317755900842
0.317866602456
0.315731640315
0.313007277661
0.311762513973
0.312804801801
0.315167581897
0.317145232461
0.31739666472
0.31580573081
0.313431053923
0.311612687813
0.31087716938
0.310858929057
0.3109030837
0.310705070089
0.310618345907
0.311018696239
0.311806003295
0.312212414991
0.311471084072
0.309563471406
0.307561949236
0.306924070837
0.30818668707
0.310287653274
0.311199562944
0.309475103076
0.305446781081
0.301532816959
0.300820546484
0.304326328801
0.310101345738
0.314602665767
0.314962937425
0.310657975865
0.304317897372
0.300458426966
0.301717317029
0.30661678536
0.31132161399
0.312365591398
0.308625413321
0.302433416363
0.298148505304
0.2987808418
0.303430130579
0.308615232443
