1.25025592029
1.23687981983
1.20817970777
1.17346523919
1.14925869291
1.14891410049
1.17240723121
1.20788665287
1.23896575471
1.25028241496
1.23427426926
1.19918422842
1.16588940706
1.15483679525
1.17249649041
1.20988800557
1.249379581
1.27352873826
1.27435129176
1.25593447008
1.2298287162
1.20761529624
1.19608698022
1.19551438323
1.20128445277
1.20769797034
1.21190685186
1.21418381903
1.21632425868
1.21995762284
1.22607691535
1.23407002732
1.24234132995
1.24861931518
1.25021320951
1.24569978381
1.2355773726
1.22399702823
1.21741126773
1.22042256707
1.23197645905
1.24548179494
1.25298517255
1.24953307562
1.23737199897
1.22560095133
1.22433428236
1.23696623635
1.25717806531
1.27220290448
1.27019215112
1.2480642039
1.21561146218
1.19147023181
1.1912654666
1.21780324737
1.25926911815
1.2954855325
1.30810018051
1.28973596132
1.24698065416
1.19680638723
1.15958097844
1.15100755217
1.17503734794
1.22146633768
1.27260059223
1.31274955253
1.33285602264
1.3299339319
1.30567921219
1.26694830014
1.22565636424
1.19580511539
1.18730675346
1.20223048327
1.2348184659
1.27488669602
1.31116374344
1.33515401715
1.34318317563
1.33561707826
1.3148039246
1.28382298482
1.24789825393
1.21612339395
1.1996712729
1.2062213372
1.23463486261
1.27519727403
1.31344444777
1.33551093797
1.33340310379
1.3099753658
1.27811866945
1.25414123801
1.24896756866
1.26348410159
1.28890298766
1.3118858954
1.32161409752
1.31454809914
1.29500155935
1.27166110891
1.25435028249
1.25093961059
1.26492495204
1.29354784367
1.32890847231
1.36068527708
1.37915975677
1.37712895377
1.351955462
1.3088907987
1.26222653005
1.23080961592
1.22852570293
1.25604771899
1.30040423058
1.34245586766
1.36614829214
1.36540807274
1.34534841904
1.31815541232
1.296160573
1.2861732741
1.28690737304
1.29137969967
1.29306986591
1.29077235085
1.28906074241
1.29450184398
1.31027561837
1.33303007904
1.35347242069
1.36123942046
1.35033093525
1.32229089649
1.28612481858
1.25600817638
1.24599213107
1.26231247605
1.29898948115
1.34104851377
1.37186783065
1.37925854714
1.35813106796
1.3132231405
1.2602845178
1.22179998146
1.21604364268
1.24611786717
1.29913076342
1.35369159624
1.38939452621
1.39440286365
1.36976903727
1.32883841194
1.28968371268
1.26647697194
1.26372119469
1.27540839449
1.2903313787
1.29989740082
1.30350181246
1.30711085269
1.31790102272
1.33781448714
1.36114014914
1.3765295747
1.37333567539
1.34861773786
1.30889924001
1.26792849632
1.24117543551
1.23958259639
1.26321949144
1.30024761231
1.33430487762
1.35343867465
1.35431791468
1.34070064134
1.32049955151
1.30323850297
1.29616868798
1.30107232177
1.31316943793
1.3250101365
1.3299882135
1.32509249916
1.312418169
1.29929565711
1.29512042023
1.30589348032
1.33045356371
1.36114399053
1.38684176973
1.39718184421
1.38623048421
1.35676388409
1.32039828773
1.29247509579
1.28478954566
1.30046010413
1.33275882922
1.36790630283
1.39125994894
1.39365693865
1.37462761408
1.34138557039
1.30539830756
1.2797317002
1.27539273119
1.29600906239
1.33495888039
1.37861602795
1.41272374872
1.42628744051
1.41298998569
1.37338241215
1.31764197175
1.26607774868
1.24092692848
1.25385317959
1.29916043178
1.35846944341
1.40950370199
1.43392877924
1.42407110593
1.38620368755
1.33732772378
1.29689043883
1.27814220452
1.28316379489
1.30261021231
1.32125486381
1.32692366482
1.3171224696
1.29943260236
1.28641404806
1.28865210773
1.30919193822
1.34095087163
1.37005136058
1.38317218416
1.37360308285
1.34352204506
1.30252155523
1.26634040596
1.25220960641
1.27040765474
1.31650949661
1.37401848723
1.42376473705
1.45075103017
1.44608384355
1.40839566067
1.34712503803
1.28324790936
1.24263524371
1.24241720316
1.28147659855
1.34329730973
1.4056634729
1.44864864865
1.46015390635
1.43918372627
1.39513882217
1.34347218694
1.29991157709
1.27603149606
1.27649813028
1.29770467196
1.33004742862
1.36287850926
1.3881176114
1.40107064449
1.39917917378
1.38155493733
1.35017317568
1.31145981931
1.27606040942
1.25495875022
1.25480559514
1.27509142625
1.30845930233
1.34347585322
1.36853617989
1.37605445343
1.36555217832
1.34244206157
1.31508466767
1.29131150857
1.27624807374
1.27091260317
1.27236633139
1.27538112228
1.27548608238
1.2708772138
1.26289999701
1.25558170408
1.25419079549
1.26280377277
1.28158666461
1.30615908387
1.3290388675
1.34265734266
1.34130058259
1.32267608322
1.28949733582
1.25022595223
1.21680199269
1.19924909373
1.20129007163
1.21961218116
1.24679445244
1.27487513144
1.29789473684
1.31362265635
1.32270981184
1.3264501535
1.32484567901
1.31584857235
1.29698621353
1.26829190261
1.23463580581
1.20595822323
1.19223481907
1.19830472037
1.22108408024
1.25124589765
1.27714389755
1.28879545042
1.28222295614
1.26135722976
1.23567307974
1.21513817276
1.20553348304
1.20686581754
1.21431449292
1.22133011022
1.223191233
1.21927147217
1.21252092021
1.20680287509
1.20448743405
1.20501769608
1.20576652198
1.20362827512
1.19710203609
1.18750361084
1.17780215973
1.17088149242
1.16815606565
1.16931576459
1.17278488581
1.17662846803
1.17951358391
1.18118139366
1.18186784836
1.18160499467
1.18022079117
1.1773789262
1.17375288756
1.17102122849
1.17150321037
1.17668344871
1.1857371946
1.19577185642
1.20271036874
1.20315015309
1.19632269459
1.1850886831
1.17502335721
1.17163396273
1.17736507159
1.19011707465
1.204486966
1.2141177889
1.21461720411
1.20578902103
1.19170650166
1.17826150051
1.17011467758
1.16858127513
1.17113496756
1.17323309134
1.17097466724
1.16319325817
1.15248006334
1.14313841307
1.13892945406
1.14102239121
1.14757628127
1.15469471524
1.15841130855
1.15674591808
1.15066884363
1.14281205165
1.1359464296
1.13141240631
1.1287263273
1.12612531778
1.12190045249
1.11569797377
1.10857108207
1.10252830303
1.09916524494
1.09895066274
1.10107107479
1.10370532094
1.10517257565
1.10429352069
1.10123203923
1.09682388096
1.09202547927
1.08759881574
1.0839680702
1.08175297836
1.08123791103
1.08263720471
1.0850887574
1.08706074958
1.08631322929
1.08104609011
1.07086365981
1.05769505267
1.04596558969
1.04092842455
1.04577553242
1.05943910744
1.07686799416
1.09099909248
1.09536267004
1.08639964667
1.06540376106
1.03855308314
1.01506591337
1.00288624317
1.00529793938
1.01963207415
1.03891359144
1.05524483506
1.06323520973
1.0617891797
1.05375350221
1.04367762719
1.03528930211
1.02975118798
1.02541034883
1.01924575814
1.00903686802
0.995241373118
0.981249441948
0.971807628524
0.971077432125
0.980907908736
0.999733704175
1.02296235002
1.04456259914
1.05934640523
1.06493283304
1.06158324619
1.05097698897
1.0348315546
1.01461459232
0.992014468559
0.969655784539
0.950871588687
0.938597447922
0.934096802074
0.936445686043
0.94322639583
0.951422473185
0.958402571576
0.962670180061
0.964485620537
0.96561913178
0.968055709075
0.972758764029
0.978872453251
0.984135049684
0.985777650594
0.981889307447
0.972645975802
0.960790639022
0.950337144532
0.944522513028
0.944208646782
0.947908722942
0.952570100332
0.954869708761
0.952777450865
0.946397778752
0.93761207844
0.928759291023
0.921385516597
0.915470001405
0.909923023093
0.90355996091
0.896362674978
0.889857478899
0.886802295253
0.889496747503
0.898303252999
0.911103340685
0.923795965511
0.931510899659
0.930247578041
0.918237131165
0.896805103222
0.869951534733
0.842939286775
0.820877688464
0.807755549466
0.805657136525
0.814293312432
0.831329721187
0.852985392143
0.875170687301
0.894220625552
0.907380400904
0.912506817464
0.908257938109
0.894518056638
0.873054755043
0.847462968799
0.822420353228
0.801860805037
0.788044235215
0.781153165117
0.780008261049
0.783153679476
0.789628820961
0.798991842597
0.81122901276
0.82571884984
0.840939135953
0.854308300395
0.862569861858
0.862685461903
0.852977881628
0.83438981516
0.810781254168
0.788042172695
0.772009089694
0.766133361967
0.770432854787
0.781835052672
0.79574456357
0.807653826913
0.814718542121
0.816443272952
0.814224695105
0.810300622658
0.806619519095
0.804219265325
0.803152754376
0.80293453079
0.802930946
0.802878633639
0.802794466955
0.802532134385
0.801564800174
0.798908491611
0.793351592288
0.784142853324
0.771933560477
0.758965937384
0.748801433012
0.744894481583
0.74920900557
0.761362744328
0.778726422529
0.797219432257
0.812623064233
0.821649401751
0.822864828514
0.81688694289
0.805627293734
0.791397260274
0.776400951485
0.762499301715
0.751358198452
0.744751787077
0.744086931979
0.750063200472
0.76217061188
0.778678737053
0.796870239579
0.813282375097
0.824077153309
0.826021975589
0.817526283921
0.799978211134
0.777383734988
0.755088519029
0.737901004643
0.728819752571
0.728525925539
0.735567726213
0.746816459693
0.758526171525
0.76761508699
0.772520926815
0.773223685934
0.77052062559
0.765363571485
0.758512772502
0.750888521121
0.743672190618
0.738683298683
0.737807929711
0.742179042332
0.751617720259
0.764566451684
0.778560810439
0.790698955837
0.797964474846
0.798203312298
0.790660048811
0.776588519736
0.758981513777
0.741292082748
0.726426961581
0.716081513677
0.710746160232
0.709955924293
0.712759890081
0.718096816804
0.725103412616
0.733118224058
0.74159886349
0.749915687343
0.757226945716
0.762567467457
0.765127985434
0.764616799178
0.761768707483
0.758057479413
0.755182652755
0.754315383152
0.755664703807
0.758453320318
0.761188365726
0.762325039933
0.760683068954
0.755983169405
0.748964308477
0.741095134197
0.733840304183
0.728504564144
0.725779459849
0.725866940663
0.728594880213
0.733585987914
0.740361276476
0.748361596328
0.757037225905
0.765712531655
0.773537748003
0.77967337796
0.783266953288
0.784003844203
0.782122453379
0.778630092429
0.77480635956
0.771647759732
0.769515615215
0.768083133319
0.766717699163
0.764966862026
0.762944718117
0.761653090691
0.762510464771
0.766742292807
0.774579577205
0.785077428437
0.796161704989
0.805149993563
0.80933532103
0.806801253403
0.797162065072
0.782021723537
0.764778104617
0.749469160122
0.739680665366
0.737581133149
0.743544171458
0.756051107055
0.772219251337
0.788562505048
0.801942271378
0.810455230306
0.813567032379
0.811710249794
0.80593220339
0.797215544343
0.786777513856
0.776157962724
0.767251800074
0.762191938179
0.762602760974
0.769049931006
0.780647443835
0.795378793574
0.810636120885
0.823632188498
0.831846878445
0.833463525261
0.828002536462
0.816607936265
0.801753393665
0.786789276001
0.775037232514
0.769066399346
0.770074839534
0.777837431547
0.79059483363
0.805640942674
0.820117040696
0.831730641166
0.839039197572
0.841524048778
0.839397089397
0.833247142783
0.824274895678
0.81430917676
0.805664810747
0.800655005204
0.80090303703
0.806738923177
0.817165019392
0.829951908626
0.842511955701
0.852120535714
0.856689446876
0.855254324813
0.848404462823
0.838284518828
0.828010924944
0.820671657528
0.81854017302
0.822477039868
0.831617862177
0.843671928985
0.855540268812
0.864176481389
0.867650108887
0.865289615808
0.857695908504
0.846329526917
0.833083308331
0.820080542285
0.809446131453
0.803120038307
0.802311466289
0.807058883146
0.81610040568
0.827264191641
0.838255870157
0.847029044794
0.852244918987
0.853449395869
0.850980802975
0.846380626481
0.841622760801
0.838661417323
0.838354093918
0.840316164695
0.84281287613
0.843661792753
0.840683111954
0.832505609197
0.819145995124
0.802439452
0.785837220324
0.773535694769
0.769084064002
0.774025009286
0.787568628425
0.806807382584
0.827584466705
0.845503400148
0.856882523549
0.859702954979
0.854008569511
0.841938475808
0.826722123803
0.811863713102
0.800285634133
0.793754612781
0.79252616604
0.795651512848
0.801206339592
0.806973535683
0.811318875582
0.813374190679
0.81318168419
0.811338312722
0.808735271783
0.806011600472
0.803612016998
0.801635026339
0.799815175583
0.797753090754
0.79506918239
0.791471107747
0.787009369461
0.781965212084
0.777088122605
0.773323764609
0.77191091954
0.773714782876
0.778997940975
0.78708784294
0.796585705754
0.805786039641
0.812994626282
0.816905862321
0.816780155642
0.812637175048
0.805348746082
0.796831955923
0.789529545342
0.785742574257
0.78678350669
0.792543116339
0.801624100855
0.81173174487
0.820366132723
0.825346494144
0.825440754408
0.820881030253
0.813231939163
0.805080287582
0.798877709935
0.796219410931
0.797515858796
0.801919552426
0.807832444562
0.813331394926
0.816754819997
0.81723224794
0.815133297196
0.811875556435
0.809443465747
0.809675651437
0.813591162989
0.821142107653
0.831198536139
0.841897940913
0.851015221911
0.856659229053
0.857747628277
0.854331901995
0.847384845837
0.838458880442
0.82917165986
0.820925651191
0.814698812732
0.811165685941
0.810633417919
0.8131569276
0.818365188301
0.825691924055
0.834180195811
0.842722653915
0.850058883961
0.85492214904
0.856006505883
0.852539860998
0.84437900128
0.832375111793
0.818336421555
0.804648241206
0.793573539271
0.786705301672
0.784686548996
0.787242289895
0.793310421608
0.801435986998
0.810094514275
0.817992656059
0.824441000664
0.829387634063
0.833354026471
0.837046101593
0.840994819695
0.845321370641
0.849692233035
0.853417266187
0.855567862755
0.855468448786
0.852927663485
0.848290490379
0.842365146263
0.83610638665
0.830335321146
0.825469860746
0.821642700463
0.818716459604
0.816461637271
0.814776974832
0.81382618085
0.814097383574
0.816128378036
0.820365521975
0.826839275248
0.835122699387
0.844430759757
0.85359194292
0.86133140451
0.866546018614
0.868427841701
0.866863449692
0.862497770303
0.856373565253
0.849789071916
0.843947690846
0.839716205751
0.837586077376
0.837799079176
0.840182186235
0.844484583291
0.850329535585
0.857183105806
0.864515467091
0.871604621309
0.877582485353
0.881498057978
0.882378684515
0.879305019305
0.871718469047
0.859714161532
0.844326574119
0.827357304501
0.811128546166
0.797997775306
0.789800290576
0.787633745871
0.791808281029
0.801824835815
0.816303740927
0.833320490098
0.850513325729
0.865711307973
0.877244650629
0.884309753817
0.886737907181
0.88498320642
0.879574880212
0.871073331642
0.860037950664
0.847068625966
0.8330645974
0.819275595298
0.807305479109
0.798744332054
0.794883258818
0.796340433984
0.803063511831
0.814437644226
0.829224415334
0.845755587451
0.862038596037
0.876034136284
0.885990161189
0.890944676409
0.890768274361
0.886205747392
0.878609639226
0.869418914168
0.86007634921
0.851625105769
0.845019185728
0.840834605089
0.839447463768
0.841003442689
0.845235671383
0.851644560301
0.859500743247
0.867806355562
0.875532843716
0.881703874775
0.885317694061
0.885698241315
0.882441118931
0.87564426478
0.865732368897
0.853773702751
0.841042620992
0.829034103629
0.819351620948
0.813409250527
0.812318199064
0.816698166215
0.826295436968
0.840072717829
0.856189035522
0.872413163183
0.886613230625
0.897033700885
0.902663512958
0.90300755719
0.898325298148
0.889267676768
0.877095393909
0.863538160076
0.850699063732
0.840688858764
0.835339952243
0.835521838849
0.841157702826
0.851180459946
0.86380121923
0.876899893476
0.888372825317
0.896367436569
0.899675600936
0.89786849038
0.891563709635
0.882105263158
0.871364536641
0.861101078376
0.852747084101
0.846991199959
0.843964970174
0.843249427918
0.844120351451
0.845746594706
0.847441403218
0.848715880409
0.849474729525
0.849833643342
0.850078657577
0.850550314465
0.851509759799
0.853118554682
0.855290901991
0.857846824182
0.860510146125
0.862953547492
0.864915236928
0.866300924515
0.867049682367
0.867191056705
0.866680194805
0.865441082599
0.863219220458
0.859786773714
0.8550652088
0.849249568336
0.842965728764
0.837143009378
0.832944915254
0.831374606506
0.833056564608
0.838136333282
0.84621660208
0.856602047816
0.868365504438
0.88038228605
0.891468877104
0.90058661683
0.906951200377
0.910200110442
0.91039502136
0.90794957008
0.903501843075
0.897702507549
0.891079517189
0.883977323197
0.876656925164
0.869167166593
0.861703792582
0.854534547067
0.848061328257
0.842685501316
0.838853420195
0.836697439107
0.836186394167
0.837005560802
0.838643371017
0.840615400911
0.842411675572
0.843787455054
0.84458164786
0.844893413936
0.844941629114
0.845044997907
0.845488321339
0.846468093908
0.847897359114
0.849635149821
0.851422769519
0.852846937704
0.853661123929
0.853768158592
0.853313958182
0.852633565152
0.852166433717
0.852333404528
0.853326279593
0.855017808506
0.857176232381
0.859202889204
0.860442386831
0.860348421296
0.858411649282
0.854554892292
0.849094042087
0.842803129759
0.836766994645
0.832032180379
0.82943640316
0.82938665111
0.831823239549
0.836374213338
0.842220464135
0.848551753141
0.854412149777
0.859065303568
0.861978490154
0.863043140504
0.862430853539
0.860567350211
0.857961766918
0.855055828029
0.85204175541
0.84907011912
0.846145613143
0.843230723654
0.840461459487
0.837894736842
0.835897849029
0.834624910122
0.834295657676
0.835017362471
0.836736280251
0.839186643615
0.841983018917
0.844652898344
0.846748094791
0.847719076575
0.847350123404
0.845488521089
0.842458788268
0.838726918041
0.834951198106
0.831739911261
0.829541284404
0.828601937702
0.828858973361
0.830098722566
0.83199189947
0.834093931729
0.836082771644
0.837694539699
0.838841332521
0.839485503202
0.839719216145
0.839452098431
0.838757474731
0.837492424043
0.835555322276
0.832849407518
0.829243460554
0.824758674667
0.819553583083
0.813920046017
0.808462143044
0.803786168146
0.80043680762
0.798823901693
0.799006526277
0.800767601906
0.803711066932
0.807307559636
0.811154468955
0.814905249748
0.818425309608
0.821882614684
0.825469452526
0.829599492761
0.834574552369
0.840575113648
0.8475923081
0.855240778144
0.862982629346
0.870031072538
0.875604383797
0.878962226106
0.879707927304
0.87771092392
0.873324824505
0.867117533617
0.859975314478
0.85267425134
0.84592476489
0.840089028542
0.835242685207
0.83113365377
0.827355101603
0.823367139959
0.818785552925
0.813490872377
0.807675546113
0.801824975631
0.796607440013
0.7926754724
0.790543922033
0.790461482083
0.79232275754
0.795793439021
0.800368275681
0.80534047518
0.809992510966
0.81368032544
0.815998052317
0.816883503286
0.816641981958
0.815789473684
0.814975525863
0.814760457071
0.815525898176
0.817338343916
0.819902509853
0.822780194306
0.82532808399
0.826703040576
0.8264319299
0.824032258065
0.819553735044
0.813379239853
0.806166929639
0.798822687137
0.792062825025
0.786625696578
0.782807889424
0.780773104036
0.780366702009
0.78115580501
0.782804364321
0.78471270427
0.786560950386
0.78802149851
0.788986432562
0.789462525178
0.789538801727
0.789372031111
0.789149613225
0.789035819746
0.789090444558
0.789293820612
0.78957450069
0.789757135896
0.789837503224
0.78979602429
0.789815563614
0.790130890052
0.79100487498
0.792616834664
0.795138888889
0.798528034953
0.802673505868
0.807340634363
0.812277534176
0.816983176798
0.820929090298
0.82368038992
0.82473931924
0.823928059429
0.821111691023
0.816497965147
0.810359644782
0.803027942246
0.794895687736
0.786357653496
0.777809263744
0.769627034824
0.762119765732
0.75569476082
0.750682438581
0.747479759728
0.746335963923
0.747338817778
0.750453648915
0.755396250197
0.761757701065
0.769188682195
0.777262120819
0.78565712368
0.794095694026
0.80227775207
0.809879084127
0.81663701297
0.822252690397
0.826480818149
0.829229567933
0.830383442379
0.829902011884
0.827828348505
0.824168135172
0.819096514538
0.812821039655
0.805588965376
0.797645496565
0.789363494779
0.781124549336
0.773388027176
0.766740382637
0.76169730092
0.758619799732
0.757696869682
0.75883607948
0.76167949472
0.765862331725
0.770968880819
0.776694894022
0.78273661115
0.788807362268
0.79468617061
0.800159632844
0.805140795671
0.809595768795
0.813606096666
0.817305736371
0.820742931443
0.823994692794
0.827146644911
0.830313056757
0.833545108005
0.836877270533
0.84011398621
0.842852401256
0.844636030072
0.844792446015
0.842955281918
0.838767550702
0.832336263851
0.82391242315
0.813962488068
0.803067547498
0.791894156784
0.781026313136
0.77105533686
0.762426790809
0.755486994256
0.750536169354
0.747607899023
0.746698525256
0.747699883374
0.750293327771
0.754082512476
0.75862158851
0.763593503096
0.768687569011
0.773848893411
0.779112614204
0.784431438547
0.78976702149
0.794964210102
0.799695238095
0.803585626715
0.806176645853
0.807016169057
0.805961533416
0.80296432319
0.798470253478
0.79303740132
0.787503842607
0.78252047985
0.778734113502
0.776454960148
0.775775198656
0.77657807309
0.778515496313
0.781112700521
0.783832458578
0.786216523627
0.787851338061
0.788589131277
0.788518318827
0.787950639947
0.78722649919
0.786724124896
0.786682766081
0.787229753565
0.788226357767
0.789500522679
0.790664817098
0.791344587782
0.791269820673
0.790315461509
0.788449092651
0.786001132678
0.783331202863
0.780760342332
0.778693081316
0.777200766361
0.77628392695
0.775742085685
0.775212327722
0.774224880505
0.772421582217
0.769513763828
0.765510855026
0.760662047729
0.755462979528
0.750540588669
0.746535957646
0.744020407648
0.743339388435
0.744696969697
0.747917668802
0.752775872145
0.758761414069
0.765350259783
0.772117136771
0.778546445839
0.784360189573
0.789424813
0.793583550745
0.796900468293
0.799424706523
0.801312989776
0.802606979643
0.803379535898
0.803649181008
0.803309203723
0.802351060813
0.80075100949
0.798442639803
0.795449280585
0.79171297852
0.787301587302
0.782196920009
0.776499219639
0.770427186535
0.764262417794
0.758380112269
0.753174497538
0.749055257525
0.746287420445
0.74511789758
0.74559954576
0.747605314657
0.750935508013
0.755195344971
0.759895081967
0.76450620558
0.768497187249
0.771353801327
0.772880989097
0.773121270218
0.772295302013
0.770848865694
0.76932622241
0.768113281762
0.767490464497
0.767602873939
0.76830291588
0.769407356589
0.770559778853
0.771527963607
0.772107654666
0.77235619022
0.772383337372
0.772540488277
0.773192013276
0.774677195603
0.77727490549
0.781009660164
0.785824673594
0.791426282051
0.797369689827
0.803162925572
0.80826117356
0.812325080732
0.815047106326
0.816294101804
0.816004531111
0.814255969282
0.811170212766
0.80693150237
0.801880860603
0.796341430019
0.790702128824
0.785363725597
0.780602840724
0.776686224902
0.773675204535
0.771591302265
0.770255183413
0.769429637527
0.768834652005
0.768100649351
0.766892445513
0.765052446109
0.762502766099
0.759526247337
0.756512390771
0.754009963322
0.752585434706
0.752707581227
0.754591522106
0.758303867995
0.763536208518
0.769940226652
0.776901884837
0.783812039177
0.790049585861
0.795244055069
0.799259609764
0.802211233957
0.804384532344
0.806087843613
0.807696536559
0.809474146449
0.811489583619
0.813734919893
0.815950244923
0.818016578998
0.819658143184
0.820894702132
0.821734123067
0.822316538883
0.822678718159
0.822725026086
0.822307437652
0.82107571048
0.81870969543
0.815003784587
0.809755002385
0.803201612
0.79578443913
0.788262211931
0.781444650858
0.776180141074
0.772975604479
0.772165618903
0.773663674316
0.777017708391
0.781505796899
0.786201046232
0.790053356921
0.792251704969
0.792511164548
0.790895632865
0.788029361942
0.784675208415
0.781672355896
0.77970358513
0.779138908771
0.780121145374
0.782470757007
0.785737995132
0.789475143483
0.793234648818
0.796841110061
0.800267349894
0.803696568669
0.807277212458
0.811200045093
0.815480578395
0.820011402509
0.824432939561
0.828374434972
0.831532430506
0.833545719707
0.834475014037
0.834558004899
0.834139866715
0.833691815575
0.833439217744
0.833527842614
0.833945545804
0.834291866164
0.8341722915
0.833021340322
0.830515821413
0.826408552441
0.820858542207
0.814389810087
0.807586837294
0.801053380783
0.795351216185
0.790856169246
0.787614639825
0.785444636826
0.784053532948
0.782966799694
0.781805339737
0.780330830464
0.778405719291
0.775994555817
0.773189996863
0.770140683319
0.766985521487
0.76386913229
0.760905577029
0.758150047814
0.755679037227
0.753510674735
0.75169019264
0.75041424439
0.749741265979
0.74966442953
0.750203394585
0.751220062625
0.752476371583
0.753715801786
0.754606844455
0.754903364352
0.754447177258
0.753261210858
0.751510487916
0.749480101416
0.747554820497
0.746092968772
0.745355128682
0.74555823017
0.746693008074
0.748537010077
0.75090232188
0.753521923621
0.756239248752
0.758795669824
0.761085972851
0.762986366095
0.764361381449
0.765048374949
0.765030352557
0.764291996482
0.762886900396
0.76083903809
0.758401955364
0.75570202064
0.753044927037
0.750671620463
0.748789656547
0.747535021169
0.74707751674
0.747470739933
0.748697916667
0.75067880982
0.753161513
0.755917788802
0.758604982206
0.76084340801
0.762417385783
0.763049290863
0.762689095263
0.761542735168
0.759911380597
0.758286293241
0.757196926253
0.756989979846
0.757944214585
0.760043674235
0.763104190545
0.766774057991
0.77066621633
0.774283935243
0.777278416202
0.779414283268
0.780605679316
0.780954834278
0.780464050415
0.779199540955
0.777138583674
0.774347136055
0.770739894094
0.766489962631
0.761798727588
0.756913072253
0.752326842917
0.748387644263
0.745478507136
0.743731193581
0.743129463417
0.743383519328
0.744174336308
0.74503945885
0.745652421005
0.745578387041
0.744707168335
0.743047542119
0.740635919947
0.737631054501
0.734116899619
0.730270566833
0.726283272706
0.722246257679
0.718437104385
0.7150591538
0.712402482774
0.710629754263
0.709856938081
0.710021560776
0.710922629045
0.712171006432
0.713405151695
0.714151319916
0.714154358945
0.713274182827
0.711677774558
0.709594277606
0.707463548434
0.705506829619
0.703979600607
0.702886539011
0.702083928062
0.701415444324
0.700644572472
0.699615658363
0.698385678214
0.697142534448
0.696223870533
0.695971106196
0.696549987409
0.697970754161
0.699968920408
0.70212705292
0.703861548651
0.704645150045
0.703987371375
0.701762618412
0.698104348847
0.693349356626
0.687999297691
0.682583284629
0.677518248175
0.673153226748
0.669589535934
0.666908731772
0.665047280298
0.663915331742
0.663519313305
0.663738520335
0.664546673131
0.665779380617
0.667339000144
0.668932856852
0.670356379396
0.671525753158
0.672383257571
0.673036656935
0.673654191045
0.674351162927
0.675322778524
0.67656756047
0.67803041359
0.679548973213
0.680948625836
0.681981063365
0.682683669033
0.683095957416
0.68349802936
0.684116343805
0.685098539629
0.68635536344
0.687609174995
0.688365370718
0.688105521186
0.686384617646
0.683040590406
0.678316100443
0.672595345545
0.666480266062
0.660406195809
0.654713265336
0.64951153484
0.644815501958
0.640567092182
0.636653783087
0.633100002905
0.629925559739
0.627338906899
0.625482952142
0.624427652462
0.624180892651
0.624706514667
0.625827436658
0.627360663289
0.629065924509
0.630816237451
0.632501528696
0.633971152728
0.635268155289
0.636342525399
0.637172257427
0.637640613161
0.63768624014
0.637262068361
0.636345065079
0.635038192327
0.633539118394
0.6319754784
0.630541310541
0.629237107544
0.627973737316
0.626606628858
0.624953519636
0.622898134864
0.620411096737
0.617581911803
0.614594423503
0.611650485437
0.608853955961
0.606371239401
0.6042768251
0.602731678661
0.60190341495
0.601932025682
0.602892004458
0.604760240051
0.607477446218
0.610826963968
0.614589596038
0.618555816216
0.62241068103
0.625940389364
0.628971505794
0.631503305548
0.633648024334
0.635551227337
0.63735288222
0.639015706205
0.640407892076
0.64130878154
0.641395129985
0.640437449987
0.63844482153
0.635594734648
0.632330670784
0.629100904416
0.626243305279
0.623906791102
0.622015603919
0.620402172318
0.618874133271
0.617369858187
0.615988057255
0.615079942919
0.614861147308
0.615511027822
0.616899381028
0.618645045877
0.620300533767
0.621409997955
0.621697169423
0.621183431953
0.620198301965
0.61913400345
0.618344252531
0.617905102954
0.617634730539
0.61706092759
0.615720919013
0.613194172122
0.609528103396
0.605159558604
0.600920544065
0.597613977773
0.595868842987
0.59580210756
0.597071381494
0.599007344503
0.60066148979
0.601215682885
0.600178504592
0.597634155445
0.594118320174
0.59033703376
0.586762228377
0.583596214511
0.58065354945
0.577499271349
0.57362701909
0.568786502271
0.563029176623
0.556881650891
0.551011459308
0.546110012792
0.542676745735
0.540772656295
0.540301356393
0.540872131717
0.542023368811
0.543366610883
0.544746522589
0.546237482117
0.548010837017
0.550277817353
0.553014731072
0.556093924711
0.559062608094
0.561534672115
0.563194970018
0.563915266618
0.563869416009
0.563323410652
0.562548193843
0.561736324799
0.56091469836
0.559955230201
0.558610445906
0.556819901341
0.554641845894
0.552378671297
0.550372134564
0.548959136469
0.548320260471
0.548412862764
0.549018448439
0.549786104145
0.55051425213
0.5509953521
0.551379029443
0.551821216079
0.552597930954
0.553848400759
0.555427965727
0.557063925856
0.558239784463
0.558518161847
0.557624407762
0.555491766128
0.552476325901
0.548961334344
0.54549051837
0.542406552768
0.540031878372
0.538350705089
0.537305224565
0.536733454766
0.536492063014
0.536556921145
0.536951088897
0.537765247069
0.538936189148
0.540369721967
0.541828534148
0.543073599479
0.543955395599
0.544406201277
0.544575409306
0.544629706004
0.544625407166
0.544627680196
0.544474474474
0.543923202318
0.542697139398
0.540626514784
0.537727272727
0.534271930091
0.530421549231
0.526618353056
0.523070779061
0.519959342081
0.517323076923
0.515092144738
0.513103155082
0.511240858338
0.509528076464
0.508025682183
0.506837936456
0.506138790036
0.506076955001
0.506715976331
0.507928087238
0.509549094963
0.511313804596
0.513017561289
0.514587303914
0.515913788013
0.517082179132
0.518069031812
0.51883540936
0.519272793493
0.519237203078
0.518604296815
0.517396355632
0.515657170954
0.513607125186
0.511556288301
0.509755564574
0.508414249586
0.507641071929
0.507278245788
0.507212427568
0.507236134583
0.50730644072
0.507572266765
0.5081604426
0.509333742708
0.511137629276
0.513562056684
0.516264841289
0.518781327375
0.520703089608
0.521732541222
0.521723223269
0.520895980362
0.519666820916
0.518612573552
0.518108964403
0.518296864285
0.518942123899
0.519684293607
0.52008409518
0.519989715902
0.519368305233
0.518583495776
0.51814870227
0.518416176327
0.519577579204
0.521395590817
0.523488402398
0.525199112156
0.526039115813
0.525820526179
0.524694154961
0.523291277409
0.522245931399
0.521944268524
0.522539883115
0.523743281695
0.525053085285
0.525964745117
0.526215443279
0.525784646631
0.525155240147
0.524675324675
0.524633906166
0.5250287687
0.525569097827
0.525654790955
0.524911498623
0.523019166173
0.520132013201
0.516619308795
0.512873974053
0.509195936525
0.505550925154
0.501824145664
0.497636052711
0.492902577837
0.48772362328
0.482448304384
0.4776894263
0.474079884945
0.472039366486
0.471824570536
0.473385080056
0.476245954693
0.479890604891
0.483677250367
0.487419487895
0.491011910403
0.49460193194
0.498275371033
0.501874801398
0.505040837162
0.507212999392
0.507877545792
0.506891467402
0.504338325085
0.500662422852
0.496350364964
0.491788171017
0.487340510367
0.482968614067
0.47853688029
0.473898419105
0.469014037096
0.464117091596
0.459697349267
0.456376752416
0.454778594632
0.455171940892
0.457211373758
0.460197222507
0.463276452828
0.465809803326
0.467692617856
0.469266624191
0.471102623379
0.473759957159
0.477426033527
0.481882008452
0.486459610859
0.490446280992
0.493258872513
0.494834779154
0.495497890155
0.495931977326
0.49680740815
0.498443306217
0.500720678443
0.503024396801
0.504592422503
0.504897292885
0.503686177691
0.501330384602
0.498453411184
0.495797146943
0.493899241338
0.492794782792
0.492074115824
0.491330094677
0.490194677621
0.488626971864
0.486868177397
0.485376119725
0.484474051789
0.484235277352
0.484367791618
0.484443656981
0.484115728265
0.483288390576
0.482245375292
0.481510232886
0.481550268073
0.48248756565
0.484074010029
0.485681755451
0.486738499793
0.486823423486
0.486061447665
0.484869541049
0.48401541185
0.48396157714
0.484846380837
0.486346039828
0.48788890842
0.488924387646
0.489110967834
0.488429096677
0.487268518519
0.486030077913
0.485048868219
0.48442350535
0.484096598439
0.484021997622
0.484169508037
0.484578013784
0.485275819162
0.486428490758
0.487830528846
0.489436751848
0.490909090909
0.492148371305
0.492963591775
0.493343892597
0.493367404457
0.493088246283
0.492500742501
0.491449676824
0.489692239729
0.487106017192
0.483748030342
0.479945987373
0.47614555745
0.47272989438
0.469815990531
0.467294404067
0.465005378272
0.462930972432
0.46124941287
0.460376675118
0.460537759096
0.461647161129
0.463285444783
0.464823113637
0.4657906328
0.466083799504
0.465911639381
0.46570084666
0.465855409848
0.466406309244
0.466923106219
0.466758737101
0.465467793194
0.462949894143
0.45972821996
0.456860084604
0.455259152447
0.455395106298
0.457014301784
0.459225218688
0.461167409809
0.462338403817
0.462697567767
0.462842402653
0.463495169378
0.465028737958
0.467205208585
0.469244920813
0.470226692209
0.469499301815
0.467251345426
0.464271520547
0.461866750968
0.461091708198
0.462168486739
0.464640969848
0.467631762788
0.470403291542
0.472838739718
0.475214933003
0.478126568593
0.481873868321
0.48623853211
0.490417747493
0.493466983892
0.494534444794
0.493628808864
0.49148167269
0.4893405457
0.488243264786
0.48838513297
0.489190608963
0.489573963529
0.48851739976
0.485592583312
0.481341560677
0.476697232271
0.472741826761
0.469782194967
0.467390841321
0.464668186315
0.46078048357
0.455430842468
0.449280433927
0.443561763422
0.439460517729
0.437733391229
0.438425785153
0.440943511185
0.444555792776
0.44847535778
0.45233046263
0.455939849624
0.459533256538
0.463249968154
0.467161016949
0.470954356846
0.474300448051
0.476747611633
0.478119122257
0.478349232684
0.477655013193
0.476133700613
0.473982970672
0.471376169476
0.468716467189
0.466237676855
0.464268071793
0.462825202417
0.461791560418
0.461087486066
0.460873899319
0.461422720053
0.463127834705
0.466155595805
0.470265247508
0.474729471674
0.478757540752
0.481782778018
0.483417305586
0.483966693241
0.484065345474
0.484341349605
0.485095828636
0.486047991274
0.48636844283
0.485401119403
0.482779827798
0.478886710344
0.474969938916
0.472495060003
0.472217932632
0.473969683762
0.476856683084
0.479695955919
0.481522062469
0.482153876779
0.48208302262
0.482271084039
0.483223960132
0.484855058174
0.486274703557
0.486297636156
0.484063073338
0.479628623636
0.474142829154
0.469149039395
0.465904165663
0.464938556068
0.466002496639
0.468421811194
0.471514163831
0.474827438473
0.478344879589
0.482127858143
0.486204498029
0.490275977033
0.493526982507
0.494883244953
0.493696794902
0.489915148143
0.484286307628
0.478056858957
0.472359033372
0.468284789644
0.466533327131
0.467453601982
0.470761877987
0.47581552306
0.481780237302
0.487998870482
0.494074706105
0.499832511844
0.505022698735
0.509335796946
0.512378534108
0.513770459669
0.513231163455
0.510540970565
0.50583501006
0.499714983713
0.493353877761
0.48825139434
0.485512953368
0.485324871248
0.487008905186
0.489558636749
0.491981157326
0.493607133207
0.494446859378
0.494823362909
0.495065359477
0.495179341595
0.494730486332
0.493165228932
0.490178074569
0.486222668452
0.482445891059
0.480210293304
0.480307285643
0.48263617875
0.486413432425
0.490444383108
0.4936419378
0.495557879672
0.496404960935
0.496945076373
0.497687052875
0.498692670381
0.499449197861
0.499130666667
0.497210732845
0.493830793484
0.48988816645
0.486648782501
0.485400934915
0.486984192158
0.491579865565
0.498475313379
0.506188395488
0.513184380032
0.518429846875
0.521590232281
0.52282651846
0.52244227707
0.520774103447
0.517890959833
0.513919904719
0.508638562543
0.501993012155
0.494262496922
0.486257541292
0.479504124019
0.475727381427
0.476011157601
0.480011936142
0.486367931566
0.493550641442
0.500377073906
0.506404340551
0.511566154318
0.515998359143
0.519397769899
0.521385138617
0.521117272115
0.518025930573
0.512273567468
0.505033825174
0.498564542046
0.49508866201
0.495749730313
0.500103199174
0.50664543058
0.513432420396
0.518858882562
0.522140662342
0.523505520279
0.524025265576
0.524603128788
0.525580853666
0.526535901514
0.526676202396
0.525320262224
0.52238210399
0.518531765276
0.514654753221
0.511398204141
0.508608171302
0.505620347395
0.501474170779
0.495463671728
0.487626596213
0.478930440815
0.470895050006
0.4652674426
0.463303748164
0.465300511509
0.470153158902
0.476063322525
0.481593458832
0.486350674862
0.490852496506
0.496207533941
0.503057576918
0.511058029174
0.518813763386
0.52482519685
0.528144989339
0.529021963582
0.528691956753
0.528885703602
0.531154346614
0.535659867289
0.541434748188
0.546897677794
0.550731531098
0.5525030012
0.552564255828
0.551691394659
0.550552486188
0.549054407914
0.546532709741
0.542311892855
0.536502838791
0.530305976551
0.525790671217
0.52485190409
0.527887087759
0.533869536277
0.540916367651
0.547324083251
0.552034708111
0.554632413228
0.555513349251
0.554945646324
0.553139193161
0.549859065043
0.545290623674
0.540015868818
0.53511406143
0.53177888394
0.530720725416
0.531727074463
0.533973029046
0.536598018364
0.538872188245
0.540313000362
0.540725143796
0.53990298698
0.537717601547
0.534355421994
0.530467232389
0.527407103264
0.526792142343
0.5294691948
0.535117399774
0.542378953834
0.549690236035
0.556005952076
0.561278040749
0.565683646113
0.569916348239
0.574052991099
0.577774314214
0.580533932396
0.582229928541
0.583205865288
0.584526010034
0.586998996673
0.590411755378
0.593652141606
0.594942799102
0.592594588768
0.586158268699
0.577008867853
0.567648500027
0.56056476232
0.557063878702
0.55701367446
0.559163701068
0.561912225705
0.564223532716
0.565918929555
0.567559959464
0.569845666799
0.573193645733
0.57721010333
0.580824134543
0.582709602553
0.581772711411
0.577875693026
0.571527573853
0.564037219226
0.556992400215
0.551727464576
0.548631132647
0.547044170363
0.545695283422
0.543874854017
0.541916056128
0.541173517414
0.543051598607
0.548145551874
0.55566025641
0.564061995479
0.572284912922
0.580193969783
0.588347443504
0.597105245483
0.605902215019
0.613000339789
0.616138110928
0.61342711888
0.6041837746
0.59013143719
0.57511423805
0.563400933761
0.557260193605
0.556049400976
0.557541941282
0.559645788994
0.561495802203
0.563228664698
0.565134818288
0.56682382524
0.567092018705
0.564652058753
0.559423358853
0.553008170339
0.548562380198
0.548912952237
0.554972936401
0.565410578484
0.577469055657
0.588428809545
0.59599929034
0.599212880143
0.598089918011
0.593217565233
0.585388295915
0.576033212053
0.567406917407
0.562325759022
0.562676937891
0.568416958382
0.577880729423
0.58868768299
0.598808503693
0.607039093438
0.612982950102
0.616476318441
0.616807274886
0.612385074177
0.60143478643
0.583729109727
0.562571626329
0.54453469006
0.535804953914
0.53875014386
0.551961997246
0.572136045999
0.595188411424
0.617034336292
0.634823013212
0.647654445995
0.655692644462
0.658667576516
