0.966691540601
0.969055374593
0.968360889978
0.964771113666
0.960638791333
0.958333333333
0.958383026803
0.959784693436
0.960883514314
0.960741885626
0.95948945616
0.95847034466
0.958614511795
0.959915611814
0.961166734186
0.961350434232
0.96
0.957995578482
0.956793569275
0.957199297629
0.958581483487
0.959782784021
0.959684769206
0.958002027856
0.955922719595
0.954885266327
0.955463728191
0.956850108252
0.957669048928
0.957029890088
0.955133267522
0.953573342427
0.953998754133
0.956885153003
0.961230509903
0.965161350581
0.967209291478
0.96697434946
0.965687846443
0.965167627974
0.966699227422
0.969816965857
0.973180244533
0.975065502183
0.974792099792
0.973012212828
0.971318187545
0.971007289596
0.972300990425
0.974642579165
0.976977712466
0.978713071631
0.979934577948
0.981043212057
0.982599596962
0.984367178776
0.98593443757
0.986772993904
0.986983329527
0.987074472082
0.987669406798
0.988873028074
0.990215691267
0.990967788741
0.990711962414
0.989749471345
0.989066978028
0.989461194863
0.990815868522
0.992414621589
0.99302134647
0.991931640226
0.989509545976
0.986912215266
0.985398579321
0.985327681774
0.986030343394
0.986435177673
0.985791960645
0.984093319194
0.982262627547
0.981234086694
0.981137369832
0.981404445548
0.98092347713
0.978990559635
0.975795827078
0.972515792031
0.97022751243
0.969636052687
0.970361712967
0.971465357207
0.971991886894
0.971534250629
0.970473651835
0.969619517862
0.969514664199
0.970178178873
0.971179469355
0.971866045327
0.971905255878
0.971380326837
0.970698680018
0.970216990498
0.970103531414
0.970287757534
0.970540747245
0.970717546925
0.970877320714
0.97101853142
0.971193186562
0.971360049081
0.971505271105
0.971731646562
0.97228043703
0.973407665505
0.9750438682
0.976912339475
0.978549196646
0.979592411192
0.98002141569
0.980252053561
0.980852378011
0.982129811745
0.983963409469
0.985778485693
0.986859433152
0.986938423999
0.986352428465
0.985842176015
0.986154022199
0.987466582344
0.989330240649
0.990930368637
0.991522180684
0.99091338211
0.989554440838
0.988151168632
0.987324487191
0.987082884822
0.987199566291
0.987198886333
0.986720834344
0.985887280342
0.984896467722
0.984111891544
0.98367056053
0.983597320478
0.983790602334
0.983976693372
0.98389351293
0.9831672416
0.981717344339
0.97949789429
0.976774150918
0.974254787677
0.972699325002
0.972438706225
0.973176865046
0.974117567659
0.9744358852
0.97354005168
0.971385908254
0.968700986372
0.966357227612
0.964984083674
0.96439628483
0.964158977999
0.963714439077
0.962839173405
0.961806303396
0.961050562802
0.960944175449
0.961353517364
0.961989978525
0.96254816522
0.962906779355
0.963407167297
0.964391691395
0.965915942543
0.967487997741
0.968208602378
0.967322570389
0.964591782754
0.960839895013
0.957645270504
0.956308363438
0.957251392875
0.959952846076
0.963170509401
0.965637365982
0.966412882361
0.965669952051
0.964295073375
0.963198296994
0.96264606347
0.962234160918
0.961404176982
0.959931690965
0.958091715513
0.956940019179
0.957150704999
0.958803082968
0.961066313636
0.962780498062
0.962859795729
0.961203436692
0.958805899982
0.957194265483
0.957448644916
0.959637396368
0.962743802602
0.965143366599
0.965478682226
0.96354744235
0.960530017442
0.958114744949
0.957644110276
0.95945643664
0.96291812141
0.96665817554
0.96924471128
0.970244480831
0.970251329825
0.970310695473
0.971378372251
0.973577352016
0.976393612728
0.978856332977
0.980291295804
0.980846338016
0.981162058305
0.98195261105
0.983527331663
0.985518065094
0.987185285693
0.98785547715
0.987421193016
0.986463518271
0.98593440122
0.98644151362
0.988147223955
0.99047949308
0.992732927139
0.994270253064
0.994925963748
0.995091749006
0.995112319544
0.995255546103
0.995543083526
0.995624937854
0.995365312676
0.994951328164
0.994595129025
0.994347107438
0.994176372712
0.993669826171
0.992382550336
0.990181016632
0.987464029372
0.984843028775
0.982899314022
0.981799896185
0.981429777287
0.981277175677
0.980892747636
0.980074083536
0.979074091582
0.978313027763
0.978024699
0.978228645544
0.978526471677
0.978361099158
0.977456893926
0.975887676257
0.97422970849
0.972886528361
0.972254638814
0.972144603563
0.972235130112
0.972060905492
0.971588142632
0.971080238163
0.971001856331
0.971748878924
0.973325479636
0.975169427181
0.976524896558
0.976668444844
0.975557293704
0.973667380363
0.971943665102
0.971055713569
0.971431781792
0.972902568168
0.974795659727
0.976406067011
0.977248662107
0.977394801091
0.977057053582
0.976496038822
0.975968786025
0.975518115402
0.975184319367
0.975089395715
0.975431086458
0.97656913925
0.978424993862
0.980928380312
0.983397914501
0.98529645273
0.986149584488
0.986222915142
0.986071360427
0.986390004462
0.987630980229
0.989684407337
0.992206196236
0.994448747741
0.996024876579
0.996980484394
0.997821557113
0.99896112073
1.00059834981
1.00245800901
1.00389777764
1.00443030076
1.00385552574
1.00271192638
1.00172018349
1.0015303826
1.00242355335
1.00402708588
1.00557466493
1.00628376791
1.00577447623
1.00436367812
1.00279393317
1.00173463004
1.00156427759
1.00204801456
1.00255471345
1.0021193625
1.00036552791
0.997476729842
0.994051627385
0.991068913056
0.989320113314
0.989101670318
0.990017967658
0.991122148954
0.991421708796
0.990406434008
0.988131079203
0.985236508215
0.982502213042
0.980839497371
0.980467585137
0.981163103603
0.982259178099
0.983103104313
0.983274835953
0.982764468288
0.98194586868
0.981136781717
0.98077821739
0.980862433205
0.981117450081
0.981295945904
0.980944979795
0.979982566465
0.978499968931
0.976889135734
0.975610500611
0.974959271104
0.975077695434
0.975759016101
0.976691840663
0.977497563713
0.977771905097
0.977379117844
0.976432426226
0.97525720602
0.974312905309
0.973909156936
0.974248807298
0.975312430261
0.976723465865
0.978083785881
0.979027907745
0.979476233478
0.979547254308
0.979551613698
0.979870576897
0.980594366822
0.981668756094
0.982829382695
0.9837664152
0.984295392195
0.984604126207
0.984884645982
0.985451408856
0.986475481357
0.987855319898
0.989211177927
0.990099595118
0.990365803047
0.990042038103
0.989562340202
0.98948392195
0.990249586067
0.992116042007
0.994678069339
0.997368259991
0.999574429279
1.00090689238
1.00144626232
1.00153378846
1.0016200162
1.00217903943
1.00325636471
1.00462840906
1.00576761441
1.00623276654
1.00590534334
1.00488040178
1.0037242897
1.00305356342
1.00333342593
1.00471113315
1.00670865279
1.00873887159
1.01008362027
1.01024601392
1.00917280018
1.00728702634
1.00530949106
1.00391141472
1.00345695401
1.00373373457
1.00422190323
1.00437960356
1.00364074191
1.00210192917
1.00023074039
0.99864236402
0.997940775545
0.998129201988
0.998936390227
0.999641726876
0.999549170474
0.998225937397
0.99575333453
0.992912218268
0.990347263096
0.988747252747
0.988284567847
0.988653355616
0.989249831571
0.989371614932
0.988630476081
0.986985738184
0.984884045823
0.98278244528
0.981042393604
0.979790501261
0.97901542339
0.978451454322
0.977995441719
0.977570395073
0.977351544577
0.977527492961
0.978142948309
0.979146057803
0.980233748048
0.980931227823
0.980827721051
0.979958722572
0.978573174375
0.977146437132
0.976228383201
0.976112438198
0.976806372618
0.977997893718
0.979230526828
0.980004590051
0.980151228733
0.97986673149
0.979476757499
0.979371965409
0.97976386363
0.980632273754
0.981821334644
0.982898134864
0.983625631421
0.984071789119
0.984338988699
0.984741881191
0.98545464544
0.986590616174
0.987931411097
0.989182594551
0.990140504527
0.990653707895
0.990764263787
0.990756879523
0.990847771459
0.991267650494
0.992014267841
0.99296544006
0.993874507297
0.994513835255
0.994845360825
0.994888900845
0.994912533667
0.995064519687
0.995559899469
0.996503595094
0.99778767337
0.999174940966
1.00042772819
1.00128714854
1.00172359312
1.00175985229
1.00156141568
1.00121243613
1.00097569375
1.00085324232
1.00087326404
1.00095009221
1.00088920999
1.00060894597
1.00008269247
0.999288022345
0.99829175705
0.997294183835
0.99634591961
0.995458006249
0.99461127969
0.993741161682
0.992822589126
0.991843307024
0.990848013543
0.989925165931
0.989142208015
0.988601803613
0.988275953742
0.988105147276
0.988056371749
0.987951475048
0.987744073981
0.987344253115
0.986666666667
0.985856044724
0.984989258112
0.984119009741
0.983376245382
0.982730540267
0.982172482636
0.981665778924
0.981176666852
0.980689465733
0.980267794221
0.980042326341
0.980104656414
0.980421169445
0.980861369978
0.98120182476
0.981181744729
0.980674203813
0.979710293815
0.978505341717
0.977523498161
0.977078098559
0.977353131052
0.978387667951
0.979878800598
0.981243569789
0.982090343092
0.982196082606
0.981603963047
0.980694459445
0.979856075887
0.979569951606
0.979979537096
0.9809774332
0.982133981333
0.983048053411
0.983516483516
0.9835471657
0.983520517771
0.983972617625
0.985341931289
0.987772361227
0.990878783838
0.993966698282
0.996199005493
0.997161290323
0.996735721997
0.995344889666
0.993677582514
0.992619830645
0.992713600415
0.994120694121
0.99635630669
0.998605479947
1.00018137064
1.00060088304
0.999841303428
0.998257092294
0.996527306764
0.995354810504
0.995291798971
0.996203741636
0.997768707483
0.999321518713
1.00024416712
1.00021736177
0.99907490545
0.997119017204
0.994782514666
0.992638003962
0.991062929667
0.99012797075
0.989733112651
0.989538081896
0.989334974107
0.98893414278
0.988330134357
0.9876145969
0.986938588451
0.986432926829
0.986066261537
0.985814696486
0.985574938068
0.985265302923
0.984923028091
0.984563614998
0.984242456781
0.984041695771
0.983911621172
0.983763107212
0.983515015496
0.983025021386
0.982225553444
0.981147233678
0.979963132163
0.978970287565
0.978378094011
0.978430556278
0.979087256619
0.980270387692
0.981734927499
0.983246179621
0.984581441939
0.985513486134
0.985950016425
0.985860113422
0.985327796653
0.98445452255
0.983369614742
0.982191151707
0.981035326857
0.980014052619
0.979195088677
0.978711056005
0.978486941335
0.978610617827
0.979007430998
0.979668854812
0.980524663439
0.981543044068
0.982664475428
0.983733417562
0.984605365981
0.985101893783
0.985076144713
0.984615384615
0.983760384346
0.98281023901
0.982149980056
0.982128168698
0.983012852446
0.984628777515
0.986707083758
0.988609515283
0.989858366847
0.990076566593
0.989148984946
0.987390082261
0.985478530646
0.984187439258
0.984214825941
0.985775623634
0.988649202554
0.99208885629
0.995296331138
0.997522170057
0.998334591064
0.99771949829
0.996268560694
0.994750923685
0.993980152133
0.994395875364
0.995950617284
0.9981571576
1.00036826083
1.00179612725
1.00204963576
1.00118970902
0.999676777723
0.998204309657
0.997495178218
0.997831185535
0.999210553122
1.0012371134
1.0033136774
1.0049024776
1.00553965225
1.00530124314
1.00458884962
1.00381859078
1.00344675668
1.00365019793
1.00424064376
1.00493262141
1.00529020174
1.00500830523
1.00412067329
1.00287050556
1.00176600442
1.00116990421
1.00124054389
1.00190294957
1.00262899263
1.00295094976
1.00227676449
1.00050374027
0.997876159895
0.995010384479
0.992721093611
0.991584246523
0.991880090902
0.99342730237
0.995691767923
0.997777835198
0.998841460275
0.998266013872
0.996027855293
0.992627229768
0.98890379222
0.985635305763
0.983343748498
0.982416049264
0.9827765297
0.984000971109
0.98552737373
0.986754159145
0.987272948921
0.98698513283
0.986155536565
0.98512591429
0.984256256653
0.983768913343
0.983789106886
0.98419354019
0.984906716893
0.985694719221
0.986502140519
0.987368000599
0.988410391025
0.989735131942
0.991367047628
0.993318649046
0.995455989055
0.997514559322
0.999271632514
1.00060466804
1.0014959946
1.00205219827
1.00235242761
1.00259162368
1.00274195939
1.00272023958
1.00249056604
1.00186977285
1.00091012514
0.999722530522
0.998466643205
0.997419257849
0.996750324968
0.996555855046
0.996786728441
0.997294882613
0.997780627343
0.997971751136
0.997751124438
0.997126643201
0.996338215712
0.995636294645
0.995223270515
0.995314703703
0.995856120654
0.996673707723
0.997386036058
0.997571505666
0.997023589895
0.995733030781
0.993835565568
0.991738210775
0.989737171464
0.9882273036
0.987399193548
0.987212661726
0.98752303631
0.987861214861
0.987976291279
0.987722602332
0.987103010869
0.986379726657
0.985796320169
0.985689066729
0.986233858548
0.987450793272
0.989083493282
0.990701259907
0.99192788264
0.992432143983
0.992198737171
0.991385657488
0.990233650637
0.989051458147
0.988266427002
0.988009771662
0.988338120234
0.989054044127
0.989873846005
0.990478235968
0.990712074303
0.990574020968
0.990159930485
0.989733929833
0.989545884579
0.989782097284
0.990459608367
0.991390855175
0.992258466553
0.992717396529
0.992422414209
0.991314895682
0.989387137699
0.986936914857
0.984309777538
0.981987060092
0.980314289195
0.97952383252
0.97956598633
0.980165680473
0.980972068876
0.981666822561
0.98200280112
0.981837706602
0.981216708719
0.980319285698
0.979291807877
0.978356394914
0.977536503182
0.976829898117
0.976130890547
0.975397939518
0.974519542216
0.973661954815
0.972907419535
0.972518417991
0.97265060241
0.973432315661
0.974788725745
0.976500817566
0.978217546462
0.979742045638
0.980792732136
0.981304739676
0.981374095379
0.981207647346
0.981142656852
0.981390770385
0.982152934537
0.983350651804
0.984795932912
0.986311532295
0.987603405446
0.988491234886
0.988933037564
0.988958759871
0.988815023292
0.988812164666
0.989238863891
0.990224483547
0.991827776221
0.993870443464
0.996153578794
0.99832973763
1.00020949233
1.00158993664
1.00244297761
1.00285498561
1.00312833274
1.00342881634
1.00390129485
1.00459609693
1.00536763461
1.00606325184
1.00637946927
1.00618775984
1.00537531196
1.00403896412
1.00232623714
1.00048846297
0.998776348902
0.997262542845
0.995972845472
0.994803335104
0.993636194723
0.992336269539
0.990817069447
0.989109424355
0.987311563726
0.985658501952
0.984310937315
0.983408891315
0.983004516282
0.983064957306
0.983464791409
0.984003029012
0.984514885918
0.984920062368
0.985129598085
0.985232115591
0.985312422206
0.98548237791
0.985778985507
0.986215710439
0.986686049195
0.986992971067
0.986974373496
0.986525665399
0.985582536997
0.984338181039
0.98297811811
0.981840479223
0.981134731803
0.981070343538
0.981706322388
0.982977535929
0.984617883161
0.986218378578
0.987432096492
0.987886698267
0.987462101352
0.98628267249
0.984529153091
0.982558672534
0.980860468884
0.979784019302
0.979699283783
0.980786737578
0.982962623804
0.985990210026
0.989341015484
0.992570367195
0.995165892423
0.996893031514
0.997611483431
0.997345091883
0.996242854509
0.994579258166
0.992718109945
0.990959247068
0.989606584821
0.988802575408
0.988549082053
0.988755586921
0.989335288136
0.989993106891
0.990572567364
0.990938217292
0.990904967654
0.990502647387
0.989784629869
0.988983603503
0.988244243137
0.98769695168
0.987537024379
0.987791241642
0.988352860096
0.989204123328
0.990103897325
0.990843579804
0.991194606397
0.990962766598
0.990121434079
0.988698260348
0.986936206732
0.985019878834
0.983192684704
0.98162091381
0.98049951074
0.97984939339
0.979725341004
0.980112057788
0.980847426301
0.981804344818
0.982780876861
0.983602392665
0.984193301302
0.984486873508
0.984540103539
0.984373133258
0.984107844792
0.983799776883
0.983474082702
0.983164657859
0.982885319674
0.982607255259
0.982336702227
0.98200955163
0.981639102254
0.981208208439
0.980740740741
0.980255489766
0.97980771491
0.979410510354
0.979095156369
0.978902549873
0.97878708071
0.978809404224
0.978928528815
0.979175591413
0.979468799696
0.97987546464
0.98037548707
0.980974805745
0.981722624997
0.982612759991
0.983676415797
0.984873480958
0.986168580594
0.98746878865
0.988670286534
0.989673590504
0.990352308726
0.990548433221
0.990218080695
0.989321669436
0.987924528302
0.986262343369
0.984600692372
0.983243651468
0.982419637639
0.982306028971
0.982964581203
0.984405276059
0.986441316322
0.988751753823
0.991016957295
0.992810631551
0.993897101731
0.994160015573
0.993687941541
0.992795841895
0.991844099603
0.991231432678
0.991232889802
0.992032252678
0.9936086998
0.995707130933
0.997925706929
0.999737970462
1.00076136093
1.00071330068
0.999666857034
0.997875742893
0.995776540603
0.99390892391
0.992691483142
0.992517907958
0.993519613641
0.995586349739
0.998231088618
1.00085355444
1.00270466071
1.00337062536
1.00263170373
1.00056646526
0.997615393696
0.994351489261
0.991496802319
0.989727935654
0.989659397207
0.991444114738
0.995003728561
0.999726429406
1.00470704819
1.00910276281
1.01215019396
1.01333882057
1.01249127536
1.00986344765
1.00590466132
1.00137197323
0.997146725989
0.994092190995
0.992642565569
0.992975734355
0.994797830375
0.997552473485
1.00052000792
1.00307196829
1.00472877621
1.00509094504
1.00404060313
1.00169279458
0.998438071995
0.994806833625
0.991381807648
0.98862351781
0.986786469345
0.98579682234
0.985528990417
0.985540112168
0.985610272052
0.98539548723
0.984815618221
0.983965233029
0.983012429322
0.982212216422
0.981866745081
0.982101280559
0.982932692308
0.984293193717
0.985906745653
0.987574659982
0.989039703854
0.990038670517
0.990509936072
0.990357160747
0.989707106637
0.988846455398
0.988038760472
0.987509092277
0.987559713376
0.988226292146
0.98959662381
0.991532889585
0.993850450804
0.996381805651
0.998835134331
1.00099902595
1.00264051301
1.00374001819
1.00428010637
1.0044555834
1.00444466892
1.00447922696
1.00476393451
1.00540094517
1.00649285786
1.00809413175
1.01008508509
1.01236766846
1.01471179962
1.01685605583
1.01851431454
1.01945544929
1.01940449155
1.01829099074
1.0160936357
1.01291331433
1.00895108422
1.00463662937
1.00030202356
0.996483207315
0.993611584327
0.991983417412
0.99178348231
0.992894056848
0.995132127955
0.99808405285
1.00134932534
1.00442444506
1.00693583091
1.00850955414
1.00895919726
1.0083093968
1.00670969064
1.00451219823
1.00215217116
1.00002512752
0.998427594469
0.997490059642
0.997243947858
0.997559700192
0.99822108639
0.998989592806
0.999643375704
1.0
0.999922779923
0.999382509584
0.998411844566
0.997126948209
0.995765808907
0.994425139372
0.99323887646
0.992310172897
0.991672673942
0.991374137414
0.991403000126
0.991732173294
0.99238539637
0.993301903805
0.994507902947
0.995836117822
0.997266922095
0.998631282792
0.999874169519
1.00085157541
1.0014259982
1.00153058664
1.00111136369
1.00012742749
0.998739257963
0.997146932953
0.995595402539
0.994445313722
0.993869015146
0.994043167694
0.994942011955
0.996381487386
0.998191863385
1.00012504689
1.00187584413
1.00316455696
1.00366819297
1.00321518794
1.00169783654
0.999327261437
0.996369294606
0.993294324772
0.990471285089
0.988271967703
0.98693273906
0.98651329834
0.98699483288
0.988251692553
0.990110601833
0.99224670485
0.994337628347
0.996046729682
0.997067598235
0.997362085745
0.99689528648
0.995922658734
0.994654594747
0.993451728795
0.992437124077
0.991852845179
0.991737625388
0.992161424092
0.993028090457
0.994197439748
0.995426439777
0.996412372191
0.996793556331
0.996413658836
0.995201511014
0.993246845566
0.990740273503
0.987911922556
0.985025830442
0.982306390603
0.979974128066
0.978186622791
0.977169749919
0.976973601429
0.97753548028
0.978736376801
0.980266843204
0.98179642548
0.982984991239
0.983667897052
0.983660541465
0.983081767293
0.981998557896
0.980671061109
0.979332706302
0.978271103293
0.977738577356
0.977901379293
0.97878628497
0.980316247266
0.98215545922
0.983977593864
0.985373111744
0.986005889608
0.985570528746
0.983916556192
0.981117956649
0.977367792053
0.973027445321
0.96861075847
0.964618527931
0.9615432576
0.959784452649
0.959466533716
0.960644808199
0.963155806804
0.966743204207
0.971021260907
0.975590049946
0.979998534691
0.98381703239
0.986748814239
0.988542407812
0.989178662986
0.9887039239
0.987287608528
0.985232856893
0.98282833325
0.980342327528
0.978134074607
0.976419753086
0.975247403187
0.974748832775
0.974766560207
0.975209633385
0.975887425793
0.976626115962
0.977356166071
0.97795754787
0.978450627387
0.978823646102
0.979104329978
0.979383472335
0.979618768328
0.979930107266
0.980310780813
0.980783106451
0.981309984846
0.981869100215
0.982381530984
0.982776362211
0.983008569806
0.983004522189
0.982660687593
0.981991393677
0.980980411555
0.979773462783
0.978399631095
0.977038301556
0.975781026082
0.974720640442
0.973967662583
0.973572201515
0.97364521849
0.974159952839
0.975192259985
0.976605412963
0.978200544986
0.979788425638
0.98110974106
0.981976715865
0.982285357177
0.981988404144
0.981136079606
0.979892288516
0.97840030183
0.976984466296
0.975886558856
0.975502680152
0.976012140794
0.977651431244
0.980367523894
0.983952495461
0.988041307419
0.992228416962
0.996004019908
0.99895375104
1.00071145683
1.00106855365
0.999880716654
0.997190134249
0.993253699584
0.988528654061
0.983612545047
0.97924615422
0.976050653713
0.974538479981
0.974782526026
0.976715657364
0.979970413506
0.984
0.98821065512
0.991972721461
0.994748400649
0.996029549775
0.995617115045
0.993586629093
0.990213695969
0.986233426885
0.982348131403
0.979343283582
0.977723476941
0.977809254013
0.979560599995
0.9826916284
0.986666666667
0.990790501669
0.994418582557
0.996857965771
0.997689541005
0.996692051404
0.99394399981
0.989838698216
0.984952281962
0.980011785504
0.975735467169
0.972769599774
0.97141782625
0.971781678062
0.973726226814
0.976736005253
0.980306294492
0.983816272598
0.986814728229
0.988952603862
0.990140150715
0.990354001085
0.989825926102
0.988864779799
0.987838743656
0.987172724657
0.987097546379
0.987729330474
0.988996687175
0.990701169398
0.992513119534
0.994124068096
0.995218531671
0.995552036515
0.994936352767
0.993379362527
0.990866382086
0.987735215054
0.984238515774
0.980838955987
0.977937318132
0.975911012446
0.974985402312
0.975349181389
0.976943391893
0.979637646304
0.983245352307
0.987530020321
0.992079761461
0.996519939804
1.00037925476
1.00326392529
1.00474725065
1.00464053687
1.00305383268
1.00030569534
0.996916536242
0.993401180352
0.990342303951
0.988108183143
0.987011182885
0.987174432358
0.988567710754
0.991039843605
0.994244436677
0.997690315657
1.00091138531
1.00339665956
1.00472307728
1.00471531298
1.00333356976
1.00073377991
0.997305155663
0.993386990492
0.989372883335
0.985614505759
0.982332478945
0.979683000385
0.977754738669
0.976528568535
0.975973263481
0.975989439905
0.976422689424
0.977226202661
0.978256785949
0.979415027974
0.980615304701
0.981766060435
0.982828118083
0.983871712044
0.98490220748
0.986052332196
0.987315010571
0.988749942951
0.990388374072
0.992221603046
0.994162055707
0.996148848198
0.997959328951
0.999406485922
1.00028408418
1.0003533236
0.999695557481
0.998346067835
0.996542923434
0.994514904647
0.992489022417
0.990605885747
0.989080353852
0.988010748984
0.987530316204
0.987758172617
0.98865006255
0.990171095741
0.992124366525
0.994281383492
0.996389724601
0.998181267051
0.99943735934
0.999976517553
0.999719035355
0.998814367081
0.997398531206
0.995760780381
0.994210895276
0.992969647806
0.992212189616
0.992066559069
0.992462369298
0.993414469551
0.994727674999
0.996204483454
0.997526459746
0.998553199564
0.999105082191
0.999136804778
0.998752079867
0.998165137615
0.997465464094
0.996852261582
0.996344361177
0.995966263293
0.995654772853
0.995369303783
0.995019943283
0.994605311693
0.994166609024
0.993697624489
0.993308636258
0.992999837206
0.992754470025
0.992536788003
0.992406253673
0.992256611211
0.992092187828
0.991864093378
0.991721551409
0.991711768835
0.991969226616
0.992635006175
0.993735493612
0.995228031904
0.996919965062
0.998580801266
0.999811968223
1.0002601826
0.999668372181
0.99799258437
0.995375912494
0.992194235385
0.988868317519
0.985814949569
0.983486828506
0.982097362804
0.981743862953
0.982307798355
0.983504491465
0.984919778732
0.986174481256
0.986957617989
0.987167125803
0.986772669662
0.985931162359
0.984834344377
0.983620406439
0.982511062988
0.981565086531
0.980802057758
0.980123245147
0.979520777019
0.978925900748
0.978467555236
0.978327549535
0.978622806821
0.979529793271
0.981055449678
0.983146966683
0.985526921307
0.987764618972
0.989309875089
0.989771470697
0.988863119704
0.986650791107
0.983354673496
0.979394410648
0.975288567241
0.971602899349
0.968768644729
0.967056883004
0.966522899979
0.967038205716
0.968352571777
0.970286769841
0.972584208865
0.975165412852
0.977921009325
0.980824766085
0.983726360028
0.986535156894
0.989103200492
0.991140616141
0.992497471719
0.992992618892
0.992672463768
0.991610003457
0.990102420429
0.988464096507
0.986991832614
0.985924871418
0.985371454817
0.985499265786
0.986323337381
0.987756876745
0.98985434225
0.992484140848
0.995557920552
0.998949726929
1.00247343997
1.00588654166
1.00891176401
1.01128195363
1.01263217657
1.01278988053
1.01165053041
1.00928494463
1.00591756378
1.00186029629
0.997457377012
0.993074224268
0.988967727169
0.985426627437
0.982549159732
0.98042067835
0.97910309755
0.978552899759
0.978844589097
0.979961185026
0.981840878044
0.984318656292
0.987191107719
0.990082447126
0.992586589116
0.994245933082
0.994838467494
0.994283191188
0.992688777158
0.99042017965
0.987843272435
0.985395228647
0.983516355954
0.982427032459
0.982149148561
0.982453661179
0.982965388874
0.983289792652
0.983147255847
0.982497768172
0.981473644614
0.980405548621
0.979523955557
0.97923107786
0.979711101162
0.980888429752
0.982684083845
0.984756807075
0.986849747915
0.988777125827
0.990462576745
0.991930331069
0.993297747564
0.994677762725
0.995978356245
0.997090891312
0.997681456533
0.997329319219
0.995876736111
0.993222206256
0.989494997618
0.985118199943
0.980488728926
0.976230980059
0.97279600537
0.970531695424
0.969421526127
0.969272836817
0.969648009233
0.970196078431
0.970575979257
0.970683583273
0.970507172976
0.970288543948
0.9702087788
0.97050646682
0.971317040054
0.972544929786
0.973977515022
0.97526262284
0.976138618654
0.9764614714
0.976128156657
0.975263476681
0.974090008218
0.972794188396
0.971603403767
0.970614087184
0.969808106381
0.969151427693
0.968592606671
0.96812205111
0.967724765315
0.967552775606
0.967614125754
0.968100340724
0.969008315444
0.970263423273
0.971799583486
0.973369817498
0.974834016794
0.976034006792
0.976856835307
0.977365046738
0.977613944291
0.977662854784
0.977590901424
0.977450441187
0.977258129743
0.977016138616
0.976798033084
0.976595232362
0.976527879231
0.97664
0.976968132632
0.977467597208
0.978077066966
0.978680481184
0.97920708352
0.979597929936
0.979892727953
0.980158332498
0.980481915589
0.980982367758
0.981688938009
0.982546687611
0.983394606331
0.98406034125
0.984380675627
0.984327835599
0.983961624188
0.983432299685
0.983038694523
0.983085622779
0.983835526482
0.985273581313
0.987136138299
0.98905535805
0.990517481808
0.991129359286
0.990660846615
0.988986391962
0.986193193397
0.982545417536
0.978482102172
0.974481218478
0.970961977564
0.968172888016
0.966127302856
0.964876484734
0.964289189452
0.96434771977
0.964915304314
0.965952174452
0.967190261632
0.968552674271
0.969827262955
0.970816633267
0.971411329863
0.971528269445
0.971213316704
0.970509932419
0.969678297261
0.968892650151
0.968441462357
0.968431978128
0.968981539621
0.969983018679
0.971339563863
0.972958126295
0.974664492663
0.976371797458
0.977926844703
0.979268570849
0.980378256576
0.981318097935
0.982198396844
0.983146780375
0.984269088119
0.985676241694
0.987471883664
0.989702154626
0.992328112556
0.995140216699
0.99798904559
1.00060524723
1.00272315467
1.0042035456
1.00501122305
1.00514790425
1.00476016111
1.00394400042
1.00306836207
1.00229825694
1.00181995284
1.0017085299
1.00193615775
1.00250684266
1.00337924986
1.00440597544
1.00545210314
1.00639715446
1.00709295504
1.00756239645
1.00773409693
1.00772760203
1.00760148795
1.00748576078
1.00744904363
1.0075572958
1.00785096838
1.00823951705
1.0087260975
1.00921978256
1.00966745028
1.01009569881
1.01051745898
1.01098030935
1.01143721473
1.01183305794
1.01206620395
1.01202794965
1.01179320626
1.01144560675
1.01105946466
1.0108540494
1.01098391932
1.01154568556
1.01257650708
1.01399684578
1.01558353566
1.01712917312
1.01839802558
1.0192898219
1.01975899591
1.01990381675
1.01984711605
1.01975109728
1.01958286015
1.01927631217
1.01879576003
1.01796455861
1.01674789305
1.01514297221
1.01322083087
1.0110020494
1.00861298448
1.00603424844
1.00340423214
1.00076319232
0.998144408667
0.995702633164
0.993557268722
0.991838094445
0.990615457882
0.989981091073
0.989747075651
0.989675849975
0.989452663554
0.988811383929
0.987737363672
0.986242949512
0.984590919061
0.983056414748
0.981960805751
0.981521354011
0.981719555194
0.982423033375
0.98337266681
0.98423869414
0.984898473753
0.985304843459
0.985507641921
0.985649630202
0.98593236392
0.986406569691
0.987208321619
0.988174676915
0.989280072218
0.990371545084
0.991340758253
0.992229836282
0.993169831984
0.994198799353
0.995397140474
0.996886959502
0.998556753544
1.00019640853
1.00178531578
1.00320004452
1.00434105076
1.00526301133
1.00601185672
1.00671848973
1.00746722717
1.00824327305
1.00904079383
1.00982590163
1.01060771013
1.01134887923
1.0121651722
1.01322995331
1.01452594955
1.01614169793
1.01789617885
1.01953330604
1.02075799006
1.02129739336
1.02100990808
1.01991422487
1.01841907905
1.01695168174
1.01602933783
1.01577637934
1.01621982358
1.01694328186
1.01757823757
1.01746850768
1.01637170692
1.0140861266
1.01089007031
1.00734835159
1.00400304457
1.00115249473
0.998957775837
0.997221040692
0.995649934177
0.993907192977
0.991718005347
0.989070241912
0.986117997025
0.983224902996
0.980646104371
0.97853031015
0.977004019863
0.975854891466
0.974970913756
0.974193932892
0.973468903777
0.972786914183
0.972199509403
0.971761424712
0.971392133561
0.971142145216
0.970839486868
0.970375075795
0.969808288371
0.96914845173
0.968581510233
0.968241934125
0.968204523769
0.968547432501
0.969131595388
0.969818452551
0.970393219557
0.970679325017
0.970619797558
0.97027027027
0.969887955182
0.969789585048
0.970088133179
0.97112097403
0.972948438635
0.975444255112
0.9783867821
0.981450458408
0.984399233647
0.986994044001
0.989236850106
0.991143439754
0.992879963487
0.994539497634
0.996201272272
0.997906823755
0.999644022545
1.00132759028
1.00285655388
1.00424753702
1.00544588155
1.00647210759
1.00734179473
1.00816920655
1.0089344019
1.00971797082
1.01066371946
1.01160652377
1.01269415032
1.01381206934
1.01486292387
1.01575323083
1.01647779286
1.01709077098
1.01759232797
1.01816382558
1.01883396542
1.01957422027
1.02033854251
1.02089018843
1.02105910135
1.0208467172
1.02011732449
1.01904852461
1.01781258883
1.01651538074
1.0152482158
1.01411315559
1.01304509877
1.01194066597
1.01089311323
1.00980124412
1.00878947687
1.00790249536
1.00720962913
1.00666216382
1.00619052019
1.00567410879
1.00493811919
1.00392969862
1.00267662621
1.00119365478
0.999618829808
0.997913523577
0.996183453005
0.994383663929
0.992625081222
0.990871881497
0.989170731707
0.987698231417
0.986519728427
0.985662019183
0.985098790722
0.984629592981
0.98403016888
0.983186445088
0.982038052241
0.980718106403
0.979370595925
0.978224934834
0.977246078276
0.976492490218
0.975749019608
0.974899441863
0.973961889392
0.973020691364
0.972213607889
0.971806441575
0.971786540024
0.972134282042
0.972517981092
0.972663499953
0.972464042392
0.971914920595
0.971322731047
0.971066791249
0.971371007052
0.972323998953
0.9737456051
0.975182096833
0.976225903515
0.976775865506
0.976725521669
0.976264224631
0.975710419486
0.975152335816
0.97474798557
0.974502258658
0.974448315912
0.97457878598
0.975051770042
0.975945581808
0.977315317092
0.979120843045
0.981023614332
0.982640238373
0.983799563711
0.984434682964
0.984718303161
0.985031554245
0.985717466679
0.986975675158
0.988898841896
0.991134297785
0.9934054677
0.995316309509
0.996805524184
0.997914969865
0.998912075957
1.0
1.00134594031
1.00308004739
1.00485964793
1.00652055169
1.00776979407
1.00857579335
1.00905867069
1.00953934537
1.01027690551
1.01147248034
1.01316305782
1.01511648586
1.01686729875
1.01812173542
1.01862336645
1.01833030206
1.01734330484
1.01590450214
1.01429374166
1.01276610547
1.01127897351
1.00976964212
1.00819112628
1.00655971722
1.00483336713
1.00315351583
1.0014971056
0.999966966173
0.998453743914
0.996974579894
0.995452148695
0.993886520604
0.992388138734
0.99093495666
0.989490035364
0.988064537459
0.986531316348
0.984837858598
0.983154773937
0.981516088478
0.980167550009
0.979130912336
0.978286304198
0.97728214335
0.975868893441
0.973788276465
0.97116436664
0.968446860676
0.96621043627
0.965012292016
0.964907914385
0.965591932391
0.966437942191
0.96692357097
0.966652338993
0.965716334947
0.964591967986
0.963933961596
0.964150546678
0.965202608937
0.96667470793
0.967972508591
0.968711361451
0.968607403849
0.967908407382
0.967049002308
0.966526492851
0.966613247863
0.967457784869
0.968913982066
0.970735924978
0.972762386787
0.97483355526
0.976966030712
0.979047682295
0.981106971794
0.983041776767
0.984717630389
0.9860742254
0.987002297747
0.987673449712
0.988374499793
0.989346983951
0.990847080114
0.992893329581
0.995503051501
0.998370214769
1.00113573915
1.00350333739
1.00528670191
1.00666493872
1.00791615565
1.00928491202
1.01092875511
1.01279260702
1.01467932214
1.01611910441
1.01683346754
1.01679004808
1.01600517032
1.01484490679
1.01355661882
1.01237191651
1.01153293504
1.01107440499
1.01086026704
1.01080263983
1.01066324661
1.01022644266
1.0094391195
1.00813332849
1.00630880709
1.00417484389
1.00183499188
0.999615277001
0.997563692051
0.995619524406
0.993808049536
0.991898751782
0.989809711968
0.987586206897
0.985347608263
0.983323631134
0.981545005488
0.980113734275
0.978898128898
0.977603894975
0.976008913959
0.974052660908
0.971812314669
0.969635343619
0.967884554168
0.966758408693
0.966256450973
0.966099847395
0.965821630494
0.965095858335
0.963937800978
0.962685737577
0.961835205993
0.961864727713
0.96283280492
0.964270637449
0.965489412398
0.966083445491
0.965966467527
0.965487856839
0.96534383284
0.966102359119
0.967815370123
0.970171455414
0.972429906542
0.973962571196
0.974725614469
0.975151679097
0.975834203302
0.977378884385
0.979884836852
0.982994103101
0.98613361468
0.988777495137
0.990828082473
0.992545657846
0.994298703234
0.996359854394
0.998783320429
1.00120433561
1.00332562175
1.00477918718
1.00559882281
1.00596971985
1.00623580723
1.00674019608
1.00776336125
1.00930865347
1.01121989566
1.01324503311
1.01497210725
1.01608870529
1.01635701275
1.015738543
1.01442606187
1.01289827536
1.0116219387
1.01089405074
1.01077996195
1.01123214353
1.0118622158
1.0123225288
1.01231669297
1.01178340246
1.01079896706
1.00957467854
1.00851965921
1.00803034583
1.00828527333
1.00927098223
1.01077657124
1.01242313445
1.01379774525
1.01464764743
1.01499462943
1.01506128086
1.01520912548
1.0157878801
1.01697859221
1.01841564236
1.01972203839
1.02042084702
1.02021144279
1.01940503028
1.0186030186
1.01840865469
1.01899202858
1.02017467249
1.02138006572
1.021770555
1.02085873541
1.01870205981
1.01593523647
1.01322516584
1.01115272926
1.00983647904
1.00914544616
1.00850637978
1.00759232515
1.0059497127
1.00366905895
1.00088123373
0.997803251188
0.994619584712
0.991512651701
0.988640830123
0.986050668325
0.983543525069
0.981202002063
0.978828107118
0.976474182707
0.974096431573
0.97173548682
0.969225528049
0.966583972335
0.963851363994
0.961128362453
0.958677375769
0.956780587061
0.955523672884
0.954876438408
0.954504368786
0.954134658834
0.953640382363
0.95310360566
0.95258719816
0.952325850498
0.95230167641
0.952425300737
0.952547783098
0.952656929162
0.952913292514
0.953416025206
0.954128809198
0.954940391998
0.955673615054
0.956328675602
0.957173359612
0.958501225439
0.960594451227
0.963436461263
0.966683862093
0.969613140264
0.971816918534
0.973334499038
0.97435105068
0.975291541933
0.976404646748
0.977431267952
0.978183151526
0.978336859535
0.978194585605
0.978136484161
0.978735389382
0.980151586926
0.982251908397
0.984282907662
0.985583853916
0.985970494649
0.985564113743
0.985092804599
0.98522288007
0.986232913625
0.987679671458
0.989085948158
0.989740846988
0.989536694569
0.988721253845
0.987853854442
0.987169441724
0.986834406085
0.986395545873
0.985435493174
0.983832392615
0.981773069949
0.979905718775
0.978663885069
0.978263937897
0.978295295762
0.977955080017
0.976745250629
0.974489795918
0.97151539892
0.96862886505
0.966343793242
0.964676309755
0.96325676677
0.961589976237
0.959341556711
0.956737770924
0.954235264011
0.952348680588
0.951273765056
0.950763088951
0.950433705081
0.950076141087
0.949704142012
0.949565360013
0.949826495203
0.950352883913
0.950999355255
0.951420089859
0.951702042451
0.951986224572
0.952539117212
0.953466097298
0.954462369864
0.955384006334
0.95606264336
0.956797463337
0.958024986075
0.960188287857
0.963197767145
0.966456023211
0.969191779195
0.971050029662
0.972134136674
0.973116138283
0.974786889182
0.977487961477
0.980975316075
0.984401940735
0.987210327961
0.989197220995
0.990577434163
0.992088160497
0.994057965156
0.996439553326
0.998824387871
1.00061052546
1.00155546459
1.00189331577
1.00202370627
1.00243902439
1.00330783544
1.00435016779
1.00503914709
1.00507827255
1.00439876496
1.00327353116
1.00221512247
1.00144958431
1.00098332621
1.00051646223
0.999782703173
0.998858647937
0.997921641461
0.997336647727
0.99706366508
0.996917854112
0.996713488205
0.996358505166
0.99608691649
0.996099554235
0.99649957995
0.997142187866
0.997455710516
0.997193416421
0.996290944123
0.995462971997
0.9955654102
0.997073267523
0.999800458944
1.00291530535
1.00538590519
1.00653594771
1.00645799698
1.00593799264
1.00597725469
1.00708464284
1.00904003444
1.01118019197
1.01255530973
1.01291801812
1.01232344831
1.01140534131
1.01078075352
1.01031341317
1.0098842956
1.00880146494
1.00693655445
1.00469398808
1.00241341861
1.00024217473
0.998046994202
0.995427300253
0.992111688474
0.988749841992
0.985843966229
0.98428553251
0.98363485265
0.983334409922
0.982231838447
0.979701850126
0.976055959107
0.972278566599
0.969269384709
0.967365330784
0.966205943331
0.965228996909
0.963745361119
0.961954952353
0.960235533585
0.95932104185
0.959118799438
0.959441189725
0.959458425763
0.958585858586
0.956682099976
0.954208116217
0.951945262153
0.950625252118
0.950522762822
0.951391808931
0.952844695028
0.953884539276
0.954118154377
0.953454104187
0.952585828431
0.952432141897
0.953901033568
0.957142857143
0.961671174112
0.966644865925
0.971404383407
0.975996939849
0.980507395435
0.984770250353
0.988196661312
0.990342844323
0.991469455146
0.992497001876
0.994421388501
