1.09151979197
1.09771025346
1.11031054111
1.11982523994
1.1197440585
1.11164350743
1.10254356099
1.09807920011
1.09912804039
1.10178618335
1.1008051319
1.09391338024
1.08469548754
1.07909186255
1.08031323985
1.08679949437
1.09326548937
1.09423213862
1.08849505761
1.0800598148
1.07492337382
1.0767842031
1.08468173874
1.09355474247
1.09776240165
1.09517801306
1.08885663603
1.08406471397
1.08380912472
1.08776873304
1.09275136399
1.09529199897
1.09443037975
1.09205291426
1.09063281212
1.09113444153
1.09200406327
1.09096591182
1.08695445469
1.08178543022
1.07883110907
1.0802253214
1.08533837974
1.09099865652
1.09396241503
1.09310390237
1.09061404648
1.09025255331
1.09423484527
1.10164197375
1.10860888198
1.11105098855
1.10765824861
1.10111590058
1.09576368762
1.09478243749
1.09813854854
1.10298326081
1.10552567999
1.10370313342
1.09877993331
1.09373366196
1.09089900521
1.09064488835
1.0914819564
1.09161694077
1.09043146569
1.08890072811
1.08830448369
1.08905613045
1.09002635594
1.08939048802
1.08637577916
1.08209385058
1.07895618384
1.07891328174
1.08201058201
1.0862302334
1.08864302414
1.08775890841
1.08420779894
1.08054550693
1.07919348191
1.08054811781
1.08310588235
1.08450220237
1.08355326482
1.08102443986
1.07905452987
1.07939606527
1.08194474061
1.08475298126
1.08539244186
1.08284325492
1.07851974855
1.07511075903
1.0746777862
1.07726584343
1.08101487314
1.08327985532
1.08254586689
1.07972836295
1.07730300942
1.07751937984
1.08085398268
1.08570611778
1.08943507179
1.09018582713
1.08829174664
1.08561566955
1.08439231932
1.08540925267
1.08806586675
1.09058664565
1.09146650166
1.09031498051
1.08795635753
1.0857358575
1.08447706011
1.08440227917
1.08534598967
1.08700406561
1.08938313051
1.09224359691
1.09514465127
1.09703952001
1.09710276143
1.09535279116
1.09297655079
1.09157829422
1.09196212164
1.09348305708
1.09438855482
1.09285344679
1.08848635667
1.08327044755
1.08023471996
1.08143729997
1.08651682109
1.09264112606
1.09603681164
1.09437625063
1.08833043791
1.08136152347
1.07739025857
1.0783026857
1.08301541279
1.0881102071
1.09042074212
1.08880850666
1.08519884942
1.08287535722
1.08406448956
1.0886201809
1.09394707756
1.09683034981
1.09560595556
1.09156698169
1.08760909812
1.08653527109
1.08880192655
1.09292813197
1.09626544685
1.0970767064
1.0957875521
1.09454658342
1.095388022
1.09868123456
1.10287676513
1.10544301568
1.10478207164
1.10155396596
1.09812952676
1.09701125176
1.09923421675
1.10336751712
1.10686288483
1.10741769987
1.10466229392
1.1005702619
1.09782380519
1.09795989538
1.10063396963
1.10403699711
1.10607895374
1.10597276064
1.1045191981
1.1033936041
1.10347726661
1.10415896177
1.10372385078
1.10040361586
1.09436819065
1.0875655043
1.08267303103
1.08121715598
1.08283764323
1.08557587123
1.08701072052
1.08568601379
1.08237916399
1.07930390799
1.07845764478
1.08034577696
1.08371268105
1.08635303151
1.08664451046
1.08440233236
1.08115198339
1.07857856429
1.07720901197
1.07612574342
1.0737229376
1.06916109371
1.0633181041
1.05857019811
1.05716492854
1.05965916912
1.06453038674
1.06879968866
1.069782384
1.06670951875
1.06157443492
1.05771574166
1.05755892675
1.06106108879
1.0659380489
1.06898100076
1.06799560774
1.06334739803
1.05770795343
1.05410029168
1.05386892178
1.05609366988
1.05824626219
1.05776752875
1.05387937366
1.04835908756
1.04420035926
1.04352319367
1.0464991824
1.05129129129
1.0552184466
1.05640304485
1.05485296826
1.05242592991
1.05123931228
1.05217229279
1.05445947639
1.05620106087
1.05579535356
1.05295930362
1.04922140116
1.04649247823
1.04589134503
1.04683169263
1.04746957079
1.04573924774
1.04085883672
1.03391448206
1.02710283319
1.02228473199
1.01974318316
1.01823086225
1.01585829547
1.01137062077
1.00496043822
0.9983161946
0.993309743986
0.990559636546
0.989219833157
0.987552353337
0.98382301504
0.977899754442
0.971329130174
0.966388920167
0.964576139022
0.965599313647
0.967588758213
0.968129686811
0.965517241379
0.960101520072
0.954077079108
0.950111310785
0.949560993835
0.952114328374
0.955692652832
0.957759289479
0.956784510884
0.952965344289
0.947923042125
0.943650730306
0.941138784336
0.94015418088
0.939639785819
0.938712833614
0.937307577037
0.936345529453
0.936788528897
0.939050924013
0.942248310012
0.944788383611
0.94522611637
0.943320648908
0.940424921045
0.938588662079
0.93943339989
0.943044810976
0.947962197283
0.951959847036
0.953363661013
0.952097257084
0.949836621082
0.948865355522
0.950539786511
0.954373666565
0.958333333333
0.9598486247
0.957274933194
0.951319200854
0.944449478931
0.939448387387
0.937838965373
0.939243294734
0.941626708759
0.942435775452
0.940109321909
0.935196281898
0.929792147806
0.926381945436
0.92630024983
0.929212814775
0.933323899816
0.936179217335
0.936244712737
0.933599379226
0.929820234572
0.926875
0.925879805089
0.926917765563
0.928933734776
0.930639602724
0.931167072841
0.93053307435
0.929509255273
0.92870988585
0.92835118468
0.928001307581
0.927031327152
0.925160508115
0.922822126532
0.920960300577
0.920300293645
0.920842046564
0.921876760167
0.922187410994
0.920874065555
0.917999132572
0.914669834555
0.912521391072
0.912494545455
0.914570215258
0.917670029287
0.920113653357
0.920563567248
0.918625787688
0.915402089959
0.912633677723
0.911679623938
0.913026462354
0.915808491418
0.918560207061
0.919676064787
0.918401381816
0.915128280743
0.911044288092
0.907271726854
0.904575314049
0.903056241742
0.902405498282
0.902345197048
0.902664630007
0.90348367553
0.904772512112
0.906293318547
0.907472028359
0.907566518847
0.906368702692
0.904317741489
0.902611189235
0.902743827076
0.905542908862
0.910783531806
0.917262003655
0.923225211634
0.927124707738
0.92833267237
0.927611579874
0.926537585421
0.926661901358
0.928655813283
0.932255244755
0.936362295324
0.939776286353
0.941873046405
0.942920100214
0.943746404675
0.945233389083
0.947681186056
0.95056763696
0.953101077957
0.954498253564
0.9546629674
0.954338330034
0.954561069298
0.956023834647
0.958548421996
0.961168045438
0.962597210221
0.961763618437
0.958669323931
0.954244193117
0.950115834762
0.947573798814
0.946912594957
0.947442722273
0.947940788509
0.947385334502
0.945417005932
0.942775352052
0.940604596313
0.939985663082
0.941095497562
0.943268124281
0.945282691641
0.945991463167
0.945051423244
0.943123393316
0.941464415524
0.94127877841
0.943124721272
0.946729561638
0.951263209037
0.955735947312
0.959561089878
0.962758876884
0.965888242794
0.96933571138
0.973239925526
0.977097534561
0.980068044678
0.981706335148
0.981866700961
0.981170678687
0.980380952381
0.979825724569
0.979313602015
0.978160991881
0.975658846468
0.971695451838
0.96710853871
0.963383838384
0.961860663478
0.963081570997
0.966357727492
0.970118263068
0.972477617339
0.972192900443
0.969265006616
0.965320338426
0.962517449286
0.962491865349
0.965429467827
0.970098185064
0.97442202165
0.976291866751
0.974709646117
0.970532896334
0.96593253246
0.963228590531
0.963818204062
0.967824768741
0.974009667901
0.980490754591
0.985381995759
0.987911025145
0.988443958025
0.988223591323
0.988464865904
0.989789365528
0.992028400839
0.994645117321
0.996941298972
0.998636938954
0.999871200412
1.0011150403
1.00249132766
1.0038831303
1.00480739215
1.00496084366
1.00445969125
1.00423056584
1.00547648515
1.00906465093
1.01475169507
1.02115934969
1.02625487329
1.02813502367
1.02611814475
1.02122757434
1.01613250161
1.01391534066
1.01630067048
1.02298992646
1.0316970547
1.03930530165
1.04291133994
1.0414589431
1.03636539953
1.03082502267
1.02808097166
1.02986187666
1.03531247968
1.04175917461
1.04576576577
1.04482747321
1.03859958235
1.02944412088
1.02103881132
1.01655461119
1.01725603804
1.02191566076
1.02769615505
1.03123151175
1.03031334096
1.02490885137
1.01718702637
1.0102126637
1.00633516615
1.00630283478
1.00917073756
1.01291546243
1.01555468302
1.01613829369
1.01533260896
1.01477550282
1.01586054802
1.01908640549
1.02368824793
1.02778983934
1.02960042555
1.0281619311
1.02422623723
1.01957222936
1.01612953546
1.01482542748
1.01521718794
1.01576330028
1.01445005172
1.01001627645
1.00261161547
0.994160135239
0.987055114291
0.983150775124
0.982778551738
0.984731924426
0.986888908487
0.987089580705
0.984206832007
0.978851524319
0.973094040807
0.969388634992
0.969421416483
0.97336707987
0.979986677093
0.987193731361
0.992974999262
0.9963120483
0.997728020089
0.998710025799
1.00090317919
1.00505203291
1.01065481445
1.01618093224
1.01977636078
1.02040249398
1.01827088982
1.01496335817
1.01252399671
1.01235801908
1.01464737794
1.01815453863
1.02080845474
1.02068699801
1.01710630557
1.01098964827
1.00455757159
1.00019889754
0.999434165111
1.00237724636
1.00766784051
1.01303442572
1.01627434717
1.0163681108
1.0139234354
1.01066445563
1.00860634575
1.00884827806
1.01144211635
1.01506881822
1.01794879491
1.01853027418
1.01640386187
1.01260630919
1.00884690358
1.00668576886
1.00676118425
1.00849377123
1.01059701493
1.01128257171
1.00939274143
1.00500736377
0.999243944285
0.993977458487
0.990535562482
0.989376053963
0.989782493072
0.990324655351
0.989625569755
0.986865271218
0.982339647909
0.977412616627
0.97359919795
0.97206235682
0.972855897162
0.975239231053
0.977918614321
0.979681493685
0.980032505224
0.979387429235
0.978937304439
0.979680906411
0.982067053626
0.985544955189
0.988843813387
0.990363963546
0.988954921003
0.984371846256
0.977773968689
0.97110577602
0.966088438225
0.963772330702
0.963898916968
0.96539868526
0.966595183108
0.966178531198
0.963781427357
0.960101658787
0.956599918267
0.954737214556
0.95517053206
0.957637821217
0.961032486775
0.963935251195
0.965199504058
0.964540614025
0.962621331668
0.960716414521
0.959919441765
0.96075873997
0.962696297976
0.964604275803
0.965062791026
0.96317264574
0.958981612447
0.953538672142
0.948442186613
0.945051714461
0.944049450841
0.945140651438
0.947254373447
0.949013592849
0.949338624339
0.948047484335
0.945771039146
0.943841010598
0.943393723971
0.944977675588
0.948283789998
0.952243879705
0.955506828023
0.957028078721
0.956610873961
0.954933998487
0.953417707404
0.953095996675
0.954431426602
0.956925698892
0.959455378956
0.960533888782
0.959102326089
0.954829968839
0.948706954308
0.942326516575
0.937321937322
0.934531982694
0.933825236707
0.934283206856
0.934520107794
0.933260393873
0.930153411173
0.925757535939
0.921444576249
0.918657249425
0.918268591635
0.920114619319
0.923195374973
0.925957214879
0.926917590256
0.925277869484
0.921388743923
0.91643674707
0.91198156682
0.909218027321
0.908379619739
0.908750497942
0.908989981761
0.907606122771
0.903836103272
0.897921094925
0.891227258711
0.885539403213
0.882351447435
0.882276744895
0.88478521657
0.888488467875
0.891529301648
0.892384801092
0.890503619933
0.886580706781
0.882234096286
0.879395246081
0.879319539249
0.882113929803
0.886887530824
0.89174898003
0.894734021171
0.894342739894
0.890337564992
0.883817968444
0.876633250006
0.870806311597
0.867620160553
0.86749619096
0.869720283283
0.87289762691
0.875411437976
0.87605394116
0.874535507845
0.871461381642
0.867987395392
0.865170868202
0.863529779584
0.863107891767
0.863260289181
0.863169079559
0.86214965697
0.859887634494
0.856736842105
0.853304815066
0.850305130327
0.848107441837
0.846729879623
0.845836306187
0.844865277072
0.843362809436
0.841235813367
0.838817274414
0.836717892426
0.835418169158
0.835240559232
0.835893976867
0.836797865915
0.837149675061
0.836245938132
0.833882001955
0.830367031552
0.826435658835
0.823047584918
0.820809984717
0.819841752891
0.819806384753
0.819962686567
0.819470984612
0.8177469445
0.814677391239
0.810724616183
0.806845785793
0.803940694499
0.80266867587
0.803112083637
0.804798281795
0.806880970507
0.80841225489
0.808718152866
0.807624046994
0.805587600943
0.803249006689
0.801332021494
0.800278692678
0.799984719994
0.800061425061
0.799835699433
0.798686472203
0.796341183375
0.793058151872
0.789599700711
0.786744792949
0.7852582846
0.785255711413
0.78648229767
0.788267911863
0.789750875732
0.790266426332
0.789548268404
0.78789847107
0.786124269995
0.785098413816
0.785348373584
0.786743808364
0.788716559777
0.790284817454
0.790238353756
0.787848219136
0.782973466814
0.776345948149
0.769290646579
0.763121444472
0.758879964846
0.756871189393
0.756754151303
0.757694163049
0.758681648666
0.758800331077
0.757588357588
0.755196191505
0.752292901227
0.749796793024
0.748431866449
0.748313826622
0.749195900965
0.750282145813
0.750749615743
0.749867474441
0.747361261556
0.74354543861
0.739225422046
0.735415641909
0.732886069773
0.732027571477
0.732775960257
0.734597271447
0.736707441883
0.738453630957
0.739453057815
0.739840804357
0.740155146005
0.741097757403
0.74327251002
0.746786600185
0.751306983205
0.756174568417
0.760353664787
0.762950204375
0.763458526943
0.761913269864
0.75903248659
0.755795013156
0.753244170437
0.751973472569
0.752288357825
0.753904988949
0.756261560766
0.758613741688
0.760392624344
0.761381315514
0.761781579756
0.762160633484
0.763062062553
0.764851099215
0.767534440312
0.770718305022
0.773774333573
0.775933165533
0.776669348351
0.775737161494
0.773592418571
0.770964856902
0.768759451426
0.767710006737
0.768158663667
0.770020480647
0.772848269743
0.775916561315
0.778560978854
0.780336581045
0.781199307884
0.781541389153
0.78195221843
0.782910247272
0.784835219295
0.787603031476
0.790788121232
0.793874195257
0.796155241204
0.797119616692
0.796776162468
0.795447647951
0.793891663465
0.7928960105
0.793106275968
0.794849291023
0.79802302786
0.80218402652
0.806608548931
0.810629910094
0.813697222302
0.815689872692
0.816702601696
0.817121630961
0.817288008534
0.817530892713
0.817892759069
0.818310633007
0.818554676217
0.818511587736
0.818163592622
0.817814341427
0.817970718999
0.819108964037
0.821632791711
0.825588688067
0.830780767789
0.836538180115
0.842169390788
0.846758408865
0.849772105743
0.851159243441
0.851303155007
0.850948838622
0.850842747538
0.851545585759
0.853231369021
0.855764042923
0.858497359578
0.860821489739
0.862064818712
0.861987144831
0.860910480415
0.859684799187
0.859299336402
0.860649841137
0.864147982739
0.869782615324
0.87694872349
0.88464543551
0.891546495851
0.89651236525
0.898809146766
0.898388822456
0.89594043057
0.892398237451
0.88875324279
0.885801813825
0.883880732556
0.8828667617
0.882526816187
0.882352941176
0.882097281302
0.881620902083
0.88121701335
0.881287914139
0.882266762258
0.884399024939
0.887759902154
0.892005919209
0.896641071824
0.901105164825
0.904790551879
0.907357120303
0.908893777498
0.90990653037
0.910924997665
0.912605355643
0.915216170691
0.91866675044
0.922498333809
0.926032938457
0.928369829684
0.929045331242
0.928002360578
0.925825255436
0.92353593322
0.922246360364
0.922764227642
0.925680458143
0.930906867478
0.937822830579
0.945360155743
0.95214483771
0.956953316953
0.959151507191
0.958864502563
0.95702457616
0.954847408577
0.953548216819
0.953831856351
0.955948316262
0.959506506676
0.963675432314
0.967359967051
0.969501083107
0.969496521232
0.967417182505
0.96391179936
0.960051975745
0.957060690202
0.955605322092
0.956171882729
0.958401061536
0.961674923015
0.964912280702
0.967100777308
0.96750308515
0.965973080621
0.962816997944
0.958983108685
0.955392606172
0.952860473761
0.951995957554
0.952832727762
0.955247484774
0.958710807261
0.962492417605
0.966133108677
0.969287758882
0.97206421864
0.974773500387
0.977843077651
0.981491543843
0.985728464355
0.990124650392
0.994080986038
0.996918012118
0.998035018773
0.997235635804
0.99485736127
0.991672115352
0.988689786741
0.986856331937
0.986813334679
0.988727370617
0.99232381983
0.996897057319
1.00151515152
1.00524724606
1.00727425334
1.00750298016
1.00630207969
1.00453135348
1.00315337168
1.00310120258
1.00487386305
1.00856839291
1.01379357672
1.01979005335
1.02542753498
1.02984815919
1.03241947253
1.03304462764
1.03232653629
1.03105741444
1.03002615519
1.02980062959
1.030628732
1.03228993895
1.03426162132
1.03589561513
1.03661522086
1.03608538913
1.03448760273
1.0323862646
1.03065359704
1.03009283225
1.03145935493
1.03500121532
1.04036047409
1.04697986577
1.05367871919
1.05925360105
1.06257551902
1.06311622622
1.060931115
1.05681941481
1.05206842256
1.04786875952
1.04503395138
1.04414035088
1.04514450461
1.04765442581
1.05104772784
1.05439798125
1.05716987308
1.05892471544
1.0598560517
1.06036446469
1.06104181952
1.06242681499
1.0647563424
1.06788369042
1.07127775755
1.07420211798
1.07592680176
1.07567331807
1.07350700239
1.06989033262
1.06579279962
1.06250901746
1.06112796072
1.06240487062
1.06647704482
1.07292509005
1.08083466143
1.08886981188
1.09573072454
1.10030748463
1.10200650151
1.10130294369
1.0991160221
1.09701847448
1.09628981704
1.09788475565
1.10224813878
1.109078114
1.1175543886
1.12633019155
1.13394058188
1.13900286444
1.14086801381
1.13974170598
1.13685949143
1.13379315601
1.13211974416
1.13302665812
1.13728819955
1.14465146283
1.15442077842
1.16512267917
1.17504020081
1.18244099477
1.18638192757
1.18678642715
1.1843615495
1.18076067969
1.17755198861
1.17614129149
1.17754651529
1.1820374911
1.18921393035
1.19832985386
1.20800907912
1.21698769067
1.22435026154
1.22967715232
1.23348694316
1.23655421987
1.23995665944
1.24460882648
1.25084987619
1.25864325214
1.26746014878
1.27616030142
1.28370108602
1.28898705123
1.29170829171
1.29223744292
1.29176818656
1.29181184669
1.29385045423
1.29895051157
1.30750841155
1.31912323865
1.33279037148
1.34681366943
1.35924301869
1.36826958782
1.37315723387
1.37401885653
1.37235471174
1.37021984112
1.36980609418
1.37272432483
1.38001867414
1.39141318723
1.40600747341
1.42185601089
1.43656146915
1.44765593961
1.45345824198
1.45366824173
1.44957713042
1.44335870366
1.43781725888
1.43531817518
1.43735663039
1.44446630595
1.45608007171
1.4704604033
1.4853054316
1.49781999377
1.50567023778
1.50779207196
1.50439669077
1.49767921609
1.49032323954
1.48500658495
1.48370332997
1.48776912969
1.49697031417
1.5101272999
1.52475816993
1.5379354223
1.54641384113
1.54817883467
1.54275132843
1.53172575322
1.51803933943
1.50508773751
1.49586607097
1.49249923462
1.49579274823
1.50530633171
1.51931641636
1.53510565781
1.54894678198
1.55734460255
1.55787272825
1.54992262127
1.53522019221
1.51654870941
1.49743878701
1.48101201899
1.4691684989
1.46309825555
1.46250559062
1.46618417769
1.47215240776
1.47754544074
1.47995319019
1.47746830287
1.46990212485
1.45818456123
1.44452180833
1.43126075203
1.42044072579
1.41336681476
1.41059825769
1.41182987332
1.41594118785
1.42109359798
1.42539868897
1.42672752258
1.42410714286
1.41753357753
1.40795658284
1.39704471311
1.38658055938
1.37798277404
1.37219311377
1.36938870742
1.36924226852
1.37076122133
1.37277743716
1.37353624425
1.37215828022
1.36808065437
1.36164669098
1.35407846458
1.3468369773
1.34139921496
1.33859962449
1.33891746711
1.34214110597
1.34738755111
1.35355009348
1.35893438489
1.36200138344
1.36155235493
1.35707991281
1.3490880474
1.3389213835
1.32833569502
1.31887801341
1.31191588785
1.30799089814
1.30686914435
1.30785590855
1.30988475177
1.31155042203
1.31120812545
1.30794982815
1.30129893318
1.29158321093
1.27993627755
1.26797156149
1.25732290309
1.24938685943
1.2449466951
1.24403879548
1.24621419834
1.25025278059
1.25468196389
1.25782307172
1.25800161092
1.25444590637
1.24678902971
1.23594224924
1.22322851153
1.21047381546
1.19911085498
1.19048784467
1.18506822139
1.18287326214
1.18315696294
1.18487327235
1.1865496603
1.18679935012
1.18430813124
1.17868364141
1.17011400651
1.15980404065
1.14925133475
1.14009853783
1.13368983957
1.13082109037
1.13165233558
1.13567509081
1.14199992257
1.14915148684
1.15558432388
1.15985439006
1.16071428571
1.15783783784
1.15168269231
1.14340466305
1.13460471017
1.12704837505
1.12197211621
1.12014844596
1.12172774869
1.12617397998
1.13246261448
1.13925430061
1.14495484884
1.14823613256
1.14819977696
1.14451005426
1.13780075562
1.12950321588
1.12110335141
1.11414153088
1.10978302246
1.10845373269
1.11023917696
1.11440805288
1.12005889682
1.12579502609
1.13018047485
1.13194498407
1.13020181477
1.12489223293
1.11653518707
1.10646373107
1.09626057335
1.08725871643
1.08060002239
1.07677521901
1.07570409589
1.0769259028
1.07952535377
1.08251779359
1.08469578201
1.08517030305
1.08316376517
1.07870544797
1.07209066687
1.0643189864
1.05655916362
1.05003296462
1.04565794739
1.04396520478
1.0450871661
1.04873613384
1.05431122822
1.06111684863
1.06810408922
1.07427224426
1.07882476706
1.08106379777
1.0807390439
1.07810279045
1.07378879214
1.06873195647
1.06393720519
1.06020288151
1.05795717486
1.05754945944
1.05876931018
1.06130225675
1.0645352939
1.06761791223
1.0696519271
1.06973526772
1.067284689
1.06219453046
1.05480572597
1.04584983162
1.03639240506
1.02750146284
1.02021009778
1.0152561368
1.01310625428
1.01361692954
1.01642230847
1.02060667195
1.02489236224
1.02800305488
1.02879380276
1.02649613369
1.02088906805
1.01267255862
1.00279248567
0.992744513487
0.98390706597
0.977398151077
0.973896072213
0.973542771941
0.975922397367
0.980258584735
0.985342475338
0.989912883998
0.992854095563
0.993099256293
0.990291957729
0.984744006574
0.977184827733
0.968875149301
0.961025427261
0.954628261094
0.950388707038
0.948470755966
0.948798859935
0.950748808713
0.953722402875
0.956827343831
0.959238847874
0.960295089954
0.959623758927
0.957090200988
0.952882118747
0.947417323377
0.941395698704
0.935415887692
0.930024024634
0.925539811066
0.922110298824
0.919810049845
0.918438163258
0.917781897859
0.917554985832
0.91738411155
0.916824388266
0.915434333863
0.912956562987
0.909152565363
0.904333966359
0.898804484032
0.893300918422
0.888493077026
0.88506630148
0.883639138658
0.884469509581
0.887571437956
0.892611063718
0.898914473684
0.905546730209
0.911528060628
0.915747951856
0.917440555159
0.916141840088
0.911931136184
0.905537125073
0.897941855726
0.890447359569
0.884121171771
0.879709666777
0.877521566569
0.877529635209
0.879230541969
0.881954763084
0.884862400586
0.887178455244
0.888232713529
0.887692568139
0.885431831262
0.881741478232
0.876976268
0.871702517926
0.866372883602
0.861496392449
0.857264676943
0.853920831563
0.851530662146
0.849986989331
0.849376866156
0.849664733893
0.850750614728
0.852353988028
0.854253112033
0.855846183877
0.856685191239
0.856335436383
0.854653465347
0.851604366523
0.847583151491
0.84315082032
0.839135418372
0.836254837556
0.835067873303
0.835861269443
0.838562133608
0.842766074491
0.847780678851
0.852687852688
0.856594452048
0.85855828531
0.858014232464
0.854886275042
0.849505885527
0.842567838524
0.83503996829
0.827811326914
0.821609745064
0.81684629202
0.813688212928
0.812132822478
0.811934380097
0.812852744997
0.814558672156
0.816709677419
0.818852061439
0.820526946884
0.821187321382
0.820359281437
0.817707654192
0.813252422433
0.807237163814
0.800266527985
0.793165874632
0.786814244466
0.78196445038
0.779185577408
0.778570534485
0.779983792545
0.782882433612
0.786467624323
0.789891856102
0.792330946698
0.793121166383
0.791952387113
0.789012273524
0.784714781988
0.779905544414
0.77522021475
0.771383888676
0.768708992361
0.767378077614
0.767278210606
0.768010036067
0.769305533783
0.770828105395
0.772326333302
0.773825608798
0.775246247286
0.776466876972
0.777267690359
0.777226463104
0.775930957328
0.773005938052
0.768342500563
0.76206541996
0.754684402379
0.747090718838
0.740041402672
0.734466079623
0.730857756636
0.729463741621
0.730200200504
0.732619344631
0.736104738307
0.739903816511
0.74333146801
0.745764304281
0.746954578363
0.74684462956
0.745550927679
0.743391827605
0.740710468406
0.737733718158
0.734761636284
0.732002628039
0.729647801494
0.72774068759
0.726438283705
0.725846459134
0.726068019646
0.727093535372
0.728886564317
0.73110227728
0.733333333333
0.734992679356
0.735571944139
0.734693877551
0.73223124762
0.728329574691
0.723456164253
0.718265473339
0.713373803117
0.7093467524
0.706516035435
0.705014749263
0.704741181158
0.705473581093
0.706919239832
0.708895621041
0.711230110159
0.713708566706
0.716207107843
0.718440042991
0.720085074903
0.720759509354
0.720134499829
0.717991997999
0.714401978277
0.709654246182
0.704439615026
0.699440103366
0.695398100804
0.692785057991
0.691820328143
0.692344312535
0.694018975106
0.696270883055
0.698506477927
0.700220204519
0.701112492043
0.701149425287
0.700441467499
0.699129322942
0.697386436243
0.695185376684
0.692492547302
0.689164105529
0.685174480514
0.680658486211
0.675864572933
0.671287247797
0.667502013783
0.665078566567
0.66431510876
0.665300026357
0.66772105556
0.671047988709
0.674572156096
0.677563815495
0.679455929704
0.679845008173
0.67880462842
0.676593029263
0.673645880746
0.67041051102
0.667240546092
0.664224774653
0.661369450715
0.658586404734
0.655836377792
0.65322364303
0.651071142849
0.64968790484
0.649484536082
0.650623521509
0.652981912749
0.656153733314
0.659470155645
0.662133206357
0.6633515068
0.662627416784
0.659981357308
0.655771592918
0.6507085864
0.64556176288
0.64105124064
0.637612132192
0.635346560615
0.634231507886
0.633976092837
0.634297340503
0.634872717773
0.635626122733
0.636568783451
0.637736504079
0.639099924607
0.640544400082
0.641697731075
0.642206178246
0.641671385569
0.639823909919
0.636647173489
0.632399592985
0.627505883054
0.622461064724
0.617693801872
0.613463340361
0.609946040543
0.607124164001
0.604928964917
0.603276888401
0.602256699577
0.601892473118
0.602379318234
0.603647903028
0.605613210252
0.607947172641
0.610143874437
0.61173470883
0.612256941371
0.611412158361
0.609307006897
0.606217005338
0.60257425162
0.598898697666
0.595560321094
0.592712363573
0.59048085511
0.588747950643
0.587398140709
0.586462083548
0.585946375824
0.58604638041
0.586895545832
0.588544579931
0.590720725766
0.593057627882
0.595036628997
0.59603199633
0.595697929918
0.593816290355
0.590587824671
0.586499970993
0.582089552239
0.577817993795
0.573951118997
0.570551271065
0.567473455874
0.564576382354
0.561707330945
0.558960730542
0.556511504078
0.554865194719
0.554380083535
0.555337047962
0.557687059979
0.561160151324
0.565172890733
0.569074529991
0.57212340582
0.57376535294
0.573818306597
0.572355260902
0.569768435444
0.566524822695
0.563033765059
0.559570863919
0.556326899199
0.553411751432
0.550881342569
0.548778777937
0.547156668803
0.546150868267
0.54582154725
0.546187923868
0.547079563779
0.548336670049
0.549646760128
0.550795151246
0.55166139462
0.552207309867
0.552563233966
0.55285795133
0.55312508866
0.553349663894
0.553353571224
0.552891680835
0.551757105195
0.549915741763
0.547475978983
0.544690316617
0.542011868245
0.539845393054
0.538435498886
0.537906441287
0.538137969714
0.538941159949
0.540147630585
0.541502981658
0.543026285973
0.544665645738
0.546458481192
0.548307254623
0.550025712816
0.551268043016
0.551598226447
0.550718290119
0.548494099689
0.54503219736
0.540790284256
0.536320672151
0.532230495118
0.528956306488
0.526671632384
0.525332190313
0.524706688362
0.524514417729
0.524492642245
0.524538572765
0.524675690919
0.525035765379
0.525759651134
0.526888031751
0.528348997054
0.529888694277
0.531274043256
0.5322854105
0.532804906272
0.532814270358
0.532335556009
0.531476891675
0.530226038199
0.528581882043
0.52646713615
0.523803926178
0.520638835065
0.517213162663
0.513855875703
0.511030150033
0.509069747637
0.508234565468
0.508449401676
0.50953861669
0.511209124621
0.513034646202
0.514740449152
0.516147340939
0.517274662881
0.518151627828
0.518910010513
0.51949237131
0.519808233335
0.519693020562
0.518862686654
0.517228188907
0.514815252036
0.511830745204
0.508617152236
0.505601303576
0.50304798775
0.501149293185
0.499971364756
0.499428342766
0.499386362988
0.499715261959
0.500312039033
0.501129305477
0.502178373668
0.503434162205
0.504921066652
0.506470124902
0.508018667798
0.509364681772
0.51040801718
0.511018411968
0.511073893333
0.510474314027
0.509191925068
0.507219266967
0.504642143613
0.501593578469
0.498314307683
0.495067926757
0.492095210109
0.489561464894
0.487384757666
0.48557912844
0.484012539185
0.482596104707
0.48143006884
0.480646894173
0.480407081642
0.480922031614
0.482166815742
0.483992309621
0.486042235471
0.487987022068
0.489498463534
0.49051173923
0.491037463977
0.491412435957
0.491831167688
0.492453275161
0.493122319184
0.493471810089
0.493105399529
0.491686105628
0.489194381078
0.4859135873
0.482422168183
0.479419320151
0.47747213659
0.476650894878
0.476739098731
0.47730833962
0.477757517872
0.477760425704
0.477279296988
0.476604220189
0.476222004721
0.47664409503
0.478011910215
0.480061876934
0.482294393464
0.484075694787
0.484880388372
0.484556155412
0.483355605048
0.4817585693
0.480282993522
0.47920525844
0.478463886977
0.477696674777
0.476487987444
0.474520265559
0.471844247358
0.468771780963
0.465865992415
0.463714123923
0.462436608091
0.461947471442
0.461788617886
0.461480559335
0.460746311831
0.459625892625
0.458496882937
0.458013290757
0.45856258597
0.460217204916
0.462525726046
0.46476529324
0.466196694788
0.46631897908
0.46514154822
0.46315385297
0.461210217507
0.460049863469
0.459857919924
0.46039456431
0.460979113053
0.460881592399
0.459581019078
0.45703491008
0.453764024611
0.450639140611
0.448482499553
0.447695271973
0.448258544799
0.449656108864
0.451198250643
0.45238306559
0.452918909327
0.452974312089
0.453080039932
0.453668517977
0.454951014696
0.456725999416
0.458554308652
0.460009437301
0.460818678707
0.460954317149
0.460784902939
0.460651780326
0.460857705713
0.46123369499
0.461451107974
0.46098172033
0.45950912602
0.457046286734
0.45397830585
0.451000657709
0.448683100572
0.447374162381
0.44687538902
0.446797922304
0.446537361681
0.445736794764
0.444444444444
0.443037586609
0.442139837596
0.442260071269
0.443522443703
0.445655764784
0.448027919011
0.450101095452
0.451431338135
0.452085101224
0.452430776696
0.453010658003
0.454215802785
0.456018163409
0.458146093532
0.459984947316
0.460996732544
0.460979280751
0.460072858571
0.458753036437
0.457558215168
0.456809491127
0.45652459879
0.456338960609
0.45590339
0.454896864274
0.453355046695
0.451567092705
0.450018020379
0.449034020686
0.448694301524
0.448880139418
0.449260417002
0.44952564721
0.449532470859
0.449467154446
0.449583280717
0.450094102886
0.451080328945
0.452363067293
0.453599497014
0.454447712108
0.454733295187
0.454586044138
0.454260891785
0.454054054054
0.454099149687
0.454360530819
0.454486218805
0.454174482509
0.453196574388
0.451599986653
0.449600748388
0.447591406459
0.445783533642
0.444237423476
0.442763355217
0.441198101224
0.439286791568
0.437097855228
0.434817435418
0.432825438887
0.431295329986
0.430277199375
0.429656688433
0.429233890445
0.428874393496
0.428653883153
0.428877381409
0.429794684068
0.431492518387
0.433771902081
0.436071903285
0.437837494441
0.438574075257
0.43823690044
0.437266038467
0.436296559982
0.436030484839
0.4367173015
0.43810893873
0.439496739345
0.44020330875
0.439674513612
0.437868427258
0.435292527123
0.432687749712
0.430679466739
0.429480634402
0.428884175959
0.428448572411
0.427697941136
0.426408048958
0.424696719052
0.423057163407
0.421910074145
0.421478099104
0.421624173749
0.42200505476
0.422258151442
0.422228944008
0.422060987027
0.422119723918
0.422861657997
0.424296984974
0.426177018329
0.427982326951
0.429186241335
0.429480416722
0.429118647426
0.428580860265
0.428566716147
0.429368827823
0.430946928209
0.432818830147
0.434258632363
0.434775169393
0.434176472618
0.432763345011
0.431100445186
0.429627305373
0.428521434821
0.427576013514
0.426390905549
0.424595123687
0.422060554189
0.418995407782
0.416013894304
0.413524286571
0.411868100963
0.410918027032
0.41048862679
0.410157483077
0.409732904489
0.40907985689
0.408333333333
0.407651354856
0.407189077481
0.40695910179
0.406919275124
0.407124169853
0.407635220967
0.408523804771
0.409843119084
0.41145249555
0.413039183405
0.414305037775
0.415084964722
0.415363630315
0.41545135992
0.415655603463
0.41623448322
0.417181000939
0.418074523689
0.418542190793
0.418268570644
0.417157304149
0.415615196933
0.414098303306
0.413022897016
0.412337776527
0.411689827092
0.410611837651
0.408741283876
0.406160639954
0.403422094671
0.40118411972
0.400036238449
0.399949378073
0.400412087912
0.400688031867
0.400232271177
0.398816868694
0.396812777798
0.395157246221
0.394489889869
0.395138694312
0.396678710395
0.398471011485
0.399744395703
0.400179452669
0.399903604503
0.399588829878
0.399877400899
0.401036199248
0.402834486249
0.404598166127
0.405740884407
0.405987377232
0.405545810282
0.405195067718
0.405474563146
0.406617870274
0.408326552753
0.409825424482
0.410409203637
0.409770134868
0.408122781374
0.406206415621
0.404647911934
0.403786042918
0.403472099203
0.403125223998
0.402255911795
0.400651704317
0.39854218819
0.396392075848
0.394719350074
0.393641040826
0.392911599539
0.392101815459
0.390782091351
0.388798670645
0.38637649455
0.383873268516
0.381753731343
0.380109143557
0.378857396581
0.377847517076
0.376992453525
0.376464557704
0.376380011621
0.376816285427
0.377579754055
0.378328611898
0.378654816069
0.37853524694
0.378150965887
0.378138075314
0.379014396456
0.380875536481
0.383313427743
0.385554875145
0.386897067828
0.387038550606
0.386214181062
0.385311734277
0.385210837238
0.386241951881
0.388148750805
0.390109516359
0.39130732141
0.391353693768
0.390410722305
0.389248727096
0.388622796057
0.388809581839
0.389419878864
0.389712108383
0.388963996015
0.386971944534
0.384252592166
0.381626462516
0.379931171889
0.379337970212
0.379363506222
0.379206819867
0.37808526552
0.375848190777
0.37293417235
0.370192343885
0.368310467957
0.367456288776
0.367222138441
0.366959285606
0.366081516588
0.364536402529
0.362702478716
0.361195928753
0.360453953488
0.360464512299
0.360884883548
0.361245225646
0.361321347982
0.36125142458
0.361452982111
0.362251344814
0.363668974423
0.365396314189
0.366939959185
0.367912024931
0.36835709946
0.368673415024
0.369383011692
0.370793584233
0.372851277055
0.375169677352
0.377352561193
0.379152067274
0.380569784577
0.381814996496
0.38307466443
0.384333310051
0.385377292454
0.386068601583
0.3863990371
0.386684695584
0.38733047823
0.388503610495
0.389802572647
0.390609246723
0.390316492451
0.38869750055
0.386319917135
0.384360207238
0.383787634509
0.384891000981
0.386977840283
0.388703298391
0.388884573559
0.387074749853
0.383964910894
0.381015268689
0.379481778802
0.379654732477
0.380626529221
0.380851838369
0.379062652961
0.374986668854
0.369707549495
0.365154994259
0.362897483118
0.363292383292
0.365359315902
0.36737629697
0.367768972242
0.365941217925
0.362677217277
0.35954881687
0.357940210116
0.358288899661
0.360021795286
0.361903608622
0.362822733315
0.362377902322
0.361068369289
0.359894769907
0.359706203242
0.360713731575
0.362519825152
0.364396654719
0.365723691766
0.366293881265
0.366335259248
0.366303215243
0.366550574287
0.367236403996
0.36844653019
0.370135846556
0.372139776299
0.374370493823
0.376510356732
0.37818859272
0.379179358538
0.379565451607
0.379659920193
0.380103322092
0.381164958394
0.382848609827
0.384508892123
0.38545558046
0.385319460832
0.384344577361
0.383333333333
0.383168494875
0.384234331251
0.386070723389
0.387695523679
0.388178913738
0.387265670767
0.385488865949
0.383991707082
0.383596214511
0.384466453198
0.385684320923
0.386153206606
0.385111662531
0.382783854568
0.380312366779
0.37901599782
0.379528298197
0.381359605911
0.383256981237
0.383965955387
0.382864137087
0.380450880369
0.37791284214
0.376414428625
0.376242540583
0.376881969283
0.377346374654
0.377003439381
0.375857880352
0.374615787635
0.374057990086
0.374451300132
0.375402349812
0.376086082958
0.375872145298
0.374749118525
0.373315180395
0.372360092892
0.372335756412
0.373040521915
0.37379787725
0.373963293421
0.373445285108
0.37265969163
0.372226783434
0.372417083144
0.372999364157
0.37340556289
0.373231724012
0.372571741412
0.37213308486
0.372652507908
0.374367387298
0.376741789507
0.378832900743
0.379860583583
0.379776630773
0.379375800115
0.379812945238
0.381708742909
0.384839876033
0.388190598841
0.390689699516
0.391846850697
0.392112078115
0.392600227168
0.394288334862
0.397368857214
0.401165674603
0.404616847152
0.406948403354
0.40816553428
0.409008308435
0.410404389352
0.412806209071
0.415846774194
0.418735891648
0.420666586064
0.421497244459
0.421605160877
0.421825143586
0.422711554513
0.424256855975
0.426094202611
0.427749791758
0.429120139384
0.430241282628
0.431397273229
0.432533585471
0.43361888595
0.434555388392
0.435363629154
0.43647743929
0.438107275456
0.440242653431
0.442387965661
0.443900319893
0.444462081829
0.4445064583
0.444848533291
0.446354333227
0.449167099429
0.452420901246
0.454952792447
0.455919496452
0.455560464276
0.455075376884
0.455891822279
0.458536782212
0.462415317837
0.465969441948
0.46775785491
0.467539439993
0.466217333774
0.465594243652
0.466724644883
0.469504077218
0.472570303005
0.474259892732
0.47394572557
0.47225416294
0.470756367049
0.470913060229
0.472931034483
0.475860868051
0.478379448379
0.479444764735
0.479165738224
0.478449432174
0.478239389176
0.478841366825
0.47992133187
0.480948857856
0.481989548339
0.48337716003
0.48562255064
0.488633120898
0.491637831603
0.493503333496
0.493720758434
0.493033194196
0.492832508622
0.494318866787
0.497415144924
0.500623403168
0.502083871969
0.500825841522
0.497682624954
0.494950243489
0.494690359651
0.49725454448
0.50095960965
0.503264387996
0.502370271917
0.498658427967
0.494629598616
0.492890384076
0.494471793131
0.498312672176
0.501795813655
0.50275825409
0.500791336943
0.497707873217
0.496046957355
0.497260439295
0.50093463653
0.505317302925
0.508433205748
0.509509047197
0.509165500572
0.508832565284
0.509448360603
0.510886541112
0.512457485829
0.513519545516
0.514131474648
0.514838798567
0.515995828989
0.517376310789
0.518041568459
0.517413043478
0.515747800587
0.514218079598
0.513944461033
0.514937665281
0.515931240887
0.515343213729
0.512712467389
0.509297504186
0.507669474529
0.509609318127
0.514811777249
0.520944421229
0.524959522795
0.524898417913
0.521552400035
0.517950288815
0.516946012703
0.519401648155
0.523829125503
0.52784573723
0.529574266793
0.529480482477
0.52967711301
0.531953847621
0.536202898551
0.540585856593
0.542763025346
0.541653041203
0.538583275956
0.53631831572
0.536637483922
0.539259618527
