1.17084474405
1.17590782123
1.18410392513
1.18974644748
1.189637377
1.18569889577
1.18295970022
1.18470679411
1.19042737233
1.19647774576
1.19874503778
1.19586513995
1.19079566117
1.18819256341
1.19008114327
1.19472045972
1.19788573465
1.19678217822
1.19220445793
1.1882461503
1.18928021006
1.19606509043
1.20518468316
1.21131905806
1.21097445601
1.20546819352
1.19976321171
1.19877060039
1.20337827205
1.21052357113
1.21552260473
1.21515478207
1.21036122635
1.20511671893
1.20303446921
1.20442930153
1.20672960542
1.20651650784
1.202391729
1.19652500587
1.19231835829
1.19182891797
1.19386741329
1.19515803631
1.19296451125
1.18737082802
1.18180241131
1.18032857021
1.18433082198
1.19140625
1.19712200209
1.19756248709
1.19272638317
1.18603156753
1.18201276309
1.18284344546
1.18732394366
1.19177387914
1.19295867384
1.19021364576
1.18608511923
1.18372586226
1.18428224203
1.18645246286
1.18761152179
1.18602632721
1.18254365875
1.18007067138
1.18084994937
1.18483642029
1.18932690652
1.19104897022
1.18838309898
1.18275652702
1.17778593599
1.17629943129
1.17836843316
1.18144923742
1.18218280236
1.17919543583
1.17417427066
1.17066810825
1.17146097861
1.17605082783
1.18139042099
1.18367790402
1.18123687137
1.1757084523
1.1709133075
1.1697947036
1.17237204516
1.175840748
1.17646706048
1.17276833472
1.16663727219
1.16186401211
1.16156560981
1.16578605457
1.17177027964
1.17534737268
1.17415228602
1.16901166289
1.16365138608
1.16165285503
1.16439443326
1.17017175897
1.17553643209
1.17778404285
1.17664528059
1.17419031441
1.17301393438
1.17419677321
1.1770079091
1.17943418885
1.17973226014
1.17798738628
1.17568922306
1.17469946572
1.17574761016
1.17811320755
1.1803581939
1.18145082082
1.18171101381
1.18233658249
1.18440255825
1.18802401994
1.19221889696
1.19565777791
1.19786971376
1.19948871144
1.20164443422
1.20477687715
1.20811799547
1.20997774915
1.20915341261
1.20610052816
1.20306034354
1.2026744672
1.20614324243
1.21240992553
1.21865791792
1.22207601444
1.22166805209
1.21910390494
1.21719654078
1.21813625685
1.22207127512
1.22671342047
1.22946448649
1.228805893
1.22583996105
1.22298047411
1.2225515379
1.22514902261
1.22930215318
1.23274014087
1.23414817858
1.23411198901
1.23461511956
1.23749480394
1.24261161182
1.24802371542
1.25124679396
1.25090530996
1.24813788637
1.2459501389
1.24697529523
1.25198687568
1.2589803864
1.26455808454
1.26612843493
1.26360946746
1.25964304152
1.25753000957
1.25901615163
1.26307219776
1.2667631452
1.26699784978
1.26254285398
1.25513410802
1.24808026659
1.2437927312
1.24284997491
1.24366805987
1.24410624756
1.24291969772
1.24054091928
1.23847974384
1.23793833027
1.23862494369
1.238587991
1.23594615994
1.23009361702
1.22297455837
1.21761367386
1.21612545644
1.21858401347
1.22282872
1.22570149158
1.22486950395
1.2207676947
1.21593363594
1.21346749226
1.21445257269
1.21774020644
1.22042961469
1.21980896757
1.21533540541
1.20909742548
1.2043726517
1.20335842842
1.20615772945
1.21067308539
1.21420819523
1.21527534199
1.21457431038
1.21437662713
1.21643170788
1.22081836096
1.22533446035
1.22700374971
1.22394014963
1.2169891403
1.20943935593
1.20478452169
1.20470161691
1.20837751856
1.21295746198
1.21543840775
1.21448893414
1.21146878275
1.20897535823
1.20920489481
1.21257804172
1.21737788886
1.22114664002
1.22211033137
1.22038767521
1.21787091472
1.21656999778
1.2173094714
1.2194155363
1.2214404378
1.22245964693
1.22279175899
1.22389644872
1.22715161204
1.23262121618
1.23867507674
1.24309993202
1.24420512821
1.24238891936
1.23978594216
1.23923937667
1.24220524468
1.24774354186
1.25305937978
1.25478439711
1.25148700824
1.24442141623
1.23702132028
1.23259917874
1.23218926125
1.23437184577
1.23596108688
1.23402268179
1.2278087939
1.21924959217
1.21167295111
1.20762306072
1.20750825083
1.20941332659
1.21032931777
1.20797854091
1.20227419802
1.19537923697
1.18982399231
1.1872170598
1.18713328987
1.1878136624
1.18721917124
1.18453022578
1.18072984278
1.17781081158
1.17746382785
1.17993924424
1.18400091033
1.18760340008
1.18913825595
1.18835909428
1.1865270228
1.1852578874
1.18549376551
1.1868270694
1.18807326177
1.18804439654
1.18667876269
1.18513735619
1.18511101949
1.1874185523
1.19154466687
1.19562854728
1.19751280176
1.19632937421
1.19286352571
1.18959015887
1.18888198758
1.1917838244
1.19740967098
1.20351911798
1.20747572816
1.20797683724
1.20580956103
1.20306451088
1.20195778725
1.20316674269
1.20585158549
1.20796590723
1.20751810704
1.20399438697
1.19849010142
1.19309923468
1.18964028777
1.18860767563
1.18929582843
1.18997461929
1.18916107065
1.18631582233
1.18206773179
1.17770321794
1.17399721701
1.17084913041
1.16776552386
1.16401359327
1.15956723521
1.15526061917
1.15209916496
1.15051086117
1.15006829046
1.14962239509
1.14787593292
1.14442050352
1.14006956817
1.13653656475
1.13549602226
1.13752179538
1.14181653915
1.14651400648
1.14976411723
1.15064047332
1.14980281528
1.1490269569
1.15002603112
1.15346765271
1.15851542511
1.16342377722
1.16648128664
1.16694420055
1.1656436125
1.16433726135
1.16470696027
1.16718884384
1.17098253005
1.17444041516
1.17600377893
1.17511928461
1.1726293852
1.16982972964
1.167905416
1.16701605081
1.16627078385
1.16445581947
1.16086091067
1.1557992278
1.15059025017
1.14660699165
1.14458840779
1.14386141844
1.14300859936
1.14050481121
1.1356369861
1.12916295509
1.12276760323
1.11817900104
1.11612163258
1.11590206401
1.11585264211
1.11418991937
1.11011756913
1.10431249828
1.09859924091
1.09477150867
1.09370576064
1.09495054375
1.09695054945
1.09795422545
1.09696264917
1.09433021116
1.09144600028
1.09000417072
1.09087601455
1.09406906695
1.09860203965
1.10324021698
1.10702145118
1.10964523936
1.11147696598
1.11299216119
1.11437908497
1.11531145264
1.1152559893
1.11392443725
1.11165449155
1.10937785632
1.10790669494
1.10748479557
1.10755587513
1.10707034516
1.10480726299
1.10035555556
1.09435737599
1.08836789901
1.08383353916
1.08157476742
1.08117211182
1.08148601983
1.08109529874
1.07924310031
1.07624055209
1.07312097059
1.07118927973
1.07102181154
1.07235010707
1.07401267414
1.07491368466
1.07462046028
1.07375924681
1.0736270857
1.07541383989
1.07944576535
1.0847303408
1.08933990367
1.09143258427
1.09020195735
1.08656360123
1.08273206901
1.08105477138
1.08293736501
1.08791176897
1.09405462369
1.09860566577
1.09955045546
1.09642361419
1.09074618096
1.08484070487
1.08071436855
1.07897927371
1.07872769142
1.07811289351
1.07528753674
1.06953595566
1.06161494847
1.05338146944
1.04660220618
1.04211237169
1.03958159671
1.03780114825
1.03546573876
1.03193474436
1.0276857862
1.02395051981
1.02195326417
1.02219837177
1.02411727617
1.02663527918
1.02843892428
1.02880901288
1.02818267547
1.02754947551
1.0279724078
1.0297102837
1.03218403517
1.03398751365
1.03390262554
1.03146144403
1.02763380201
1.02411258259
1.02256261053
1.02354984765
1.02631203854
1.02918037477
1.03024471507
1.0282755645
1.02333447999
1.01690773209
1.01097297449
1.00686790363
1.00459971526
1.00312330255
1.00075653184
0.996205495304
0.989340618137
0.981324820431
0.97411746082
0.969457457667
0.967815792897
0.96833882646
0.969457718679
0.969452329488
0.967479037693
0.963927645873
0.960260039845
0.958111195735
0.958393756427
0.960756199883
0.963958165728
0.966389973958
0.966841282466
0.965249149213
0.962679505733
0.960706007205
0.960583410319
0.96250666517
0.965498803996
0.967958481413
0.968314429208
0.965820861933
0.960907592142
0.954834781646
0.949133517672
0.94466424584
0.941429339065
0.938790757244
0.935935511243
0.932388653304
0.928524761531
0.92511595367
0.923003753406
0.922614786788
0.923406534547
0.924457492979
0.92475156234
0.923785034713
0.922088311956
0.920908196552
0.921709757048
0.925225342913
0.93108716841
0.93774629886
0.943205086755
0.945571378005
0.944191531373
0.939817361646
0.934409104654
0.930080096555
0.928006134129
0.928082379361
0.929190672154
0.929661086831
0.928139598791
0.924289271349
0.919050847458
0.913970430684
0.910426465148
0.908856001879
0.908470369221
0.907776093714
0.905403677467
0.900570497148
0.893797683319
0.886706834396
0.88122836068
0.878597527404
0.878811414827
0.880819882658
0.882817258883
0.883246261012
0.881415883507
0.877877071751
0.874217282405
0.871890872912
0.871750387719
0.873338793627
0.875412014886
0.876280114442
0.874818753021
0.871030198725
0.865880836667
0.86112894596
0.858150929328
0.857385218959
0.858198906988
0.859096048169
0.858618885692
0.855803443887
0.850969087025
0.845393143877
0.840799413831
0.838482793268
0.838711294973
0.840747532089
0.843213925328
0.844724433403
0.844546264478
0.843005591442
0.841339752125
0.840888042807
0.842432726707
0.845829182614
0.849908334883
0.853057597544
0.853853690398
0.851831572031
0.847665241697
0.842953973981
0.839309537423
0.837541401966
0.837560697719
0.838315549401
0.838369565217
0.83640853096
0.832150279345
0.826239238543
0.82028587281
0.815739314342
0.81352994438
0.813598579407
0.815078528648
0.816719015499
0.817412177684
0.816782637937
0.815228373792
0.813698772353
0.813196832343
0.814098025332
0.816176275855
0.818561895318
0.820208265539
0.82036682179
0.818967653131
0.8166574738
0.81434122413
0.812807881773
0.812092537067
0.811713522593
0.810729554544
0.808236950341
0.803823796799
0.797940233915
0.79166214309
0.786370227163
0.783068783069
0.781896915927
0.782344268338
0.78340139639
0.784002325397
0.783487114222
0.782025040538
0.780375449341
0.779633433823
0.780542017032
0.783242995443
0.787181862772
0.791270980565
0.794375262348
0.795712019939
0.795160414822
0.793243010506
0.790939664837
0.788894634034
0.787293847698
0.785695879978
0.783386179907
0.779678383378
0.774303983703
0.7677308944
0.76080075522
0.754586903977
0.749693919195
0.746297697546
0.743900468573
0.741839123765
0.739519344757
0.736766809728
0.733886890434
0.731650443318
0.730734681656
0.731386621377
0.733337019324
0.735732460923
0.737463210324
0.737611163536
0.735751295337
0.732250994867
0.728064877923
0.724257241715
0.721448863636
0.719681346931
0.718393877149
0.716675085592
0.713753918495
0.709236858242
0.703405315615
0.697195851397
0.691755882832
0.687885729686
0.685875251509
0.685378484987
0.685641094782
0.685861881457
0.685562906635
0.684646498227
0.683639002875
0.683200853861
0.683899765517
0.685777664022
0.688381695149
0.690835938405
0.692323427135
0.692257855523
0.690542378896
0.687718053338
0.684712532014
0.682256650102
0.680839955914
0.680243108564
0.679917457224
0.679093817849
0.677183981759
0.67403047879
0.670076798821
0.666149068323
0.663167374968
0.66168986363
0.661705845876
0.662771238122
0.66413722009
0.664996959782
0.664900778552
0.663782921932
0.662003623511
0.66012215105
0.658672632364
0.657705504998
0.656968937427
0.656025300594
0.65433681073
0.651597562788
0.64787441613
0.643477240732
0.639105171412
0.635157306928
0.632012116709
0.629551601423
0.627552037359
0.625671505315
0.623739332816
0.621730207821
0.619883210831
0.618579553741
0.618038687776
0.618174875907
0.618640066108
0.618875096514
0.618264457867
0.616472570792
0.613397389413
0.609444914742
0.605194961731
0.601281360398
0.598081719919
0.595610546472
0.593658508022
0.591785537178
0.589680088573
0.587249300373
0.584636936727
0.582271824237
0.580555555556
0.579847185222
0.580065743132
0.580920082572
0.581798740644
0.582166941406
0.581638828371
0.580116566476
0.577755271154
0.574948475807
0.572135328642
0.569573738364
0.567226506538
0.564887580787
0.562373424417
0.559567222205
0.556560949947
0.553683326837
0.551285116557
0.549824289714
0.549443372421
0.549918506445
0.550893942539
0.551804146711
0.552241038837
0.551977809937
0.551137054603
0.550127195268
0.549462763987
0.549571108901
0.550545636472
0.552088575742
0.553755616022
0.554961832061
0.555197292811
0.554405138529
0.552750685281
0.55090598074
0.549488161779
0.549054373522
0.549794772089
0.551554627012
0.553869312771
0.556193120469
0.558107016345
0.559399580082
0.560290633391
0.561194314605
0.562685756288
0.565114114211
0.568451612903
0.572272535463
0.575960752249
0.57885021097
0.580386172119
0.580350013308
0.578984063745
0.576994067238
0.575167872743
0.574165298303
0.574313563101
0.575609910452
0.577671743664
0.580074222095
0.582342791411
0.584168627325
0.585495761749
0.586549134835
0.587671053493
0.589240049833
0.591303205465
0.593737640079
0.596260318934
0.598416780788
0.599932693926
0.600554878874
0.600406572929
0.599723131985
0.598988003485
0.59848685957
0.598474637562
0.598974492962
0.599889211118
0.601071125335
0.602357809011
0.603591388604
0.604879510052
0.606205489986
0.607720920881
0.609478768364
0.611319994629
0.613032362242
0.614379305687
0.6150843488
0.615106441048
0.614436800493
0.613407706522
0.612294271987
0.611460446247
0.611120409735
0.611280588898
0.611780587383
0.612451183092
0.613118307824
0.61353294203
0.613780297755
0.61395379846
0.614370335665
0.615302049442
0.616976252057
0.619401729533
0.622312236287
0.625445292621
0.628385069836
0.630831643002
0.632697491188
0.633871079416
0.634665193218
0.635293713972
0.636107049342
0.637374486151
0.639216998494
0.641613290633
0.644513499064
0.647780354202
0.651326713884
0.654983757907
0.658787043418
0.662739934862
0.666840440691
0.671098889624
0.675378985886
0.67957267046
0.683425530425
0.68686975159
0.689780378609
0.692215315061
0.694263018535
0.696184710686
0.698231483103
0.700602556511
0.703448036631
0.706860706861
0.710816163441
0.715144945274
0.719724770642
0.724279248779
0.728668512459
0.732778280543
0.736444250618
0.739608356992
0.742210250437
0.744250363901
0.745606055093
0.746268656716
0.746267569733
0.745678832648
0.744601313832
0.743471193787
0.742544410551
0.742210338681
0.742744624991
0.744356639144
0.746861552687
0.750179314302
0.753838336177
0.757376204841
0.760335195531
0.762341272823
0.763233298145
0.763098464318
0.762220226065
0.761163533695
0.760301007046
0.759947144325
0.760357522254
0.761409039258
0.763024469101
0.764870538838
0.766708468575
0.768348454673
0.76973805401
0.771094095126
0.772655242307
0.774501461393
0.776693241934
0.779118730732
0.781620103249
0.783847890126
0.78551949299
0.786372007366
0.786425166826
0.785757438453
0.784684886499
0.783612979525
0.782825688073
0.782502103992
0.782707455578
0.783359093251
0.784318080853
0.785440327686
0.786542489527
0.787661728858
0.788712826675
0.78979407786
0.790903276777
0.792067262376
0.793138664044
0.794055121099
0.794570101287
0.794532560622
0.793708823641
0.792333965844
0.790610718737
0.78891562641
0.787740096038
0.787498591338
0.788239292998
0.790137570977
0.792864298374
0.796136168887
0.799465765801
0.802430651462
0.804781819617
0.80645288061
0.807647242618
0.808708813599
0.809880644289
0.811480781834
0.813522692189
0.8159606598
0.818485826496
0.8208
0.822827872058
0.824514059995
0.826175309703
0.827949849627
0.83021819035
0.833032490975
0.836327030121
0.83989021043
0.843489416292
0.846656449141
0.849077968295
0.850607663423
0.851280815868
0.851640911263
0.851986414975
0.853056580083
0.855052046646
0.858067045677
0.861990057603
0.866186248358
0.870084439083
0.872810574116
0.873854052072
0.872981569075
0.870376392163
0.866639725197
0.862395632627
0.858465344559
0.85534316258
0.853402102757
0.852686721168
0.852976237781
0.853926326677
0.855147994908
0.856342393896
0.857267534116
0.858076785927
0.85870556062
0.859328432347
0.859886599585
0.86036886728
0.860510249464
0.860171384478
0.859193299179
0.857583005635
0.855457583444
0.853176977384
0.851178956515
0.849966694095
0.849812704854
0.850823768252
0.852831521526
0.855576230255
0.85852
0.861158226315
0.863020939215
0.8639292122
0.863840013034
0.86313483693
0.862249838606
0.861623097619
0.861564952747
0.862314777733
0.863745883865
0.865620461514
0.867534363216
0.869147463562
0.870118741584
0.870443691579
0.870421730973
0.870348481761
0.870483647337
0.871136549469
0.87227926078
0.873843357568
0.875737677666
0.877609821279
0.879189856467
0.880371175389
0.881165452653
0.881764024491
0.882483552632
0.883815218282
0.885986817865
0.889135528425
0.893065859825
0.897577738664
0.902175295764
0.906330306664
0.909592346807
0.911788810767
0.912875370537
0.913167654205
0.913094886196
0.91312175515
0.91360646182
0.914722880546
0.916374708041
0.918483054051
0.920661157025
0.922652406417
0.924164690666
0.925093146175
0.925530529879
0.925561432411
0.925451872351
0.925242509161
0.925029033507
0.92475936748
0.924465844117
0.923964522518
0.92310014664
0.922010623138
0.920697995853
0.919547671458
0.918897943345
0.919181034483
0.920414328874
0.922647147993
0.925522648084
0.928640350877
0.931439678403
0.933611802346
0.934777762917
0.934970582992
0.934375277506
0.933559800591
0.933085176265
0.933504504112
0.935198438517
0.938091516888
0.941990397206
0.946341248513
0.950360930398
0.953269343428
0.954448333864
0.953518104196
0.95064318949
0.946404280403
0.941699604743
0.937477781728
0.934468796761
0.933103056272
0.933347873501
0.934927016869
0.93721992795
0.939399301101
0.94066589513
0.940398534537
0.938477347869
0.935033150892
0.93061260545
0.926005338468
0.921843166154
0.918666666667
0.916805751701
0.916342661824
0.917026830416
0.918470790378
0.920162264802
0.921693534408
0.92270930182
0.923063548639
0.922866568278
0.922367509525
0.921758279718
0.921316844056
0.921043568107
0.920923421483
0.920933442609
0.920988934993
0.920805369128
0.920393482406
0.919691587975
0.918948142381
0.918292472376
0.918041970095
0.918299668375
0.919113525633
0.920399515738
0.92185804211
0.923298303754
0.924447362661
0.925149175149
0.925439943828
0.925452235995
0.925541201117
0.926053123506
0.927401178918
0.92983064062
0.93326096396
0.937461787056
0.94200281839
0.946245164733
0.949524407753
0.951397985456
0.951571985141
0.950108557988
0.947553076646
0.944642697832
0.942177622563
0.940688747532
0.940562494541
0.941887879846
0.944198483321
0.946966351674
0.949429691677
0.950932374747
0.950876717281
0.949045162458
0.945666877085
0.941318543698
0.936949692491
0.933330416904
0.931019541575
0.930346758561
0.931282271945
0.933399559452
0.93598502981
0.938233097571
0.939322755075
0.938564422648
0.935820762296
0.931227508996
0.925551106613
0.919699470164
0.914618480774
0.911043463555
0.909330875267
0.909614421632
0.911659005433
0.914939242316
0.918725065784
0.92225890828
0.92481723407
0.925943642373
0.925516641288
0.923886674753
0.921615814353
0.919371995064
0.917835924662
0.917405486785
0.918267027703
0.920351769266
0.923286294544
0.926690301342
0.929879867087
0.932470770289
0.934121109813
0.934700438806
0.934509582374
0.933821617405
0.933134894957
0.932829735182
0.933108223628
0.93414374067
0.935811531731
0.937834482168
0.939802065404
0.941359761111
0.942066805846
0.941841186736
0.940675746464
0.939013765464
0.93722887385
0.935701031373
0.934867545404
0.934818870023
0.935658782341
0.937150181585
0.939144595869
0.941232186679
0.943019080171
0.944099378882
0.944393682287
0.943934981964
0.942864563044
0.94146991786
0.940177504694
0.939129698612
0.938377469525
0.937967959175
0.937737345074
0.937463471654
0.936924493554
0.935843031805
0.934120624209
0.931664411367
0.928786019549
0.925868040889
0.923209627199
0.921277308111
0.920241314749
0.920249968961
0.921129663987
0.922696962213
0.924525192601
0.926153973305
0.927192727575
0.927305334279
0.92639115689
0.92472306143
0.922599320384
0.920656176766
0.919406592491
0.919157580531
0.920255775578
0.922605836416
0.926132632961
0.930449428971
0.935023706452
0.93922308362
0.942423230975
0.944180971167
0.944278187566
0.942950044339
0.9404294815
0.937436932392
0.934535263114
0.932243573746
0.930965979637
0.930887935303
0.931903485255
0.933912324235
0.936268396109
0.938433850919
0.939756498294
0.939851851852
0.938448495125
0.935893098782
0.932557357761
0.929145331169
0.926282843258
0.924609804801
0.924245485031
0.925442122186
0.927851607982
0.931171969392
0.93481961897
0.937995585711
0.940165657065
0.94087893864
0.9400299227
0.937873258129
0.934929531031
0.931874770399
0.929425064599
0.927912087912
0.927597145123
0.928390868157
0.929966010592
0.93181096108
0.933159895938
0.933486794282
0.932147508955
0.929161554192
0.924603174603
0.91917752443
0.913657454105
0.908938681126
0.905626205756
0.904057316408
0.904254086009
0.905911804352
0.908435221969
0.911111111111
0.913057075841
0.913696577827
0.912472213401
0.909279171645
0.904506224396
0.898825762069
0.893279548837
0.888639355688
0.885693497741
0.884629981025
0.88547918318
0.887778950543
0.890963377301
0.894204826145
0.896816894942
0.898098244533
0.897653924941
0.895506226313
0.891912728394
0.887599571078
0.883404836934
0.880102328731
0.878251782182
0.878127552157
0.879639919982
0.882483863788
0.88615705558
0.889996626813
0.893374584968
0.895847566993
0.897076201731
0.89691391032
0.895552586371
0.893352116966
0.890725714719
0.888306101657
0.886351686322
0.885193775251
0.884715798896
0.884868788386
0.885167286245
0.885413958326
0.885304925578
0.884606824926
0.883181380179
0.881076678144
0.878346398462
0.875129189429
0.871704227427
0.868487718912
0.865781387182
0.86378870674
0.862718073338
0.862575845131
0.863410596026
0.865050287356
0.867313218391
0.869846984698
0.872391217854
0.874463128776
0.875751356106
0.875995868988
0.875189864039
0.873478777085
0.871338098589
0.869273578299
0.867818195126
0.867392883079
0.868279666823
0.870473387647
0.873669497903
0.877527565277
0.881363275327
0.884509090909
0.886287870462
0.886276533019
0.884322566339
0.880750203057
0.876120499633
0.871236970625
0.867071013394
0.86417942481
0.863011753009
0.863637970656
0.865863567316
0.869081766351
0.872762853585
0.876212289303
0.878890368078
0.88024557602
0.880193830687
0.878756139844
0.876228180673
0.873115352935
0.869924490668
0.867146248981
0.865271257633
0.864450938281
0.864713743142
0.865923555681
0.867783133378
0.870108829641
0.872636851016
0.875039756865
0.877028271806
0.8783183482
0.878525332478
0.877453960308
0.875147780604
0.871703926627
0.867596067918
0.863379229373
0.85967206163
0.857137848829
0.856218472778
0.857216958296
0.860088263688
0.864586928014
0.870041608877
0.875685877049
0.880570158417
0.883829393335
0.884819380734
0.883240524519
0.879462365591
0.874163462908
0.868299559471
0.862898166864
0.858793900504
0.856492105353
0.856133283261
0.857470007178
0.860092058258
0.863302879291
0.866394500855
0.868843814814
0.870101417011
0.870071906769
0.868817052013
0.866596045198
0.863773823757
0.860637664928
0.857615663322
0.854808492923
0.85230886216
0.85008781899
0.848212447677
0.846713831642
0.845745224231
0.845422439554
0.845798989179
0.846843481509
0.848195726991
0.849597533824
0.850439276486
0.850405152711
0.849215168773
0.846794627052
0.843338517367
0.83937024079
0.835536375684
0.83248047401
0.8306982652
0.830407408641
0.831571223693
0.833953909631
0.836966824645
0.839902826251
0.842105263158
0.842933212682
0.842209967891
0.839993032573
0.836669668214
0.832921217117
0.829300663604
0.826430379747
0.824541977049
0.823745819398
0.823948133543
0.824847795544
0.82614523642
0.827575788095
0.828900917863
0.830028614711
0.830821617612
0.831238597203
0.831125266832
0.830284898348
0.828626969511
0.826146381467
0.822892471649
0.819113441373
0.815210772041
0.8115713567
0.808717028769
0.807047587683
0.806703983764
0.807728742691
0.809802894375
0.812427926592
0.815038893691
0.816970429295
0.817763336041
0.817049515059
0.814928425358
0.811656295692
0.80785361564
0.804077656859
0.800853817163
0.79847505387
0.797075618048
0.796641975309
0.796922267526
0.797659742309
0.798659041609
0.799756722993
0.800921355709
0.802110469909
0.803144654088
0.803854346958
0.803987267549
0.803123313546
0.801152737752
0.797968128844
0.793725623198
0.788868662352
0.784018432564
0.779780771263
0.776634995266
0.774940944245
0.774684603502
0.775599408626
0.777180040589
0.77887820824
0.780121070103
0.780459093584
0.779664907046
0.777956371986
0.775506861878
0.772779247934
0.770055392636
0.767599908952
0.765517913405
0.763773903445
0.762323543729
0.760946362016
0.759510035228
0.758076972583
0.756673708469
0.755581032451
0.754887027164
0.754676897711
0.754790733149
0.754942352528
0.754798263945
0.753907387632
0.752080894785
0.74926714872
0.745675640525
0.741676642832
0.737829761254
0.734540931849
0.732112881259
0.730663810214
0.730089467901
0.730194530589
0.730799311747
0.73159375
0.732488450493
0.733376996008
0.734266824674
0.735063556014
0.735648032088
0.735819344273
0.735377986186
0.734125593399
0.731981837948
0.729023383769
0.725539579813
0.721984737659
0.718831392977
0.71639517533
0.71492891726
0.714338302963
0.714355692986
0.714596549294
0.714737974489
0.714404688464
0.713459337396
0.71196207826
0.710062288884
0.707935819601
0.705743923208
0.703497196667
0.701091675971
0.698474823719
0.695596741091
0.69249176456
0.689343246592
0.686426063928
0.68410604117
0.682686196774
0.682333873582
0.682908635197
0.684030361661
0.685303847644
0.686100802107
0.686034259566
0.684816183151
0.682537268026
0.679436344781
0.676066654459
0.672786045377
0.669955839805
0.667589353612
0.665633357646
0.663782109674
0.661786547846
0.659516616314
0.657000330559
0.654493376298
0.652408158432
0.65114638448
0.650915793785
0.651644015783
0.653067205956
0.654626407973
0.655741114941
0.655887900835
0.654833950562
0.652561045546
0.649475208107
0.646151533373
0.643133027935
0.640818396015
0.639340848925
0.638642980215
0.638483012592
0.63861753615
0.63878507445
0.638948894742
0.639178906388
0.639711934156
0.640686418304
0.642209373991
0.644043831743
0.645841363973
0.647188995215
0.647600084472
0.646808510638
0.644886363636
0.642024060979
0.638747781382
0.635608236085
0.632888238522
0.63080528334
0.629316634241
0.628253013878
0.627368357232
0.626507480731
0.625767425063
0.625310693858
0.62539133546
0.62626052295
0.627865436142
0.629992824683
0.63216522158
0.633813932311
0.634423071042
0.633706276511
0.631619458128
0.628550350424
0.625030622244
0.621619973783
0.618713556851
0.616444996516
0.614774687528
0.613439787092
0.612144453167
0.610833584111
0.609451694002
0.608354392746
0.607842557844
0.608119645538
0.609251244001
0.610978026203
0.612866682566
0.61436570534
0.614900793048
0.614189127176
0.612326959084
0.609613849837
0.606604582772
0.603820293399
0.601562738455
0.599914511648
0.598746369057
0.597764849969
0.596767775703
0.595625247872
0.594422552289
0.593525504223
0.593287030137
0.593972261735
0.595674172264
0.59810586943
0.600903569398
0.603488407243
0.60535801564
0.606210912228
0.606033388051
0.605022193252
0.603594933565
0.602073117746
0.600627173373
0.599259904223
0.597818635089
0.596230065849
0.594366987929
0.592396879177
0.590675976273
0.589501441099
0.589325945321
0.59014058902
0.591805858146
0.593838129605
0.595661710943
0.59672824189
0.596694265751
0.595548283527
0.593619586386
0.591406829993
0.589406845284
0.58779669442
0.586551368901
0.585418694465
0.584051248067
0.582175962542
0.579797149989
0.57712255996
0.574609411545
0.572740200322
0.571853806733
0.572017718039
0.572980229436
0.574409581131
0.575694465713
0.576566623703
0.57688528617
0.576780290246
0.576630701324
0.576747324194
0.577243777115
0.577922278991
0.578528143937
0.578486080898
0.57745583937
0.575170697467
0.571898136329
0.568084226598
0.564416595462
0.561441078289
0.559433754983
0.558453773082
0.558252579421
0.558466413579
0.558759913482
0.558954967343
0.559096986847
0.559390172249
0.56013428193
0.561350070765
0.562991761548
0.564690905704
0.566012335243
0.566521437141
0.565978955399
0.564466162052
0.562359874448
0.560052638336
0.557986870897
0.556276846559
0.554946480701
0.553753988409
0.552414490202
0.55072558079
0.548703188668
0.546602564103
0.544782277517
0.543620570278
0.543314235622
0.543809196336
0.544856946097
0.54607658506
0.547041615552
0.547551611279
0.547512023387
0.547175141243
0.546832820642
0.546668346139
0.546766011414
0.547032080425
0.547249190939
0.547037303195
0.546159406006
0.544557386756
0.542406246924
0.540011100591
0.537741977394
0.535913032225
0.534676481984
0.534004387663
0.533851312141
0.533961839184
0.534232963652
0.534547077767
0.534882983446
0.535251753111
0.535748091121
0.536326272526
0.536922343973
0.537539936102
0.537984446301
0.538287633627
0.538301874554
0.537920479338
0.537122476359
0.535885955093
0.534168904805
0.53203351918
0.529660448262
0.527189621563
0.524951371655
0.523115410274
0.521825528251
0.521098503536
0.520819023321
0.52085913565
0.521023706546
0.521303176818
0.521671626342
0.522233312941
0.523046862488
0.524148271022
0.52540698971
0.526675611782
0.527712548654
0.528393216815
0.528633348657
0.528608367036
0.528404539386
0.528219049534
0.52811933078
0.527930233341
0.527585391398
0.526833904749
0.525593775594
0.523989033585
0.52234502643
0.520946802316
0.520136286201
0.519990529022
0.520417758076
0.52115686471
0.521840458117
0.522249567647
0.522395504273
0.522499169159
0.52292938678
0.523989271878
0.525755471798
0.52795791424
0.530126885006
0.531712049241
0.532289099686
0.531774968481
0.530411786929
0.528751510965
0.527344562279
0.526496855127
0.52609195803
0.525786912223
0.52520416784
0.523913966322
0.521902599936
0.51939632267
0.517017828201
0.515210785512
0.514299546979
0.514190717762
0.514544587506
0.514852157382
0.514832016815
0.514395068419
0.513878089185
0.513800424628
0.514605157131
0.516342933691
0.518759212113
0.521189291
0.522955985498
0.523493605089
0.52274139002
0.521080254423
0.519259647285
0.517914054565
0.517466559
0.517699270896
0.518096585884
0.518008888889
0.516918903484
0.514703255083
0.511811865313
0.508904861382
0.506724252958
0.505607020965
0.505432525952
0.505806940759
0.506068420148
0.50578104093
0.504854368932
0.503636734416
0.502800269906
0.502813881817
0.503850641774
0.505628830269
0.507533994855
0.508924669737
0.509327916032
0.508740841711
0.507584317754
0.506579625494
0.506274563883
0.506858805598
0.507987443321
0.509058289654
0.509421241262
0.508646562813
0.506777108434
0.504266456332
0.50189461643
0.500249199003
0.499574437903
0.499805495632
0.500352858151
0.500774157224
0.500683084037
0.50001739554
0.499172071202
0.498546461917
0.498437606141
0.498951356471
0.499881728787
0.500896390759
0.501626346818
0.501967302083
0.501985002206
0.50190101161
0.501989863601
0.502306824784
0.502669192354
0.502852372339
0.502601237345
0.501844887533
0.500750267953
0.499694848322
0.498918996829
0.498679593387
0.498873137041
0.49910463034
0.499063842285
0.49839985286
0.497080747622
0.495434957271
0.493875924047
0.492775501402
0.492342294099
0.492520874045
0.492988668555
0.493418498783
0.493591769374
0.493480231504
0.493258193887
0.493156323968
0.493328783484
0.493815802923
0.494417318264
0.49506138967
0.495588944793
0.495918649696
0.496204111346
0.496457841367
0.496726107551
0.496900934972
0.496875551633
0.496505989732
0.495860331174
0.495104083557
0.494445860801
0.494000072947
0.493707824184
0.493377604262
0.492619117217
0.491301322199
0.489357017029
0.487136198481
0.485072442558
0.483764226755
0.483424118899
0.483860578299
0.484642730181
0.485229081903
0.485245901639
0.484629167691
0.483716374576
0.482968581469
0.482784871449
0.483305192791
0.48417721519
0.484986225895
0.485300722009
0.484947280799
0.484180849953
0.483511881914
0.483423095754
0.484004489968
0.485036483485
0.485888742944
0.486000716076
0.485015886771
0.483166084933
0.481021444489
0.479387298912
0.478727312808
0.479063767048
0.479952611899
0.480638321616
0.480474874935
0.479355827075
0.477492919958
0.475640028158
0.474507062978
0.474438150923
0.475236363636
0.476402783819
0.477261224785
0.477382410142
0.476657597021
0.475562975066
0.474661031872
0.474438771942
0.474948643849
0.475968560896
0.477055915326
0.477833199623
0.478101424979
0.478022361985
0.477958398881
0.478157295498
0.478615931571
0.479178490352
0.479520229144
0.479365423533
0.478661423057
0.477609754311
0.476523145935
0.475645334023
0.474984214241
0.47438727783
0.473620696157
0.472483679976
0.471098926205
0.469686013321
0.468515287156
0.467817481302
0.467567669314
0.467601292941
0.467686180206
0.467645622864
0.467495972123
0.467342678199
0.467342634052
0.467466696026
0.467589220685
0.467465257672
0.4669955706
0.466234138648
0.465504332014
0.465155004429
0.465437139237
0.466134621443
0.466901629619
0.467171364778
0.466603753801
0.465274371014
0.463574763894
0.462206135573
0.461584443897
0.461744399042
0.462186062964
0.462250712251
0.461433496122
0.459706031424
0.457549919837
0.455823146183
0.455189892015
0.4556621173
0.456840542046
0.457858855259
0.457940742423
0.456878771675
0.455003267597
0.453290665844
0.452606817831
0.453256262042
0.454944885531
0.45672817108
0.457798236113
0.457539866852
0.456243968346
0.454799984658
0.454262151788
0.455205902281
0.457461906185
0.460332206161
0.462829825082
0.464215704405
0.464449033781
0.464068120091
0.46392091055
0.464643167972
0.466132293472
0.467896519421
0.469166486564
0.469422321525
0.468783793526
0.467846586403
0.467445803124
0.468103572978
0.469613259669
0.471372089618
0.472478418062
0.472386258124
0.471079931338
0.469222704808
0.467809223137
0.467369933454
0.467948717949
0.469062415563
0.469919524963
0.46992659247
0.468953728733
0.467494609057
0.466073504068
0.465311052949
0.465261451155
0.465658835546
0.466005432546
0.465977676726
0.465585704831
0.46507982344
0.464828662996
0.465006757033
0.465620145532
0.466339869281
0.466916863833
0.467300735683
0.467627933277
0.468047598061
0.468754968993
0.469579646018
0.470257297978
0.470514429109
0.470383819453
0.470065572498
0.470058497537
0.470633133611
0.471790399636
0.473037826399
0.473898919695
0.474060349391
0.473646373302
0.473139011758
0.47320754717
0.474035272837
0.475353573449
0.476421164181
0.476561905487
0.475387263339
0.473284200829
0.471180835929
0.470010779181
0.470138593985
0.471109040075
0.47202851994
0.471901218933
0.470306322137
0.467623296756
0.464993341673
0.463481781377
0.463488059884
0.464682490879
0.466029064712
0.466318210328
0.46509962509
0.462591935075
0.459837659592
0.457932083122
0.457556935818
0.458416303012
0.459650316927
0.460415688618
0.460083674863
0.458815520762
0.457321715591
0.456422114778
0.456623681125
0.457816221637
0.459493301056
0.461035717259
0.462143478081
0.462665736218
0.463005897905
0.463324048282
0.463810633766
0.464380264741
0.464912280702
0.465426381348
0.466021343278
0.46691321111
0.46818891491
0.46961283057
0.470818629542
0.471536191364
0.471698113208
0.471572557108
0.47150903088
0.47182089321
0.472446730345
0.472901827191
0.47289893927
0.472221137704
0.471323846486
0.470805500982
0.471240852939
0.47265917603
0.474392997188
0.475728542914
0.475889041206
0.47489105201
0.473338263084
0.472182006205
0.472170184422
0.473216158396
0.474502329521
0.475138121547
0.474333448753
0.472441632119
0.470299201544
0.469114603971
0.469428356691
0.470902295782
0.472401723209
0.472735507246
0.471326246635
0.468468055874
0.465423216168
0.463451497664
0.463029136888
0.463957759412
0.465128063387
0.465512465374
0.464756896393
0.463142424103
0.461731550363
0.461189493263
0.461813087491
0.463099963912
0.464300193702
0.464709051724
0.464349455649
0.463570006636
0.463076653219
0.463176690911
0.463810225942
0.464628556603
0.465213457976
0.465536432914
0.465766798251
0.466259991586
0.467117907579
0.468337566094
0.469558346503
0.470588235294
0.471377126537
0.472251911535
0.473405339311
0.47481286668
0.47611753799
0.476942921638
0.476996405057
0.476643073812
0.476555874157
0.477389765047
0.47920339798
0.481536307261
0.483383443576
0.483913831286
0.483114256825
0.481658627538
0.480815201977
0.481366082629
0.483178818671
0.485286945212
0.486513036716
0.486095065192
0.484259489991
0.482215086944
0.481147061283
0.481796829125
0.483649099118
0.485483184334
0.48611349957
0.485149373455
0.483145087436
0.481416626538
0.48093919008
0.481773486291
0.483141539426
0.48383146628
0.483154319288
0.481176198194
0.478979468318
0.477679614827
0.477795009164
0.47900672922
0.480216516574
0.480611256418
0.479741021256
0.478143580168
0.476667488292
0.476044705999
0.476318012422
0.477093546773
0.477782258065
0.478011161847
0.477836680599
0.477547681137
0.477417700749
0.477380523689
0.477318949053
0.47709615683
0.476913931248
0.477211602865
0.47821203262
0.479744441605
0.481193831699
0.481846531363
0.481366777579
0.480180041942
0.479239036316
0.479537519607
0.481235237952
0.483646635336
0.485509990533
0.485852665044
0.484604359215
0.482710784314
0.481510404036
0.481904579053
0.483528515662
0.485369318182
0.486181852481
0.485430059594
0.483657696247
0.482211981567
0.482195778051
0.48368582791
0.485781032391
0.48718063448
0.487013854858
0.485351389626
0.483399850884
0.482433664828
0.483012530681
0.484738216533
0.486625997184
0.487643030329
0.487521715182
0.486766689144
0.486114020023
0.486209482543
0.487011370238
0.488083416087
0.488942069648
0.489494675383
0.489883682831
0.490405813669
0.491052138111
0.491480515245
0.491317462906
0.490638990639
0.490005271054
0.490154144137
0.491315535542
0.493148483022
0.494700358683
0.49516135563
0.494410796309
0.49314232225
0.492502133539
0.493250091215
0.495041890962
0.496761920181
0.497305619707
0.496269867013
0.4944057078
0.493150684932
0.493445882878
0.49527340885
0.497478578164
0.498721016586
0.498197936949
0.496578609049
0.495295726779
0.495522759307
0.497484302882
0.500020910878
0.501494422227
0.500994204002
0.498770248495
0.496285920455
0.495129939177
0.495896383688
0.498018266414
0.50026073353
0.501378495471
0.501142857143
0.500264573596
0.499756432399
0.500044599055
0.500967901679
0.501726958735
0.501785060417
0.50112617789
0.500276701716
0.499837775203
0.499953253553
0.500378214826
0.500741094908
0.501085017119
0.50169655841
0.502870487496
0.504425644286
0.505521593374
0.505479179119
0.504
0.501743979721
0.500096810354
0.500061434495
0.501453833067
0.503025568922
0.503350366117
0.501771842077
0.499126941618
0.497283485745
0.497717808664
0.500458665502
0.503949919672
0.506060606061
0.505462857143
0.502583472695
0.499617635131
0.498772756354
0.500767518163
0.504542758866
0.507982181556
0.509413344729
0.508579005797
0.506819028692
0.505933475053
0.506696963959
0.508620579395
0.510349750178
0.51072555205
0.509716787159
0.508267111853
0.507392708193
0.507379722751
0.507709251101
0.5075807239
0.506832122964
0.505985640151
0.505945984669
0.506923744755
0.508355933446
0.509243697479
0.509053249981
0.50828456335
0.508041315991
0.509115446904
0.510840552564
0.511623850301
0.509926677947
0.505682837342
0.501107737753
0.499208899876
0.501653098521
0.507423654463
0.513540768833
0.516700431604
0.515260146612
0.510912359551
0.507372774681
0.507374019652
0.510847982512
0.515174267705
0.516976854039
0.514667560835
0.509643201543
0.50557329463
0.50524264276
0.508724035608
