0.999863509179
1.00320753429
1.00348217943
1.00121967746
0.998603816236
0.997795786062
0.999809705043
1.00369882766
1.00807612847
1.01104556295
1.01145396507
1.00994994129
1.00829749864
1.00789317507
1.00918343472
1.01114141473
1.01229295319
1.01167849782
1.00949742778
1.00690961774
1.00523214187
1.00492368291
1.00550438716
1.00601332683
1.00561948087
1.00441686823
1.00320132184
1.00300590992
1.00430118409
1.00676016547
1.00943869866
1.01087658306
1.01026041921
1.00792393027
1.00454846963
1.00131591315
0.999205236092
0.99874628529
0.999678589467
1.00122155364
1.00231842704
1.00233624262
1.00131216376
0.999739391044
0.998451079941
0.99817378748
0.998953274158
1.00020688514
1.00123228589
1.0014726938
1.00089561961
0.999959670915
0.999125630937
0.998592705524
0.998072697838
0.997287488061
0.996121230559
0.995038630511
0.994772864019
0.995686128672
0.997467053339
0.999129014698
0.999784009504
0.999033608934
0.997332289962
0.995981670779
0.995993729315
0.997452843178
0.999522689305
1.00084702694
1.00064076622
0.999061221753
0.997308075773
0.996843973963
0.99820992677
1.00074349442
1.00302825296
1.00372858474
1.00246447318
1.00028580502
0.998868315991
0.999346018498
1.00167136092
1.0044747562
1.00597419395
1.00502897795
1.00191757472
0.99831040309
0.996104402026
0.996532759445
0.999431461145
1.00365597842
1.0073258978
1.00923040394
1.00913067731
1.00787561755
1.00646894042
1.00565020612
1.00556580921
1.00590692984
1.00625663691
1.00633146051
1.00612401123
1.00568021251
1.00508474576
1.00435188063
1.00330098183
1.00185309973
1.0
0.997837717961
0.995577667219
0.993585489936
0.992161533348
0.991683069502
0.99213514262
0.993202542139
0.994315830137
0.994946426599
0.994822526164
0.994087931609
0.993196334352
0.992653581725
0.992724556696
0.993305485629
0.994114544294
0.994971083731
0.995894494123
0.996979789997
0.998278052223
0.999492986311
1.00011248594
0.999577714591
0.997823321555
0.995337465173
0.992883681052
0.991421603787
0.991050359712
0.991306608133
0.99114658926
0.989983939261
0.98799107405
0.986059123464
0.985344521924
0.98642681445
0.988767392665
0.991137415129
0.992324029126
0.99173553719
0.989900234019
0.988043377514
0.987415535305
0.988213283442
0.989795918367
0.990974326264
0.99086625355
0.989586723072
0.988010845774
0.987333486073
0.987979111242
0.989445473796
0.990768922038
0.990834376163
0.989533615164
0.987653898769
0.986492032009
0.986763347813
0.988297069119
0.99001244125
0.990765907032
0.990077486764
0.98844194625
0.987300028066
0.987672048471
0.989624956186
0.992257610417
0.993915811815
0.993368088804
0.990272373541
0.985883344453
0.981866907977
0.979672267164
0.979828977312
0.982060304975
0.985637342908
0.989698180816
0.993627736476
0.997075725118
1.0
1.00215524499
1.00309451732
1.002618592
1.00110157893
0.999438369289
0.998662796386
0.999419747913
1.00147157619
1.00392069361
1.0057889882
1.00633372391
1.00580793018
1.00511818351
1.00518007663
1.00638200881
1.00832425233
1.01012941461
1.01083675441
1.01024177804
1.00875521144
1.00719700322
1.00617826189
1.0055733878
1.00498687664
1.00408032409
1.0029917509
1.00242389266
1.00312195681
1.00530156197
1.00820770042
1.01050071531
1.01081267614
1.00853271836
1.00446004661
1.00040101974
0.998144765384
0.99834370895
1.00037316646
1.00266080518
1.00346212033
1.00195249891
0.998778572675
0.995444653997
0.993461203139
0.993469602905
0.995165930188
0.997473988092
0.999088035019
0.999266301856
0.99822374667
0.996748964883
0.995594577942
0.99506073126
0.995008476173
0.99499207607
0.994768239385
0.994589229686
0.994765574823
0.995739461623
0.997494712868
0.999638704592
1.0014896223
1.00249177714
1.00249037057
1.00185534904
1.00115909392
1.00066462847
1.00046839975
1.00037059497
1.00013521279
0.999662800108
0.999096143546
0.998639410633
0.998286090969
0.997963407023
0.997440609004
0.996658476658
0.995826268423
0.995407651758
0.995804912416
0.997142494285
0.999147350471
1.00116535433
1.00260817648
1.00309587842
1.00278991909
1.00229863921
1.00209154289
1.00246609125
1.00326533058
1.00400849562
1.00438910785
1.00433903947
1.00430653059
1.00479784682
1.00616512054
1.00827189876
1.01061046512
1.01244498849
1.01318283898
1.01262435278
1.01123172673
1.00956992967
1.00817878125
1.00716576613
1.00639665048
1.00570742844
1.00505852597
1.00442308259
1.00401867502
1.00382687116
1.00370492097
1.00334902245
1.00256019506
1.00144397677
1.00018521377
0.999164345404
0.99857196076
0.998251748252
0.997890096048
0.997200483553
0.996180265776
0.99509360878
0.99453304435
0.994724236147
0.995624128878
0.996681415929
0.997350516813
0.997206887487
0.996184210526
0.9949521437
0.994172797708
0.994118597512
0.994791666667
0.995572666025
0.995864058993
0.995329046294
0.99411820812
0.992953315717
0.992452244137
0.992782776942
0.993536979452
0.993983225963
0.993354372762
0.991439288523
0.988801152911
0.986528589656
0.985504699991
0.986008921847
0.987332296885
0.98855697076
0.988747553816
0.987510431955
0.985397900052
0.983541090224
0.98289507276
0.983785160451
0.985788846656
0.987841077749
0.988990139995
0.988791634168
0.98756362795
0.986365474609
0.986198533233
0.987427942412
0.989691022721
0.992141337745
0.99372234844
0.99384800965
0.992519005361
0.990478500819
0.988557380035
0.987239226435
0.986629868139
0.986476868327
0.986514328526
0.986842105263
0.987693566662
0.989521711768
0.992327767821
0.995910277787
0.99943271352
1.00211483223
1.00327992936
1.00291947889
1.0016194332
1.00024682216
0.999510463836
0.999695909989
1.0005146992
1.00153716318
1.0023952813
1.002965687
1.00351916478
1.00429545784
1.00541693079
1.0066053992
1.00737700212
1.00725989268
1.0062401603
1.00478305432
1.0037045416
1.00360025877
1.00454953943
1.00594282495
1.00694109981
1.00681261046
1.00532234527
1.00323689487
1.00166136748
1.00160688666
1.00334814986
1.00635772405
1.00942476438
1.01115597428
1.01070889894
1.00832904261
1.00506321438
1.00227638328
1.00076163783
1.00058296514
1.00108345716
1.00118520367
1.00025033639
0.99818891491
0.995810445955
0.994177628539
0.993875176089
0.995024875622
0.996800926208
0.998237296377
0.99830754352
0.996856193299
0.994437869822
0.992165117231
0.990879346788
0.990994878877
0.992119892257
0.993405464044
0.993895860542
0.993070617729
0.991207748346
0.989092217823
0.987633919965
0.987377279102
0.988324062345
0.989924641842
0.991344026549
0.991835492085
0.991220782098
0.98973163489
0.988009926665
0.986518747367
0.985584411906
0.985218582354
0.985051930912
0.984855028649
0.984402530256
0.983863946368
0.983568692805
0.983884773177
0.984956358545
0.98686971641
0.989401945479
0.992128812139
0.994791511652
0.99718668562
0.999320511684
1.00132994444
1.0030771962
1.0045510964
1.00566946713
1.00644880174
1.00701744336
1.00748947235
1.00800627065
1.00844316884
1.0086295688
1.00826377295
1.00718386819
1.00548013108
1.0035445523
1.00189066551
1.00094015257
1.00088666774
1.0017291222
1.00321447057
1.00485836627
1.00614884054
1.00676571302
1.00657676578
1.00581959263
1.00488417527
1.0040932701
1.00386321362
1.00443349754
1.0057864282
1.00765418341
1.00955731457
1.01103694596
1.01173784504
1.01167360826
1.01103363051
1.01019926895
1.00965046487
1.00982025427
1.01067275988
1.01192109777
1.01301751705
1.01351693129
1.01315605318
1.01189445763
1.01021345281
1.00855126609
1.00738544326
1.00677716992
1.00643034691
1.00578298994
1.00437830723
1.00209660511
0.999219590958
0.996311651949
0.994132371545
0.993053311793
0.993008125692
0.993482511406
0.993833927103
0.993517287234
0.992385857851
0.990687436505
0.989164657495
0.988364815658
0.988623727654
0.989705756198
0.991101415162
0.99213392497
0.99232123784
0.991469740634
0.989914907028
0.988273042194
0.98704182595
0.986629154015
0.986968791501
0.987801184084
0.988864203626
0.989956331878
0.990948264181
0.9920483546
0.993317358892
0.994817830892
0.996442687747
0.997943688706
0.999021448785
0.99952205199
0.999547222074
0.999306500227
0.999092486321
0.999064296217
0.999221518308
0.999378159894
0.999372305005
0.999255849847
0.999249624812
0.999832299178
1.0013459705
1.00384982858
1.00701546784
1.01026874116
1.01282269987
1.01419310621
1.01430083231
1.01351428409
1.01263997285
1.01249126729
1.01337783417
1.01502099122
1.01669683625
1.01756081843
1.01697452485
1.01485306644
1.01181331779
1.00887729835
1.00697339101
1.00653714405
1.00727424968
1.00835391163
1.00874874452
1.00779628546
1.00540699698
1.00234028245
0.999702694667
0.998477640343
0.999068493151
1.00113403773
1.00365901346
1.00540464462
1.00545305569
1.00369743156
1.00089885116
0.998297230907
0.997056454972
0.997701149425
1.00011077877
1.00329786055
1.00583986051
1.00649529366
1.00476631441
1.00120899492
0.997111205343
0.993809511319
0.992222164222
0.992506918699
0.99420874715
0.996158703431
0.997179906173
0.99655199642
0.994305807027
0.991174082707
0.988191455862
0.986176089657
0.985582452855
0.986570444125
0.988622310166
0.991074151074
0.993215814936
0.994559333796
0.995160665892
0.995259357257
0.995210042394
0.995233765876
0.99533870256
0.995508280746
0.995585049497
0.995354649425
0.994848541762
0.99414616057
0.993317259814
0.992504489498
0.991827521793
0.991314493129
0.991108000207
0.991297365899
0.99195966908
0.9930820857
0.994575745835
0.996264300724
0.997828646174
0.99902106043
0.999598372068
0.999486180972
0.998829931973
0.997873152642
0.996840011986
0.995813738549
0.994708420396
0.99327530573
0.991271583855
0.98871050708
0.985917772742
0.983437407874
0.981888676439
0.981677663574
0.982785561748
0.984717229966
0.986792307098
0.988260981248
0.98866259683
0.988067192461
0.987046168783
0.98651026393
0.987327893932
0.989947049344
0.994176758567
0.999322793218
1.00422018833
1.00779518941
1.00927023822
1.00856531049
1.00652262536
1.00432547131
1.00310398345
1.00357298713
1.00574115589
1.00911978967
1.01253420909
1.01487454709
1.01528531691
1.01366608835
1.01043808319
1.00651754523
1.00279336834
1.00002574997
0.998586336298
0.998535983973
0.999512470492
1.00102469515
1.00255787185
1.00368390084
1.0042355478
1.00413746735
1.0033978045
1.0019575166
0.999946524064
0.99760372634
0.995252225519
0.993354498493
0.992239764517
0.99204596845
0.99282309322
0.994240879191
0.995909210874
0.997284686157
0.997818888947
0.997206558062
0.995424228323
0.992921756018
0.990220110687
0.987895646944
0.98637418582
0.985897563898
0.98649664295
0.987929948343
0.989930247305
0.992084163219
0.993958247635
0.99533739153
0.996002403783
0.995937425805
0.995152741897
0.993879523247
0.992261230653
0.990697298172
0.989423386664
0.988679044245
0.988465091725
0.988721411001
0.989293139293
0.989941562807
0.99054659729
0.991120919729
0.991648362875
0.992282109218
0.993113712037
0.994154247579
0.99524584011
0.996117623485
0.996551724138
0.996271306818
0.995418362384
0.994216369739
0.993212140126
0.992991631799
0.993880981144
0.995966891607
0.998835948041
1.00188458884
1.00428202878
1.00536862808
1.00486824003
1.00296408992
1.00046665975
0.998285085362
0.997241972622
0.997716150082
0.999674967497
1.00255133945
1.00552111828
1.00751026992
1.00789034444
1.00638491943
1.0034989858
0.999974623798
0.996820066651
0.994681939047
0.993843538291
0.994179550474
0.995233480868
0.996341142406
0.996917808219
0.996640419948
0.995569917131
0.994084827194
0.992624651079
0.991659249841
0.991347248577
0.99157990269
0.992083239086
0.992436196058
0.992342420992
0.991628992995
0.990538465349
0.989327720688
0.988472908852
0.988195868554
0.988670485226
0.989761352928
0.99119632453
0.992522304162
0.993392184193
0.993687844592
0.99342730237
0.992812196245
0.992170564382
0.991728806658
0.991692917386
0.992093659723
0.992857863921
0.993703750157
0.994348031771
0.994513912915
0.993981526973
0.992775805069
0.99096097788
0.98876818718
0.986559936753
0.984668522016
0.983415755033
0.982972640871
0.983320754717
0.984279586172
0.985515320334
0.986725663717
0.987688378033
0.988209965143
0.988377463054
0.988382507229
0.988535549963
0.989101434684
0.990195102528
0.991702572941
0.993356130923
0.994721478959
0.995428015564
0.995195825001
0.993999804075
0.992104486423
0.989954089944
0.988168316832
0.987140977584
0.98686571628
0.98719266147
0.987581715843
0.987541317061
0.986549378612
0.984471094711
0.981679272281
0.978833967047
0.976903229039
0.976540676835
0.978044253407
0.981284199312
0.985603356805
0.990106893806
0.99391824768
0.996222000146
0.996689878384
0.995589612182
0.993718468691
0.992084956455
0.99160480295
0.992736016832
0.995434596176
0.999212158178
1.00314618238
1.00631465462
1.00784796491
1.00749770478
1.00553169992
1.00264636125
0.999679139106
0.99740761574
0.99630323224
0.996382353655
0.997422555075
0.998975209838
1.00051451672
1.00167269328
1.00232081574
1.00260255298
1.00276449492
1.00308201158
1.00368435663
1.00439655391
1.00495707277
1.00499359795
1.00416506963
1.00236058583
0.999673366834
0.996548384694
0.993345283992
0.990480827754
0.988177435376
0.98654339513
0.985518847329
0.985019000292
0.984871481028
0.985117949475
0.985765828103
0.986863996424
0.988412167224
0.99029321531
0.992168491484
0.99358925242
0.994064748201
0.993199556941
0.990875208842
0.987518505284
0.98388970254
0.980922217512
0.979541028864
0.980276664386
0.983226214821
0.988106263709
0.994094439952
1.00009880935
1.00498380264
1.00778444617
1.00820789979
1.00659128936
1.00378739737
1.00091740781
0.998824130879
0.998101249583
0.998815135358
1.00054248147
1.00263702172
1.00433414169
1.00505646817
1.00461228754
1.0032866461
1.00158196063
1.00017503063
0.999525344126
0.999799674471
1.00077993308
1.00194838057
1.00269665208
1.00250344863
1.00125502651
0.999179192531
0.996816431322
0.994835029294
0.993852406307
0.994233492084
0.995984555985
0.998689956332
1.00158515072
1.00388295307
1.00490319336
1.00445839249
1.00284266469
1.00059100199
0.998422168532
0.996948572279
0.996490700356
0.997030607583
0.998201947034
0.999274084828
0.999609171443
0.998670801949
0.996442297704
0.993314748851
0.989975130118
0.987205627485
0.985638162903
0.985629348514
0.987148411857
0.989645268568
0.992338993268
0.994345759319
0.995017190692
0.994212617983
0.992179353493
0.989489414695
0.986881709642
0.98494945144
0.984109083453
0.984432068385
0.985698254039
0.987308980532
0.98864822547
0.989250375589
0.988925632546
0.987906599397
0.986665662197
0.985803038998
0.98573988353
0.986769322769
0.988691801556
0.991017512077
0.992988051843
0.993764634022
0.992741956094
0.989748321288
0.985035166076
0.979302552514
0.973492430074
0.96860194125
0.96543890548
0.964557026347
0.966043456291
0.969459513763
0.974042521298
0.978988249353
0.983408372926
0.986857855362
0.98901374536
0.989907676742
0.989758389947
0.988914668729
0.987689910401
0.986385686714
0.985150969493
0.983969187529
0.982813066211
0.981694775812
0.980672998366
0.979979700584
0.979848484848
0.980568839668
0.982364467668
0.985190391325
0.988803534669
0.992861631268
0.996849560199
1.00032918059
1.00300851563
1.00473287548
1.00553404869
1.00556299037
1.00507976824
1.00438736439
1.00377870619
1.00336709263
1.00318421053
1.00307515897
1.00288942779
1.00248107223
1.00165318684
1.00053306257
0.999186371726
0.997854515734
0.996838858905
0.996429864956
0.996721396789
0.997778706946
0.999371250426
1.00123230205
1.00301362683
1.00423884034
1.00469937081
1.0041129767
1.00241201338
0.999716011773
0.996353645071
0.992672589869
0.989154729249
0.986155754094
0.983964793363
0.982700892857
0.982433295034
0.983063518251
0.984490264057
0.986457647214
0.988683756143
0.990745432724
0.992300724638
0.993061440678
0.992917103882
0.991878567722
0.990162839677
0.988017540281
0.985695774791
0.983571119758
0.981831191066
0.98071873552
0.980273062348
0.980490611434
0.981224854716
0.982226675808
0.983330695785
0.984386519221
0.985348562426
0.986227842798
0.987067952034
0.98794489093
0.988888599077
0.98985340915
0.990818748533
0.99162994446
0.992181187938
0.992260586319
0.99181140145
0.990878916969
0.9896390725
0.98827311777
0.987157080818
0.986654969827
0.98705553336
0.988583138173
0.991197369817
0.994624080955
0.998508790289
1.00231234898
1.00568828214
1.00820920567
1.0097034622
1.01007523886
1.00929719508
1.00742567693
1.00473527917
1.00142622642
0.99789746078
0.994382324481
0.991269756514
0.988678746198
0.986748376283
0.985567063832
0.985167032117
0.985519547325
0.986644708062
0.988407518331
0.990786400208
0.993446817399
0.99619282676
0.998654673033
1.0004763543
1.0014580351
1.00135239055
1.00018545011
0.998016817389
0.995015822785
0.991536561005
0.987981146897
0.984743375756
0.982256975113
0.980760267233
0.980483895983
0.981355537741
0.983373537727
0.986277783575
0.989850385212
0.99379195076
0.997779145372
1.00148124209
1.00456596331
1.00666666667
1.00765326674
1.00742989534
1.00603759656
1.00378580194
1.00098460901
0.997935643692
0.99504503342
0.992563032831
0.990761039775
0.98978651715
0.989676494785
0.990309663641
0.991570327553
0.993105475535
0.994627802452
0.995879991549
0.996723460026
0.997135118241
0.997146784945
0.996916539269
0.996624779312
0.99642736068
0.996459387868
0.996729095226
0.997164285904
0.997634802945
0.997926028344
0.997770168034
0.997036566651
0.995731112809
0.993911400378
0.991838656517
0.989844932909
0.988233759457
0.987390680068
0.987502287761
0.988603615405
0.990626476921
0.993263689709
0.996281841675
0.999286601316
1.00201164637
1.00432074221
1.00612943455
1.00743277322
1.00841339774
1.00920204726
1.01006462549
1.01102882835
1.01223185036
1.01346854698
1.01453642034
1.01530963607
1.01546720527
1.014889132
1.0135540555
1.01144299989
1.00881838957
1.00593272664
1.00320898516
1.00106360349
0.999788656117
0.999606082092
1.00052308095
1.00235109718
1.00492275465
1.00787443049
1.01086119447
1.0135649563
1.01571331981
1.01709262132
1.01768221137
1.0174865174
1.01662514892
1.01535240754
1.01389959338
1.01243250362
1.01112478078
1.01000130565
1.00899911055
1.00804945416
1.0071064913
1.00604472023
1.00479538781
1.00340844537
1.00186632766
1.00029621651
0.998771039273
0.997407064427
0.996226019499
0.995291240667
0.994609304134
0.99408836341
0.993722814055
0.993517060367
0.993352050005
0.993294507373
0.993225806452
0.9931551148
0.993087123759
0.993100312893
0.993238405855
0.993591427221
0.994271131712
0.995263239633
0.996591525292
0.998241485428
1.00007795447
1.00196237474
1.0036900369
1.00506483519
1.0059333759
1.00606544294
1.00543305417
1.00402758766
1.00200970924
0.999482575738
0.996764668122
0.994072560041
0.991609497335
0.989681769423
0.988382530198
0.987851431519
0.988062490268
0.988860772702
0.990104712042
0.991429470042
0.992643016102
0.993525480368
0.993914490794
0.993834356623
0.993310259324
0.992545782822
0.991691609041
0.990952097821
0.990589028311
0.990612892321
0.991189886615
0.992145093946
0.993425858291
0.99473944634
0.995922925106
0.99673862401
0.997109453635
0.997011695605
0.996548526685
0.995794525143
0.994978256368
0.994332510074
0.994045442674
0.99420571039
0.99476962704
0.995765943458
0.996953941495
0.998220314586
0.999478922412
1.0005703915
1.00139401606
1.00185313875
1.0019281197
1.00159506046
1.00092828963
0.999974130795
0.998831957639
0.997579385737
0.996272450017
0.994944230168
0.993602080624
0.992303306727
0.9911508991
0.990291760838
0.989763799678
0.989632013075
0.989966042842
0.990692679434
0.991744648122
0.992979839539
0.994302802196
0.995380406731
0.995977515342
0.995887206642
0.994936967806
0.993141986284
0.990593634942
0.987573282557
0.984392141219
0.981395348837
0.978903898301
0.977277262297
0.976801282694
0.977584687067
0.979669341975
0.982912937347
0.986971929735
0.991503368034
0.996073832348
1.00035632476
1.00414231258
1.00726570637
1.00961758644
1.01115735185
1.01190567829
1.01186759888
1.01122488658
1.01011440458
1.0088175623
1.00754883395
1.00647558113
1.00576125365
1.00548515706
1.00574654703
1.00654414161
1.00785903789
1.00963202649
1.01170741554
1.01386909609
1.01590360208
1.01751976157
1.01851224155
1.01865544901
1.01790787999
1.01637178458
1.01422591993
1.01175273467
1.00921205391
1.00683228253
1.00477003414
1.00320092751
1.00205714286
1.00138500603
1.00116589372
1.00120157772
1.00139067461
1.00157397692
1.00164460804
1.00155299599
1.00122963418
1.00073549925
1.00015100038
0.999448593914
0.998671446118
0.997885835095
0.997060388738
0.996219474814
0.995446125347
0.994778202875
0.994280242249
0.994113850523
0.994325913374
0.995079292234
0.996378646677
0.998185529599
1.00042764068
1.00292294512
1.00541840739
1.00769995666
1.00942766132
1.01036684677
1.01040666442
1.00955471894
1.00789562246
1.00576635947
1.00352805829
1.00147294106
0.99987365442
0.998815165877
0.99833518313
0.998355138295
0.998601434166
0.998900902283
0.998998921916
0.998739387703
0.998070789176
0.99710033359
0.996012983362
0.99509018291
0.994553790815
0.994746546107
0.995710969825
0.997575757576
1.00020253677
1.00340473105
1.00683568842
1.01008420568
1.01288401817
1.01486472585
1.0159695034
1.01619809131
1.01565365639
1.01459211922
1.01324211563
1.01188437386
1.01077586207
1.0101230338
1.01010781671
1.01070320579
1.01193575829
1.01368277565
1.01575349507
1.01796607552
1.02008426603
1.02190996617
1.02324422174
1.02383408724
1.02362309577
1.02250975779
1.02060946271
1.01812857713
1.01538014323
1.01267646211
1.01043938922
1.00890414494
1.00826552683
1.00859377016
1.00984517872
1.01180327869
1.01426752944
1.01679614251
1.01907408407
1.02080458837
1.02184538115
1.02214765101
1.02194056875
1.02146477981
1.02100432673
1.02076911019
1.02095362508
1.02150199287
1.02234946435
1.023204508
1.02376237624
1.0237948001
1.02314428129
1.02183805908
1.02006284747
1.01817354531
1.01640700032
1.01512166551
1.01458338878
1.01476152411
1.015625
1.0169014839
1.01812372463
1.01890496423
1.01883745963
1.01781965007
1.01594398061
1.0134854492
1.01081636516
1.00838580113
1.00659364612
1.00565898466
1.00577813073
1.00678596837
1.00850692551
1.01043586685
1.01216558109
1.01328805946
1.01360019163
1.01305156831
1.01172707889
1.00992356175
1.00795454545
1.00611787841
1.00470776092
1.00390019916
1.00373578327
1.00410728561
1.00479005858
1.0055101653
1.00616951344
1.00659570475
1.00675024108
1.00666397958
1.00638303627
1.00602820436
1.00561241334
1.0052079005
1.00483938256
1.00456481198
1.00438913273
1.00442882055
1.00468719843
1.0053051127
1.00625754748
1.007548102
1.0090686746
1.01065000826
1.0122276996
1.01351462938
1.01442624753
1.01483492377
1.01462212486
1.01380443714
1.01241144489
1.01062127566
1.00857571048
1.00653248095
1.00476577612
1.00339572868
1.00260270906
1.00230799177
1.00248097916
1.00295049721
1.00371676614
1.0045978255
1.00560914806
1.00668503916
1.00775086887
1.00877217488
1.00958574862
1.01007218878
1.01008653791
1.00956143364
1.00842680635
1.00683229814
1.00481172719
1.00263647212
1.00046918555
0.998458404449
0.996723568282
0.995310086074
0.994246514716
0.993428896221
0.992779181826
0.992214003671
0.991728862649
0.991400731496
0.991337986713
0.991657741954
0.992486532464
0.993899657925
0.99582391808
0.997997367969
1.00017106201
1.00189731827
1.00291970803
1.00303384547
1.00226751099
1.00079969115
0.998839875148
0.996776703346
0.994980792418
0.993710513641
0.993221599359
0.993577743859
0.994653951741
0.996186073389
0.997868049553
0.999483619255
1.00082838208
1.00182206406
1.00247215276
1.00283969899
1.0029813453
1.00295194573
1.00277872292
1.0023775155
1.00169515468
1.00067746853
0.999321823165
0.997731590439
0.996036385412
0.994430089004
0.993237580557
0.992626353529
0.992763521172
0.993711785331
0.995364638816
0.997374129467
0.999434245142
1.00131996518
1.00271321082
1.00346756152
1.00356291205
1.00310304945
1.00218545114
1.00105554446
0.999828316356
0.998682891911
0.997654864726
0.996774469786
0.996067031464
0.99555593539
0.99532350509
0.995400131425
0.995763075778
0.996532553874
0.997652178893
0.998972338786
1.00051155256
1.00203677511
1.00346859931
1.00459517366
1.00537330317
1.00577804343
1.00579909856
1.00550373675
1.0050198459
1.00451480504
1.00399002494
1.00348136446
1.00296796345
1.00234151418
1.00157991497
1.00065733067
0.999572819958
0.998351944989
0.99721938486
0.996315923711
0.995782382246
0.995700871139
0.995982685942
0.996541459957
0.997096085409
0.997392998338
0.997287078992
0.996541501976
0.995122948426
0.993099213427
0.990642490672
0.988015631785
0.985520128455
0.983422748304
0.981986546202
0.981298468602
0.98132565486
0.982014287715
0.983253117172
0.984829616212
0.986488792809
0.987954558429
0.988990248506
0.989467055928
0.98922944715
0.988409123512
0.987085083127
0.985514355793
0.983911571515
0.982503403725
0.981550028918
0.981123931747
0.981156854908
0.981556913329
0.982166390937
0.982753817007
0.983188373579
0.983302256978
0.983187400341
0.982750845547
0.982211866333
0.981598076813
0.98107237372
0.980671590122
0.98030438675
0.980013285966
0.979611874783
0.979064999567
0.978376349674
0.977589339794
0.976809759466
0.976109312785
0.975713228176
0.9757373526
0.976221928666
0.977207179458
0.978529839884
0.980028650881
0.981451635706
0.982553167227
0.983161887248
0.98312187509
0.982584758041
0.981668645565
0.980626533853
0.97969805895
0.979113543248
0.978993998285
0.979332001142
0.980081045602
0.981090639439
0.982149466192
0.983175873124
0.984074994353
0.98488424365
0.985721085198
0.986709197236
0.987959246681
0.989461192891
0.991132527372
0.992772194546
0.994102780118
0.994825771749
0.994838255565
0.994131110981
0.992760207521
0.991104088023
0.989304500292
0.987678832117
0.98640448127
0.985492469485
0.984982280834
0.984702582343
0.9844985764
0.984291845494
0.98408533455
0.983914667884
0.983799874063
0.98383518225
0.983991400099
0.984274795748
0.984539270254
0.984768876557
0.984871273113
0.984858730485
0.98473841467
0.984664368756
0.984710996995
0.984939143633
0.985306575527
0.985718040831
0.985957756737
0.985857122156
0.985297079557
0.984263437482
0.982900641936
0.981511413583
0.980320782619
0.979582486183
0.979418991184
0.979835414964
0.980654455649
0.981431734317
0.981861152142
0.981594549155
0.980486799894
0.978690885577
0.976396931307
0.973958333333
0.971817298348
0.97023354315
0.969460060904
0.9693862732
0.969735291582
0.970198487175
0.970501142164
0.970448608107
0.969991844081
0.969279511188
0.968471810089
0.967843159834
0.967588566127
0.967845191328
0.968552543459
0.969524252646
0.970585673219
0.97152394775
0.972356258357
0.973072215422
0.973911773298
0.975146925528
0.976857526411
0.979001481223
0.9813351027
0.983413544173
0.9849002849
0.985537718426
0.985134866271
0.98386958876
0.981922713881
0.979713055954
0.97763403766
0.97600897506
0.974966189969
0.974561378237
0.974628677108
0.974997096062
0.975548479448
0.976149214275
0.976781873361
0.97738116275
0.978001994486
0.978616791936
0.979267869535
0.979857479455
0.980388788686
0.980746123477
0.980918545684
0.98101992764
0.981051784123
0.981287726358
0.981864615914
0.982814424426
0.984164256465
0.985758176128
0.987462807291
0.989015791621
0.990354075991
0.991256927773
0.991723973683
0.991810113765
0.991685720224
0.991458296388
0.991348360897
0.991371720373
0.991611427231
0.992044620578
0.992684216712
0.993481899058
0.994409156105
0.995427672773
0.996525062983
0.997578203835
0.998474161509
0.999134398984
0.999419818984
0.999298799194
0.998881892544
0.998313609467
0.997832927626
0.997620888598
0.997766527695
0.998179647866
0.99874251497
0.999158375665
0.999185913285
0.998612409882
0.99738503156
0.995615866388
0.993420470304
0.991161800309
0.988993211036
0.987078990438
0.985500186262
0.984134725729
0.982916307161
0.981678333765
0.980393285924
0.979126589911
0.977972308044
0.977141063326
0.976785357357
0.976942930886
0.977550489729
0.97843194404
0.979295154185
0.979883192732
0.980057232203
0.979892997825
0.979624649205
0.979619723224
0.980189416978
0.981522179168
0.983688579113
0.986515813536
0.989617075428
0.992555831266
0.994913208415
0.996452074392
0.997176671895
0.997350049865
0.99711659244
0.996903580951
0.996915715439
0.997305050856
0.998195261105
0.999415631848
1.00096794063
1.00262312476
1.00427071594
1.00570609148
1.00683014894
1.00750196624
1.00766922307
1.0073843174
1.00686788361
1.00637705458
1.00619231914
1.00637565981
1.00701494746
1.00798745673
1.00904683065
1.00979495501
1.01004995592
1.00958812009
1.00861166065
1.00734291104
1.00610252238
1.00522856726
1.00494655949
1.00513902091
1.00574764257
1.0063799693
1.00672963757
1.00661731379
1.00608114241
1.0053070508
1.00465710894
1.00427885938
1.00435262384
1.00472103004
1.00513290559
1.00528233151
1.00490978644
1.00394725038
1.00267761514
1.00133550972
1.00032632235
0.99988130916
1.00002965511
1.0005622799
1.00100300903
1.00091195246
1.0
0.998114652684
0.995439739414
0.992335907912
0.989189189189
0.986415504438
0.984289390041
0.982943528841
0.982151515152
0.981824802015
0.981646629128
0.981622481118
0.981690833129
0.981950348056
0.9824
0.983071083083
0.983875375786
0.984620940801
0.985155316607
0.985434873075
0.985493488386
0.98543890866
0.985504239047
0.985917159763
0.986678455644
0.987766597236
0.988920072502
0.989889840166
0.990587890339
0.990965456156
0.991183391416
0.991468653309
0.991957915105
0.992837198009
0.994008333587
0.995307024227
0.996575761282
0.997664484804
0.998515586343
0.999160108253
0.999687821934
1.00021855194
1.00087148682
1.00173439049
1.00283565528
1.00414810263
1.00571007552
1.00746474979
1.00943599201
1.01154436598
1.01361605777
1.01558647143
1.01720377999
1.01832840147
1.01899670804
1.0192470902
1.01911643648
1.01884013501
1.01854079901
1.01833384949
1.01820214947
1.01801633315
1.0176730486
1.01707971586
1.01611824292
1.01494408022
1.01372123879
1.01260558804
1.0118389384
1.01154058711
1.01163281885
1.01206347142
1.01270523847
1.01338294817
1.01390929572
1.01413128419
1.01394912292
1.01338726765
1.01238892958
1.01120962635
1.00988785342
1.00869427758
1.00770132792
1.00708273781
1.00673657452
1.00647392974
1.00611456089
1.0053531834
1.00400241415
1.00210970464
0.999709808474
0.997039206117
0.99439491281
0.991997628927
0.989867986799
0.987973303377
0.98603388933
0.983932009827
0.981463577263
0.978712722161
0.975824028434
0.973116839638
0.970883166206
0.969164598842
0.968094893869
0.967509969275
0.967444437203
0.967660072879
0.968172517944
0.968867313916
0.969755469755
0.970676547627
0.971602627154
0.97241967586
0.973104362649
0.973671719249
0.97410231967
0.97454058193
0.975082365736
0.975662866658
0.976344637477
0.976990809178
0.977703816202
0.978265119917
0.97877102327
0.97923312068
0.979689486716
0.980182722021
0.980760174908
0.981418520887
0.98202482126
0.982599275534
0.982918197904
0.982937254231
0.982685912161
0.982082905104
0.981335517112
0.980662889711
0.980163951017
0.980040993246
0.980315884779
0.980869099072
0.981658745565
0.982435049756
0.983029980368
0.98326096324
0.98320661157
0.982882823343
0.982517714059
0.982290593747
0.982360786929
0.982716544646
0.983127448027
0.983441155767
0.983298608777
0.982609576552
0.981329070875
0.979631725131
0.977815404817
0.976192958677
0.975027030798
0.974373317484
0.97419445321
0.974284909117
0.974468990461
0.974674048937
0.974954184484
0.97535756746
0.975968629708
0.976755846854
0.977626563112
0.978530111076
0.9792345854
0.979790100695
0.980166051661
0.98061521015
0.981263232181
0.982338718155
0.983896212306
0.985820508387
0.987855368479
0.989950269374
0.991758146622
0.99333449054
0.994580134107
0.995556944011
0.99635884454
0.997083839611
0.997733058975
0.998277377395
0.998757543486
0.999104520381
0.999134885733
0.998878761574
0.998260554448
0.99723867311
0.995873050656
0.994293918421
0.992642687277
0.991119937053
0.989869317968
0.988839033219
0.987990814291
0.987004206731
0.985703028256
0.984034560481
0.982225569573
0.980456517638
0.979107742203
0.978392394123
0.978293357244
0.978541728542
0.978799630656
0.978869091445
0.978546763647
0.978123053245
0.977811028795
0.977941443239
0.978587650049
0.979733849851
0.981132075472
0.982430978845
0.983624847045
0.984535896232
0.985295182905
0.986012465575
0.986883582739
0.987773907996
0.988669071301
0.989318749082
0.98966398696
0.989683785602
0.989501411101
0.989342806394
0.989497232123
0.990021708497
0.990946407335
0.992209906209
0.993570140359
0.995008121707
0.996208795594
0.997116077866
0.997633373446
0.997790454765
0.997742572661
0.997730036482
0.998001712818
0.998689706003
0.999836219957
1.00134523664
1.00279284384
1.00377783136
1.00415933451
1.00387132822
1.00331139038
1.0029499701
1.00329862491
1.00458389315
1.00659263038
1.00877535101
1.01052999689
1.01133276411
1.01110119163
1.0100884681
1.00875222678
1.00783814047
1.00755094965
1.00805643358
1.00913701653
1.01045282577
1.01171752123
1.01286110012
1.01385965609
1.01475618487
1.01558265583
1.01618071131
1.01640602901
1.01606836209
1.01526875491
1.01419861355
1.01330646854
1.01299739211
1.01318672059
1.0137449778
1.01418530351
1.01414992904
1.01336979641
1.01196663318
1.01036700057
1.00903535574
1.00839678051
1.00838037343
1.00877459711
1.00918269649
1.00928064137
1.00883031015
1.00796295495
1.0070461869
1.00639959043
1.00641161734
1.00711864407
1.00842577695
1.01010229098
1.01191027314
1.0136677116
1.01518042306
1.016573219
1.01776096699
1.01896260952
1.0199892841
1.0210895584
1.02223322196
1.0235468467
1.02511199704
1.02689808341
1.02877668139
1.03044525669
1.03176460754
1.03258861078
1.03314940398
1.0337472546
1.03471249735
1.03615282591
1.03786239723
1.03947426068
1.04065904863
1.04115336547
1.04127781766
1.04135287486
1.04199236502
1.04321640384
1.04496268657
1.04669315924
1.04786954235
1.04819393007
1.04785772808
1.04743750603
1.04736306843
1.04803237919
1.04939486372
1.05096678235
1.0523539365
1.05309470544
1.05323626999
1.05309123205
1.05309603628
1.05355731225
1.05446256009
1.05548668617
1.05620030619
1.0563773511
1.05588977295
1.05490007224
1.05361943164
1.05214134819
1.05049243334
1.04879451661
1.04722235445
1.04604364013
1.04526364909
1.0449339207
1.04473050565
1.04435989049
1.04339938599
1.04191282505
1.03992210321
1.03788822742
1.03624988499
1.03498273878
1.03398058252
1.03288525048
1.03146182974
1.0296598257
1.02793400825
1.02645031187
1.02550828313
1.02488623436
1.02407044073
1.02240896359
1.01978994457
1.01630939011
1.01264334019
1.0095106687
1.00735879077
1.00618712274
1.00554763844
1.00451977401
1.00247882669
0.999274611399
0.995266087499
0.991042430592
0.987404741744
0.98501150902
0.983788165361
0.983536187785
0.983452180066
0.982843137255
0.981547196593
0.979690416072
0.977880999779
0.97673900946
0.976796073182
0.977800033383
0.979302711677
0.980670741781
0.981421425823
0.981723093862
0.982059067071
0.982986245374
0.98486266307
0.987543025733
0.990575235619
0.993114948093
0.99469567081
0.99513368984
0.994666666667
0.994007848128
0.993904361534
0.994850455137
0.996853074701
0.999640417116
1.00261753233
1.00513109959
1.00680480941
1.00751956102
1.00759863124
1.00768118111
1.00838792932
1.00992457324
1.01229100318
1.01501321762
1.01749227549
1.01935387822
1.02043637082
1.02106195561
1.02147254371
1.02195628523
1.02265725927
1.02341570347
1.02410838813
1.02461829214
1.0249664296
1.02535815904
1.02564102564
1.02586075757
1.02583873768
1.02543328889
1.02461332922
1.02365247861
1.0225423641
1.02132998745
1.02006865593
1.01837745699
1.01633636851
1.01407845244
1.01197411003
1.01015697138
1.00873242531
1.00745936317
1.00591982861
1.00375554797
1.00051484469
0.996726959518
0.992726433066
0.98916904443
0.986393355717
0.984623636689
0.983400493174
0.982164449819
0.980298254122
0.977631898857
0.974528129009
0.971326605956
0.968610421836
0.966643762883
0.965240306186
0.963892558344
0.962414075802
0.960627927586
0.959040895503
0.957984803014
0.957928388747
0.958710912572
0.959819441795
0.960765671547
0.961472656993
0.961885402109
0.962585250813
0.963870803013
0.965793999618
0.96787275838
0.96988976378
0.971591621723
0.973280770915
0.975376538966
0.977876106195
0.980977755747
0.984025559105
0.986663418793
0.988691340106
0.990246252032
0.991836734694
0.993783622236
0.996023738872
0.998295521335
1.00005819028
1.00103932098
1.0013795482
1.0015484315
1.001887332
1.00273037543
1.00389280677
1.00469536054
1.00482582649
1.00408501242
1.00275300077
1.00131802955
1.00027329872
0.999891469503
0.999892368959
0.999839700775
0.999255437962
0.99793169283
0.996032795557
0.993993993994
0.992245218758
0.990984418156
0.990030117354
0.989107883817
0.987861181719
0.9861096714
0.98398843035
0.981871405094
0.980086801123
0.979130611829
0.979065858504
0.979961149167
0.981471977007
0.983029929034
0.984019320693
0.984209986671
0.983877571911
0.983615790282
0.984196213248
0.986005350895
0.988812126212
0.991944645255
0.994618091492
0.996571072319
0.997910245024
0.99921185372
1.00100216256
1.00337998416
1.00596715425
1.00824567895
1.00997823895
1.01122634449
1.01234235205
1.01355968975
1.01501550514
1.01617030544
1.01662668993
1.01609283486
1.01477723864
1.01301156584
1.01147559337
1.01027801179
1.00933265868
1.0081634951
1.00633161852
1.00387177589
1.00097588978
0.998381783506
0.996170583116
0.99453297662
0.993113510359
0.991425383215
0.989332068986
0.987074382143
0.984865842629
0.982737734706
0.98080077769
0.978766245653
0.976765627881
0.975102446293
0.974395983684
0.974738841406
0.975911292378
0.977179487179
0.977655795932
0.977496575566
0.977238239757
0.977801479901
0.979783732957
0.98284710967
0.986204553177
0.988811092806
0.990528588342
0.991505026193
0.992745816275
0.994705157032
0.997227896119
0.999633323555
1.00118325691
1.00172258838
1.00144420797
1.00138642841
1.00194310586
1.00289175459
1.00353606789
1.00324958389
1.00168552853
0.999755660531
0.998184369068
0.997749812484
0.998237219844
0.998646820027
0.998120140135
0.996278023024
0.993595929467
0.991040539342
0.989355992844
0.988467429498
0.987544322211
0.985921972764
0.983487265603
0.9810999811
0.979854878747
0.979971112181
0.98084402956
0.981567274519
0.98120964184
0.980056718489
0.97937280933
0.980551645028
0.984012848505
0.988935051721
0.993938806709
0.997923624539
1.00050405484
1.00217857508
1.00373023659
1.00554627999
1.00725054667
1.00820514018
1.00815466483
1.00760682309
1.00774622816
1.00947791363
1.01242236025
1.01514887689
1.01597290672
