1.12301349325
1.12554144884
1.12728221179
1.12591443139
1.12226979174
1.11934272966
1.1200221622
1.12465014677
1.13077706142
1.13450728073
1.13330637552
1.12800532801
1.12259458044
1.12084592145
1.12374920836
1.12895346652
1.13282073541
1.13280627566
1.12922333031
1.12499254577
1.12270554211
1.123065197
1.12438071924
1.12449474535
1.12258248009
1.12014292095
1.11965108624
1.12237155864
1.12683031869
1.13006910591
1.12942989214
1.12475776463
1.1191198396
1.11621212121
1.11774973817
1.12236203309
1.12657915515
1.12699347367
1.12271756022
1.11635144841
1.11158838801
1.11084663493
1.11345646438
1.11657709797
1.11751602491
1.11536047346
1.11199929338
1.11021974189
1.11163936552
1.11549368394
1.11931890923
1.12053175775
1.11844619859
1.11438255472
1.110815924
1.1090858328
1.10905627431
1.10960527875
1.10942463819
1.10837113722
1.10724670952
1.10714015581
1.10815981992
1.10957268147
1.11030694429
1.10995804813
1.10914776033
1.10910982742
1.11028733593
1.1120261852
1.11291621442
1.11177290143
1.10911353893
1.10663425989
1.1065221074
1.10948316419
1.11404593935
1.11766274458
1.1178228672
1.11418296988
1.10885976666
1.10524273101
1.10561913004
1.11008823623
1.1163410302
1.12156825577
1.12380143984
1.12308942581
1.1210359408
1.11936692787
1.11881738701
1.11889727399
1.11869963538
1.11791521045
1.1171407073
1.11748381129
1.1193090758
1.12185732477
1.12363507235
1.12338237901
1.12102660702
1.11801551295
1.1162479257
1.11664200969
1.11892486822
1.12160324121
1.12328490135
1.12358257066
1.12343875329
1.12410113001
1.12628910034
1.12941478293
1.13204853676
1.13304181314
1.13236176597
1.13130015135
1.13131890101
1.13312162046
1.13597107853
1.13814824402
1.13825163352
1.13622246506
1.13363591968
1.13244595216
1.13383532399
1.13755293845
1.14199906695
1.14523816486
1.14658399626
1.1464683363
1.14623303697
1.14680057557
1.14818539442
1.14955556881
1.15010215118
1.14987470185
1.14977132992
1.15080811763
1.15327576211
1.15634399362
1.15858704378
1.15916708044
1.15854076451
1.15823220318
1.15974079084
1.16346794404
1.16815690799
1.17158671587
1.17208194689
1.16986454131
1.16702369575
1.16619662232
1.16883987531
1.17441505077
1.18061386002
1.18487745524
1.18633692458
1.18626934822
1.18709268327
1.19044748599
1.195967482
1.20139115314
1.20393075431
1.2023291811
1.19800917703
1.19419278182
1.19369285314
1.19725512314
1.20287382469
1.20734918152
1.20832536251
1.20614890444
1.20351346191
1.20363080451
1.2078425354
1.21476251109
1.22087030651
1.22278206271
1.21956773447
1.21371323388
1.20940611054
1.21006356335
1.21636446747
1.22618548049
1.23541523679
1.24064435242
1.24105489855
1.23831722997
1.23529191196
1.23404653951
1.23492645683
1.23690485061
1.23858392706
1.23959587117
1.24071536742
1.24319393267
1.24738887107
1.25240299039
1.25641025641
1.2577650713
1.25635289594
1.25379587037
1.25217003465
1.25282838295
1.25544926546
1.25866074479
1.26061473455
1.26072081837
1.25980705234
1.25963786998
1.2613447058
1.2649196506
1.26899959931
1.27190816258
1.27288439806
1.27275130527
1.27312804316
1.27529605263
1.27925962651
1.28334998335
1.28548922334
1.28434569229
1.28071589268
1.27695708974
1.27547877327
1.2774083031
1.28190482628
1.2868612642
1.29006355498
1.2906813593
1.289579124
1.28830963665
1.28806641301
1.28868756121
1.28902901272
1.28800085938
1.28557005841
1.28298403735
1.2822422437
1.28407969293
1.28777084641
1.29108629897
1.29179560722
1.2889395667
1.28409567772
1.28014686197
1.2796021047
1.28314371953
1.28879596702
1.29326600655
1.29366937885
1.28940671226
1.28257500497
1.27665408305
1.27440896225
1.27632846364
1.28069891603
1.28457003456
1.28551679271
1.28340212026
1.28003214142
1.27805072898
1.2790151002
1.28271437679
1.28723997768
1.29031232615
1.29066372031
1.28862312893
1.28590791155
1.28430655529
1.28444700461
1.28604329802
1.28792581523
1.28927509719
1.28984138973
1.2902888316
1.29109893365
1.29240455064
1.29335291957
1.2931211499
1.29140162316
1.28893412825
1.28730238937
1.28745607115
1.28947086355
1.29184074272
1.29261404261
1.29033412034
1.28521416068
1.27906976744
1.27411221591
1.2716689146
1.27133907596
1.27135444623
1.26984812496
1.26608123735
1.26111674392
1.25721537346
1.25614456079
1.25826506729
1.26186084262
1.26431471892
1.26336351001
1.25878087469
1.25256657954
1.24775835866
1.24642938975
1.24857538888
1.25223683187
1.25441973757
1.25263032988
1.24700515668
1.23973499425
1.23392694245
1.23163078878
1.2327675512
1.23564688949
1.23740143297
1.23622864442
1.23199270189
1.22656065496
1.22183979975
1.21925550575
1.21861370717
1.2186685343
1.21801683019
1.2161007161
1.21366511699
1.21210179076
1.21255280176
1.21494458082
1.21824793143
1.22074940758
1.2212513365
1.21968449178
1.2171405774
1.21501006904
1.21403032037
1.21384747093
1.21351119989
1.21194934903
1.20929652716
1.20631369625
1.20459534093
1.20473916888
1.20633795328
1.20773067332
1.20715975059
1.2038590302
1.19868672656
1.19402715586
1.19212820606
1.19399512922
1.19844586174
1.20303759956
1.20514931517
1.20327930645
1.19827520993
1.19279709157
1.18948645983
1.18961840201
1.19216754248
1.19476148102
1.19486239963
1.19121790858
1.18490979533
1.17873453296
1.17524328533
1.17554432348
1.17855058933
1.1817615693
1.18268707747
1.18020245731
1.17546143831
1.17088055798
1.16855156866
1.16920031375
1.17146898965
1.17289129789
1.1711625157
1.16577461691
1.15845606907
1.15216767155
1.14947151144
1.15102358858
1.15555948383
1.16040967685
1.16285704223
1.16193211671
1.15855185366
1.15503715224
1.15331862982
1.15397093846
1.15591938673
1.15696193699
1.15516094007
1.15010867279
1.14340243732
1.13749168679
1.13448917278
1.13493269265
1.13776620412
1.14088616715
1.14227657027
1.1409532826
1.13774506231
1.13435665585
1.13217067018
1.13159733716
1.131793579
1.13143155851
1.12948184781
1.12608907004
1.12283113505
1.12150910029
1.12315793323
1.12741495361
1.13257383354
1.13632085716
1.13673888749
1.13339298497
1.12749371036
1.12121955493
1.11650822289
1.11406438285
1.11330251669
1.11278503016
1.11122791549
1.10819826802
1.10439670749
1.10098759685
1.0990990991
1.09889819012
1.09976805832
1.10047830997
1.10005658556
1.09828034393
1.09583694709
1.0939171123
1.09324877525
1.09402748236
1.09543568465
1.0964792109
1.09637434149
1.09522822294
1.09386043933
1.09342837274
1.09463380528
1.09728188156
1.10034761635
1.10243972036
1.10258426565
1.100667309
1.0977040091
1.09513360467
1.09403127316
1.09462509699
1.09634645225
1.09807028664
1.09889955842
1.09858567606
1.09780329334
1.09748630906
1.09838720561
1.10031232159
1.10240943668
1.10343212685
1.10263333333
1.10010268641
1.09707525468
1.09516818375
1.0956388925
1.09862131755
1.10322074868
1.10782734475
1.11088703012
1.11140961857
1.10980873954
1.10722238841
1.10497882416
1.10372858582
1.10327729665
1.10278188508
1.10124426526
1.0983073372
1.09454303616
1.0911121192
1.08926958093
1.08941258014
1.09107607001
1.09324859346
1.09466137677
1.09448599756
1.09289920333
1.09081537986
1.08944002177
1.08943555181
1.09079048607
1.09268877347
1.09399269831
1.09397438867
1.09263164832
1.09068563188
1.08934506354
1.08941138317
1.09086498027
1.09291720569
1.09440072541
1.09418785677
1.09202752711
1.08853608649
1.08477604184
1.08200136723
1.08060189728
1.08052076467
1.08098849198
1.08155457108
1.0819638872
1.08268171619
1.08440561111
1.0876549976
1.09210978881
1.09676527509
1.10017355085
1.10110991267
1.09916235098
1.09540281573
1.09169870915
1.09000851064
1.0913636978
1.09559811828
1.10104762861
1.10557204308
1.10731820594
1.10542605031
1.10089378914
1.09539505574
1.09102284394
1.08876099121
1.08865497824
1.0896452079
1.09041060543
1.08997895418
1.08837179113
1.08658909185
1.08601029517
1.08752291176
1.09117588868
1.09612888194
1.10071894107
1.10362326195
1.10428052548
1.10316382646
1.1015656771
1.10072088537
1.10121909922
1.10275042445
1.1042014516
1.10449749001
1.10285441462
1.09968467094
1.09611122305
1.09362860653
1.09321727706
1.09473718492
1.09719614065
1.09906801251
1.09901021917
1.096512
1.09239389984
1.08819336649
1.08571699185
1.08605781368
1.08934958063
1.09468491407
1.10050299555
1.10546673543
1.10867171815
1.11009323328
1.11044503812
1.11037347112
1.11027816137
1.10995994836
1.10891881083
1.10666532623
1.10326634854
1.09948928163
1.09639684934
1.09509335649
1.0959560659
1.09856351392
1.10178175928
1.10420709845
1.10462040816
1.10263540825
1.09884873681
1.09423454212
1.08992467043
1.08654627257
1.08410835778
1.08226582516
1.08061336254
1.07887650301
1.07741410601
1.07683651141
1.07765198899
1.08003012899
1.08358888432
1.08746486072
1.0906828685
1.09247950887
1.09265533007
1.09170406547
1.0904950495
1.08964471689
1.08934685278
1.08894887579
1.08766843475
1.08472844714
1.07998421364
1.07420852957
1.06889623436
1.06551127627
1.06484090549
1.06663950099
1.06972111554
1.072611149
1.07394224519
1.07324239894
1.07109957031
1.06893035902
1.0683868974
1.07043997895
1.07514073337
1.08122749335
1.08694005114
1.09044922372
1.090784
1.08813994543
1.08389003083
1.0797573579
1.07715257282
1.07649589111
1.07724963015
1.07829170024
1.07830800503
1.0766058888
1.07344361095
1.06969051178
1.06677380727
1.06554868528
1.06609623016
1.06771974208
1.06910131372
1.0691138074
1.06714312005
1.0635294838
1.05943286683
1.05625076303
1.05507193256
1.05595734249
1.05831047554
1.0609051965
1.06251368171
1.06237215596
1.06063096668
1.05797698672
1.05540210179
1.05355326723
1.052547872
1.05166709086
1.05000794281
1.04674198551
1.04169808949
1.03562428051
1.02967952267
1.02514594989
1.02270605595
1.02225146549
1.02290599309
1.0233360088
1.02235947382
1.01942582597
1.01492448919
1.00993730037
1.00579795888
1.00350034113
1.00328181872
1.00466249549
1.00646571351
1.00768100863
1.00750607561
1.0058845277
1.00350531948
1.00128597673
0.999817206922
0.99921149997
0.998942406479
0.998102238154
0.995827705238
0.991757257197
0.98633020994
0.980632457532
0.976043546603
0.973654595296
0.973825291706
0.976003428082
0.979016786571
0.981473010064
0.982226808852
0.980850513241
0.977675223536
0.97354635177
0.969481180061
0.966222533894
0.963959196872
0.96241201869
0.961163606109
0.959849883839
0.958475963685
0.95743229213
0.957250331907
0.958251487877
0.960367186362
0.962952226345
0.964941135734
0.965245863971
0.963202102737
0.958947278767
0.953391981052
0.948108713925
0.944506444953
0.943580308859
0.945312718428
0.949005150142
0.95331799983
0.956794724771
0.95844058189
0.958066394875
0.956279995318
0.954161038351
0.952739907541
0.95253276656
0.953289551532
0.954194178782
0.95407906798
0.952050157478
0.947817199591
0.941892048081
0.935443327239
0.929639575972
0.925435520521
0.923156453461
0.922479537391
0.922652552578
0.922785023611
0.922247926423
0.920924574209
0.919118897772
0.917566185661
0.916818596171
0.917038562765
0.917958749245
0.91888294024
0.918957442476
0.917571195145
0.914575064207
0.910323951451
0.905630865485
0.901292867632
0.89786454457
0.895438236802
0.893676124607
0.891914773529
0.88960035948
0.886338248436
0.882414989591
0.878364574994
0.874948422414
0.872700778092
0.871879740725
0.872286079183
0.873287958995
0.874279090806
0.874647285165
0.874240339411
0.873228097415
0.872151243094
0.871523483563
0.871598126275
0.87224998564
0.873004937421
0.87317562724
0.872107987531
0.86947859745
0.865468317223
0.860843238394
0.856562734681
0.853469015292
0.852103158185
0.852377533551
0.853897994842
0.85592274199
0.857704954892
0.858726701926
0.858901461307
0.85836235939
0.857548224369
0.856957798376
0.856762621149
0.856939274081
0.857184587971
0.857305969494
0.85701754386
0.856253635835
0.855301479281
0.854481125346
0.854036653206
0.85412990505
0.854558126568
0.855057525699
0.855140056414
0.854489858894
0.853054780231
0.851151199343
0.849295214278
0.848192908448
0.848172928461
0.849293833965
0.851175537285
0.853165511441
0.854641337917
0.854927273789
0.853911926927
0.851798059606
0.849262162785
0.847001398681
0.845640619699
0.845446130543
0.846205375834
0.847433539542
0.848557558172
0.848982676108
0.848425252156
0.846989141165
0.845152158528
0.843591929525
0.842776810436
0.842996555683
0.844084934277
0.845645977546
0.847132826214
0.84802208452
0.848016456068
0.847183965305
0.845842316881
0.844447657606
0.843372456739
0.842688941472
0.842296449755
0.841770001699
0.84071747864
0.838856657705
0.836222033418
0.833191609977
0.830391099506
0.828449502134
0.827805867398
0.828443346073
0.830114935873
0.832166199813
0.833817957529
0.834458563047
0.833672296401
0.831567827694
0.828563942826
0.825438925246
0.82273493047
0.820953892368
0.820185091135
0.820370422575
0.821073446328
0.821989677273
0.822750192291
0.823245036901
0.823492263972
0.823649660256
0.823859041017
0.824121331632
0.824295579708
0.824165202109
0.823519025338
0.822187463109
0.820269153583
0.818040115287
0.815897870351
0.814228219011
0.813209819892
0.812859011545
0.812847977842
0.812848689772
0.812392572346
0.811265854968
0.80950219827
0.80728899527
0.805220826058
0.803776187602
0.803357175819
0.80402257271
0.805376531382
0.806934295945
0.808050167712
0.808159215595
0.807052309486
0.80485608899
0.802046006242
0.79936790691
0.797405417762
0.796704234973
0.797323407399
0.799078445873
0.801518438178
0.803999196718
0.806048538366
0.807307234685
0.807721467312
0.807522318162
0.806957287539
0.806291195857
0.805708725268
0.805157593123
0.804625576718
0.803927948179
0.803077286554
0.802219148247
0.801622159756
0.801565819727
0.802268715456
0.803804582793
0.805977024732
0.808358346802
0.810485978053
0.811826697892
0.81206784469
0.811231333274
0.809709553529
0.808149865976
0.807245983663
0.807566135974
0.809165116139
0.811744645208
0.814677804296
0.817058648407
0.818100757914
0.817245779057
0.814335622928
0.809966640097
0.804949824902
0.800434412516
0.797454246832
0.796479680291
0.797560327259
0.800244149348
0.803764734183
0.807271733188
0.81001102806
0.811535737382
0.811894925079
0.811412408535
0.810704242572
0.810292511227
0.810479375697
0.811153396662
0.811979088872
0.812406710848
0.812003108375
0.810496674855
0.807976455042
0.804942656753
0.802099357524
0.800278105257
0.799969687784
0.801210683215
0.803782000367
0.807131678277
0.810536044362
0.81334156887
0.815100868115
0.815737543167
0.815481492858
0.814854452055
0.814394054762
0.814506322957
0.815202507379
0.816353969321
0.817449086323
0.818038023757
0.817579394849
0.816012075092
0.813576430509
0.810869633789
0.808607021518
0.807348933371
0.807496803568
0.809023677832
0.811618025618
0.814750488478
0.817797794689
0.820128879619
0.821389573519
0.821527886268
0.820794246404
0.819686492913
0.818668754894
0.817953467927
0.817545629354
0.817015209125
0.815922775495
0.813713883467
0.810187856639
0.805428415965
0.799917229084
0.794438833481
0.789830402599
0.786796068492
0.785554500046
0.786038713611
0.787765293383
0.79006840948
0.792187836135
0.79344963282
0.79352479765
0.792336995876
0.790163311812
0.78747778624
0.784859546104
0.782597674198
0.78083533426
0.779498803677
0.778269188545
0.776864412077
0.775164335338
0.773070352539
0.770868191114
0.768919002537
0.767714586299
0.767577458673
0.768655320741
0.770697236181
0.773225949648
0.775467708867
0.77676088222
0.776467906341
0.774307370622
0.770553869252
0.765810244584
0.760922134451
0.756804298462
0.754105651028
0.753029392223
0.753463655343
0.754976348456
0.756895835331
0.758452860596
0.759134052789
0.758631975127
0.75704989154
0.754804528103
0.752399106086
0.750393184797
0.749126644683
0.748592443128
0.748579222551
0.748677849518
0.748329115567
0.747103683271
0.744687064015
0.74120774043
0.73711290166
0.733010335917
0.7295370221
0.727102562448
0.725864355251
0.725672911458
0.726163283952
0.726789755026
0.727063238634
0.726745144591
0.725578025163
0.723777026805
0.721756434933
0.719968874623
0.718926416981
0.718938053097
0.72001030795
0.721927383341
0.724365035375
0.726740360574
0.728560998274
0.729477798938
0.729317511397
0.728207705193
0.726563021285
0.724801962149
0.723390254335
0.722603635413
0.722457351218
0.722935839485
0.723739085104
0.724500147256
0.725010696771
0.725084431495
0.724664691983
0.723938675306
0.72323550082
0.722713271729
0.72259403025
0.722872233737
0.723589726462
0.724456757569
0.72526445757
0.725816677233
0.725871559633
0.725384281951
0.724586012728
0.723594832179
0.722816132148
0.722424201995
0.722581077011
0.723177337415
0.72399661304
0.724788482533
0.72515282643
0.724866264021
0.723797993774
0.721943801196
0.71962391514
0.717138844164
0.714932897336
0.713374932176
0.712684925014
0.712914603541
0.713954440049
0.715528804815
0.717318785183
0.718990274901
0.720290368272
0.721045323459
0.721152474683
0.720842524728
0.720192580006
0.719476590805
0.718890947869
0.71843882738
0.718204575482
0.71800229861
0.717839275094
0.717490052467
0.716920239742
0.716157361131
0.715156950673
0.714075033272
0.712898003238
0.711797450171
0.710690247745
0.709632536568
0.708549683477
0.707335249654
0.705959513596
0.704428606886
0.702857142857
0.701428876093
0.700274128662
0.699650549137
0.699578631624
0.70006078158
0.700980743074
0.702013326646
0.703025306474
0.703811265283
0.704233430118
0.704312629845
0.704110471148
0.703861127978
0.703897863842
0.704453152832
0.705649757766
0.707504101576
0.709739702517
0.711943457827
0.713719841556
0.714554058447
0.714156473909
0.712424922209
0.709515558443
0.705791422511
0.701856024032
0.698232008822
0.695542800454
0.694032754413
0.69394261424
0.695081150342
0.697184866416
0.69979730708
0.702426191172
0.704630004788
0.706008663137
0.706495143471
0.706160786924
0.705276705277
0.704102489233
0.703050282568
0.702236467749
0.701647937386
0.701167175435
0.700605492684
0.699648308618
0.698079450854
0.695795972365
0.692923849249
0.689748234685
0.686660268714
0.684226004485
0.682828726049
0.682711198428
0.683991005368
0.686332813577
0.68951466201
0.692896374954
0.695978136426
0.698184935336
0.699173553719
0.698757881225
0.697131194013
0.694705106463
0.692016775256
0.689523314523
0.687700062548
0.686785701245
0.686761873615
0.687463704994
0.688657617991
0.690038790895
0.691096774194
0.691676261932
0.691563293977
0.690866159439
0.689733982765
0.688493989397
0.687421150278
0.686731010094
0.686494000585
0.686667636999
0.687159759019
0.68776325345
0.688310741874
0.688530597288
0.688369176288
0.687815562816
0.686912401134
0.68599648322
0.685156074556
0.684651023763
0.6845692577
0.684849159524
0.685380376493
0.686067540137
0.686674537003
0.6869343578
0.686689874824
0.685846953938
0.68442027636
0.682531985527
0.680466972511
0.678494303373
0.676887667978
0.675802633526
0.675353877912
0.675467951311
0.676086876631
0.67699554705
0.678014917657
0.678910655981
0.679461354819
0.679611650485
0.679342511096
0.678844487967
0.678191189195
0.677652793401
0.677299011378
0.677187256611
0.677361065015
0.67767866975
0.678049851762
0.678395084306
0.678555734583
0.678390483883
0.67781255754
0.676894107222
0.675663684094
0.674354993716
0.673072666913
0.671897394436
0.670994879298
0.670293678809
0.669733743887
0.669290201459
0.668877275185
0.668312549557
0.667556838686
0.666558195032
0.665350765999
0.664081469938
0.66287700496
0.661864529174
0.661130881771
0.660768543342
0.660779645357
0.661105023154
0.661677173951
0.662364154328
0.663098591549
0.663698678539
0.664015057353
0.663964285714
0.663651050081
0.663123378495
0.662444516618
0.661775839071
0.661181373958
0.660779406507
0.660527625684
0.660428753361
0.66047380667
0.660598591549
0.660767169652
0.660901245048
0.660923011333
0.660909285561
0.660866451844
0.660823116082
0.660877971928
0.661041740992
0.661320654295
0.661694700095
0.662108621717
0.662429723784
0.662598933092
0.662442396313
0.661970350121
0.660969765311
0.659542796385
0.657706412219
0.655618979665
0.653566593031
0.651748350947
0.650357281143
0.649570860373
0.649498443445
0.650003435718
0.651044162958
0.65238682282
0.653783997524
0.655019565744
0.655861394439
0.656146530468
0.655903306986
0.655187120162
0.65415321293
0.65307274395
0.652178474019
0.651669839073
0.651636114442
0.651993609572
0.652651873901
0.653369363283
0.653853962239
0.653928462244
0.653392028392
0.652109878065
0.650212678375
0.6478849118
0.645456095482
0.643326558266
0.64183169149
0.641199452366
0.641596596763
0.642963798653
0.645200970777
0.64809678174
0.651311580294
0.6545750968
0.657490155795
0.659878712701
0.661606556243
0.662607251591
0.663041226435
0.663134718591
0.663091893374
0.663217213115
0.663552039285
0.664186998806
0.66503575461
0.66597959394
0.666908237568
0.667567567568
0.667917448405
0.667872296028
0.667396365405
0.66659733056
0.665675974565
0.664737694189
0.664067330814
0.663751714678
0.663901837126
0.664529181812
0.665533813938
0.666735402275
0.667985141363
0.669178105756
0.670220815849
0.671009660009
0.671580249459
0.671980211626
0.672313666197
0.672602881012
0.672892374368
0.673283335627
0.673715700433
0.674210164835
0.674708704592
0.675202571028
0.675719939948
0.676200865919
0.67672149048
0.677231653888
0.677755607541
0.678242503982
0.678763159729
0.679291600912
0.679822553956
0.680437081424
0.681127295757
0.681951937224
0.683000731376
0.684219637169
0.685701485336
0.68734525447
0.689059434904
0.690729483283
0.692219520667
0.69331329302
0.69392991459
0.694022218304
0.693585944115
0.692892329346
0.692081495484
0.69150490503
0.691355463347
0.691786009364
0.692883895131
0.694524693906
0.69649080432
0.698467725161
0.700208986416
0.701338645975
0.701672732363
0.701062268502
0.699596212754
0.697548815953
0.695164343486
0.692752730136
0.690673486786
0.689114234185
0.688210082319
0.687887247225
0.688107168422
0.688651562713
0.689340933138
0.689990447598
0.690482683392
0.690738154444
0.690633514986
0.690265185084
0.689616329874
0.688730853392
0.687752447457
0.686687200548
0.685687941809
0.684767086025
0.68400243309
0.683445753213
0.683136627325
0.683104901603
0.683342168036
0.683834998175
0.684394798266
0.684986235144
0.685403138528
0.68557332426
0.685349535773
0.684689909258
0.68356708663
0.682069430401
0.680327321309
0.678531223098
0.676773323687
0.675206394968
0.673881721134
0.672739208928
0.671742641485
0.670860510545
0.669955812485
0.669073365497
0.668096140421
0.667075515481
0.666160348699
0.66542775384
0.66500524659
0.665018824685
0.665553591305
0.66648095956
0.667826315271
0.669393521256
0.671058684366
0.67259774794
0.673944400734
0.674918140144
0.675506662738
0.675639344262
0.675414364641
0.674843992472
0.674104034745
0.673339096894
0.672756922258
0.672513454256
0.672797644646
0.673717105263
0.675302584233
0.67747401349
0.680069019404
0.682870294799
0.685510626417
0.687636652753
0.688908203517
0.689043079929
0.687910154929
0.685609904607
0.682384641293
0.678609625668
0.674812092315
0.671336242249
0.668500911696
0.666547858208
0.665373298412
0.664920450136
0.664983001457
0.665391473497
0.66588822938
0.66634250705
0.666753002881
0.666968501391
0.667011542565
0.666742191293
0.666201615781
0.665288987243
0.664002088159
0.662291013584
0.660256828108
0.65802957582
0.655746146172
0.653579971296
0.65176284585
0.650369206599
0.64943123061
0.648871732103
0.648577017732
0.648254149971
0.647785226289
0.646969501163
0.64571502742
0.644098067868
0.642304329523
0.640583725275
0.639207274124
0.638354768878
0.638164986367
0.638638448641
0.639602896076
0.640796963947
0.642025684823
0.643019726859
0.643686868687
0.643921494503
0.643789513415
0.643344548914
0.642665910737
0.641708018585
0.640607138321
0.639298245614
0.637768322723
0.636101868441
0.634334544991
0.632634313229
0.631041738639
0.629731075697
0.62874528943
0.628185031505
0.627953359926
0.627972715541
0.628140703518
0.628253938775
0.6282724139
0.62799377916
0.627425373134
0.626552023839
0.62542582843
0.624061080028
0.622552350361
0.620991163567
0.619443842989
0.618009537375
0.616790016412
0.615826893354
0.615244841392
0.615075838823
0.615190027735
0.615543349619
0.615915697674
0.616062772661
0.615842727356
0.61506531559
0.613669814792
0.611803440106
0.609556965925
0.607286826476
0.605177596466
0.60343300449
0.602220532319
0.601516530179
0.601157119922
0.601102829789
0.601097867953
0.601135363225
0.601135535584
0.601092067344
0.601120702711
0.601228107323
0.601367087076
0.601490773566
0.601423487544
0.601045775617
0.600196795916
0.598888202594
0.597258748182
0.595501452141
0.593982649357
0.593028588901
0.592840211512
0.593417231365
0.594672947998
0.596238168678
0.597741279335
0.598846435547
0.599159741176
0.598548005045
0.597216663075
0.595355989543
0.593375897845
0.591576495111
0.590175998038
0.589198991824
0.588640222257
0.588304637816
0.588075880759
0.587774588118
0.587511295298
0.587311928029
0.587524282322
0.588314634296
0.589897077238
0.592201288589
0.595095785441
0.598184793011
0.601040466029
0.603243956873
0.604445711029
0.604554997137
0.603690013383
0.602109086275
0.600254655419
0.598396385504
0.596797300309
0.595542518254
0.594596320899
0.593895813359
0.593309072336
0.592751686394
0.592322797238
0.592112729336
0.592243384248
0.592833569071
0.593828874306
0.595119316196
0.596440596441
0.597617814604
0.598356378816
0.598545645124
0.598203160863
0.597459984943
0.596508402676
0.595555700156
0.594745559056
0.594105044472
0.593588619312
0.593123395405
0.592626279032
0.592019966291
0.591436044822
0.590939780729
0.590664445441
0.590721484562
0.591146584607
0.591822926735
0.592585378522
0.593209795705
0.593421096044
0.593124730398
0.592297962988
0.591031748676
0.589622327316
0.588227460381
0.58712815217
0.586472688445
0.586273788421
0.586520092503
0.587039645804
0.587809536575
0.588689461546
0.589670109963
0.590729225551
0.591811620714
0.592912676432
0.593829730093
0.594538810313
0.594836113101
0.59467902506
0.594127985113
0.593287572005
0.592329692292
0.591442231624
0.590745130372
0.590325018896
0.590105277644
0.589956572689
0.58977543206
0.589422911283
0.588859143328
0.588261388841
0.587764514379
0.587558225883
0.587731715538
0.588235294118
0.589013155658
0.58977171454
0.590333955611
0.590462930734
0.590089460442
0.589266347129
0.588187985174
0.587028689241
0.585923569106
0.585006834192
0.584268477152
0.583609914554
0.582905861959
0.582220337785
0.58152537009
0.581032496771
0.581007134446
0.581605950003
0.582863623866
0.584674778532
0.586764807999
0.5888436996
0.590447190454
0.591280459524
0.591223356618
0.590350216869
0.588896445574
0.587219899217
0.585620354488
0.584300243518
0.583288390321
0.582598959838
0.582056020582
0.581638202981
0.581235532407
0.580888968868
0.580676328502
0.580756625819
0.581191111111
0.581926938688
0.582803003218
0.583719843239
0.584381778742
0.584655604372
0.584525760058
0.584014300306
0.583284586136
0.582535314621
0.581750451813
0.581090612124
0.580581291094
0.580049538392
0.579530932872
0.578941445666
0.578243989846
0.577433956664
0.576620788901
0.575798801338
0.575101935863
0.57447043248
0.573976489664
0.573595630029
0.573448517739
0.573520191776
0.573906957899
0.574533131975
0.575374843046
0.576198789139
0.576869780158
0.577158626947
0.576902546896
0.576173672906
0.574966352624
0.573553719008
0.572201335073
0.571144126206
0.570526557477
0.57035589779
0.57064966979
0.571164723537
0.571819056785
0.572449567723
0.572893548634
0.57323943662
0.573464205859
0.573660123303
0.573874180964
0.574097325267
0.574361331342
0.574685595247
0.575033973986
0.57535315695
0.575654286162
0.575883902938
0.575994626842
0.575793698097
0.57529590531
0.574369697213
0.573053650666
0.57148617047
0.569891609795
0.568473495417
0.56745749308
0.566916761598
0.566815406294
0.567017571322
0.567337491664
0.567560121226
0.567551575875
0.56733196592
0.56694214876
0.56647444196
0.566143366089
0.565965283492
0.565934498504
0.565953901694
0.565941767792
0.565702278972
0.565189101261
0.564360877722
0.563366498124
0.562306690542
0.561367882382
0.560569782071
0.560050363511
0.559750986695
0.559680508578
0.559762011492
0.559834099134
0.559956262909
0.56002096098
0.560062653119
0.560153994225
0.560199124814
0.560352813243
0.560520888098
0.56063497219
0.560718358039
0.560658012899
0.560338830462
0.55979957286
0.558876961189
0.557693906393
0.556276422084
0.554699667466
0.553149273894
0.551860916533
0.550830704522
0.550196767981
0.549937473947
0.549943883277
0.550193130373
0.550569267847
0.551097621819
0.551686887153
0.552373056995
0.553054396762
0.553698596303
0.554258467609
0.55462219477
0.554723073102
0.554637626737
0.554264544919
0.55371164212
0.55299795012
0.552182488637
0.551294178347
0.550291010994
0.549266519538
0.548225778396
0.54734633208
0.546739846323
0.546438470676
0.546525427454
0.546907848633
0.547491390959
0.54806649017
0.548610509913
0.548970410106
0.549229303776
0.54947341048
0.549831007886
0.550274618345
0.550875226352
0.551552154098
0.552161209934
0.552593039283
0.55294627383
0.553230527281
0.553503746144
0.5537593818
0.553972578268
0.553971669356
0.553502382879
0.552522335529
0.551045398884
0.549301561216
0.547614670466
0.54655945284
0.546360224271
0.547045749213
0.548340947898
0.549898915641
0.551201647974
0.551976239433
0.552209477677
0.552175305366
0.552275016021
0.552928803329
0.554375085495
0.556434023991
0.558723539277
0.560680272109
0.561962016669
0.562336530078
0.561993423186
0.561319872873
0.560875706215
0.560970993233
0.561639281983
0.562604260998
0.563455181335
0.563736369777
0.563317927512
0.562322251643
0.561073031215
0.560124549004
0.559747185463
0.560047269683
0.560815123987
0.561675413213
0.56234658812
0.562656826568
0.562647870662
0.562761815583
0.563243243243
0.564477480561
0.56629847696
0.568413391557
0.570353466693
0.571637569492
0.572179122066
0.572071626435
0.571705812102
0.571499925079
0.571778956853
0.572460496614
0.57332057609
0.573796249366
0.573517382413
0.572460776218
0.57071495473
0.568827499608
0.567367703362
0.566483084186
0.566254324353
0.566434299492
0.566519777568
0.566213163839
0.565445851505
0.564453534718
0.563775909779
0.563660890319
0.564526939933
0.56595154999
0.567652031354
0.569055675177
0.569755496199
0.569620904274
0.568989457444
0.568275154004
0.56801762566
0.568362276523
0.569248162804
0.570268032702
0.570913649898
0.570953612328
0.570219335605
0.569018158444
0.567603892264
0.566370250606
0.565381912536
0.564648384469
0.563828043918
0.562754148808
0.56130669904
0.55968623985
0.558115183246
0.556945358789
0.556331877729
0.55627446716
0.556610426952
0.557036796185
0.557503923797
0.557815788054
0.558037152368
0.558395134183
0.558892190153
0.559686888454
0.560634920635
0.561703483432
0.562750226872
0.563633437064
0.564398018523
0.564985163205
0.565337224384
0.565611105086
0.565722704207
0.565739465712
0.56567513369
0.56566794323
0.565761517923
0.565899354544
0.56600779191
0.565904783782
0.565489020806
0.564736567553
0.563796123307
0.563086695683
0.562929454201
0.563607276175
0.565037571741
0.566949702223
0.568803243053
0.570179345915
0.570855536687
0.57098776275
0.570866970867
0.571023456646
0.571692522224
0.572880277617
0.574176996253
0.575074919318
0.575167552577
0.574412396263
0.573063246867
0.571786027477
0.571127625958
0.571322410767
0.572126251684
0.573034896017
0.573492551431
0.573138599106
0.572089247053
0.570835605647
0.569834307992
0.569495567105
0.569652718125
0.569824929109
0.569452199268
0.568180966069
0.566092423766
0.563773965691
0.56209199748
0.561706934421
0.562624055927
0.564340314462
0.565887386829
0.566486855159
0.565680620155
0.563760757848
0.561581120217
0.560282516969
0.560544506427
0.562288467329
0.564861944778
0.567243139374
0.568678109003
0.568835326809
0.568116643475
0.567269319144
0.567127672424
0.567917119729
0.56938886868
0.57086744044
0.571626959635
0.571344773791
0.570190248205
0.56894035533
0.568308556116
0.568855089205
0.570480564
0.572531852336
0.574264754478
0.57496994791
0.574347592144
0.572819267355
0.570926625303
0.569410021552
0.568495825478
0.568175684793
0.568045774648
0.567876316684
0.567487751769
0.56717370637
0.56727027027
0.568072248707
0.569604700855
0.571638613532
0.573562989513
0.574993377483
0.575686196886
0.575667519517
0.575340501792
0.575064800415
0.57503230809
0.575279663757
0.575738109143
0.576296923879
0.576830543933
0.577361083841
0.577874484654
0.578186579378
0.578106741942
0.577375057767
0.575914836993
0.573801381345
0.571493151609
0.569468906652
0.568102452612
0.567478343906
0.567376227426
0.567561381606
0.567829566194
0.568145991621
0.568751343219
0.569722062212
0.570989391643
0.572226638722
0.572938704536
0.572751746217
0.571529858928
0.569637229754
0.567891385494
0.567139737991
0.567819244929
0.569614723575
0.571755235789
0.573334281448
0.573801053081
0.573147291237
0.572113676732
0.571833474696
0.573071794512
0.575819272068
0.579317771294
0.582389718652
0.584060998538
0.583931313695
0.582511523956
0.580937107795
0.580180806676
0.58071125929
0.582058598371
0.583340330255
0.583530655391
0.582247765006
0.579913006275
0.577437584949
0.575924197832
0.575761732852
0.576696552227
0.577758099033
0.57802362087
0.576784230798
0.574327405381
0.571383935376
0.568989999237
0.567846743295
0.567950598225
0.568701754386
0.569419273501
0.569374305225
0.568445364766
0.567035239838
0.565744191579
0.565250415381
0.565817174515
0.567322491075
0.569399602386
0.571578528827
0.573454833597
0.574744134782
0.575560941287
0.576018662519
0.576405365589
0.576980255517
0.577926292204
0.579437096278
0.58134778295
0.583356029657
0.585112296252
0.586178253386
0.58652896273
0.586355112145
0.586085845298
0.586249154199
0.58702536395
0.588177598083
0.589163298907
0.589346537625
0.588443271768
0.586759132939
0.585060882801
0.584031114162
0.58409316533
0.584881672666
0.585573366215
0.585385214008
0.58397890096
0.58177477119
0.579741655969
0.57886926365
0.579499433015
0.581326921509
0.583299036958
0.584488366275
0.584247907331
0.582878645343
0.581184879015
0.580108780109
0.58018664132
0.581073593074
0.581985038274
0.582135038094
0.581288559845
0.579879720527
0.578851082634
0.579001584786
0.58042601683
0.582422865134
0.583924205379
0.584295067656
0.583404477742
0.581990644491
0.581286499485
0.582030119969
0.584120280429
0.586804678953
0.589086934589
0.590214195716
0.590309623431
0.590112079701
0.590593937402
0.592119388419
0.594336268886
0.596507782886
0.597730210016
0.597701335492
0.59686791842
0.596046155088
0.596078431373
0.597058352036
0.598619804205
0.600040312828
0.601006411817
0.601559310964
0.602080602883
0.603035274815
0.604355329115
0.605546384946
0.605990016639
0.605414494703
0.604215894603
0.603319893626
0.603672340793
0.605445372303
0.607653866386
0.608980604021
0.608215373589
0.605170228178
0.600912408759
0.597360703812
0.596028681743
0.596980051718
0.599031657356
0.600329628932
0.599513776337
0.596495956873
0.592599400213
0.589977728285
0.589834446703
0.591929382093
0.59454846889
0.595784198113
0.59437135226
0.59071888944
0.58691653481
0.585271851342
0.58707942097
0.591576378721
0.596929996089
0.600804079231
0.601854941604
0.600401017214
0.598378010878
0.597754866063
0.599616711384
0.603529411765
0.607924203273
0.611196172249
0.61251787587
0.612332135427
0.612172284644
0.613134688573
0.615506095308
0.618584070796
0.621174737617
0.622327159362
0.622093869383
0.621307048339
0.620802496656
0.621188470067
0.622258665012
0.623518436251
0.624574988874
0.625431111111
0.626407079646
0.627881990313
0.629634510631
0.631262101743
0.632189600283
0.632240291478
0.631857855362
0.631909592454
0.632986943778
0.634965345655
0.636886270309
0.637744171393
0.637083144025
0.635310269083
0.63369155874
0.633597056118
0.635319619961
0.637924633377
0.640061878867
0.640491321256
0.63896178527
0.636422309989
0.634595691238
0.634360465116
0.635547103569
0.636849369085
0.636866819862
0.635049126251
0.631976067469
0.629239310012
0.628160108744
0.6289459244
0.630616979476
0.631707058948
0.631247050749
0.629423627374
0.627551633373
0.62710748156
0.62868555791
0.631601770108
0.634366823506
0.635631297086
0.634987470966
0.633253183926
0.63190524019
0.631980165902
0.633545217472
0.635671802557
0.637304237408
0.637921906801
0.63795933682
0.638303084029
0.639505972022
0.641391324546
0.643159954345
0.644069381458
0.644090010181
0.644099835474
0.645272817978
0.648170365927
0.652184912603
0.655995677962
0.658274704557
0.658651530788
0.658103306914
0.658268515387
0.660231660232
0.663723187378
0.667369676358
0.669628486385
0.669871865316
0.669002095338
0.668899356121
0.6710793644
0.675549704312
0.680871563033
0.685041287317
0.686735773218
0.686238377542
0.685269488588
0.685763906836
0.688334324441
0.692020408163
0.695019500423
0.695919508105
0.694767736059
0.693118768093
0.692927680798
0.695061973228
0.698794108926
0.702428670155
0.704327681388
0.704165438648
0.70319679343
0.703065991824
0.704966951788
0.708512710626
0.712357024147
0.714781075522
0.715331964408
0.714631773519
0.714168198974
0.714764387795
0.716573088093
0.718514552711
0.719819907996
0.720190326695
0.720201822279
0.72060546875
0.721718795674
0.72300945327
0.723759765625
0.723478771278
0.72286916528
0.723131846635
0.724909464618
0.727841634738
0.730744880799
0.731941399243
0.731103632029
0.729349472016
0.728703054582
0.730562063235
0.734609394624
0.73899218212
0.741521567986
0.741105925262
0.738810292049
0.737119965218
0.738138686131
0.741974819694
0.746705371323
0.749614767426
0.749006501923
0.745522757079
0.74182444062
0.740521263185
0.742437047631
0.746188615644
0.749294027752
0.749902143888
0.748126729822
0.745963644575
0.745594139128
0.747842092627
0.751654020542
0.755059495924
0.756577079587
0.756323426136
0.755824378115
0.756515049524
0.758583469771
0.760920499013
0.762072472036
0.76153221271
0.760391812131
0.760320044423
0.76217750455
0.765132953344
0.767211698326
0.766740006362
0.76395559825
0.761103238054
0.760688915695
0.763436647121
0.767783172853
0.770781490284
0.770084047954
0.766033288297
0.761854568557
0.761263676545
0.765539612496
0.772814238042
0.779243543829
0.781296091445
0.778426108413
0.773643700726
0.771191473401
0.773201070698
0.778540635478
0.783827712312
0.78579218719
0.783738152154
0.780260300035
0.779043550492
0.781983864613
0.787921445951
0.793566724926
0.795736614328
0.793770178381
0.789917949463
0.78735789994
0.787948456475
0.791267165219
0.795318506053
0.798274628136
0.799801049367
0.800925379012
0.802444479949
0.803872071008
0.803554005522
0.800252551826
0.794892410554
0.790448962304
0.789355051353
0.791862318528
0.795868532207
0.798294175893
0.797508001829
0.79513114641
0.795061614861
0.799667651403
0.807810196776
0.815278242978
0.817058247675
0.81111662531
0.801477538431
0.795650338886
0.798384080198
0.80869035842
