1.16506746627
1.16758775205
1.17013190253
1.16965935122
1.16638850591
1.16283022877
1.16199182769
1.16444808519
1.168238887
1.16986115814
1.167475401
1.1621045621
1.15728498495
1.15594266247
1.15801139962
1.1606438279
1.16053822782
1.15640129926
1.15001511031
1.14514878645
1.14418934073
1.14669324578
1.14944337588
1.14920891558
1.14505119454
1.13929209469
1.13572525785
1.13635378279
1.14001937984
1.14340815343
1.14324424845
1.13889907296
1.13315510771
1.1296969697
1.13051718119
1.13435053998
1.13792933281
1.1379361107
1.13344988345
1.1268853244
1.12173707812
1.12027443293
1.12169606073
1.12355886271
1.12328953948
1.12051649928
1.11707812569
1.11545169166
1.11669620089
1.11957549197
1.12140997738
1.1200253218
1.11553801413
1.1099722313
1.10590508393
1.10437938736
1.10457179141
1.1047453475
1.10342393223
1.10057772091
1.09779614325
1.09655094168
1.09709247796
1.09815264042
1.09794751884
1.0955324943
1.09144124491
1.08754619497
1.0852075204
1.08450357231
1.08427576065
1.08289794497
1.07982989905
1.07585923593
1.07264102998
1.07120774246
1.07114915243
1.0708309723
1.06857503404
1.06393718452
1.05817183568
1.05349461496
1.05141520018
1.05192240308
1.05353971073
1.05446561147
1.05369549499
1.0516050386
1.04946524064
1.04828568774
1.04797800365
1.04743569998
1.04546986549
1.04181735299
1.03738148984
1.03377995285
1.03199382679
1.03195238236
1.03252152813
1.03229332861
1.03049211208
1.02742572808
1.02428018283
1.02193020625
1.02070903088
1.02005498481
1.01926687657
1.01793012145
1.01624269508
1.01466727543
1.01347501567
1.01254240187
1.01139186296
1.00971733974
1.00774396342
1.00605385648
1.00516936083
1.00494950362
1.00482024503
1.0039117554
1.00178463487
0.998820958187
0.996035735831
0.994221481141
0.993508741561
0.993270290654
0.992535572662
0.990526038773
0.987394712213
0.983868611006
0.980755732335
0.978357266614
0.976308083646
0.974109646245
0.971577935344
0.969113251411
0.967531877518
0.967128448171
0.967623813738
0.968019151679
0.967331563021
0.965398460775
0.963114115705
0.961810334042
0.962376922835
0.96453383244
0.96686216069
0.967598886515
0.965714099302
0.961887893995
0.958013380351
0.956037028435
0.956658733617
0.959045064013
0.96115201982
0.961237615157
0.959108716944
0.95616159489
0.954697572833
0.956066945607
0.959997134978
0.96456906858
0.967316912491
0.966868135918
0.963735938425
0.960047527105
0.958014554954
0.958714043993
0.961328480437
0.964055405044
0.965145196465
0.964399066957
0.963032270384
0.963042231989
0.965583394084
0.970405525331
0.975704266284
0.979303127786
0.97996912389
0.978218353338
0.975893504215
0.974955277281
0.976497028798
0.980315110823
0.985243651338
0.989780023555
0.993123512298
0.995338170608
0.997112752634
0.998838385731
1.00059882481
1.00216079279
1.00332238178
1.00434037276
1.00569697844
1.00801345115
1.01122874559
1.01466714133
1.01757937354
1.01923619935
1.01985389213
1.0201639401
1.02109994167
1.02307140172
1.0256235053
1.02798086778
1.02937367955
1.02997764379
1.0305892635
1.03220418253
1.035183581
1.03907448156
1.042640577
1.04461723286
1.04480489264
1.04421386557
1.04451243585
1.04697368421
1.05189224922
1.05800865801
1.0635202628
1.06659047363
1.06688828448
1.06555455063
1.06431632516
1.06452371356
1.06654724888
1.06967408315
1.07274653181
1.07484343452
1.07605903907
1.07689401745
1.07793151159
1.07922904715
1.08037833434
1.08078203889
1.08044277782
1.08006660151
1.08076000872
1.08334856516
1.08770440368
1.09287127973
1.09740357763
1.10015203345
1.1011330256
1.10131181397
1.10193186619
1.1037845368
1.10653014967
1.10931397688
1.11105378051
1.11153968506
1.11146433539
1.11210013908
1.11442012518
1.11835768181
1.12303834331
1.12713966253
1.12962511182
1.13081654123
1.13186018481
1.1341322149
1.13841188892
1.14440548295
1.15099226907
1.1567988556
1.16115539421
1.16422402001
1.16690547187
1.17009892606
1.17403993856
1.17818209734
1.18178334674
1.18431282872
1.18591389728
1.18746029967
1.18961048578
1.19266595486
1.19618068307
1.19936198299
1.20168896688
1.20317725753
1.20450443947
1.20616079753
1.20836757298
1.2103552937
1.21113971114
1.21002361022
1.20723037902
1.20396025499
1.2015625
1.20078796053
1.20128853136
1.20189658257
1.20128841863
1.19897369182
1.19557502897
1.19249456128
1.19106311809
1.19174224693
1.19383162399
1.19599150617
1.19706246948
1.19676712743
1.19608288821
1.19623860182
1.1980065684
1.20098567688
1.20392126352
1.20515439617
1.20350446958
1.19944466482
1.19446979014
1.19041764169
1.18829930892
1.1879034186
1.18830961139
1.18844814474
1.18796902443
1.18737109313
1.18763284264
1.1892991239
1.19208731241
1.19489875389
1.19641259095
1.19606778609
1.19461769462
1.19369712674
1.19494816211
1.19890845202
1.20479059734
1.21071574339
1.21482523697
1.21612653468
1.21521906226
1.21369505295
1.21335586881
1.21467391304
1.21687950346
1.21846911114
1.21797752809
1.21542297418
1.21181776215
1.20923316576
1.20877099912
1.21034348304
1.21239757748
1.21303662295
1.21095071817
1.20647977775
1.20153835043
1.19835039612
1.19824797354
1.20082838502
1.20437117985
1.20675847616
1.20652091971
1.20379756411
1.20037112777
1.19798224987
1.19773021555
1.19907176556
1.20044879483
1.20031963826
1.1979492799
1.19426290455
1.19103009485
1.18960685091
1.19008553655
1.19111526043
1.19055773946
1.18696091382
1.18051155243
1.17335528835
1.1683029453
1.16738681195
1.17058230307
1.1761224034
1.18105880606
1.18276550144
1.18058508688
1.17608648335
1.17197817973
1.17064664223
1.17277041864
1.17719639385
1.18156454176
1.18360159194
1.1825633122
1.17948807122
1.17649904959
1.17537390585
1.17657819349
1.17902112456
1.18051146077
1.17925816959
1.17475285704
1.16830088248
1.16206377542
1.15793352753
1.15655584214
1.15717190454
1.15810518732
1.15769802968
1.15511779485
1.15097296115
1.14631567434
1.14215202369
1.13869579609
1.13531548899
1.13117018893
1.12607245888
1.12059230453
1.11647780048
1.11506152826
1.11697809632
1.12148444606
1.12684130324
1.13107217838
1.13266520062
1.13128131711
1.12806066404
1.1245838444
1.12226771216
1.12150111895
1.12182845403
1.12226047241
1.12214724134
1.12144084645
1.12075888376
1.12080603864
1.12182034976
1.1234159415
1.12461895295
1.12442702451
1.1224910961
1.11930947144
1.11598505571
1.11373663102
1.11284477552
1.11296802728
1.11284946602
1.11137749161
1.1081155528
1.10372827477
1.09957729887
1.09704450626
1.09666142283
1.09795084853
1.09963819523
1.10026394635
1.09904564464
1.09634942726
1.09358117714
1.09233763936
1.09360770887
1.09719968964
1.10209479475
1.10669765476
1.10969369875
1.11078291691
1.11059163258
1.11024184496
1.11050003374
1.11129395171
1.11172547837
1.1108249147
1.10803333333
1.10394514558
1.10009858692
1.0982023425
1.09937605615
1.10346621578
1.10923107075
1.11482954732
1.1184580289
1.11913764511
1.11731305618
1.11416891016
1.11104812085
1.10863285186
1.10687722873
1.10501702142
1.10242596969
1.09914667413
1.09601316112
1.09418292215
1.09455139343
1.09721018888
1.10119563334
1.10526498576
1.10802533584
1.10895807967
1.10852095601
1.10806446071
1.10886575492
1.11144060657
1.11531127689
1.11905713144
1.12124128775
1.12104165977
1.11886245304
1.11611824856
1.11463017269
1.11555051078
1.11861939574
1.12250970246
1.12523073934
1.12503243383
1.12153476595
1.11558066297
1.10903952967
1.10371431362
1.10045796533
1.09907712591
1.0984500765
1.09739562357
1.09521877325
1.09240497722
1.09020785692
1.08998424334
1.09231615877
1.09693807022
1.10242971191
1.10716398177
1.10979806055
1.11031166765
1.10972260368
1.10961702128
1.11123124747
1.11481854839
1.1194229675
1.1234119177
1.12516587049
1.12392993547
1.12049843424
1.11636774923
1.11332135524
1.11232613909
1.11325825442
1.11510675871
1.11647259943
1.11630241217
1.11469185084
1.11268933238
1.11184596338
1.11321681068
1.11689639253
1.12189195486
1.12635221394
1.12859027707
1.12783869106
1.12465204698
1.12067913786
1.11774461028
1.11696579749
1.11853989813
1.12144341841
1.12437250282
1.12583978447
1.12565693554
1.12438713144
1.1234104718
1.12402693382
1.1265876376
1.13051220618
1.13441258989
1.13680185102
1.13664
1.13419720462
1.1308011531
1.12833870051
1.12843978793
1.1318246558
1.13793761935
1.14532406369
1.15197911294
1.15614273687
1.15683981418
1.15432983645
1.14945385571
1.14335503387
1.13716858098
1.13164911345
1.12734157702
1.12453793938
1.12344600497
1.12394838277
1.12588930826
1.12867365618
1.13153966095
1.13361541767
1.13430479261
1.1332244898
1.13063864188
1.12721458267
1.12372634643
1.12068424357
1.11829032056
1.11644092129
1.1149471974
1.11384759818
1.11338301603
1.11396207522
1.11587996249
1.11893294971
1.12246178954
1.12541494104
1.12662918477
1.12523026209
1.12111811384
1.11521889287
1.10902851109
1.10438943894
1.10226748402
1.10267974717
1.10465154558
1.1068428162
1.10796203533
1.10738012234
1.10540947148
1.10324713202
1.1021271143
1.10283362356
1.10522521393
1.10837898406
1.11111800087
1.112290693
1.11162661223
1.10970972828
1.10773651363
1.10686032138
1.10765705793
1.10972537555
1.11182088618
1.11241594848
1.11042886231
1.105696
1.0991815118
1.09265801644
1.08774914144
1.085268831
1.08487416538
1.0854184087
1.08535052377
1.08337366502
1.07918304233
1.07363595563
1.06829097618
1.06482006681
1.06408094435
1.06575520833
1.06855274118
1.07076269883
1.07089540777
1.06852340347
1.06420304942
1.05943286683
1.05585398608
1.05449158496
1.05519122334
1.05698523746
1.05835971938
1.05804171748
1.05541744029
1.05114749953
1.04640694836
1.04273422866
1.04103101958
1.04131942236
1.04266352762
1.0437172359
1.04322921611
1.04069255907
1.03661989359
1.03226302516
1.02885550961
1.02731351823
1.02748534514
1.02841653759
1.02868694075
1.02699171541
1.02274749392
1.01640509328
1.00934579439
1.00313563082
0.999021091039
0.997344710305
0.997623631332
0.998573293264
0.999051349532
0.998154243701
0.995840778853
0.992897115799
0.990385793019
0.989123811845
0.989264268818
0.990239922645
0.990963038829
0.990274651058
0.987456695735
0.982742260705
0.97722329983
0.972404960121
0.969759053528
0.969954989823
0.972632481074
0.976704350805
0.980558096981
0.982656805412
0.982086891515
0.978828958754
0.97343058088
0.966952477838
0.960378681627
0.954258165035
0.94871946531
0.943721400131
0.9391195568
0.934990325941
0.931684020053
0.929665142351
0.929197572488
0.930176307737
0.932050092764
0.933864265928
0.934512867647
0.933232386721
0.929988927689
0.925365138442
0.920594003923
0.916996819374
0.915565590678
0.916543182263
0.919539582923
0.923588039867
0.927379587156
0.929924516297
0.930693069307
0.929913379375
0.928319727492
0.926768940844
0.925935765734
0.925985090522
0.926627779587
0.927200686005
0.927089159038
0.925799386772
0.923485899214
0.920561014625
0.917738515901
0.915560916767
0.914354374494
0.914126882141
0.914615363074
0.915448617045
0.916266997687
0.916907146495
0.917304530249
0.917679809113
0.918100501367
0.918526147156
0.918821735754
0.91873824338
0.917997498327
0.916549953315
0.914604249358
0.91244870041
0.910554976248
0.909153733191
0.908255567642
0.907568768153
0.906630006519
0.905037392409
0.90257533631
0.89938002681
0.895933379598
0.892913342352
0.890820565015
0.889857303896
0.889918631913
0.890471430951
0.890989552699
0.890987221531
0.890237993444
0.888917555326
0.887575835993
0.886740331492
0.886853231327
0.887835158203
0.889367568499
0.890716500172
0.891182795699
0.890210770155
0.887721994536
0.884178395794
0.880438439112
0.877451116736
0.875895252053
0.87590677148
0.877146959739
0.878969409546
0.880568270626
0.881228745679
0.880702548293
0.879086825496
0.876920002284
0.874745621829
0.87313604698
0.872240705916
0.872004420661
0.87211170508
0.872237023158
0.872076023392
0.871553228621
0.870844026644
0.870174337318
0.869708863977
0.869478755287
0.869277948146
0.868819121375
0.867847069009
0.866215950851
0.864078491077
0.861912718416
0.860151187905
0.859337589785
0.859581403328
0.860690090711
0.86216645031
0.863374032076
0.863877396422
0.863368187394
0.86199550588
0.860221925289
0.858802167397
0.858247937659
0.858871423725
0.860480771928
0.862589667011
0.864515409909
0.865660398415
0.865550922168
0.864214873711
0.862022281766
0.859617834395
0.857715260017
0.856677989324
0.856544202067
0.856998411093
0.857570821942
0.857723815097
0.857126075592
0.855715545107
0.853865088203
0.852077384768
0.850838635049
0.850489281717
0.850899449782
0.851917019042
0.852952833928
0.853646805862
0.853742747984
0.853327669216
0.852777777778
0.852557189079
0.853115220484
0.854543377039
0.856605074858
0.858863379752
0.860673436041
0.861426851118
0.860815472154
0.858902938662
0.85624578186
0.853541381619
0.851587049903
0.850775249136
0.851191656984
0.852547824615
0.854255349139
0.855706214689
0.856360955136
0.856109164459
0.854968819727
0.853460401297
0.85206725786
0.851242056615
0.851090360747
0.851481686529
0.852138254247
0.852652953121
0.852732853264
0.852349191359
0.851655784954
0.850983027081
0.850652922952
0.850837444075
0.851447420804
0.852160642116
0.852550014088
0.852038659866
0.850419503376
0.847709544745
0.84416139511
0.840570169162
0.837514728281
0.835573373327
0.834929822023
0.835336468676
0.836249308608
0.837129940207
0.837399322984
0.836776919714
0.835351863147
0.833516356491
0.831863238041
0.830952108812
0.831141848816
0.83249985793
0.834746003754
0.837338737299
0.839659178931
0.841254725421
0.841782988479
0.841284189654
0.840040977609
0.838455893145
0.836952683616
0.835756199687
0.834992467433
0.834614929611
0.834511520601
0.834647529606
0.835094328516
0.835910049192
0.837335196019
0.839424718581
0.842167459288
0.845276826073
0.848360655738
0.850868025315
0.852429742389
0.852697831097
0.851798861367
0.850126020163
0.848417311689
0.847424420532
0.847684112318
0.849318768381
0.852100035898
0.855340095465
0.858261387318
0.86000891663
0.860033826889
0.858153718617
0.854840138163
0.850946116948
0.847485984326
0.845436414829
0.845199964738
0.846796821928
0.849788602394
0.853379841232
0.856752323674
0.859269697341
0.860591876328
0.860825060122
0.860480846092
0.860251864531
0.860693045272
0.862092862093
0.864283359803
0.866825989544
0.869066809959
0.870255245382
0.869899946079
0.867919995195
0.864663917402
0.86079691129
0.857198996403
0.854592300697
0.853288312952
0.853363475286
0.854512535674
0.856253850893
0.858091414453
0.859618771046
0.860662308831
0.861342343726
0.86197407045
0.862942770993
0.864451605058
0.866567264096
0.868972682271
0.871223774072
0.872809602084
0.873187046762
0.872173831012
0.870008201375
0.86714191086
0.864319869133
0.862199667951
0.861259238469
0.861692871792
0.863412213504
0.866110473591
0.869296474608
0.872490116116
0.875269085577
0.877362912045
0.878767979987
0.879665842746
0.880156617071
0.880341611982
0.880118525991
0.879087452471
0.876899550798
0.873228170096
0.867987433481
0.861504977115
0.85445052846
0.847714934983
0.842302526783
0.838845274155
0.837649005608
0.83856119494
0.841113242593
0.844521133643
0.848028519623
0.850866049019
0.852557892434
0.852910619274
0.852101531839
0.850469662351
0.848563720044
0.846731518743
0.845286237836
0.84425765017
0.843543176186
0.8430330687
0.842643072993
0.842335766423
0.842256925079
0.842583998515
0.843554675413
0.845268740502
0.8477339318
0.850628140704
0.85360517471
0.856163505894
0.857868184464
0.858338489595
0.857520909566
0.855739417083
0.853542079449
0.851491213929
0.850129529536
0.849750643245
0.850317967539
0.851553109382
0.852979459665
0.854092754179
0.854439967768
0.85382264985
0.852233676976
0.850193913101
0.848097933395
0.846522939398
0.845740498034
0.845865029874
0.846551892472
0.847302958465
0.847539015606
0.846603075725
0.844101898426
0.839914344116
0.834462416129
0.828398537359
0.822512919897
0.817680271011
0.814303233718
0.812542449626
0.812169226274
0.812765124323
0.81385891844
0.814827007275
0.815346061266
0.815163691456
0.81436398832
0.813199360585
0.812015692378
0.811155198555
0.810780370072
0.810881329726
0.81124199081
0.811613576342
0.811619949993
0.810965086951
0.809628812936
0.80768972915
0.805427135678
0.803162741042
0.801232972059
0.799789425197
0.798842683405
0.798118244563
0.797372443173
0.79613580086
0.794201380935
0.791429417767
0.787961062181
0.78410490232
0.780353385217
0.777249757371
0.775077005491
0.774126622942
0.77421942903
0.775224608397
0.776694816249
0.778155971569
0.779238546498
0.779582985822
0.779067053449
0.777862926065
0.776205380927
0.774569554068
0.773223041259
0.772381940493
0.772028395519
0.77215918713
0.772550491266
0.772992650594
0.773390854185
0.773607748184
0.773684028618
0.773798043808
0.774176972354
0.774950609715
0.776247965274
0.778123836284
0.780370345249
0.782839994544
0.785141874463
0.787024810619
0.78829477232
0.7888101983
0.788656673906
0.788011695906
0.787198462962
0.786462758425
0.785993175982
0.785951540156
0.786261402409
0.786802030457
0.787413366768
0.787950879894
0.788302405014
0.788523601802
0.788626303013
0.788771300448
0.789072335527
0.789494513402
0.790016160891
0.790491192897
0.790759900107
0.79049007753
0.789595088541
0.787960435353
0.785590185441
0.782786157941
0.7798393403
0.777208159778
0.775317358437
0.774317954578
0.774214308699
0.774930202591
0.776026366698
0.777152484049
0.777957047076
0.778076495681
0.777383766745
0.775981111151
0.774047219345
0.771976748333
0.770252939081
0.769093758906
0.768635423354
0.768771453089
0.769167294514
0.769499459849
0.769280786042
0.76818412101
0.766191475505
0.763266190167
0.759787180501
0.756249329471
0.75312155384
0.750956632653
0.749991157016
0.750301098123
0.751744020501
0.753917876995
0.75644273925
0.758732826659
0.760396331357
0.761134352671
0.760880848224
0.759818060794
0.758301158301
0.756661070151
0.755325315172
0.754528757158
0.754209600402
0.754318549111
0.754595256974
0.754758710707
0.754600554988
0.753968837278
0.752980694696
0.751894709601
0.751070426694
0.750873065471
0.75168202428
0.75362002474
0.756709705498
0.760561337346
0.764825729462
0.768912486269
0.772279056025
0.774402743096
0.77498121713
0.774002340771
0.771818422346
0.768984360279
0.766157417809
0.763921888922
0.762684425476
0.762551575565
0.763545186962
0.765280197445
0.767402932935
0.769450340335
0.770838709677
0.77127363221
0.770549992527
0.768786777107
0.766316972649
0.763570521914
0.760927643785
0.758822662639
0.757389522973
0.756640710283
0.756514480656
0.756790123457
0.75728756741
0.75771344815
0.757940167472
0.757944757945
0.757760035816
0.757529275319
0.757466876263
0.757659542669
0.758240530374
0.759100523211
0.760087281334
0.761062926739
0.761713273814
0.761811532636
0.761239908155
0.759955423477
0.758091549033
0.75590286844
0.753832382231
0.752140889121
0.751206474126
0.751109631602
0.751916838691
0.753465965506
0.755466539267
0.757663857506
0.759655859981
0.761130899377
0.761862130707
0.761742324849
0.760889189799
0.759519415465
0.757947406042
0.756467941507
0.75534415221
0.7547008864
0.754618873769
0.754872811364
0.755389627027
0.755897736001
0.756152043357
0.755929216536
0.755072730621
0.753618372471
0.751719293056
0.749574924226
0.747436370343
0.745507331594
0.744038039503
0.742967356891
0.742329288172
0.74200303271
0.74179131375
0.741332083904
0.740490797546
0.739125718625
0.73720618594
0.734896531729
0.732430573156
0.729997111496
0.727919767066
0.726398570152
0.725489499307
0.725334935841
0.725812700313
0.726831498611
0.728204225352
0.729665748004
0.730991867609
0.732
0.732723029977
0.733172383972
0.733499332395
0.733768340603
0.734083069848
0.734608509117
0.735298300505
0.736097353898
0.737009095396
0.737852112676
0.738612325483
0.739070458404
0.739297260809
0.739204910428
0.73888292159
0.738510073851
0.73821970782
0.738030681413
0.7381045311
0.738319404774
0.738683776866
0.739008974404
0.73916530107
0.738898198576
0.738162829005
0.736732680245
0.734715576821
0.732189269057
0.729397074563
0.726715598945
0.724413078942
0.72283431307
0.722140813621
0.722379799377
0.723459080602
0.725196850394
0.727313197726
0.729463948011
0.731481802126
0.733023613246
0.733955618175
0.734306879807
0.734122330028
0.733527303694
0.732801806251
0.732149101336
0.731649074234
0.73130032551
0.731058159693
0.730685969422
0.729978044249
0.728700006767
0.726757022997
0.724133224133
0.72085217153
0.717274972558
0.713786607296
0.710758738278
0.708638211382
0.707628685741
0.7079173206
0.709395460135
0.711849221887
0.714950630008
0.718377168065
0.721790079806
0.724814890293
0.727170005136
0.728791950934
0.729658701891
0.729829781345
0.7296802707
0.729427549195
0.72939080381
0.729849726776
0.730903014596
0.732502985839
0.73452629418
0.736748084785
0.738965386341
0.740887040887
0.74223473004
0.742887946025
0.742694325724
0.741723002253
0.740047000276
0.737969756467
0.735795259361
0.733813443073
0.732245681382
0.731362732323
0.731170614487
0.731656184486
0.732716516475
0.734200295868
0.735949645732
0.737701536663
0.739305226265
0.740621135083
0.741555273015
0.74211847217
0.742269459636
0.742190725196
0.741970978612
0.74168956044
0.741466758053
0.741461246538
0.741674628088
0.742133433334
0.742748925135
0.743428258488
0.744082840237
0.744546776539
0.744788398522
0.744765912678
0.744534028096
0.744201621431
0.743930757864
0.743887059483
0.744157698603
0.744806813461
0.745838646311
0.747111416781
0.748494338714
0.749827300359
0.75088572421
0.751511762033
0.751678324136
0.751401869159
0.750811459215
0.750140745954
0.749667436813
0.749669519237
0.750276625173
0.751514734233
0.753324399546
0.755502820195
0.757737828232
0.759620051307
0.760884709161
0.761175771556
0.760428331467
0.758543573974
0.755778334726
0.752423487052
0.748855618654
0.745404128582
0.742369991475
0.739919011808
0.738179467991
0.737046367536
0.736407949006
0.736078886311
0.735861292194
0.735569050218
0.735069539133
0.734305276425
0.733242506812
0.731951734951
0.730509284544
0.729075492341
0.727835969056
0.726899383984
0.726360004098
0.726317579055
0.726716680184
0.727541192657
0.728645729146
0.729997013241
0.731347733899
0.732618723658
0.733544514838
0.734036124354
0.733935335498
0.733140523988
0.731703986892
0.729685474517
0.727136890006
0.724266936299
0.72124248497
0.718263691146
0.715380315038
0.712717861355
0.710262623616
0.708025603151
0.705988991068
0.704102241499
0.702382138941
0.700848444518
0.69941158871
0.698170125307
0.697166820763
0.696477321317
0.696156873033
0.696284170895
0.696883388987
0.697909156453
0.699333749056
0.700998751561
0.702832358546
0.704605889498
0.706235247836
0.707563850688
0.708509314737
0.708918032787
0.70892528282
0.70848879057
0.707820840102
0.706989426082
0.706303248136
0.705899940203
0.706010784346
0.706677631579
0.70788354596
0.709505034377
0.711323088944
0.713068460057
0.714417107381
0.71506658716
0.714849234472
0.713530263734
0.711250930248
0.708172654083
0.70464802964
0.701036096257
0.697791463859
0.69512155113
0.693181818182
0.692016071544
0.69140233453
0.691210710128
0.691144568561
0.691035824283
0.69066848302
0.690006159033
0.689060122382
0.687795097342
0.686249151282
0.684512056967
0.682586548133
0.680551939599
0.678553949558
0.676626175549
0.674956000261
0.673660656376
0.672770572523
0.67233296125
0.67237944664
0.672835820896
0.673529503933
0.67426168283
0.674796491449
0.674934808879
0.674535715431
0.673397518739
0.671642275367
0.669426855009
0.666947313882
0.664615681979
0.662675289748
0.661339615434
0.660706359774
0.660782638955
0.661355085523
0.662270714738
0.663282090213
0.664232422863
0.664993686869
0.665469552342
0.66571257824
0.6656394453
0.665280796246
0.664622775688
0.663724120412
0.662551834131
0.661185578553
0.65971333504
0.658185064728
0.6567093259
0.655381426463
0.654195717131
0.65314758757
0.652189949285
0.65121202823
0.6500952498
0.648765298887
0.647166248801
0.6453526288
0.643390357698
0.641417910448
0.639557983611
0.637968411273
0.636672745819
0.6357403175
0.635172712105
0.634940765257
0.635009599306
0.635307961478
0.635765069552
0.636341238066
0.636984832235
0.637560574198
0.637999575152
0.638141957364
0.637845370819
0.637081826745
0.635819802222
0.634122408929
0.632234837995
0.630322262616
0.628673416008
0.627476841912
0.626828746831
0.626707224335
0.626994237185
0.627510374701
0.628037326547
0.628362599703
0.628426580857
0.628157639058
0.627665706052
0.626987732849
0.626213739073
0.625412092067
0.624549283398
0.623566627125
0.622389383237
0.621075612681
0.619579987647
0.618081123728
0.616789223259
0.615917061466
0.615685674973
0.616179420167
0.617285818006
0.618831913994
0.620490489582
0.621907161723
0.622741699219
0.62277285412
0.621927584828
0.620370085286
0.618360756574
0.616213395543
0.61422922478
0.612589685411
0.611421897092
0.610711529557
0.61045447495
0.610503691244
0.610833749376
0.611379428536
0.612129672716
0.613271252814
0.614830482496
0.616834132486
0.619225014504
0.62185440613
0.624455900966
0.626771751659
0.628453776758
0.629397422501
0.629461161652
0.628736218214
0.627373518542
0.625656533503
0.623818766108
0.622043233262
0.620572011606
0.619474961676
0.618791946309
0.6185596629
0.618779432353
0.619497054539
0.620641825862
0.622100697718
0.623856671381
0.625630994447
0.627307680086
0.628635561969
0.629531330917
0.629859118184
0.629630842805
0.629057643124
0.628228208569
0.627410670582
0.626724362311
0.626246224791
0.625981951568
0.625905355809
0.626011504339
0.626311515348
0.626734085311
0.62737753092
0.628203067228
0.629108733261
0.629979203327
0.630733724397
0.631129583092
0.631151798468
0.63059848088
0.629515985351
0.628031987258
0.626314738384
0.624612719459
0.623060014654
0.621787188707
0.620840134581
0.620240915613
0.619920398676
0.619800918323
0.619809485477
0.620044901652
0.620475283265
0.621192935688
0.622152761613
0.623307945588
0.624545363542
0.625621055459
0.626378831969
0.626692588424
0.626570545829
0.626003652779
0.625159532269
0.624306536646
0.62356825921
0.623003194888
0.622689479832
0.622583086768
0.622630454263
0.622718962365
0.622842377261
0.623077979132
0.623477222317
0.624016549105
0.624789036657
0.625615099427
0.626279690509
0.626644457287
0.626482484404
0.625769204176
0.624538809607
0.623008107353
0.62148829724
0.620218197077
0.619317189083
0.618789552813
0.61858199278
0.618461321983
0.618282607161
0.617964410797
0.617588862978
0.617391610113
0.617648085448
0.618618826626
0.620411817368
0.622834753918
0.625659232705
0.628428581349
0.6307762429
0.632262861594
0.632773199187
0.632348199893
0.631250672115
0.629845724308
0.628426432222
0.627144082333
0.626020627417
0.624959551289
0.623808147934
0.622458962931
0.620907212009
0.619321469907
0.617995321216
0.61714081231
0.617020518666
0.617564444444
0.618742433953
0.620235967108
0.621831517636
0.623138105568
0.624051414255
0.624467504096
0.624507514957
0.624232231647
0.62373876353
0.623095931841
0.622257693307
0.621264196055
0.620018013961
0.618619860182
0.61708991335
0.615648797969
0.614314336598
0.613298402273
0.612494025076
0.611945781141
0.611466607826
0.61097394701
0.610467262124
0.609960497656
0.609551908538
0.609377877638
0.609488378946
0.609904719699
0.610481744234
0.611025804277
0.611371540904
0.611445783133
0.611230438785
0.610844068448
0.610455506439
0.610335302693
0.610506968908
0.611051584265
0.611807071984
0.612617109507
0.613297933741
0.613705486044
0.613871277618
0.613874646055
0.613856109631
0.613976579376
0.614244109081
0.614665000189
0.615036335274
0.61522846528
0.615075997222
0.614637934382
0.613907749941
0.613070051716
0.612223227278
0.61147327249
0.610760122382
0.610044785669
0.609151956251
0.608027430415
0.606725264092
0.605459654757
0.604463929853
0.60407275603
0.604352437444
0.605370283388
0.606856337808
0.608606959319
0.610146809934
0.611179046191
0.611549384664
0.611176702086
0.610293829195
0.609168852523
0.60804827397
0.607109116675
0.606299837347
0.60567103208
0.605099401972
0.604473363156
0.60384207521
0.603123470886
0.602515057789
0.602063195516
0.601801874924
0.601722107144
0.601822842495
0.601939769347
0.601980520804
0.601878583337
0.601587494432
0.601177039665
0.600706855697
0.600256657042
0.599863503151
0.599540859479
0.599223520848
0.598798262352
0.59826518977
0.597599804066
0.596759012972
0.595818958436
0.594880264244
0.594022778286
0.593235946591
0.592625331481
0.592071935157
0.591568908769
0.591041009464
0.590471405844
0.589954147561
0.589558132768
0.589483739669
0.589836283554
0.59076168302
0.592114010304
0.593823834197
0.595514435587
0.596879759602
0.597583031897
0.597529339098
0.596820928885
0.595652355322
0.594299907384
0.593013878868
0.591945678169
0.59115856273
0.590463496431
0.589652942444
0.588645116621
0.587449991303
0.586255136837
0.58537870472
0.585023538211
0.585424816492
0.586588997898
0.588248114729
0.590078555618
0.591723660289
0.593009171137
0.593998960859
0.594721102587
0.595415547274
0.596289408814
0.597352763646
0.59846074469
0.599338317436
0.599672639559
0.599480069324
0.598794285964
0.597796386073
0.596882355554
0.596221696217
0.595929711314
0.595764769355
0.595478747405
0.59481155608
0.593718615904
0.592287894108
0.591062433569
0.590426764283
0.590757547694
0.592136231483
0.594376033817
0.596887159533
0.599268905643
0.601105881278
0.602314835994
0.603131007965
0.603914216471
0.605033970179
0.60673391494
0.608811930556
0.610975056689
0.612788632327
0.613866837975
0.614144782548
0.61375958123
0.613229755179
0.612880329343
0.612926203818
0.613316810448
0.613855219662
0.614011386664
0.613670639747
0.612680200059
0.611371369397
0.610191271685
0.609618803081
0.609975872766
0.611244782715
0.613124724116
0.615218458517
0.61717097171
0.618641561514
0.619831452368
0.620933660934
0.622328720231
0.624154542358
0.626443474042
0.62885997281
0.631083585292
0.632622999116
0.633409180847
0.633409633758
0.632885470256
0.632345580138
0.631903686983
0.6316346057
0.631424227065
0.631032719836
0.630367464905
0.62930585909
0.628158844765
0.627261761158
0.626750590087
0.626742845162
0.627181718119
0.627636134718
0.627987603089
0.627975408544
0.627648416195
0.627369080562
0.627477430736
0.628254704821
0.629644836789
0.631487268815
0.633292320312
0.634733922334
0.635409701147
0.635433273335
0.634958932238
0.634421273761
0.63413759541
0.634256642171
0.634792507503
0.635375855404
0.635917462663
0.636073253833
0.635866945203
0.635288425353
0.63449205066
0.63365587329
0.632799348357
0.631998689026
0.631278162435
0.630669903984
0.630227034193
0.630146045743
0.630403774413
0.631004366812
0.631850804698
0.632778169587
0.633609711158
0.63430210532
0.634759617979
0.635133684097
0.635490583151
0.636088709677
0.636801184746
0.637724867725
0.638859388275
0.639993594192
0.641163214937
0.642311005815
0.643377394119
0.644239083441
0.644995119835
0.645550281006
0.645992839438
0.646390374332
0.646879927912
0.64744645799
0.648140743703
0.64890569497
0.64962958709
0.650164255662
0.650553526923
0.650747314339
0.651158687213
0.651824256401
0.6530781537
0.654813324655
0.656819387936
0.65871570413
0.660356347439
0.661474497863
0.662158205984
0.662688662689
0.663262924495
0.664110162106
0.665182186235
0.666301527818
0.667127708621
0.667437023342
0.667285705995
0.666744389391
0.666179479684
0.665925449119
0.666003510825
0.666276278035
0.666431676654
0.666292267676
0.665692995529
0.664902573972
0.66436405502
0.664351851852
0.665056557628
0.666155356485
0.667118727654
0.667411129723
0.666812472661
0.665325369381
0.663471241171
0.662066792691
0.661813617822
0.662630297734
0.664346529116
0.666129232296
0.667348710317
0.667720930233
0.667265184818
0.666584509212
0.666483214089
0.667353868542
0.669196025294
0.671548619448
0.67363237855
0.674917193616
0.6751842455
0.674753463609
0.674083927924
0.673752868704
0.67403648665
0.674851461137
0.675748320098
0.676459696334
0.676755070203
0.676893032632
0.677347715736
0.678364065591
0.680207932229
0.682620787789
0.685070238484
0.686934108783
0.687858955523
0.687718590261
0.687040410173
0.686269220394
0.686220366379
0.686843522758
0.688098772096
0.689531419285
0.690859667006
0.69154872074
0.691905473313
0.691959459459
0.692137245686
0.692574786325
0.693300512275
0.694013009425
0.694569536424
0.694906307733
0.694876336679
0.694753991528
0.694725246242
0.694882398553
0.695118008406
0.695412367789
0.695711678832
0.695868200837
0.695987957327
0.695896865388
0.69558101473
0.6948073262
0.693536673929
0.691882900865
0.689934956079
0.688077727549
0.686695569706
0.685984102181
0.68569674647
0.685607361121
0.685531973921
0.685378351818
0.685265923454
0.685672326098
0.686794354839
0.688641120012
0.690865071909
0.692892334444
0.694259313155
0.69468606096
0.6943495786
0.69388860426
0.694017467249
0.695177939796
0.697192781438
0.699522724035
0.701429282514
0.702454817134
0.702470278351
0.701989342806
0.701915465083
0.702856340796
0.705062055501
0.708003334723
0.710941299062
0.713111900285
0.714016473545
0.713856683894
0.713289638823
0.712726008345
0.712509550601
0.712436495233
0.712006717045
0.710782241015
0.708649070526
0.706210781517
0.704120466414
0.703122532482
0.703270758123
0.704191267585
0.70498856173
0.704985797578
0.703693074541
0.701550387597
0.699253162628
0.697671577983
0.697363984674
0.698278656889
0.699844054581
0.701489244346
0.702540892488
0.702835297866
0.702585315408
0.702148917612
0.702065036791
0.702540561931
0.703538278461
0.704930417495
0.706520874751
0.708169572108
0.709683514407
0.711140645767
0.712441679627
0.713615569512
0.714634146341
0.715483272812
0.716325745924
0.717125849042
0.717907399001
0.718650942688
0.719112474744
0.719330938482
0.719375890781
0.719416672931
0.719735358244
0.720388713793
0.721181491465
0.7217632091
0.721674544227
0.720701093102
0.719076853115
0.717450532725
0.716357812857
0.716242840779
0.716895152026
0.717709617756
0.718031128405
0.717453944261
0.716203740549
0.714922978177
0.714396322284
0.7149846104
0.71665987448
0.718676434274
0.720273538487
0.720816775175
0.720405370735
0.719607336606
0.719200552534
0.71981335868
0.721324675325
0.723155880306
0.72450302128
0.724889829015
0.724347749182
0.723499779054
0.723173093855
0.723842917251
0.725303732191
0.726859937129
0.727952859014
0.728077358655
0.727382189882
0.726691858468
0.726699566068
0.727738829293
0.729655810822
0.731822767782
0.733422931541
0.734033472803
0.733673723537
0.732917111641
0.732351984385
0.732277611699
0.732825227841
0.733578352181
0.734220963173
0.734566202655
0.734519486807
0.734345869495
0.734145559474
0.734103675173
0.734193340321
0.734591348105
0.735357988407
0.736443315858
0.737842493847
0.739255485249
0.740384615385
0.740956738769
0.74089456869
0.740458988525
0.74001887278
0.740041475849
0.740657620042
0.741408030861
0.741847489151
0.741462103566
0.740175660992
0.738357664234
0.736739369501
0.735944107373
0.735953084595
0.736378026071
0.736532303635
0.735942415864
0.734539853677
0.73271742285
0.731248184371
0.730448252493
0.730303618198
0.73026136142
0.729952830189
0.729162132753
0.728249876054
0.727956882911
0.72872873857
0.730653364632
0.732962420693
0.735001955417
0.735997254364
0.73588183335
0.735260172144
0.735256410256
0.736471381769
0.739057110004
0.742477283596
0.745803426165
0.748306220096
0.749604347412
0.749848685455
0.749812734082
0.749883969182
0.750212412264
0.750580752212
0.750653654944
0.750192554557
0.749463343642
0.748888288775
0.74862238074
0.748931263858
0.749640989274
0.750608618392
0.751722296395
0.752933333333
0.754115044248
0.755226772347
0.75586013003
0.755967259285
0.755518217191
0.754883142273
0.754586747417
0.755125467165
0.756505906386
0.758325928559
0.759775040171
0.760338464308
0.760009086779
0.759161632802
0.758464223386
0.758518859246
0.75918273222
0.759764247262
0.759694355897
0.758674001707
0.756967723398
0.755331856276
0.754651724471
0.754941860465
0.755763604447
0.756210567823
0.755639924068
0.75417649023
0.752384064038
0.751156991719
0.750939665736
0.751467588806
0.752037787903
0.751963170706
0.751072455064
0.749848208865
0.749199969419
0.749714611872
0.751357256356
0.753430140764
0.755084165254
0.755786511755
0.75565522844
0.755329552122
0.755584802411
0.756731081144
0.758545217472
0.760396665574
0.761733998025
0.762391030694
0.762598785264
0.762702374843
0.76281544825
0.762754776145
0.762246395379
0.761337603441
0.760522836046
0.760609561149
0.762092049238
0.764800885977
0.767881784729
0.770380247368
0.771646663908
0.771838091962
0.771761410221
0.772359373239
0.773908094717
0.775959492998
0.777657542263
0.778370631683
0.778192927317
0.777981491182
0.778736873947
0.780844329434
0.78380243558
0.786481879493
0.787910226551
0.78779352655
0.786831215054
0.786236348069
0.786877280763
0.788627555519
0.790663265306
0.792002280989
0.792225214696
0.791812569578
0.791773882277
0.792857855362
0.794942984631
0.797113768904
0.798430249778
0.798353706625
0.797367128402
0.796754325936
0.797342807086
0.799494556765
0.802327846498
0.804809854336
0.805886962484
0.805759264692
0.805165872167
0.805225975031
0.806237929703
0.808141335915
0.80990947143
0.811001272389
0.811174335328
0.810767120604
0.810263671875
0.809967845659
0.809745638827
0.809453125
0.80895128155
0.808719052745
0.809242957746
0.810414015856
0.811690735829
0.812424572163
0.811819812637
0.810275056594
0.808862904762
0.808783174762
0.810496385735
0.813333333333
0.816026653704
0.817375034507
0.817100938604
0.816155787209
0.81597879983
0.81747677505
0.82025680577
0.822978786062
0.824121404053
0.822980601348
0.820276051856
0.817685025818
0.816588193464
0.817232262818
0.818793709164
0.820001993333
0.820056588792
0.819187237011
0.818380941628
0.818526162989
0.819787581886
0.821585546405
0.823069895999
0.823767389041
0.823908204683
0.824139043953
0.82487498798
0.82591716694
0.826707228812
0.82678141819
0.826257576704
0.825857089037
0.826221936168
0.827382997951
0.828630748201
0.829080864545
0.828332096278
0.827102679048
0.826639749726
0.827851494438
0.830464506715
0.833196170411
0.83451698588
0.833653312855
0.831431281801
0.829790920642
0.830360118832
0.833221309799
0.836974416018
0.839657282742
0.839893682399
0.837939756979
0.835686017887
0.83507845221
0.836702881436
0.839613603704
0.842129215766
0.842818428184
0.841577372495
0.83966123954
0.838563121938
0.838885938918
0.84018074383
0.841445544904
0.842000786866
0.842054001407
0.842325007261
0.843374155637
0.845054231946
0.84662911824
0.847430724216
0.847482543183
0.847549201272
0.848454420161
0.850315545614
0.852405284909
0.85358410662
0.853225297275
0.851892600978
0.85082592122
0.85070278776
0.851031749451
0.850514783527
0.848096138266
0.844307270233
0.841313992782
0.841410704433
0.844811669129
0.849622124991
0.852935547155
0.85234948605
0.847890818859
0.84284363962
0.841058616152
0.843993915364
0.850011414656
