1.09882390086
1.09460626521
1.09511125039
1.09930733909
1.10487206986
1.10956339399
1.11312184043
1.11597342577
1.11835679402
1.11932266628
1.11759239402
1.11256359525
1.10579257718
1.10002041233
1.09713749413
1.09752856763
1.09983492902
1.10192584829
1.1021874191
1.10074007911
1.09869540556
1.09732907988
1.09680433564
1.0962384582
1.09453163315
1.09119402085
1.08716220212
1.08356124527
1.0814375396
1.08070516857
1.08049113233
1.07993483878
1.07903020931
1.07841223361
1.07899518974
1.08098367607
1.08372485879
1.08585699264
1.08613587778
1.08421648318
1.08103727715
1.07776834324
1.07493821058
1.07208002354
1.06849115302
1.06387273514
1.05884863429
1.05492601611
1.05344219707
1.05497394272
1.05896929925
1.06395772595
1.06827906139
1.07103825137
1.07221515378
1.07259362359
1.07258797559
1.07230006467
1.07178037603
1.07091417436
1.07026123302
1.07022541491
1.07107180873
1.07247085677
1.07350073135
1.07325548507
1.07154861945
1.06911131308
1.06708816298
1.06641410237
1.06706872047
1.06822090579
1.0687834707
1.06796445515
1.06594840441
1.06361520559
1.06202517708
1.06194269844
1.06340770939
1.06575709323
1.06815979326
1.06975503964
1.06999118943
1.06875787705
1.06619747753
1.06296399084
1.06009042902
1.05881141916
1.05985326736
1.0630140711
1.06688815812
1.06955198648
1.06925095901
1.06563397209
1.05983075499
1.05407087182
1.05034660071
1.0495958973
1.05132530902
1.05407683579
1.05614999192
1.05657585797
1.05539918117
1.05332229088
1.05078820239
1.04795455267
1.04457529997
1.04052052809
1.03641658317
1.03327937239
1.03217599057
1.03350083752
1.03681953766
1.04057880815
1.04328209596
1.04385910418
1.04256440463
1.04036555143
1.03873468755
1.03853205307
1.03986431817
1.0421127988
1.04445619711
1.04602744842
1.04657910336
1.0460414969
1.04467971138
1.04289917429
1.04132860041
1.04060994167
1.04133620963
1.04346580965
1.04660542236
1.0496790219
1.05162380937
1.05160572961
1.0499113417
1.04763159628
1.04598195101
1.04596021652
1.04756818106
1.05019292065
1.05275221627
1.05459964774
1.05557827302
1.05615854915
1.0568209395
1.05768759839
1.05863490609
1.05946520276
1.05999502116
1.06052264684
1.0613516824
1.06259553097
1.06393937164
1.06456283646
1.06394979642
1.0621648982
1.06004288778
1.05872565702
1.05902301478
1.06087524996
1.06323466656
1.06459928136
1.06378972146
1.06084937222
1.05687653053
1.0535501785
1.0524763916
1.05405837665
1.05763838821
1.06159333173
1.06414111044
1.06438405652
1.06225367972
1.05869801522
1.05535900941
1.05396101037
1.05548258706
1.05986054988
1.06585192216
1.07160112471
1.07482345473
1.07394198764
1.06881889764
1.06117124835
1.05408732449
1.05012770175
1.05076701094
1.05564629468
1.06269246854
1.06891584534
1.07183109174
1.07085155266
1.06749698674
1.0640210876
1.0622915546
1.06287735344
1.06501547988
1.0671238203
1.06781914894
1.06693431162
1.06535678771
1.06457551995
1.06537258635
1.06777190127
1.07059498111
1.07248461333
1.07267788525
1.07156704893
1.07027875932
1.06993624326
1.07105469772
1.07321376066
1.07505525939
1.07530071915
1.07342590223
1.06984814237
1.0655362199
1.06171461377
1.05919242337
1.05823344657
1.0583995387
1.05907010976
1.05962935698
1.05979778527
1.05969812294
1.05953268302
1.05941430754
1.059527682
1.05980736691
1.06037575837
1.06120774532
1.06243372216
1.06393459103
1.06547115547
1.06661444675
1.06724786325
1.06730241493
1.06696320817
1.0665994647
1.06646069585
1.06675884564
1.06763129689
1.06910174909
1.07100100966
1.07310269879
1.07512027992
1.07657293884
1.0770964167
1.07658075283
1.0753434831
1.07405481691
1.07350535396
1.07413072676
1.075985448
1.07850305269
1.08090761506
1.08226656627
1.08246034122
1.08183202704
1.08106110988
1.08082111005
1.08161160829
1.08336397735
1.0856055338
1.0877485847
1.08937805228
1.09043385491
1.09101826016
1.09141128039
1.09172573514
1.09209377074
1.09256370255
1.09309505025
1.09380194728
1.09456550982
1.09518551976
1.09540022698
1.0950556407
1.09422189771
1.09311140409
1.09230517889
1.09222341081
1.09294675396
1.09423089305
1.09551719696
1.09615384615
1.09567623215
1.09414407188
1.09198309534
1.08975919047
1.08788278012
1.08675695769
1.08652657602
1.08726630932
1.08903526019
1.09171481092
1.09515343079
1.09887052433
1.10227272727
1.10445089828
1.10477164281
1.10318685465
1.1002720292
1.09707832574
1.09475582686
1.09387113672
1.09441939121
1.09586265728
1.09733753221
1.0980673899
1.09765400115
1.09624531565
1.09427962274
1.09215636456
1.09042184708
1.08927788335
1.08884267367
1.08917682927
1.09007352941
1.09113379903
1.09208037403
1.09249955461
1.09240019925
1.09202084293
1.09210248469
1.09335145306
1.09618568078
1.1004206998
1.10514853507
1.10904896007
1.11092317581
1.11022138483
1.10737516261
1.10381593715
1.10098731529
1.09990905548
1.10071266602
1.10275015387
1.105077277
1.10686553643
1.10781532112
1.10834938985
1.10901400327
1.11007732041
1.11123642574
1.11189966945
1.1113896032
1.10949166911
1.10669708327
1.10397394137
1.102275324
1.1019643913
1.10282946894
1.10405419
1.1047412772
1.10425459496
1.10279512645
1.10095381354
1.09959189273
1.09917212832
1.09964883001
1.10080616894
1.10199189142
1.10289389068
1.10343853703
1.10389884831
1.10453059646
1.10540730337
1.10624934208
1.10664005043
1.10632734879
1.105217632
1.10361610968
1.10204428145
1.10073784576
1.09985266542
1.09918401332
1.09847732539
1.0975073073
1.09634908239
1.09515057716
1.09411312782
1.09331676068
1.09268153049
1.09194854693
1.0910761238
1.09011792899
1.08924205379
1.08879393694
1.08889165551
1.08940097914
1.08997179568
1.09031017526
1.0902327054
1.08981921979
1.08923135464
1.08867182545
1.08812492049
1.08723349766
1.0856339303
1.08306918075
1.07975986278
1.07645574663
1.07408024527
1.07329790434
1.07411136844
1.07598486384
1.07794773958
1.07908925444
1.07894646001
1.07783189968
1.07652587008
1.07606761566
1.07684983678
1.0787683979
1.08104918917
1.08276765912
1.08336399826
1.08276297428
1.08166491043
1.0809092095
1.08109243697
1.08227705933
1.08399285167
1.0852915026
1.08545173209
1.08435813778
1.08233388368
1.08009287926
1.0783914639
1.07772164377
1.0781331935
1.07941613063
1.08123779108
1.08338254032
1.08577660072
1.08839537066
1.09111509772
1.09345646103
1.09509320351
1.09541343669
1.09449663557
1.09270442305
1.09083467042
1.08963907698
1.08943035673
1.0900822867
1.09100372746
1.09137278746
1.09077063661
1.08936227676
1.08775935003
1.08677810029
1.08690021584
1.08811448258
1.08988615303
1.09139571768
1.09204855742
1.09162397625
1.09071838895
1.08993172973
1.08998988878
1.09090052751
1.0921806064
1.0930769711
1.09288512967
1.09154124301
1.0895572725
1.08791041597
1.08748598952
1.08852667616
1.09053836088
1.09251371311
1.09330947901
1.09221286086
1.08927629742
1.08559369375
1.08237964921
1.08062296723
1.08053415835
1.08163004599
1.08286793427
1.08303530789
1.08148968753
1.07825153674
1.07423255211
1.07044667982
1.0677170959
1.06631428757
1.06620084498
1.06682476772
1.06757630626
1.06807255945
1.06824954035
1.06826452503
1.06842449335
1.06889178133
1.06962436234
1.07038430695
1.07097447867
1.07119326501
1.07112173282
1.07082169984
1.07041285774
1.0700581829
1.06962422648
1.06927069271
1.06901845107
1.06901336229
1.06936852596
1.07006292352
1.07087761919
1.07135650738
1.07119271717
1.07013221903
1.06836072801
1.06643190254
1.0650621613
1.06486365525
1.06598757127
1.06804686246
1.07031652084
1.07189795129
1.07228876868
1.07142857143
1.06978897296
1.06809104165
1.06700236035
1.06680010008
1.06726192328
1.06792779962
1.06841133005
1.06862924921
1.06886726683
1.06969405542
1.07145842039
1.07411593255
1.07725028259
1.07981262681
1.08096365325
1.08014796547
1.07763479099
1.07454671614
1.0722724114
1.07178382968
1.07338749084
1.07656004195
1.08008360891
1.08254798752
1.08311638834
1.08161574974
1.07886937956
1.07611983063
1.0744264486
1.07420145855
1.07512201346
1.07634099617
1.07677842937
1.07563371356
1.07301308399
1.06958435359
1.0663707332
1.06409790379
1.0631556798
1.06319157844
1.06352611662
1.06336104513
1.06227268695
1.06035447212
1.05821937907
1.05652467091
1.05592617627
1.05646996247
1.05787092165
1.05944811038
1.060545696
1.06078151999
1.06042268511
1.05986763854
1.05973668096
1.0602758281
1.06131300926
1.0623519142
1.06254502177
1.06122128781
1.05808413266
1.05357198638
1.04845678053
1.04391766597
1.04094986483
1.0402270785
1.04175124981
1.04501472444
1.04909583817
1.05289910751
1.05574319363
1.05712279059
1.05712949157
1.05619621846
1.05500982318
1.05420961442
1.05424784742
1.05527623416
1.05692158191
1.05864790564
1.05991071429
1.06026376664
1.05963260969
1.05830036495
1.05696359028
1.05620768896
1.05656854814
1.05792455179
1.05975351674
1.06122194902
1.06150589847
1.06010759041
1.05711717854
1.05332348142
1.04994663821
1.04811721788
1.04836016696
1.05052594256
1.05372616984
1.05677124528
1.05843091335
1.0580244745
1.05551815974
1.05178816855
1.04807973344
1.0455596196
1.04491510487
1.04611334595
1.04850167144
1.0510108771
1.05266034985
1.05295446221
1.0519508317
1.05031023627
1.04881697451
1.04814939127
1.04851612115
1.04977527746
1.05141073505
1.05275867339
1.05335727765
1.05302114804
1.05197175513
1.0506426583
1.04948199454
1.04870726091
1.0483473113
1.04831239507
1.04829619353
1.0481812933
1.04787863056
1.04744599233
1.04692149895
1.04638816362
1.0457810219
1.04518027962
1.04464497744
1.04441984984
1.0448102561
1.0460617784
1.0483235312
1.0513233462
1.05443750951
1.05685455599
1.0577210252
1.0564587195
1.05317671216
1.04857766743
1.04397066651
1.04062308209
1.03946302511
1.04073308055
1.04397962687
1.04818106478
1.05192467065
1.05409962562
1.05404942151
1.05188019302
1.0483672828
1.04449856734
1.04125821705
1.0390513604
1.0379545722
1.03762193671
1.0373957896
1.03683513041
1.03556907508
1.03382352941
1.03187679083
1.03020502626
1.02915916536
1.02884926114
1.02927756654
1.03023337019
1.0314830876
1.03275773048
1.03393542882
1.03489159892
1.03542655026
1.03541235093
1.03477530449
1.0333782494
1.03146054746
1.02943926558
1.02789730146
1.02741768957
1.0283765821
1.03078447949
1.03432238314
1.03821693908
1.04169787017
1.04401360749
1.04494212684
1.04468500977
1.04380610413
1.04312780703
1.04324036556
1.04437181639
1.04636422325
1.04861639268
1.05045884924
1.05123823316
1.05077192882
1.04928553093
1.04731146241
1.04546994073
1.04418781941
1.04356334553
1.04331799869
1.04308854047
1.04253093952
1.04146697838
1.04002815167
1.03868750367
1.03790619027
1.03801531213
1.0390913114
1.04097197588
1.04313737093
1.04504770626
1.04624022576
1.04657198682
1.0462893445
1.04580938492
1.0454816286
1.04555982375
1.04602923746
1.04645967651
1.04645025821
1.04552313167
1.04354277236
1.04079533768
1.03777415573
1.03503595267
1.0331502832
1.03223288622
1.03232658287
1.03301914408
1.03399841321
1.03489739519
1.03549029951
1.03585993941
1.03620380545
1.03669672084
1.037499286
1.03851409052
1.0395896095
1.04034868533
1.04066700698
1.04043576684
1.03992325706
1.03936741987
1.0391859223
1.03950332245
1.04033832141
1.04142332127
1.04242789843
1.04299114122
1.04295282469
1.04247735904
1.04192124419
1.04169951818
1.04208194906
1.04318492454
1.04471851422
1.04622821745
1.0471891315
1.04714490674
1.04596620216
1.04385444058
1.04139769857
1.03907776475
1.03745579103
1.03666629489
1.03657238869
1.03693894227
1.03723238338
1.03711833965
1.03648381835
1.03536396489
1.03416372152
1.0332325414
1.03281814242
1.03303555891
1.03368365891
1.03457128687
1.0353229191
1.03569875011
1.03567732291
1.03543094378
1.03529444851
1.03553709794
1.03623710769
1.03739301443
1.03872114663
1.03987712929
1.0405462362
1.04052564646
1.03989550501
1.03888698825
1.03783953974
1.03695183321
1.0363462873
1.03591786878
1.03523945884
1.03405164842
1.03205165664
1.02919665661
1.02581701223
1.02234573503
1.01929971989
1.01711701714
1.01603068179
1.01604543449
1.01709354428
1.01903013104
1.02159361434
1.02465274843
1.02793264469
1.03128282283
1.03451808429
1.03737517832
1.03955465239
1.0408180852
1.04095100865
1.0398983775
1.03797103122
1.03562904385
1.03356395449
1.03244578176
1.03261359793
1.03411639381
1.03658161697
1.03926716193
1.0413590604
1.042151285
1.04126172687
1.03879916718
1.03541543403
1.03192029804
1.02924109038
1.02789943689
1.02798763736
1.02918719567
1.03080534384
1.03203209022
1.03216909096
1.03079809496
1.02798182182
1.02417123172
1.0200848025
1.01623636615
1.01305576127
1.01053005853
1.00862139749
1.00702775414
1.00551252722
1.00384604743
1.00219322599
1.00066833751
0.999552897781
0.998961490962
0.998899237934
0.999233150615
0.999628645699
0.999741928084
0.99934018016
0.998370637167
0.996850617109
0.995196764136
0.993719605391
0.992621754811
0.992038521518
0.991783589016
0.991687402587
0.991454400572
0.990871369295
0.989942888982
0.988924405563
0.988048257977
0.987714431297
0.988152735951
0.989282253007
0.99093586481
0.992632514405
0.993942525766
0.994432806267
0.993932281977
0.992622133599
0.990968289921
0.989589781104
0.9890260631
0.989641211783
0.991424820536
0.993975228381
0.996675869063
0.998724598248
0.999372987146
0.99831153593
0.995554025758
0.99153272101
0.986945918806
0.982514475721
0.978724013516
0.975860885482
0.973905844063
0.972646799305
0.971698914983
0.970699166854
0.969304248247
0.967570264427
0.965481142731
0.963306783851
0.961265669672
0.95946842018
0.957935203499
0.956644064935
0.955488012726
0.954356846473
0.953225111335
0.952201655553
0.951436270856
0.951043361594
0.951179312305
0.951921171107
0.953096745027
0.954653264061
0.956260236065
0.95770512169
0.958848084842
0.95963633293
0.96024147129
0.960979985424
0.962081054551
0.963714671771
0.965922943895
0.968507543875
0.971169710829
0.973421052632
0.974852027445
0.975202219992
0.974471468111
0.972924768282
0.971073662265
0.969507651745
0.968639036446
0.968762356663
0.969895140377
0.971877911737
0.97435970162
0.976911441537
0.979111596368
0.980712509398
0.981505176224
0.981533426835
0.981019156863
0.980104188127
0.978880302047
0.977477344511
0.97591249484
0.974204542116
0.972393444539
0.970533642691
0.968687944283
0.966923956547
0.965300313123
0.963766673303
0.962293211637
0.960742675123
0.958977029451
0.95688070718
0.954379883673
0.951626699702
0.948732327853
0.945944354483
0.943410602819
0.941215901142
0.939426450547
0.9378664895
0.936448005534
0.935012957098
0.933459966615
0.931872429759
0.930374113526
0.929326496118
0.928985963006
0.929630581983
0.931350376456
0.934064352731
0.937556245827
0.941385383035
0.945028510335
0.947903850194
0.949531580538
0.949606299213
0.948170731707
0.94561245882
0.942543040863
0.939679934346
0.937507263219
0.936423036891
0.936426712923
0.937441914498
0.939180087848
0.941251294187
0.943337019216
0.945109269028
0.946541738682
0.947661334469
0.948652430492
0.949826884529
0.951316307674
0.95322838928
0.95548120686
0.957800703823
0.959924351585
0.961356419627
0.961830463893
0.961219497643
0.959681745038
0.957481066253
0.955086418276
0.952986443022
0.951500105961
0.950866699219
0.951085285618
0.952055641422
0.953434334046
0.954920949228
0.956026359549
0.956484511177
0.956147006161
0.955014171139
0.953271870026
0.951111911407
0.948898519321
0.946799818429
0.945053940391
0.94386815615
0.943180766026
0.942873951141
0.942816430209
0.942689335394
0.942263279446
0.941277430428
0.939649122807
0.93734419651
0.934429212665
0.931259088706
0.928052105423
0.925208428073
0.923067581517
0.921770880876
0.921311275258
0.921589062931
0.922339671484
0.923236707487
0.924024576615
0.924427169859
0.924257192265
0.923466498899
0.922108896909
0.920362273579
0.918476911619
0.916653818877
0.915037893897
0.913714443186
0.912544846831
0.911596079157
0.910658794282
0.909698471965
0.908782820765
0.907953929107
0.907305979949
0.906930566231
0.906984906985
0.907389787504
0.908165837061
0.909204837396
0.910280840961
0.911321580395
0.912238300009
0.912978884815
0.913534194165
0.914005467117
0.914444912372
0.914924789998
0.915499853128
0.9161389306
0.916718276345
0.917097603018
0.917269806238
0.917090720513
0.916658565827
0.916101832333
0.915602767761
0.915481035325
0.915992167102
0.917212041885
0.919221427165
0.921905891657
0.925025664801
0.928359601479
0.931485706617
0.934349236383
0.936637432864
0.938359670979
0.939445716434
0.940139163654
0.940551368235
0.940866925283
0.94123362482
0.941750808091
0.942239946826
0.942712665092
0.942999465098
0.942968855332
0.942626579046
0.94209729581
0.941488807913
0.941129257398
0.941318327974
0.942189679219
0.943816327946
0.946057662499
0.948596851472
0.951049189263
0.953106403237
0.9543318349
0.954547009132
0.953818094222
0.952293514412
0.950369440959
0.948519633233
0.947272472304
0.946889013453
0.947443827096
0.948781337047
0.950563746748
0.952227757022
0.953372707491
0.953517284249
0.952502765487
0.950280451492
0.94728628403
0.944023890548
0.94113354415
0.939203281424
0.938675473666
0.939601516047
0.941835385793
0.94498990321
0.948481996584
0.951697902488
0.954088050314
0.955244755245
0.954961885447
0.953412784399
0.950974230044
0.948115840893
0.945401897851
0.943092553154
0.941559122862
0.940716589539
0.940425980599
0.940583946747
0.940846758557
0.940954729611
0.940837346645
0.940475773395
0.940006282065
0.939580507148
0.939615958887
0.940136196234
0.941229782487
0.942753978826
0.944491525424
0.946203657582
0.947504118026
0.948123382226
0.947909921577
0.946975676257
0.94541367869
0.943529245049
0.941596594307
0.939873306968
0.938477653631
0.937329605033
0.936319595591
0.935187475704
0.933705984975
0.931732664397
0.929301288048
0.926507108152
0.923752824302
0.92144358545
0.919975975127
0.919642544244
0.920614462867
0.92275886032
0.925888536916
0.929572038944
0.933333333333
0.936678101772
0.939156495992
0.940457126219
0.940662793672
0.940016793837
0.938980095888
0.93821378391
0.938173770258
0.939179381881
0.94148093377
0.944907358577
0.949222469057
0.95392097696
0.958510981334
0.962267563852
0.96466083151
0.965445218029
0.964662756598
0.962510038695
0.959510357815
0.956297278887
0.95331512292
0.950926283967
0.949409545105
0.948795705671
0.948924731183
0.949726354196
0.950823147036
0.952021640091
0.953145149735
0.954133390891
0.95493353507
0.955537968992
0.956094763629
0.956490727532
0.956853422276
0.957068654818
0.95707035105
0.956847963928
0.956198201375
0.955146331118
0.95358724535
0.951667849539
0.949563427273
0.947614659389
0.945999434549
0.945005809246
0.944656823203
0.944898958115
0.945650656241
0.946747215141
0.94788239412
0.948872021927
0.949514563107
0.949648961067
0.949388248684
0.948944351479
0.948478168113
0.948338175891
0.94870619756
0.949596915528
0.951054558131
0.952919936116
0.954885654886
0.956672443674
0.957952531536
0.958512160229
0.958073336605
0.95670081318
0.954604821914
0.95216730844
0.949832421944
0.948056972041
0.947091985013
0.947058413495
0.947964036519
0.949549861496
0.95154871085
0.953691507799
0.955523872448
0.956843575419
0.957379692265
0.957164944831
0.956370412038
0.955331766027
0.954437456324
0.953981870594
0.954192680487
0.955213651784
0.956849245032
0.958991608059
0.961396122636
0.963743962996
0.965765581268
0.967225479105
0.967982924226
0.967959120257
0.967443146471
0.966620642043
0.96583402147
0.965439287549
0.965501960116
0.966147159689
0.967268661268
0.968682212581
0.970058455682
0.971183720851
0.971645326285
0.971298468332
0.969963319261
0.96777096964
0.965062487054
0.962166987091
0.95952023988
0.95748563704
0.956190667874
0.955821015049
0.956220661185
0.957236184254
0.958595528183
0.959851801954
0.960663298179
0.960645227296
0.959638801478
0.957547169811
0.954574840927
0.950975757985
0.94710268499
0.943256306694
0.939726207281
0.936626616168
0.934061277705
0.932022343449
0.930537309511
0.929467032785
0.928838077462
0.928521138566
0.928552215722
0.928919345628
0.92954591052
0.930454122958
0.931599736669
0.932856536364
0.934244707105
0.935598820823
0.936843129622
0.937846294244
0.938486788118
0.938722165238
0.938387204265
0.937560681643
0.936270072748
0.934539737758
0.932581278493
0.930433920486
0.928259656723
0.92611207206
0.924053104256
0.922148087876
0.920421891327
0.918987258637
0.917785123967
0.916932801065
0.916385389166
0.916156035493
0.916201117318
0.916488865182
0.916871226697
0.917398191539
0.917932031815
0.918454372499
0.918983685126
0.919466403162
0.919953634708
0.920461364091
0.921017313112
0.921667847384
0.922274881517
0.922824023861
0.923241010361
0.92342235878
0.923353736463
0.923172242875
0.922958860232
0.922872163439
0.922992591608
0.923424320914
0.924219269103
0.925371645216
0.926863385066
0.928604790819
0.930527230785
0.932564686955
0.934626243614
0.936690938511
0.938776200135
0.940905394416
0.943158680603
0.945581695353
0.948200413854
0.951031189678
0.953909576265
0.956766600344
0.95937342092
0.961647344298
0.963387036849
0.964536362095
0.965016861396
0.964957908425
0.964494196827
0.96386577735
0.963338024785
0.963187038556
0.963624630642
0.964733648011
0.966513746107
0.968874966676
0.971659515018
0.974545212234
0.977332083305
0.979696458685
0.981367515555
0.982122063155
0.981829444559
0.98049755358
0.978281786942
0.975475629334
0.972324785746
0.969248329808
0.966464633009
0.964310544612
0.962801597518
0.962112211221
0.96222420694
0.963143739416
0.964625079185
0.966541755889
0.968547765148
0.970274441388
0.97144197895
0.971768798501
0.97107589658
0.969390471121
0.966907859798
0.963889349014
0.960635130665
0.957547325647
0.954926417211
0.952969481247
0.95169734286
0.951056546639
0.950800237107
0.950654748161
0.950330687831
0.949616902717
0.948448465095
0.94689852755
0.945112406328
0.943488372093
0.942328042328
0.941891803063
0.942296388218
0.943511450382
0.945264930691
0.947288278365
0.949391790802
0.951170787621
0.952492649245
0.953266666667
0.953628152178
0.953736174804
0.953889226203
0.95435140677
0.955336562552
0.956859104022
0.958895988407
0.961279958034
0.963756016108
0.96611003576
0.968118426692
0.96963058847
0.970618711769
0.971114399085
0.971302204666
0.971457558336
0.971739571361
0.972364691591
0.973372382684
0.974774109032
0.976422055272
0.978249941352
0.980066333881
0.981648918358
0.982905125117
0.983837034563
0.984572323481
0.985168434705
0.985779313553
0.986232582887
0.986591955173
0.986529504406
0.985883700559
0.984528927858
0.982380499728
0.979570366851
0.976271759338
0.972852348993
0.969643569624
0.966994960308
0.965086629618
0.96396484375
0.963704427083
0.964042887029
0.964864330875
0.965880398671
0.966836392871
0.967586508979
0.967891147275
0.967753891772
0.967059848536
0.965915137005
0.96441292876
0.962738613667
0.961046151842
0.959502468174
0.95829682277
0.957580875666
0.957421201574
0.957977718418
0.95929284363
0.961391474767
0.964126734747
0.967357393846
0.970893010362
0.974496911735
0.97799993313
0.981125092524
0.983778851678
0.985953154617
0.987599675632
0.988868336977
0.989876039961
0.990806200007
0.991777836481
0.992850553506
0.994061953617
0.995359936365
0.996562312262
0.997578122372
0.998272533279
0.998434628735
0.998091212762
0.997208700684
0.995862022182
0.994193504827
0.992338452233
0.990424855201
0.988577154309
0.986888636819
0.985493230174
0.984430738456
0.983773698064
0.983456494241
0.983536767885
0.983770121059
0.983981083691
0.9838989845
0.983191303764
0.981828602252
0.979656082865
0.976835679159
0.973677970121
0.970460293374
0.967734377615
0.965804311774
0.964959568733
0.965246051429
0.966630925691
0.968868690148
0.971696271716
0.974777011795
0.97770627442
0.980150356107
0.981883698635
0.982796268114
0.982907960857
0.982336821949
0.981301322429
0.980052095354
0.978846280774
0.977819648288
0.977053739942
0.976603148302
0.976288250099
0.976047310691
0.975868312757
0.975726563013
0.975590602709
0.975563479342
0.975600157418
0.975641913049
0.975612993132
0.975314003207
0.97451052826
0.973161368534
0.971087176035
0.968400925833
0.965268741868
0.961969496021
0.958862115568
0.956266404199
0.954480052322
0.953722137006
0.953976531943
0.955192288906
0.957114502326
0.95934430495
0.961601041328
0.963510076306
0.964872651084
0.965562652268
0.965601802757
0.96518607443
0.964394573773
0.963472310737
0.962550200803
0.961727902023
0.961001221808
0.960372044279
0.959866003187
0.959643724696
0.959834288119
0.960541259694
0.961938619093
0.964097010272
0.966915406458
0.970099226761
0.973185436861
0.975749883092
0.977332083305
0.97757561516
0.976398101074
0.974029921313
0.970786364713
0.967239218078
0.963907587187
0.961328572391
0.959761649705
0.959186386599
0.959453212706
0.960226152127
0.961104181711
0.961788885235
0.962079672326
0.961984514671
0.961555176679
0.960869273143
0.960152250067
0.9593742625
0.958447073097
0.957205387205
0.955489015241
0.95331629221
0.950601923465
0.947676177034
0.944757496478
0.942247919521
0.940511422206
0.939661442835
0.939796690463
0.940784725412
0.942332939477
0.944140522014
0.945897503983
0.947227431021
0.948045806168
0.948226009457
0.947772919798
0.946833971554
0.945548272566
0.943967864924
0.942300512507
0.940469337307
0.938687859317
0.936978339472
0.935455558181
0.934238452987
0.933454203599
0.933244191877
0.933701657459
0.934824450786
0.936502670603
0.938606415546
0.940875154843
0.94302302032
0.944741411596
0.945738295318
0.945750327428
0.944582556453
0.942253958398
0.938865379984
0.93464321229
0.930017094017
0.925330877337
0.920968400981
0.917275600721
0.914465877886
0.9125
0.911369830748
0.910846605197
0.91065154101
0.910616208975
0.910637439484
0.910656875021
0.910747185261
0.910860444322
0.911135718735
0.911388888889
0.911487824365
0.911061026352
0.909930156974
0.907931034483
0.905132353447
0.90173012761
0.898122679136
0.894727803538
0.892059468347
0.890396944482
0.889845736566
0.890237324703
0.891269308261
0.892460490555
0.893612008616
0.894323262431
0.894630780791
0.894530173602
0.894233103305
0.893820713664
0.893337514809
0.892698037032
0.891690982354
0.890160579891
0.888033832501
0.885363570165
0.882326420198
0.879247635872
0.876505712215
0.874386855555
0.873085562589
0.872568224804
0.872589855559
0.872895566436
0.873225697948
0.87337398374
0.87320426871
0.872771250864
0.872089781124
0.871415550726
0.870711473566
0.869944432721
0.868989032621
0.867734907583
0.866176884139
0.86437994723
0.862527716186
0.86076928486
0.859285739319
0.858089029874
0.857202216066
0.856425426527
0.855671161613
0.854942803483
0.854199412287
0.853578283521
0.853277334068
0.853506709088
0.854280952712
0.855451062348
0.856593886463
0.857278081615
0.857042228718
0.855539028191
0.852822796082
0.849219979963
0.845163834516
0.841357339729
0.83823634162
0.836043552036
0.834683215876
0.833907745866
0.83336220336
0.832693836635
0.831789590102
0.83073358005
0.829775455835
0.829201673409
0.829328914664
0.830173067641
0.831540106214
0.833050876768
0.834290088021
0.834835677458
0.834518628596
0.833321451486
0.831399928392
0.82911709904
0.826672862454
0.824322881446
0.822008077659
0.819741580174
0.81754756871
0.815380823268
0.8133535126
0.811739894552
0.810710405495
0.810399581225
0.810747907041
0.811409581833
0.812165012621
0.812597443093
0.812523930523
0.811817035584
0.810658395601
0.809346655329
0.808150492514
0.807035677371
0.805919525867
0.804600579544
0.802725968436
0.800050356089
0.796497171069
0.792361736624
0.788056164039
0.784157002676
0.781099632041
0.779133789234
0.778199415123
0.77804734343
0.778312335595
0.778628599148
0.778811764297
0.778852173913
0.778988028953
0.779485930924
0.78044710218
0.781858052839
0.783388077434
0.784583450605
0.78495119787
0.784048991871
0.78166474322
0.777938621888
0.773245090593
0.76808096816
0.763025029541
0.758392367662
0.754429482636
0.751095251555
0.748228075743
0.745689351819
0.743414360377
0.741351021121
0.739725076368
0.73864852733
0.738300068823
0.738804430075
0.740076559644
0.741933247843
0.744072524407
0.746186485254
0.747939124921
0.74903665995
0.749405965174
0.749047805503
0.748041915525
0.746619677791
0.744930050971
0.743089312922
0.74108892922
0.73895102617
0.736601518914
0.733969547502
0.731122865561
0.728177966102
0.725248047287
0.722680520939
0.720610900939
0.719205112982
0.718429381282
0.718152866242
0.71809372737
0.718078512397
0.717977915804
0.71767114257
0.717308432134
0.717027055628
0.716930840856
0.717036401958
0.717228531509
0.717155772404
0.716522988506
0.715195796142
0.713110020214
0.710484396496
0.707571801567
0.704814694055
0.702370215376
0.700490881078
0.698915940999
0.6975234601
0.696186098733
0.694710697544
0.69317864132
0.691724595661
0.690632416585
0.689944620529
0.689742610025
0.689785449378
0.689806952483
0.689468196038
0.688693098385
0.687453757531
0.685888786308
0.684223691263
0.682750950707
0.681367263317
0.680014391078
0.678459487697
0.676442967565
0.673940624207
0.671067947039
0.668063246867
0.665308794646
0.663157133037
0.661737257717
0.660879464921
0.660453293794
0.660111669066
0.659627372697
0.658899268745
0.658041958042
0.657229630664
0.656664462004
0.656534110625
0.656772763481
0.657237936772
0.657684005292
0.657932582693
0.657983223021
0.657730339485
0.657265018684
0.656472030872
0.655358046102
0.653754340278
0.651557971014
0.648764534884
0.645432999088
0.64178122258
0.638115788319
0.634712853236
0.63184602559
0.629460431655
0.627544097693
0.626056388041
0.624840719241
0.623908663533
0.623419733032
0.623427423618
0.624030327495
0.625192012289
0.626688426681
0.628261019999
0.629595047896
0.630600638091
0.63114411211
0.63124298541
0.631016608484
0.630474032641
0.629605963791
0.62837212613
0.62662047784
0.624345080026
0.621634303039
0.618639761922
0.615569560307
0.612573845817
0.609794283634
0.607229702755
0.604715923475
0.602337072168
0.600144014401
0.598353288031
0.597180370211
0.596777650757
0.59696141422
0.597505988446
0.597916156778
0.597872192476
0.597226555729
0.596139183475
0.594948128101
0.594171182437
0.594156069766
0.594958683425
0.596273291925
0.597485150578
0.598082287308
0.597795563044
0.596579441238
0.594840830326
0.593080606257
0.591784292436
0.591031227306
0.590624545058
0.590038314176
0.588969861208
0.587173169566
0.584846471804
0.582532525133
0.580817772529
0.58005143277
0.580196429223
0.58091436865
0.581651442394
0.581920903955
0.581490522688
0.580526221586
0.579519532364
0.579005172536
0.579341896885
0.580443075631
0.581998394583
0.583382810044
0.584268087493
0.584434344502
0.584056072781
0.583543449696
0.5832295706
0.583380843786
0.583821847298
0.584268047167
0.584327086882
0.583763216625
0.582533943329
0.580949200341
0.57930957518
0.57787037726
0.576719970249
0.575707959662
0.574572856823
0.573188541472
0.571509093642
0.569778379802
0.568252656878
0.567301943199
0.566941412341
0.56712672522
0.567623176691
0.56825012829
0.568860740958
0.569412968784
0.570090392185
0.570847851336
0.571588568951
0.572189817815
0.57247680023
0.572303480078
0.571748716837
0.571065805703
0.570586737478
0.570491803279
0.57064186725
0.570791608801
0.57056340613
0.56973951598
0.568310488677
0.566671672047
0.565309360127
0.564618885097
0.564733161016
0.565235610072
0.565641123638
0.565481219756
0.564356053292
0.562550913534
0.560503613896
0.558882854926
0.558129657516
0.558247581017
0.55882128115
0.559304586526
0.559311054376
0.558870598994
0.558371385084
0.558470111065
0.559700086658
0.56207193383
0.565115413254
0.567985143918
0.56987848835
0.570359058403
0.569572521934
0.568197959107
0.567071575406
0.566847318258
0.567550363214
0.568713780387
0.569569835369
0.569590195327
0.568541062802
0.566843047234
0.56516134073
0.564110597635
0.56386990337
0.564232135807
0.564508431435
0.564139590854
0.562780359669
0.560706312157
0.558557094691
0.557123165491
0.556813586737
0.557588240045
0.558932902183
0.560043756584
0.560427069378
0.559834435742
0.558605911131
0.557430396529
0.556995851946
0.557696119237
0.559442492202
0.561724260215
0.564014793831
0.565758479899
0.566829649912
0.567355999533
0.56759798215
0.567913195117
0.56853993635
0.569353016788
0.570266358978
0.571137094876
0.571726143688
0.572013061096
0.571991644003
0.571767872694
0.571354540381
0.570831155254
0.570177217243
0.56945748459
0.568769729021
0.568133223684
0.567537452024
0.567022292333
0.5665424708
0.56624112276
0.566079576954
0.566146190803
0.566361408487
0.566583562586
0.566599372879
0.566344294004
0.565783236371
0.564986163957
0.564243631953
0.563846353491
0.563935977971
0.564410107564
0.564944961897
0.565350951018
0.565447222688
0.565337693372
0.565494404158
0.566298342541
0.568068068068
0.570645857546
0.573465002892
0.575984835998
0.577605732405
0.578340064287
0.578361439822
0.578275023695
0.578447105296
0.579010112637
0.579673156876
0.579976842279
0.57952178622
0.578279858895
0.576719800431
0.575474502144
0.575143647585
0.575720076808
0.57667896046
0.577392282402
0.577162114846
0.575803235099
0.573693403198
0.571518759019
0.570213151106
0.569938316401
0.570505528507
0.57128477306
0.571487831858
0.57091786991
0.569582458596
0.568198804185
0.567471789611
0.567735936774
0.568896724506
0.570388236931
0.571707135893
0.572257824835
0.572103799815
0.571645919779
0.571336996337
0.571662497157
0.572573342992
0.573919327883
0.575302292005
0.576465820049
0.577387092434
0.578081825475
0.578744688385
0.579524438573
0.580253965464
0.580889142958
0.581383049055
0.581843069722
0.58245738009
0.583296567546
0.584365768705
0.585463858348
0.586226774866
0.586453081076
0.586267289384
0.585856762489
0.585623104432
0.585723361772
0.585986970981
0.586066137687
0.58552509724
0.584245998315
0.582514177694
0.580913850547
0.580140622758
0.58043436479
0.581652884569
0.583064909712
0.583921433154
0.583670008479
0.582420343753
0.580467883432
0.578703236866
0.577647888743
0.577388759964
0.577484047402
0.577610344652
0.577446068909
0.577070650228
0.576864225237
0.57732900345
0.578564573968
0.580313492263
0.582211465739
0.583657194771
0.584442427909
0.584880104344
0.5853525051
0.586399053161
0.588223768002
0.590573870574
0.592880164079
0.59479390506
0.595957135899
0.596612630051
0.597151625587
0.598012646793
0.599385052034
0.601059051581
0.602607252904
0.603613884926
0.603797829812
0.60338113781
0.602772783193
0.602444895455
0.602730020782
0.603718106801
0.605113771884
0.606589612009
0.607680831609
0.608207155946
0.608071532141
0.607526098568
0.606800391389
0.60616387613
0.605873261206
0.606049947239
0.60635931655
0.606598210655
0.606481007474
0.605900893918
0.605004701703
0.604171066526
0.6038549598
0.604177825388
0.604994080293
0.605770271733
0.60602587195
0.605549120194
0.604415207938
0.603146951391
0.602200282087
0.601953808798
0.60232728916
0.602853745541
0.603073420603
0.602692638213
0.601842256765
0.600967909201
0.600619905866
0.601027104137
0.601987507098
0.603072910761
0.603713588098
0.603618982588
0.602695325827
0.601459523675
0.600381336922
0.599866659259
0.600088305094
0.600847504265
0.60198019802
0.603428383056
0.6050645373
0.606714758366
0.608228595982
0.609527361859
0.610391678166
0.611025627421
0.611532947486
0.612024175591
0.612695734697
0.613321482721
0.613657575443
0.613567191127
0.613140943056
0.612728398885
0.612943244081
0.614085816079
0.615823859252
0.617662124782
0.618923477994
0.619081742335
0.618408880666
0.617496774194
0.617163252638
0.617683557394
0.61883616461
0.619957646816
0.620573443252
0.620405179616
0.619992630415
0.620064656315
0.621148422117
0.623125767035
0.625133861641
0.626326849507
0.626155519304
0.624896995001
0.623351435221
0.622436469015
0.622720662266
0.62369396697
0.624455383919
0.624327726284
0.62305061163
0.621280591584
0.620026054003
0.620073818312
0.621301775148
0.622873970792
0.623976714572
0.624041234583
0.623322564612
0.622467043315
0.622295973197
0.622988505747
0.623906389491
0.624224160041
0.623348614967
0.621477819696
0.619473890852
0.618430908733
0.618761120264
0.619980171844
0.621133302369
0.621247251649
0.620114904135
0.618338453319
0.617048329117
0.617002518892
0.618199246381
0.619857171196
0.621127320955
0.621444725289
0.620950352722
0.620372827385
0.620404933061
0.621240330405
0.62240793941
0.62330552659
0.62347237587
0.623140763794
0.622971928921
0.623526785714
0.624674668351
0.625918956216
0.626397651321
0.625763049707
0.624317617866
0.623051808045
0.62281076463
0.623911992263
0.625585023401
0.626912045889
0.627145922747
0.626389301634
0.625362104641
0.625051334702
0.626025723098
0.627783239836
0.629322268326
0.629738280127
0.628923959828
0.627471146155
0.626603837856
0.627135848418
0.628983393178
0.631272727273
0.632931188561
0.633506102658
0.632937388988
0.63224737714
0.632160527763
0.633026012512
0.634325898253
0.635352422907
0.635526895944
0.63473383194
0.63349208956
0.632548506649
0.632257713446
0.632580715532
0.633384480491
0.634311512415
0.635144827586
0.635942668137
0.63661367512
0.637077725899
0.637227962189
0.637134519024
0.636965517241
0.637036627811
0.637575355345
0.638414634146
0.63912244557
0.639363549779
0.639017243322
0.638249759738
0.637864736485
0.638079096045
0.638774240968
0.639579784214
0.639816933638
0.639314957906
0.638471795466
0.637958069574
0.638327526132
0.639530150608
0.640715412941
0.641349215709
0.640938598058
0.639959188573
0.639206942268
0.639333373589
0.640482102841
0.642016704261
0.643204630827
0.643653115856
0.643453689168
0.643249384586
0.643404470901
0.643870475221
0.644025399269
0.643560630636
0.642448121881
0.64142411987
0.64125491765
0.642300742823
0.643993277311
0.645285191708
0.645461391019
0.644635193133
0.643655673561
0.643719653789
0.645138446286
0.647301541976
0.648816909537
0.648606246351
0.646647015475
0.644032341814
0.642383365628
0.64254968129
0.643993937097
0.645536401416
0.6459563141
0.645117978867
0.643913392141
0.643693076489
0.64509962741
0.647369710832
0.649222111883
0.649668150886
0.648757235274
0.647745813654
0.648052508852
0.650134724033
0.652981470097
0.654972375691
0.654707586457
0.652357798165
0.649412200315
0.647838643563
0.64849793466
0.650650584101
0.652458068248
0.652637244349
0.650910891089
0.64870259481
0.647662875286
0.648499290205
0.650562928874
0.652401063663
0.652768970619
0.651596453984
0.649918927916
0.648939969482
0.649033403472
0.649682167949
0.650046010702
0.649885293338
0.649927896916
0.651218285393
0.654089386002
0.657630245457
0.660075813157
0.659885497611
0.656950531062
0.653217426566
0.651186058587
0.651941846279
0.654589900289
0.657025877907
0.657295545257
0.655073605302
0.65223328281
0.65134235998
0.653463570768
0.65755385587
