1.06578021669
1.06973490942
1.07740176199
1.08370473538
1.08492379514
1.08132045089
1.07701887782
1.07602452404
1.07972782129
1.08595455129
1.09074619224
1.09085161535
1.08677327383
1.08202294943
1.07966507177
1.08064803276
1.08302332448
1.08417291471
1.08247184522
1.07940742423
1.07787412587
1.07972462803
1.08438608156
1.08917514374
1.09110343693
1.08885054992
1.08439465201
1.08076083567
1.07963963964
1.08067494102
1.0819110884
1.08145598137
1.07921088029
1.07697197907
1.07658590627
1.07842575345
1.08116728554
1.08244340026
1.08080474934
1.0770519263
1.07359347059
1.07244408222
1.07367523669
1.07540195074
1.07550417016
1.07291575921
1.06898326898
1.06615312989
1.06606820756
1.06833361162
1.0708854448
1.07141974546
1.06918954036
1.06579630295
1.06367321239
1.06397503413
1.06607073455
1.0676665504
1.06655631688
1.06246910764
1.05755476503
1.0543835667
1.05439958971
1.05676346126
1.05913568131
1.05928411633
1.05678739484
1.05338816252
1.0515109413
1.05247903944
1.05554981931
1.05870028165
1.05984219695
1.05869227128
1.05659243431
1.05555372065
1.0563902375
1.0580832843
1.05885610058
1.05730464326
1.05403414369
1.05101329956
1.05038431373
1.05248377434
1.05584261968
1.05805429583
1.05725155424
1.05395771878
1.05050813318
1.04938196617
1.05160136957
1.0556899994
1.05887670242
1.05883408072
1.05548982489
1.05082859987
1.04752901481
1.04702057876
1.04884281441
1.05104381406
1.05167622025
1.05018426811
1.04775264815
1.0460976723
1.04621872685
1.04759870108
1.04863005912
1.04786001018
1.04503493364
1.04147272778
1.03873708764
1.03789035392
1.03854276663
1.03937314179
1.03905210643
1.03715871132
1.03443435178
1.03198106457
1.03054720053
1.03009246443
1.0299686729
1.02943049365
1.02844360985
1.02755786047
1.0273154548
1.02781637303
1.02838385249
1.02826568059
1.0270981468
1.02544692737
1.02435278018
1.0246269494
1.0264312194
1.02882882883
1.03060547495
1.0308815435
1.02986026555
1.02847119538
1.02754772906
1.02725440365
1.02705882353
1.02624493298
1.02471336066
1.02332092331
1.02314247272
1.02474785488
1.02766714299
1.03038589161
1.03113479352
1.02948502397
1.0263897564
1.02386552514
1.02364096081
1.02586069111
1.02929181771
1.03190898094
1.03222200302
1.03065361416
1.02908514014
1.02936481543
1.03236430852
1.03699795779
1.04109023333
1.04257014202
1.04105785583
1.0380849882
1.03583231866
1.03563809324
1.03713098006
1.03870693322
1.03851893966
1.03623651334
1.03332152975
1.03215069754
1.03440187647
1.03990131932
1.04649157475
1.05103691191
1.05154159811
1.04820046852
1.04318245911
1.03894781204
1.03693959166
1.03685150804
1.03733658707
1.03710870016
1.03592671088
1.03487308096
1.0353104007
1.03775113963
1.04119078192
1.04353535354
1.04302042721
1.03953412073
1.03496593808
1.03187009507
1.03189398263
1.03520035422
1.04011226388
1.04405686373
1.04521400056
1.0436309233
1.04103632575
1.0392786413
1.03945871505
1.04115607627
1.04289623989
1.04319240521
1.04152208777
1.03865376282
1.0357943764
1.03390804598
1.03333045754
1.03346727899
1.03376297479
1.03400745678
1.03456098586
1.03597142379
1.03840989202
1.04124436937
1.04313714383
1.0429475716
1.04053365058
1.03699523097
1.03409507171
1.03306953081
1.0344130707
1.03741320939
1.04079630698
1.04333747723
1.0446263304
1.04509752775
1.04541477074
1.04586588062
1.04629795358
1.0463253012
1.04584405753
1.04535800971
1.04562864786
1.04718105424
1.04978715528
1.05234245763
1.05356297909
1.05264829163
1.05008118692
1.04714695569
1.0451827455
1.04467475619
1.04496607253
1.04451203558
1.0423787188
1.03869067103
1.03504025555
1.03350574152
1.03541007147
1.04071623712
1.04786455561
1.05428408672
1.05763041438
1.05742838108
1.05512486392
1.05299659775
1.05260072306
1.05414023101
1.05645842813
1.05768173142
1.05696526977
1.05463288096
1.05240939366
1.05213314289
1.05472575147
1.05992869323
1.06609293254
1.07120676403
1.07395596052
1.07456652592
1.07439973947
1.07469758955
1.07614034056
1.07839962316
1.0804033396
1.08117897935
1.08034113906
1.0783573553
1.07603451212
1.07404891304
1.07266132003
1.07195797245
1.0720249929
1.07301317467
1.07515463044
1.07829251777
1.08195839819
1.08518096324
1.08682281937
1.08638902555
1.08419278929
1.08173062935
1.080440675
1.08123774115
1.08389400378
1.08728053179
1.08985856154
1.09061439651
1.08967887118
1.08794828007
1.08661417323
1.08623938224
1.08650302917
1.08669424881
1.08592904007
1.0843804956
1.08280295519
1.08242513343
1.08381854245
1.08665639247
1.08972414906
1.09157414301
1.09128550171
1.08919145101
1.0865022049
1.08458485474
1.08391077361
1.08408436897
1.08392625621
1.08225053614
1.07904705256
1.07545417969
1.07313569682
1.07336035818
1.0760833609
1.08017042215
1.08379771107
1.08568614576
1.08588266651
1.08568749267
1.08691615898
1.09056582019
1.0960055255
1.10121690986
1.10369749357
1.10187915583
1.09637269872
1.0898277394
1.08550132793
1.08534285714
1.08949651033
1.09602131233
1.10206642928
1.1054685208
1.1057443556
1.10468538466
1.10450801523
1.10675743972
1.1111878868
1.11567912489
1.11758393377
1.11514292755
1.10887730875
1.10125215889
1.09521011781
1.09286181241
1.09455380165
1.09882113692
1.10331689825
1.10600321027
1.10621454441
1.10515556123
1.10467265889
1.10617945284
1.10982585077
1.1145563342
1.11868412648
1.12073507475
1.1205709435
1.11901649549
1.11744552133
1.11655669787
1.11635652519
1.11595039815
1.11455789696
1.11195921166
1.10883271463
1.10639911334
1.10578038033
1.10718005091
1.10999884273
1.11293307884
1.11465482438
1.11448323341
1.11271503152
1.11036836865
1.10830983107
1.10726871616
1.10727692752
1.10816706416
1.10972794483
1.11193789366
1.1149158615
1.11855502759
1.12239854706
1.12534642728
1.12622336047
1.12438453964
1.12023006989
1.11547036601
1.11210956867
1.11149100177
1.11380637892
1.11796509422
1.12204158549
1.12432084874
1.12403100775
1.12188409971
1.11955693792
1.11861043747
1.11948345035
1.12133917397
1.12277574507
1.12239420796
1.11981009123
1.1160881729
1.11323967646
1.11289060148
1.11551105798
1.12024280656
1.12522249911
1.12846883589
1.12902846735
1.12729180634
1.12482285913
1.12313443566
1.12300585332
1.12403056242
1.12490997609
1.12443661158
1.12207265885
1.11847407021
1.11517898652
1.11361579116
1.1144143879
1.1170750565
1.12028245192
1.12237847012
1.12258398878
1.12128076405
1.11959795906
1.11880912632
1.11942670198
1.12106453843
1.12242251739
1.12218700475
1.11982047473
1.11586284853
1.11167544324
1.10853745394
1.10706241708
1.107052664
1.10745122139
1.10717124167
1.1058403005
1.10376822005
1.10211684011
1.10190877686
1.10361186298
1.10682346109
1.11034722827
1.11292190123
1.11377124748
1.11314923451
1.11204935744
1.11162737987
1.11228945727
1.11364024842
1.11462722504
1.11407424474
1.1114700199
1.10752347485
1.10368431649
1.10147766224
1.1016148204
1.10381728627
1.10691786521
1.10934022975
1.10970809109
1.10787136665
1.10475758949
1.10184071222
1.1002221155
1.10020745017
1.10144664915
1.10297954973
1.1041210795
1.10470998031
1.10534855769
1.10683481054
1.10966734435
1.11357048748
1.11749080507
1.12024725916
1.12074285382
1.11914770257
1.11661387849
1.11492315603
1.11544027924
1.11843891403
1.12269140481
1.12642113918
1.1277750931
1.12601383079
1.12189988623
1.11741304842
1.11448319017
1.11427673315
1.11630588303
1.11896571828
1.12014978181
1.11822806652
1.11315506102
1.10641041017
1.10045634682
1.09718670077
1.09732962784
1.10019127425
1.10377732386
1.10607910156
1.10574495909
1.10306726241
1.09951245775
1.09698461174
1.0968863228
1.09923149126
1.10297857414
1.10631799407
1.10771806269
1.10670931993
1.10410958904
1.10131825688
1.09969637037
1.09966286813
1.10064054152
1.10137471536
1.10058687433
1.09772078967
1.09355421347
1.08953412907
1.08713739918
1.08706063457
1.08902530405
1.09170458523
1.09340206186
1.09284424312
1.08997246647
1.08589807902
1.08226508291
1.08045335761
1.0809331882
1.08316346125
1.08579478055
1.08727898422
1.08656769281
1.08382988667
1.08017291066
1.07703244519
1.07539950484
1.07546379079
1.07673253549
1.07811459027
1.07881337171
1.07846810855
1.07759589811
1.07688314527
1.0770365111
1.0781455502
1.07950910094
1.08018566386
1.07923091993
1.07634124395
1.07219778981
1.06799242959
1.06498696293
1.06380067279
1.06433252846
1.06577115005
1.06705462627
1.0673599483
1.06667842135
1.06564916803
1.06538977319
1.0667343682
1.06969215205
1.07347009335
1.07672003213
1.07805197766
1.07693826882
1.07383148917
1.07010877048
1.06730139677
1.06643499036
1.06758957655
1.07004410083
1.07244120298
1.07362919996
1.07318806901
1.07162541952
1.07025773899
1.07016535261
1.07196153208
1.07536589469
1.07934063427
1.08234101115
1.0831648944
1.08151134391
1.07829767223
1.07506365046
1.0733142957
1.07364228399
1.07594127053
1.07935399389
1.08263789945
1.08487234412
1.08576019281
1.08579529345
1.08575829716
1.08630061009
1.08730289999
1.08822073063
1.08810257539
1.08626004624
1.08280640018
1.07874317989
1.07562956279
1.07457914298
1.07614032201
1.0796139594
1.0836946488
1.08669554631
1.08736670574
1.08564202782
1.08256168402
1.07993573007
1.07926515195
1.08107953571
1.08473168776
1.08871523788
1.09115791293
1.09066290225
1.087006395
1.0814789553
1.07618405528
1.07303526798
1.07290491262
1.07519640853
1.07825303179
1.08014412841
1.07935858627
1.07588083254
1.07117678959
1.06748681898
1.06690454951
1.07016877408
1.07657596062
1.08387916978
1.08925079613
1.09028677672
1.08606684969
1.0777185924
1.06785562633
1.05939921932
1.05437305406
1.05348428101
1.05577689243
1.05935994984
1.06212681262
1.0627170813
1.06126382836
1.05924229464
1.05855868147
1.06060441941
1.06561403509
1.0724430284
1.07885265864
1.08256283723
1.08204237771
1.07749667833
1.07077006508
1.06447929975
1.06093523408
1.06150442478
1.06599411517
1.07285426308
1.07951710492
1.08361184741
1.08392594939
1.08081155433
1.07592845751
1.07115945724
1.06815743407
1.06760642797
1.06919372553
1.07184384216
1.07416508433
1.07510307995
1.07443197372
1.07267701813
1.07073859814
1.06938293475
1.06894789229
1.06923513974
1.06970597052
1.0699020603
1.06966738375
1.06934943363
1.06970017244
1.07126674685
1.07423273117
1.07815032847
1.08177201389
1.0838387339
1.08319583152
1.07960155912
1.07387439059
1.06760827555
1.06257392284
1.05998267043
1.06039708581
1.06321361268
1.06720088422
1.07062644501
1.07215196803
1.07121298638
1.06820884229
1.06410187379
1.06009531246
1.05697366286
1.05517711172
1.05444646098
1.05436139232
1.05449165317
1.05459029257
1.05491605368
1.05575539568
1.0574466888
1.05986758698
1.06253173126
1.06449976038
1.0647680036
1.06277351916
1.05866784296
1.05346690986
1.04847995695
1.04515268702
1.04432581733
1.0462527563
1.05030926736
1.05520585005
1.05947515595
1.06184511785
1.06182484308
1.05976782396
1.05655949941
1.05319609967
1.05038601086
1.04833470961
1.04700819103
1.04601458386
1.04495577203
1.04377687196
1.04261931188
1.04190528634
1.04198556746
1.04298531811
1.04468955798
1.04643929354
1.04754837143
1.04733489235
1.04566344253
1.04289921206
1.03980807761
1.0371499133
1.03536960581
1.0344271398
1.03388112261
1.03306475518
1.03123046397
1.02822327259
1.02428352658
1.02034582447
1.01737477942
1.01610419087
1.01682867067
1.01921268306
1.02249060655
1.02561423251
1.02763389758
1.02813835576
1.02740303541
1.02628481758
1.02583381029
1.02683325973
1.02946233198
1.03340763079
1.0376110876
1.04091976099
1.04226297559
1.04132409629
1.03864851726
1.03526325752
1.03249674761
1.03129677507
1.03199583972
1.03441914255
1.03765759788
1.0404788896
1.04188899279
1.041354714
1.03915193207
1.03615768251
1.0333123161
1.03138157379
1.03054733921
1.03063238506
1.03091362214
1.03059263214
1.02911840412
1.02647548467
1.02318902815
1.02003970383
1.0178648184
1.01710231718
1.01789302199
1.01977300697
1.02210856294
1.02400814956
1.0248602127
1.0244498114
1.02312943381
1.0215641249
1.02048057607
1.02031561763
1.02125016177
1.02302494802
1.02516102006
1.02706985343
1.02832046846
1.02870070413
1.02835487946
1.02762356492
1.02685833176
1.02623803974
1.02570449353
1.0250722977
1.02411975197
1.02277252025
1.02125234101
1.0200463437
1.01969114032
1.020653269
1.02312580756
1.02694027887
1.03148611294
1.03599989443
1.03965165833
1.04190314539
1.0426915015
1.0424533305
1.04206870957
1.04223183712
1.04349216501
1.04578985488
1.04886821538
1.05186558012
1.0540288775
1.05473741944
1.05383480826
1.05179746973
1.04941283715
1.04753689351
1.04670336907
1.0469705319
1.04799265285
1.04909880279
1.04949422919
1.04863576159
1.04652396488
1.04354051761
1.0404886192
1.03809044161
1.03670041723
1.03624853083
1.0361225423
1.03555952768
1.03371153375
1.03007539261
1.02475086655
1.01847036431
1.01248644216
1.00793298713
1.00554724186
1.00553491352
1.00752206729
1.01062819295
1.01382821991
1.01615550981
1.01698385615
1.01636315651
1.01485423783
1.01339522546
1.01283073
1.01357646746
1.01564753004
1.01849171893
1.0213200699
1.0232364028
1.02374613419
1.02273640235
1.02077901346
1.01883055145
1.01789744397
1.0186671547
1.02132942991
1.02549173879
1.03020390936
1.03436736428
1.03693014804
1.03735709302
1.03576903424
1.03284995561
1.02955254383
1.02685122967
1.02529433901
1.02501210263
1.02577416664
1.02698924731
1.02795497186
1.028229461
1.02781232634
1.02707315792
1.02662142764
1.02710090597
1.02875407697
1.03159167368
1.03494923723
1.03798933822
1.03970676405
1.03931595733
1.03665774146
1.03229097728
1.02724578829
1.02269321928
1.01960678259
1.01838660251
1.01903461569
1.02101973772
1.02346604091
1.02543974028
1.02622646513
1.02562275702
1.02393449507
1.02192432319
1.02035331263
1.01983202951
1.02057699908
1.02246951707
1.02497306034
1.02739427607
1.02909878778
1.02961619825
1.02902952201
1.02784933699
1.02672349094
1.02630463576
1.02691853601
1.02848051745
1.03056416131
1.03247261346
1.03352979699
1.03318147105
1.03139144014
1.02843853821
1.02522464869
1.02251216512
1.02109919571
1.02126915838
1.02292402708
1.02549337659
1.02825057502
1.03026781612
1.03101192559
1.03015142597
1.02798874077
1.02520698202
1.02248222671
1.02055888746
1.01974115979
1.01999313314
1.02104702278
1.02235373235
1.0233630912
1.02372890612
1.02341888302
1.02273474307
1.0221651316
1.02217500272
1.0231667572
1.02506978887
1.02756566477
1.03013728304
1.03203357704
1.03274252469
1.03201231866
1.03007843032
1.02754465246
1.02517008632
1.02361504246
1.02329049401
1.02431552747
1.02650928793
1.02933452534
1.03215080729
1.0342826407
1.03535039058
1.03520135173
1.03411978221
1.03256302521
1.03111646762
1.03005062878
1.02952280073
1.0293125034
1.02909698081
1.0285856189
1.02761000863
1.02625746907
1.02483770816
1.02386080254
1.02382778109
1.02510234251
1.0276426926
1.03120555271
1.03504978663
1.03842434585
1.04053746946
1.0409771027
1.03972668493
1.03733903166
1.03482768282
1.03318410744
1.03313151699
1.03506101857
1.03883992039
1.04377568912
1.04899453679
1.05342011904
1.0561317697
1.05669328462
1.05521832204
1.05252442997
1.04969319851
1.04770474477
1.04733895945
1.04879641195
1.05184003646
1.05581528754
1.05980210624
1.06293033026
1.06461556528
1.0647155812
1.06373775123
1.06253299701
1.06182677993
1.0622566963
1.06393632417
1.0664644714
1.06915569416
1.07096420006
1.07080695059
1.06818510275
1.06302120906
1.05608633094
1.04861111111
1.04182781836
1.0366622714
1.03356148625
1.03236255314
1.03244408201
1.0328407225
1.03246810642
1.03047737063
1.02648071321
1.02084307764
1.01457548537
1.00884472906
1.00484786266
1.00338308458
1.00458519637
1.00799724826
1.0127384847
1.01742211291
1.02073596403
1.02156045265
1.0193598425
1.01453540218
1.00808140392
1.0014309076
0.995922380636
0.992363782511
0.991216776815
0.992209428882
0.994558802361
0.997185550559
0.998770851624
0.998319278174
0.995258697327
0.989817123857
0.982740725364
0.975199527047
0.968273588793
0.962877234105
0.959489828678
0.95815631729
0.958536585366
0.959997681025
0.961715426686
0.962975798533
0.963314121037
0.962658227848
0.96126416288
0.959441163762
0.957619763944
0.956087475612
0.954851020109
0.953831128474
0.952758250923
0.951320822376
0.94934025912
0.94684957539
0.944137037909
0.941687055808
0.940061726615
0.939675174014
0.94079661695
0.943416227366
0.947120796652
0.9513568719
0.955371119709
0.958435353837
0.95987125109
0.95950306064
0.957631705557
0.954825032844
0.95210909306
0.95023592509
0.949940335865
0.95145800087
0.954756785029
0.959292811222
0.964364665311
0.969048540222
0.972410687481
0.973814557535
0.973084259287
0.970456607197
0.966662651328
0.962626897853
0.959116219516
0.956715090424
0.95577184782
0.956259248298
0.957900670504
0.960153667471
0.962449174839
0.964311420345
0.965419858795
0.965824040398
0.965687158224
0.965348467105
0.965028667487
0.964954954955
0.965037277537
0.965224460302
0.965084725321
0.964365457727
0.962814403764
0.960296198188
0.956936650362
0.953139952153
0.94931425164
0.945881582473
0.943119211412
0.941215106732
0.940104322801
0.939695162359
0.939734979125
0.940021843335
0.94042126988
0.9407079914
0.941032829882
0.941601462961
0.94264837459
0.944376728008
0.94687397806
0.949962703267
0.953252215713
0.956256820662
0.958330783822
0.958947173766
0.95777262181
0.954787069658
0.95038250023
0.945233821158
0.940242398725
0.936265762551
0.933911350969
0.933417528195
0.934699517817
0.937444543035
0.940963927377
0.944528324677
0.94739732715
0.94891498125
0.948745608087
0.947112723695
0.944439353676
0.941379414702
0.938639088729
0.936754425108
0.935966575797
0.936314041746
0.937455303933
0.938953313705
0.940366415918
0.941190869592
0.941221726419
0.940583685167
0.939613600762
0.938894987194
0.939059008274
0.940437746681
0.943170695536
0.947178836104
0.951942378085
0.956845193989
0.96098158044
0.963537275683
0.963979000395
0.962147323471
0.958558558559
0.953996042016
0.949611348033
0.946453199017
0.945157456922
0.946105312813
0.949169454716
0.953809607602
0.959190278636
0.964172563882
0.967651447329
0.968584656085
0.966520622451
0.96171191622
0.95508231385
0.947885673068
0.941408232099
0.93670173359
0.934393872441
0.93460962504
0.937068687047
0.941169535487
0.945969201555
0.950399377749
0.953495385729
0.954513730845
0.95334611522
0.950523050724
0.947024079964
0.943884155703
0.942020751727
0.942066464538
0.94418122594
0.948190667811
0.953520792549
0.959327290076
0.964418688446
0.967705845
0.968323453412
0.965964837442
0.960991936711
0.954372047959
0.947385817308
0.941179974387
0.936693536481
0.934459400018
0.934573706808
0.936764662949
0.940551146514
0.945087641773
0.949539922826
0.952987618877
0.954931102954
0.955232891599
0.954225671065
0.952540127082
0.951055029373
0.950464949928
0.95119637086
0.953524788749
0.957284132841
0.962101712967
0.967320844484
0.972149017729
0.975765806549
0.977544136862
0.977166580176
0.974902176571
0.971380625477
0.967420677091
0.96402291918
0.96177676674
0.961229708034
0.962533293874
0.965522335145
0.969790218067
0.974622607869
0.979250754926
0.982966173107
0.985230024213
0.985784581739
0.984739322085
0.98267544525
0.980120245325
0.977766427305
0.97618549616
0.975688865084
0.976501693304
0.978522132318
0.981476502047
0.984875364585
0.98812948551
0.990767543191
0.992353570882
0.992961410166
0.992707411589
0.992021841347
0.991389691715
0.991246676426
0.991835159289
0.993252641236
0.995380925591
0.997858672377
1.00020975668
1.00184468368
1.00210487783
1.00064462658
0.997354578732
0.992546469542
0.986849315068
0.981002559085
0.97582659372
0.97181567037
0.969348212465
0.968455265678
0.969023334205
0.970694899392
0.972962590863
0.975413513594
0.977339424561
0.978522179511
0.978725358149
0.978134734013
0.977090214855
0.976090604027
0.975507306395
0.975703175253
0.976632262554
0.978307963375
0.980274194481
0.982164159562
0.983411139493
0.983598291612
0.982374768089
0.979717123082
0.975927209183
0.971506635441
0.967267849158
0.963842609004
0.961821109647
0.961436672968
0.962656924995
0.965279995355
0.968712605434
0.972305609512
0.975364041605
0.977209344169
0.977300169041
0.975389738157
0.97173433296
0.966702761234
0.96109518691
0.955773446294
0.951449168751
0.94862702576
0.947633552015
0.948339158272
0.950481308687
0.953622499034
0.95717107626
0.960436849389
0.962832232178
0.964015322897
0.963643471462
0.961858322364
0.959040513628
0.955701249225
0.952504038772
0.950070241161
0.948828102168
0.948833401555
0.950166988926
0.952432718298
0.955256875055
0.958042578356
0.960238391745
0.961308727824
0.960836830045
0.95867694781
0.954932175155
0.950096482114
0.944870239399
0.939945780292
0.936070381232
0.933726325619
0.933164792375
0.934341678257
0.936998755031
0.940746541373
0.944811719137
0.948583482261
0.951366974371
0.952591449847
0.952026443525
0.949709518844
0.946132145509
0.941889619775
0.937794147739
0.934464192671
0.932394042871
0.931825313062
0.932815213369
0.935079759153
0.938201763202
0.941667391115
0.944745236911
0.946917808219
0.947598123627
0.946608002854
0.943968710184
0.940017062336
0.935341938868
0.930475421186
0.926005377267
0.922328716476
0.91976044505
0.918351101635
0.918037468586
0.918644749698
0.919930575644
0.921570909091
0.923193738683
0.92455093324
0.925443856211
0.925799386772
0.925654023189
0.925187467302
0.924681579482
0.924294243812
0.924260423608
0.924717473196
0.925768115942
0.927279053584
0.929091594859
0.93092630784
0.932330170557
0.932889628397
0.932264963525
0.930222300635
0.92680841025
0.922297995454
0.917128537736
0.912042745582
0.907648791299
0.904569115095
0.903137007513
0.903488537662
0.905518513264
0.908853501377
0.91302735545
0.917340391864
0.921213355049
0.923999647194
0.925353658175
0.925125882668
0.92340450877
0.920709673598
0.917530009098
0.914445799222
0.912016550773
0.910498403285
0.910043742544
0.910617859376
0.912018270054
0.914002300173
0.916219741992
0.918322037859
0.919910685431
0.920778072502
0.920681724362
0.919691483411
0.917874963311
0.915520973498
0.913048549351
0.910806723667
0.909114651345
0.908227389882
0.908231962784
0.909187849444
0.911061285501
0.913725827739
0.91697020105
0.920444750905
0.923731502582
0.926395497273
0.927997897749
0.928332354668
0.927283972433
0.924965411675
0.921782961639
0.918130015118
0.914483909965
0.911287794591
0.908707944586
0.906884415036
0.905776275007
0.905289401366
0.905183999085
0.90519011132
0.905226847521
0.905024473669
0.904533333333
0.903655174458
0.902357598676
0.900710677787
0.898728640579
0.896526751832
0.894243795578
0.892124173613
0.890312203808
0.889048577177
0.888527421909
0.888930549146
0.890195625163
0.892209672748
0.894536582532
0.896765915255
0.898352775661
0.898924097273
0.898260379931
0.896373211151
0.893490242812
0.890091590341
0.886804733728
0.884183943149
0.882731508445
0.882725328092
0.884160552438
0.886777263448
0.89018725295
0.89384208538
0.897145539355
0.899508206435
0.900531692455
0.900048039392
0.898081895256
0.894984702142
0.891230374306
0.887359458898
0.883905402218
0.881324099073
0.879852558289
0.879622597418
0.880489371642
0.882234421538
0.884553605327
0.887093947184
0.889597099585
0.891708174626
0.893287840461
0.894019167061
0.893808999136
0.892619461598
0.890482359676
0.887761878887
0.884684901795
0.881720752006
0.879270462633
0.877530067468
0.876694829138
0.876807836358
0.877823379158
0.879677224823
0.882196838583
0.88528019057
0.88874897505
0.892418879056
0.896102740539
0.899464445106
0.902147686992
0.903913742777
0.904530840676
0.904091653028
0.902728598209
0.900853988752
0.898911491792
0.897330839346
0.896510905271
0.896583210604
0.897682322951
0.89960038503
0.902109704641
0.904828469917
0.907405240992
0.909503328816
0.910866076205
0.911339649796
0.910938018899
0.909705178317
0.907807434787
0.905498022403
0.902824892678
0.899997017507
0.89709762533
0.894319020215
0.891739987641
0.889518996268
0.887906730882
0.887045628046
0.887149820873
0.888222849083
0.890079481896
0.892292694455
0.894321016989
0.895594700482
0.895556559723
0.893913676043
0.890605516864
0.885873199198
0.880390733684
0.874763889305
0.869690317988
0.865733403768
0.863211802019
0.862184776629
0.862672491104
0.864409238626
0.867176329842
0.870659773221
0.87447525572
0.878309708478
0.881745771308
0.884320766008
0.885724574618
0.885586968958
0.883885396518
0.880634593217
0.876296499072
0.871302495435
0.866310485095
0.861968004829
0.858691096342
0.856719074459
0.856096269272
0.856666276484
0.858128050028
0.860182281745
0.862464605946
0.864784458394
0.866898808273
0.868707647628
0.870174904943
0.871037617842
0.871155901664
0.870336447457
0.86831187847
0.865078155946
0.860811098604
0.855863785359
0.850793650794
0.846237108753
0.842774808135
0.840914482268
0.840851465299
0.842598853447
0.845870857614
0.850186379504
0.855020140236
0.859817310301
0.863954692162
0.867124927118
0.868986346966
0.869549127244
0.868838840687
0.86712429517
0.864644677021
0.861759698407
0.858697959307
0.855936563663
0.853634221497
0.852101853247
0.851411411411
0.851553853977
0.852399403875
0.853801517631
0.855503903689
0.857301149976
0.858941457082
0.860367229915
0.861599161581
0.862541993281
0.863314757999
0.863779131855
0.8637863315
0.863023153668
0.861345852895
0.858654926939
0.855020092832
0.850846930847
0.846540022932
0.842794085872
0.840187978008
0.839179856994
0.839870971669
0.842052497266
0.845212733581
0.848889160903
0.852333045303
0.855090529465
0.856756501777
0.857242339833
0.856671216787
0.855122105931
0.852850101112
0.84987741246
0.846298149075
0.842167512216
0.837597295872
0.832874849318
0.828283761315
0.824291621994
0.821311176041
0.819640914037
0.81927457403
0.82000659097
0.821453204186
0.823169445031
0.824667031564
0.825723591225
0.826221877424
0.826251446081
0.825976390807
0.825436722383
0.824690196078
0.823531252934
0.821805685723
0.819424505337
0.816508609933
0.813232361007
0.810074267425
0.807458213613
0.805747020801
0.805229471896
0.805735068683
0.807021213027
0.808689683984
0.810277153558
0.811587632605
0.812490447223
0.813087580406
0.813694267516
0.814437847517
0.815224237843
0.815656883739
0.815143225482
0.813159216474
0.809449164498
0.804158577065
0.797830775482
0.791427859457
0.785906767849
0.78203393999
0.78024759117
0.780337197687
0.781780937462
0.783774027615
0.78571213263
0.787148351149
0.788103070175
0.788936874024
0.790129534476
0.79217611461
0.795106844224
0.798526943875
0.801635608827
0.803470021648
0.803342267066
0.800822524518
0.796050757887
0.789784013874
0.783071433043
0.776988900601
0.772300325373
0.769289301476
0.767850116529
0.767491016698
0.767783248256
0.768236967111
0.768633869843
0.769074355083
0.769749430524
0.770851704321
0.77247919017
0.774338859437
0.776066423853
0.77716562393
0.777230518258
0.776133997855
0.7739611313
0.771064581231
0.767946787149
0.764964459409
0.762365191521
0.760127109493
0.758246153846
0.756628060582
0.75522159178
0.754136465119
0.75353227771
0.753703086663
0.754643029426
0.756323498451
0.758385018366
0.760467086157
0.762139917695
0.763131996556
0.763418188583
0.763149684907
0.762547355897
0.761815159783
0.760866154088
0.759484924623
0.75733467501
0.754100424996
0.74979540447
0.74460205875
0.73917381138
0.734265518412
0.730647227475
0.728758367002
0.728625646236
0.729946762633
0.732118437481
0.734466308885
0.73646382367
0.737881885975
0.738897096512
0.739915458937
0.741420494059
0.743669062566
0.746583282489
0.749723008741
0.752496500233
0.754205049203
0.754413769058
0.753031026253
0.750294126999
0.746795379016
0.743130227001
0.739850093691
0.7371559918
0.735153034382
0.733685250355
0.732586068855
0.731845804432
0.731536651694
0.73183117436
0.732945595541
0.73501119245
0.737907625167
0.741380360624
0.745038495752
0.748446917014
0.751306945482
0.753410086347
0.754728243795
0.755322168606
0.755163456665
0.754298815438
0.752489194814
0.749670449796
0.745661762339
0.7404803185
0.734455710733
0.727949996843
0.721528471528
0.715658703915
0.710636862601
0.706668293576
0.703882757153
0.702174110798
0.701441566684
0.701564851038
0.702364186618
0.703630658897
0.705265046192
0.70706797633
0.708776394317
0.710317581845
0.711499164035
0.712197407465
0.712468592965
0.71219036228
0.711322358274
0.709787019851
0.707527287597
0.704521854055
0.700818124607
0.696648974593
0.692288463942
0.68795886125
0.683934807916
0.68034276025
0.677257875963
0.674624910693
0.672531450273
0.670896960712
0.669860859762
0.669425901202
0.669620628334
0.670286424429
0.671200473093
0.672028676383
0.672484660749
0.672425708362
0.671727907683
0.670583542983
0.669223156853
0.667888654157
0.666656293761
0.665349184613
0.663699184461
0.661347628249
0.65813968016
0.654066401727
0.649408746793
0.644615480494
0.640174348512
0.636497064579
0.633783661257
0.631989947042
0.630875274823
0.630273246692
0.630038146494
0.630184774575
0.630697427111
0.631763630466
0.633361782277
0.635350177957
0.637526903912
0.639655939493
0.641476116365
0.642934914106
0.64399376928
0.644754254763
0.645174258589
0.645209302326
0.644690237992
0.643444409841
0.641404517197
0.638685216519
0.63559907111
0.632484256039
0.629678102895
0.62734012975
0.625363138742
0.623515871093
0.621715076072
0.619747396145
0.617813861859
0.61616342088
0.615097026883
0.614844326398
0.615334994869
0.616254664179
0.6172154253
0.617769376181
0.617848167845
0.617569994406
0.617348453363
0.617687522431
0.618811285568
0.620529241179
0.62226670306
0.623202096538
0.622834718092
0.620840792642
0.617489053815
0.613509553942
0.609667862155
0.606699636092
0.604624527951
0.603146261121
0.601592893246
0.599383808187
0.596250835511
0.592448152851
0.588595622016
0.58564835492
0.584159584514
0.58429960178
0.585664335664
0.58740689013
0.588773606901
0.589234547687
0.588714880638
0.587706411236
0.586891319689
0.586838155223
0.587794369356
0.589352483827
0.590907730524
0.591829946783
0.591569945021
0.590053887606
0.587525150905
0.584512725016
0.581349822882
0.578245046502
0.575220411851
0.572039319707
0.568618266979
0.564896203479
0.56102478211
0.557279162819
0.553847561534
0.550808767952
0.548164380272
0.545753097477
0.543630743625
0.54189464967
0.540781236223
0.540449864341
0.540992151979
0.542192270031
0.543670067538
0.545027926527
0.546038358066
0.546679471509
0.547226123596
0.5479777954
0.549199152043
0.550734903489
0.552148148148
0.55290224488
0.552453646663
0.550621023932
0.547593648084
0.543929346331
0.540267431921
0.537043234856
0.534343740527
0.5318698597
0.529250015108
0.526131245655
0.522556277383
0.518786344873
0.515303066603
0.512602796663
0.510821619714
0.509783337707
0.509042954032
0.508200508201
0.507057264662
0.505703531305
0.504509921828
0.503992243641
0.504489401603
0.50591506142
0.507826482202
0.509670241899
0.510944716987
0.511483640141
0.511450602968
0.51133222775
0.511519257161
0.512162915579
0.513134954641
0.513934841575
0.514105263158
0.513361207053
0.511656217664
0.509328130716
0.506676422169
0.504025372042
0.501420584731
0.498697397861
0.495725707257
0.492380160709
0.48882269852
0.485329103886
0.482217857682
0.479677960014
0.477705492677
0.47616371917
0.474816322918
0.473558683234
0.472361514325
0.471434395201
0.470958247973
0.470988589894
0.471454147603
0.472056029716
0.472581149007
0.472827790602
0.472843176491
0.472837598031
0.473105973907
0.473842281399
0.474934793201
0.476259117249
0.477463846131
0.478320978939
0.478747735171
0.478726267006
0.478358679025
0.477716379362
0.476717603177
0.475330635908
0.473492328726
0.471237990331
0.468801919882
0.466477605499
0.464436175774
0.462611248738
0.460846303502
0.458845246021
0.456483662499
0.453840115928
0.451275086766
0.449281907687
0.448181872641
0.447942680461
0.448177206229
0.448259697644
0.44773986585
0.446424936757
0.444631359128
0.443008701182
0.442177066544
0.442559532338
0.443898397097
0.445691920923
0.447149813807
0.447849230327
0.447646021791
0.446989244194
0.44640004647
0.446296619538
0.446789258611
0.447577092511
0.448141016146
0.448220161532
0.447591469852
0.446563959483
0.445413917855
0.444353145257
0.443353658537
0.442101074413
0.440242663136
0.437575532212
0.43421584793
0.430642401618
0.427243718826
0.424393547593
0.422044738211
0.419956708637
0.417737319613
0.415254495117
0.41261797105
0.410168264881
0.408196770246
0.406860142748
0.406026661999
0.405360812806
0.404538115558
0.403541096876
0.402662373135
0.402344309747
0.40290127679
0.404201109727
0.405747741155
0.406862882635
0.407056315908
0.406300892907
0.405065782076
0.404194899767
0.404412591343
0.40583338021
0.407993902955
0.410080736866
0.411320646402
0.41136910456
0.410400233713
0.409169626347
0.408364481855
0.408308482683
0.408792514481
0.409281814364
0.409168236223
0.408318976126
0.406848123291
0.40534375
0.404190679028
0.40350547142
0.402903925328
0.401894238358
0.400171488456
0.397683028021
0.394986731464
0.392694209603
0.391296067041
0.390701931574
0.390547420024
0.39012539185
0.389064505023
0.387383731818
0.385539550478
0.384196101377
0.383735123589
0.384063455542
0.384738157617
0.385160496051
0.385048689139
0.384422485596
0.383707131838
0.383429445687
0.383777946413
0.38446579398
0.385081112399
0.385257785768
0.384968478545
0.384666821723
0.38481416957
0.385747392816
0.387212498192
0.38858467333
0.389173457509
0.388679024276
0.387324773236
0.385954541424
0.385332780673
0.385819766925
0.386923008244
0.387780174997
0.387477313975
0.385609137831
0.382634380481
0.379622478297
0.377638175404
0.377081201749
0.377378468438
0.377455595305
0.376279025565
0.373398920369
0.369248540076
0.365056954917
0.362039170507
0.360681905248
0.360591353215
0.360727668706
0.36016335981
0.358436452694
0.355888595871
0.353477218225
0.352125194426
0.352122455421
0.3530596827
0.354074213955
0.354425600201
0.353773289003
0.352587656474
0.351691387338
0.351729617406
0.352742744264
0.354308957897
0.355725098027
0.356434740299
0.356480358875
0.356298324258
0.356606248509
0.357783500577
0.35966336926
0.361720391913
0.363376762449
0.364257987459
0.364478164765
0.36452717796
0.364796675571
0.365394311475
0.366226111806
0.366981556455
0.367524728516
0.368017057569
0.368791289454
0.37007173953
0.371686042935
0.373100609662
0.373824475896
0.37353888924
0.372438884279
0.371225520147
0.370655371981
0.371054257014
0.372178357304
0.373377053524
0.373922377646
0.373548781316
0.372405999589
0.371157090233
0.370317899102
0.37
0.369918130292
0.369466134332
0.36836097735
0.366779149914
0.36530436034
0.364502444636
0.364518215133
0.364919354839
0.365047770701
0.364225629074
0.362362014767
0.359947433745
0.357908292824
0.356963482641
0.357153068153
0.35793449984
0.358538324421
0.358371395946
0.357313294633
0.355924405436
0.354908835905
0.354713178833
0.355319957178
0.356254521652
0.357076462285
0.35759928542
0.357889344262
0.358293293632
0.358937424628
0.35978853571
0.360494399894
0.360724695284
0.360422390678
0.359936679639
0.359780047133
0.360260734207
0.361219300222
0.362201187229
0.362751397545
0.362681276184
0.362362814719
0.362295029155
0.362957263313
0.364271584455
0.365645500287
0.366499664933
0.366384561134
0.365515243215
0.364577287677
0.364207271908
0.364767539065
0.365862290862
0.366765789644
0.366970684039
0.366362322648
0.365403047229
0.364842454395
0.365056676528
0.365847149481
0.366560349169
0.366552623556
0.36562852552
0.364137171189
0.362894582166
0.362460556885
0.362822611543
0.363428852367
0.363636363636
0.362958694948
0.36157908154
0.360145246479
0.359290341578
0.359208680889
0.359491135672
0.359522740874
0.358858007185
0.357547025539
0.356050439611
0.354926519059
0.354380570583
0.354086895366
0.353564554774
0.352452666113
0.350902584493
0.349508785942
0.348844474707
0.349054178883
0.349707720218
0.350123566827
0.349800602263
0.348846404696
0.347872946153
0.347546421781
0.348038781832
0.348820887142
0.349105136437
0.348267675345
0.346415322581
0.344470398711
0.343575665277
0.344314381271
0.346269011407
0.348316604758
0.349326326603
0.348866687727
0.347507769779
0.346439725172
0.346690892222
0.34836756591
0.350676319299
0.352574381578
0.35337832714
0.353248763544
0.353014802323
0.353488285746
0.354851776837
0.356505331037
0.35758639605
0.357555717939
0.356662901286
0.355770902768
0.355766811631
0.356821749679
0.358299595142
0.359310736066
0.359284195606
0.358537275428
0.357995142726
0.358483969092
0.360054206192
0.361855313257
0.36277220878
0.362210708117
0.36059697377
0.359240958067
0.359422466464
0.361413413141
0.364294699623
0.366530334015
0.366929833555
0.365413533835
0.3632
0.361889294898
0.362320304346
0.364107220933
0.366044612425
0.366884989989
0.366165490437
0.36450544573
0.363140490233
0.362869485357
0.363673441642
0.364793574078
0.365385927796
0.365221553611
0.364768683274
0.364694604218
0.365392533626
0.366406950286
0.367100468506
0.366982087363
0.366165597954
0.365520143052
0.365694658629
0.366801193192
0.36811308118
0.36869744172
0.368015139072
0.366493459953
0.365279770445
0.365316301267
0.36670145011
0.368499203245
0.369500073089
0.368904124737
0.36702995255
0.365098126673
0.364325089392
0.365031615969
0.366528333208
0.367572822937
0.367345524543
0.365882854265
0.364139726453
0.363093104792
0.363094398747
0.363671596931
0.364055557779
0.363824017485
0.363197814297
0.362806026365
0.362996426958
0.363526739624
0.363685986916
0.362971231203
0.361571179448
0.360367420349
0.360230597143
0.361218752703
0.362398081535
0.362518734021
0.360934296158
0.35821197411
0.355942382372
0.3555198188
0.357058233847
0.359225984796
0.360285446888
0.359123115697
0.356265344437
0.353649670415
0.353089422983
0.354815358278
0.357339064275
0.358541718867
0.357099267697
0.353511568123
0.349958626396
0.34862732887
0.350007827584
0.352609933565
0.354234205317
0.353421681512
0.35047823219
0.347470213356
0.346516039052
0.348165240882
0.350994358653
0.35282146161
0.352120679555
0.34925770391
0.346194163192
0.345044720571
0.346531827017
0.349697605529
0.352582365861
0.353651399491
0.352744078567
0.351086253718
0.350062055
0.350245553491
0.351232060655
0.352151130723
0.352479598242
0.352452010649
0.352753582467
0.353621238938
0.354725401281
0.355289700361
0.354979690086
0.354158725318
0.35381846036
0.354433100484
0.35550398391
0.355842316469
0.354497865829
0.351694915254
0.349179508538
0.349076318649
0.351775544389
0.355713319811
0.358498534735
