1.07106446777
1.07565347274
1.07839630375
1.07677529003
1.07147521951
1.06579786104
1.06323152573
1.06491910711
1.06908720733
1.07260413139
1.0728534843
1.06946386946
1.06492996466
1.06202995436
1.06162127929
1.06262917267
1.06312395362
1.06183734755
1.05929283772
1.05742739579
1.05719176061
1.05833724203
1.05886810048
1.05733918466
1.05381114903
1.05024564538
1.04915514593
1.05121396055
1.05501722653
1.0576953983
1.05701078582
1.05295134342
1.04812091923
1.04550505051
1.0463817266
1.04953928465
1.05235886301
1.05245595957
1.04919386169
1.04462532918
1.04130280859
1.04060487258
1.04189232977
1.04331450094
1.0432786289
1.04169655667
1.04005652961
1.03976281828
1.04118943683
1.04305233308
1.04365638203
1.04199198143
1.03888658081
1.03630349559
1.0357444753
1.03729259732
1.03952694658
1.04077600853
1.04020080794
1.03846302974
1.03738138965
1.03819680811
1.04059275933
1.04306773652
1.04375904688
1.04195186575
1.03868528214
1.03598722687
1.03518978361
1.03618062155
1.03767375092
1.03807035876
1.03692435348
1.03512255238
1.03428765035
1.03531823375
1.03754722659
1.03926535782
1.03878723475
1.03563062914
1.03124285107
1.02797632524
1.02743853576
1.02962443857
1.03301826947
1.03576280289
1.03678204282
1.03619541775
1.03525680885
1.03502957847
1.03577496988
1.03668566148
1.03689064559
1.03610393557
1.03476297968
1.03386947569
1.03395263252
1.03461754864
1.03515520966
1.03489334042
1.03378855663
1.03275281721
1.03272293225
1.0339105967
1.03585703528
1.03744754739
1.03804269332
1.03778852242
1.03767044803
1.03858007077
1.04073841946
1.04341381375
1.04536759458
1.04587155963
1.04520645807
1.04454724578
1.04506768721
1.047091809
1.04992396637
1.05214715103
1.05276186638
1.05190659688
1.05067363764
1.05031048758
1.05117996653
1.05273539479
1.05379636109
1.05339337408
1.0518249883
1.05020602589
1.04977772578
1.05089125775
1.05285574847
1.05431605321
1.05432039418
1.05310829987
1.05194293849
1.05210232106
1.05410271276
1.05708673501
1.05947014142
1.06014150943
1.05922302875
1.05808207181
1.05825914625
1.06059067982
1.06438483479
1.06790962646
1.0695504665
1.06897569615
1.0674620176
1.06679053718
1.06817953273
1.07134852447
1.07470236047
1.07641230662
1.07587099482
1.07409357341
1.07306161271
1.07425005319
1.07778533825
1.08216498207
1.08520294258
1.08568585538
1.08403641208
1.0820956483
1.08169434596
1.08351193833
1.0864422202
1.08867859732
1.08868653633
1.08672708501
1.08447584495
1.08392891267
1.08609906764
1.09013388895
1.09404425156
1.0958489981
1.09502122733
1.09303217395
1.09234466186
1.09465991703
1.10010665854
1.10696982413
1.11271257531
1.11538315414
1.11497336306
1.11297417196
1.11151524242
1.11196462697
1.11430068491
1.11765144177
1.12078703533
1.12335412335
1.12576620754
1.12889493078
1.13289131287
1.13716625133
1.14067050217
1.14231257942
1.14229787829
1.14180472452
1.1422787937
1.14454660423
1.14817218996
1.15196446874
1.15450146528
1.15534177901
1.15513126492
1.15534175185
1.15699340308
1.16039874642
1.16481901963
1.16919175065
1.17280462674
1.17583107528
1.17903671536
1.18292763158
1.18750619732
1.19170829171
1.19451613985
1.1954015261
1.19505725127
1.19498877835
1.19633052096
1.19931479242
1.20298769772
1.20602844118
1.20747625231
1.2076246535
1.2077326119
1.20897726492
1.21169145624
1.21498530852
1.21725884728
1.21738819064
1.21558376001
1.21359539581
1.21357988811
1.21666971303
1.22217710679
1.22805183166
1.23201751076
1.23287723299
1.23141189486
1.22985428539
1.2301724469
1.23307019581
1.23725038102
1.24060120715
1.24131772177
1.23938285351
1.23651897477
1.23520762964
1.23709285173
1.24193289453
1.24785633393
1.25249034357
1.25396438156
1.25273124545
1.25062274006
1.24981026563
1.25144428065
1.25510041441
1.25934486331
1.26261622824
1.26434377713
1.26521280338
1.26646787747
1.2688710112
1.27208141321
1.27483494549
1.27574050657
1.27433493407
1.27152567976
1.26914023092
1.26851303318
1.26994587828
1.27245684906
1.27460398944
1.27542589749
1.27508361204
1.27474193316
1.2753352937
1.2771088642
1.27887877165
1.27906477906
1.27641840166
1.27128210624
1.26550090815
1.26115056818
1.25953006318
1.26009112266
1.26108427268
1.26034693731
1.25683000867
1.25123117034
1.24554024656
1.24174665503
1.24067437098
1.24149634767
1.2424468204
1.24195184253
1.23955736838
1.23657991438
1.23468844985
1.23497288628
1.2369089789
1.23873803781
1.23827296299
1.23415868998
1.22733042443
1.22013726346
1.21516677904
1.21371832552
1.21519642999
1.21757556373
1.21838850418
1.21642982596
1.21204188482
1.20715578997
1.20345744681
1.2017930228
1.20159657321
1.2014318509
1.20013960523
1.19742819743
1.19442115692
1.19253534402
1.19270307652
1.19471100201
1.19735816853
1.19912618483
1.19916675884
1.19783316862
1.19621354998
1.19562715765
1.19629576659
1.1972961404
1.19735340277
1.19529159979
1.19145146928
1.18706722062
1.18423847624
1.18383731211
1.18556591401
1.18770929818
1.18823908837
1.18596781742
1.18136883501
1.17644084934
1.17331693376
1.1730943986
1.17520709625
1.17777366179
1.17880398174
1.17723332077
1.17376503518
1.17049155495
1.16911932034
1.17019574987
1.17260557708
1.17414013232
1.17295548452
1.16863650595
1.16272061989
1.15781256099
1.15593616193
1.15734836703
1.16034543121
1.16222317363
1.16077395291
1.1553975736
1.14804319522
1.14142754255
1.13796731167
1.13808687857
1.14045864046
1.14244876745
1.14174857734
1.13773003886
1.13186534136
1.12657909848
1.12395458913
1.12431819792
1.12642743504
1.12791806463
1.12686225478
1.12291148552
1.11740975169
1.11263176084
1.11024191881
1.11037862838
1.11186652329
1.11251439138
1.11074918567
1.10632405525
1.10078442359
1.09615317302
1.09398799705
1.09447761721
1.09656476296
1.09855907781
1.09902391233
1.09769508065
1.09565629327
1.09425019142
1.09421958978
1.09518555298
1.09579595166
1.09439175566
1.09014274475
1.08376023632
1.07742894297
1.07339179132
1.07291476213
1.0757867928
1.08032798781
1.08444943169
1.08634053138
1.08554044381
1.08288154211
1.07990187489
1.0778224967
1.07688070236
1.07645951036
1.07539452606
1.07307809692
1.069852074
1.06682058489
1.0652412463
1.06574589295
1.06789531152
1.07057654076
1.07224473527
1.07209666145
1.07031926948
1.06811661885
1.06677807487
1.06704248037
1.0686046119
1.07030134004
1.07068977327
1.06910443136
1.06589267821
1.06243503569
1.06043115438
1.06075860863
1.06323498345
1.06665011351
1.06923241547
1.0697715981
1.06808692859
1.06521893659
1.06271456379
1.06173449578
1.06253085984
1.0644660742
1.0662722727
1.06693768837
1.06633770025
1.06514490013
1.06449198952
1.06515284432
1.0669980186
1.06903253912
1.06994714658
1.0688
1.06575242638
1.0620768978
1.05947603667
1.05930716236
1.06174806529
1.06601554844
1.07051513856
1.07369325884
1.07466003317
1.07381458361
1.07225712102
1.07119751892
1.07114544844
1.07179487179
1.07197139025
1.07058946198
1.06732181577
1.06283034058
1.05855462889
1.05601501147
1.05586553457
1.05763299255
1.06032506772
1.0625739542
1.06348930249
1.06321440942
1.06267395114
1.0631081173
1.0651053075
1.0685444753
1.07227993075
1.07490872884
1.07541113795
1.07374942332
1.07092291557
1.06858911698
1.06810442679
1.06987125574
1.07328589909
1.07691311247
1.07926829268
1.0795624229
1.07798448102
1.0754864066
1.07327712491
1.07196597972
1.07152274225
1.07121000466
1.07034501275
1.06857374721
1.06643095125
1.06495102222
1.06521888059
1.06762055445
1.07164086259
1.07591114196
1.0789464528
1.07952452122
1.07776125082
1.07484207635
1.07240851064
1.07183403163
1.07355510753
1.07681494126
1.07999599853
1.08160828025
1.08073225339
1.07789665971
1.07439004686
1.07193275154
1.07159072742
1.07336191451
1.07632043667
1.07896010064
1.08000647564
1.07896017915
1.07651303387
1.07418387959
1.07328489133
1.07449053617
1.0775887894
1.08140159914
1.08440745627
1.08554261855
1.08462896327
1.082350549
1.07983890073
1.07809007789
1.07755517827
1.07789552595
1.07854386504
1.07864133956
1.07798460652
1.07676808382
1.07569972443
1.07544752833
1.07614147072
1.07747846921
1.07865458415
1.07886110933
1.077568
1.07513769939
1.07232236196
1.07024689019
1.06983716233
1.07140370312
1.07457033736
1.0785570115
1.08238782878
1.0852276407
1.08670370009
1.08698768489
1.08646739486
1.08558558559
1.08457184469
1.08362218371
1.08270500318
1.08192754889
1.08151333916
1.0814479638
1.08183306056
1.0821767349
1.0820754404
1.08098905821
1.07871451597
1.07539591837
1.07175424414
1.06853213943
1.06629327258
1.06509730069
1.06442542023
1.06351039261
1.0617071799
1.05895790956
1.05576778557
1.05335127355
1.05282900907
1.05479109332
1.05893983617
1.06424077645
1.06912854587
1.07222958343
1.072788427
1.0710456205
1.06820881732
1.06607260726
1.06571748731
1.0674545694
1.07038219706
1.07297466478
1.07365541788
1.07133460501
1.06619570905
1.05956316028
1.05346617119
1.04961215767
1.04871015265
1.05042330677
1.05354374651
1.05645485778
1.05808666605
1.05789978052
1.0564790212
1.05472805933
1.05368919714
1.05392964887
1.05511194614
1.05647630773
1.05710740646
1.056352
1.05434119724
1.05174075026
1.04958757262
1.04853714872
1.04866461222
1.04949507944
1.05015310234
1.04968863937
1.04777398364
1.04472013849
1.0415725691
1.03951597656
1.03947286241
1.04154265873
1.04513621078
1.04907239332
1.05215788665
1.05361634256
1.0532116833
1.0516103404
1.04974972531
1.04859647515
1.04844937485
1.04915708694
1.05010243993
1.05059886794
1.0501305976
1.04880824429
1.04700922433
1.04536940026
1.04427281973
1.04376868758
1.04326800713
1.04206513106
1.03962150701
1.03582202112
1.03123736038
1.02691148428
1.02380807589
1.02270605595
1.02362722814
1.02594423925
1.02865721335
1.03064405974
1.0311109793
1.02990820255
1.0274458772
1.02452299956
1.02186230014
1.01978041649
1.01828901456
1.01681692621
1.01499479772
1.01255114283
1.00964323125
1.00688764529
1.00499081445
1.00441749939
1.00521623097
1.00698011724
1.00888634515
1.01017559658
1.01015410345
1.00871782707
1.00628930818
1.00366769517
1.00161592844
1.00071672257
1.00108555921
1.00239808153
1.00411710887
1.00573328747
1.00690071595
1.00761465244
1.0079013632
1.00793489318
1.00774310425
1.00705529588
1.00544153309
1.00273370179
0.9988681718
0.994374162822
0.990032926938
0.986753208438
0.985135887889
0.985429112633
0.987128942486
0.989439058172
0.991268382353
0.991771898749
0.99060273117
0.988129476118
0.985233959092
0.982925059985
0.982187656799
0.98328067772
0.986041144851
0.989834454951
0.993577981651
0.996471643
0.997932440303
0.998039330446
0.997210313032
0.996083743117
0.995217853348
0.994911844752
0.994966393273
0.995091516603
0.994878285697
0.993984523288
0.99242949607
0.990430758684
0.988381625442
0.986674895503
0.985609299466
0.985194290024
0.985521857235
0.986479649202
0.988009930599
0.990041305947
0.992402335998
0.995000568117
0.997550136737
0.999656711294
1.00094928516
1.00112863551
1.00002908922
0.997928338002
0.995417931357
0.993101842419
0.991715907774
0.991592041234
0.992614644759
0.994276439433
0.995861560702
0.996585297023
0.995983935743
0.993995755139
0.991145038168
0.988184302791
0.985915880395
0.98485056776
0.985105502689
0.986423454939
0.988292300367
0.990161709827
0.991734359413
0.992919389978
0.994076885477
0.995683701657
0.99807299606
1.00135069115
1.00514101901
1.00884142841
1.01169892473
1.01301226871
1.01249430783
1.01045729467
1.00768109442
1.00514560676
1.00365013965
1.00366845952
1.00508090794
1.00737720831
1.00985262923
1.01174784295
1.01275560709
1.01285040086
1.01239079541
1.01192352891
1.01203293224
1.01290322581
1.01445439739
1.01624163819
1.01782943467
1.01871345029
1.01864456079
1.01779174717
1.01652067224
1.01524863751
1.01442455816
1.01410649568
1.01417945789
1.01429888011
1.01411058434
1.01336378246
1.01212086885
1.01051494828
1.00897845172
1.0078915766
1.00743483752
1.00770229338
1.00855543633
1.00987704679
1.01147847421
1.01330726355
1.01533724511
1.01766774268
1.02026660577
1.0230125523
1.02569352893
1.02793982192
1.02934291924
1.02968584342
1.0289104699
1.02728064507
1.02544069948
1.02406227884
1.0238135834
1.02491936174
1.02721010333
1.03021811353
1.0331859694
1.03540081919
1.03632786115
1.03576256244
1.03402098107
1.03169978439
1.02941006362
1.02769248429
1.02671266072
1.02633595369
1.02613102316
1.02560402874
1.02445167681
1.02259983008
1.02035147392
1.0182210365
1.01672830725
1.01619676065
1.01660967269
1.01774702527
1.01902427638
1.01988427762
1.01990035084
1.0188050815
1.01678453006
1.01417717097
1.01158935624
1.00930870049
1.00759486496
1.00640483043
1.00563809094
1.005
1.00439566672
1.00381733755
1.00331826764
1.0030140368
1.00290798111
1.00280184864
1.00231991648
1.00099070486
0.998506151142
0.994732350431
0.98987722819
0.984683036241
0.98011881654
0.977125996903
0.976315256102
0.977601238958
0.980293465279
0.983297063562
0.98540433925
0.985488461213
0.983106867426
0.978329314991
0.971989513877
0.965537968343
0.960370146852
0.957544993078
0.957459123137
0.959588921791
0.962912287852
0.966078459968
0.967900081709
0.96762348827
0.965176730272
0.961102762686
0.956500502801
0.952537432849
0.950108151184
0.949678922544
0.951049547756
0.95350496632
0.956077688843
0.957896863186
0.958327287501
0.957281157054
0.955070979072
0.952355790401
0.949711629002
0.947660189308
0.946297226243
0.945551875074
0.945162530687
0.944774224034
0.944315272096
0.943839306629
0.943653773393
0.944092369129
0.945438824038
0.947657847004
0.950444470099
0.9532311444
0.955357142857
0.956208261923
0.955497928403
0.953402544407
0.950576755112
0.947885583386
0.946338820838
0.946461797011
0.94845638387
0.951968973747
0.95629651682
0.960410164958
0.963472893979
0.964797489342
0.964366899891
0.96256731703
0.960169068655
0.958176912248
0.957156710058
0.957438638982
0.9589114512
0.960999518884
0.963124962031
0.964679573582
0.965263449635
0.96500585805
0.964243989424
0.963687492358
0.96386090545
0.965199313025
0.967606604537
0.97069454817
0.97375962744
0.976089425548
0.977113414415
0.976515106012
0.974564281629
0.971737097699
0.968894531604
0.966686874811
0.965413396605
0.965204374656
0.965661153221
0.966235366605
0.966399011736
0.965677036671
0.964017020227
0.961664874827
0.959118150685
0.95708585874
0.95607368677
0.956242582844
0.957465012528
0.959238294469
0.960890735974
0.961740435109
0.961353416559
0.959718629739
0.957196479828
0.954448219454
0.952260125928
0.951164748807
0.951494624324
0.953199144
0.955990447539
0.959217269762
0.962270024593
0.964558699654
0.965630370255
0.965540963102
0.964519257845
0.963038371182
0.961474457597
0.96015509252
0.959093789607
0.958170059575
0.957124116085
0.955856895557
0.954261754633
0.952374888578
0.950479737407
0.948870912328
0.947734437782
0.947261974075
0.947233653406
0.947474193843
0.947532372343
0.947171087003
0.946115948316
0.944310759711
0.942007996726
0.939612609191
0.937515866971
0.936137121092
0.935549288634
0.935707064325
0.936248583302
0.936764844265
0.936925673564
0.936508925512
0.935486876844
0.934126541489
0.932924942763
0.932328733214
0.932698570232
0.934199862851
0.93658919598
0.939501553681
0.942209123526
0.944182135696
0.944768293874
0.943805541035
0.94147981331
0.938383083769
0.935224891182
0.932772571721
0.93154601188
0.93162906951
0.932846207376
0.934696339566
0.936587080896
0.937856567284
0.938141984137
0.937227949599
0.935581410636
0.933658022904
0.932134875772
0.931454783748
0.931894609684
0.933250886842
0.935082648654
0.936828785568
0.937674388424
0.937043647574
0.934622497648
0.930569511523
0.925314694366
0.919670542636
0.914405549282
0.910120699671
0.907079789126
0.905289132764
0.904424721008
0.904109139803
0.903841722356
0.903320473505
0.902345036559
0.900981003314
0.899487815222
0.898258924229
0.897577341205
0.897602574417
0.898305630718
0.899423985503
0.90065534218
0.901631793657
0.902031063321
0.901774080385
0.900978814696
0.89986599665
0.898879028491
0.898312949521
0.898331852729
0.898979992154
0.899954421149
0.900946310689
0.901570441809
0.901371118165
0.90027317908
0.898317992186
0.895730022964
0.893015798791
0.890666309695
0.889011651266
0.888267969482
0.888380022732
0.889215457066
0.89038352415
0.891513998732
0.892355433948
0.892643869892
0.892367710313
0.891813547463
0.891216036228
0.890998101708
0.89136453087
0.892432812343
0.894021464859
0.895918712955
0.89775518559
0.899134555945
0.899810181191
0.899723279142
0.898938927868
0.897782063645
0.896748997979
0.896144151509
0.896330710798
0.89738989133
0.899138574239
0.90141181285
0.903731728289
0.905761345472
0.907207808166
0.907896600567
0.907857727774
0.907217230067
0.90635451505
0.905480033985
0.904780329945
0.90440893675
0.904254578372
0.904144357138
0.903841465538
0.903159220516
0.902003591676
0.900379472994
0.898507782379
0.89664573991
0.895075716701
0.894009713977
0.893553600287
0.893634541028
0.894113449875
0.89462266164
0.894957237659
0.894777892013
0.894053824061
0.892741792369
0.891057083955
0.889173697889
0.887498217087
0.886051992572
0.884944045193
0.884064714725
0.883105251845
0.881891174995
0.880248108709
0.878015557228
0.875205960312
0.872106750617
0.86909311712
0.866552548055
0.864980406128
0.86452693075
0.865147300093
0.866561784897
0.868187852043
0.869499459849
0.869884044359
0.868929579504
0.866596714668
0.862970182658
0.858575691124
0.854057146944
0.850094269147
0.847328514739
0.846061334937
0.846404534183
0.84805666287
0.850564819796
0.853300998987
0.855634317451
0.857084975506
0.857280367258
0.856268999778
0.854300717403
0.851921309064
0.84962406015
0.847848137951
0.846904598984
0.846623343984
0.846794756689
0.84700497369
0.846778579457
0.845844895575
0.844002645892
0.841386438301
0.838478317128
0.835892514395
0.834282983494
0.834247476964
0.836025613039
0.839692441607
0.8447982014
0.850796769264
0.856755767118
0.861875392399
0.865379598226
0.86675432006
0.865896477517
0.863136410024
0.859317882043
0.855275967947
0.851908226908
0.849773722359
0.849271552196
0.850285257458
0.852533391405
0.855572941305
0.858815779843
0.861529953917
0.863351038146
0.864033776715
0.863648289045
0.862495316598
0.861121481371
0.859851576994
0.859168938333
0.859050336553
0.859471654174
0.860201785585
0.860929557008
0.861281154351
0.860938072554
0.859862038437
0.858108108108
0.855954335174
0.853903999401
0.852459016393
0.851890599313
0.852396737309
0.853909235964
0.856059765524
0.858534785016
0.86080572567
0.862361937128
0.862787941634
0.861849925706
0.859659577638
0.856540713939
0.852970795569
0.849579268747
0.84690771401
0.845317354638
0.844957239752
0.845695583422
0.847304398956
0.849298936444
0.851192674101
0.852552686257
0.852954341987
0.852269745474
0.850560445347
0.848216639675
0.845604002859
0.843232095988
0.841410184667
0.84037384564
0.840100306081
0.840436075322
0.841074631236
0.841739512088
0.842060934525
0.841691754167
0.840545019333
0.838650125535
0.83627893219
0.833850816885
0.83175949834
0.830215721583
0.829480614484
0.829433385494
0.829994566202
0.830782005921
0.831537213912
0.831831615368
0.831432695778
0.830241891745
0.828329289051
0.826006595876
0.823708316738
0.821887637204
0.820913763974
0.821054512958
0.822323300522
0.824631482202
0.827739231501
0.831182077164
0.834542253521
0.837396650413
0.839234347811
0.839892857143
0.839346616406
0.837777457481
0.835444408358
0.83287068748
0.830339177925
0.828316052914
0.82692170945
0.826234611575
0.826200380738
0.826584507042
0.827140036666
0.827567911715
0.827619284471
0.827207194347
0.826244181883
0.824944432494
0.823438842738
0.822012129861
0.820920413015
0.820233435594
0.82002734827
0.820162726543
0.820403751613
0.820485965647
0.820138085725
0.818979491155
0.816870458976
0.813864065226
0.810060649304
0.805886125561
0.801794453507
0.798197754233
0.795548112483
0.794050501557
0.793719508005
0.794419719274
0.79587014588
0.797682494928
0.799459777678
0.800894229426
0.801549841493
0.801368163613
0.800369620073
0.79860199411
0.796479221054
0.794251346248
0.792247793736
0.790543087202
0.789251844046
0.788188337167
0.787265664584
0.786187994857
0.784843235164
0.783135408135
0.780997396904
0.778677277717
0.776365816064
0.774390451833
0.773035230352
0.772517903372
0.772832003206
0.773970554023
0.77569101105
0.777751919944
0.779834909601
0.781695120719
0.783065009171
0.783769902414
0.783853628282
0.783394999827
0.782556047606
0.781748498032
0.781133892941
0.780956623038
0.781318306011
0.78219206111
0.783381675482
0.784651178705
0.785770723831
0.786485833592
0.78665973666
0.786220554513
0.785212492175
0.783731192884
0.782007280291
0.780204589439
0.778615962247
0.777430436276
0.776817558299
0.776802851659
0.7773472327
0.778338482664
0.779530535794
0.780835110408
0.782089654935
0.783208364862
0.784179586785
0.785004982304
0.785729009207
0.786433455895
0.787121394437
0.787844391704
0.788599146828
0.789354239736
0.790075549451
0.790712816998
0.791309104585
0.791933942951
0.792554460846
0.793284651607
0.794051204819
0.794929131691
0.795789765252
0.796695252039
0.797615290198
0.798436784847
0.799224532957
0.799978889593
0.800742660968
0.801518475952
0.802312699072
0.803149877658
0.803954607978
0.804590976357
0.80491848577
0.804723862452
0.803907861163
0.802502548241
0.800493740081
0.798193621225
0.795918367347
0.794020863964
0.792979892855
0.792946058091
0.793996144313
0.796069133766
0.798940707112
0.802111728374
0.805206961104
0.807697666318
0.809164307434
0.809350503919
0.808162694807
0.805834029518
0.802693532752
0.799208397866
0.795864571566
0.793009377664
0.790859904039
0.789509490442
0.788792809968
0.788526434196
0.788453664528
0.788320420492
0.787868449782
0.786985274066
0.785638859556
0.78378746594
0.781682459609
0.779389677772
0.777215536105
0.775450126652
0.774195756331
0.773622921149
0.773682420945
0.774330900243
0.775495822007
0.776922051077
0.77854843527
0.78011529287
0.781468821558
0.782460820273
0.782918149466
0.782839556277
0.782102756039
0.780857454943
0.779184007641
0.777192922878
0.775160094371
0.773179692719
0.771505198331
0.770068071952
0.768935919277
0.767961228633
0.766945675365
0.765681136491
0.764063172533
0.761919000631
0.759341207786
0.756357833849
0.753232115627
0.750198124422
0.747557806795
0.745573189927
0.744311671305
0.743927191776
0.744248541653
0.745216449506
0.746468230501
0.747814943813
0.749023341322
0.749934434828
0.750392927308
0.750384703533
0.74993442623
0.74911207577
0.748043715125
0.746941617213
0.745959965419
0.745374068158
0.745266095276
0.7457739257
0.747006578947
0.7489041544
0.751344129819
0.754199765594
0.757108811335
0.759780573531
0.761876366528
0.76308751755
0.76314459901
0.761991746161
0.75972532305
0.756652071405
0.75314171123
0.749776497467
0.746891506184
0.744790309977
0.743568142052
0.743169398907
0.743370844651
0.743856240894
0.744366996272
0.744640134929
0.744529806477
0.744034707158
0.743127870125
0.741925054156
0.740443437449
0.738846890107
0.737210361885
0.735586805442
0.734064785789
0.73274232449
0.731677260345
0.730923953271
0.730569287195
0.730687747036
0.731280439906
0.732223997994
0.733358440825
0.734397677794
0.735006042104
0.734868653174
0.733652106487
0.731284680533
0.727877902257
0.723713610311
0.719283551318
0.715086124096
0.711638864128
0.709276520195
0.70810793711
0.708084352967
0.708950031626
0.710413108117
0.712063732929
0.713541666667
0.714645748669
0.715251784984
0.715323417503
0.714951652021
0.714213470717
0.713355772895
0.712408293461
0.711539076746
0.710839518812
0.710254448058
0.709801064369
0.709462642505
0.709132221116
0.708840427504
0.708498540034
0.70806996011
0.70755238739
0.706816290039
0.705884173708
0.704729666781
0.7033281493
0.701741293532
0.699931710951
0.697925054196
0.695774473741
0.693557353759
0.691342767101
0.689257323146
0.687434198303
0.686000061933
0.685007727975
0.684539574992
0.684571778765
0.684922739325
0.68549145753
0.685985949612
0.686106398449
0.685667406034
0.684592845806
0.682877468417
0.680667097449
0.678230328424
0.676000861618
0.674222440341
0.673162090345
0.672912547529
0.673430391265
0.674552449035
0.676058898382
0.677584690504
0.67897149449
0.679955064367
0.680448961019
0.680448281084
0.679935872228
0.679036989989
0.677756567585
0.676065334428
0.67403602116
0.671689062452
0.66917850525
0.666687293091
0.66446270778
0.662739186612
0.661733679865
0.661551084909
0.662118828654
0.663284411427
0.664701079561
0.666049363976
0.666931152344
0.667085773866
0.666410311625
0.665014316943
0.66314008919
0.661090306342
0.659166845477
0.657509045195
0.656267289605
0.655409785461
0.654909260121
0.654611718531
0.654487019471
0.654472938024
0.654661082674
0.655175603589
0.656182944026
0.65778945118
0.659928547437
0.662559386973
0.665359799957
0.668110027725
0.670417753748
0.672081314715
0.672816336917
0.67267860557
0.671721677074
0.670189399968
0.668299977728
0.666327082869
0.664413480853
0.662685232499
0.66116970278
0.659931047692
0.658998345424
0.658421486033
0.658281318958
0.658526620152
0.659217350306
0.660177940434
0.661243684662
0.662209395543
0.662933713102
0.663188103313
0.662943430836
0.66227293593
0.661222218585
0.659977157775
0.658738938053
0.657616990875
0.656625332727
0.655851115658
0.65525982256
0.654896865357
0.654706339946
0.654761520328
0.654952898434
0.655314922791
0.655735082387
0.65608872648
0.656292286874
0.656181015453
0.65567705605
0.654690026065
0.65331652122
0.651710824125
0.650098277643
0.648637847199
0.647456385671
0.64672374163
0.646468016951
0.646610254524
0.647082481483
0.647816462065
0.648728345006
0.649787760286
0.650949683439
0.652179696073
0.653374131107
0.654409556542
0.655062441252
0.655275089666
0.654865445615
0.653896326811
0.652503532169
0.650857162568
0.649288446298
0.647920751212
0.646947679412
0.64639593211
0.646218949976
0.646239746329
0.646348614992
0.646408268734
0.646451125755
0.646579082068
0.646873304395
0.647438061162
0.648297944051
0.649322566476
0.650270251895
0.650922053884
0.651040586324
0.650435085277
0.649147330165
0.647272854494
0.64515001049
0.643009400007
0.641061501346
0.639470087267
0.638231259014
0.637243132547
0.636501928043
0.635962122818
0.635606033967
0.635659185312
0.63617787629
0.637318366504
0.63905691504
0.641273999517
0.643774737865
0.646167870416
0.648125199164
0.649327482251
0.649614902382
0.649066207836
0.647886315639
0.646402916265
0.644904230989
0.643639879673
0.642649120915
0.641974862756
0.641519005689
0.641139997824
0.640733506944
0.640309519525
0.639864018608
0.639534055286
0.639466666667
0.639713736381
0.640257418663
0.641103081293
0.642118582791
0.643150212411
0.644019661387
0.644608200788
0.644779175197
0.644505595304
0.643787113193
0.642637068934
0.641250747161
0.639645725437
0.638089152823
0.636670542781
0.635508436613
0.63464677946
0.634072543449
0.633709600324
0.633508430371
0.633421594587
0.63334193168
0.633276740238
0.633292723447
0.633339479993
0.633503996464
0.633761832848
0.634020237831
0.63421609776
0.634245908393
0.634054135793
0.633635809059
0.633092973305
0.632455297058
0.631789352297
0.63116703752
0.630686169398
0.63022348079
0.629850974984
0.629549992321
0.629304705837
0.629181905679
0.629279538905
0.629639550011
0.630224590788
0.630916739303
0.631604826204
0.632163011779
0.632424000304
0.632310697461
0.631934264331
0.631411376432
0.630882697261
0.630543801912
0.630353561175
0.630279325195
0.630150594032
0.629758477287
0.628935622663
0.627712787414
0.62619950004
0.624688879968
0.623475488242
0.622854883353
0.622854224771
0.623375606701
0.624271122764
0.625240280883
0.626047939544
0.626444716185
0.626380561691
0.62585596222
0.62496567416
0.623889128137
0.622702872145
0.621437568887
0.619986511683
0.618526973447
0.616938742525
0.615290768605
0.613753160943
0.61233893329
0.61118346085
0.610307854764
0.60979668033
0.60956094391
0.609594336168
0.609927054892
0.610579078202
0.611474809905
0.612521767302
0.613673008707
0.614763645126
0.615696182226
0.616283271107
0.616577389343
0.61645165204
0.616052941415
0.615368952598
0.614499142787
0.613373163645
0.612000985707
0.610280759703
0.608279990024
0.606002260265
0.603611567117
0.601274907126
0.599291079416
0.597728706625
0.596709369505
0.596206752814
0.596167435674
0.596502886572
0.597066400731
0.597954432064
0.599052684062
0.600373056995
0.601833877163
0.603260198411
0.604529759947
0.605517809347
0.606176007948
0.606584053073
0.606760966574
0.606850303468
0.606892722924
0.606809021525
0.60641499699
0.605475317956
0.603920550435
0.601800313098
0.599283028766
0.596706915477
0.594482819306
0.592940969628
0.592282761037
0.592301992067
0.592812811944
0.593455112112
0.594004152968
0.594345341185
0.594634421185
0.594982234162
0.595640704061
0.596662930068
0.597987789148
0.599338317436
0.600361819435
0.600953206239
0.600978550522
0.600572939621
0.599902296043
0.599303291501
0.598708983324
0.598147648593
0.597419005505
0.596262869064
0.594677257372
0.592793455281
0.591062433569
0.58991705667
0.589692535655
0.590428723061
0.591986767138
0.593774319066
0.595476353667
0.596627519079
0.597236836086
0.597454911654
0.597695367872
0.598331129451
0.599600145402
0.601377997371
0.60335600907
0.605091770278
0.606157940623
0.606549025057
0.606328285661
0.605838041431
0.605403870724
0.605328141324
0.60554787665
0.605950270685
0.606195117244
0.606129895403
0.605766401883
0.605355293654
0.605248850887
0.605717953782
0.60682456054
0.608494966855
0.61028005297
0.611978399607
0.613284132841
0.614106861199
0.614755310236
0.615479115479
0.616656071202
0.61826675101
0.620184376516
0.621916877064
0.62308592607
0.623441029166
0.623021369213
0.62201433121
0.62079816193
0.619881870057
0.619312766491
0.618994863531
0.61865179929
0.61799591002
0.617000412882
0.615672806744
0.614503217705
0.613782975822
0.613690007868
0.614110493762
0.614864510719
0.615465323681
0.615695750381
0.615469497136
0.615009439899
0.614838406516
0.615181072948
0.616344418665
0.617891603367
0.619447717608
0.620424484774
0.620454078488
0.619515457024
0.618102339933
0.616735112936
0.616129528104
0.616361866708
0.617297908423
0.618337990272
0.618920754323
0.618555068869
0.617227427598
0.615244523006
0.613139078544
0.611425491781
0.610357316612
0.609883247353
0.609657508057
0.609297725025
0.608652466615
0.607744572723
0.606778726922
0.606210226026
0.606277292576
0.607003044802
0.608202679976
0.609548582886
0.610759322401
0.611719635245
0.612477182433
0.613242277117
0.614176570458
0.615433437351
0.616772486772
0.617990654206
0.618801046282
0.619004184998
0.618673271592
0.618073914216
0.61738002594
0.616961284026
0.616849457085
0.61696502341
0.617090017825
0.617087181798
0.616769868772
0.616210658594
0.615675489859
0.615344857291
0.615468849058
0.616066770996
0.617059785147
0.618456652159
0.620128910177
0.621911477158
0.623868410153
0.62580340822
0.627753951002
0.629527605205
0.631082742871
0.632414075766
0.633438633439
0.634438090792
0.635349485794
0.636379410064
0.63741712309
0.63837021669
0.639010862029
0.639254831409
0.638997376858
0.638292896814
0.637310550647
0.636161497952
0.634889032031
0.633533074844
0.632005202175
0.630342771982
0.628698580707
0.627340483548
0.626401072125
0.625985937022
0.626027733464
0.626125015411
0.626093430114
0.625695182153
0.62501729016
0.624299949546
0.623982356648
0.624424223408
0.625616378503
0.627369336896
0.629108272355
0.630518353175
0.631379844961
0.631725589747
0.63195514203
0.632605638109
0.633943730293
0.635772357724
0.637755102041
0.639344262295
0.640168623908
0.640086988039
0.639542622058
0.638892248156
0.638664089866
0.63906004591
0.639808415181
0.64074526573
0.641402296013
0.641684867395
0.641615219856
0.641687817259
0.641931984942
0.642664613015
0.643658236854
0.644554067298
0.645020157293
0.644837718712
0.644047619048
0.643169398907
0.642601834367
0.642800377155
0.643744950175
0.645277290514
0.646973185265
0.648630648998
0.650081654872
0.65154828195
0.653236486486
0.655328006446
0.657745726496
0.660295389528
0.662412053631
0.663841059603
0.664489311164
0.664567342387
0.664450961225
0.664528252981
0.664965107263
0.665761396702
0.666601777951
0.667361835245
0.667625523013
0.667452058381
0.666972056803
0.66612111293
0.665003610582
0.663695781343
0.662168995343
0.660571313619
0.659179542541
0.658189947162
0.657728106529
0.657751858673
0.658030625558
0.658420030517
0.658767373298
0.659064119861
0.659603123433
0.660491071429
0.661788265858
0.663337428633
0.664802202579
0.665905122235
0.666420583291
0.666471234885
0.666537363683
0.667161572052
0.668714357901
0.671075623031
0.673821057131
0.676349285359
0.678255300982
0.679333665551
0.679857904085
0.680449533503
0.68154256439
0.683272904755
0.685361956371
0.687266411949
0.688524476011
0.688880357392
0.688566838944
0.688104866825
0.687802503477
0.687851635757
0.687925394947
0.68765743073
0.686652572234
0.684993614304
0.683214489447
0.681858502039
0.681472973943
0.681963898917
0.682885049931
0.68341081839
0.683054268202
0.681549731893
0.679525763794
0.67773967383
0.676960073288
0.67753256705
0.67919722115
0.681263157895
0.683177054606
0.684444973797
0.685226186684
0.686023387161
0.687328522718
0.689564047789
0.692655322517
0.696184053947
0.699610337972
0.702512922465
0.704738510301
0.706376948512
0.707880541005
0.709455676516
0.711250678452
0.713139759969
0.71484972572
0.716241156567
0.717125849042
0.717574519594
0.717779613911
0.717780438524
0.717834156563
0.71805565974
0.718537172066
0.719351928426
0.72031367252
0.72115902965
0.721561143541
0.721224397929
0.720075386355
0.718417462483
0.716818873668
0.715679097079
0.715318823979
0.715524239871
0.715813810111
0.715766536965
0.715170839238
0.714317548747
0.713743581515
0.713928542624
0.714952211243
0.716627271986
0.718240184377
0.719264448336
0.719345565232
0.718831779697
0.718375957978
0.71865665199
0.72004666033
0.722233766234
0.724582463466
0.726429634819
0.727542746342
0.728194923499
0.72908528502
0.730832893115
0.733581697055
0.736771261253
0.739512748865
0.741257092973
0.741719661991
0.741372141372
0.741283064239
0.742193482515
0.744209815018
0.746890515863
0.749310576761
0.7505249895
0.750259414226
0.748891656289
0.747375338865
0.746511060507
0.746610648784
0.747592547786
0.74879644588
0.749745042493
0.750250890256
0.750359073671
0.750514304082
0.75088169285
0.751564756861
0.752261549625
0.75282850418
0.753090048167
0.752965268676
0.75275635767
0.752609088668
0.752665896335
0.752911813644
0.753295779385
0.753863153421
0.754568070687
0.755448025577
0.756341336117
0.756750832895
0.756425471615
0.755178283462
0.753277797899
0.751359489051
0.75019244868
0.750248207391
0.751191355744
0.752402234637
0.753098511961
0.752874439889
0.751973430882
0.751097997485
0.751244311029
0.752638203117
0.754942283442
0.757128925297
0.75842177673
0.758363834207
0.7574020823
0.756724683544
0.757329662767
0.759722222222
0.763221083455
0.76696323817
0.769788193763
0.771263126902
0.771723395931
0.77229020979
0.773703989208
0.77629359908
0.779598278336
0.782687338501
0.784794258373
0.78560396606
0.785445432192
0.78531835206
0.785686438318
0.786608792021
0.787656710914
0.788225004603
0.787896570695
0.787002001092
0.786173372941
0.785831475702
0.786323725055
0.787350412198
0.788458462905
0.789292389853
0.789715555556
0.789884955752
0.790180537208
0.790564048498
0.791031508537
0.791324725858
0.791300097752
0.791031350196
0.79083466809
0.791011635136
0.791656299982
0.792412069273
0.792951660816
0.793139482054
0.792952590152
0.792642601268
0.792667893284
0.793044922055
0.793428624466
0.793558972436
0.793208764109
0.792443252562
0.791619304499
0.791324509709
0.791492248062
0.79187634094
0.7918079653
0.790858227595
0.789166928066
0.787251638725
0.785902658772
0.785550257958
0.785985691656
0.786565230113
0.786622923061
0.785916520098
0.78487943447
0.784346705403
0.785036880927
0.786999028955
0.78961062065
0.791905761867
0.793069801216
0.792899069762
0.791949011171
0.791177455293
0.791336484545
0.792621309491
0.794630731045
0.796642054273
0.798037670145
0.79863049035
0.798651612
0.798531393782
0.798594738981
0.798991404812
0.799733507878
0.800800402542
0.802102659246
0.803533929669
0.804912094504
0.80602575897
0.80683019909
0.807433209178
0.808187134503
0.809419695727
0.811193777477
0.813098399804
0.814549725226
0.815090047812
0.814739279021
0.814094815271
0.814093329841
0.815392593233
0.817853247503
0.820644037925
0.822754655853
0.823533770908
0.823059022636
0.822222456222
0.822060266878
0.823028335728
0.824625258884
0.825857142857
0.825830168121
0.824381320189
0.822315555106
0.820913074944
0.821047381546
0.822607833416
0.824592270436
0.825905814987
0.82582807571
0.824668435013
0.82359956985
0.823515670625
0.824990279938
0.827388721145
0.829807410304
0.831060828681
0.831015938203
0.830002918572
0.829013839156
0.828553495558
0.829041626331
0.829962036406
0.831075658217
0.831972922594
0.832516900167
0.832646484375
0.832378446848
0.831673326187
0.830634765625
0.829358246918
0.828417653391
0.828247261346
0.828697269257
0.829384025936
0.829973291127
0.829958142316
0.829697297514
0.829761630181
0.830595893841
0.832171962916
0.833850791258
0.83485235144
0.834745979327
0.833833029394
0.833064449408
0.833348860801
0.834812541473
0.836671947305
0.837745453781
0.837203370918
0.835223925362
0.832992926709
0.832013769363
0.832932886557
0.835240324188
0.837650895798
0.838872216255
0.838442354362
0.83701986904
0.835847352377
0.835820726258
0.836925082029
0.838345516795
0.839185327462
0.839086306426
0.838453572661
0.838112770001
0.838506106356
0.839330543933
0.83983268115
0.839467744736
0.838367806036
0.837473314078
0.837693559989
0.839283668716
0.841526319862
0.843193213505
0.843203265825
0.841565268438
0.839287146715
0.837689317786
0.837409138812
0.838134035607
0.839018593597
0.839313395054
0.839049070055
0.838959801317
0.839881168031
0.841929921973
0.844419725621
0.846200341508
0.846392576205
0.845062772545
0.843289395781
0.84234543977
0.84276491891
0.844148171803
0.845558715969
0.84620596206
0.846023971515
0.845655211894
0.845869568903
0.846970761035
0.848505387556
0.849707819148
0.849905218355
0.849124325884
0.847861603253
0.846742453366
0.846073977936
0.8458568011
0.845900824234
0.846205922745
0.846788507675
0.847666863556
0.848578047611
0.849168380123
0.849203877852
0.848868778281
0.848655396399
0.848983481576
0.849660833138
0.84997630638
0.849194825766
0.84721847151
0.845130315501
0.844624261511
0.846537612654
0.850027695716
0.853085004329
0.853653284846
0.850734214391
0.845533498759
0.84130142779
0.840611733161
0.843495174684
0.847982142404
