1.15941072999
1.15839590815
1.16026404069
1.16126605406
1.15925257458
1.15464509395
1.1503465982
1.14864109728
1.14980780902
1.15206094546
1.15210858459
1.14839473295
1.14202926547
1.13599772706
1.13281286522
1.13320005579
1.13595474358
1.1385969764
1.13896222121
1.13696606071
1.1338127592
1.13094613501
1.12896203413
1.12752492414
1.12594404394
1.12395578432
1.12194819167
1.1204220475
1.11949101192
1.11851643041
1.11679505697
1.11424939419
1.11172289909
1.11043461612
1.11078860072
1.11207476636
1.1128094244
1.11144567116
1.10777736823
1.10331808611
1.10019968621
1.09978216569
1.10154317762
1.10377620436
1.10467328514
1.10335713305
1.10108095287
1.10000667601
1.1015357237
1.10519607843
1.10890059164
1.11005527005
1.10746660687
1.10210409745
1.09690418918
1.09438862266
1.0955801105
1.0992464228
1.10284278405
1.10415168943
1.10270222275
1.09974514456
1.09725859962
1.09655532359
1.0975511147
1.09897415325
1.09943093344
1.09841331918
1.0965254167
1.09483872742
1.09409502884
1.09444002524
1.09528744409
1.09586972932
1.09593664461
1.09582928686
1.09596893973
1.09654276059
1.09719048608
1.09736413254
1.09668564979
1.09534683108
1.09389128906
1.09286944368
1.09240225966
1.09210787722
1.09155417099
1.09055446516
1.08947931353
1.08886744663
1.08912056499
1.09015882155
1.09144076125
1.09229703254
1.09236871482
1.09183553113
1.09120995188
1.09091122043
1.09100278747
1.09106867013
1.09066958873
1.08965453367
1.08829748115
1.08713446281
1.08661902696
1.08673492709
1.08720517924
1.08757823564
1.08761831088
1.08738985662
1.08727880856
1.08755145429
1.08818594104
1.08888737449
1.08915159629
1.08874723089
1.08760635664
1.08612053281
1.08457006656
1.08337092845
1.08273194127
1.08286529577
1.08377283325
1.08517956958
1.08673272715
1.08788831192
1.08814777513
1.08732090375
1.08561588796
1.08365219384
1.08207264322
1.08105999771
1.08048684727
1.07987607445
1.07886524157
1.07743758832
1.07607107508
1.07531647062
1.07539898333
1.07615034873
1.07691753345
1.07713365149
1.07638347623
1.07501648311
1.07355208104
1.0724869155
1.0719467208
1.07158031541
1.07104321081
1.07008468989
1.06893744753
1.06808901592
1.06796939195
1.06865872954
1.06985661012
1.0710453628
1.07182409116
1.07208778237
1.0721289456
1.07220829627
1.07247596807
1.07278715521
1.0728513566
1.07249455033
1.07185897256
1.07116430293
1.07069120287
1.07030391798
1.06985586199
1.06921800812
1.06858966985
1.06840756629
1.06906458285
1.07045845272
1.07184582784
1.07225839764
1.07086184097
1.06783168544
1.06429450663
1.06197935917
1.06200412231
1.06431663575
1.06747123211
1.06953131574
1.06894333501
1.0656038218
1.06113081004
1.05782405394
1.05724604479
1.05955062205
1.06317477285
1.06586332562
1.06576274763
1.0626824437
1.05822120456
1.05458526402
1.05343994332
1.05507619336
1.05825682304
1.06095366622
1.06138638329
1.05934971239
1.05583768562
1.05250847296
1.05050769267
1.05015316663
1.05070335812
1.05091285526
1.04984510749
1.04744676929
1.04436267227
1.04153580045
1.03966540131
1.03887286846
1.03881056371
1.03872970177
1.03814458316
1.03687823518
1.03517487636
1.03338516215
1.03189238547
1.03086529884
1.0303496223
1.03029157307
1.03053469043
1.03102242612
1.03164443649
1.03223627932
1.03265416883
1.03269513991
1.03233701194
1.03151212877
1.03041669508
1.02902923495
1.02750477593
1.02594153889
1.02452132238
1.02345500373
1.02291364041
1.02287843766
1.02317936013
1.02359718473
1.02377472474
1.02357298796
1.02305383328
1.02238750831
1.02186412655
1.02160003968
1.02159190304
1.02174734773
1.02193260478
1.02213918967
1.02235488378
1.02262925567
1.02301387937
1.02337351849
1.02357684162
1.02359105431
1.02357684162
1.02391773518
1.02482904797
1.02633362621
1.02808510638
1.0293632547
1.0296008372
1.0285127342
1.02641564864
1.02423524863
1.02282385523
1.02263579107
1.02357934449
1.02503411604
1.02609429583
1.02618044728
1.02526461114
1.02383115998
1.02265168539
1.02215874858
1.02236947434
1.02284624257
1.02294560632
1.02238004428
1.02128029184
1.02021963824
1.0198911133
1.02077214946
1.02286464047
1.02562607945
1.02827557881
1.03008135345
1.03075864146
1.03044094285
1.02957867584
1.02850848775
1.02738356551
1.02624333537
1.02498849214
1.02363967602
1.02224860397
1.02110188946
1.02032149765
1.02004354364
1.02014548256
1.02060113283
1.02113242219
1.02169748171
1.02212677037
1.02251240288
1.02283784422
1.02317108021
1.02345844504
1.02382321925
1.02429450202
1.02493604609
1.02568767805
1.02635122139
1.02669052051
1.02652140153
1.02572245927
1.02461011883
1.0236120737
1.02311576851
1.02342865232
1.02457471373
1.02639144163
1.02855865817
1.03068216365
1.03257170637
1.03419722305
1.03553885506
1.03674056752
1.03772865854
1.03847445108
1.03902014591
1.03953024596
1.04028170868
1.04145133973
1.04302395726
1.04480078997
1.04639429786
1.04754123035
1.04813834936
1.04851242863
1.04915508021
1.05052164451
1.052621467
1.05516960419
1.05747225701
1.05895780343
1.05946477335
1.05931052609
1.05918497224
1.05965151882
1.06088307078
1.06252381913
1.06379505781
1.06399286172
1.06307943592
1.06154449236
1.06043245241
1.06054139315
1.06211136566
1.06472491909
1.06739374269
1.06904172772
1.06915546148
1.06798561151
1.06632762696
1.06511694374
1.06482298248
1.06533336523
1.06610043427
1.06656918209
1.0665031084
1.06634300394
1.06676606253
1.06839638974
1.07136294731
1.07523503784
1.07909203353
1.0819679613
1.08337672334
1.08356651967
1.08334439871
1.08356918756
1.08471873293
1.08674104316
1.08904812881
1.09106589232
1.09240112318
1.09309784375
1.09352859858
1.09400250616
1.09460046009
1.09496217256
1.09480573859
1.09393905817
1.09270243252
1.09180225838
1.09177518086
1.09291560445
1.09492014797
1.09713855422
1.09875089469
1.09945459631
1.09945373127
1.09950857062
1.10042875989
1.10259135899
1.10566019832
1.10874851013
1.11080803005
1.11123886174
1.1102053501
1.10854503464
1.10747641398
1.1076963054
1.10925201489
1.11162047159
1.11386358847
1.11529783918
1.11582174885
1.11595195689
1.11648550725
1.11795160383
1.12028878276
1.12303085827
1.12530860079
1.12652439024
1.12659171105
1.12592479763
1.12527901181
1.12507043474
1.1253969635
1.12606585334
1.12662729688
1.12693491645
1.12714806839
1.12770957328
1.12893005654
1.13086676551
1.1330102075
1.13470484621
1.13534966471
1.13479429398
1.13350706856
1.13247023465
1.13236862854
1.13349961538
1.13541813401
1.13726232145
1.13813756714
1.13765134036
1.13619018274
1.13470099159
1.13409925825
1.13475821285
1.13640373276
1.13820102388
1.13923904511
1.13913362702
1.13820066373
1.13737214792
1.13761733173
1.13939327082
1.1423271945
1.1454052043
1.14742218536
1.14755702451
1.14591309238
1.14338875863
1.14117344533
1.14013366464
1.14039763568
1.14139273356
1.14213861127
1.14194381801
1.14075717958
1.13929208608
1.13861517388
1.13931950429
1.14142454224
1.14411605206
1.14605512116
1.14621278158
1.14436878911
1.14117132867
1.1380673331
1.13631559599
1.13648493214
1.13820126308
1.14038568001
1.14169332382
1.14130211073
1.13942688866
1.1370483278
1.13550249861
1.13572074756
1.13784389558
1.14118007797
1.14443935727
1.14634515899
1.14634303236
1.14469241713
1.14230615213
1.14018652327
1.13890465679
1.13860926454
1.13888476782
1.13916868545
1.1390760858
1.13873544659
1.13845368933
1.13861977722
1.13935483871
1.14040083471
1.14128666286
1.14142378299
1.14070318084
1.13937438379
1.13812142296
1.13757815663
1.1379785121
1.139135167
1.14048345245
1.14126597271
1.14106462153
1.14001800585
1.13863150392
1.13754933739
1.13710559713
1.13730400697
1.13761806536
1.13742506547
1.13628733752
1.13422518082
1.13180291863
1.12971254027
1.12844933353
1.12808587505
1.12832254439
1.12865925059
1.12862722043
1.12814308259
1.12744644135
1.12708065908
1.1272957301
1.12796097975
1.12844115255
1.1279419725
1.12585622059
1.12213134631
1.11757682954
1.11357561029
1.11146623171
1.1118862651
1.11460144848
1.11869115604
1.12270710549
1.12538286948
1.1260102946
1.12493765045
1.12314616374
1.12183591266
1.12168388278
1.12272060365
1.1243402865
1.12551565281
1.12547290095
1.12410535952
1.12199003741
1.1202136401
1.11968052427
1.1207483691
1.12302291968
1.12560195126
1.127313304
1.12723569474
1.12519178316
1.12177421076
1.11797632782
1.11475550227
1.11255401948
1.11137302394
1.11080904741
1.1103207506
1.10961861358
1.1086730043
1.10769993106
1.1070077579
1.10662591791
1.10641891892
1.10599049262
1.10504923528
1.10344827586
1.10149691932
1.09970500266
1.09856867323
1.09823570924
1.09841269841
1.09854740522
1.09792984011
1.09623270377
1.09360254359
1.09075602978
1.08863922636
1.08792014667
1.08879289166
1.09072530737
1.09277341717
1.09387935201
1.09324867725
1.09087624594
1.08744680851
1.08407380639
1.08175566686
1.0810547289
1.08176833012
1.08325585327
1.08462736187
1.0850663994
1.08442792235
1.08304956875
1.08163470835
1.08080445322
1.08080647722
1.08147047166
1.08223201175
1.08238568588
1.08151287255
1.0796692375
1.07733677317
1.07517603888
1.07366830374
1.07286331626
1.07245849994
1.07182951971
1.0704437254
1.06808987365
1.06512827982
1.06219697443
1.06002785226
1.05901414595
1.05909742865
1.0597763851
1.06029847013
1.05996461651
1.05834610129
1.05553617955
1.05213106776
1.0488229991
1.0461053383
1.04414341688
1.04280895792
1.04174495068
1.04060973226
1.03920497767
1.03767123288
1.03618670241
1.034999417
1.03412616339
1.03339298708
1.03243952374
1.03100369953
1.02899433514
1.02666693913
1.02454063134
1.02313393113
1.0227203073
1.02316948807
1.02408951026
1.02473815055
1.02453575501
1.02312173931
1.02059422716
1.01751967717
1.01471169036
1.01274942403
1.01180180703
1.01165855442
1.01169130351
1.01121545582
1.00969230769
1.00706543711
1.0036400755
1.00019266338
0.997395230377
0.995662025292
0.995069571657
0.995343170967
0.996095143707
0.996844921922
0.997311720098
0.997488699146
0.997391548618
0.997218386664
0.996906990202
0.996276976985
0.995052160954
0.992983151635
0.990031976629
0.986412297557
0.982626945724
0.979255267969
0.976648797146
0.974845869297
0.973503787879
0.972169488951
0.97036768494
0.967887442896
0.964962377002
0.962051540204
0.959853306427
0.958723801377
0.958693320332
0.959274865262
0.959745971639
0.959344913151
0.957555449178
0.954303061775
0.95007368463
0.945697329377
0.942058823529
0.939609443311
0.938408731536
0.937933944532
0.937534644571
0.936458611355
0.934262039606
0.930903999697
0.926902235268
0.922931521719
0.919696319648
0.917616764009
0.916743218162
0.916791136488
0.917335473515
0.917867212545
0.918005648067
0.917611355849
0.916669936821
0.91538627578
0.913886764331
0.912335052254
0.910788544527
0.909306751957
0.90797185252
0.906877294384
0.906191842432
0.905865648445
0.905812079264
0.905773594105
0.905344362859
0.904221079501
0.902263697681
0.899542533291
0.896436277063
0.8935307202
0.891418267876
0.890467564814
0.890643363536
0.891458837426
0.892250215538
0.892290205749
0.891099071207
0.888682062319
0.885492930467
0.882240647898
0.879693633317
0.878354509715
0.878201383261
0.878743608473
0.879201641485
0.878794082069
0.876948806095
0.873566843531
0.86913465988
0.864558527625
0.860842973989
0.858674230564
0.858327638117
0.859449916372
0.861449058019
0.863573551404
0.865106951872
0.865781228977
0.86559222702
0.864901325933
0.86412301778
0.863574560984
0.863312920887
0.863128279218
0.862690129373
0.861717173622
0.860152179617
0.858221024259
0.856443118624
0.855401682267
0.855462946186
0.856709299805
0.858787121994
0.861061028247
0.862723829834
0.863090041054
0.861754780652
0.858851719779
0.855058200057
0.85121572489
0.848112761328
0.846162568745
0.845288007554
0.845090895362
0.844897497312
0.844071558908
0.842115114647
0.839071063632
0.835269640786
0.831426433824
0.828250430371
0.826207070889
0.82556227983
0.826101940867
0.827430720362
0.828945433152
0.830034041294
0.830380546932
0.829971826781
0.829096626858
0.828206332801
0.827777672855
0.828122031838
0.829360076409
0.831406384814
0.833883156239
0.836351826379
0.838378286169
0.839735894358
0.840456527791
0.8407167562
0.840817148401
0.841025078198
0.841461177161
0.842067400808
0.842669734474
0.842971969937
0.842751520824
0.841916594722
0.840594711584
0.838988814994
0.837462476726
0.836295120225
0.835811409422
0.836043045717
0.836860465116
0.837962068832
0.838783838152
0.838902780935
0.837993113257
0.836085910017
0.833333333333
0.830184876413
0.827186531443
0.82493280807
0.823903792784
0.824310255075
0.826050435854
0.828611022678
0.831297910717
0.833493707666
0.834664642823
0.834670487106
0.833564146951
0.831734488628
0.829768668438
0.828392169013
0.828055780269
0.828955662954
0.830958193758
0.833649280204
0.836562511666
0.839198882161
0.841224223197
0.842491940925
0.843051524632
0.843126480341
0.843108141549
0.843303972333
0.843987268962
0.845219533791
0.846872461413
0.848694062506
0.85046728972
0.851969616675
0.853033637221
0.853598792891
0.853737853679
0.853489539103
0.852951295971
0.852193032336
0.851233904568
0.850027295145
0.84865181048
0.847135811836
0.845729343696
0.844706289405
0.844357675803
0.844865074743
0.846234778373
0.848190368183
0.850408387654
0.852422472974
0.853810326033
0.85424497345
0.853566311097
0.851888589113
0.849586451359
0.84715348946
0.845049276255
0.843638163405
0.842995032206
0.843005405813
0.843449031235
0.84398242377
0.844283874935
0.844145246838
0.843533011651
0.8425521831
0.841502328808
0.840674603175
0.840268962234
0.840347295181
0.840927559211
0.841845433998
0.843024870096
0.844333452254
0.845670225386
0.847039376587
0.848477738018
0.850116550117
0.852059454549
0.854361250482
0.857051617024
0.860048360048
0.863156856946
0.866256541365
0.869115981883
0.871680241697
0.87392508979
0.876019475317
0.878194225292
0.880590011425
0.883382753158
0.886511326599
0.889839247801
0.893028432662
0.895707014378
0.897554728947
0.898395177386
0.898399102682
0.897951681745
0.89762119227
0.897964219618
0.89929800584
0.901751379368
0.905103786135
0.908955223881
0.912677447759
0.915646815479
0.917369598898
0.91771908044
0.916845436588
0.915260308029
0.913477641936
0.911987480438
0.911100442515
0.910968660969
0.911452408039
0.912216734149
0.912948950229
0.913342179608
0.91333462108
0.912974275144
0.91254851229
0.912349391075
0.912698757494
0.913796866134
0.915676907569
0.918202385398
0.921048587174
0.923763480848
0.926018522544
0.927649471185
0.928750724078
0.929610611896
0.930604982206
0.932024788927
0.934045528029
0.936686980609
0.939663699308
0.942569258063
0.944865657283
0.946203257628
0.946413058388
0.945598619531
0.9441003581
0.94231285216
0.940701348405
0.939651725823
0.939428978031
0.94015168414
0.941811503315
0.944249538974
0.947268623025
0.950585676417
0.95398793947
0.95729390763
0.960366134834
0.963019815797
0.965170859932
0.966737638987
0.967631460033
0.968104618756
0.968350520363
0.968910203407
0.970239909946
0.972767087546
0.9767468845
0.98219095384
0.988816772507
0.996085921105
1.0032238806
1.00934172314
1.01361343715
1.0156253857
1.01556265953
1.01410091197
1.01228495155
1.01128245554
1.01201562769
1.01512918754
1.0207723167
1.02847397301
1.03737946118
1.04625880942
1.05378125942
1.05908884745
1.06190127139
1.06261416684
1.06217153936
1.0614858436
1.06157923455
1.06306519453
1.06628379995
1.07118134743
1.07717405959
1.0835940028
1.08961593172
1.0947118969
1.09877260129
1.10200817953
1.10490808775
1.10784442288
1.11111405064
1.11477827229
1.11859559284
1.12203286671
1.12469177315
1.12615819209
1.12638109808
1.12557981672
1.12425735605
1.12295196751
1.12208929418
1.12191456797
1.12240750536
1.12343370636
1.12457997312
1.12544239088
1.1258654658
1.12583453055
1.12575035933
1.12590628262
1.1268350635
1.12869851917
1.13140273565
1.1346869322
1.13800017435
1.14060308555
1.14195777576
1.14179671518
1.1403411898
1.13826718966
1.13651329917
1.13609416861
1.13759192748
1.14139097529
1.1472003246
1.15446365561
1.1620677298
1.16870460048
1.17323603945
1.1748485034
1.17366912617
1.1704256863
1.16636744464
1.16275346852
1.16050110538
1.16021448353
1.16187007757
1.16505753998
1.16895060048
1.17250352048
1.17477288177
1.17518248175
1.17390358375
1.1715835141
1.16921037215
1.16775559032
1.16784328107
1.16968864469
1.17319392216
1.17787325456
1.18286665844
1.187300604
1.19040815059
1.1918676946
1.1919110338
1.19113221012
1.19031517558
1.19018614624
1.1910943302
1.19306231361
1.19570164349
1.19840386633
1.2003892913
1.20100823177
1.20005719551
1.19782992682
1.1951478772
1.19300313246
1.19223528686
1.19328068119
1.1962553086
1.20074465755
1.20582647245
1.21045039269
1.21329146705
1.21345609526
1.21060330256
1.20510915902
1.1981653722
1.19122989922
1.18571920058
1.18259247746
1.18241963038
1.18520021223
1.19037268059
1.19702234833
1.20382617673
1.20953404318
1.21336256258
1.21488846733
1.21450888498
1.21292738837
1.2110467535
1.20953348788
1.20890757365
1.20908344388
1.20994107584
1.21086679414
1.21133722796
1.21087160262
1.20950401143
1.20754901322
1.2056753763
1.20470595893
1.20530317801
1.20771253287
1.21191365038
1.21733901115
1.22311652763
1.22808966734
1.23120762504
1.23154340414
1.22881938759
1.223673896
1.21719884126
1.21089693666
1.20610538596
1.20373734752
1.2041613754
1.20731667376
1.21235903185
1.21823250257
1.22338510766
1.22654164442
1.22681132892
1.22409686383
1.21923922676
1.21350656117
1.20842371071
1.20501970412
1.20393565718
1.20535191093
1.2087710084
1.2132662185
1.2176160619
1.22037811611
1.2205111074
1.21753990112
1.21183268764
1.20447543376
1.19689634166
1.19060492335
1.18651913383
1.18522167488
1.18668160717
1.19035754732
1.19514988873
1.19979518351
1.20290143744
1.20348875771
1.2011855755
1.19639311175
1.18997624093
1.18307984791
1.17679350042
1.17180039322
1.1685088048
1.16680794951
1.16636568134
1.16654396466
1.16654827252
1.16569333593
1.16365640909
1.16053242233
1.15678520172
1.15306379495
1.15003575982
1.14808657369
1.14739194319
1.14776863549
1.14874408893
1.1497370863
1.14986741538
1.14851951971
1.14526568371
1.14011934455
1.13372093023
1.12685799757
1.12041804113
1.11523800811
1.11176914942
1.11010992972
1.11008541885
1.11131123919
1.11305055621
1.1145861745
1.11521719278
1.11452709916
1.11244099284
1.10924242424
1.10556223692
1.10198975337
1.09910867127
1.09707657156
1.09604898673
1.09561950253
1.09548134742
1.09507610194
1.0939951631
1.09198707497
1.08908712459
1.08573977695
1.08248828797
1.0801415303
1.07924473068
1.08016853116
1.0828882409
1.08707025411
1.09205957471
1.09696691176
1.10087277126
1.10282724329
1.10233731586
1.09925659194
1.09417157446
1.08807031747
1.08216617296
1.07765075736
1.07547866598
1.07606390499
1.07947748561
1.08523433089
1.09248030827
1.10007979027
1.1068456992
1.11159876418
1.11361526859
1.11274481316
1.10949561785
1.10489651983
1.10014080055
1.09646017699
1.09460571493
1.09505241446
1.09776875123
1.10231284064
1.1078737033
1.11346345633
1.11799765036
1.12061024755
1.12080904842
1.11870908199
1.11485165593
1.11008807046
1.1055143612
1.10185760262
1.09979490349
1.09948142957
1.10082760555
1.10339680036
1.10658804853
1.1096066501
1.11179212707
1.11272821967
1.11232630327
1.11093718294
1.10906098406
1.10741548528
1.1065709238
1.10687087733
1.10842728298
1.11113300493
1.11453160271
1.11800431377
1.1208583691
1.12240538122
1.12221381598
1.1201918858
1.11664079206
1.11223088832
1.10785708066
1.104260767
1.10216877084
1.10178354391
1.10316032166
1.1060686905
1.10995914918
1.11425734147
1.11816437022
1.12107882857
1.12248591529
1.12232918525
1.12078032729
1.11845649373
1.11603639218
1.11415735514
1.11318116976
1.11331388598
1.11443726547
1.11617074135
1.11807762143
1.11956863755
1.11995263127
1.11894144735
1.11630498534
1.11224699627
1.10721082062
1.10203014725
1.09733750754
1.09371807967
1.09140403558
1.0904104249
1.09039704781
1.0909747493
1.09152845256
1.09150510707
1.09038810713
1.08795727789
1.0842548559
1.07962804006
1.07462516715
1.06998251847
1.0662332952
1.06377396012
1.06273467262
1.06290938865
1.06396332478
1.06533048573
1.06642066421
1.0665890764
1.06541717723
1.06270756007
1.05850722982
1.05320180664
1.04737695457
1.04175740418
1.03690913015
1.03339855791
1.03137192026
1.030945758
1.03180999973
1.03368324225
1.03602399782
1.03823125515
1.03968319673
1.0399889457
1.03885288846
1.03642247881
1.0329903642
1.02923629296
1.02580178442
1.02320624517
1.02191526099
1.0220681963
1.02365557063
1.02635514019
1.02987155766
1.03354783124
1.03674285406
1.03880734442
1.03922897576
1.03772664444
1.03447249506
1.02995385487
1.02490251445
1.0201184066
1.01622198506
1.01379401993
1.01292544034
1.0137388042
1.01588977459
1.01899955078
1.02248680756
1.02571009468
1.0280441615
1.02895648409
1.02829135466
1.02598289664
1.02253236467
1.01851499415
1.0146693992
1.01157981803
1.00968363281
1.00919972819
1.01005377601
1.01201442769
1.01469668543
1.01750972763
1.01985204109
1.02108157654
1.02071804378
1.01858409509
1.01475801797
1.00965272081
1.00400617167
0.998477401432
0.993782110394
0.990365837782
0.988427062075
0.988050168688
0.989061169732
0.991127484045
0.993908815225
0.996996522289
0.999867475947
1.00207336523
1.00324063006
1.00309548377
1.00163012042
0.998981909312
0.995488019915
0.991564120424
0.987603199506
0.983967112025
0.981001593912
0.978889918649
0.977723346655
0.977487478701
0.978082191781
0.979272332057
0.980822059814
0.982524019735
0.984228196653
0.98591512559
0.987669801463
0.989574351337
0.991755804853
0.994410067079
0.997619909971
1.0013119646
1.00540070132
1.00974813076
1.01401010565
1.01777208707
1.02067276711
1.02227709904
1.02233523829
1.02081958994
1.01780894417
1.0137872745
1.00926290378
1.00483192186
1.00097568491
0.998019299137
0.996122176617
0.995236543235
0.995185435944
0.995743823507
0.996626334881
0.997595723457
0.998402185398
0.998808321028
0.998676115567
0.997874215793
0.996359693285
0.994199625286
0.991433597634
0.988372093023
0.985261142324
0.982316644928
0.97985453273
0.978095641556
0.977259170892
0.977458711501
0.978679147166
0.980661615411
0.982985267126
0.985141491824
0.986621655414
0.987082181453
0.986324182479
0.984507682976
0.981910840881
0.979123278047
0.976615170286
0.974983995667
0.97445584615
0.975187424426
0.977137488256
0.980078143843
0.98374181024
0.98774389646
0.991687344913
0.995152824171
0.997869966528
0.999592055277
1.00025511506
1.0
0.999066410981
0.997773441409
0.996575682382
0.995734714004
0.99562857634
0.9964192868
0.998159373696
1.00083595594
1.00421389847
1.00805156956
1.0119056459
1.01530751482
1.01781183143
1.01898986874
1.0186993091
1.01696403925
1.01411634683
1.01065991121
1.00721742171
1.00438922779
1.00267885669
1.00226415094
1.00313918671
1.00511650252
1.00791784635
1.01107259773
1.01432727273
1.01732958022
1.01988327233
1.02186065083
1.02322719968
1.02401752222
1.02429577465
1.02418122134
1.02375788398
1.02323562962
1.02281199852
1.02271776317
1.02317010246
1.02440341746
1.02645333857
1.02941104325
1.03320825056
1.03752331403
1.04190747891
1.04570934683
1.04832178083
1.04912535349
1.04779189353
1.04425294639
1.03883667767
1.03216077855
1.02512398359
1.01851436545
1.01302602743
1.00900813166
1.00656481549
1.00562148657
1.00578853821
1.0067264574
1.00807919063
1.00950472793
1.01086555717
1.01196880707
1.01265072149
1.01271134148
1.01198946306
1.0103075073
1.00765805441
1.0041233592
1.00009732834
0.995974098416
0.992273704035
0.989510321651
0.988103468828
0.988253404381
0.989889705882
0.992799830584
0.996484522461
1.00040391561
1.0040332261
1.00685047978
1.00857051644
1.00910507955
1.00858283928
1.00732202048
1.00579610482
1.00428057204
1.00320258133
1.00262680294
1.00268389426
1.00338902714
1.00459933618
1.00626959248
1.00832659276
1.01066819069
1.01321743272
1.01573996904
1.01787033286
1.01917520357
1.01925197794
1.01773921427
1.01446606412
1.00955925277
1.00345675406
0.996723857597
0.99004651387
0.983959133984
0.978880725709
0.974976005993
0.972267460798
0.970658557534
0.96991747065
0.969928322944
0.970559233695
0.971817023085
0.973620591581
0.975856660805
0.978271217097
0.980556614563
0.98229285987
0.983165144196
0.983032162201
0.981881014663
0.980046047583
0.977945568804
0.976178047739
0.975278469709
0.975560981281
0.977145490151
0.979823657392
0.983235368113
0.986917603856
0.990357712674
0.993090408273
0.994746389615
0.995160945988
0.994265045332
0.992104637337
0.988791734793
0.984440934487
0.979154454006
0.9732984782
0.967141063206
0.961217488062
0.955993439442
0.951898093858
0.949238926727
0.948087617751
0.948326416456
0.94959908362
0.951431905916
0.953407197226
0.955095931419
0.956209225134
0.956667437023
0.956518701383
0.955955276946
0.955091151623
0.953999113123
0.952627666001
0.950887902331
0.948655932555
0.945924206559
0.942794178412
0.939475253429
0.936310981891
0.933769848513
0.932305736533
0.932177368374
0.933351316115
0.935532368451
0.938201110537
0.940716465137
0.942572723752
0.94332383753
0.942737494794
0.940774804905
0.937668369717
0.93369117579
0.929111770251
0.924222014201
0.919267761546
0.914486898824
0.910121202581
0.906430781649
0.903577017662
0.901752901085
0.901053331855
0.901406584671
0.902596401594
0.904352806415
0.906265896977
0.907992689342
0.90927514693
0.909991122038
0.910093513774
0.90969814635
0.908855191573
0.90752886836
0.905653442374
0.903176486696
0.900072542619
0.896384618852
0.892388451444
0.888447105075
0.885073830279
0.882821488627
0.882064260563
0.882992005257
0.885342944517
0.888672771379
0.892400895562
0.895836098942
0.898493383405
0.899972886258
0.900205245154
0.899318385239
0.897535041083
0.895048092411
0.891934706247
0.888179425564
0.883751169104
0.878703808982
0.873164430747
0.867423131584
0.861982377867
0.857308120133
0.853824262613
0.851762645062
0.851026277945
0.851309288
0.852104987335
0.852878464819
0.853203280869
0.852790630099
0.851635251248
0.849855543518
0.847709199349
0.845299376863
0.842650243638
0.839653499966
0.836167378001
0.832146007192
0.827581524814
0.822601780308
0.817458354877
0.812543196665
0.808145435291
0.804575120599
0.801921287782
0.800206593785
0.799307958478
0.799103873164
0.799411370079
0.800078323869
0.800918133129
0.801750806292
0.80231892986
0.802298647725
0.801420951285
0.799457693419
0.796387263877
0.792337353719
0.787585370237
0.782634071879
0.777954164338
0.773949934475
0.770809000154
0.768589799668
0.767097082736
0.766185959898
0.765604737616
0.765267546607
0.765069351424
0.765056726094
0.765220963418
0.765448404278
0.765551694179
0.765264675052
0.764312431243
0.762444794603
0.759577515217
0.755736191484
0.751168725581
0.746174333047
0.741077251771
0.736123850645
0.731457174638
0.72714997233
0.723260735385
0.719832224345
0.716947299366
0.714761158966
0.713424124514
0.713015272915
0.713507043157
0.714709270082
0.716287814049
0.717844105647
0.719017741238
0.71946777184
0.71912753152
0.718043785311
0.716428476616
0.714434405173
0.712265301146
0.70997978721
0.707549692486
0.705102109289
0.702628745738
0.700298333371
0.698281449036
0.696699494277
0.695634031713
0.695106840858
0.694998922182
0.695176614408
0.695503211991
0.695854411386
0.696213406645
0.696580645161
0.697060910322
0.697734836286
0.698548176106
0.699390584095
0.700066757112
0.700385815849
0.700209826893
0.699495339048
0.69823534628
0.696542836829
0.694472785344
0.692129374103
0.689538610123
0.686775397917
0.683919794702
0.681191168178
0.678848067852
0.677174522403
0.676447247067
0.676763158455
0.678014844262
0.67990413522
0.682027843006
0.683991771275
0.685493736027
0.686464792321
0.686969353493
0.687167903625
0.687232663642
0.687197936759
0.686923612319
0.686139046786
0.684575580755
0.682097737516
0.678808761999
0.67492580268
0.670902588786
0.667121876959
0.663884387418
0.661238214545
0.658994904847
0.65700817368
0.655110785728
0.653298391081
0.651727537723
0.650682444411
0.650481310695
0.651162790698
0.652592421345
0.654313996896
0.655942674624
0.657006975269
0.657338931395
0.656953130037
0.656106738171
0.655148478341
0.654347778911
0.653704346317
0.653013407385
0.652051934495
0.650601883206
0.648678922053
0.64644148514
0.644273394941
0.642637497804
0.641859350143
0.641936667602
0.642756259362
0.643972596911
0.645311936148
0.646596580652
0.647807036202
0.649164627009
0.650937380436
0.653207859096
0.655916478221
0.658727645109
0.661184837133
0.662954840633
0.663782553621
0.663829142028
0.663357046218
0.662763157895
0.662320242755
0.661982997842
0.661510624683
0.660521015471
0.658719754705
0.656039595131
0.652700892857
0.649154844888
0.646069032701
0.643842234715
0.642664227217
0.642438148012
0.642830941849
0.643471883695
0.644104756353
0.644668077571
0.645334425452
0.646244338063
0.647589138841
0.649243085571
0.651009283707
0.652517908692
0.653479001013
0.653821060415
0.653639493826
0.653236838621
0.652871883442
0.652574345317
0.652207780646
0.651437899727
0.649863790891
0.647305633675
0.643814997263
0.639822766307
0.635925091588
0.632770529547
0.630598015554
0.629454102536
0.628965152883
0.628717002679
0.628330441277
0.627689264916
0.626928225046
0.626507340091
0.626787613116
0.6280478603
0.630081388107
0.632514072101
0.634832552415
0.636529879177
0.637484072235
0.637797019288
0.637848073067
0.638035986035
0.638532811586
0.639164987434
0.639537540557
0.639136458093
0.637586552584
0.634734051289
0.630969167137
0.626862873746
0.623080329053
0.620057479256
0.617911344159
0.616538923262
0.615569526627
0.614679960212
0.613672569436
0.612610751503
0.61172269481
0.611387531801
0.611780724075
0.612964114408
0.614782280783
0.616902597836
0.61906672015
0.621086946814
0.622847186544
0.624380331383
0.6257121791
0.626804123711
0.627590717395
0.627963594994
0.627866366435
0.627367347412
0.626613147885
0.62584396099
0.625129387409
0.624510035419
0.623793144348
0.622785474141
0.621232073168
0.619165208218
0.616699744148
0.614213077362
0.612171331637
0.610842388129
0.610343466246
0.610645683869
0.611503974857
0.612719298246
0.614162348877
0.615823742492
0.617790543929
0.620117940576
0.622794317256
0.625767149036
0.628838542378
0.631824737312
0.634662795788
0.637340745888
0.639899506839
0.642346509672
0.644582843713
0.646431365112
0.647663551402
0.64814410745
0.647880079359
0.64715170355
0.646250247672
0.645421390825
0.644694014461
0.643868042059
0.642665865806
0.640847018585
0.638402543014
0.635671423529
0.633029824165
0.631005669949
0.629709895089
0.629048014458
0.628582531818
0.627939644942
0.626903921474
0.625569565322
0.624361464854
0.623750119036
0.623981098641
0.62487075853
0.625944347989
0.626593592699
0.626406885463
0.625383462938
0.624020825373
0.622986139372
0.622880847901
0.623647121074
0.624854819977
0.625638019879
0.625203733887
0.623296560675
0.620160499107
0.616651926721
0.613697936448
0.611866470499
0.610993711332
0.610473457676
0.609500451788
0.607431466805
0.604215517691
0.60044700868
0.597072717417
0.594901067397
0.594159804819
0.594427009516
0.595010615711
0.595048629531
0.594213855498
0.592711333751
0.591351163598
0.590984974958
0.592116475544
0.594606392783
0.597834793796
0.600940797972
0.60323172971
0.604447389736
0.60490857774
0.605388971976
0.606546114778
0.608648488733
0.611483039247
0.61456836799
0.617272286203
0.619186496671
0.620321272614
0.621004804679
0.621698187446
0.622633038426
0.623706390697
0.624571536531
0.624880591719
0.62426426096
0.622979310345
0.621424240754
0.620172086758
0.619599231403
0.619903286075
0.620760902504
0.621783545003
0.622555104968
0.62276320123
0.62256862265
0.622283267351
0.622359883581
0.623071407706
0.624473579658
0.626322191665
0.628302483784
0.630113278792
0.631587165274
0.632829652589
0.63399398473
0.635272960822
0.636815920398
0.638753499948
0.641052384553
0.64364655353
0.646324804287
0.648944302396
0.651213952502
0.653022484827
0.654292280654
0.655099750965
0.655637017568
0.656135748374
0.656688309863
0.657164694559
0.657367218732
0.656968857333
0.655784617182
0.65397893246
0.651915475377
0.650065608971
0.64873899418
0.647886062343
0.647153839251
0.645904001441
0.6438063097
0.640796620398
0.637307102247
0.63407937929
0.631847697757
0.630744525547
0.630571403748
0.630639720933
0.630324120675
0.629247311828
0.627507979936
0.625769122213
0.624675650791
0.624665101505
0.625720718247
0.627403648334
0.629222136649
0.63075097287
0.631814539526
0.632668817382
0.633654664799
0.635011911608
0.636697448826
0.638442044954
0.639916666667
0.64090132003
0.641458321576
0.641877726783
0.642481896919
0.643492135856
0.64485043164
0.646344643737
0.647750946275
0.64889350958
0.649740559671
0.650377301539
0.650816740916
0.650961187492
0.650641809291
0.649697193274
0.648109795679
0.646086579013
0.644095122934
0.642495054402
0.641577391947
0.641094881551
0.6407427836
0.640086999142
0.638964535969
0.63746380125
0.636033418089
0.635046350464
0.634741225461
0.634891076232
0.635073044298
0.634811484322
0.633948447569
0.632766552146
0.631787085414
0.631503675524
0.631981137435
0.632917847025
0.633664208735
0.633754338055
0.63299509748
0.631788796172
0.630822948307
0.630506748154
0.630874950512
0.631543090723
0.631878503604
0.631474161064
0.630370327307
0.62900023359
0.627927400468
0.627441191154
0.627268428208
0.626911589008
0.625775598535
0.623761768945
0.621262355529
0.619023857789
0.61760561175
0.617013244408
0.616696247465
0.615894676148
0.614052722026
0.611063774005
0.607635451726
0.604565001654
0.602487348262
0.601263311066
0.600304706389
0.598837402425
0.596423457325
0.593194379703
0.58984647014
0.587212747745
0.585655028252
0.584923416407
0.584383685605
0.583405860168
0.581713624827
0.579639800741
0.577906461616
0.577077202429
0.577180583969
0.577647203593
0.577650587659
0.576592502286
0.574494528479
0.572021535778
0.57001132098
0.568949232586
0.568748717648
0.568775730678
0.568284506632
0.566990800047
0.565155519415
0.563427546504
0.562449567723
0.562322009033
0.562536006452
0.562445768497
0.561591675387
0.560087527352
0.558572514175
0.557681057681
0.557721051552
0.558330633523
0.558868070196
0.55883411299
0.558093797277
0.557254233159
0.557101786151
0.557968121372
0.559708182633
0.561559122993
0.562774946989
0.562929208652
0.562428965741
0.562092573787
0.562792691775
0.564685953433
0.567232244652
0.569455285932
0.570583989276
0.570500573175
0.56986013986
0.569740532959
0.570866694761
0.573094265182
0.575580365054
0.5772639554
0.577448049843
0.576352719907
0.574888832652
0.574309481796
0.57507975768
0.577026205713
0.579109172803
0.580348516835
0.580409827272
0.579537765749
0.578793018161
0.578792650919
0.579679478285
0.58077744848
0.581198340021
0.58042936619
0.578658350564
0.576916619094
0.576013289037
0.576400539491
0.577589865813
0.578559366069
0.578527091685
0.577380569665
0.575704393886
0.574479529203
0.574313078976
0.575155434749
0.576281751597
0.576915893669
0.576557550158
0.575466155416
0.574339901024
0.573768988599
0.573795960642
0.574056029233
0.573894480024
0.573117097306
0.571921573418
0.570927608709
0.570493300853
0.570597196831
0.570563776446
0.56980818886
0.568051177452
0.565791922576
0.563871448996
0.562980724317
0.563031515758
0.563285358864
0.562688797736
0.560746163231
0.557686709577
0.554678362573
0.5527962456
0.552485102482
0.553182358378
0.553829709056
0.553509781358
0.55205587319
0.550329548984
0.549398342407
0.549843260188
0.551398920132
0.552982828819
0.553569509618
0.552855539058
0.551515151515
0.550772505413
0.551665683962
0.554147209251
0.557299843014
0.559785482287
0.560686367969
0.560135083276
0.559189012426
0.559159644465
0.56068830119
0.563329731399
0.565903189552
0.567248959265
0.566876996183
0.565399860107
0.564088675668
0.563841677265
0.564825861074
0.566235366605
0.56711241281
0.566834634766
0.565570007651
0.564243689505
0.563672669731
0.563941063997
0.564552322537
0.564652759637
0.563741691114
0.562175689103
0.560792871431
0.560382651226
0.56102348155
0.562233285917
0.563112658048
0.563104388792
0.562495601379
0.562060319008
0.562549498984
0.564091188315
0.566184460744
0.56783221522
0.568445240428
0.568126847622
0.567621519114
0.567893922943
0.569290953545
0.571303501946
0.573227174159
0.574384841724
0.574749331012
0.574939913475
0.575697844471
0.577294533518
0.5794533459
0.581261170863
0.58212976597
0.582006942056
0.581459099122
0.581311018131
0.581934846989
0.583123193308
0.584246554317
0.58483223533
0.584754048274
0.584545620549
0.584796385579
0.585650739855
0.586790112251
0.587592345888
0.587638851055
0.587087812538
0.586479737658
0.586432341651
0.587013843111
0.587786946737
0.588157459477
0.587651200578
0.586451264188
0.58512866547
0.584226394818
0.583731771456
0.583135712785
0.581957066514
0.579984239559
0.577793943803
0.576066257595
0.575253256151
0.575079197466
0.574776413521
0.573509205826
0.571121351767
0.568246927271
0.565930851883
0.564883148831
0.564963054187
0.565389614409
0.565287915653
0.564375117932
0.563134748632
0.562402768518
0.562706900942
0.563937883436
0.565403285434
0.56633413228
0.566512265136
0.566326697931
0.566495490157
0.567406819984
0.568842384986
0.570190699231
0.570898542903
0.570938137322
0.57085657575
0.571202204616
0.572251726891
0.57362113673
0.574565286681
0.574586821206
0.573783501064
0.572725621936
0.572107649554
0.572034367049
0.572035160906
0.571466195116
0.57007963595
0.568357662843
0.567115634805
0.566803957042
0.567228034693
0.567617694645
0.567231774278
0.565961936453
0.56452074392
0.563938461538
0.564472274862
0.565654467661
0.566269624142
0.565488654331
0.563444304948
0.561346078303
0.560612039107
0.561652281134
0.563584713037
0.564805247316
0.564179648356
0.561526407964
0.558378227754
0.55627624825
0.55605065666
0.556963821234
0.557665630232
0.556868251586
0.554490783748
0.55176655841
0.549967858379
0.549688977358
0.550374353048
0.550790986317
0.550218790219
0.548794429433
0.547509418167
0.547068429648
0.547344356425
0.547460180801
0.546430517711
0.544258504899
0.541855441706
0.540530619056
0.540763546798
0.54178842451
0.542128590341
0.540620608899
0.537392490658
0.534002629377
0.532136423682
0.532206158127
0.533094186902
0.533077115361
0.531107429591
0.527745104375
0.525139955735
0.525174825175
0.527809949987
0.531307132848
