1.09944461123
1.10567646399
1.11316379955
1.11396922162
1.10612036226
1.09537366548
1.08905251459
1.08987610377
1.09459828127
1.09674774529
1.0912933797
1.07976286715
1.06944352763
1.0669250646
1.07244534825
1.08004027183
1.08189655172
1.07391600173
1.05912831454
1.04593152246
1.04154583654
1.04672622546
1.05591372641
1.06125663614
1.05794176996
1.04823296579
1.03899767673
1.03590635015
1.03893871851
1.04370097647
1.04450566917
1.03888830734
1.02998971193
1.02359062437
1.02326392348
1.02792329742
1.03271832718
1.03271393643
1.0266847143
1.01831066299
1.01318742985
1.01421450988
1.01981874771
1.02520817218
1.0262385404
1.02214088028
1.01654492652
1.01393471089
1.01624897907
1.02139654068
1.02494802495
1.02343061096
1.01732837055
1.01065127246
1.00749198718
1.00889135871
1.01236518785
1.01365066876
1.00987394138
1.00227298994
0.995144157815
0.992701276341
0.995733313546
1.00140299059
1.00514535632
1.00364564346
0.997623762376
0.990596167495
0.986610585349
0.986819225151
0.989504312584
0.991231703949
0.989502572899
0.984648824888
0.979221912658
0.975840755018
0.975397926161
0.976660741326
0.977577886478
0.976972824667
0.975379830898
0.974368844834
0.974912559618
0.976401832254
0.977108357965
0.975644116082
0.972382227481
0.969208392647
0.968230513484
0.969864358927
0.972451199706
0.973301119335
0.970666991237
0.965468363592
0.960769689737
0.959425514938
0.962030152526
0.966575696217
0.969707643536
0.969008385621
0.964703821563
0.959631111884
0.956893819334
0.957583584445
0.960223527726
0.961998854525
0.96100779844
0.957854950551
0.955244952704
0.955579905597
0.959124701922
0.963518830804
0.965359790298
0.962642137637
0.95657194356
0.951028540959
0.949750853816
0.953805641931
0.960718704308
0.966189305991
0.966921551968
0.962886422829
0.957509323087
0.954925204629
0.95723135236
0.962930323791
0.968048013718
0.969016910289
0.965000716025
0.958747571706
0.954367740647
0.954287840623
0.957879259644
0.962007272727
0.963189824448
0.960138852117
0.954727422583
0.950569670563
0.950079660117
0.953123610164
0.957062720057
0.958807116498
0.956920946475
0.952844988837
0.949520322005
0.949252640872
0.952158693116
0.956130832429
0.95830859143
0.957144652507
0.953640922136
0.950253485425
0.9493468749
0.951398307821
0.955087765175
0.958104985144
0.959048789399
0.958362479598
0.957747419753
0.958628563753
0.960968998814
0.963321917808
0.964107883817
0.962804453723
0.961047120419
0.961095756219
0.964475209951
0.970374827452
0.976255936016
0.979105980509
0.977489989539
0.972864864865
0.968484979158
0.967275467365
0.969601149838
0.973358808897
0.975355039208
0.973329964993
0.967842658723
0.96200413076
0.959061019586
0.96048557354
0.965012633352
0.969553805774
0.971173931207
0.969056499517
0.964783189021
0.96122871997
0.960188225735
0.961524157284
0.963094153763
0.962573295359
0.95910805267
0.954109031733
0.950176225569
0.949054272408
0.95061261772
0.953069045674
0.953922243786
0.951837926856
0.947531717507
0.943335557847
0.941234760675
0.941603224362
0.942993298585
0.943234166493
0.940946861046
0.936627975144
0.932526905114
0.930802415876
0.932136414397
0.935237386601
0.937648507057
0.937332190803
0.934182891525
0.93001209598
0.927496580027
0.928092202333
0.931295365717
0.935073326965
0.937005426181
0.935929754992
0.932801854522
0.929998028113
0.929441210383
0.931426155581
0.934502890829
0.936559078467
0.936131856812
0.933711145458
0.931185316485
0.930502703785
0.932236539347
0.935345203172
0.937777385886
0.937874918335
0.935540746496
0.932530409252
0.931053105311
0.932329921734
0.935787878788
0.939518101761
0.941595705294
0.941329937572
0.939754903489
0.938772319335
0.939785891439
0.94269105614
0.945957135123
0.947545717036
0.946435477633
0.943463809739
0.940616734404
0.939745037922
0.941195518425
0.943528951996
0.944488111613
0.94210128992
0.936516247259
0.929896371374
0.924913026672
0.923145866009
0.924059118332
0.925558391832
0.925043023775
0.921232876712
0.914921013787
0.908619833685
0.904794058069
0.904264073882
0.905967835102
0.907676411597
0.90703670003
0.90333373523
0.897956748695
0.89308342911
0.890408960971
0.889932457895
0.890029198346
0.888773448773
0.884930561546
0.879200571021
0.873635077793
0.87030180635
0.869907355732
0.871411049785
0.872714074322
0.872039372501
0.86890056453
0.864699161163
0.861591887762
0.861148123473
0.863271897099
0.866386554622
0.86827259393
0.867562815495
0.864581259775
0.861190205011
0.859552485872
0.860722075537
0.86407738871
0.867621222769
0.869266936748
0.868131213907
0.865091691058
0.862201071503
0.861343906762
0.863126379774
0.866658526162
0.870141478901
0.871981126218
0.871812435782
0.870580179283
0.869746331758
0.870304726368
0.87199152014
0.873580123291
0.873788539347
0.871985215812
0.86885143765
0.865965996909
0.864630965168
0.865163734115
0.866786596335
0.868009016693
0.867622490204
0.865475723468
0.862562356245
0.860391624088
0.859892359892
0.860772003255
0.862006026191
0.862063982892
0.860390170916
0.857477369428
0.854840533816
0.853902377552
0.855111976631
0.857701915071
0.86008779241
0.860865207951
0.859677958547
0.8573773228
0.855672105672
0.85580840979
0.857801477532
0.860589138629
0.86241705095
0.862252405207
0.860259651714
0.858139071528
0.857688797627
0.859983382517
0.864387678437
0.869173635885
0.872257262148
0.872430815258
0.87037037037
0.868126888218
0.868133200012
0.871469916222
0.87737908557
0.883933017928
0.888692802219
0.890313344998
0.889116124497
0.88714883825
0.886627536047
0.888779151268
0.89292658825
0.897158365262
0.899392971246
0.89843525925
0.894948535234
0.890922791924
0.888311284047
0.888077934127
0.889450177114
0.890834254822
0.890350608823
0.887447202893
0.883006260535
0.878898918581
0.876791254247
0.877022177775
0.878632930736
0.879903546433
0.879287540781
0.876724769298
0.873481516008
0.871588340963
0.872463432965
0.876068499899
0.881107254324
0.885526044884
0.887819468712
0.887848800927
0.887101569933
0.88772566398
0.890973630832
0.896694711538
0.903211106723
0.908344607059
0.91045146867
0.909565000156
0.907290362954
0.905959352394
0.907064364207
0.910489245444
0.914627930683
0.917376080182
0.917132065726
0.91397051708
0.909641837945
0.906284769686
0.905298013245
0.906484299024
0.90810387985
0.908054592586
0.904763386329
0.898255365138
0.890181707131
0.882929625049
0.878215458072
0.876270031695
0.87599575146
0.875684427436
0.874060591827
0.870873502775
0.867125155973
0.864311035536
0.863363837173
0.86416781293
0.865621050213
0.866412764361
0.865833864703
0.864173113839
0.862863475953
0.863351674081
0.866284032377
0.871067315683
0.875933199412
0.879064979107
0.879271418111
0.877161250766
0.874604101965
0.87371181734
0.875670979553
0.88021648001
0.885370627604
0.888895955228
0.888952654232
0.885614369735
0.880616336712
0.87648828174
0.875015580207
0.876640746501
0.880176869901
0.883570827227
0.884724340815
0.882816849137
0.878521826914
0.873833046316
0.870504887454
0.869331511894
0.86984860605
0.870730768091
0.870638373435
0.868848592068
0.865977267401
0.863371923905
0.862205750355
0.862879643302
0.864659685864
0.866213484134
0.866277182733
0.864428376696
0.86166582594
0.859619437765
0.85979583941
0.862558815596
0.867131594906
0.871671074482
0.874345875903
0.874093378128
0.871453733409
0.868148752038
0.866169262948
0.866552475864
0.869028314831
0.872111229411
0.874052643165
0.873508954143
0.870473624859
0.866323429068
0.863134996017
0.862264379659
0.864020702314
0.867318771003
0.87051978045
0.872022293471
0.871258467874
0.868903432142
0.866654933709
0.865970383731
0.867452775524
0.87055616772
0.873852876912
0.875901072496
0.875904890825
0.874373784405
0.872834924001
0.872900335946
0.87542894332
0.880057286072
0.885589123867
0.890396691683
0.89324571464
0.894034978139
0.893652334576
0.89356040447
0.894745073506
0.897245696401
0.900131777108
0.901953997672
0.901508708936
0.898527056311
0.893839246742
0.888950600142
0.88528092288
0.883302596971
0.882582582583
0.88202062472
0.880502395905
0.877585441633
0.873704910334
0.870195941625
0.868232243193
0.868398441975
0.870373017007
0.873006328208
0.875150922785
0.876064305712
0.875868256541
0.875644964926
0.876633559854
0.879625579564
0.884478655581
0.890050179637
0.894844369667
0.897692774742
0.898367771121
0.897707771513
0.897380915914
0.898534316575
0.901405001684
0.905070284206
0.907793768683
0.907781247102
0.904007167794
0.896999662193
0.888676323221
0.881467065868
0.877074351857
0.875817757009
0.87660228525
0.877628842154
0.877200564728
0.874336079929
0.869599977158
0.864422640653
0.860750218414
0.859670805011
0.861227473362
0.864526521039
0.868075531885
0.870627764057
0.87175484244
0.871954937429
0.872307602748
0.873880705848
0.876872220922
0.880633409719
0.884042992972
0.886071068399
0.886225764244
0.88503969788
0.883789236338
0.883800005913
0.885726072607
0.88922841864
0.893032930974
0.895463165573
0.895218777166
0.892073328169
0.887068892227
0.881863979849
0.878189323212
0.876830745513
0.877617189647
0.879477303989
0.880976013234
0.88107198057
0.879673541414
0.877637479024
0.876339064989
0.876829536701
0.879401018601
0.883537506293
0.887975974615
0.89146463922
0.893127117908
0.893122216724
0.892374461144
0.892194497761
0.893521879265
0.896390510207
0.900128003724
0.903458129228
0.905081383817
0.904395093309
0.901553806682
0.897616267479
0.893961956674
0.891414772254
0.890114727488
0.889475989706
0.88871276305
0.887128063608
0.884803452892
0.882431620899
0.881114111902
0.881710447272
0.884432992517
0.888615843388
0.892984608521
0.896182560924
0.897309123974
0.896370541706
0.894306619412
0.892479251633
0.891822755308
0.892487744056
0.89383910387
0.894635690464
0.893747353564
0.890665015619
0.885693504168
0.880154174639
0.87563800011
0.873244792091
0.873279646637
0.875167389791
0.877579900142
0.879218425121
0.87924196854
0.877875166003
0.876033276812
0.875178543088
0.876363155109
0.879946843854
0.885219999464
0.89101974574
0.89585895859
0.898648648649
0.899228677654
0.898213590072
0.896659242762
0.895448475406
0.894877282708
0.894463571746
0.893266832918
0.89033272637
0.885259814926
0.878475324183
0.871164988919
0.864795851212
0.860400416017
0.858361466897
0.858245704027
0.859089279312
0.859803745741
0.859600102538
0.858358319879
0.856777035159
0.855752733605
0.856046410145
0.857947062621
0.860907645387
0.863952752584
0.865946954552
0.866054158607
0.864251077586
0.861204417811
0.8579246643
0.855214399153
0.853246889601
0.851683870295
0.849735559473
0.846538868392
0.841688045151
0.83544207123
0.828690983338
0.822687609075
0.81837923206
0.816169087213
0.815672588832
0.815946275946
0.815973328757
0.814946268362
0.812707538286
0.809836718439
0.807333949492
0.806121681582
0.806497104004
0.808086949913
0.809741286932
0.810274852299
0.808640222973
0.80458255838
0.798645970088
0.792038224698
0.786064868694
0.781552790366
0.778634852919
0.77672746966
0.774968796652
0.772474919645
0.76880782832
0.764227250843
0.759595379869
0.755889414505
0.753848704467
0.753635201061
0.75477934183
0.756451110525
0.75777299233
0.758213552361
0.757745436606
0.756942719459
0.756621813915
0.757297852615
0.759042807229
0.76116167091
0.762691734263
0.762499683872
0.759957595033
0.755133289824
0.748961365276
0.742840976186
0.738141571394
0.735618056058
0.735207419656
0.736192208289
0.737410071942
0.737772426249
0.73662183085
0.734113590559
0.731054796855
0.728612202083
0.727753174623
0.728725627597
0.731091188271
0.733828048872
0.73566927149
0.735590467247
0.733236596915
0.729042753292
0.724103938122
0.71959781355
0.716452422984
0.714853587477
0.714401572868
0.714159617506
0.713256907701
0.710975162119
0.707304564437
0.702923777296
0.698845164734
0.696155336045
0.695379322042
0.69647030185
0.698731008075
0.701210737855
0.702955640305
0.703244927426
0.70198827428
0.69956050695
0.696676536655
0.693985038929
0.691865179929
0.690212314761
0.688744054959
0.686973103171
0.684689641374
0.681900824388
0.679032537853
0.676749747307
0.675561556401
0.675780962881
0.677205720032
0.679345683879
0.681459615003
0.682966483242
0.683548134884
0.683386695126
0.682965501368
0.682896090535
0.683644170827
0.685242061426
0.687313315516
0.68913146654
0.689941988292
0.689163018968
0.68664021164
0.682858268751
0.678691253349
0.675139571381
0.672886237924
0.672175191362
0.672759956452
0.674067112048
0.675393741051
0.676167405422
0.676128395575
0.675519539929
0.67481405556
0.674555587839
0.675033200531
0.676131654234
0.677451508621
0.67829036635
0.678025755757
0.676332331238
0.673159701411
0.668981919408
0.664555778223
0.660509302019
0.657253223365
0.654826674957
0.653101826732
0.651661834748
0.650307067763
0.648951781971
0.647769860121
0.647254089654
0.64776852445
0.649548124112
0.65231921947
0.655523925715
0.65841543626
0.660183506401
0.660343494588
0.658760033213
0.655830154254
0.65236771868
0.649196633512
0.647047655212
0.646165875755
0.646449982525
0.647449693318
0.648590256022
0.649379227906
0.649675955044
0.649612147219
0.649658641754
0.650438547796
0.652280584365
0.655161778725
0.658599265744
0.661929714644
0.664216390053
0.664855648354
0.663594470046
0.660734438753
0.65701873004
0.65347749187
0.650825511704
0.649525627351
0.649558066682
0.65046749902
0.651711625552
0.652715989912
0.653127677806
0.652945575883
0.652544823597
0.652519739898
0.653335275269
0.655169387397
0.657787850247
0.660655494587
0.663137114142
0.664617609835
0.664699473397
0.66346939393
0.661339352897
0.659053639047
0.6573121481
0.656594528379
0.656988188976
0.658237348806
0.659925353702
0.661483810855
0.66254479234
0.662961975045
0.662804586718
0.662513884302
0.662530494232
0.663074972836
0.664105976288
0.665352539803
0.666271109083
0.666544544178
0.665932182642
0.664452539104
0.662483971423
0.660602563324
0.659366515837
0.65911474722
0.659924825488
0.661521959359
0.663499746049
0.665414098903
0.666939493149
0.667981772028
0.668680268754
0.669497303663
0.670780997388
0.672768023907
0.675301223575
0.677924422586
0.680090877968
0.681123798264
0.680653984832
0.678614616601
0.675434534284
0.671913835957
0.669033831149
0.667646434957
0.66825790078
0.670821358342
0.674956622325
0.679760073823
0.684441812629
0.688220614714
0.690530956488
0.691401724804
0.691203509564
0.690643312512
0.690320512821
0.690598399592
0.691477543247
0.692663310218
0.693666318488
0.693911170246
0.693024730501
0.691005894657
0.688349882993
0.685872785728
0.684475172847
0.684765882612
0.687025545721
0.690984672992
0.695975868044
0.701151294393
0.705620716921
0.708567626019
0.709725935829
0.709195248899
0.707538420774
0.70562983353
0.704176522049
0.7036085784
0.704078699416
0.705427841635
0.707334273625
0.709411916597
0.711432103585
0.713204456094
0.714855072464
0.716593973037
0.718498659517
0.720528791995
0.722426775467
0.723706066042
0.723852295409
0.722458896359
0.719393858833
0.714938116354
0.709745275267
0.704676552061
0.700675435478
0.698400462517
0.698195454983
0.699864977818
0.702971580414
0.706684588401
0.710229159748
0.712788119078
0.713816457839
0.713233297121
0.711316475407
0.708682061107
0.705807912615
0.703124484477
0.700730166006
0.698647988272
0.696652583685
0.694531047025
0.692087919223
0.689513120763
0.687093328154
0.685306557324
0.684558136538
0.685080203569
0.686755159384
0.689179092356
0.691768482427
0.6937824348
0.694636908728
0.693861849808
0.691361737678
0.687392112601
0.682531346419
0.67747992748
0.672884658383
0.669079300863
0.66620581304
0.664206294365
0.662817479098
0.66180118298
0.661018037101
0.660399339827
0.659973313373
0.659806255912
0.659932879346
0.660290965773
0.660620756547
0.660657373724
0.660132186858
0.658877008771
0.656873401535
0.65436080861
0.651719078905
0.649536727481
0.648335929305
0.648497554158
0.650066781149
0.652738764045
0.655883581227
0.658752267427
0.660664684161
0.660927675544
0.659361364538
0.656137452503
0.651985274783
0.647829060943
0.644672830955
0.643239795918
0.643738921246
0.646147046753
0.649996834842
0.654528061224
0.659027912074
0.662720542674
0.665073977658
0.665870250539
0.665357998403
0.664064576136
0.662643830181
0.661583462057
0.661252369436
0.661782900306
0.662938154386
0.664518229167
0.666046541989
0.667157729326
0.667629109522
0.667454766361
0.666874548677
0.666273120819
0.666021836782
0.666316446137
0.667149822111
0.668244719592
0.66936369993
0.670080321285
0.670124202753
0.669228445817
0.667457797092
0.664929806512
0.662138157895
0.659469684616
0.657438324634
0.656322806109
0.656290573877
0.657342886119
0.659299940449
0.661820374527
0.664588697656
0.66716749189
0.66909825679
0.670220764131
0.670447984241
0.669922861859
0.668939014202
0.667763267205
0.666688779064
0.665968481947
0.665707883207
0.666048362618
0.666848121938
0.668072123954
0.669560723514
0.671074437232
0.672383450085
0.673300736864
0.673752532711
0.673657516877
0.673115113333
0.672273801775
0.671242278655
0.670254470426
0.669399001205
0.66884884402
0.66870954414
0.669062274337
0.669862213518
0.671149018124
0.672716607432
0.674453314821
0.67618447757
0.67786135537
0.679348794129
0.680714465048
0.681927797574
0.68315940986
0.684521888781
0.686145179692
0.688056156273
0.690454320639
0.693215547703
0.696410183574
0.699792144495
0.703269586675
0.706574929173
0.70947305657
0.711856116191
0.713632066553
0.714896191809
0.715954040309
0.717142964156
0.718761642203
0.721090963139
0.724399776661
0.728713836007
0.734023197635
0.740076923077
0.746503086661
0.752894069141
0.758711954124
0.763631957347
0.767572823401
0.770598719922
0.773094968452
0.775384864035
0.777953074434
0.781050664283
0.784810644831
0.789171078756
0.79394167608
0.798604356101
0.802678723767
0.805737810369
0.807649333906
0.808523435151
0.808743403835
0.808803360192
0.809237895098
0.81039229181
0.812654067379
0.816233172134
0.820981417212
0.826595226498
0.832687079378
0.838705345152
0.844193143062
0.848953185372
0.85285784953
0.855932966934
0.858317892168
0.860159869198
0.861530024678
0.862532204637
0.863299694473
0.86387945868
0.864388606592
0.864975755315
0.865983701979
0.867692880063
0.870493557241
0.874381707886
0.879498261768
0.885624792369
0.892391983467
0.899327878434
0.905806388013
0.911301148511
0.915385383387
0.918150531199
0.919735927728
0.92091509713
0.922375771832
0.924572545188
0.927882968834
0.932311936549
0.9375
0.942938081748
0.947898468811
0.9515625
0.953432145485
0.953488372093
0.951977698296
0.949754517915
0.947815282667
0.946895382877
0.947594457794
0.949872122762
0.953736105393
0.958387516255
0.962990299452
0.966654197617
0.968616647761
0.968491960017
0.966442224153
0.963140852671
0.959769193781
0.95710965561
0.955964646201
0.956600831601
0.95882872125
0.962198237656
0.96581466288
0.96868187377
0.96980118216
0.96855039515
0.965006510417
0.959831323998
0.953960767499
0.948678565754
0.944932538437
0.943260577221
0.943680049286
0.946071904128
0.949576379974
0.953314031641
0.956219995826
0.957341478829
0.956194314807
0.952874847083
0.948170569805
0.943273649184
0.939249397211
0.937018930726
0.937037994314
0.939323641613
0.943621250452
0.949114699621
0.954840737636
0.959712001694
0.962422493051
0.962440809298
0.959454359196
0.954149645238
0.947713813157
0.941372207257
0.936193561873
0.932746570023
0.931254502418
0.931601109171
0.933247555327
0.935487211349
0.937258586491
0.93779274775
0.936397818143
0.932894457422
0.927685950413
0.921566563142
0.915480473434
0.910061368676
0.905765306122
0.90269067368
0.900814807363
0.899738929611
0.898918783002
0.897833442755
0.895736040609
0.892343765929
0.887618075057
0.881867291815
0.875829912321
0.870187958589
0.865529078155
0.862101220953
0.85986049461
0.858651424143
0.858024989146
0.857383762949
0.856226487894
0.853870687156
0.849905646683
0.844309061019
0.837419914254
0.829889016456
0.822459132907
0.815715490582
0.810117200167
0.805685465383
0.802283271173
0.799646994931
0.797406587449
0.795087528837
0.792332123412
0.788917725265
0.784837281482
0.780405405405
0.775997086141
0.772183991307
0.769382804779
0.767706895784
0.767075538299
0.767145484803
0.767538126362
0.767665347654
0.766930710306
0.764955025762
0.761368121026
0.756128691519
0.749636291496
0.74259300022
0.735815991238
0.730006954103
0.725614216256
0.722749521175
0.721274175199
0.720657080756
0.72041758516
0.719945185001
0.718610937825
0.716074633719
0.712051980717
0.706703675667
0.700517654981
0.694270724029
0.688774871731
0.684660852313
0.682398167839
0.681950627276
0.683116674691
0.685372181201
0.688035721405
0.690394305367
0.691716309773
0.691411640555
0.689116202946
0.684771427396
0.678849561169
0.672071258517
0.665378356387
0.659665046789
0.655521703003
0.653162286516
0.652441842551
0.652929493545
0.654056934084
0.65509753124
0.655450926351
0.654553161972
0.652094647013
0.648085388181
0.642896110981
0.637164364427
0.631645764407
0.627020038785
0.623672059762
0.621749935091
0.621031746032
0.621067631262
0.621328760626
0.621283598464
0.620360161705
0.618234250222
0.614738563306
0.610032422763
0.604551549464
0.598887240356
0.593805244549
0.58990179256
0.58754342791
0.586785470485
0.587395829608
0.58889087337
0.590759430248
0.592502066784
0.593602024218
0.593747728099
0.592880613363
0.591035492133
0.588523570932
0.585773143253
0.583269851634
0.581383611522
0.580446386988
0.580458950969
0.581200525363
0.582385659121
0.58359308586
0.584521529403
0.584945242498
0.584697699304
0.583721096714
0.582058464411
0.579705448129
0.576973019766
0.57406271425
0.571351331867
0.569122352857
0.567539492066
0.566655970336
0.566355670652
0.566561937374
0.567022997398
0.567624460583
0.568090928226
0.568224167634
0.567766990291
0.566545996593
0.564446505654
0.561571239302
0.558144536851
0.554581872809
0.55123599502
0.548481535043
0.546626152557
0.545759546209
0.545844485622
0.546777333743
0.548219711194
0.549814992463
0.55116616064
0.551850175793
0.551594549031
0.550360729948
0.548273782067
0.54573808258
0.543252961083
0.541365209185
0.540402117867
0.540521083305
0.541682268441
0.543533561714
0.545648854962
0.547609317532
0.548900006854
0.549147511562
0.548255975542
0.546247818499
0.543454691708
0.540378096935
0.537531784458
0.53548521305
0.534494653329
0.534702427968
0.535875667534
0.537764866712
0.539786121835
0.541485761171
0.542555011807
0.542775893377
0.542142636616
0.540810717966
0.538882389374
0.536578638902
0.534072462266
0.53155364985
0.529094492273
0.526842395805
0.524849733814
0.523141989836
0.521649484536
0.520479186187
0.519668599834
0.519204209142
0.519084719131
0.51920685819
0.519376026273
0.519363693488
0.518951020953
0.517953895339
0.516426200637
0.514447726733
0.512333965844
0.510521531262
0.509272230005
0.508928276727
0.509514778969
0.510914051842
0.512812206421
0.51485951593
0.516483516484
0.517326326162
0.517014233697
0.5154433079
0.512763039042
0.509376465073
0.505798602988
0.502645678725
0.500446827525
0.499424020011
0.499557884395
0.500685020877
0.502374292591
0.504104610792
0.505552857374
0.506332385629
0.506448284756
0.505923636598
0.504940298027
0.503641637125
0.502230122818
0.500746365524
0.499348236981
0.498071265119
0.496908026045
0.495902843525
0.495162023508
0.494765999936
0.494797650964
0.495395132449
0.49661747585
0.498335322571
0.500393737991
0.50242695346
0.504118193763
0.505072111489
0.505041246563
0.503938564978
0.501915961945
0.499505668336
0.497216035635
0.49556659846
0.494928679525
0.495445101486
0.496977987021
0.499206298813
0.501651737501
0.50388337153
0.50540928674
0.506045291709
0.505734606266
0.504602161573
0.502873101987
0.500835744134
0.498663575178
0.49664386214
0.494828032066
0.493338507308
0.492172116595
0.491339696006
0.490906770468
0.491018910885
0.491743176762
0.493189451424
0.495355461977
0.4980647159
0.500964350152
0.503592156863
0.505486141942
0.506252003847
0.505645239559
0.503756464045
0.50100904889
0.498021279356
0.495424078371
0.493814927281
0.493467782851
0.494424143145
0.496424538954
0.499014238773
0.501814314314
0.504272969166
0.506127950349
0.507285059348
0.507837582625
0.507926983325
0.50777284264
0.507481734359
0.507093336757
0.506581919081
0.505857605178
0.504868501925
0.503638822696
0.502298703786
0.50115203737
0.500436354569
0.500400517592
0.501145282961
0.502553501946
0.504345712028
0.506144978805
0.507470012578
0.507889942254
0.507220272662
0.505578409374
0.503306919573
0.500903764647
0.498911894547
0.497814427876
0.497773792592
0.498796667695
0.500569774246
0.502704696336
0.504765407128
0.506439995117
0.507515714676
0.508095698405
0.508407785098
0.508647090614
0.509003457087
0.509467008908
0.509975062344
0.510272292408
0.510212279455
0.509630319975
0.508637056865
0.507455731594
0.50639797243
0.505892824259
0.506199543031
0.507384540887
0.509289650396
0.511599291738
0.513880154523
0.515725902894
0.516786534961
0.516912815626
0.516234441375
0.514914309435
0.513303703704
0.511683074368
0.510207720424
0.508969545265
0.50795926291
0.507080544933
0.506258195256
0.505466828647
0.504907146215
0.504729474082
0.505163262951
0.506318956871
0.508214989856
0.510640732265
0.513275099132
0.515751106483
0.5176583717
0.518857410992
0.519299899817
0.519209173119
0.519005328597
0.518970832345
0.519400326555
0.520314080067
0.521604386435
0.52298284862
0.524123133772
0.52479216152
0.524955752212
0.524815020618
0.524688496088
0.524996406497
0.526016190394
0.527747613877
0.530084563566
0.532614026484
0.534886426432
0.536443063211
0.537090587194
0.536911956393
0.536270583
0.53577361177
0.535858226648
0.536910366883
0.538971611261
0.541843047867
0.545083301275
0.548067832664
0.550396042519
0.551815065483
0.552425345958
0.552485867517
0.552420054357
0.552543255599
0.553001685361
0.553747548948
0.554512720619
0.554983788929
0.554947519512
0.554277498203
0.553213751868
0.552094490063
0.551308203991
0.551155891079
0.551793643375
0.553005845912
0.554525168806
0.555921337607
0.556910335308
0.557310443491
0.557244087766
0.557038044248
0.557081496553
0.557723853159
0.559034090909
0.560918355662
0.563023753106
0.56493714819
0.566232850554
0.566784660767
0.566646989374
0.566190546311
0.565899888504
0.566230198164
0.567365967366
0.569264321024
0.571714825033
0.574266326412
0.576471269024
0.578106525939
0.579081925773
0.579670722978
0.580146995739
0.580814303315
0.581876314198
0.583217189315
0.584598253531
0.585645480602
0.586069592607
0.585757241954
0.584861362893
0.583779625411
0.583014537108
0.582859987117
0.583462155462
0.58474428347
0.586269956459
0.587590079009
0.588408135046
0.588540026904
0.588298809422
0.58807917102
0.588374317709
0.589520511304
0.59156005887
0.594272008224
0.597154893813
0.599597937243
0.60110876452
0.601535384434
0.601193100003
0.60064449978
0.600548873059
0.601328322992
0.603162124389
0.605805379885
0.608727357582
0.611172630843
0.612607383329
0.612762892538
0.61188491837
0.610521849809
0.6093824662
0.609031207903
0.609713496915
0.611346268572
0.613597196691
0.615918462164
0.617833089312
0.619036413907
0.619713335492
0.620226765362
0.621038139317
0.622544434051
0.6248137653
0.62754610012
0.630345190425
0.632614342839
0.634008779835
0.63442599278
0.634181276498
0.633699946003
0.633564062721
0.634083800614
0.635304735313
0.637019843179
0.63878694774
0.640129209308
0.640740209439
0.640669484945
0.64014518638
0.639609733568
0.639496163313
0.64001977434
0.641221151037
0.64294719559
0.644876273226
0.646759028734
0.648410871908
0.649924820726
0.651469069207
0.653150841175
0.654999005597
0.656873598456
0.658427093988
0.659288762447
0.659182105353
0.658139336574
0.656513230665
0.654814143759
0.653566271201
0.653154560691
0.653611960779
0.654733079673
0.656040219697
0.657031797989
0.657328532537
0.656926849203
0.656126711534
0.65545734604
0.655399222146
0.656236654044
0.657875291309
0.65999715788
0.662146410803
0.663779639358
0.664563051845
0.664611833587
0.664269122051
0.664083839679
0.664484861989
0.665651201789
0.667482901292
0.6696963672
0.671816331795
0.6734611387
0.67456633985
0.675322787019
0.67610227736
0.677393004055
0.679392662805
0.682041044009
0.685094100669
0.688054728275
0.690431354087
0.69198139426
0.692785239767
0.693192272309
0.693662072311
0.694515487354
0.695884341182
0.697616810455
0.699399828522
0.700917431193
0.701883325678
0.702310231023
0.702457065856
0.702655425556
0.703214860824
0.704257534564
0.705671380668
0.707164284454
0.708511016347
0.709476123971
0.710073053394
0.710495178371
0.711112418724
0.712161133556
0.713702028309
0.715622813156
0.717649461675
0.719408913031
0.720713618313
0.72146770809
0.721913947881
0.722368611553
0.723137390902
0.724376210715
0.726038917728
0.727852896608
0.729576887014
0.731050120737
0.732304417243
0.733396612583
0.734577269887
0.736006933031
0.737607402512
0.739121237761
0.740333505452
0.741053208662
0.741318968928
0.741433116195
0.741921896624
0.743171030242
0.745329458514
0.748191668389
0.751200542085
0.753605698475
0.754850658514
0.754682690898
0.753420661085
0.751900423606
0.750946121624
0.751341991342
0.75319296823
0.756239236405
0.759691980882
0.762635002088
0.764316252183
0.764549143099
0.763633053136
0.762443850917
0.761829605123
0.76224052518
0.763733918663
0.765939212145
0.768118167301
0.769592476489
0.770070195874
0.769659839064
0.768867639049
0.768326771062
0.768418533696
0.769281279847
0.770552952762
0.771906254665
0.772826314061
0.773208165698
0.773251665081
0.773377664312
0.773922343365
0.77508650519
0.776535977167
0.777939438029
0.778698297209
0.77852287059
0.777506942302
0.776165931047
0.775135701949
0.77495451602
0.775701800439
0.777120376681
0.778585858586
0.779514321295
0.779525600771
0.778733143635
0.777736856643
0.777378705789
0.778140589569
0.780227724562
0.783286673289
0.786562575356
0.789314820404
0.790981256225
0.791606411183
0.791659155099
0.791996640269
0.793182159483
0.795369475972
0.798246682089
0.801100725618
0.803190663894
0.804082142969
0.803847723064
0.803094145022
0.802537943195
0.802638639018
0.8035301201
0.804655902678
0.805296149418
0.804689752379
0.802557136008
0.799281787269
0.79566807491
0.792698948949
0.791018783431
0.790785638991
0.791572424477
0.792667431122
0.79342068581
0.793491361993
0.793146973709
0.792985038018
0.793645454267
0.795460802007
0.798183157378
0.801104801876
0.803359622431
0.804188383633
0.803400870573
0.801518574297
0.799390378028
0.797914894957
0.797496364671
0.798081808943
0.798979266348
0.799334634209
0.798515104967
0.796301619239
0.793093570974
0.789655609818
0.786750988142
0.784790154623
0.783817832509
0.783314493846
0.782779843169
0.781745416188
0.780206249038
0.778511588088
0.777151904515
0.776598010283
0.776998597475
0.778240244836
0.779928117224
0.781569545399
0.782898389783
0.783970833591
0.784930572775
0.786108426598
0.787531046625
0.789114350132
0.790528408362
0.791424324674
0.791576007534
0.791057413619
0.790198381624
0.789409994767
0.788895087454
0.78870037885
0.788607678583
0.788193296754
0.787095923815
0.785248747257
0.782775430614
0.78004322999
0.777460541512
0.775373205895
0.773805727406
0.772787990586
0.772171544406
0.771769596574
0.77151799687
0.771423231474
0.771455223881
0.771509563267
0.771626189284
0.771817151492
0.77207418191
0.772639202109
0.773744706594
0.775450917797
0.777642380708
0.779952837807
0.781858508105
0.78290818008
0.782920989625
0.782066289842
0.780951423112
0.780244098712
0.780452640402
0.78159838818
0.783304687763
0.784843559529
0.785517593065
0.785004424478
0.78330957714
0.781048727027
0.778941030873
0.777464321274
0.776699990102
0.776276868468
0.775647328745
0.77450243472
0.77273614999
0.77084548105
0.769456539268
0.769042638777
0.769718831524
0.771113554061
0.772607550483
0.773562692132
0.773624568895
0.773089591568
0.772473672048
0.772423158453
0.773185920277
0.774537767189
0.775938526116
0.776644029622
0.776316692989
0.775062894165
0.773455851872
0.77239348805
0.772281360885
0.773177475239
0.774571972099
0.775551385988
0.775327897909
0.773572236358
0.77056778679
0.767163867011
0.764164011636
0.762126543849
0.760927220749
0.760150013763
0.759188716154
0.757543691972
0.755351578377
0.75300597837
0.751242619341
0.750357297172
0.750332225914
0.750790323117
0.751075107511
0.750675517897
0.749616538846
0.748149876658
0.746894617337
0.746200556916
0.746197011696
0.746453416996
0.746365604702
0.745491605058
0.743722074054
0.741389476605
0.739239274042
0.737901394179
0.737624110978
0.738279585168
0.739338866629
0.740009335392
0.739721604362
0.738325770839
0.736172330442
0.733729905814
0.731556435364
0.729869211736
0.72862545506
0.727663927198
0.726615422414
0.725387698205
0.723943564562
0.722481791947
0.721051911634
0.719901803676
0.718997585773
0.718442983942
0.718195914515
0.718328750587
0.718824118924
0.71961680964
0.720586266899
0.721501109691
0.722075726842
0.722282571797
0.72215039129
0.721864458755
0.721632234933
0.721576293857
0.721596795359
0.721657381616
0.721584728217
0.721359497424
0.721151802791
0.721052444697
0.721157272144
0.721274460612
0.721178171305
0.720487377791
0.719035010297
0.716840316264
0.714312123341
0.712024499133
0.710358785649
0.709314716149
0.708547699544
0.707504504173
0.705696551218
0.703017004937
0.699920162578
0.697016534867
0.6949659767
0.693876106195
0.693425507901
0.692925026399
0.691675736404
0.689343116702
0.686231657821
0.683207157605
0.681033598797
0.68027651025
0.680824994895
0.682128007634
0.683274750026
0.683535232895
0.682694929117
0.680996630246
0.679077530999
0.677609082205
0.676817728227
0.676750875004
0.677076435119
0.67739452879
0.67739560324
0.677016667839
0.676379066478
0.675645782789
0.674892665151
0.674082719381
0.673075509154
0.671820228036
0.670247323736
0.668425324675
0.666408182859
0.664184633622
0.661828197112
0.659318487521
0.656881077038
0.654636292457
0.65279116317
0.65137006482
0.650309671272
0.649369632743
0.648318377471
0.647105904609
0.645687814411
0.644236983842
0.642813934455
0.641520756848
0.640273876404
0.638925845529
0.637411781147
0.635936357623
0.634725153077
0.634062692914
0.634051812062
0.634434759105
0.634788471262
0.634712752312
0.634034054365
0.632903663501
0.631846701713
0.631427507532
0.631851050889
0.632854487071
0.633832903838
0.634083162918
0.633279649111
0.631622402642
0.629849305148
0.628732374896
0.628843084183
0.629919608528
0.631279788173
0.632016557827
0.631372407834
0.629357466063
0.626660375989
0.624204516528
0.622745527565
0.622462488967
0.622860113632
0.623120476958
0.622503303757
0.620664849311
0.618051087985
0.615434034995
0.613494613495
0.612705151044
0.612793972144
0.613188826133
0.613181280751
0.612172064239
0.610134982279
0.607459835973
0.604696235557
0.602334832881
0.600645616118
0.599748641555
0.59934662115
0.599178361085
0.598826536122
0.598071428571
0.596942765731
0.595510001419
0.594070614873
0.593008519327
0.592478787667
0.592518323883
0.592851512971
0.593094986538
0.593056501021
0.592692320802
0.592195554949
0.591903607878
0.592086894344
0.592615217539
0.593138251033
0.593127287515
0.592304293144
0.590677995018
0.588796879277
0.587284187449
0.586568442693
0.586586620926
0.586888406845
0.586908309654
0.58617678902
0.584799437016
0.583336282873
0.582447281391
0.582544050895
0.583393319896
0.584356608298
0.584633456922
0.583601941388
0.581410089109
0.578772120169
0.57661441536
0.575628670381
0.575939051662
0.577014308669
0.578054997683
0.578400871121
0.577691107644
0.576252680834
0.574517825833
0.572966647162
0.571848196452
0.570911095362
0.570107127327
0.569180276009
0.568326897313
0.567666078777
0.567348212892
0.567349641633
0.567474857722
0.56745474407
0.567010710808
0.566248256625
0.565409602891
0.564810928378
0.564700520339
0.565034328415
0.565822928921
0.566856276071
0.568012692177
0.569059944482
0.569928898485
0.570529433543
0.570731707317
0.570641319624
0.570455639042
0.570489381348
0.571145301656
0.57239670626
0.573993628729
0.575456711676
0.576423793166
0.576815591769
0.576924476797
0.577189023946
0.578043912176
0.579444323855
0.580965806405
0.582067915776
0.582383155441
0.581981322102
0.581465422209
0.581426995219
0.582162559765
0.583382439599
0.584415104109
0.584515168435
0.583583208396
0.581979877153
0.580736651036
0.580612128797
0.58179047619
0.583563535912
0.585075898389
0.585453550631
0.584454939
0.582668141943
0.58097238182
0.580044557607
0.579970344247
0.58023491292
0.580081967213
0.579182710222
0.577622144406
0.576050560857
0.574950648914
0.574529178279
0.574365741529
0.573921265257
0.572648831462
0.570574632401
0.568138027676
0.565883644347
0.564257382107
0.563347814523
0.563027461487
0.56301991996
0.563175263324
0.563449934214
0.563600782779
0.563439484626
0.562666421816
0.561139800812
0.559260969977
0.557650638514
0.557121219076
0.55781535649
0.559424920128
0.561081625183
0.561991449455
0.56179049377
0.560852909955
0.560034936104
0.560232154282
0.561530412629
0.563326516701
0.564665179588
0.564842681259
0.56401967034
0.563009234112
0.5631002603
0.564776066245
0.567656180771
0.570543733133
0.57228782451
0.572090355599
0.570432723925
0.568511599618
0.567688598002
0.568584639096
0.570903496025
0.573817466427
0.576329184311
0.577863083813
0.578467540177
0.578641512612
0.578834959588
0.579182497599
0.579601367692
0.579891756869
0.579958506224
0.580057803468
0.580437104593
0.581166837257
0.582198781635
0.583360575351
0.584632334938
0.586021724096
0.587541541704
0.589043864969
0.590228908841
0.590647306944
0.590049225011
0.588733311625
0.587478698369
0.586958276168
0.587493473633
0.588544382496
0.589333118816
0.589134125637
0.587903389487
0.586296582273
0.585331223885
0.585629323947
0.586996929045
0.588489848742
0.589179331307
0.588586272679
0.587067705796
0.585517241379
0.584686586554
0.584684317719
0.585057141687
0.585036255768
0.584360267968
0.58326089656
0.582578108835
0.582863771959
0.584169128969
0.585872982603
0.587308293549
0.587897845579
0.587769017686
0.58755976776
0.587834654102
0.588724982747
0.589824011152
0.59054702284
0.590491817819
0.589872628485
0.5893359532
0.589469907615
0.590463276836
0.592159371288
0.593910271219
0.595320220006
0.596137620699
0.596478011112
0.596673301109
0.596801991574
0.596925166109
0.597062579821
0.59737168361
0.597984936905
0.599008165105
0.600060474727
0.600590060532
0.60025733402
0.599198501093
0.597921914358
0.597361477573
0.597867034541
0.599154763815
0.600519649237
0.601163045864
0.600976746767
0.600603959289
0.601000168568
0.602451838879
0.60447080292
0.605782017924
0.605204417293
0.602596165297
0.599098720183
0.596501933301
0.596189839572
0.598183826236
0.601225657936
0.603689897011
0.604448569417
0.603530854635
0.601940298507
0.600868372943
0.600685834872
0.601070090958
0.601324458331
0.601046255507
0.600486584179
0.600357418179
0.60104726861
0.602423112768
0.6038069588
0.604629697999
0.604776475856
0.604812753798
0.605334949985
0.606607389238
0.608311910883
0.609886534952
0.610929182126
0.611506446874
0.612230452675
0.613293452974
0.614284511076
0.61443634805
0.613183840852
0.611040396005
0.609480993501
0.609939166219
0.61274368231
0.616552040348
0.619379917572
0.619476299694
0.616856976969
0.613651379712
0.612275070518
0.613746208786
0.616681552049
0.618388827042
0.616552349173
0.611009555463
0.604507749966
0.600623685546
0.601093180635
0.60516324178
