1.32378344217
1.32758379888
1.33482329934
1.34083310114
1.34259960091
1.34089684891
1.34014857669
1.34358047016
1.35118856923
1.36010246558
1.36598796261
1.36666666667
1.36384726315
1.36185668555
1.36338863994
1.36801149288
1.37249079463
1.3739981141
1.37250554324
1.37112866947
1.37353730236
1.38101717979
1.39071501186
1.39757207891
1.39779620457
1.39203331324
1.38531912604
1.38291558476
1.38677018308
1.39455569462
1.40164869349
1.40407618461
1.4019022564
1.3986859788
1.39821270745
1.40126551472
1.40542241588
1.40668014246
1.40297298585
1.39643108711
1.39166204474
1.39236696913
1.39834718208
1.40600762161
1.41043315841
1.40908491271
1.40376442016
1.39894754856
1.39850165072
1.40255376344
1.40784150156
1.41003924809
1.40742854813
1.40186352866
1.39783582385
1.39861678717
1.40426447574
1.41126705653
1.41512064759
1.41339306226
1.40771204347
1.40227703985
1.40053030861
1.40320573812
1.40814245657
1.41197743382
1.41275407959
1.41123674912
1.40978454447
1.41031677341
1.41270442417
1.41485898359
1.41449048381
1.4109154692
1.40576711277
1.40163338183
1.4001051352
1.4009622308
1.40235432224
1.40254141139
1.40126590413
1.40006995898
1.40098931913
1.40461957372
1.40986569443
1.41419879555
1.41563697022
1.41404930767
1.41118671997
1.40925655977
1.40933442295
1.41082792942
1.41188641339
1.4112979912
1.40937683715
1.4076434975
1.40766026383
1.40961455175
1.41235266929
1.41384290955
1.41301028492
1.4104364272
1.40818826747
1.40796344648
1.40990901618
1.41247661697
1.41332163279
1.41110797857
1.40649427059
1.40168202957
1.39885082996
1.39885035128
1.40091344547
1.40321724802
1.40418098991
1.40358318915
1.4022556391
1.40149154052
1.40193974527
1.40335429769
1.40516830629
1.40715588607
1.40967778152
1.41327003568
1.41791339137
1.42267165194
1.42613652558
1.42740526451
1.42691854957
1.42649508818
1.42786913523
1.43133239103
1.43528250392
1.43711207401
1.43491988551
1.42911399917
1.4227025096
1.41922870276
1.42076715613
1.42641782495
1.43303259516
1.4371748577
1.43720944552
1.43452565134
1.43199776022
1.43213782302
1.43523316062
1.43895441505
1.44052170002
1.43822693202
1.43327381919
1.42845947887
1.42639794507
1.42765326851
1.43050173535
1.43199836674
1.43046425637
1.42672621092
1.42347184894
1.42347928502
1.42726891637
1.43270045172
1.43627101738
1.43505073321
1.42909575042
1.42104123823
1.41440266609
1.41155668976
1.41217953427
1.41416642034
1.415154433
1.41446005917
1.41348919537
1.41446350983
1.41835681097
1.42393516634
1.42840179599
1.42885741825
1.42477973974
1.41854856391
1.41411909591
1.41406980928
1.41860798509
1.42499910692
1.4297550048
1.43046825341
1.42776065022
1.42437004037
1.42346779508
1.42658627023
1.43249697179
1.43836276636
1.44149787234
1.44152448631
1.4404408368
1.44079290558
1.44387226325
1.44879041375
1.45285267872
1.45342171838
1.45018859552
1.44526529973
1.44207430341
1.44282904039
1.4472112469
1.45265377211
1.45549674515
1.45375539395
1.44818111224
1.44176207805
1.43786025174
1.43820257697
1.44239293158
1.44824450767
1.45340816088
1.45670435718
1.45860572751
1.46010515369
1.46174800046
1.46273572532
1.46185844856
1.45855948364
1.45402921289
1.4507905023
1.45114950902
1.4557761469
1.46320843643
1.47032438213
1.47423943578
1.4737204636
1.47030992664
1.46675460159
1.46518777503
1.46578346277
1.46666049554
1.46552585561
1.46121408566
1.45491855032
1.44974397876
1.44832176476
1.45136695697
1.45719624964
1.46258835793
1.4648081791
1.46307748272
1.45914371059
1.45596855849
1.45576613983
1.45862987823
1.46284840245
1.46581196581
1.46612726275
1.46416932524
1.46186586119
1.46121550003
1.46263443649
1.46492142956
1.46561160107
1.46304219277
1.45730569948
1.45070326135
1.44616011131
1.44534440282
1.4481865285
1.45290171084
1.4568712475
1.45839252089
1.45748776509
1.45567050179
1.45451063015
1.45496953542
1.45647363763
1.45767936338
1.45747169458
1.45557918092
1.45292597659
1.45050159188
1.44877293305
1.44722337462
1.44491350298
1.44142609615
1.43743627094
1.43479013414
1.43509333638
1.43909718866
1.44575987281
1.45286185708
1.45775571909
1.45899720176
1.45682427423
1.45328286422
1.4505419476
1.44971038891
1.45048666341
1.4513468939
1.45081131471
1.44845044043
1.44517492369
1.44263501973
1.44171306717
1.44236629818
1.44327375921
1.44315410875
1.44161065586
1.43958956029
1.43892563516
1.44096273292
1.44572126374
1.45159758067
1.45623537707
1.45773462783
1.45580532874
1.45239025661
1.45007970331
1.45074636574
1.45442105949
1.45946387708
1.46339944271
1.46449054501
1.46284632706
1.46025985808
1.45890410959
1.46004796163
1.46305622848
1.46609603207
1.46690989848
1.46467417006
1.46046758436
1.45666522731
1.45557419552
1.45783168976
1.46205692965
1.46583553105
1.46688129732
1.46454225664
1.46046130909
1.4571354272
1.45639792794
1.45802982017
1.46013854977
1.45988819206
1.45540371966
1.44707446056
1.43756516838
1.43041070475
1.42797682659
1.43033400152
1.43536564578
1.43988563259
1.44135217416
1.43939088632
1.43589447888
1.43347602244
1.43408257148
1.43790253801
1.44326431037
1.44788817075
1.45008931545
1.44982982861
1.44870740842
1.44864551202
1.45066961543
1.45424978317
1.45779667375
1.45951818611
1.45881126173
1.45681897123
1.45563843515
1.45711418446
1.46171896999
1.46812101513
1.47382877119
1.4765177905
1.47524324324
1.47097681815
1.4660094351
1.46249139711
1.46124640346
1.46150901166
1.46143722032
1.45933791743
1.4546995776
1.44855534069
1.44282615432
1.43916972054
1.43806579204
1.43873978996
1.4395799274
1.4391455539
1.43695956518
1.4336892117
1.43049998639
1.42820973538
1.42685392644
1.42543956044
1.42284862373
1.41839023175
1.41232056753
1.40573963677
1.39986097595
1.39524209348
1.39188845207
1.38928039418
1.387056537
1.38538858282
1.3850422053
1.38666903978
1.39036094304
1.39524494813
1.39983091277
1.40252949045
1.40261445894
1.40080080692
1.39906160502
1.3996364738
1.40347443849
1.41015039847
1.41762211871
1.4230986754
1.42462222222
1.42165309183
1.41577707321
1.40951779201
1.4052359882
1.40372740541
1.4042831681
1.40506118833
1.4043408803
1.40135830869
1.39669758712
1.39182471497
1.38809498227
1.38605460385
1.38503703308
1.38393597944
1.38184646746
1.37877605918
1.37564123333
1.37354138399
1.3730972097
1.37380059557
1.37409170634
1.37219101124
1.36725688748
1.35992383767
1.35231712534
1.34683769004
1.34522678186
1.34743868814
1.35198032844
1.35636588745
1.35854134627
1.35769764626
1.35484723854
1.35190804061
1.35040009278
1.35078806074
1.35198618307
1.35211065515
1.34949627558
1.34369256002
1.33597743206
1.32855646806
1.32343728721
1.32136682874
1.32162736293
1.32244996512
1.32202890792
1.31950738391
1.31561796264
1.3121726543
1.31109189982
1.31321169603
1.31791193779
1.32353796916
1.32786055065
1.32950643777
1.32860029638
1.32659240835
1.32543044919
1.32621125489
1.32889097796
1.33192418601
1.33336165633
1.33174408314
1.32731021448
1.32170132433
1.31733127959
1.31577298744
1.31725533795
1.32049778286
1.32335707721
1.32374514598
1.32072010091
1.3149953113
1.30839390453
1.30290778178
1.29939218048
1.29760999457
1.29610115911
1.29338787373
1.28847286946
1.28167065709
1.27418078202
1.26752859274
1.26265122935
1.25936210521
1.25688240183
1.25399098935
1.25003265157
1.24509829586
1.24006500996
1.23596922026
1.23323753527
1.23148000637
1.22976669348
1.22707790799
1.22300540303
1.21821652879
1.21423800512
1.21258413159
1.21396377481
1.21771952965
1.2220908963
1.22488294692
1.22447943118
1.22054686621
1.21432363707
1.20803121714
1.20387658444
1.20278033711
1.20416442773
1.20644111212
1.20757318625
1.20620538889
1.20227361819
1.19687508097
1.19173222274
1.18818386338
1.18644629785
1.18583099311
1.18507325069
1.18308048341
1.17969495987
1.17571066121
1.17256073795
1.17136512084
1.17249282158
1.17501863883
1.17749757517
1.17834290849
1.17674967091
1.17317636704
1.1690353795
1.16598090849
1.16482734069
1.16544339158
1.16680384088
1.16747752948
1.16644682605
1.16365228336
1.16005423729
1.15708699379
1.15573640543
1.15587398533
1.15622091219
1.15500809207
1.15083241695
1.1434392828
1.13400755329
1.12491491668
1.11852074866
1.11584663897
1.11632801343
1.11782036109
1.11774111675
1.11406474083
1.10634617371
1.09604094145
1.08607284492
1.07917473949
1.07675525064
1.07820550081
1.08136629452
1.0834246905
1.08205789163
1.07661279479
1.06806648229
1.0589352595
1.0517122011
1.04792704909
1.04765424928
1.04948334341
1.05139942454
1.05165831234
1.04972844972
1.04620874219
1.04272467723
1.04064305451
1.04054155698
1.0420737987
1.04399596367
1.04489682097
1.04378261423
1.04077412107
1.03677148417
1.03308293888
1.03053870483
1.02922980129
1.028429471
1.02700810512
1.02416721097
1.01979411926
1.01468815083
1.01016726796
1.00724223366
1.00618993321
1.0062935735
1.00640764573
1.00529891304
1.00233353232
0.997921783488
0.993369338538
0.990224312399
0.989373090681
0.990557495796
0.992536737267
0.993522350461
0.992044693888
0.987559042924
0.980910008019
0.974144407886
0.969477536401
0.968427633636
0.970996249967
0.975846817977
0.980784177096
0.983620783165
0.98316452231
0.979683413627
0.974793160507
0.970705762394
0.969067341828
0.9703463263
0.973648704463
0.977189353193
0.979159190659
0.978374059891
0.975047248624
0.970741504723
0.96761720638
0.967482917232
0.970822771441
0.976910115318
0.983849295218
0.989562138308
0.992363983455
0.9918923948
0.989135933964
0.985966971694
0.984307214397
0.985249305612
0.988718731266
0.993678224382
0.998488876452
1.00184094256
1.00308544982
1.00261209025
1.00166719365
1.00143628634
1.0026100674
1.00492455693
1.00751278316
1.00910772734
1.00871435038
1.00617214678
1.00208240782
0.997692814766
0.994177662903
0.992244081721
0.991759573437
0.992061142657
0.992294428279
0.991713229141
0.990100884429
0.987988395109
0.986090317663
0.984988768969
0.984795289304
0.985068366748
0.984916232737
0.983443424552
0.980138169257
0.975344598881
0.970034221954
0.96545709302
0.962556818182
0.96149608746
0.961788457751
0.96236740192
0.962158531124
0.960337811472
0.956949058693
0.952752016682
0.948970164665
0.946584018326
0.94604963112
0.946896718276
0.948254011056
0.94891245242
0.948060504571
0.945478723404
0.941964659576
0.938769204842
0.937282820578
0.938344282342
0.941937148756
0.947290725947
0.953186639783
0.958359101216
0.961879694801
0.963455738868
0.963584444641
0.963022508039
0.962526828702
0.962208716191
0.961909948124
0.960947320306
0.9587858059
0.95524849312
0.950916768215
0.946866177301
0.944245869804
0.943849290032
0.945741022606
0.949283789533
0.953295916614
0.95659727249
0.958321137973
0.95824967521
0.957022780599
0.955608520781
0.955078299776
0.955930180516
0.957926774684
0.960378315482
0.962146050671
0.962282657156
0.960415065334
0.956857109338
0.952672864614
0.948907630753
0.946417855
0.945423487544
0.945528061733
0.945879529089
0.945636870385
0.944301529034
0.941895935621
0.939157065772
0.93699335694
0.936088348459
0.936695785622
0.938350062363
0.940224866934
0.941319851945
0.940929417452
0.938988995042
0.935936840836
0.932818394108
0.930544007602
0.929562527618
0.929821993208
0.930573787229
0.930918944117
0.930037313433
0.927562456222
0.923746640178
0.919502923977
0.915864047542
0.913594740549
0.912916543792
0.913300463348
0.913921774314
0.913792060034
0.912269994812
0.909247153424
0.90534928789
0.901545647297
0.898762861342
0.897369463834
0.897229723579
0.897530453707
0.897381031313
0.895986772884
0.893023116361
0.888852361028
0.884477931979
0.880955915096
0.879152467032
0.879206570404
0.880685367522
0.882652145294
0.884195610227
0.884622400584
0.883869188096
0.882579967889
0.881681999005
0.882023701573
0.883933064922
0.887236600645
0.890903307888
0.893723662368
0.89464097402
0.893191814879
0.889920172326
0.886045343214
0.883227572477
0.882726908002
0.884877719061
0.889127830174
0.894215640907
0.898390404574
0.900222493811
0.899099668299
0.895513370854
0.890895145569
0.887298173531
0.886225806452
0.888369526406
0.893246116108
0.899492352321
0.905248490478
0.908504125632
0.908300132802
0.904845088991
0.899504530934
0.894265752278
0.890711600943
0.889820586653
0.891297478354
0.894090779332
0.896568251534
0.897121861604
0.894806924101
0.889879203395
0.883683624697
0.878106353682
0.874802942722
0.874686882004
0.877565228923
0.882293997796
0.887262325425
0.890682095006
0.891309503642
0.888915150083
0.884357616782
0.879147863021
0.87494657944
0.872628106731
0.872397275897
0.873554960486
0.874917903586
0.875128145772
0.873285847424
0.869270119362
0.863845045407
0.858355135171
0.853934470256
0.851375899886
0.850702417939
0.851193102746
0.851801310044
0.851353663963
0.849052084046
0.844788223669
0.839114266396
0.83302647876
0.827574772863
0.823258264191
0.820124052378
0.817644353938
0.814977247247
0.811399582214
0.806526884229
0.800609082695
0.794351457418
0.788787746465
0.7846831993
0.782278481013
0.781272264631
0.780930915548
0.780245470485
0.77835372175
0.774839022364
0.770003798736
0.76472001098
0.760125140273
0.757160185996
0.756265685126
0.757005604484
0.758553862604
0.759686796384
0.759259886814
0.756505385536
0.751378359752
0.744646940614
0.737635978174
0.731769292353
0.727966544694
0.726530042244
0.727049926476
0.728540810232
0.729967920471
0.730291042667
0.728932038835
0.725996058004
0.722185256523
0.718435442862
0.715623699181
0.714275814276
0.714290677878
0.715179913977
0.716231474947
0.716653005951
0.716083564057
0.714606334842
0.712712603576
0.711072286525
0.710396039604
0.710989810771
0.71256504494
0.714634146341
0.716262471779
0.716749754376
0.715530069321
0.712804767925
0.709133321371
0.705525846702
0.702973107216
0.702009284525
0.702727693019
0.704776933008
0.707379042503
0.709660804944
0.710875232775
0.710684499211
0.709244457849
0.70724179464
0.705516880006
0.704695742626
0.705116382013
0.706504184408
0.708414227627
0.709981305671
0.710485707987
0.709550292807
0.707140749484
0.703843033119
0.700438418745
0.697761743484
0.696296296296
0.696067187095
0.696594888607
0.697232874652
0.697198603097
0.695856765752
0.692990205493
0.68888121547
0.684308865586
0.680070986256
0.676859318996
0.674957498706
0.674055045872
0.673533608987
0.672687305367
0.67082505336
0.667555160669
0.66304226401
0.657802214243
0.65284080255
0.649031240613
0.647038929806
0.646890636169
0.648267541379
0.650503063772
0.652683926809
0.654024826746
0.65391947537
0.652233519936
0.649373814042
0.645994636855
0.642878628365
0.640606242497
0.639269749446
0.638718936476
0.638542738463
0.638167527163
0.637103684662
0.635228031583
0.632837469913
0.630395328651
0.628664623123
0.628144039994
0.629099235456
0.631349221677
0.6344500559
0.637696820006
0.640323704794
0.64183225104
0.641834146341
0.640650660827
0.638820446635
0.637109695572
0.636097332344
0.636232110737
0.637419557369
0.639335201926
0.641433629023
0.643200769724
0.644188110027
0.64424943384
0.643638712803
0.642857142857
0.642544209017
0.643077166101
0.644746135133
0.64717852391
0.649950990002
0.652450090744
0.653939562846
0.654081222356
0.652732727862
0.650083526871
0.646917305497
0.643850093488
0.641584158416
0.640374116891
0.640197917082
0.640782100703
0.641618726443
0.642154139217
0.642017007073
0.640981780571
0.639043602801
0.636623748212
0.634084417645
0.631839613297
0.629978994095
0.628491953109
0.62705638077
0.625467111343
0.62329680993
0.620517402429
0.617223713101
0.613653869542
0.610379675484
0.607793865422
0.606264070461
0.605814819169
0.606250975496
0.607128913875
0.607943173345
0.608218852686
0.60764
0.606089976577
0.603781256353
0.601206980917
0.5988514174
0.597314619503
0.596917366043
0.597558527085
0.599111004325
0.60120144173
0.603284876717
0.604970146845
0.605927908203
0.606180278479
0.605826906598
0.605290011837
0.604984093319
0.605135520685
0.605904901721
0.607154538021
0.608624229979
0.610046265697
0.611171141219
0.6117421079
0.611750428924
0.611352616619
0.610780437045
0.610334271057
0.610238486842
0.610656073388
0.611454538011
0.612405968677
0.613254859701
0.613695415305
0.613535173642
0.61264348124
0.611221235887
0.609455204244
0.607724363105
0.606377083422
0.605464296271
0.605091274493
0.605087850779
0.605255498732
0.605355355355
0.60514048129
0.60453485908
0.603593582888
0.602457426169
0.601464344511
0.600876621968
0.600971126333
0.60170371011
0.603061004527
0.604757193858
0.606565830182
0.608228365075
0.609489365366
0.610282066764
0.610830418448
0.611437456807
0.612456299366
0.614237054284
0.616939655172
0.620457488131
0.624583134826
0.629050522648
0.633421052632
0.637363608252
0.640730536793
0.643484463466
0.645792476377
0.647988633336
0.650549256629
0.653820888986
0.65794856173
0.662849707222
0.66818615959
0.673505019642
0.678399929512
0.682336690135
0.684917308819
0.686139018957
0.685996073239
0.685065231275
0.683776185726
0.682851239669
0.682678634909
0.683346536396
0.684753618119
0.686586695747
0.688270256096
0.689350672173
0.689299774406
0.687883913469
0.68510410151
0.681395764454
0.67730165087
0.673424318714
0.670415262766
0.668602886991
0.668
0.668421277871
0.669643238624
0.671231118148
0.672723367698
0.673787329536
0.674293638412
0.674240778555
0.67386768669
0.6734091501
0.673146865258
0.673388315558
0.674106950489
0.675262614086
0.67671634077
0.678169348229
0.67941735823
0.680190517428
0.680360547755
0.680022524474
0.679382379655
0.678608425414
0.677985090705
0.677591627546
0.67753201397
0.677749913525
0.67814195789
0.678585444556
0.678923177938
0.679054054054
0.67907140036
0.678989093776
0.678989175978
0.679302699648
0.680131761442
0.681639017629
0.683716891012
0.686260808804
0.689052316364
0.691832288471
0.694409547739
0.696598762365
0.698332880312
0.699791930523
0.701196473552
0.702872691587
0.70514124044
0.708093880237
0.71176521967
0.715901152637
0.720115723491
0.723968912832
0.726875779718
0.728510447091
0.72866955893
0.727441397412
0.725268283885
0.722739064317
0.72058758462
0.719410297913
0.71939858746
0.720697824682
0.723020654045
0.725953440159
0.728795857087
0.730922989061
0.731717046361
0.730717788676
0.72801928055
0.723843795815
0.718924627096
0.71397550595
0.70977134538
0.706705564012
0.705073951481
0.704765481556
0.705557877142
0.707017617626
0.708598590952
0.709832339951
0.710343037591
0.709949556445
0.70872308027
0.707069831918
0.705414697035
0.70420797345
0.703830109973
0.704416192707
0.705894605291
0.708164881424
0.710816129978
0.713556174559
0.715983641476
0.717890302613
0.719170670476
0.719859234479
0.720220763982
0.72059460865
0.72119408136
0.722219837761
0.723713455292
0.725570484112
0.727625794887
0.729631373892
0.731282271945
0.732462024495
0.733037578288
0.733202443281
0.733193644142
0.733403031887
0.734122852681
0.735597462564
0.737881585162
0.740815191822
0.744129450944
0.747447126682
0.75027856347
0.752271063848
0.753039415048
0.752378056726
0.750554757865
0.747794341345
0.744665194996
0.741667741797
0.739161973033
0.737470369116
0.736485918453
0.736144225541
0.736051412594
0.735868748434
0.735183324962
0.733666652662
0.731210459722
0.727841677943
0.723945330682
0.719945932246
0.716485735925
0.713903071901
0.712585812357
0.71261846625
0.713832199546
0.71593809171
0.718452601656
0.72089755775
0.722801046034
0.723776952913
0.723904032157
0.723355152736
0.722532197844
0.722003682625
0.722298620661
0.723684756022
0.726361386139
0.730127414714
0.734693040053
0.739585900912
0.744176458462
0.747937481862
0.750375500668
0.75116464515
0.75043203372
0.748490350914
0.745897143821
0.743314833502
0.741278340166
0.740204641877
0.740294677593
0.741376464763
0.743204784492
0.745326716294
0.747110667664
0.747959653455
0.747314319417
0.745015873016
0.741076727427
0.736003044655
0.730607614085
0.725573456559
0.721686846224
0.71926321366
0.718435618763
0.719011254019
0.72060063436
0.722674184454
0.724604783137
0.72590533802
0.726047719125
0.72491708126
0.722674756878
0.719683145322
0.716516937278
0.713825054084
0.712047803618
0.711368631369
0.711816019033
0.713128999131
0.714884198878
0.716600476569
0.71775065039
0.718035699863
0.717111690003
0.715132924335
0.712362952054
0.709364820847
0.706637078878
0.704728490551
0.703885979763
0.704111829297
0.705266411653
0.707028692471
0.70891348787
0.710413030832
0.711024237686
0.710455764075
0.708518577326
0.705256869773
0.701069880285
0.696437749575
0.692018485157
0.688143731124
0.685226315386
0.68330170778
0.682255690182
0.681807901086
0.681658414906
0.681474444233
0.680962583212
0.679896827841
0.678197348587
0.675999690618
0.673425333436
0.670879289216
0.668628269866
0.667055415522
0.666293434852
0.666456307076
0.667481662592
0.669189108984
0.671360452988
0.673812825606
0.676275279203
0.67847111516
0.680173826859
0.681154991979
0.681351402939
0.680779774596
0.679532873284
0.67789894721
0.67599338992
0.674098458776
0.672273608832
0.670649544016
0.669107806691
0.667681907663
0.666270739765
0.664651335312
0.662701059966
0.660224369655
0.657225262535
0.65373542005
0.64998527029
0.646400117487
0.643217734855
0.640837887067
0.639512531283
0.639266108061
0.640116613878
0.641882183908
0.644109195402
0.646444644464
0.648424783883
0.649559583606
0.649648145433
0.648605783417
0.646649131256
0.64410804393
0.641494759453
0.639405889507
0.638146819879
0.638017429194
0.638913929254
0.640634533252
0.642690750099
0.644686276622
0.646075528919
0.646509090909
0.645675348939
0.643683667453
0.640734718013
0.637229565089
0.63376193975
0.630840440265
0.628795263367
0.627772213478
0.627703014594
0.628389605798
0.629490938637
0.630652643507
0.631595801459
0.632108220306
0.632101608319
0.631563741423
0.630600658156
0.629370124242
0.628036710455
0.626687676826
0.625516455336
0.624579184238
0.623945501394
0.623631306552
0.623610915741
0.623826435529
0.624283150969
0.624942767584
0.625705417607
0.626391490264
0.626833415999
0.626816873379
0.626020608265
0.62445914536
0.622147386522
0.619267698481
0.616193029491
0.613370334792
0.61120927274
0.609977562754
0.609914767786
0.610934366139
0.612777547924
0.615087307613
0.617302357836
0.61898437773
0.619694457185
0.619232412418
0.617617545872
0.615088916831
0.612222222222
0.609497365798
0.607471365639
0.60639855022
0.606430690678
0.60742542042
0.609094943839
0.611033256998
0.612908766145
0.614271871539
0.614920269374
0.614827574085
0.613908618679
0.612411887641
0.610487554438
0.608262711864
0.605949785498
0.603646799426
0.601518952062
0.599535109631
0.597850131342
0.596445913834
0.595450490633
0.594962233843
0.595123778391
0.595897853844
0.597198195448
0.598804632051
0.600368010359
0.601575612262
0.602136089578
0.601876861278
0.600847339908
0.599250286349
0.597304302748
0.595492899774
0.594073872711
0.593287099381
0.593274726744
0.593857223758
0.594870426575
0.596021602764
0.59702098849
0.5975501266
0.597435808826
0.596631051404
0.595176601982
0.59334610695
0.591327838194
0.589394876022
0.587748851455
0.58653164557
0.585732501174
0.585351170569
0.585369114059
0.585702816619
0.586374451258
0.587303185954
0.588508220422
0.589833361387
0.591045480597
0.591965673356
0.592315250906
0.591929013395
0.590785076052
0.589011139206
0.586794644077
0.584468201008
0.582380404628
0.580781485829
0.579861803202
0.579548822658
0.579789845821
0.580276353183
0.580741274311
0.580903429871
0.580579748687
0.579733494445
0.578425399404
0.576858941637
0.575289706885
0.573939950355
0.572989244402
0.572517801962
0.572491078278
0.572783026687
0.573357098063
0.574057613169
0.57483887939
0.575729687089
0.576743574574
0.578045893879
0.579598552155
0.581368507832
0.583085071168
0.584476101717
0.585223655554
0.585132218025
0.58409899983
0.58220923516
0.579786332033
0.577265372168
0.575049253682
0.573527469625
0.572827896954
0.572954082128
0.573635427394
0.574660924343
0.575653126309
0.576301906334
0.576482457853
0.576090510758
0.575264762779
0.574216827948
0.573089646589
0.572119311314
0.571358748778
0.570773583065
0.570370610972
0.570111360021
0.569949699822
0.569891427645
0.569955722181
0.570247136054
0.570706100762
0.571414923092
0.572162985529
0.572832773163
0.573171894366
0.572897703682
0.572030220222
0.570430055334
0.568376902068
0.566054328708
0.563857458707
0.562008606465
0.560714629993
0.559906878847
0.559528711241
0.559402665322
0.559378433527
0.559345926135
0.559361801971
0.55946875
0.559870146086
0.56065993014
0.561872388199
0.563290546238
0.564677864126
0.565651475544
0.565965401432
0.565457036353
0.56417471382
0.562394037299
0.560557273568
0.559070327095
0.55832051966
0.558380999751
0.559194498412
0.560433155408
0.561614058721
0.562409978242
0.562532657138
0.561875385564
0.560584031924
0.559004864145
0.557501007159
0.556312724569
0.555565877071
0.555121890778
0.554738866146
0.554219861461
0.553392623919
0.552178507055
0.550743494424
0.549331773111
0.548286604361
0.547861876948
0.548112131581
0.548934773527
0.550022324751
0.551038655262
0.551628157548
0.551585031761
0.550814608443
0.549528445391
0.54788629293
0.546297991821
0.544919492559
0.543840414192
0.542965779468
0.542152929735
0.541264346876
0.540177624201
0.538972809668
0.537758812393
0.536848072562
0.536455403925
0.536743092299
0.537655801978
0.538974134152
0.540402708168
0.541605236775
0.542315464163
0.542441390461
0.542016680216
0.541275542543
0.540535649656
0.540078171978
0.539956286116
0.540189090041
0.54058716797
0.540966074505
0.541250890948
0.541316547403
0.541347808032
0.541502678069
0.542116439568
0.543298059965
0.544998533294
0.547060722566
0.549104512784
0.550748702743
0.551704545455
0.551844812502
0.551276595745
0.550342130987
0.549392353139
0.548809596671
0.548726095192
0.549143344918
0.549759571489
0.550279669261
0.550453979533
0.550095492164
0.549282152033
0.548362826532
0.547689635552
0.547660932049
0.548353511616
0.549687406966
0.551333413059
0.552775770713
0.553619669146
0.553564329184
0.552591135428
0.550985221675
0.549243821468
0.547740078393
0.546809743011
0.546465014577
0.54661132487
0.546923705475
0.547117885441
0.546953318437
0.546554318387
0.545971507243
0.545592388881
0.545728554121
0.546442135013
0.547625357006
0.548960458995
0.550083472454
0.550635197784
0.550393485461
0.549453911341
0.548083121029
0.546780035607
0.545888984193
0.545629584352
0.545920703232
0.546545354624
0.547164042195
0.547458665034
0.547243732974
0.546538942616
0.545650197029
0.544951756891
0.5447879095
0.545311759128
0.5464982099
0.548050945581
0.549681357149
0.550980925607
0.551808406647
0.55208108691
0.552017839998
0.551882546482
0.55184403328
0.552014151822
0.552316194734
0.552553019466
0.552477407292
0.552008238929
0.551136895293
0.550029529701
0.549060800791
0.548476114552
0.548499056202
0.549084959399
0.550108932462
0.551202353155
0.552065561784
0.552522746071
0.552525470159
0.552204247962
0.551825404186
0.551627072507
0.55168034691
0.551975891637
0.5522117816
0.552136644793
0.551579412414
0.550476130216
0.549053682581
0.547637758149
0.54651199052
0.545968838877
0.545984595084
0.54638765847
0.546863558701
0.547218233479
0.547211417721
0.546860614988
0.546425939573
0.546221581321
0.546499509564
0.547367129757
0.54866004123
0.549992258864
0.551008933592
0.551341467259
0.550895920701
0.549677748708
0.548091651774
0.546518655174
0.545333713092
0.544687283492
0.544587086851
0.544753425087
0.544986985292
0.545006745521
0.544779160528
0.544423263227
0.544140054106
0.544237251446
0.544858172411
0.545966402068
0.547378814527
0.548824789642
0.550014088476
0.55073561912
0.551069714213
0.551084283479
0.551053744155
0.551097701887
0.55129360278
0.551464651358
0.551410963347
0.550986520805
0.550001630311
0.54857812195
0.546924519759
0.545416666667
0.544337945918
0.543777931642
0.543721236029
0.543902972711
0.544074375509
0.543942247332
0.543424239565
0.542579305136
0.541633923239
0.540897677338
0.540554962647
0.540653734727
0.541090678503
0.541653326503
0.542103559871
0.542235578493
0.541921282607
0.541169117405
0.540208012074
0.539162231872
0.5382291802
0.537498382296
0.537065736795
0.536811201445
0.536785092527
0.536857685254
0.537053657286
0.537352931799
0.537768757532
0.538315749574
0.538997917587
0.53980398356
0.54070192155
0.541629392971
0.542515585835
0.5432936085
0.543815268859
0.544009899378
0.5437976506
0.54319483769
0.542226201134
0.541014255667
0.539726211247
0.538448611951
0.537292910323
0.536157438292
0.534907597536
0.53349777997
0.531809112616
0.529854637898
0.527852752756
0.525975922381
0.524518048907
0.523746659368
0.523591402671
0.524020671175
0.524706107235
0.525493578685
0.526232830444
0.526866350465
0.527516910751
0.528276867997
0.52917222964
0.530062336618
0.530739770208
0.530960638405
0.530592249738
0.5296174344
0.528323778324
0.527004797807
0.52608635958
0.525742472511
0.525826235094
0.526079015018
0.526059507019
0.525565240624
0.524570515382
0.523347079952
0.522295747016
0.521867730143
0.522332094505
0.523492599583
0.52492891622
0.526005823187
0.526307048429
0.525690774068
0.524457347331
0.523188060108
0.52254696569
0.522983940597
0.524329382408
0.526045105466
0.527242304877
0.527257448969
0.525802590819
0.523064949767
0.519774412088
0.51677471924
0.514868578677
0.514232824561
0.514437873915
0.514773428395
0.514544587506
0.513358454697
0.511340136285
0.509043490042
0.507285574225
0.506756984464
0.507453666398
0.509008707301
0.510585555407
0.511435490381
0.511164571545
0.509883044935
0.508247636138
0.507003579994
0.506862231535
0.507722481
0.509075588948
0.509915113945
0.50949938086
0.507484444444
0.504176185037
0.500410905063
0.497309816497
0.495662642071
0.495593244145
0.496447725848
0.497266435986
0.497225764207
0.495753824996
0.493121075925
0.489983590866
0.487458364489
0.486268556005
0.486567064183
0.487814635773
0.48910871303
0.489592729946
0.48889038287
0.487218554258
0.48529562106
0.483992467043
0.483937467789
0.485037578432
0.486628793127
0.487757237531
0.487634994899
0.485965721585
0.483064170359
0.479740390132
0.476982647354
0.475369986416
0.474902100392
0.475033690333
0.475015029883
0.47420606916
0.472482229573
0.470136967107
0.467974811258
0.466710362909
0.46663702589
0.467563344881
0.468811311819
0.469739465414
0.469776409701
0.468963881548
0.467675191642
0.466628210783
0.466358883835
0.467022687847
0.468268343529
0.469433442397
0.469910950327
0.46945303712
0.46806925424
0.466345123258
0.464943457189
0.464182761603
0.464168143834
0.464485641585
0.464605489164
0.46407724219
0.462718410888
0.460727793486
0.458585932364
0.456805334106
0.455646610596
0.455035521759
0.454645585362
0.45414305949
0.453294279564
0.452017275887
0.450561327662
0.449280874015
0.448355116463
0.447944036854
0.447885788272
0.448048622256
0.448247479251
0.448376869529
0.448429717764
0.448400180261
0.44825670232
0.447826692672
0.447175823791
0.446213592233
0.445129777524
0.444168466523
0.443461231595
0.443019994901
0.442572126783
0.441692504104
0.440033568067
0.437445191464
0.434201369813
0.430820610687
0.428047124454
0.426313478706
0.425729973456
0.425814364561
0.425887489264
0.425275506577
0.423881125066
0.421928432928
0.420124371992
0.419246510652
0.419574823423
0.420845011938
0.422245959822
0.422915520088
0.422279614325
0.420388986769
0.41804245283
0.416240297936
0.415884426144
0.417115478772
0.419250736635
0.421163946561
0.421846710923
0.420837808808
0.418435875217
0.415721349622
0.413801921602
0.413316721023
0.414174443383
0.415333579064
0.415682499722
0.414351076889
0.411334279101
0.40746553077
0.404009539425
0.402134044682
0.402258681577
0.403690845971
0.405272727273
0.405864868784
0.40477911937
0.402326586473
0.399505943004
0.397563401293
0.397323472442
0.398734177215
0.400891333867
0.402691799402
0.403210082863
0.402281209669
0.400426096675
0.398707197764
0.398042300297
0.398773865826
0.400436481397
0.402170828604
0.403114930183
0.402789823648
0.401354599082
0.399545970488
0.398168915689
0.397688245504
0.397986851391
0.398540692236
0.398687634348
0.398018824958
0.396542532937
0.394633682207
0.392914042941
0.391667296215
0.390994993035
0.39058858904
0.390170586909
0.389566980884
0.388774401439
0.388048016701
0.387595751767
0.387463760138
0.38743627094
0.387304574406
0.386870250999
0.386264248333
0.385674047135
0.385403011515
0.385506124173
0.385732787287
0.3857347245
0.385186994139
0.383978190207
0.382507533815
0.381385387775
0.381066170011
0.381694152396
0.382802592645
0.383622214362
0.383547008547
0.382361390405
0.380457606256
0.378625564786
0.377571188054
0.377653713362
0.378421246772
0.378986448858
0.378633503147
0.377023498695
0.374566496066
0.372190827663
0.370925704592
0.371201604196
0.372605009634
0.374138595545
0.374747162819
0.373928516169
0.371930639418
0.369785755646
0.368741610095
0.369463763159
0.37166302793
0.374253062444
0.376054401546
0.376222946932
0.37493065059
0.373063873728
0.37190780298
0.372391653291
0.374492312155
0.37723859041
0.379332708799
0.379907787623
0.378932574147
0.377189820489
0.376072381227
0.376582620928
0.378779111818
0.381797034022
0.38439010104
0.385375931528
0.384475394615
0.382230017165
0.379811292497
0.378396662532
0.378327283727
0.379250610501
0.380314200795
0.380674271427
0.379974741495
0.378533948163
0.377042568485
0.376173299667
0.376138514194
0.376668017835
0.377172625128
0.377133920487
0.376370400992
0.375099272005
0.373759333361
0.372721669817
0.372083213891
0.371686697735
0.371352124183
0.370975768948
0.370653985286
0.370531927784
0.370619816499
0.37076244236
0.370646333755
0.370099929184
0.369189146801
0.368400296747
0.368253598727
0.369038639163
0.370488112048
0.37191173125
0.372516343574
0.371870514467
0.370203433411
0.368360513073
0.367407659446
0.367966037736
0.369727916792
0.37169149538
0.372674286579
0.371950384293
0.369669152802
0.366850913558
0.364836390203
0.364382506929
0.365282013666
0.366456974216
0.366696701402
0.365355390217
0.362718159671
0.359946139314
0.358415721722
0.358740890688
0.360392172816
0.362079285041
0.362389765247
0.360577043696
0.35701588104
0.353060275594
0.350350892027
0.349721236695
0.350876748215
0.352599245859
0.353469179393
0.352648201101
0.350286031421
0.347387678693
0.345220370527
0.344511246584
0.345168313515
0.346379173457
0.347234859552
0.347202564316
0.346446164673
0.345597471368
0.345389465121
0.34607403819
0.347421934654
0.34892097874
0.350040054474
0.350610827212
0.350751775301
0.350810449288
0.350995316159
0.351302862025
0.351595765308
0.351813451382
0.352071581404
0.352628711523
0.353567683045
0.354677150715
0.355481650489
0.35551641375
0.354652834441
0.353273728185
0.352177662786
0.352082514735
0.353135573216
0.354728957225
0.355856141324
0.355776447106
0.354439158132
0.352624933817
0.351573412209
0.352111685626
0.354073519004
0.35627752842
0.357246929267
0.356083772324
0.352938885042
0.349199214488
0.346661402123
0.34637872584
0.348065785402
0.350200213561
0.351068030874
0.349701086957
0.346375290844
0.342583008931
0.340126483663
0.339942291838
0.341506322155
0.343356290174
0.343960751797
0.342557710065
0.339666943445
0.336706012033
0.3351330382
0.335421675815
0.336993853941
0.338596174666
0.339181945133
0.338438397989
0.337024808138
0.33598318956
0.336037537274
0.337136884282
0.33858796999
0.339531263513
0.339533881877
0.338860347633
0.338206205696
0.338207824989
0.3389487758
0.340047462426
0.340909090909
0.34128032569
0.341351049298
0.341650908493
0.342543305482
0.343896419179
0.345140876295
0.345715091906
0.345502282183
0.34498685541
0.344961835144
0.345968780174
0.347732008335
0.349369873975
0.349901783925
0.348902758204
0.346968655207
0.345401483523
0.3454519671
0.347303038886
0.349977733695
0.351946837913
0.352089558348
0.350330087473
0.347840352189
0.346336683208
0.346802106847
0.348888516064
0.351035908688
0.351647509579
0.34994411006
0.34666782292
0.343596005408
0.34249879613
0.343837664336
0.346551800505
0.348793265571
0.349054378883
0.347085284127
0.343963880528
0.341491689557
0.340933950358
0.34215893604
0.343943702019
0.344788273616
0.343906810036
0.341568531639
0.338985799224
0.337337934434
0.337090153801
0.337719254658
0.33835917959
0.338377016129
0.337706747844
0.336838617596
0.336247890781
0.33606809558
0.335943206955
0.335559799721
0.334929912585
0.334546394417
0.33501468391
0.336385084885
0.338011755686
0.338878676471
0.338239353816
0.336232403379
0.334059638893
0.333245046605
0.334610130041
0.337484295693
0.340190980902
0.340998554985
0.339307535642
0.336099441506
0.333495098039
0.333380220207
0.336042046655
0.339960011425
0.342930871212
0.343411620449
0.341410539158
0.338579011081
0.337142857143
0.338284776364
0.341318691251
0.344368570017
0.345509866213
0.34405488484
0.340949725615
0.338204464716
0.33745168715
0.338918313741
0.341401601096
0.34333432874
0.343732187673
0.342845642134
0.341845077546
0.341821304402
0.343071410716
0.344891692257
0.346309169149
0.346806403697
0.346642818963
0.346588302752
0.347207479383
0.348359218947
0.349302951247
0.349347790641
0.348534798535
0.34763816243
0.347659591639
0.348914441943
0.350777576854
0.352125901745
0.352139936025
0.350985732287
0.349851450897
0.350058926322
0.351972270645
0.354523009673
0.35607544726
0.355508285726
0.353130068115
0.350660775093
0.350064845586
0.352108274827
0.355737103741
0.358747078841
0.359266441126
0.357032188575
0.353734500062
0.351912794794
0.353042865434
0.35662189696
0.360503533938
0.362428962324
0.361488344545
0.358684589941
0.356296956577
0.35611415933
0.35828845003
0.361399276236
0.363558143577
0.36369086692
0.362268131868
0.360834288738
0.360705903193
0.362041744715
0.36387250709
0.364947282312
0.364669534969
0.363576189382
0.362774395868
0.362961761298
0.363958489155
0.364953668684
0.365245039445
0.36492742441
0.364823073194
0.365627128539
0.367191549709
0.368457897851
0.368310420402
0.366571069182
0.364339670469
0.363405686334
0.364803153637
0.367773367016
0.370291100349
0.370436706527
0.367787591785
0.36408677022
0.362200107585
0.363960845817
0.368734301627
0.373862943881
0.376332094176
0.374708571429
0.370203563808
0.366096981635
0.365224219159
0.367916569018
0.372108883881
0.374921743318
0.374677980587
0.372024176637
0.369519314371
0.369563586345
0.372530455091
0.376785828484
0.379897475829
0.380283911672
0.378317967765
0.375813021703
0.374492129692
0.37480293558
0.375963656388
0.376881233001
0.377268560953
0.377671145234
0.378845189483
0.380625090436
0.381932126365
0.381624154086
0.379649017097
0.37759367637
0.377543993879
0.38038096707
0.38459377195
0.38738503013
0.38636693256
0.381589889931
0.376204151965
0.374289245983
0.377679016448
0.384486249367
0.390493018445
0.391773099621
0.387314500268
0.380503370787
0.376685847869
0.378770395745
0.385271882685
0.391805710048
0.393944260746
0.390352557961
0.38387656702
0.379700048379
0.380949132723
0.386607319486
