1.06748891353
1.07055320917
1.07512845438
1.07840563692
1.07884745763
1.0777961069
1.07759675446
1.07928340004
1.08238276299
1.0847715736
1.0846226713
1.08241074761
1.0803821346
1.08105206656
1.08492844102
1.09041400714
1.09440559441
1.0945486011
1.0910070922
1.08646721266
1.08405255346
1.08536452071
1.08954490887
1.0941694289
1.09634480167
1.09525814431
1.09250283593
1.09019308943
1.08975718108
1.09140380933
1.0943632987
1.09726428678
1.09963387845
1.10190471621
1.1045596739
1.10773728134
1.11076589936
1.11285707585
1.11362580165
1.11383529627
1.11446381787
1.11611490864
1.11814271143
1.11948909932
1.11936327955
1.1180621289
1.11695583931
1.11749149981
1.12019210691
1.12433311104
1.12858091838
1.1316838601
1.13343310144
1.13473541923
1.13617455459
1.13796599594
1.13915479804
1.13879514333
1.13690201507
1.13476118271
1.13426876143
1.13625636109
1.14022289024
1.14446192689
1.14714791431
1.14756177089
1.14659985684
1.14613129922
1.14730036694
1.14976030015
1.15206176644
1.15257099531
1.15088342845
1.14815690779
1.14613199666
1.14578565031
1.14676806084
1.14781317049
1.14767197159
1.14649182895
1.14531844873
1.14547544543
1.14716418857
1.14937628296
1.15045334341
1.14950519855
1.14712093919
1.14516526128
1.14511494253
1.14698707002
1.14898874348
1.1489102271
1.14552510308
1.14003719926
1.13539783672
1.13411232788
1.13672663449
1.14156441269
1.1456951699
1.14674677608
1.14450142782
1.14113497731
1.13929833635
1.14029200011
1.14334157135
1.14615185281
1.14670116429
1.14460861364
1.14169431918
1.14032217113
1.14183397248
1.14575196694
1.15011087735
1.1527485047
1.15280541186
1.15106304674
1.1494408675
1.14899510982
1.1498623684
1.15119393629
1.15201940916
1.15253222311
1.15356135904
1.15605749487
1.15978095702
1.16337849158
1.1648744478
1.16329382989
1.15961527285
1.15638313288
1.15574697642
1.15822489351
1.16227760104
1.16533372975
1.16516229302
1.16187599079
1.15750784402
1.1545250561
1.15420251489
1.15561758548
1.1568063628
1.15595033194
1.15312432699
1.15011078287
1.14921271998
1.15126521211
1.15523374784
1.15856297333
1.1587713398
1.15540648971
1.1502088018
1.14587096774
1.1440951295
1.14470292776
1.14590174921
1.14577486221
1.1436853704
1.14106646792
1.14014445085
1.14208209643
1.14628421525
1.15020108411
1.1510400113
1.14768979823
1.14182359826
1.13677822337
1.13531635637
1.13820172122
1.14370995923
1.14859761687
1.15036324943
1.14866099156
1.14540760672
1.14311146636
1.14288841859
1.14404849375
1.14445961404
1.14246767122
1.1382375535
1.13408530393
1.13259269947
1.13537873598
1.14174708157
1.14885537594
1.15315704263
1.15272688463
1.14825346674
1.14252450129
1.13828792966
1.13721550559
1.13927209705
1.14277339035
1.14580495778
1.14742302544
1.14806640754
1.14868215031
1.14988777933
1.1513652488
1.15225936393
1.15176212873
1.14998253802
1.1479445208
1.14679210364
1.14689386742
1.14777526164
1.14828292713
1.14742516064
1.14519001479
1.14274626866
1.14156858106
1.14263009183
1.14579043361
1.15004415661
1.15391623806
1.156294759
1.15711757709
1.15704194897
1.15688925972
1.15678247081
1.15645707341
1.15539580857
1.15374822787
1.15217954997
1.15176058361
1.15307442435
1.15593837616
1.15939875907
1.16212254471
1.16332529837
1.16326230713
1.16282556294
1.16295684005
1.16368133997
1.16423137302
1.16339749465
1.1606389855
1.15669155303
1.15331913712
1.15198217436
1.15329651471
1.1563823734
1.15945235347
1.16073512252
1.15970027692
1.15740046304
1.15592257728
1.15677076499
1.16012855344
1.16454804629
1.16793686278
1.16852519209
1.16631057754
1.16297671279
1.16065054886
1.16036748066
1.1620094619
1.16403623139
1.16465849628
1.16311764908
1.16019697742
1.15758349573
1.15657828914
1.15725404111
1.15848466707
1.15847502657
1.15615308479
1.15193505266
1.14765748095
1.14521410179
1.14557861814
1.14814230745
1.15115033092
1.15260779514
1.15134664968
1.14830806921
1.1453716563
1.14452284143
1.14662258756
1.15116937286
1.15646420695
1.16042050246
1.16185737
1.16110431592
1.15947840637
1.15824983492
1.15814407534
1.15915829471
1.16073591326
1.16230773662
1.16364784568
1.16478736191
1.16579361672
1.16636481242
1.16587554269
1.16385612349
1.16067566778
1.15729909931
1.15501857649
1.15460255959
1.15577190542
1.15719974848
1.15729008791
1.15495671856
1.15070344658
1.1461914573
1.14373729283
1.14448610293
1.14837092732
1.15397324691
1.15902140673
1.1617279543
1.16167333529
1.15987267353
1.15810302323
1.15767580918
1.15870112051
1.16044310039
1.16187868993
1.16241482603
1.16247139588
1.16299944911
1.16485355649
1.16784877563
1.1710543213
1.1729941543
1.17257940574
1.17024384049
1.16751332706
1.16644997524
1.16831683168
1.17316136114
1.17966039803
1.18589393111
1.19003567326
1.19142240604
1.19056229066
1.18889345224
1.1874180865
1.18651691915
1.18594610258
1.18519696882
1.18420218438
1.18329366559
1.18305675359
1.18371774378
1.18482869256
1.18544783649
1.18444940692
1.18142944411
1.17713754106
1.17300997911
1.17043180698
1.16978274798
1.17053169914
1.17131213374
1.17079260039
1.16855532663
1.16537514814
1.16282889734
1.16240202507
1.16453247351
1.16853513866
1.17286514379
1.17575950374
1.17619017149
1.17461688582
1.1723731191
1.17107645396
1.17140863387
1.17318559909
1.17525740435
1.17651909172
1.17635201109
1.17517679678
1.17374980766
1.17288538272
1.17247639797
1.17197394608
1.17049554968
1.16761397631
1.16382019807
1.16030131606
1.15833864703
1.15851519595
1.16050196258
1.1633535747
1.1657691206
1.16708101157
1.16740526106
1.16753114957
1.16840837139
1.17035856128
1.17279029949
1.17480916031
1.17528416375
1.17383712609
1.17101266548
1.16803137884
1.16568318533
1.16405710338
1.16243787601
1.1598363069
1.15583447618
1.15129817383
1.14798585718
1.14781634938
1.15156752168
1.15832444783
1.1661289827
1.17232278697
1.17473994235
1.17287719519
1.16820138911
1.16340175587
1.16101616055
1.16186040774
1.16492436355
1.16826819759
1.16965762234
1.16826015468
1.16466650585
1.16102225002
1.15924072984
1.16034050493
1.16363372935
1.16764824759
1.17057875964
1.171596956
1.17122820964
1.17108745847
1.17273312257
1.17677260931
1.18232877861
1.18747194794
1.19015433142
1.18945615669
1.18602878916
1.181984931
1.17951762943
1.1798299252
1.1823977028
1.18535621969
1.18627307139
1.18363426815
1.17766045794
1.17024311954
1.16391389899
1.1605134511
1.16057113471
1.16305907495
1.16607762992
1.1677133358
1.16707058932
1.16462485524
1.16177761632
1.15979381443
1.15916684225
1.15956070408
1.16015132409
1.15997374545
1.15885147697
1.15734001048
1.15643598516
1.15669345187
1.15818888479
1.16015979148
1.16150298503
1.16145848009
1.15993849595
1.15763396811
1.15567202678
1.1546028363
1.15447554935
1.15443909153
1.15378214197
1.15197678636
1.14943782514
1.1473080688
1.14684649393
1.14866953272
1.15243227911
1.15702289198
1.1606538237
1.16205440208
1.16089461803
1.15841349008
1.15649396735
1.15687256867
1.16014853674
1.16566541387
1.17203276247
1.17740921474
1.18056845069
1.18127679848
1.18065865441
1.18004363636
1.18037410072
1.18152211176
1.18258642766
1.18256625617
1.18106786512
1.17867775094
1.17702936097
1.17760884589
1.18120029718
1.18706837254
1.19354215004
1.1983445824
1.19978796418
1.19761951329
1.19325221856
1.1890672016
1.18697191936
1.18760337529
1.19022677727
1.19302218909
1.19416151592
1.19263771342
1.18907303288
1.18524856173
1.18326881593
1.18434545508
1.18833586513
1.19387021391
1.19889885071
1.20171505943
1.20175412339
1.20004744677
1.19839873306
1.19854222325
1.20116517175
1.20586122684
1.21117798796
1.21558545434
1.21786535677
1.21816595361
1.21753916485
1.21727589449
1.21828291448
1.2204611744
1.22281079292
1.22407397154
1.22332898643
1.22066783246
1.21700651963
1.21390493114
1.21237211118
1.21257165337
1.21392455403
1.2151866004
1.2151451019
1.2134553189
1.2105984601
1.20783457114
1.20640507286
1.20686243124
1.20895827254
1.21170683143
1.21383094211
1.21430454266
1.21284953589
1.20996717913
1.20671518735
1.20399393327
1.2021856404
1.20117575624
1.20058179423
1.20021843003
1.20001629461
1.20046456353
1.20180674302
1.20415224913
1.20713537892
1.20992212132
1.21163748713
1.21197578666
1.21115101011
1.21009745086
1.20995605185
1.21127347483
1.21374622356
1.21624061848
1.21713879004
1.21523017353
1.21032923352
1.20378696178
1.19778608396
1.19457895189
1.19538325286
1.19992583718
1.20662334701
1.21301590011
1.21708124629
1.21794835852
1.216600703
1.21522546129
1.21597561305
1.21986499518
1.22650189911
1.23379480575
1.23899913719
1.23966114539
1.23512364237
1.22709701835
1.21879719525
1.21344555951
1.21310008137
1.21773817683
1.22546101855
1.2331856284
1.23766445022
1.23707082007
1.23188696549
1.22458412988
1.21818026921
1.21489476219
1.21556343019
1.21945534141
1.22480200558
1.22943218025
1.23198643685
1.23236978076
1.23183057476
1.23194236781
1.23374279403
1.23714354696
1.24112676056
1.24397193624
1.24425302826
1.24156109632
1.23692893741
1.23226566054
1.22936123525
1.22922882563
1.23150357995
1.23490503897
1.23755555556
1.23795771884
1.23565210041
1.23156292287
1.22738014855
1.2247326616
1.22449952336
1.2263404506
1.22903787794
1.23102440121
1.23097201189
1.22867017867
1.22476874223
1.22085654977
1.21817985242
1.21735634648
1.21813144364
1.21937760327
1.21982496497
1.21883481331
1.21649511606
1.21389660049
1.21245450022
1.21315008015
1.21610102187
1.2204391666
1.22454223352
1.22658981643
1.22552067571
1.22137510014
1.21548169264
1.20964256027
1.20556804619
1.20416284053
1.20536635707
1.20814151391
1.21119515044
1.21325902833
1.21385139741
1.21339216056
1.21284905811
1.21296588756
1.21416791015
1.21625434311
1.21841871638
1.21987998956
1.22012545876
1.21935718177
1.21842738493
1.21825571462
1.21952108277
1.22221345329
1.22578406513
1.22905936568
1.23097415616
1.23091190964
1.22915395284
1.22679243195
1.22510870163
1.22499726147
1.22657529759
1.22920018543
1.23175451027
1.23308679574
1.23251412659
1.23030789826
1.2275214805
1.22552192067
1.22528082634
1.22694252638
1.2298971452
1.23300895891
1.23505336235
1.23521435277
1.23366030214
1.23131850759
1.22961276832
1.22956929138
1.23151625711
1.23480498375
1.23813953488
1.23997792799
1.23938352367
1.23636514799
1.23206553217
1.22823677513
1.22639717851
1.22742691003
1.23096480664
1.23573769618
1.23987580277
1.24167062675
1.24020969856
1.23589636983
1.23020841384
1.2249552086
1.22165488013
1.22097991557
1.22276577667
1.22594805195
1.2292933529
1.23169153572
1.23266433047
1.23249434013
1.23197693047
1.23174552173
1.23205696628
1.23264469497
1.23275302768
1.23159401502
1.22886614554
1.22489959839
1.22076660541
1.21774945601
1.21680543102
1.21813694308
1.22116117235
1.22473654737
1.22735523456
1.22795306924
1.22615095602
1.22286008495
1.21964901446
1.21807086209
1.21910126877
1.22278606188
1.22812319336
1.2335962187
1.23749464439
1.23872129913
1.23722715923
1.23402609183
1.23091360897
1.22935923957
1.23012758881
1.23307901203
1.23708732351
1.24062129109
1.2421163912
1.24087891731
1.23720429556
1.23256288586
1.22871015303
1.2271445627
1.22846222449
1.23220973783
1.23704508982
1.24130094044
1.24349931572
1.24299386633
1.24003812651
1.23585130308
1.23186453215
1.22916611708
1.22841328413
1.22942617123
1.23160827398
1.23395011646
1.23579855517
1.23680823681
1.23728122691
1.23779949001
1.23881121514
1.2404822176
1.24239835151
1.24372741744
1.24364875518
1.2415415697
1.23754877798
1.23236664008
1.22717545443
1.22307851453
1.22059931907
1.21980006281
1.22002478707
1.22044151985
1.22009149423
1.21852215181
1.21595417641
1.21330982812
1.21163521209
1.21164554411
1.21349772875
1.21662193061
1.21994229717
1.2223193546
1.222755243
1.22108345534
1.21787044309
1.21453058737
1.21249300005
1.21261974709
1.21503249506
1.21892220526
1.22283897532
1.22509824469
1.2243147541
1.22018492399
1.21354274477
1.20617082141
1.200136027
1.1968889995
1.19701345181
1.20014754703
1.20494464945
1.20962767401
1.21247770953
1.21248260783
1.20962601464
1.20491844166
1.1999299895
1.19604691463
1.19407853152
1.19416114227
1.19564434845
1.19754204398
1.19876066271
1.19871794872
1.19740992435
1.19549558689
1.19379825529
1.1929863748
1.19323028376
1.19406617177
1.19467046879
1.19386524212
1.19097966728
1.18595998423
1.1796821179
1.17363960201
1.16932452023
1.16787889248
1.16956770044
1.17396975093
1.17999188312
1.1860208995
1.19039892864
1.19198887916
1.19057361328
1.18701160762
1.18261911299
1.17874753452
1.17631823291
1.17576804262
1.17675527129
1.1785897217
1.18043749847
1.18153868857
1.18153337609
1.18059125964
1.17926234178
1.178124068
1.17755678269
1.17769947143
1.17819169183
1.17852760736
1.17816977353
1.17674549983
1.17431192661
1.17120425478
1.16798537733
1.16514851485
1.16298457691
1.16145071658
1.16028993262
1.15918943933
1.15796035102
1.15665520629
1.15563395919
1.15535568275
1.15627643166
1.15857710275
1.16198649903
1.16597322036
1.16970618034
1.17233231707
1.17330621584
1.1724951183
1.17032759186
1.1676801041
1.16553366744
1.16477482579
1.16567467607
1.167978297
1.17100435399
1.17369544417
1.17518841436
1.17486527908
1.17292580749
1.16996175053
1.16699840764
1.16480063836
1.16391063968
1.16413786174
1.16486288756
1.16497975709
1.16346932577
1.1596077245
1.15346534653
1.14593886679
1.13855083774
1.13275808046
1.12961235861
1.12948867839
1.132
1.1361483057
1.14052255602
1.14368869514
1.14455841881
1.14279962759
1.13893156688
1.13415032269
1.12970272296
1.12648417706
1.12498454692
1.12493528904
1.12563073818
1.12626324719
1.12587738674
1.12411668338
1.12110676165
1.11770531401
1.1149143667
1.11359769977
1.11421161328
1.11661948658
1.12015769626
1.12394086222
1.12682127552
1.1278678495
1.12669520855
1.12355291466
1.11923292131
1.11495698546
1.11162178277
1.10970547053
1.10918924186
1.10955614844
1.11012820824
1.11009664416
1.10889424834
1.10645579212
1.10312362085
1.09966565051
1.09680203171
1.0950825352
1.09473605689
1.09554522274
1.09698005125
1.09836892127
1.09901639344
1.09851436615
1.09675003744
1.09408914489
1.09100917431
1.08811405848
1.08572668741
1.08387547588
1.08245626769
1.08108503683
1.07953256743
1.07770716511
1.0756928029
1.0738782943
1.07265217171
1.0723937247
1.07315167251
1.0747058676
1.07657545191
1.07819339435
1.07895846249
1.07864000792
1.07720234126
1.07526987726
1.0736386443
1.07328634231
1.07491832674
1.07871339556
1.08425588825
1.09066846455
1.09682787836
1.10147399506
1.10365963122
1.10291052266
1.09947321084
1.09431745626
1.08878658336
1.08410677207
1.08121626306
1.0803578011
1.08113401557
1.0828047317
1.08429617975
1.08479438166
1.0837481334
1.08126845873
1.07802879904
1.07492570392
1.07296050808
1.07268650324
1.07411509994
1.07681086519
1.07991257599
1.0823113385
1.08303944374
1.08153148665
1.07782457879
1.07265651938
1.06720074477
1.06261752998
1.05975326738
1.05883507532
1.05955973287
1.06109083637
1.06228994516
1.06218131756
1.06008913478
1.05602334093
1.05079486201
1.0455209225
1.04157647234
1.03987299712
1.04077195554
1.04400048727
1.0486285812
1.0533887468
1.05679533325
1.05767061831
1.05546294893
1.05050223214
1.04403218029
1.03761453956
1.03283521911
1.03061992176
1.03134992006
1.03457128614
1.0393441806
1.04427317171
1.04785453819
1.04890666
1.04673690518
1.04166459132
1.0348337761
1.02769657633
1.02167934392
1.01777457366
1.01636718554
1.01727403591
1.01984137104
1.02309314406
1.02594114151
1.02758549437
1.02758018541
1.02615525393
1.02397148523
1.02192188469
1.02074168735
1.02078131884
1.02202059833
1.02408358858
1.0263013288
1.02787192068
1.02810669804
1.02666151468
1.02361107527
1.01958566802
1.01536697248
1.01184565365
1.00954564714
1.00869328987
1.00916101778
1.01047338729
1.01209915404
1.01342630369
1.01404137725
1.01378653432
1.0128567107
1.01169353818
1.01085825913
1.01079255441
1.01168135301
1.01340033501
1.01556795132
1.01772600658
1.01918653151
1.01954405609
1.01852736368
1.01638194479
1.01360493272
1.01085900725
1.00876494024
1.00771362241
1.00767918089
1.00844393882
1.00943035555
1.01006211818
1.0096661941
1.00788659794
1.00476996461
1.00066053554
0.996235790108
0.992271488729
0.989346329994
0.987774645149
0.987491212334
0.988137200088
0.989198853756
0.98992499443
0.989682201798
0.988108491043
0.985046109951
0.980823247025
0.976051565565
0.971529888551
0.967901669013
0.965571439264
0.964693330687
0.965096418051
0.966464245879
0.96828163123
0.970103996993
0.971580727392
0.972569338616
0.973113616652
0.97344748275
0.973770910484
0.974346563408
0.975223395613
0.976272386927
0.977169525732
0.977554978966
0.977002518892
0.97526599768
0.972427723772
0.968849557522
0.965170729238
0.962152302782
0.96032047869
0.959993907702
0.961067032855
0.963018656336
0.96530315031
0.967146368944
0.967895789528
0.967123990255
0.964742933224
0.961052550981
0.956801260387
0.952930166679
0.950364080728
0.949756073027
0.951234241715
0.954679728331
0.959354134403
0.964426271403
0.968833573339
0.97166838843
0.972276101068
0.970452375423
0.966581966582
0.961508088142
0.956354722131
0.952145421678
0.949584667734
0.949028640096
0.950364779874
0.953216967729
0.956853898018
0.960549151664
0.963544250907
0.965413257814
0.966015092758
0.965572958745
0.964659381539
0.963862816808
0.963684744045
0.964361273423
0.965760828578
0.967529684624
0.969006219063
0.969557195572
0.968631104899
0.965920359063
0.961520314548
0.955974842767
0.950196865792
0.945192730281
0.941733411807
0.940393826503
0.941315617293
0.944154540893
0.948268931209
0.952833287017
0.956876130314
0.959621661912
0.960451684753
0.959390202659
0.956959587811
0.954000051831
0.951541963528
0.950463765162
0.951315590122
0.95423312268
0.958977051147
0.964982103076
0.971284038858
0.976826823016
0.980599195264
0.981875533263
0.980335032775
0.976359276443
0.970823798627
0.964904119502
0.959725353556
0.956073793996
0.954459680463
0.954954729628
0.957325746799
0.960974024351
0.965238155084
0.969323910125
0.972558638663
0.974454058508
0.974977982697
0.974305014289
0.97289994024
0.971280456195
0.969874541794
0.968908189223
0.968394922715
0.968170912247
0.967837375979
0.967112654479
0.965552541332
0.963101714051
0.959839563943
0.956185036534
0.952731011438
0.950129483859
0.948826039192
0.949102939305
0.950929424594
0.954101513081
0.95809201042
0.962280879522
0.966015098752
0.968720475959
0.970011031015
0.969847564116
0.968448480471
0.966424261179
0.964360101828
0.962822710641
0.962221939748
0.962611395824
0.963905889435
0.965707440038
0.967543619484
0.968771772668
0.968933878528
0.967572436571
0.964694944215
0.96051768505
0.955619654876
0.950867857595
0.946905793247
0.944350332482
0.943461383343
0.944237918216
0.946319479219
0.949205476714
0.95227987814
0.954926126847
0.956620890136
0.957119517406
0.956496534342
0.955059583922
0.953291084909
0.951843358617
0.951246453945
0.951724482406
0.953517244804
0.956383215194
0.96009251058
0.964083036482
0.967754630199
0.9705722609
0.972120158888
0.972215281595
0.970988259547
0.968828938062
0.966341648727
0.964087628213
0.962658851469
0.962315413449
0.963204005006
0.965138300523
0.96781969087
0.970690511674
0.973170063964
0.974712643678
0.974965473949
0.973767183756
0.971337499051
0.968161571168
0.964833888721
0.961883239171
0.959894314415
0.959081244128
0.95947969076
0.960980612394
0.963224721566
0.965726839985
0.967963498994
0.969467157432
0.969880267842
0.969106261432
0.967247754886
0.964643414364
0.96172752809
0.959031100478
0.956887174923
0.955557735701
0.955136176334
0.955376684013
0.956124759563
0.956988721161
0.95765761325
0.957905722734
0.957659776788
0.956987086076
0.956144977771
0.955483903219
0.955377716112
0.956041263385
0.957505572245
0.959611231102
0.962048566385
0.964375014883
0.966002148741
0.966496949902
0.965418774048
0.962680382215
0.958452757159
0.953226558093
0.94781630557
0.943041049308
0.93958212979
0.938021653074
0.93847027641
0.940811950708
0.944526888559
0.948954983923
0.953253677346
0.956575980039
0.958152121388
0.95760737685
0.954810212601
0.950246472066
0.944541641702
0.938736302832
0.933654071814
0.930037226617
0.92830852566
0.928564819099
0.930618121024
0.933974179063
0.938066465257
0.942124943435
0.945619842641
0.947983142685
0.948964354528
0.948442225529
0.946602405039
0.943808779286
0.940521845517
0.937163585303
0.934065934066
0.931475868501
0.929318394024
0.92746368506
0.925685493321
0.923766185025
0.921599887464
0.919098546723
0.916302952503
0.913243815597
0.910150175243
0.907149145161
0.904521682788
0.902502775722
0.90120030528
0.90072823951
0.901103977089
0.902218020843
0.904047493039
0.906407222771
0.909057505052
0.911715317553
0.91392089404
0.915317992895
0.915537066467
0.91436632965
0.911836233561
0.908130465611
0.903610482655
0.898796703811
0.89418639705
0.89025033845
0.887340909091
0.885645263253
0.885144723505
0.885634934971
0.886676667121
0.887869333823
0.888773051617
0.888945979401
0.888250334264
0.886648693002
0.884437811873
0.881966910066
0.879700967056
0.877999094613
0.877109408354
0.877038165203
0.877659932282
0.878678624544
0.879749421217
0.880408928735
0.880263218444
0.879104649821
0.876911015288
0.873811601525
0.870230923695
0.866594163495
0.863392776727
0.861028274177
0.859742992746
0.859643225315
0.860632894323
0.862517763291
0.865022066312
0.867834214287
0.870726665607
0.873417433799
0.87568231441
0.877254098361
0.877928061492
0.877611667352
0.87624828218
0.87396845773
0.870944847638
0.867449549652
0.86375268939
0.860259950165
0.857168271476
0.854892790964
0.853495774339
0.853102510093
0.853591890701
0.854812543058
0.856449547262
0.858223706632
0.859782234957
0.860839933689
0.861332167993
0.86128317067
0.860880389272
0.860458869614
0.860237224255
0.860369790863
0.860887939953
0.861713174698
0.862642500891
0.863349148884
0.86353315168
0.862960420956
0.861444122916
0.859055316999
0.856008603332
0.852654092057
0.849328388585
0.846432427569
0.844140125961
0.842625738321
0.841808667651
0.841523945803
0.841531519457
0.841599607677
0.841506499278
0.841135568449
0.840402969247
0.839304647464
0.837725319988
0.835710947411
0.83319520663
0.83032051571
0.827153786953
0.82384651974
0.820709578406
0.81793946997
0.815813994764
0.814538103191
0.814169139466
0.814644761179
0.815791770302
0.817324392657
0.81878001067
0.819769142497
0.819864056923
0.818788876692
0.816520267179
0.813324838445
0.809625788999
0.805925892897
0.802753811867
0.800402960887
0.799018110408
0.798533359523
0.798769405943
0.799357592291
0.799854150093
0.799867021277
0.798988397631
0.796971309476
0.793824480574
0.789592559787
0.784602766448
0.779239538656
0.773950460393
0.769232488989
0.76552850622
0.763076236187
0.762056950085
0.762425469187
0.764117647059
0.76689991793
0.770526315789
0.774623692856
0.778873543375
0.782873951411
0.786240677817
0.788658411194
0.789931536254
0.790045948774
0.789117506323
0.787525562372
0.785628769568
0.783849259758
0.7825679893
0.781928352643
0.782033673017
0.782789790854
0.783977998581
0.785357515484
0.786746586747
0.787954747116
0.788860074916
0.789405999867
0.789476024276
0.788932594314
0.787676785875
0.785675344146
0.782964014284
0.779686745325
0.776037353942
0.772392329168
0.769012807435
0.766289618098
0.764398601089
0.763446990462
0.763338132007
0.763908266481
0.764892476647
0.76598881993
0.766915461452
0.7673958032
0.767334017033
0.766631773536
0.76536685024
0.763665737175
0.761728149767
0.759752868491
0.758000353607
0.756578218173
0.755603985056
0.755118408448
0.755103858227
0.755597470321
0.756574153805
0.758085779575
0.7600911601
0.762482449982
0.765066619606
0.767637626937
0.769880794105
0.771547792776
0.772442684836
0.772509545297
0.77177385748
0.770600719756
0.769320735679
0.7683402083
0.767964071856
0.768376029691
0.769585983657
0.771472636139
0.773824679458
0.776376303447
0.778815064438
0.780977729248
0.782722334599
0.78391959799
0.784544874134
0.78457129757
0.78404839976
0.783022379379
0.78171056941
0.780303740508
0.779057811843
0.77826742433
0.778111873666
0.77875905283
0.780217802178
0.782484104952
0.785345001231
0.788584269663
0.791912746363
0.79504720208
0.797782725457
0.799981558747
0.80163074862
0.802695455176
0.803188781413
0.80308513106
0.802413624397
0.801260720814
0.799665244348
0.797703326625
0.795444849979
0.793092858999
0.790895658904
0.789150888605
0.78816055975
0.788116412519
0.789151954747
0.791167322294
0.793923899023
0.797069426678
0.800239684181
0.802967809226
0.804936210802
0.805908384165
0.80590080705
0.804954598816
0.803338049447
0.801244474342
0.79894026975
0.796587261362
0.794282402936
0.792165554458
0.790353127322
0.78897727814
0.788221648874
0.788241120702
0.789051439358
0.790601129193
0.79271447047
0.795055744062
0.797179990191
0.798579840665
0.798762456201
0.797456722053
0.794629611314
0.790523445752
0.785580090277
0.780371790516
0.775448015671
0.771252715424
0.76809254127
0.766149777618
0.765421455939
0.765714694043
0.766885409017
0.768746017135
0.771111058679
0.773753405188
0.776538580947
0.779210431003
0.781602736379
0.783460873858
0.784581344471
0.784855589365
0.784184144243
0.782605449795
0.780284416648
0.777340267459
0.774045952564
0.770637214933
0.767327709536
0.764386322853
0.761985087398
0.760404020784
0.759745272096
0.76011914771
0.761475823305
0.763734672202
0.766573273237
0.769739113281
0.772884994633
0.775687737966
0.777842609975
0.779311221248
0.780084778029
0.780306290343
0.780134858701
0.77975724848
0.779340825862
0.778975059443
0.778736868751
0.778698882879
0.7789436602
0.77955806629
0.780624022638
0.782212452765
0.784258573896
0.786708609928
0.789304091522
0.791836116093
0.794071802734
0.795856766937
0.79715487254
0.79805264117
0.798744104849
0.799249237507
0.799639696091
0.79984284966
0.799779081083
0.799240025332
0.798172889053
0.796606602657
0.794786828785
0.793120355078
0.792022864726
0.791815351909
0.792618008426
0.794367693943
0.796836734694
0.799623342449
0.802259739582
0.804417649537
0.80587379283
0.806639641788
0.806767633976
0.806440516511
0.805805699756
0.80483982362
0.803478075323
0.801670146138
0.799405288114
0.796640495647
0.793625540265
0.790593240369
0.787844901568
0.785529915854
0.783776137445
0.782504632489
0.781589893301
0.780769630245
0.77991915504
0.778939663286
0.777879509247
0.776792255364
0.77580378901
0.774863186698
0.774003815176
0.77305286791
0.771916109554
0.770601155129
0.769115890084
0.767574002922
0.766226090694
0.765237080448
0.764718328485
0.764665595448
0.765023437089
0.765617574061
0.766392790883
0.767239087671
0.768166458239
0.769251216076
0.770617120106
0.772220452373
0.774032825322
0.775826890034
0.777340569878
0.778296446812
0.778465037584
0.777752972038
0.776253666713
0.774179175137
0.771859853206
0.769574081217
0.767503157432
0.76578059419
0.764416739895
0.763444407786
0.762854865749
0.762670538601
0.762912716574
0.763661461012
0.764918138733
0.766647847945
0.768755897021
0.771080413602
0.773490346433
0.775751043308
0.777836558541
0.779630665921
0.781276309143
0.782710214645
0.783950094561
0.784974607768
0.785702049906
0.786052790304
0.785905750108
0.785327495823
0.78438619109
0.78334942359
0.782453477259
0.781884057971
0.781841879038
0.782244880995
0.783093035531
0.784078547321
0.785088578545
0.785988510579
0.786760381955
0.7875041951
0.788282364791
0.78919723611
0.790163655926
0.7910199874
0.791638883252
0.791765567766
0.791337188717
0.79040269647
0.789128895184
0.787761220351
0.78651323495
0.785495134851
0.784793852088
0.784262103262
0.783784574857
0.783271962125
0.78275671429
0.782307025152
0.782094352083
0.782294463806
0.782944631351
0.783882574676
0.784829366217
0.785539251016
0.785594300278
0.784882200854
0.78347545182
0.781431278239
0.778976292788
0.776361393409
0.773678609436
0.770952380952
0.768149322485
0.765197591156
0.762086894161
0.75888588651
0.755750596413
0.75296592835
0.750755199256
0.749160782498
0.748173601686
0.747644431638
0.747423124408
0.747223253291
0.747156431712
0.747179921038
0.747574453725
0.748429621701
0.74983702276
0.751688222502
0.753657549297
0.755368187653
0.756383915468
0.756381193511
0.755387200424
0.753586398253
0.751331833787
0.749086045475
0.74708078244
0.745407689311
0.743975542501
0.742543217986
0.74088564823
0.739005258674
0.737082908349
0.735466295717
0.734431916739
0.73437409656
0.735368146969
0.737272937637
0.739794445407
0.742573402418
0.745275432248
0.74773713399
0.749906196785
0.751833527357
0.753632994058
0.755300484701
0.756801343772
0.757976958803
0.758724974294
0.758929923956
0.758535844471
0.757645119941
0.7563732416
0.754806800618
0.753127036842
0.751310768467
0.749328972943
0.74708955908
0.744583773984
0.741885302301
0.73914851897
0.736536696569
0.734267802224
0.732486334761
0.731214810011
0.730365109181
0.729671356021
0.728851963746
0.727652294935
0.725907202417
0.723689592707
0.721119877532
0.718513685834
0.716176733647
0.714174664394
0.712386996348
0.710538936515
0.708295761948
0.705438294532
0.701928040079
0.697968769062
0.693891264508
0.690121538883
0.686945730803
0.684458587253
0.682495233556
0.680868715001
0.679362921813
0.677905054322
0.676605910458
0.675665343332
0.675263912039
0.675548589342
0.676329894531
0.677307405495
0.678149719133
0.678647420783
0.678719157676
0.678527750277
0.678291168892
0.678267003703
0.678407215279
0.678484830564
0.678069367254
0.676865962097
0.674679874366
0.67164042754
0.668085888443
0.664599324532
0.661493159929
0.658796183019
0.656370067695
0.653882446048
0.651029783091
0.647731419535
0.644277172428
0.641051200725
0.638589970325
0.637038576901
0.636342224578
0.636161432878
0.636114112185
0.635882748341
0.635418192471
0.635034782353
0.635047853913
0.635782560253
0.637226191871
0.639046837447
0.640857302676
0.64217024813
0.642850715378
0.643017403432
0.643018844836
0.643312297984
0.644124374111
0.645318363676
0.646564077005
0.647425652596
0.647515380975
0.646832952526
0.64567355122
0.644555336597
0.643998102167
0.644313861044
0.645353740434
0.646753165935
0.648067602833
0.648883644381
0.649085271318
0.648929928044
0.648866668711
0.649285062367
0.650432050275
0.652104534233
0.653950461038
0.655528315022
0.656476463066
0.656791332558
0.656691221608
0.656569690639
0.656706323588
0.657009000123
0.657261565174
0.657009667428
0.655813365366
0.653565161908
0.650438075676
0.646873391662
0.643351021064
0.640170995114
0.637366880088
0.634779240899
0.632085561497
0.629108286467
0.625784017419
0.622178384322
0.618607931775
0.615269888617
0.612342418812
0.609848248298
0.607730339874
0.605960059539
0.604574254366
0.603609975093
0.602992823332
0.602698605215
0.60255752933
0.602437923251
0.602369325375
0.602299894084
0.602492401216
0.603012929983
0.603898087615
0.604869543939
0.605685198246
0.605960673118
0.605442176871
0.604176465055
0.602410400784
0.600566752635
0.598958166885
0.59765625
0.596503047802
0.59520206086
0.593476711796
0.591331572253
0.588927880358
0.586760017092
0.585186643049
0.584418126652
0.58426529223
0.584370766948
0.584376307069
0.58408389089
0.583587994982
0.583228996115
0.583445104426
0.584489640753
0.586354212477
0.588637427813
0.590900597907
0.592790095737
0.594235102654
0.595409300719
0.596754921074
0.59859818959
0.601017875656
0.60369519373
0.606142156087
0.607775433212
0.60832012422
0.607802740443
0.60660492403
0.605402542373
0.604513773648
0.6040632806
0.603633194798
0.602761047574
0.601026167265
0.598384145289
0.595307510759
0.592383002361
0.590199674707
0.588975455047
0.588362810543
0.587886722249
0.587023402122
0.585485940155
0.583327553922
0.581068480851
0.57929190801
0.578276822722
0.578013825662
0.578134961914
0.578221731419
0.577991452991
0.577434805748
0.576832776694
0.576541669403
0.576781226541
0.577479910206
0.578375211561
0.578983449221
0.579126674747
0.578696865255
0.577903961663
0.577021444029
0.57621671258
0.57540962032
0.57436661699
0.572974778687
0.571125408428
0.568993561505
0.566815106911
0.564851704294
0.563031233999
0.561097770154
0.55887436908
0.556245421884
0.553403858996
0.550774769687
0.548758520821
0.547506524653
0.546783625731
0.546121297602
0.545078343296
0.543367165874
0.541114623664
0.538880826815
0.537216487606
0.536502310713
0.536602994321
0.537022469989
0.537270153174
0.536973872706
0.536174565292
0.535273518512
0.534818470692
0.535040612204
0.535862022952
0.53684490556
0.537456359102
0.537449628668
0.537009869298
0.536539038289
0.536535071673
0.537084398977
0.537954893221
0.53854643968
0.538440778599
0.537492338078
0.536146851947
0.535068068241
0.534841941613
0.535625173274
0.536883959401
0.538011283498
0.538428525446
0.537895004172
0.536909304373
0.536129675442
0.536106895658
0.537032918149
0.538352801131
0.5394613627
0.53973234538
0.539133419788
0.53806619875
0.53733348689
0.537636878781
0.53897218725
0.54087499524
0.542607900651
0.543518907162
0.543320610687
0.542511507589
0.541805135952
0.541883347675
0.542898475463
0.544408380053
0.54569200206
0.546052389875
0.545258068061
0.543790040769
0.542415061675
0.541843768975
0.542237038088
0.543172335761
0.54398443029
0.544055596922
0.543258486751
0.541920192444
0.540635669283
0.539811538866
0.539424455401
0.539159687423
0.538515726815
0.537295459375
0.535724441917
0.534199288256
0.533190959245
0.532736609372
0.53254204468
0.532045018637
0.530855616929
0.528931723348
0.526751876347
0.524844373206
0.523660013456
0.523254940266
0.52319939348
0.52290164186
0.522090224396
0.520678311271
0.518987341772
0.517511104123
0.516553430468
0.516005977662
0.515630557641
0.515065875891
0.514279991989
0.513391960808
0.512841059337
0.512873654843
0.513442778967
0.514161392405
0.514584240313
0.514346861129
0.513482478717
0.512267160241
0.511411071665
0.511234653695
0.511797150299
0.512709923664
0.513629075361
0.514138326328
0.514263920671
0.514322521976
0.51465125877
0.515493795051
0.516725742136
0.518065182127
0.519286189315
0.520170401926
0.520956086715
0.521859640046
0.523168083619
0.524907308836
0.5269753767
0.529101115297
0.531060634224
0.532655426371
0.533915782369
0.534944823962
0.535781402691
0.536513567574
0.537101129578
0.537536499155
0.537745002911
0.537778299487
0.537604785706
0.537228991929
0.536576619651
0.535697037991
0.534647818471
0.533685165334
0.533108586174
0.532847632207
0.532753111335
0.532454361055
0.531629392971
0.530212326112
0.528606910977
0.527315914489
0.526974440612
0.527579637588
0.528678525485
0.529558404558
0.529693872977
0.528999593147
0.527925713505
0.527278532981
0.52766789433
0.529098138442
0.53093686812
0.532281205165
0.532477443103
0.531488978857
0.529898390433
0.528827660241
0.528882386842
0.530078159304
0.531609696547
0.5325628883
0.532295145968
0.530859391895
0.528969634497
0.527717599082
0.527799924468
0.528896090407
0.530262342491
0.530922734394
0.530399703618
0.528700782562
0.526593585059
0.524898679828
0.524057165542
0.523980437012
0.524137659474
0.524089260369
0.523711828296
0.52316290786
0.522702364177
0.522544252091
0.522558139535
0.522565136476
0.522408963585
0.522126313323
0.521933085502
0.521955034213
0.522268628752
0.522601295964
0.522740627571
0.52265646567
0.52257372228
0.522796352584
0.523469182895
0.524378950759
0.524939369442
0.524700903394
0.523435895329
0.521493775934
0.519516378697
0.518234972448
0.517822451221
0.517831366222
0.517516059957
0.516429686145
0.514652256052
0.512664415215
0.511483189327
0.511418809567
0.51213898917
0.512829828784
0.512824042212
0.511849442379
0.510419116609
0.509493971328
0.509809537448
0.511382698299
0.513391136802
0.514901465877
0.515239121913
0.51461207536
0.513637268565
0.513235441015
0.513863863864
0.515186505347
0.516552280985
0.517164330693
0.516838452903
0.515858828336
0.514997199165
0.514624626147
0.514759401537
0.515050336419
0.515137661282
0.515003061849
0.51492689909
0.515344616639
0.516292504941
0.517401158398
0.518085586715
0.517934074742
0.517063650921
0.516103300429
0.515806659081
0.516448012532
0.517511989536
0.518240807498
0.517939150402
0.516682554814
0.51512278373
0.514260207677
0.5144436188
0.515241942889
0.515767918089
0.515163860221
0.513420850814
0.51131973767
0.510147642625
0.510604453871
0.512276248413
0.514123066226
0.515000649379
0.514478347307
0.513197619253
0.512345944089
0.512992277169
0.515026917045
0.51736360184
0.518827394491
0.518672897983
0.517286339166
0.515932914046
0.515924364486
0.517718991764
0.520640199543
0.523384743643
0.524877599699
0.524845892565
0.524094620054
0.523632877626
0.524236387782
0.525720207254
0.527315815733
0.528181970229
0.527992602555
0.527213750105
0.526473063973
0.526375472491
0.526841552991
0.527524286135
0.527855153203
0.527820121951
0.527548034101
0.527521962399
0.527771875398
0.528134465253
0.528308365884
0.528278245841
0.528296154848
0.52892597905
0.530273395054
0.532079742317
0.533770778653
0.534706297407
0.534919928826
0.534822307761
0.535110153901
0.536140791955
0.537679398929
0.538813198751
0.538893967093
0.537779419915
0.536166449451
0.535161908322
0.535296320569
0.536474235521
0.537580461946
0.537772883953
0.536583002229
0.534617641306
0.532937073243
0.532525730044
0.533277294304
0.534560143627
0.535404040404
0.535480237559
0.535196687371
0.535303006618
0.536400272152
0.538315789474
0.540398406375
0.541987196729
0.542674152404
0.542798898072
0.543022932978
0.543770968463
0.544916497405
0.546047521133
0.546797173636
0.547150562852
0.547410735398
0.547890420727
0.548523610281
0.548834822507
0.548260230336
0.546839778317
0.545115486558
0.543963379744
0.543752390667
0.543994886545
0.543597992536
0.541776765376
0.538726912929
0.535622832755
0.534044408667
0.534503631961
0.535997300034
0.53671066957
0.535313986351
0.531663985451
0.527322288304
0.524561027837
0.524644549763
0.526830680174
0.529230431281
0.530022304833
0.528471174162
0.52555496224
0.523197419949
0.522621988882
0.523559638742
0.524867850099
0.525254549828
0.524454752604
0.52340548103
0.52333997344
0.524689909487
0.526934194865
0.528952611973
0.529828742938
0.529697566213
0.529523552193
0.530074100849
0.531183480397
0.531829504567
0.531038704209
0.528559069499
0.52559454191
0.523949044586
0.524381382561
0.526057730328
0.527149298547
0.526228211633
0.523225792909
0.519914114733
0.51867604733
0.520297641892
0.52349425386
0.52614450463
