1.83597371294
1.83576664819
1.8574797774
1.88588289075
1.90010378027
1.89175938526
1.87224541307
1.85935717003
1.86340863976
1.88298377147
1.90412782956
1.90984455959
1.89514939137
1.87046538842
1.85118994957
1.84703196347
1.85765592151
1.87341110918
1.88240843983
1.88013439731
1.87077633097
1.86146198354
1.85621498742
1.85408906883
1.85111503289
1.84537219378
1.83956230254
1.83778669291
1.84161979753
1.84771232057
1.84850740713
1.83827314849
1.81837175793
1.79756286539
1.7847890836
1.78344562079
1.78983865431
1.79512462339
1.79178527857
1.77905738251
1.76450623327
1.75688191407
1.76024773337
1.77165404442
1.78227031131
1.78337185333
1.77296137339
1.75675675676
1.7425124792
1.73607748184
1.73762871433
1.74227466558
1.74412442396
1.74020023757
1.73209814722
1.72379221065
1.71801064939
1.71567928975
1.71525091266
1.71510814592
1.71440664515
1.71400281411
1.71461764858
1.71546890272
1.7143443464
1.70905293189
1.69944201478
1.68800672335
1.67817827569
1.67236054816
1.6707012488
1.67193032826
1.67342866644
1.67366295722
1.67208709752
1.66911090742
1.66492027335
1.65928922014
1.65159682899
1.64227276814
1.63292937364
1.62527357087
1.61967198927
1.61557637755
1.61173698865
1.60727396909
1.6024265049
1.59828448892
1.59536512171
1.59338473017
1.59078310512
1.5862197239
1.57982951036
1.57344655834
1.56940635586
1.56863292148
1.56985206867
1.5700591716
1.56681918586
1.55949895616
1.5505036648
1.54356959465
1.54113373778
1.54256876493
1.54511452148
1.54533863926
1.5419272643
1.53630812949
1.53133805498
1.5292116998
1.52933644649
1.52900818034
1.52536862004
1.51759897055
1.50781308976
1.49975594188
1.49571946615
1.49529253531
1.49561502136
1.49377093605
1.48891319104
1.48285725039
1.47863888472
1.47767440123
1.47843973223
1.47764502555
1.47253909496
1.46351069873
1.45402298851
1.44864213341
1.44897959184
1.45254869457
1.45435920783
1.44994642584
1.43867688398
1.42507716049
1.41560392988
1.41434784282
1.41964595627
1.42576791809
1.42632298379
1.41826960823
1.40435825827
1.39111618208
1.38412735942
1.38435333729
1.38780565766
1.38832210976
1.38214880058
1.37058440501
1.35957802126
1.35507719958
1.35903029305
1.36837062034
1.3767944604
1.37838529449
1.37177125723
1.36077793009
1.35137913312
1.34737204005
1.3481613029
1.34982502187
1.34804461884
1.3413242514
1.33213985767
1.3245308015
1.32141118144
1.32189644417
1.32269662921
1.32027681035
1.31374235907
1.30591897501
1.3013200431
1.30254134732
1.30863975546
1.3154183429
1.31811581049
1.31441780356
1.30628602305
1.29850413039
1.29557262756
1.29838423295
1.30437299608
1.30918909269
1.30928981189
1.30502134401
1.29953997049
1.29657745754
1.29718550107
1.29953936706
1.30010255534
1.29622681731
1.28850050659
1.28097731239
1.27758021664
1.27953296703
1.28443944205
1.2879865044
1.28626413279
1.27903829313
1.26988055948
1.2640786469
1.26441002104
1.26948817401
1.27468186135
1.27497057819
1.26799879127
1.25612671847
1.24528510388
1.24011062994
1.24178089623
1.24741410488
1.25230256001
1.25271098538
1.24859307359
1.2431775968
1.24041011137
1.24154165056
1.2444436642
1.24493677574
1.23948288651
1.22832033318
1.21552784121
1.20695317959
1.20584954333
1.21132669114
1.21914047376
1.22395519478
1.22282705376
1.21698784043
1.21083803241
1.20844561055
1.21096700634
1.21585348302
1.21878070974
1.21620827672
1.20816747752
1.19871747623
1.19274710695
1.19297791261
1.1982530143
1.20449480642
1.20711504695
1.2038544226
1.19638123775
1.18911350646
1.18569400207
1.18713856118
1.19111473881
1.19377596614
1.19208349744
1.18601079123
1.17835970319
1.17274329352
1.17091436637
1.17199385173
1.17324396145
1.17188556877
1.16706992979
1.1609403255
1.15650991061
1.15567617508
1.1576367883
1.15958422501
1.15832443156
1.15254365983
1.14388867995
1.13627075826
1.13318151767
1.1353695874
1.14077652272
1.14584617616
1.14719381302
1.14431215034
1.13934280954
1.13584179209
1.13598558359
1.13908517459
1.14222788121
1.14227264913
1.13766402851
1.13015236022
1.12384641293
1.12209942907
1.12553149083
1.13155449356
1.1357593885
1.13456166024
1.12753103631
1.11794651416
1.11085130907
1.10994798868
1.11547489173
1.12434197375
1.1318707163
1.13451399216
1.13189009723
1.12724992373
1.12465195246
1.12651486703
1.13191621305
1.13727538654
1.13874538745
1.13458412833
1.12701391594
1.12066825098
1.12000285042
1.12631200575
1.13737403136
1.14788499061
1.15280973944
1.15003535936
1.14206045284
1.13398159145
1.13085465958
1.13453433292
1.14326443336
1.15261195435
1.1578412555
1.15719363891
1.15240780589
1.14744321319
1.14598834439
1.14934280379
1.15604524324
1.16250547525
1.1656341702
1.16458370636
1.1612446959
1.15855237829
1.15889086038
1.16239850094
1.1673592354
1.17092838928
1.17120316929
1.16845551505
1.16473101055
1.16237787713
1.16273156556
1.16529553639
1.16823758971
1.16983812355
1.16942570347
1.16823348292
1.1682945154
1.17120800759
1.17693294307
1.18366400583
1.18861387788
1.1896430837
1.18676809128
1.18190301616
1.1778668002
1.17663654989
1.1786174615
1.1824789988
1.18604088126
1.18753692698
1.18690579836
1.18544363421
1.18500473203
1.18663179103
1.19024477399
1.19451263538
1.19785610465
1.19922855791
1.19909978584
1.19874113732
1.19946558821
1.20158988257
1.20437269239
1.20634231103
1.20654839175
1.20494939742
1.20289393618
1.20216416865
1.20367087288
1.20707560233
1.21083339087
1.212868393
1.21193183758
1.20831783601
1.20390753069
1.20090233546
1.20073318141
1.20328691175
1.207027509
1.2098679868
1.21012133767
1.20779815015
1.20432762598
1.20166515485
1.20115520654
1.20308676216
1.20645246074
1.20967635403
1.21156964623
1.21193871811
1.21150536211
1.21119930918
1.21164145133
1.21265651438
1.21346430283
1.21351146092
1.21257931417
1.21142162819
1.21102192571
1.2120198006
1.21445867696
1.2176899653
1.22077458504
1.2231819648
1.22499373725
1.22684262948
1.22934905394
1.23232075207
1.23489111818
1.23558564847
1.2332532135
1.22784459155
1.22099769973
1.21525423729
1.21262502927
1.21353408339
1.21652702481
1.21922157845
1.2189244784
1.21440421587
1.20646621403
1.19772253408
1.19117506606
1.18862844473
1.189943074
1.19331243469
1.19625515709
1.19678383017
1.19472429684
1.19143392749
1.18884434262
1.18847112987
1.1904823317
1.19363352014
1.19618878357
1.19670446257
1.19530625832
1.19326217478
1.19253017688
1.19419432872
1.19820582261
1.20325786292
1.20774575222
1.21043190286
1.21162254278
1.2128038343
1.21559289748
1.22083022957
1.2276675567
1.23387859943
1.23684566025
1.23481331988
1.22820358882
1.21974217797
1.21313131313
1.21101746908
1.21393914077
1.22016876825
1.22649435608
1.22940122825
1.2270502225
1.22022740874
1.21169568745
1.20439676289
1.20023527955
1.19926096137
1.19997501874
1.20036418435
1.19892269892
1.19577287066
1.19240370335
1.1908132817
1.19217708867
1.19649407564
1.20218759266
1.20710019686
1.20925776523
1.20838383838
1.20578454097
1.20358398928
1.20358218949
1.20627832802
1.21089032084
1.21560394162
1.21869500474
1.21933422999
1.21809235679
1.2164255012
1.21573143042
1.21658244552
1.21828615394
1.21971272274
1.21968488869
1.21797026093
1.2157201672
1.21465479674
1.2162387617
1.22067563822
1.22682701203
1.23254877671
1.23566383522
1.23509406883
1.23157336329
1.22740024938
1.2251637044
1.22632649867
1.23076194685
1.23662196679
1.2414194299
1.24281098019
1.24028895091
1.23519152297
1.22998189896
1.22690320245
1.22693118903
1.22906965223
1.23116608241
1.23093689112
1.22709058661
1.22014646054
1.2122851072
1.20599012267
1.20286969438
1.20299783176
1.20485470299
1.20604797312
1.20455036582
1.19979216969
1.19294160341
1.18621454698
1.18187244456
1.18099871653
1.18328340324
1.18697694021
1.18989636523
1.19027739964
1.18784580499
1.18371172043
1.17964961203
1.17721905227
1.17698733163
1.17855583962
1.18055599282
1.18149004211
1.18057624647
1.17810038903
1.17516636705
1.17301332325
1.17250512376
1.17386356452
1.17645754822
1.179256917
1.18130400628
1.1820386086
1.18153090965
1.18019082235
1.17852860055
1.17668949092
1.17471843509
1.17269693121
1.17083431396
1.16963789116
1.16969096787
1.17120464441
1.17372377166
1.17626842197
1.17755885889
1.17652274138
1.17301851962
1.16800934384
1.16348814824
1.16162165428
1.16374517726
1.16977377782
1.17827685274
1.18689229619
1.19308203713
1.19534269822
1.19364143726
1.189694966
1.18581437163
1.18389315567
1.1848230483
1.18800822363
1.19191455503
1.19476328208
1.19531485842
1.19373619156
1.19136185162
1.18988119623
1.19060934405
1.19380860854
1.19853993284
1.20304628002
1.20538384845
1.204743083
1.20144199895
1.19723768175
1.19397319473
1.19309289875
1.19508636093
1.19918416679
1.20366798322
1.20639184808
1.20580499428
1.2016158875
1.1947295848
1.18676533285
1.17941328156
1.17374306755
1.17053276327
1.16978386735
1.17119811492
1.17401211249
1.17729213616
1.18031634446
1.18240815854
1.18320588743
1.18257807804
1.18063336001
1.17798280442
1.17564135491
1.17495726496
1.17687229684
1.1817508686
1.18911264947
1.1979055477
1.20668320444
1.21403456936
1.21895434594
1.22124691878
1.22152242044
1.22076005782
1.21995130895
1.21940383634
1.21898928025
1.21814573121
1.21641071966
1.21372253987
1.21058943455
1.20789661744
1.20651083171
1.20668675227
1.20806596789
1.20955022099
1.21006854444
1.20899083096
1.20649399076
1.2039023832
1.20290516823
1.20500028508
1.21055036701
1.21868627395
1.22748087178
1.23449953118
1.23770176218
1.2361795538
1.23090084952
1.22397352985
1.21792634493
1.21456941686
1.21422548783
1.21582581949
1.21737949353
1.216806824
1.21292547608
1.20620578969
1.19832574534
1.19174306603
1.18842951479
1.18908437651
1.19316953876
1.19879380974
1.20380186959
1.20625677913
1.20557411691
1.20244960886
1.19877142857
1.19634768649
1.19644300728
1.19908974209
1.2033427829
1.2074649149
1.20991034358
1.20982627579
1.20764254551
1.20453593441
1.20189649535
1.20072129597
1.20106022677
1.20223860865
1.20319367126
1.20277640059
1.20050357422
1.19668891244
1.19230878147
1.18840945412
1.18552048804
1.18358495287
1.18187898888
1.17943186912
1.17556714105
1.1702826715
1.16457243575
1.15976618192
1.15720174033
1.15744766622
1.16027763257
1.16457367525
1.1689785998
1.17218206798
1.17352227448
1.17326318307
1.17250697868
1.17248381401
1.17394220395
1.17667997916
1.17967243315
1.18145323163
1.18063889365
1.17646389671
1.16949248333
1.16141157989
1.15422344843
1.14967516242
1.14835286929
1.14990369316
1.15288255827
1.15569832561
1.15683350065
1.15587564587
1.15339608979
1.15071194502
1.14920653341
1.14966025902
1.15192156635
1.15494066536
1.15712659447
1.15711871321
1.15416485586
1.14882199328
1.14255331216
1.13721588521
1.13410163843
1.13377362662
1.13579735366
1.13907211352
1.14228808602
1.14438068579
1.14516446167
1.1452697948
1.14578574853
1.14771859353
1.15128154069
1.15595330293
1.16045305756
1.16323069275
1.16312891925
1.16001180463
1.15484497836
1.14960192015
1.1461565278
1.14577923951
1.14855436561
1.15334154516
1.15826843793
1.16125246859
1.1607943992
1.15669134396
1.15013457997
1.14320764827
1.13784468205
1.13524786517
1.13537266464
1.13708154506
1.13866882554
1.13833450047
1.13526442449
1.12971400018
1.12310444959
1.11736526946
1.11388355726
1.11322395501
1.11478587963
1.11709784651
1.11820385548
1.11643619009
1.11127931222
1.10340043603
1.09450740575
1.08667446264
1.08149791956
1.07957795363
1.08056276694
1.08322310095
1.08589113831
1.0871903427
1.08644530689
1.08393140222
1.08061304009
1.07753013615
1.07554499072
1.07477805269
1.07469449804
1.07443346721
1.07320931595
1.07074179826
1.06752819684
1.06467505838
1.0635420474
1.06485553638
1.0686953151
1.07415406767
1.07980306528
1.08368810217
1.08429453735
1.08095008645
1.07422774162
1.06582840237
1.05781828539
1.0518211684
1.04873003103
1.04840111227
1.04991379058
1.05180279617
1.05248708487
1.05110391522
1.04758290518
1.04285755487
1.0382118451
1.03468582699
1.03291408723
1.03264551894
1.03320493716
1.03352493134
1.03260683517
1.02998995552
1.0257185646
1.02050882658
1.01515720184
1.01020850805
1.00571577787
1.00131176213
0.996484443663
0.990739379685
0.983973416456
0.976684924285
0.969836980211
0.96440073614
0.961168639053
0.960184976314
0.960930049924
0.962357158862
0.963160405151
0.962273712661
0.959153696223
0.954034700405
0.947955600861
0.94228210717
0.938069887297
0.935770442483
0.93503493512
0.934879981624
0.933911785973
0.930969280894
0.92527696793
0.91695018756
0.906991513192
0.896946673902
0.888346087595
0.882102908277
0.878450120911
0.876908132112
0.876506443263
0.876049714478
0.874661781285
0.871802144194
0.867647058824
0.862784911488
0.858048416705
0.854038339762
0.850908144378
0.848517473157
0.846257467494
0.84359268745
0.840095606244
0.835689878638
0.830727794367
0.825770535533
0.821429595435
0.817996084107
0.81530922609
0.813096441001
0.810766766879
0.807955058717
0.804531369929
0.800710418517
0.797063405065
0.794220894137
0.792685414542
0.792447863348
0.793114580888
0.793927971966
0.794104616475
0.792879971591
0.789950284091
0.78538961039
0.779790388398
0.774022492862
0.768995204253
0.765149343576
0.762583366585
0.760830017055
0.759150243153
0.756846188955
0.753510229813
0.749093107618
0.744132269627
0.739391304348
0.73562117121
0.733282961844
0.732305902879
0.73223948333
0.732318971286
0.731669040077
0.729664725144
0.726119790165
0.721378521379
0.716317683393
0.711919600247
0.708998690188
0.707886698139
0.708319430542
0.709621464343
0.710745669803
0.710659463168
0.708617500867
0.704424314799
0.698535644346
0.691943819897
0.685755813953
0.680793898423
0.677531445638
0.675912158298
0.675532977539
0.675764410312
0.675931486088
0.67555415545
0.674371974449
0.672644072644
0.670735533183
0.669198168217
0.668333854329
0.668109709208
0.668232867293
0.668247130591
0.66751409953
0.665751483482
0.662790351842
0.658931607361
0.654754820281
0.650988270748
0.648151398151
0.646563449573
0.646105758201
0.64655909687
0.647385193194
0.648212554878
0.648703624123
0.64871646957
0.64830311483
0.647616539373
0.646826682374
0.646072740197
0.645187213525
0.644001434634
0.642231816274
0.639644508497
0.636265450618
0.632343707956
0.628376972687
0.624944701684
0.62252062489
0.621429194153
0.621583275423
0.622649708839
0.624097367808
0.625286410904
0.625735163073
0.625090122567
0.623354963915
0.620928388435
0.61842065068
0.616430422192
0.615365942469
0.615373008209
0.616165560328
0.617296520333
0.618194328108
0.618396240534
0.617445240164
0.615416904027
0.612639338367
0.609734936875
0.607466029565
0.606399808961
0.606778545574
0.608452398857
0.611052104512
0.614053390611
0.616829101744
0.618865559386
0.619713871557
0.619382288055
0.618029652384
0.616141548968
0.6142848377
0.612891478514
0.612262105517
0.612417064457
0.613310867734
0.614739201551
0.616490305217
0.618301501947
0.619923897449
0.621170266198
0.621887101344
0.621943159286
0.621300103581
0.619978114741
0.618165400423
0.616071982625
0.613978095415
0.612222222222
0.611194925952
0.611157164349
0.612229907572
0.614239067411
0.616889051362
0.619601987017
0.621851308388
0.623139835199
0.623005669321
0.621404703164
0.618555080483
0.615039919215
0.611635170521
0.609140882676
0.608043647701
0.608534437475
0.610407919336
0.613204096562
0.616435854512
0.619508471989
0.622110181997
0.62398361368
0.625082280663
0.625699383594
0.626195849093
0.626910341314
0.6280274617
0.629534662868
0.631200982708
0.632615307434
0.633598049025
0.633841539615
0.633383383383
0.632315122624
0.630944891797
0.629690357571
0.628975711443
0.629126090806
0.630341204026
0.632503567465
0.635313951269
0.638373318851
0.641261076153
0.643744153792
0.645570439397
0.646948356808
0.648029715762
0.649145354068
0.650535919357
0.65235426364
0.654493939871
0.656879984927
0.659285354806
0.661613924051
0.663674121406
0.665546544315
0.667254556143
0.668982319824
0.670984370353
0.673409450898
0.676257340638
0.679328736828
0.682280927835
0.684787472036
0.686543904844
0.687353034636
0.687109524417
0.68610469592
0.684608670352
0.683238312429
0.68255268937
0.683026315789
0.684818753498
0.687719875062
0.691331715953
0.695059792198
0.698423555469
0.700948852928
0.702479070673
0.70307078699
0.702972543681
0.702712336758
0.702850664075
0.703860853793
0.705918579022
0.708907224532
0.712444951884
0.715964290403
0.718957706425
0.720826391203
0.721391199356
0.720581798593
0.718740528709
0.716451959206
0.71443796836
0.713413628114
0.713860738804
0.715908353346
0.719344198681
0.723734904652
0.728454172367
0.732730263158
0.735867900659
0.737382925679
0.736972789116
0.734746922025
0.731204872874
0.727077510396
0.723294069862
0.720603048821
0.719478440658
0.720217925719
0.722720627326
0.726629509729
0.731456251892
0.736486256923
0.740982256238
0.744271374178
0.745857699805
0.745526214811
0.743466443655
0.740214635502
0.736425261119
0.732848626856
0.730167463292
0.728857860164
0.729272244631
0.731367050923
0.734935986641
0.739495210795
0.744489681314
0.749128919861
0.752820078962
0.755000529157
0.755416754887
0.754103568781
0.751386288984
0.747834694383
0.744080693683
0.740787981859
0.738555370377
0.73775318364
0.738524299397
0.740855064751
0.744362771208
0.748585459592
0.75282183169
0.756463659868
0.758934701695
0.759847244954
0.759050683829
0.756659572907
0.753175710405
0.749230881922
0.745517492711
0.742757821553
0.741355114965
0.741573838605
0.743420111572
0.746524294109
0.750396310708
0.754257907543
0.757428100385
0.759249686138
0.759240017812
0.757484585098
0.754256736749
0.750339961042
0.746640445755
0.743982099679
0.742984122433
0.744148651063
0.747485593615
0.75276407246
0.759444424245
0.766727941176
0.773679518609
0.779428272095
0.783297066106
0.78500580155
0.784853892483
0.783535911602
0.781883846491
0.780932034616
0.78148682786
0.784100357905
0.789027231688
0.79619335125
0.805
0.814572541309
0.823862116406
0.831564782776
0.836936451762
0.839408791545
0.839219260272
0.836949573196
0.833544539694
0.830004816777
0.827315773898
0.826153104011
0.82696116904
0.829817742727
0.834419668382
0.840033822738
0.845904298459
0.851087670492
0.854882789946
0.856809754979
0.856807155852
0.855096439448
0.852197966507
0.848704083535
0.84534349434
0.842635018403
0.841005451242
0.840704246868
0.84177093359
0.844071865562
0.847270750835
0.85096228465
0.854694572324
0.858017795925
0.860583745637
0.862294455067
0.863143010013
0.863303841587
0.862997883394
0.86245497153
0.861929092398
0.861503452605
0.86137912023
0.861676127405
0.862461138877
0.863689822801
0.865246566792
0.866860803727
0.868307025689
0.869360321384
0.869867780097
0.869735515396
0.868975727588
0.867799663234
0.866255063117
0.864779626271
0.863806632231
0.863759789068
0.8649909811
0.867635000586
0.871684169584
0.876925464634
0.882962215843
0.889403072137
0.89577145537
0.901558073654
0.906377581355
0.909823637379
0.911805973141
0.91236243875
0.91188861694
0.910912071654
0.909929980904
0.909360658332
0.909670814301
0.910911303938
0.913205621418
0.916463270609
0.920470290171
0.924831518922
0.9291082265
0.932839745924
0.93555465258
0.937179591505
0.937776694692
0.937558134832
0.936954686181
0.936341112532
0.93614821883
0.936655171047
0.937940873425
0.939965830983
0.942430533376
0.944939759036
0.946932676386
0.948098288865
0.947949654892
0.946461862689
0.943725039332
0.940096966783
0.935944333996
0.931793960924
0.927977078264
0.924940320119
0.922736702024
0.921440069098
0.920845992976
0.920753968254
0.920856425182
0.921050527662
0.921198801199
0.921303118404
0.921550768256
0.921975774737
0.922887612797
0.92432957637
0.926477431363
0.929300772606
0.932680681774
0.936400062854
0.939955640051
0.943054391636
0.945257669942
0.946322466677
0.946336388011
0.945488497755
0.944289255223
0.94315969789
0.942714963546
0.943289877301
0.945178209104
0.948450044175
0.952963493477
0.958243650452
0.963728518255
0.968633726745
0.972212154162
0.973909186225
0.97349929733
0.971235329222
0.967655728041
0.963454376164
0.959447535009
0.95638759808
0.954690588414
0.954647747645
0.956234135836
0.959116194033
0.96270478891
0.966321656051
0.969093241401
0.970363826199
0.969872769465
0.967621617332
0.96405305706
0.959734667753
0.955411321914
0.951592599657
0.948755991783
0.947197988495
0.946764131808
0.947123161057
0.947806881587
0.948093385214
0.947423764458
0.945514563107
0.942309176507
0.93817903596
0.93361121637
0.929448889891
0.926313038934
0.924731182796
0.924994419228
0.927249664229
0.9311146091
0.936106088005
0.941265516197
0.945726430849
0.948651728067
0.949493800478
0.948273256253
0.945388897247
0.94163671758
0.938047816195
0.935494677287
0.934829536996
0.936642303103
0.941059800913
0.947710698444
0.955805696155
0.964217955529
0.971589610785
0.976828523439
0.979064792176
0.978128101382
0.974407799528
0.968802186124
0.962575133255
0.957224084046
0.953801696315
0.953227980827
0.955646217764
0.960677737377
0.967493133677
0.974840149824
0.981370009144
0.985991710163
0.987946687271
0.986959052979
0.98359125904
0.97883823872
0.974061618153
0.970740698076
0.969935985368
0.972043580238
0.976970837253
0.984044150773
0.992218922678
1.00026435045
1.00699832649
1.01150439084
1.01309689383
1.01184282053
1.00824229229
1.00345014731
0.998613785137
0.995040250277
0.993277183971
0.993599820346
0.995686449502
0.998776508972
1.0020780763
1.00469536054
1.00596354362
1.00562986473
1.00384205721
1.00118510589
0.998390619611
0.996246648794
0.995379210265
0.995894628806
0.997731225894
1.00033862593
1.00311059476
1.00545794393
1.0068342234
1.00713538553
1.0066599319
1.00626524104
1.00681681229
1.00931218534
1.0140153102
1.0209731222
1.02929370899
1.03795552451
1.04564929501
1.05106814283
1.05351794952
1.05269062633
1.04925711214
1.04430235214
1.03949405324
1.0364960763
1.03646653174
1.04009318754
1.04706060377
1.0564257335
1.06642978526
1.074997075
1.08018997527
1.08054561893
1.07580859895
1.06681938189
1.05539347409
1.0437784522
1.03399061033
1.02765544525
1.02548720051
1.0273977723
1.03259315017
1.03953364727
1.04645101947
1.05174144722
1.05406034282
1.05300942994
1.04902681577
1.04310013084
1.03668462685
1.03110655893
1.02739467933
1.02619547294
1.02720149254
1.02978580991
1.03292303129
1.03560863778
1.03722835111
1.03765937062
1.03718444813
1.03632738952
1.03551720307
1.03517382413
1.03541044776
1.03600134584
1.03641728607
1.036035701
1.03420916673
1.03064840183
1.02554559908
1.01953837896
1.01354570342
1.00865831589
1.00576676634
1.00538077985
1.00754142344
1.01188336695
1.01726117717
1.02236135957
1.02578165809
1.02657004831
1.02451251428
1.02006420546
1.0142578689
1.0084066681
1.00362653772
1.00081534262
1.00031899057
1.00198807157
1.00519554464
1.00895149786
1.01221515823
1.01433525185
1.01491629704
1.01392368817
1.01171329298
1.0088178364
1.00584250332
1.00322107298
1.00135511019
1.00021266038
0.999683644416
0.999373280875
0.99906854797
0.9986982735
0.998361327325
0.998359423064
0.998865667537
1.00013877324
1.00217482812
1.00471447308
1.0072515539
1.00924731183
1.01005582594
1.00931953189
1.00701494642
1.00352432131
0.999308771687
0.99506122029
0.99136783923
0.988603116282
0.987087127905
0.986750467131
0.987361125268
0.988548321327
0.989969739213
0.99121522694
0.99194401775
0.992018087767
0.991367450819
0.990027949346
0.988114980652
0.985895092596
0.983537965567
0.981439934734
0.979827186229
0.978955417401
0.979215389176
0.980706236897
0.983600117843
0.987836949375
0.993238316208
0.999296623794
1.00548353248
1.01102690154
1.01527005696
1.01765958909
1.01796427714
1.01634979691
1.01327538791
1.00918794757
1.00487739245
1.00080469405
0.997391740512
0.994864098716
0.993251329787
0.992447830407
0.992309723414
0.992822336362
0.993779620853
0.995150435471
0.996651415689
0.998130716336
0.999226838779
0.999628164824
0.999017282277
0.99722560563
0.994212651413
0.990258873766
0.98576571221
0.981163543608
0.976972724029
0.97359597653
0.971251445458
0.969929150771
0.969514538235
0.969704725039
0.970058158113
0.970372262308
0.970280278363
0.969729902509
0.968678870259
0.967224726336
0.96545813254
0.963651705449
0.962025727651
0.960637574108
0.959540363075
0.958616292045
0.957677630957
0.956642527157
0.955487408233
0.954299996914
0.953233523692
0.952521151641
0.952260679763
0.952666436486
0.953729129186
0.955302838317
0.957007329378
0.958490685792
0.959302141158
0.959221207509
0.958144401814
0.95618123593
0.953559096525
0.950710900474
0.947914374627
0.945562314771
0.943745556826
0.942639267449
0.94221006232
0.942375242248
0.943134997576
0.944297324445
0.945913609032
0.947951822151
0.950318511117
0.952967419649
0.955638173856
0.958015748031
0.959669566856
0.960419274093
0.959955124809
0.958298400869
0.955677984463
0.952464680116
0.949188989924
0.946458040462
0.944802235859
0.944454512505
0.945465483531
0.947512318231
0.950121984278
0.952756144126
0.954763578568
0.955643295598
0.955209498943
0.953362052819
0.950394905254
0.946797263682
0.943106004448
0.939800766284
0.937089116143
0.935184063938
0.934021178387
0.933469805527
0.933381411701
0.933577123674
0.934022281294
0.934713423158
0.935866279414
0.937392745133
0.939203602749
0.941092424468
0.942642120413
0.943406493742
0.94299634592
0.941280812282
0.938322217463
0.934603658537
0.930616573246
0.92691069871
0.923819197562
0.921595434821
0.920107826293
0.91914981672
0.918387820135
0.91766471471
0.916896288914
0.916331057024
0.916383195232
0.91732946299
0.919402203937
0.922469972822
0.926121138954
0.929750593824
0.93264775343
0.934183290835
0.934078781702
0.932519548738
0.929998814042
0.927176889779
0.924780316344
0.923189252336
0.922630165772
0.922924208805
0.923757260866
0.924703620634
0.925524201734
0.926291201661
0.927321244118
0.929088775014
0.931841652324
0.935770808063
0.940731878137
0.94611114392
0.9511532838
0.954970110247
0.956789937713
0.956404332563
0.954027446301
0.950256425459
0.945847097688
0.9415
0.937648752681
0.934425748099
0.931692307692
0.929046175373
0.926209607492
0.92309672253
0.919853919543
0.9168774948
0.914522961259
0.913091216216
0.912685571546
0.913190659246
0.914336221636
0.915594081079
0.916332562699
0.91607001958
0.914621721538
0.911983770468
0.908402900142
0.904355350447
0.90030568693
0.896661092209
0.893759714467
0.891665711338
0.890182459936
0.889008103453
0.887861206872
0.886387726639
0.884477137842
0.882270771638
0.879946081047
0.878040511908
0.877061980069
0.877345863591
0.8789200593
0.881326452054
0.883764048149
0.885448208878
0.88558909445
0.88374296543
0.879860891559
0.874573354367
0.868709907341
0.863412980851
0.859508979694
0.857281043584
0.856570974199
0.856744948116
0.85696738092
0.856537199125
0.855019606768
0.852522035201
0.84960487323
0.847101667534
0.845561111567
0.845290132226
0.845852509314
0.846584022039
0.846698113208
0.845369749777
0.842431205515
0.838091239854
0.833166388425
0.828448537318
0.824698367637
0.822071279734
0.82037555149
0.81906447806
0.817563223318
0.815369795569
0.812439961575
0.809121800998
0.806197257384
0.804218524826
0.803512251129
0.80382388231
0.80451285273
0.804752120542
0.803793103448
0.801290597835
0.797466663104
0.793112653497
0.789098264665
0.786100939341
0.784245667956
0.783290024924
0.782534747137
0.781233358185
0.77880086223
0.775117209228
0.770739262837
0.766594011106
0.763612115616
0.762391337502
0.762943468799
0.764750550535
0.767022357724
0.768822282928
0.769490917476
0.768911226217
0.767678836602
0.766573844621
0.766316004494
0.767278686845
0.769238701694
0.771601082657
0.773476306867
0.774073976012
0.772995220393
0.770423169665
0.767131227442
0.763996442026
0.761691723456
0.760489601162
0.760288359308
0.760657781934
0.76104720762
0.761143927763
0.761011186379
0.761072923665
0.761854529549
0.763694234817
0.766598150051
0.770179603633
0.773838281514
0.776865339854
0.778844131258
0.779791106188
0.780092959383
0.780194513452
0.780430984275
0.780726219885
0.780672022205
0.77969055855
0.7772250605
0.773215821152
0.768115554367
0.762918901694
0.758574363838
0.7558090852
0.754684527377
0.754755770682
0.755249668237
0.755317489209
0.754394607208
0.752720614782
0.75101193831
0.7503439841
0.751424211597
0.754387307418
0.758765165536
0.763561259482
0.767444914253
0.769505800095
0.769453829578
0.767887098922
0.765934241328
0.764666790717
0.764629181192
0.765633757707
0.766883656139
0.767326333879
0.766036217304
0.762827700358
0.758363130711
0.753866351582
0.750475842828
0.748993218842
0.74942176252
0.751068598832
0.752863943087
0.753708654401
0.753144654088
0.751497867664
0.749745171323
0.748861196921
0.749611647929
0.751960237089
0.755168983411
0.758093011878
0.75955400926
0.75891654063
0.756589445881
0.753574571051
0.751031636864
0.749799961372
0.750104007766
0.751241144642
0.752056864611
0.751390635919
0.748555716032
0.743890034364
0.738428505422
0.733466124734
0.729926421405
0.728134344297
0.727734009881
0.727901881146
0.727614828258
0.726397532046
0.724346928513
0.722153383776
0.720584749111
0.720181789357
0.720966111614
0.722305670297
0.72339333009
0.72345799723
0.722267581102
0.720231937714
0.718207816969
0.716910560227
0.716789642593
0.717537663484
0.718461410466
0.718537249562
0.717129706649
0.714266023432
0.710708519198
0.707514073591
0.705620900862
0.705432868175
0.706661599435
0.708474944941
0.709721241102
0.709715832206
0.708352387357
0.706377858002
0.704731440757
0.704256170781
0.705188046569
0.707178585913
0.709371422341
0.710829493088
0.711032792753
0.710190116167
0.709077833711
0.708590320609
0.709289311696
0.711111738468
0.713325548942
0.714834345982
0.714880901072
0.713223686099
0.710545142367
0.708089599087
0.706940287872
0.707607176474
0.709858028394
0.712551069969
0.714265363686
0.713962114562
0.711553583464
0.707940930621
0.704509548491
0.702515705864
0.702542349386
0.704272363151
0.706613874638
0.708118359037
0.707950559546
0.706086618329
0.703444444444
0.701265752203
0.70048037756
0.701398938736
0.703255760633
0.704613696732
0.704131896152
0.701211734694
0.696329770285
0.690863253064
0.686403253922
0.684079964979
0.6840947745
0.685583227969
0.686996885833
0.686885821245
0.684670811785
0.680946882217
0.677090219297
0.674584050488
0.674399265929
0.676600378245
0.680012574303
0.682940005687
0.684177805409
0.683294435228
0.681020688881
0.678740290442
0.677831257078
0.679102136277
0.682193903909
0.685852562441
0.68836189487
0.688675158132
0.686705101834
0.683492257895
0.680535924617
0.679292478113
0.680440274269
0.683261205096
0.686190057327
0.687456414299
0.686113468299
0.682384017488
0.677488252883
0.673232944069
0.671246866586
0.67229162782
0.675521173144
0.679079549672
0.680963500061
0.680111138251
0.676722827079
0.672164510054
0.668500227929
0.667487684729
0.669755993801
0.674429888404
0.679496489954
0.682865610258
0.683234331434
0.680565284927
0.676066699362
0.671610038848
0.668988144984
0.668909699826
0.670629869928
0.672578487196
0.673191782107
0.671561830329
0.667981423755
0.663736122698
0.660563198347
0.659708265802
0.661154608362
0.663789171933
0.665870262486
0.666007514337
0.663555747451
0.659282277466
0.654791401594
0.652105667435
0.65236735507
0.655285035629
0.659516457526
0.663220767287
0.664957264957
0.663998946086
0.660994635158
0.657473222182
0.655113045738
0.654866117405
0.6564636718
0.658767319637
0.660405039069
0.660400922249
0.658668382116
0.6560544481
0.654031190469
0.653689583872
0.655395776655
0.65842455043
0.661526320981
0.663375552674
0.663330422516
0.66147807255
0.658939496941
0.657019158655
0.656549411443
0.657587548638
0.6593135552
0.660586502035
0.660209276018
0.657797644388
0.653839339499
0.649449618967
0.645904287069
0.643969893226
0.643707125857
0.644514546092
0.645312938535
0.645223420647
0.643747823058
0.641141711877
0.638198704548
0.635685833929
0.634221589368
0.633757100352
0.634013146806
0.634396699205
0.634398214464
0.633919714305
0.63314368402
0.632551878119
0.632608051615
0.633611276554
0.635365731963
0.637325236077
0.638900944814
0.639472806139
0.638956614676
0.637531874916
0.635689871062
0.634055367348
0.633077348831
0.632885789015
0.633124277355
0.633185778527
0.63243224192
0.630645961852
0.627941912869
0.624823848238
0.622093447044
0.620276801406
0.619507908612
0.619277108434
0.618742490989
0.617162196586
0.614211716641
0.610271239796
0.606078381054
0.602807325365
0.601196736174
0.601284212792
0.602350184607
0.603468941691
0.603832630098
0.603131046614
0.601739681645
0.600330625022
0.599705872054
0.60014609712
0.60133430122
0.6024930271
0.6029932909
0.602555712465
0.601523980278
0.600771987869
0.601094024151
0.602748668614
0.605298468949
0.607767863319
0.609117226466
0.60875228841
0.606832452375
0.604376024517
0.602578755625
0.602313422146
0.603450138654
0.605193293814
0.606423336157
0.606153272422
0.604281897882
0.601503191449
0.598988030057
0.59775187658
0.597975525004
0.59902813105
0.599862258953
0.599491074527
0.597491094936
0.594281956051
0.591057881157
0.588832292903
0.588230804457
0.588899485028
0.590051195843
0.590533720752
0.589677124233
0.587362845252
0.584297427833
0.581400518711
0.579295640026
0.578184480234
0.577757487217
0.577486338798
0.576766944545
0.575389262469
0.573414112616
0.571241598868
0.569173859433
0.567510474246
0.566388213316
0.565846088735
0.565738034022
0.565825051796
0.565840162499
0.565552249256
0.564748832801
0.563415064385
0.561706504007
0.560048408913
0.55860224639
0.55764630271
0.556948424069
0.556292584448
0.555405897343
0.554332621659
0.553221548872
0.552360627504
0.551953668534
0.551923294704
0.551865487532
0.551316393694
0.549920760697
0.547902439024
0.545643805484
0.54401512466
0.543491963442
0.544114749576
0.54537194327
0.546624305004
0.547216560764
0.546965317919
0.546100714802
0.545149029806
0.544611957516
0.544615993666
0.544757841511
0.544567364678
0.543601090521
0.54189812079
0.539914733837
0.538348368113
0.537580008432
0.537588976438
0.537947530278
0.538128512836
0.537836503778
0.53708817188
0.536256893124
0.535661273564
0.535327185215
0.535003469306
0.534329990884
0.533019384514
0.531294530308
0.52950401167
0.528222440016
0.527727633764
0.527834754759
0.528062785758
0.528091917477
0.527691079335
0.527093416791
0.526560908165
0.526203014345
0.525796386329
0.524980001454
0.52348379545
0.52139589789
0.519422533115
0.518397781775
0.518759888495
0.520293805846
0.521931328837
0.52257965333
0.52147263064
0.518732890106
0.515527950311
0.513202490739
0.512635236516
0.513615283999
0.514928947789
0.515050167224
0.512970643246
0.508771212431
0.503909928352
0.50024523829
0.498918323197
0.499856879984
0.501788577772
0.50298186035
0.502123230641
0.499104502478
0.495107794362
0.491970682698
0.49092919448
0.492006378542
0.494161511042
0.495891198948
0.495993425108
0.494334219677
0.49184451838
0.490043847299
0.489822035593
0.491239273598
0.493292877675
0.494713744265
0.494636898141
0.493240313744
0.491640625
0.491114387708
0.492472036227
0.495544707888
0.499262937388
0.502265773268
0.503638393717
0.503569656015
0.50306957708
0.503286243106
0.504785322489
0.507349868956
0.50986892242
0.511102647115
0.510376750009
0.508214056422
0.505822498587
0.504588888469
0.505279149259
0.507738163476
0.510837457322
0.513130615066
0.513621364439
0.512384317039
0.510182042579
0.508337544214
0.507688083471
0.508440403242
0.509935617201
0.511109338226
0.511138713038
0.509968520462
0.508194048104
0.506946448448
0.507056913277
0.508596829657
0.510858106684
0.51277155465
0.513529713992
0.512980540025
0.511706567099
0.510666666667
0.510708844879
0.511979823455
0.513914656772
0.515633546035
0.516450096765
0.516226943731
0.515253275316
0.514302086815
0.513832853026
0.513906965534
0.514181994192
0.513978180401
0.51301060487
0.51140806731
0.509710188228
0.508422052282
0.50781641447
0.507587939698
0.507088441552
0.505956843278
0.504125437662
0.502132077383
0.500720511916
0.500255523824
0.500474454377
0.500749625187
0.500245675608
0.498692810458
0.496443283432
0.494234324257
0.492726552049
0.491988597267
0.491493938209
0.490494296578
0.48874191509
0.486519192604
0.484801920768
0.484358657412
0.485372403072
0.487216707249
0.48893454104
0.489678952519
0.489302455098
0.488462069918
0.488007295942
0.488460322479
0.489523040337
0.490381173944
0.490190820932
0.488740245262
0.486846191385
0.485824969185
0.486722571628
0.489445795691
0.49300229646
0.495691708162
0.496303661753
0.494705122686
0.492174136161
0.490358477744
0.490613901573
0.492886993963
0.496030740647
0.498416853126
0.49890489428
0.497650612519
0.495965887714
0.495406714548
0.496716442883
0.499601493351
0.502562379232
0.504046630603
0.503528920443
0.501747378932
0.500228623685
0.50041694463
0.502578508239
0.505774742876
0.508306911858
0.508773413386
0.50716005576
0.504731727926
0.503280701012
0.5038427243
0.506301089918
0.5092095165
0.510711847047
0.510071419407
0.507817869416
0.505424212301
0.504565217391
0.505825369813
0.508297667919
0.510259320702
0.510335183324
0.508247060888
0.504919479373
0.502040273219
0.500644702325
0.500888809884
0.501620421754
0.5016673336
0.500670720801
0.499098042753
0.498044743543
0.498240804204
0.49942820548
0.500320131711
0.499885431465
0.497855660595
0.495181339913
0.493161629929
0.49304701542
0.494427846541
0.495773176292
0.495542737284
0.4931283037
0.489456806919
0.486380157171
0.485464713451
0.486801828662
0.488813559322
0.48961038961
0.488328267477
0.485697417732
0.48366710013
0.483977929585
0.486682193521
0.489984008529
0.491694477339
0.49085751691
0.488518600531
0.487198744535
0.489220338983
0.494503747445
0.500617001828
0.50454650491
0.504446402349
0.500837972107
0.496605632946
0.495315957708
0.498398367448
0.503968648918
0.508525475906
0.509192324855
0.505408031088
0.499508035421
0.495203805245
0.49504609059
0.498266666667
0.501919967664
0.503148312915
0.500814763231
0.496630166019
0.493888175724
0.494860014358
0.499174869716
0.504074752657
0.506542612579
0.505188038061
0.501212444716
0.497417822389
0.496053846154
0.496984496124
0.49825540275
0.497481813095
0.493779943159
0.488691941572
0.485030137891
0.484628167844
0.486955060899
0.489662825437
0.490236275191
0.487780614491
0.483754320659
0.481077716521
0.481463589193
0.484539354371
0.488319141059
0.490577105014
0.490346153846
0.488959968983
0.488714855531
0.491142465217
0.495562630584
0.499699919639
0.501055784974
0.498569060015
0.493910215534
0.490379487617
0.490332443373
0.493971537752
