1.1124003473
1.11423412106
1.11320902538
1.10942485797
1.10418262602
1.0999026436
1.09817569053
1.09914789139
1.1017667337
1.10425486116
1.10515404961
1.10415488977
1.10253208463
1.10172143975
1.10216531474
1.1027770396
1.10221195114
1.09956766671
1.09558633187
1.09250988899
1.0922039453
1.09495214862
1.09923378808
1.10262130508
1.10305296714
1.10059670906
1.0973330968
1.09537387256
1.09549041064
1.09678896457
1.09720327422
1.09504550051
1.09073838847
1.08605823979
1.08332442544
1.08326266695
1.08530855725
1.08764458465
1.08837791334
1.08678876428
1.08382293355
1.08111482943
1.07938704894
1.07855251545
1.07772700758
1.07617628683
1.07402314112
1.07225135793
1.0719521247
1.07342157451
1.07608645771
1.07885386297
1.08061973607
1.08125638633
1.08142850875
1.08194510896
1.08310609012
1.0844578573
1.08531414622
1.08519020588
1.08459770115
1.0843448105
1.08519610251
1.08694057227
1.08873720137
1.08941775425
1.08843537415
1.0863397479
1.08433828982
1.08357816607
1.08416240925
1.08553411045
1.08663450948
1.08667821372
1.08574410975
1.08437696258
1.08334862554
1.08295570823
1.08295417319
1.0828387377
1.08248088726
1.0820563871
1.08186784141
1.08223638146
1.08281652846
1.0831887879
1.08300831809
1.08234971178
1.08186316328
1.08194548297
1.08268637489
1.08348267117
1.08345110707
1.08222607999
1.08019304509
1.07850265278
1.07807465747
1.07926255315
1.08143269636
1.08331982493
1.0836592856
1.08224244958
1.07964431934
1.07714849971
1.07551487414
1.07477228728
1.07436603666
1.07344739578
1.0719251002
1.07013884565
1.06894411865
1.06880079409
1.06963087248
1.07060837094
1.07100628539
1.07038578617
1.06919428341
1.06802973978
1.06754535587
1.06767968677
1.06790315554
1.06763570717
1.06676207068
1.06582018486
1.06579727327
1.06726007647
1.0701704635
1.07361827328
1.07635015213
1.07766928734
1.07766004695
1.07716294906
1.07717422618
1.07819607084
1.08013393583
1.08215056577
1.08370000657
1.08459055274
1.08515420978
1.08590973998
1.08709149781
1.08850863949
1.0896956214
1.09029941742
1.09040414367
1.09050628564
1.0910383082
1.09211124716
1.09334366961
1.09413848061
1.09399338526
1.09298251886
1.09154117732
1.0903995924
1.09005959826
1.09051420085
1.09140487841
1.09245997525
1.09341258794
1.09442238608
1.09583142814
1.0976388248
1.09954610699
1.10096078738
1.10129462534
1.10036604085
1.09854648866
1.0963903213
1.09463282464
1.09368252699
1.09368741488
1.09453394245
1.09569051914
1.09673664352
1.09708035068
1.09630017311
1.09427514674
1.09154957768
1.08899502488
1.0876317249
1.08811896852
1.09049146568
1.09386653971
1.09684577588
1.09811023622
1.09722763025
1.09501827274
1.09293637784
1.0922691373
1.09363011357
1.09675702391
1.10037907506
1.10305056729
1.10401689765
1.10361956244
1.10276594208
1.10242065627
1.10296166625
1.104302338
1.10589940264
1.10715285554
1.10808472347
1.10883653945
1.10988748721
1.1112659777
1.11269324654
1.11363329736
1.11376103827
1.11332317477
1.11290375579
1.1132377961
1.11459865947
1.11672337085
1.11895194224
1.12036796255
1.12057789674
1.11968901971
1.11823883353
1.11675627525
1.11539197551
1.11412939144
1.11287737966
1.11160943106
1.1106844581
1.11055276382
1.11157117638
1.11371992518
1.11647276145
1.11892612214
1.12042157309
1.12065599375
1.1199686868
1.11890383984
1.11817338282
1.11815166036
1.11889697175
1.11998092838
1.12112820513
1.12198133919
1.12251301679
1.12277103827
1.12309096654
1.12362617883
1.12458020722
1.1262076644
1.12829943747
1.13066473465
1.13278174661
1.13416782909
1.13435537495
1.13335805674
1.13182324545
1.13054296962
1.13024241523
1.1312490673
1.13329332783
1.13578804553
1.13810548571
1.13990963855
1.14149955103
1.14334534378
1.14582871499
1.14878012825
1.15184325857
1.15429874237
1.1557662043
1.15659021629
1.157426027
1.15910384068
1.1618337866
1.16522993561
1.16829251176
1.17003808126
1.17011613798
1.16897060337
1.16782576246
1.16777643261
1.16939342233
1.17244141799
1.17611781169
1.17944973615
1.18160843771
1.18248652181
1.18256669584
1.18224916954
1.18189427596
1.18163081283
1.18138770777
1.18121863338
1.18138937911
1.18198117436
1.18307288331
1.18418431284
1.18482722953
1.18443822783
1.18306314551
1.18115087167
1.17955619748
1.17904649019
1.17972243384
1.18114973262
1.18245981359
1.18285616905
1.18215498611
1.18067559657
1.17913385827
1.17810072142
1.17761480705
1.17721251409
1.17647686074
1.17506441454
1.1732164667
1.1715601612
1.17058230037
1.17038268348
1.17048382999
1.17008786962
1.16872533255
1.16641126678
1.16401713124
1.16248558247
1.16238581408
1.16353188908
1.16493853554
1.16558741906
1.1648293219
1.16315900612
1.16164889539
1.16167747275
1.16376509218
1.1673869398
1.17103789909
1.17303203545
1.17222932508
1.16908502618
1.16508219449
1.16212240094
1.16139404963
1.16284418529
1.16536555343
1.16744969705
1.16791769121
1.16665591953
1.16451509313
1.1626558144
1.16176329045
1.1616343892
1.16151403202
1.16057420006
1.15840099123
1.15567867036
1.15342019544
1.15258055039
1.15324223113
1.15474176535
1.15572918413
1.154996785
1.15224642614
1.14825432579
1.14447369321
1.14222024075
1.14194549845
1.14321477
1.14493515598
1.14581350256
1.14518921593
1.14315469886
1.14049237488
1.13813222734
1.13651685393
1.13565388259
1.13511241858
1.13449538086
1.13365857034
1.13264781491
1.1318935072
1.13143088171
1.13119474953
1.13079100749
1.12995696789
1.12857565109
1.12706625016
1.12594312246
1.12558020423
1.12588838958
1.12642727649
1.1264094013
1.12525738905
1.12294254903
1.11989843897
1.11705080623
1.11494288649
1.11372353363
1.11303666562
1.11206026983
1.11033718537
1.10770694577
1.10457889396
1.10167448941
1.09960564814
1.09843780012
1.09804745587
1.09783993987
1.09740730967
1.09657393267
1.09557451346
1.09482268792
1.09448528178
1.09446584229
1.09440261643
1.09365019403
1.09185681245
1.08912840709
1.08599263314
1.08318505338
1.08123639826
1.08029098291
1.08024004585
1.08078499899
1.08172481852
1.08296232308
1.08449683878
1.08635533525
1.0882029735
1.08968969611
1.09034337503
1.08980058428
1.08816749297
1.08598945915
1.08401607427
1.08275541796
1.08243130724
1.08280450989
1.0834078781
1.08390029688
1.08415242938
1.0845635081
1.08562081321
1.08758210823
1.09029679287
1.09294871795
1.09454871565
1.09412144703
1.09160354972
1.08751428105
1.08310684698
1.07961343764
1.07775977783
1.07748942266
1.07824305719
1.07897581408
1.07912816868
1.07852537051
1.07772107702
1.07726954259
1.07770214179
1.07893865112
1.08048715912
1.08148295004
1.08138961082
1.08010571997
1.0782611502
1.07666049895
1.07592896866
1.07617432806
1.076817172
1.07709594856
1.07631071584
1.0743888494
1.07186656856
1.06962237166
1.06849232074
1.0686824007
1.06969171308
1.07063402078
1.07054505074
1.06885763846
1.06573192295
1.06216249767
1.05921134469
1.05766825119
1.05774087637
1.05905084313
1.06081931756
1.06209766565
1.06236355935
1.06146941165
1.05980744919
1.05786460523
1.05587550149
1.05389454569
1.05183620409
1.04967188617
1.04752974651
1.04579834626
1.04476003297
1.0445789936
1.04510786664
1.04577290195
1.04600401917
1.04530874098
1.04351831946
1.04096510493
1.03829864472
1.03599627728
1.03435502181
1.03338803521
1.03270455293
1.0321303213
1.03151431237
1.03103791512
1.03089421073
1.03125
1.03200728819
1.03274328167
1.03298873631
1.03233753274
1.03092134265
1.02918689128
1.02792476889
1.02787634666
1.02931001345
1.03180869844
1.03461142563
1.0367220719
1.03744848016
1.03669341894
1.03502218817
1.03337982629
1.03266719119
1.03324368276
1.03481317861
1.03653363881
1.03762315271
1.0374480313
1.03610075475
1.03426098455
1.03283386067
1.03247776819
1.03343446963
1.03523690178
1.03703592725
1.0378635229
1.03718995811
1.03523697469
1.03266157054
1.03029659732
1.02886024921
1.0285018045
1.0289823423
1.02969079963
1.03019239317
1.03016788251
1.02989069819
1.0298621502
1.03051516212
1.03203719627
1.03409997129
1.03611111111
1.03725777664
1.03697718631
1.03532992376
1.0329169637
1.03052196541
1.02892887435
1.02855682809
1.02927806687
1.0306009952
1.03188836105
1.0325260948
1.0323558853
1.03157462292
1.03051980416
1.02968231111
1.02916580479
1.02881638485
1.02822435513
1.02692261258
1.02470670264
1.02180325376
1.01863429809
1.01589099816
1.01409924886
1.01350807076
1.01412270857
1.01540918914
1.0167880005
1.01764779638
1.0177740293
1.01721940758
1.01653480035
1.0162509216
1.01703088756
1.01911831541
1.02238716269
1.02630559776
1.03014362551
1.03318746512
1.03491162355
1.0350846417
1.03395188199
1.03196199748
1.02971838017
1.0278879779
1.02684425627
1.02650254719
1.02660439268
1.02666666667
1.02625649653
1.02535296797
1.02404391695
1.02293379489
1.02245202161
1.02308793329
1.02474477092
1.02701356903
1.02928818202
1.03075294923
1.03097111229
1.02984473301
1.02783165543
1.02576612288
1.02454098707
1.02468694097
1.026297128
1.02896336986
1.03198875121
1.03457259953
1.03606768546
1.03626093828
1.03538322075
1.03399193313
1.03268471105
1.03193114388
1.03176762896
1.03199617956
1.03223959746
1.03216107872
1.03171163472
1.0310359589
1.03053458447
1.0305907495
1.03145882281
1.03306668295
1.03506894549
1.03699736826
1.03830047379
1.03862543374
1.03791540785
1.03638322063
1.03444293076
1.0326651601
1.03124726732
1.03038393453
1.030046894
1.02997196451
1.02996535797
1.02982319518
1.02950592714
1.0290659039
1.02863359443
1.02837956204
1.02860927152
1.02947637141
1.03107893871
1.03343465046
1.03626911685
1.0392893955
1.04205536479
1.04408585782
1.04514830961
1.04501264743
1.04396973472
1.04242662157
1.04109957824
1.04059968064
1.04126603735
1.04302164101
1.04553027692
1.04810003434
1.05012431058
1.05095304775
1.05041296333
1.04873589487
1.0463695286
1.04399622889
1.04200573066
1.04068158229
1.03977884475
1.03901376957
1.03809778729
1.03679601751
1.03520872237
1.03358130289
1.03235294118
1.0317574021
1.03186659941
1.03249417112
1.03334410529
1.03407429073
1.0344526567
1.03446082683
1.0343353795
1.03439055611
1.03483514002
1.03576341128
1.03700800627
1.03830323394
1.0393577003
1.03994587433
1.04012127051
1.04003647451
1.03997935069
1.04010865168
1.04049208524
1.04091604851
1.04104011887
1.04067938771
1.03976879309
1.03858210755
1.03764847391
1.03761220826
1.03893399958
1.04167282837
1.04554956865
1.04985621222
1.05370619552
1.05628550619
1.05708906589
1.05617686801
1.05416274493
1.05175930648
1.04976009032
1.04859248384
1.04829972489
1.04848987056
1.04870878487
1.0484864331
1.0476037405
1.04612767954
1.04441572176
1.04293486252
1.04199057715
1.04180557604
1.04227267352
1.04325571762
1.04445691667
1.04582867893
1.04733020326
1.04914813745
1.05138543365
1.05402184707
1.05682973675
1.0594344415
1.06113561814
1.06157425799
1.06041281139
1.0578382697
1.05445091989
1.05095650682
1.04801329246
1.04597337627
1.04475023127
1.04399441341
1.04320590129
1.04193235579
1.04010113483
1.03783482797
1.03571428571
1.03435313169
1.03425601562
1.03572856572
1.03862795332
1.04254533053
1.04682264751
1.05079122001
1.05387662705
1.05583613125
1.05678588513
1.05700792714
1.05684761797
1.05663206133
1.05646562776
1.0563598759
1.05633721267
1.05634828189
1.05644171779
1.05671353816
1.05717623011
1.05776068077
1.05833599907
1.05853163088
1.05800961037
1.05665003317
1.05449067432
1.05192214528
1.04948115475
1.04788099916
1.0474236588
1.04826088167
1.05010595583
1.05239428731
1.0545490406
1.05589111017
1.05610514012
1.05522648582
1.05357655022
1.05171967934
1.05019438445
1.04925610285
1.04904576832
1.0494046406
1.05009189836
1.05088598741
1.05167763826
1.05243790248
1.05343077317
1.05478373362
1.0565248899
1.05847288455
1.06035509514
1.06169273076
1.06204970679
1.06122678356
1.05934718101
1.05690433597
1.05451020641
1.05275209663
1.05190510424
1.05198935924
1.05266984644
1.05332671011
1.05343444399
1.05256237948
1.05061527746
1.04801562231
1.04534369328
1.04322128852
1.04219608278
1.04254614684
1.0442490075
1.04710405488
1.05060790696
1.05427811231
1.05756064576
1.05999716994
1.06134499106
1.06166586039
1.06094151213
1.0593605999
1.05722000402
1.05484149856
1.05263005947
1.05115702002
1.05092739037
1.05217565327
1.05498467128
1.05891306799
1.06338304553
1.06757398765
1.07065854885
1.0721196868
1.0717748942
1.07002415595
1.0676382871
1.06570309639
1.06502596523
1.06615336711
1.06890961834
1.07268772894
1.07652634915
1.07928826035
1.08010929279
1.07853555149
1.07467166979
1.06936862263
1.06359067036
1.05835750948
1.05428689769
1.05153734332
1.04980580931
1.04871773818
1.04773931424
1.04658085499
1.04507346227
1.04353137146
1.04224450014
1.04149667468
1.04131581902
1.04151848716
1.04166548326
1.04127745879
1.03997247233
1.03772448218
1.03493125232
1.0322315222
1.0304485829
1.03020703071
1.03168791124
1.03458181719
1.03827045914
1.04183642777
1.04437666584
1.0452835408
1.04429586293
1.04186294302
1.03870222122
1.03580931892
1.03403602477
1.03372099652
1.03488405341
1.03703809879
1.03956018718
1.04169655924
1.04301783108
1.04344110526
1.04323329558
1.04287884756
1.04299991602
1.0438363814
1.04547359012
1.04746959592
1.04927038143
1.05016580223
1.0496195172
1.04744870217
1.04388606832
1.03949483352
1.03491608091
1.03081465344
1.02748983449
1.02499713992
1.02315356725
1.02157515726
1.02005722542
1.01843616303
1.01664664972
1.01502300571
1.01374693518
1.0130733315
1.0129755883
1.01323423772
1.01353873583
1.013448499
1.01269742075
1.01116039491
1.0091078868
1.00695562198
1.0052749269
1.00448174474
1.00471724922
1.00583288501
1.00740280289
1.00883781342
1.0094877732
1.00883731436
1.00682574604
1.003715484
1.00025270251
0.997252901273
0.995512550834
0.99538340277
0.996994868596
1.00002862951
1.00399455814
1.00821637427
1.01192614624
1.01464249867
1.0161945704
1.01669541826
1.01656242761
1.01622055368
1.01602136182
1.01612721008
1.01651820949
1.01699748708
1.0173582551
1.01738063301
1.01695207447
1.01619339541
1.01526695359
1.01437587658
1.01367090093
1.01318539012
1.01280160463
1.01230923636
1.01158676809
1.01054734554
1.0093190383
1.00809164733
1.00707974789
1.00654659806
1.00643324794
1.00654133841
1.00650313748
1.00573937498
1.00387664179
1.00067100388
0.996210563422
0.991151225555
0.986216463505
0.98236419844
0.980247926618
0.980123571928
0.981848232667
0.984719373754
0.987952501729
0.990498128419
0.991509814079
0.990509878354
0.987510407993
0.983212536168
0.978587152291
0.974743578755
0.972517248289
0.972227018937
0.973901936308
0.977017904315
0.980814920409
0.984365153197
0.986884255062
0.987825560267
0.987080415359
0.985085354897
0.982576228998
0.980391582156
0.979140034863
0.979010061293
0.979965307892
0.981528810409
0.983338213763
0.984795148647
0.985684827112
0.98583270535
0.98562721732
0.98546317134
0.985824663868
0.987122638644
0.989396831167
0.992506873735
0.995900774633
0.998917195536
1.00096061479
1.00152776946
1.00047824008
0.998150468349
0.995112938793
0.992068698193
0.989683631362
0.988457029489
0.988495655596
0.989685058594
0.991637459263
0.993817619784
0.995631564272
0.996658519229
0.996612674755
0.995565884835
0.99374829292
0.991527467889
0.989218895462
0.987035203025
0.985193210545
0.983598123771
0.982172243555
0.980849496685
0.97953766859
0.97823327244
0.976984077814
0.975857805255
0.97493456505
0.974163295329
0.973546910755
0.972943393932
0.97221885236
0.971249394086
0.970039382005
0.968652417766
0.967332564212
0.966347177849
0.965783529699
0.965791006345
0.966347190977
0.967167880949
0.968000499018
0.968466915337
0.968338311586
0.96744259201
0.965887337204
0.963928794503
0.961953823237
0.960346581974
0.959405970974
0.959153678925
0.959400202386
0.959836015042
0.96000621504
0.959461579492
0.957970417762
0.955460549405
0.95217962269
0.94866128619
0.945594945595
0.943577545195
0.943072270178
0.944138103891
0.94661210209
0.950018754689
0.953796415456
0.957137438361
0.959509006855
0.960379482232
0.959765460494
0.957901933971
0.955448937629
0.953091336424
0.951399980443
0.950759423684
0.951283632469
0.952743655398
0.954764913645
0.956834765688
0.958483578599
0.959400944164
0.959432114883
0.958704188482
0.95772336375
0.956867009358
0.956651322979
0.957415614275
0.959166554825
0.961920529801
0.965225372221
0.968702003481
0.971773228992
0.974043249881
0.975351395396
0.975645134087
0.975206888465
0.974441001033
0.973579262213
0.973019727869
0.972786841401
0.972933800728
0.973271136232
0.973714993463
0.973971889641
0.974036850921
0.973857122886
0.973605299861
0.97346882153
0.973683304054
0.97440109514
0.975746014443
0.977624375149
0.979907369568
0.982249734943
0.984514264083
0.986384423503
0.987731771922
0.988591026808
0.989096900855
0.989384809417
0.989726386414
0.99028551532
0.991049436253
0.991836169918
0.992505094463
0.992644265635
0.991980088496
0.990305380514
0.987619212762
0.984235016321
0.980470514647
0.97688403782
0.973996175908
0.972147849369
0.971509079524
0.972077153402
0.973613580118
0.975779150525
0.978127183788
0.980174825175
0.981607105392
0.982210883165
0.981981981982
0.981053733426
0.979730672621
0.978179659952
0.976672612178
0.975283971393
0.974026430479
0.973021519389
0.972150738534
0.971358111679
0.970647168418
0.970010160109
0.96949708582
0.969111969112
0.969096149172
0.969425335279
0.97005716676
0.970868681203
0.971645480226
0.972247918594
0.972391319917
0.971922634455
0.970861213037
0.96939800531
0.967676335224
0.966025436639
0.964676494388
0.96374199419
0.963337988827
0.963194687172
0.96317489293
0.962928932396
0.96218891302
0.960723884608
0.958660142477
0.956055425589
0.953269016964
0.950835441234
0.949088468061
0.948344138777
0.94872509405
0.950173731758
0.952448915654
0.95517265532
0.957864969954
0.9600485992
0.961435690041
0.961784830397
0.961196974679
0.959913840313
0.95844835101
0.957272039486
0.956771614193
0.957163592594
0.958416957149
0.960271420033
0.962481046581
0.96449998225
0.965891583963
0.966283192244
0.965390226112
0.963356540857
0.960557184751
0.957435934876
0.954548746922
0.95246119098
0.951293057576
0.951242661792
0.952239536021
0.953989333891
0.956221198157
0.958637384227
0.960891683742
0.962770501139
0.964214070784
0.965249298511
0.966029035628
0.966689449261
0.967384681553
0.968009985735
0.968562608665
0.968764354616
0.968384322572
0.967169226434
0.965014988538
0.961862010462
0.957838795394
0.953300212917
0.948711578051
0.944672857447
0.941581849025
0.939795092068
0.939396064953
0.940283896231
0.942090198269
0.944442504452
0.946797339867
0.948696324408
0.94986760812
0.95014537976
0.949566083369
0.948517107559
0.947304793059
0.946389341648
0.946026933653
0.946337188924
0.947324385567
0.948788278592
0.950346500347
0.95150779896
0.951940786044
0.951254405248
0.949204234733
0.945999225543
0.941861696495
0.937435969901
0.933356853061
0.930191665201
0.928253790399
0.927819601283
0.928697885931
0.930609418283
0.933137220972
0.935701906412
0.937823834197
0.939036312849
0.939153902772
0.938154473259
0.936401350021
0.934208217832
0.932110412299
0.930469211267
0.929529854093
0.929410958435
0.929990797232
0.931131722896
0.932468678912
0.93367798109
0.934466516486
0.934656656039
0.934210073329
0.933259676139
0.932121379692
0.931066620642
0.930429397192
0.930399040932
0.931003920232
0.93215850056
0.933656354827
0.935229121475
0.936446438282
0.937041210011
0.936734063369
0.935421553746
0.933178766697
0.930349292069
0.927294068908
0.924505630321
0.922413793103
0.921155795877
0.920767501929
0.921118489105
0.921829743317
0.922471835211
0.922680412371
0.921960255978
0.920173624063
0.917129898032
0.913052401149
0.908258135083
0.903297151996
0.898642717267
0.894640050824
0.891511620208
0.889268244641
0.887717121588
0.886603650587
0.885571489237
0.884360220704
0.882654580342
0.880441303913
0.87779528615
0.874991594378
0.87241761564
0.870427338996
0.869340061081
0.86922317314
0.869991182522
0.871476815171
0.873303314004
0.874983780978
0.87621406688
0.876546857049
0.875823048672
0.874008663779
0.871304697178
0.868047872875
0.86466416912
0.861668496889
0.859380680128
0.858028945555
0.857576449855
0.857868020305
0.858616761595
0.859423981191
0.859976356233
0.859867768595
0.858948769128
0.857133308826
0.854545454545
0.851503696518
0.848379783971
0.84558482054
0.843541680417
0.842404522448
0.842288263465
0.843121163379
0.844631093544
0.846530882596
0.848456563771
0.850020131526
0.850926019634
0.850778605281
0.849444143167
0.846888332092
0.843198163217
0.838736799623
0.83398640276
0.829435120617
0.825547348107
0.82266369888
0.821013482101
0.820598006645
0.82137749842
0.82305335376
0.825315273237
0.82775567517
0.830037538544
0.831809626244
0.832962513484
0.833468559838
0.833491461101
0.833344645039
0.833282411651
0.833610366702
0.834501676318
0.83598026627
0.837992783192
0.84025602156
0.842511458614
0.84439490661
0.845668757417
0.846101440883
0.845630004791
0.844413158437
0.842742212748
0.840994129965
0.839622641509
0.838977006419
0.839211058665
0.840404513947
0.842442015463
0.844958919602
0.847571133471
0.84986272015
0.851399662732
0.85175614566
0.850811699431
0.848475462867
0.844979670595
0.840721649485
0.836219558015
0.83195013719
0.828314365327
0.825562808046
0.823804005959
0.822886754464
0.822673267327
0.822930104859
0.82345519142
0.823992264862
0.824344218415
0.824397277269
0.82402871905
0.823087752229
0.821548033182
0.819549624687
0.817108064945
0.814491502921
0.811860195461
0.809460800529
0.80745977733
0.805979014057
0.805088655988
0.804682098054
0.804621157264
0.804584074294
0.804301217139
0.803406084656
0.801784470463
0.799314863472
0.796155639949
0.792572855953
0.788970099668
0.78578042328
0.783376059949
0.781986806871
0.781646905961
0.782160901671
0.783191861595
0.784427242568
0.785393810382
0.785820476395
0.7855
0.784527047446
0.783045589425
0.781454496391
0.780194292245
0.77962251545
0.779984746493
0.781305579343
0.78348250877
0.78623579871
0.789245759654
0.79219280604
0.7947160543
0.796637363372
0.797800793597
0.798271379858
0.798140006764
0.797714826584
0.797104872452
0.796573082879
0.796211077895
0.796116179233
0.796273333557
0.796609601662
0.797033018552
0.797437441456
0.797829353815
0.798240645097
0.798576701806
0.798850383759
0.798909248113
0.798645854179
0.797741513923
0.796071693282
0.793561054877
0.790263443781
0.786337258628
0.782186919047
0.778187919463
0.774770581194
0.772192759972
0.770513239621
0.769661458333
0.769368489583
0.769318776151
0.769099051633
0.768405315615
0.766983786681
0.764749486169
0.761867783105
0.758609070692
0.755311306213
0.752261239691
0.749769129288
0.747978127763
0.746897697293
0.746492595479
0.746665368513
0.747239184098
0.748007676544
0.748941299107
0.749885837302
0.750775763515
0.75160382299
0.752257725526
0.752788594812
0.75317128246
0.7534187034
0.753616849472
0.753844074212
0.754163281885
0.754662792269
0.755406087103
0.756423535701
0.757675329417
0.759014661207
0.760345282024
0.761488470293
0.762263025321
0.762465790001
0.762084160248
0.761101514074
0.759545361737
0.757686277183
0.755659189162
0.753688566292
0.75194112484
0.750596458214
0.749606615555
0.748964595858
0.748582104491
0.74834922964
0.748158026338
0.74790923933
0.747486851741
0.746865334087
0.745942530265
0.74456322643
0.742684393373
0.740186539623
0.737138426269
0.73363347099
0.729930473122
0.726413496392
0.723385601079
0.721190213207
0.719900497512
0.719545066071
0.719912544054
0.720797998505
0.721863333874
0.722851193962
0.723494625412
0.723708835407
0.723423898707
0.722734635856
0.721762720836
0.720609627083
0.719403083628
0.71826666227
0.717333245409
0.716718368425
0.716481554939
0.716698122579
0.717415078708
0.718505762353
0.720001321528
0.721777777778
0.723610837762
0.725279759178
0.726585756812
0.727207136298
0.726985068723
0.72583695544
0.723743987173
0.720824797663
0.71743669181
0.713867384719
0.710442454128
0.707436693024
0.704940318302
0.703002933711
0.701607611549
0.700686723349
0.700238242877
0.700228161669
0.700739196978
0.701786353431
0.703245950693
0.705011389522
0.706808843671
0.708243305179
0.709027457694
0.708907741251
0.707816459917
0.705844917099
0.703317344782
0.700635876841
0.698249467519
0.696595449592
0.69588000262
0.696100432563
0.697165991903
0.698838074894
0.700814485511
0.702879879978
0.704834104558
0.706597107574
0.708127302293
0.709370107591
0.710368094061
0.710975691422
0.711101413273
0.710615804182
0.709499848029
0.707829795877
0.705796659552
0.703649832561
0.701677558445
0.700187466524
0.699348577506
0.699200950934
0.699559529288
0.700157552682
0.700690562315
0.700733302504
0.700196058884
0.698926887975
0.696997178557
0.694657774185
0.692222109841
0.689852728069
0.68771043771
0.685798876291
0.68411139513
0.682561033022
0.681217864704
0.680049641108
0.679155108452
0.678748378945
0.678833564769
0.679474948186
0.680631192179
0.682059866089
0.683627735302
0.685043813064
0.686076881864
0.686687160085
0.686838793074
0.686637518787
0.686200765864
0.685750375529
0.685355392157
0.685096561789
0.684839660018
0.684612783226
0.684283445409
0.68386051379
0.683421487046
0.683118452861
0.683068694635
0.683418757905
0.684177341209
0.685200544073
0.686243844004
0.687100338143
0.687470465132
0.68724251813
0.686365974961
0.685014131109
0.683343691734
0.681534375108
0.679843121065
0.678290985152
0.676991452991
0.676013098649
0.67529283574
0.674880195765
0.674983896667
0.675540540541
0.676637841112
0.678189438391
0.679918348225
0.681647689216
0.6829612695
0.683644116552
0.683452746503
0.682405942637
0.680669942557
0.678506944444
0.676312224268
0.674306518724
0.672775050135
0.671689655172
0.670957970466
0.670519038283
0.670162288544
0.669895243002
0.669738284461
0.669792661301
0.670249194779
0.671116504854
0.67239758227
0.673757675402
0.675013462574
0.675823059206
0.676002459184
0.675496004409
0.674411346534
0.673002610966
0.671510209771
0.67019351246
0.669098235376
0.668227378351
0.667463948974
0.666736017199
0.666019282791
0.6654196543
0.665032961723
0.665145954104
0.665883874481
0.667252094029
0.669096405778
0.671104701858
0.672822065254
0.673949864499
0.67413462854
0.673393227367
0.671824898927
0.669845053635
0.667779808774
0.665963283393
0.66437007874
0.663012158268
0.661628233971
0.660123131047
0.658430999894
0.656704873075
0.655206252409
0.654268483982
0.654224376731
0.655132085856
0.656923814087
0.65934778897
0.661962687077
0.664415958322
0.666379785183
0.667796375709
0.66863412263
0.66903517938
0.669135371179
0.669015565839
0.66865072377
0.667941634792
0.66678539626
0.665199656505
0.663260916326
0.66127357984
0.659484293753
0.658158936652
0.657375267347
0.657093124456
0.657093365668
0.657126067268
0.65687426557
0.656244595857
0.655329896551
0.654392697853
0.653721347694
0.653588912639
0.654045106559
0.654930308166
0.65595101416
0.656764055978
0.657007394827
0.656662151565
0.655639097744
0.654328507955
0.652988275665
0.65195572481
0.651349819316
0.651133234484
0.651268498943
0.651537025952
0.651837251865
0.65216168717
0.652542669891
0.653184435526
0.654149442457
0.655358626419
0.656696289637
0.657866472647
0.658707229629
0.658903054077
0.658536585366
0.657738095238
0.65680452331
0.655879103254
0.655075154415
0.654348370479
0.65362266858
0.652686857061
0.651374824318
0.649792830121
0.648148813158
0.646743978591
0.645909991509
0.6458004559
0.646393259992
0.647419679063
0.648587844386
0.649527043415
0.650022570228
0.649982608696
0.649672884187
0.649333936211
0.64920209992
0.649378676599
0.649695995527
0.649908528005
0.649653948536
0.648640905347
0.646746970571
0.644216850029
0.641278796427
0.638380636796
0.635872095105
0.633832900217
0.632317505315
0.631076879593
0.630064529779
0.629073122669
0.628222666526
0.627648804329
0.627568730908
0.628086046753
0.62921541638
0.630700969939
0.632306790358
0.633660277961
0.634553695955
0.634849388084
0.634608609878
0.634001484781
0.633258857325
0.632399530132
0.631415185437
0.630250287687
0.628709829013
0.626750344627
0.624500907441
0.622145003077
0.619911456646
0.618128529559
0.616848308424
0.616101694915
0.615720216734
0.615614139783
0.615559759002
0.615583417735
0.615622717629
0.61579202437
0.616159177903
0.616632231405
0.617149758454
0.617535824572
0.617598712972
0.61730572507
0.61667495913
0.615868252777
0.615053917529
0.614335940303
0.613721264368
0.613122660524
0.612366445279
0.611324306712
0.609950681752
0.608339673224
0.606659691908
0.605216955104
0.604158521415
0.6035772243
0.60341742395
0.603582173092
0.603788090579
0.603975268104
0.604076504258
0.604123854968
0.604258570982
0.604519774011
0.604859113437
0.605179005909
0.605377246346
0.605291900081
0.604928627228
0.604323744863
0.603537346631
0.602760405435
0.602014750854
0.601289764744
0.600592357148
0.599884003335
0.599156118143
0.598549985427
0.598166872772
0.598140308984
0.598492462312
0.599082111854
0.599661088752
0.599992976788
0.599880927366
0.599279241454
0.598321678322
0.597360888082
0.596755665402
0.596640988271
0.597028365601
0.59758042152
0.59800849523
0.59795152408
0.597246310126
0.595973298112
0.594387755102
0.592779601111
0.591444468531
0.590350115741
0.589347826087
0.588226744186
0.58676390155
0.584966364434
0.583037706177
0.581367365542
0.580303744246
0.580071942446
0.580625580233
0.581670335914
0.58282599462
0.583754550917
0.584327989265
0.584628396236
0.58496261715
0.585637480799
0.586721761172
0.588159988928
0.589549400007
0.590477181301
0.590636547445
0.590067340067
0.588913572411
0.587637625235
0.586581469649
0.585913588156
0.585443377022
0.584762793368
0.583447628672
0.58129491181
0.578303158355
0.574903362264
0.57160021846
0.569012448735
0.567321254204
0.566487539222
0.566228622862
0.566102182433
0.565755488592
0.565125750214
0.564303716588
0.563583204171
0.563162127198
0.563173631875
0.563529207835
0.563942607611
0.56420665487
0.564228150618
0.564102564103
0.564023331713
0.564141712065
0.564521171281
0.565027894003
0.565360853693
0.565242024008
0.56443602844
0.563019764553
0.561273977561
0.559586056645
0.558269034794
0.557380040139
0.556853554034
0.556393189424
0.555727782699
0.554812241277
0.55373090265
0.552755326965
0.552192486035
0.552285921626
0.552911867711
0.553888229155
0.55492533027
0.55571863254
0.55628029655
0.556649897258
0.557100123174
0.557799321037
0.558754755174
0.55980861244
0.560607122827
0.560934362118
0.560657014408
0.559892041621
0.558966878936
0.558188426454
0.557799542465
0.557736554501
0.557867265939
0.557860461713
0.55751918536
0.556718245575
0.555576222007
0.554319517821
0.553179620677
0.552152718342
0.55133179139
0.550496161767
0.549676837517
0.548820408624
0.548049119381
0.547683109118
0.547746342912
0.548416857333
0.549436014256
0.550729418664
0.552057402255
0.553256817019
0.554417553579
0.555531358885
0.556559124246
0.557463815079
0.55808934609
0.558181425175
0.557651991614
0.556627729812
0.555418136845
0.554389799636
0.553865791393
0.553870331116
0.55408331804
0.554147422871
0.553672526818
0.552406336812
0.550540152603
0.548502085703
0.546753839136
0.545655403604
0.545155742404
0.545087948383
0.544970071442
0.544474184414
0.543483329447
0.542242048099
0.541140584579
0.540585163569
0.540743005657
0.541461740821
0.542506573181
0.543476604176
0.544178082192
0.544634395967
0.545118872688
0.545866237509
0.547021593448
0.548412256267
0.549775184869
0.550692789035
0.550980026134
0.550779351848
0.550401794057
0.550327041674
0.550737661949
0.551591781441
0.5526136105
0.55327460743
0.553120772947
0.551980390631
0.550121103211
0.547896921751
0.545879487784
0.544334780892
0.543191218581
0.542398716406
0.541563952314
0.540653541709
0.539586464638
0.538676720992
0.538131823696
0.538122930296
0.538601455133
0.539421440726
0.54029147891
0.541005559388
0.541584118384
0.542043308826
0.542557434588
0.543227494351
0.544043905713
0.544899326215
0.545679886686
0.546325376884
0.546919616663
0.547688592904
0.548661233993
0.549893431506
0.551307925173
0.552642854361
0.553643368405
0.554108137801
0.554079547241
0.553680317872
0.553032990422
0.552371150344
0.551702144622
0.55112791025
0.550590048258
0.550108176511
0.549706883122
0.549424342105
0.549255086459
0.549047282992
0.548792230083
0.54840209672
0.547912490938
0.547443376802
0.547143041403
0.547111416781
0.547227352777
0.547474747475
0.547554406378
0.54734520927
0.546915612545
0.546457305995
0.546295499527
0.546610892949
0.547459779848
0.548687089716
0.550050344017
0.551293338364
0.552416481536
0.553532563201
0.55484651318
0.55645027395
0.558259647963
0.560079116532
0.561462751719
0.562226984258
0.562363418958
0.562162607656
0.561947084722
0.562073501603
0.56242539003
0.562815317178
0.562900941431
0.56227952293
0.561075641622
0.559636533481
0.558416684401
0.557883507574
0.557980958916
0.558444367538
0.558867296919
0.558830046532
0.558153074477
0.557088744589
0.556003077341
0.555243105951
0.554943804887
0.554996339678
0.555033185841
0.554853985793
0.554327035223
0.553764947683
0.553483167024
0.55369595537
0.554560638397
0.555823553968
0.557268211152
0.558558558559
0.559638554217
0.560488704472
0.561401098901
0.562428928815
0.563563926114
0.564704819549
0.565601876918
0.566333423399
0.567026954299
0.567831357518
0.568962464589
0.570277410832
0.571685926447
0.57275405655
0.573449689277
0.573806685212
0.574065895239
0.5745610165
0.575503725585
0.576809290414
0.578156179327
0.57926910892
0.579845518232
0.579944943364
0.579828889593
0.579733163914
0.579745797458
0.579782598725
0.579644378589
0.579144435084
0.578497164461
0.577962874822
0.577940402736
0.578656544301
0.579863629769
0.580868716447
0.581207126289
0.580477829318
0.578801889637
0.576787334879
0.57527478068
0.574876549431
0.575522147109
0.57667375671
0.577661253373
0.578008383601
0.577633396429
0.577017239621
0.576770854475
0.577503914339
0.579154276498
0.581203045429
0.583102003735
0.58424077435
0.584629276613
0.584556445594
0.584623730151
0.585235622612
0.586422466422
0.587801543119
0.589079898418
0.58991719435
0.590321800145
0.590630094946
0.59126135121
0.592336802271
0.593825351047
0.59540175397
0.596671421778
0.597468113459
0.597682590939
0.597567900066
0.597347430028
0.597156621954
0.597078630371
0.597051948671
0.597189583233
0.597526348717
0.59812903848
0.598888351861
0.599563000728
0.599853228963
0.599644391762
0.598943012415
0.597909652781
0.596956829441
0.596278975193
0.595935292311
0.5956182504
0.595235607565
0.594720168955
0.594164314999
0.593947509373
0.594069529652
0.594619465194
0.595164019431
0.595399635942
0.595105362917
0.594380443945
0.593681241185
0.593540007906
0.594023611817
0.594926674594
0.595674445077
0.595875107419
0.595279217041
0.594284726623
0.593559866835
0.593723252496
0.594832481545
0.596326114072
0.597467491908
0.597587344941
0.596554077107
0.595123606947
0.594324809332
0.594866381466
0.596887245433
0.599746849375
0.602420242024
0.604032745454
0.604244147889
0.603460432825
0.602696315394
0.602706879096
0.603810635814
0.605878919722
0.608187755535
0.610062559644
0.611114040175
0.611387044492
0.61122057451
0.610936290947
0.610770419995
0.610818622897
0.611030704022
0.611297568028
0.611759864191
0.612334801762
0.612993917088
0.613502584839
0.613886319252
0.614090322581
0.614318228843
0.614736297828
0.615376671658
0.616187180414
0.616892207186
0.617115705931
0.616834236985
0.616354867773
0.615986376457
0.616029027266
0.616459627329
0.616951344361
0.617074497009
0.616601659067
0.615704311205
0.614745876059
0.614274527352
0.614425345467
0.614949357777
0.615459434718
0.615455968462
0.614883502553
0.613986262435
0.613287296107
0.613053613054
0.613378207825
0.613849978776
0.614223476714
0.614177435388
0.613948524796
0.613806182439
0.614053470502
0.614564468818
0.615029494742
0.614986763092
0.614264342396
0.613080748593
0.612037584598
0.611617792422
0.611929940516
0.612752969279
0.613531880871
0.613882022847
0.613743822626
0.613513513514
0.613628529763
0.614358431943
0.615539244859
0.616850132626
0.617832912066
0.618261679755
0.618303038344
0.618241772736
0.618395175036
0.61873204492
0.619121480709
0.619333637014
0.619399598003
0.619553180531
0.620057397959
0.620859128238
0.621860494292
0.622637266538
0.62308458951
0.623200992556
0.623483028399
0.624153292244
0.625362669246
0.626665066603
0.627629063098
0.627801621364
0.627459138187
0.627076559267
0.627280727486
0.628237211197
0.629749580707
0.631166436146
0.631809030774
0.631736011478
0.631413552737
0.631543090723
0.632436699938
0.633920556553
0.635300699301
0.635835567471
0.63534525999
0.634214031972
0.633462175594
0.633699835074
0.634891888925
0.636413580925
0.6375
0.637511022928
0.636658600968
0.635681830624
0.635491606715
0.636284486042
0.637870855148
0.639467338886
0.640477894621
0.640551724138
0.640187431092
0.639804169646
0.639714364186
0.639975818861
0.640328175761
0.640496551724
0.640682835202
0.641004369227
0.641574279379
0.642519071218
0.643341363662
0.643807055111
0.643789925943
0.643632662294
0.643785310734
0.644484649743
0.645542305508
0.646510297483
0.64681120978
0.646298336135
0.645391718451
0.644715447154
0.644763621562
0.645274416974
0.645830876283
0.645941278066
0.645420717801
0.644751114861
0.644586679548
0.645266791836
0.646650003048
0.648131042552
0.648944779929
0.648791208791
0.647983336489
0.647204103603
0.646987721865
0.647360656789
0.648024394991
0.64841738902
0.648352449778
0.647916249917
0.647587499163
0.647623529412
0.647960980897
0.648404983571
0.648809358992
0.649147568474
0.649757230315
0.650704624318
0.651913192461
0.652892800462
0.653166958552
0.652652910833
0.651709813812
0.6510955433
0.651308586427
0.652118226601
0.652985993535
0.653198152353
0.65260189084
0.651611868484
0.651067945515
0.651579458934
0.652859009966
0.654278384641
0.655170965303
0.655286006129
0.655130957492
0.655410657224
0.656514558887
0.657987178361
0.659035822492
0.658772406301
0.657266055046
0.655373507359
0.654378610024
0.654975591438
0.656880995346
0.658935801041
0.660240728056
0.660267326733
0.659670658683
0.659378642338
0.659896572703
0.660948350249
0.661671620001
0.661223842739
0.659490713577
0.657188570447
0.655292577081
0.654392425039
0.654466376715
0.655203753564
0.656364202299
0.65796390194
0.660131712852
0.662725942706
0.665141296405
0.666458791881
0.666034699961
0.664073451964
0.661872418075
0.660773312732
0.661117324115
0.662129302026
0.662484908929
0.66134044092
0.659147699495
0.657504130651
0.657872759881
0.660292758302
0.663420110869
