0.985366540031
0.981534587676
0.976926304013
0.973746518106
0.974255114651
0.978126677402
0.982957524908
0.986253630203
0.986391064321
0.983053023495
0.977857417125
0.97338306885
0.971798686005
0.972922105519
0.975418660287
0.977627440508
0.978210806023
0.977155576382
0.975166041005
0.973493018504
0.972979020979
0.973517654897
0.974678634752
0.97572976559
0.976319684262
0.976223851628
0.97579664958
0.975626234279
0.976113256113
0.977331008309
0.978947368421
0.980306788842
0.980720370647
0.979999021957
0.978469245219
0.976978554712
0.976340093307
0.977075323936
0.978844704109
0.980643960543
0.981246274474
0.980258987594
0.978103827343
0.975860686768
0.97480252416
0.975389842321
0.977005577006
0.978456850214
0.978564537103
0.976957755886
0.974238583953
0.971621565962
0.970237128472
0.970375693696
0.971429695801
0.972498537156
0.973144189662
0.973452699299
0.973939487258
0.974905897114
0.976221681333
0.977056932796
0.97673822258
0.975083904859
0.972522080471
0.970267734719
0.96941394553
0.970230563757
0.972143105245
0.974157264603
0.97546033385
0.975853541252
0.975646411859
0.975556156603
0.975827184401
0.976285629356
0.976217031886
0.975125841668
0.973063644062
0.97074906973
0.969283495083
0.969316022799
0.970729411765
0.972572391413
0.973759571686
0.973566503075
0.971946429124
0.969702556539
0.968047120579
0.967503872202
0.968124109929
0.969024139391
0.969235868386
0.968191330344
0.966073118788
0.963693857235
0.962011693185
0.961570835631
0.962337021227
0.963618942539
0.964535927277
0.96458597259
0.963841969654
0.962945002282
0.96264318687
0.963339600068
0.964813551614
0.966246395658
0.966637672213
0.965634493715
0.963428857048
0.96080499653
0.958817317846
0.958098307816
0.958758314856
0.960108218535
0.961299201762
0.961551164199
0.960677722895
0.958972371408
0.957140084833
0.955701985105
0.955042527339
0.95511847949
0.95570915123
0.956566442505
0.957452158123
0.958315824859
0.959072840267
0.959748603352
0.960426732203
0.96118029844
0.962164303704
0.963248963249
0.964144575533
0.964483328022
0.963993738041
0.962772897278
0.961090285648
0.959454327695
0.958352941176
0.957895671213
0.958028871859
0.958421444527
0.958798026611
0.959084750866
0.959472196041
0.960120437508
0.96090337371
0.961548041597
0.961555277951
0.960830432465
0.959671302149
0.958635680721
0.958441222165
0.959557982149
0.961728151509
0.964270411022
0.966519037546
0.968141004323
0.969416904722
0.970694349898
0.972262371808
0.97402147558
0.975393051747
0.975801971948
0.975021742912
0.973315147064
0.971253434792
0.969693747342
0.969085352853
0.969406587166
0.970290368272
0.971248495149
0.972137323193
0.972970074011
0.973772140984
0.974553427021
0.975033979541
0.974870447931
0.973949520587
0.972571468708
0.971304286817
0.970785021193
0.971413630818
0.972945891784
0.974601763861
0.975599010404
0.975424501232
0.974134729022
0.972055146313
0.969865319865
0.96810956713
0.966830708661
0.965776644174
0.964652587252
0.963255342084
0.9619216294
0.961149128063
0.961266282565
0.962213350664
0.963391548608
0.964247969321
0.964382164076
0.963864439255
0.96308805069
0.962607091861
0.962763134619
0.963376585508
0.96397515528
0.963975619573
0.963132183908
0.961665660139
0.960045924225
0.959079502681
0.959185402779
0.960369696121
0.962186750014
0.964219772842
0.965822072072
0.966606242565
0.966306168214
0.965131429866
0.963456274515
0.961903688467
0.960853589599
0.960804964135
0.96178343949
0.963618003462
0.96571164243
0.967376214715
0.96826362925
0.968381752421
0.968165070007
0.968199988068
0.968855421687
0.970295230886
0.972117718447
0.97373540856
0.974698242934
0.974828798815
0.974281344611
0.973533957919
0.972945509971
0.972810340985
0.972967803634
0.973011863269
0.97248060768
0.971202233694
0.969256933543
0.967231934923
0.965826513912
0.965546465009
0.966656907713
0.968963153944
0.972153648662
0.975751729643
0.979157591395
0.981795628269
0.983211192538
0.983538415861
0.982956032452
0.981663029671
0.979827558158
0.977605148541
0.975089773867
0.972766884532
0.971054379804
0.970293004784
0.970688691548
0.972141307716
0.974205549527
0.976070334025
0.976971560338
0.976431283219
0.974815081005
0.972999378275
0.971863319304
0.97206128871
0.97359201578
0.975658513641
0.977185756434
0.977189939289
0.975491878289
0.972753590282
0.969882246377
0.967778501998
0.966860712764
0.966799204771
0.966935826604
0.966560284689
0.965551292179
0.964341304655
0.963721858079
0.964190257221
0.965762741296
0.967665088173
0.968809101225
0.968464923785
0.966626657689
0.964087582625
0.96199362089
0.961239843515
0.96206980126
0.963933828001
0.965692851915
0.966573730813
0.966362934363
0.965492473924
0.964785396204
0.964838524747
0.965787370104
0.96702593789
0.967880085653
0.967784247233
0.966865729147
0.96570414583
0.965072993882
0.965549589183
0.9670400412
0.968939732856
0.970535005556
0.971365290302
0.971508079562
0.971413211903
0.971584458181
0.972388316689
0.973693169509
0.975122249389
0.97628267183
0.977054701831
0.977647094122
0.978339025706
0.979317137229
0.980572748541
0.981743054742
0.982477516681
0.982763093419
0.98270404052
0.982726800854
0.983030267989
0.983723619543
0.984499697485
0.984923614893
0.984835936831
0.984371428571
0.98408823276
0.984565935021
0.986194617944
0.98873437775
0.991386406397
0.993319206545
0.993977504207
0.993400124863
0.992068737607
0.990701914312
0.989943277633
0.989896500739
0.990256236317
0.990408339502
0.989950214911
0.988917597983
0.987705175775
0.986813256649
0.986713197157
0.98735152488
0.988237556489
0.988820034498
0.988780518901
0.988266054461
0.987729669276
0.987680394227
0.988470137336
0.989938743771
0.991385544063
0.992156862745
0.991820482746
0.990332975295
0.988144345647
0.985684760805
0.983569985831
0.981961298786
0.980790760709
0.979729335589
0.978722170686
0.977811849109
0.977288508275
0.97738446411
0.978055251168
0.978887582112
0.979374090663
0.97914948087
0.978206990855
0.977107984987
0.976523245741
0.977110115758
0.979047953011
0.981895415263
0.984758156882
0.986837056931
0.987763122637
0.987528617906
0.986615445593
0.985659773511
0.985094934752
0.985012695857
0.985157411998
0.985204985547
0.98491345582
0.9844441634
0.984030151075
0.984021861437
0.984528289749
0.985312470001
0.985971816681
0.986173663822
0.985895185557
0.985481852315
0.985458298152
0.98626888029
0.987960032272
0.990162019246
0.992185124369
0.993437293034
0.993604303646
0.992888386348
0.99169336656
0.990572450276
0.989893945181
0.989710554697
0.989848743384
0.989935298347
0.989900149202
0.989774228759
0.989802091435
0.990147925575
0.990649876972
0.990984723309
0.990731055323
0.989663328175
0.987990463015
0.986231711669
0.985246394231
0.985604315675
0.987409304311
0.990235092445
0.993145632262
0.995331725716
0.996385729864
0.996292339597
0.995540796964
0.99470681458
0.994089572995
0.993563175082
0.992646371483
0.990895859784
0.988028755669
0.984447182014
0.980826547857
0.978113345968
0.976917484551
0.976983628146
0.97758987701
0.977691902336
0.976600017463
0.974303135889
0.971339889189
0.968795229549
0.967617401325
0.968092717127
0.969777095417
0.971724841342
0.972891737084
0.9727081078
0.97125003583
0.968983094779
0.966631096242
0.964802119938
0.963588253904
0.962669585506
0.961673383005
0.960331886947
0.958754308808
0.957388584832
0.956667877907
0.956718091716
0.957196798067
0.957531280077
0.957287789651
0.956465530201
0.955483072091
0.955094362522
0.956205932409
0.959048917159
0.963161057692
0.967521265838
0.971095200212
0.973298199385
0.974195808278
0.974428504782
0.974791872853
0.976054500652
0.978203282465
0.980660458207
0.982547745396
0.983116515837
0.982125180304
0.979983555896
0.97760027289
0.976009562025
0.975711035267
0.976557172085
0.977757551624
0.978396296508
0.977862969475
0.976241837687
0.974171482486
0.972778389314
0.972960038287
0.974934036939
0.978173411793
0.981585677749
0.984080473659
0.985062391839
0.984482180421
0.983001708984
0.981661141693
0.981373022582
0.982412586367
0.984344886886
0.986449465343
0.987797723806
0.987869398731
0.986619349584
0.984615828667
0.982691154209
0.98158452196
0.981555599093
0.982395052787
0.983533476359
0.984392044978
0.984537966321
0.98388917104
0.982687039286
0.981486707682
0.980727447163
0.980614121975
0.981128310385
0.982073894749
0.983024151208
0.983622974963
0.983509488705
0.982591704414
0.980967275517
0.978860402211
0.976627418739
0.974610926422
0.973115897072
0.972508896797
0.972795775484
0.973702074909
0.974704988901
0.975216138329
0.974777490261
0.973300697727
0.971054984354
0.968689117729
0.966855429714
0.966266327208
0.966992698719
0.968714869348
0.970519931149
0.971517518228
0.971147523016
0.969249862107
0.966285888991
0.963197223699
0.961028005849
0.960419485792
0.96158300613
0.964034689944
0.967044871429
0.969903414971
0.972119066961
0.973447186805
0.973943186158
0.973904610773
0.973576283103
0.972975336715
0.97211664007
0.970805029629
0.968969689985
0.966833075113
0.964749800524
0.963265997066
0.962707990747
0.962990499793
0.963771278918
0.964542665544
0.964766558089
0.964283769805
0.963233084761
0.962186713363
0.961833939361
0.962672924227
0.964843856539
0.968024529128
0.971812303101
0.975663096506
0.979209445585
0.982181660148
0.984503617775
0.986316687756
0.987802727486
0.988996517515
0.990034384288
0.990696592627
0.990987062073
0.99086279645
0.990549853159
0.990360678516
0.99053166155
0.99118230791
0.992101946506
0.992956184138
0.993328922704
0.992957746479
0.991855602025
0.990311571067
0.988838181118
0.987936281633
0.98788723922
0.988522081329
0.989522477303
0.990293678447
0.990545190075
0.990260199892
0.989650933417
0.989395332797
0.989935008915
0.991564571199
0.993990728553
0.996655040311
0.998768684497
0.999655251666
0.998905183094
0.996571691971
0.993203521551
0.989825787933
0.987274565987
0.986087198001
0.986266685014
0.987380580877
0.988801485852
0.989927389856
0.990264255911
0.989715684941
0.988584598698
0.987238069488
0.986105479415
0.985347587779
0.984930944893
0.984578393168
0.983937650148
0.982731421489
0.980896046189
0.978636595455
0.976390658174
0.974628047746
0.973648457402
0.973782771536
0.974957313603
0.977002650252
0.9794995735
0.981899302516
0.98368532797
0.984630666924
0.984719076596
0.984212521664
0.983454790823
0.982854519927
0.982681639832
0.983107833302
0.983993054614
0.985032132108
0.985873101952
0.986163590399
0.985826470025
0.984928097345
0.98377469525
0.98279435564
0.982393255527
0.982856978218
0.984136124147
0.985900962861
0.987611073137
0.988810515283
0.989214523689
0.988722864392
0.987496127742
0.985872770678
0.984390707026
0.983396518803
0.983109772789
0.983388884373
0.983936499395
0.98445929624
0.98472009254
0.984659505966
0.984412894787
0.984197964391
0.984334491698
0.985016755754
0.986315848028
0.98805694627
0.990023391483
0.99186645053
0.993286087281
0.994079593369
0.99412360689
0.993445936192
0.992342988242
0.991133340912
0.990199943678
0.989797914862
0.990156276069
0.991298082253
0.993064382426
0.995128261588
0.996934362512
0.998069445577
0.99813533672
0.997119319406
0.995180528257
0.99272619112
0.990326975477
0.988395754276
0.987297184856
0.987158729273
0.987613496245
0.988208209332
0.988337455036
0.987677938446
0.986138892802
0.983951035144
0.981591633073
0.979693292888
0.978731707317
0.978826643141
0.979772956197
0.981006187786
0.981917589012
0.982073141582
0.981243856433
0.979604351072
0.977633728873
0.975989460099
0.975326599327
0.975835780286
0.977348021655
0.979285791348
0.981121343445
0.982240772567
0.98246628131
0.981951964459
0.98119744084
0.980853207927
0.981489753755
0.983240843507
0.985820484581
0.988546905751
0.990592713431
0.991219274235
0.98996565061
0.986885068948
0.982555170282
0.978009939614
0.974345369167
0.972213434567
0.97175660764
0.972545822705
0.973822681721
0.974789243411
0.974696165351
0.973172786823
0.970437966176
0.967047691971
0.963808432881
0.961504004344
0.960523115999
0.960930558173
0.962434502217
0.964653784219
0.967071242933
0.969188871683
0.970773273871
0.971753794266
0.972329017916
0.972787345856
0.973374548666
0.974184641034
0.975298282418
0.976512907321
0.977619504908
0.978385199903
0.97859665202
0.978312537136
0.977527786041
0.976474414571
0.975370798748
0.974354061747
0.973676239778
0.973484848485
0.97387120856
0.974833599208
0.976232610057
0.977777180631
0.979228565365
0.980375157629
0.981066450482
0.981205664477
0.980920550541
0.980301182459
0.979604911906
0.97913985414
0.979163310241
0.979763278671
0.980926065028
0.982538147432
0.9843273718
0.986098289438
0.987529057842
0.988395754276
0.98846397401
0.987693235391
0.986160484112
0.984178824789
0.98205189115
0.980249941298
0.979062475707
0.978775721496
0.979625779626
0.981620149762
0.98457678595
0.987969124301
0.991164895184
0.993468970893
0.994340537918
0.993650193196
0.991570216572
0.988548580133
0.985267637911
0.982545275752
0.981100171817
0.981407594387
0.983510265668
0.986988350967
0.991118298955
0.995016217071
0.997921599579
0.999183888377
0.998495605585
0.995976600757
0.992176311462
0.987954044947
0.98419601188
0.981656240059
0.980543094524
0.98078563053
0.981946940637
0.983611434135
0.985200730424
0.986383188581
0.98700123406
0.987135365454
0.987158995476
0.987452410317
0.988294935768
0.989779522166
0.991681754966
0.993702440304
0.995369030391
0.996170403824
0.995814569536
0.994350282486
0.99209800594
0.9896658629
0.987594762233
0.986393473119
0.986243188375
0.987089486
0.988544036399
0.990068837918
0.990963773441
0.990603336222
0.988687236951
0.985370757387
0.981185250907
0.976727385314
0.972837924407
0.970141998209
0.969090955767
0.969862234744
0.972249003309
0.975666097913
0.979202955925
0.982021341383
0.983474801061
0.98345021783
0.982084387062
0.979946595461
0.977649139733
0.975937626025
0.975282714055
0.975984940164
0.977906322809
0.980418240834
0.98285970843
0.984490631397
0.984914638291
0.98389837154
0.981746656176
0.978791316046
0.9757516201
0.973197584309
0.971579625356
0.971062044483
0.97148161102
0.972410454985
0.973390673297
0.974033654105
0.974154160615
0.973714654685
0.972956989247
0.972152238006
0.971663912139
0.971843658207
0.972690509952
0.97408325721
0.975814849526
0.977586431833
0.979184188394
0.980518790198
0.981530343008
0.982367689541
0.983063895304
0.983824219505
0.984723141407
0.985650002744
0.986596561964
0.987343483787
0.987822907986
0.987926003266
0.987607168612
0.986907015813
0.98594959951
0.984805091488
0.98366582225
0.982495276087
0.981368245009
0.98022075516
0.979042934512
0.977815834541
0.976625312816
0.975484913793
0.974648040737
0.974192309802
0.974230061265
0.974691510028
0.975404723812
0.976144526643
0.976556291391
0.976492194674
0.975901100621
0.974798885736
0.973369848722
0.971892599869
0.970637031575
0.969879039729
0.969700996678
0.970109057942
0.970883909951
0.971983914209
0.973137940307
0.974271150786
0.975263584753
0.976133134894
0.976839715699
0.977360217514
0.977500133769
0.977056667906
0.975900437694
0.973845064141
0.970929471231
0.967395584491
0.963552808811
0.960170507526
0.957955615333
0.95764252571
0.959641745399
0.963981484018
0.970198312699
0.977424909126
0.984689985834
0.991118957089
0.995880423883
0.998483617655
0.99880858899
0.99696723531
0.993505614937
0.989302212497
0.985257256826
0.982112115343
0.980342592842
0.980051219841
0.981074779025
0.983233500178
0.986261609907
0.989942448455
0.993969962524
0.998131581927
1.00223593343
1.00608279358
1.00943738657
1.01207983193
1.01391475841
1.01488921553
1.01499225943
1.01428882478
1.01294719842
1.01128524916
1.00979709984
1.00880859539
1.00869319785
1.00957832691
1.01136008634
1.01384466682
1.01655148878
1.01905899755
1.02082503556
1.02161547213
1.02119197773
1.01975175697
1.01759042268
1.01515492324
1.01302885962
1.01147174035
1.01067944837
1.01062540515
1.01117429628
1.01204334454
1.01298965477
1.01389744041
1.01458542047
1.01511624481
1.01554206622
1.0160248953
1.01665082246
1.01736795498
1.01810019038
1.01867832406
1.01885610117
1.01852861035
1.01750376114
1.0158711635
1.01382731997
1.01168884701
1.0097401642
1.0083592421
1.00753130747
1.00720469467
1.00709117221
1.0068457539
1.00612150612
1.0045941807
1.0021106196
0.99881492615
0.995036791228
0.991251798561
0.987976354454
0.985560807907
0.984177033767
0.983837570459
0.984411603089
0.985700139795
0.987479474548
0.989363896173
0.99111937216
0.992497131256
0.993334892423
0.993682990438
0.993596186429
0.99327002595
0.992864250178
0.992481417139
0.992146071603
0.992009495961
0.992035605528
0.992161154825
0.992316855271
0.992393282224
0.992301290054
0.991859607727
0.991210139002
0.990283119813
0.989148533042
0.987926644351
0.986853411239
0.986008348928
0.985608588423
0.985747731929
0.986436280002
0.987435547917
0.988392114951
0.988849678242
0.988412651493
0.986756136324
0.98391444477
0.979949216356
0.975295350055
0.970470383275
0.966229926373
0.963220186938
0.962109397563
0.963083573487
0.965966628308
0.970207626388
0.974909981276
0.979258273548
0.982499053609
0.984030529869
0.983663322383
0.981442869058
0.977856801339
0.973729774912
0.969921016687
0.967271014834
0.966299662123
0.967031065217
0.969178768869
0.972169838276
0.975360990144
0.978092076779
0.979836591771
0.980269958945
0.979307255897
0.977228288662
0.974489642071
0.971794563387
0.969753971098
0.968851683133
0.969168547229
0.970691812917
0.973103148121
0.976056256175
0.979135008767
0.981961269785
0.98425642094
0.985860102071
0.986680761099
0.986950861364
0.986755367402
0.986418117208
0.986164765071
0.986094154781
0.986332641565
0.986864682563
0.987747854395
0.988874384383
0.990231990232
0.991688591246
0.993222168906
0.994652245756
0.996002284409
0.997085511688
0.99777797796
0.998018791463
0.997687687688
0.996663059163
0.995001957065
0.992673219562
0.989922153159
0.987001628566
0.984317148791
0.982174474087
0.980861244019
0.980500894454
0.980948411872
0.981982786861
0.983430362741
0.984891180526
0.986203988192
0.987142252072
0.987652448274
0.987798955931
0.987675256639
0.987579512225
0.987738705519
0.988308977035
0.989416416446
0.99102179148
0.992898702074
0.994772420009
0.996331999515
0.997246527565
0.99731862171
0.996411446249
0.994653563261
0.992196380841
0.989381446436
0.986677092418
0.984326671425
0.982541508154
0.981379229323
0.98083029519
0.980804495711
0.981097706641
0.981579900954
0.982180997132
0.982787237966
0.983387782778
0.984041571859
0.984727694798
0.985503737554
0.986360911271
0.98723784025
0.988058551618
0.988733396584
0.98915375447
0.989244727513
0.989049987867
0.98858698978
0.988090475458
0.9877654165
0.987836717142
0.988443712648
0.989611644622
0.991209185504
0.993059469079
0.994921609732
0.996516707994
0.997539938943
0.997701286682
0.996898711309
0.995235638637
0.992893091353
0.990380210719
0.988126046582
0.986571091552
0.985968699406
0.986274509804
0.987440297187
0.989199976522
0.991231157253
0.993173860594
0.994611079857
0.995255147717
0.994829244829
0.993382686206
0.991222494628
0.988763026733
0.986535629489
0.984956571053
0.984234701437
0.984415967005
0.98546554306
0.987225795084
0.989448243339
0.991899830876
0.99422622431
0.996230170698
0.997724169322
0.998721811376
0.999300571707
0.999787975163
1.00033115573
1.0010166552
1.00187265918
1.00278353568
1.003550611
1.00400427122
1.0039360687
1.00318280086
1.00166308851
0.999452804378
0.996861574088
0.994279628784
0.992188446167
0.990925480769
0.990767489651
0.991732364839
0.993636550248
0.996232146508
0.999182553353
1.00216710106
1.0048018854
1.00688631641
1.0081344578
1.00854443709
1.00818063815
1.0073673722
1.0063841961
1.00557487112
1.00527539342
1.00557416906
1.00652957513
1.00814760148
1.01023638354
1.01272673208
1.01539290848
1.01801720235
1.02038955909
1.02234500443
1.02381389093
1.02477498093
1.0252922423
1.02545235223
1.02532251788
1.02494499613
1.0244451021
1.02381233751
1.02310855993
1.0223166528
1.02146679822
1.02058504875
1.01979418886
1.01907539032
1.01848305214
1.01811341364
1.01788573673
1.01781690352
1.01780858756
1.01782419806
1.01782425287
1.01775940029
1.01765707627
1.01750007517
1.01726069709
1.01709375667
1.01694448692
1.01695382073
1.01717877521
1.01762475353
1.01824421965
1.01909001285
1.02001128233
1.02086354355
1.02152607112
1.02185938615
1.02172479923
1.02104753841
1.0197370428
1.01786536513
1.01553415977
1.0130053371
1.0104414003
1.00812885744
1.00624405328
1.00487862223
1.00404999854
1.00365651934
1.00360328945
1.00377281235
1.00398912594
1.00415756887
1.00405409494
1.00375251693
1.00315293253
1.00232089416
1.00133337374
1.00032957814
0.999290066852
0.99836266885
0.997477675983
0.996736085035
0.996008561347
0.995344641974
0.99477377492
0.994364693321
0.994104973368
0.994161901896
0.994546714471
0.995346183871
0.996571769265
0.998138957816
1.00002927829
1.00209393631
1.00417500217
1.0061834122
1.00796777865
1.00941785861
1.01043090639
1.01094551234
1.01098768413
1.0106250946
1.0100365791
1.00935450881
1.0088976472
1.00879791457
1.00915109607
1.00996395393
1.01118791003
1.01268759729
1.01414397921
1.01542943782
1.01622171675
1.01636680907
1.0157480315
1.01444816457
1.01253984483
1.01038051933
1.00829295842
1.00658574762
1.00558084888
1.00544369
1.00622479397
1.00777732296
1.00996074295
1.01239863674
1.01479647478
1.01679479598
1.01817588804
1.01872158331
1.01839121507
1.01723778618
1.01537958115
1.01303250705
1.01056431805
1.00810348892
1.00589442815
1.00405638077
1.00258623195
1.00141979601
1.00043429167
0.999622958903
0.998835075866
0.998037090206
0.997198218657
0.996380573768
0.995562967154
0.99484582154
0.99429844098
0.994011976048
0.994007424947
0.994239564638
0.994605297139
0.995036654591
0.995416631082
0.995633935451
0.995520202165
0.995073748877
0.994176007492
0.992884978744
0.991182233834
0.989238361377
0.987169990222
0.985144000235
0.983303709316
0.981710131549
0.980435901836
0.979579647905
0.979109900091
0.979019189765
0.97932373772
0.979970113225
0.980908301996
0.982050909091
0.983295368261
0.984553273653
0.985755652403
0.986830194189
0.987735244421
0.988490379585
0.989120027853
0.989623789925
0.990090690464
0.990495508548
0.990956521739
0.991475295755
0.992021353759
0.992622069887
0.993160253798
0.993636337099
0.994023379135
0.994324864738
0.994574032025
0.994774599238
0.994899764151
0.995067817509
0.995188522439
0.995344129555
0.995555428113
0.995842232664
0.99633990637
0.996991115274
0.997917676926
0.999050550968
1.00034899953
1.00170523035
1.002965687
1.00402228645
1.00461598023
1.00467981755
1.00413817392
1.00304824943
1.00155163496
0.999800410584
0.9980401068
0.99650429148
0.995318298601
0.994738355377
0.99483983186
0.995588922645
0.996826982402
0.998408488064
1.00002948635
1.00147193029
1.00255356619
1.00318843971
1.00335325849
1.00314081312
1.00261164795
1.00191132605
1.00109798029
1.00020174073
0.999195124756
0.998049004418
0.996730432787
0.995201976671
0.993509677792
0.991731461065
0.989955911121
0.988344098649
0.986982387937
0.985870301139
0.984995457609
0.984242353762
0.983449427206
0.982531133339
0.981340118745
0.979952132902
0.97841645534
0.97685355696
0.975523975638
0.97458435738
0.974304256314
0.974759686265
0.975911111111
0.977618355913
0.97964429213
0.981763185716
0.983758091794
0.985516062686
0.987029083677
0.988329979879
0.989487893845
0.990715722909
0.992082913488
0.993568297185
0.99508769902
0.996524761077
0.997589241628
0.998191945408
0.99818277742
0.997700810612
0.996858607711
0.995953705632
0.995262922687
0.995004163197
0.995295857988
0.996182533623
0.997437390798
0.99881482338
1.0
1.00071878324
1.00086557604
1.00031966522
0.999237245871
0.997778041121
0.996176593584
0.994805740707
0.9937766821
0.993190953267
0.99310488926
0.993384556053
0.993925454117
0.9946003052
0.995348565076
0.996231816323
0.997167717823
0.998247970566
0.999532723927
1.00093479785
1.00239752061
1.00366246704
1.00455909171
1.00482134406
1.00437747536
1.00323760417
1.00153656112
0.999577371249
0.997620195204
0.99604837744
0.995047449585
0.994690525081
0.99491914177
0.99556323826
0.996383778664
0.99721448468
0.997836621668
0.998198878657
0.998272226778
0.99808259587
0.997805196346
0.997441237727
0.997051026183
0.996604515399
0.996100261967
0.995447106085
0.994643972982
0.993691790401
0.992713537949
0.991746088299
0.99094433429
0.990338733432
0.990008497172
0.989907534346
0.989902517096
0.989894577436
0.989763687412
0.989394921346
0.988854544374
0.988156632286
0.987531322646
0.987001181711
0.986790680765
0.986956915552
0.987361532227
0.987950729219
0.988615813347
0.989228272097
0.989671306241
0.989892163488
0.989985903912
0.989987668096
0.990045222294
0.990185707569
0.990403297027
0.990576349295
0.990643934894
0.990399856446
0.989757493598
0.988663918526
0.987226665856
0.985623974226
0.984122663763
0.983030012293
0.982498813479
0.982508657628
0.983006954346
0.983728538753
0.984436022796
0.984911792015
0.984914359079
0.984430997004
0.983503813634
0.982377938248
0.981265475374
0.980371035308
0.979893767068
0.979827176106
0.980204303675
0.980950069769
0.98199349089
0.983171028606
0.984366462267
0.985451252641
0.986407999521
0.987184811629
0.987789808168
0.988382301299
0.988895707314
0.989449931131
0.990001179802
0.990539374647
0.990934470027
0.991196757018
0.991148288973
0.990633676053
0.989677813407
0.988245710448
0.986333963761
0.98409457936
0.981715294046
0.979422119704
0.977445200302
0.976036561532
0.97533371159
0.97532914245
0.975794563359
0.976569160664
0.977397139325
0.977930299982
0.978009846337
0.977631063278
0.976737104927
0.975542394206
0.974265725645
0.973138839203
0.97237093102
0.972143907821
0.972477344155
0.973306579107
0.974529245884
0.976060046609
0.977705274606
0.979388277836
0.980960960961
0.982412586367
0.983606557377
0.984585627139
0.985338816378
0.985894825108
0.986202107424
0.986335631062
0.98646815856
0.98659325619
0.986913781228
0.987373578742
0.987965435978
0.988580033883
0.989201877934
0.989758960909
0.990187221582
0.990551670552
0.990982057083
0.991573293824
0.992413305894
0.993491413555
0.994704969417
0.995898651112
0.9967739972
0.997245853479
0.997099123565
0.996385054068
0.995219975471
0.993795897696
0.992381194248
0.991056137012
0.989983569262
0.988967121393
0.987931465733
0.986803199602
0.985425000775
0.98392730195
0.982418868157
0.98122223924
0.980551497443
0.980625075565
0.981428614358
0.982683723299
0.984106516328
0.98528924125
0.985829836405
0.985589626989
0.984546159814
0.982928430729
0.981068692704
0.979326379289
0.978039215686
0.977244984194
0.976975945017
0.977030147931
0.977227352134
0.977374719521
0.977377955937
0.977106311984
0.976779095059
0.976491643158
0.976434518621
0.976605915745
0.977022470234
0.977468164794
0.97790673074
0.978143245804
0.978073973281
0.977707006369
0.977004994817
0.976064499874
0.97487089054
0.973430179543
0.971747865394
0.969903125686
0.96796517818
0.966086331385
0.964521554946
0.963388570544
0.962862764388
0.962983290645
0.96361655114
0.964604169177
0.965646903107
0.966541070083
0.967022983981
0.967044346979
0.9666452265
0.965847204701
0.964740027171
0.963425209043
0.961961588663
0.960327121765
0.958522887711
0.956613589784
0.954761151534
0.953134394481
0.952010089863
0.951511926376
0.951726917592
0.952575357603
0.953827423528
0.95529525712
0.956668780385
0.957894100945
0.958911984509
0.959928465339
0.961092564492
0.962551252847
0.964332410983
0.966307894015
0.968130420127
0.969566022594
0.970336477106
0.970385242816
0.969812630118
0.968873439722
0.967961654894
0.967432228916
0.967358772914
0.967831907772
0.968592848548
0.969415384615
0.970077724187
0.970433982518
0.970547756675
0.970645554202
0.971011419744
0.971870477569
0.97320220157
0.974920214367
0.976736447241
0.978295991465
0.979364005413
0.979845586183
0.97987770637
0.97961739566
0.979458713582
0.979475914012
0.979742462312
0.980094965567
0.980292775067
0.98004406673
0.979192819483
0.977770849571
0.976016297805
0.974318306594
0.973044684315
0.972447180468
0.97257829462
0.973214816576
0.974150268336
0.975053905127
0.975703632427
0.976090692556
0.976388888889
0.976808877332
0.977557395445
0.97879804759
0.98036439739
0.982143412661
0.983745716352
0.985070842182
0.985902943516
0.98639066425
0.986643456243
0.986952147394
0.987476577139
0.98828974343
0.98941602451
0.990708155831
0.992024388742
0.993309189123
0.994530509976
0.995682053153
0.996789046407
0.997822009801
0.998757425142
0.999390838207
0.999662587037
0.999505486015
0.999097585263
0.998623451383
0.998240653472
0.998044595831
0.99800430816
0.997962043052
0.997598847447
0.996688422339
0.994977624674
0.99258331728
0.98986034054
0.987183534314
0.985046203796
0.983683055719
0.983043571582
0.982947959246
0.983094651707
0.983171108887
0.983015503642
0.982666265423
0.982321037965
0.982130584192
0.982330253834
0.982728064642
0.983125814172
0.983156218418
0.982475695089
0.980977666719
0.978831658291
0.976456516949
0.974314583399
0.97278761758
0.971941744519
0.971585008968
0.971365638767
0.970855186709
0.969691288589
0.967844862303
0.965749647693
0.963907224611
0.962860825515
0.963026911169
0.964395917399
0.966612305411
0.969145874744
0.971250556297
0.972436277416
0.972511539827
0.97170313424
0.970553383102
0.969470423542
0.968961269193
0.96902520498
0.969442228631
0.969909698169
0.969864545793
0.969099113117
0.967633511764
0.965759820706
0.963878326996
0.962362568716
0.961510780111
0.961365200526
0.961735011841
0.962255402022
0.962665117417
0.96282527881
0.962690362924
0.962505199358
0.962461884603
0.962770204335
0.96354767184
0.96470032198
0.96614867455
0.967715353601
0.969232579345
0.970575227762
0.971733649711
0.972704417575
0.973626905396
0.974435722794
0.97522543317
0.975971797013
0.976620155039
0.977163984341
0.977514792899
0.977632688763
0.977470702513
0.976997426724
0.976219569508
0.975226699075
0.974142724745
0.973120088071
0.972255875939
0.971706055686
0.971357596073
0.971165900543
0.970996367101
0.970713904219
0.970252324037
0.969681864829
0.969041511194
0.968556566214
0.968271048422
0.968441353515
0.969028763211
0.970017217835
0.971348247398
0.972838837755
0.974293136781
0.975616413429
0.976627254998
0.977404421007
0.97786900426
0.978231841754
0.978554284467
0.978949009824
0.979440763895
0.979941806476
0.980328171659
0.980425792618
0.98014154109
0.979370480647
0.978263498398
0.976939014503
0.975733214233
0.974858356941
0.974349964863
0.974184149184
0.974162011173
0.973974119841
0.973422606865
0.972315091794
0.97079391197
0.968977887556
0.967242546428
0.965856105766
0.96498308505
0.964624547332
0.964683115627
0.964874770922
0.965050038491
0.965020894598
0.964773432651
0.964327885153
0.963886901614
0.9636125736
0.963644874395
0.964059328649
0.964902437504
0.966068049998
0.967436134195
0.968737609418
0.969826152683
0.97049200012
0.97065233617
0.970397669857
0.96986187927
0.969285483349
0.968958777022
0.969013350323
0.969356603882
0.969851990228
0.970317268383
0.970493795019
0.970374250626
0.970037453184
0.969659588216
0.969349899894
0.969157664837
0.968948148148
0.968428584205
0.967424948162
0.965737655256
0.963485628943
0.960853222504
0.958297716449
0.956065354307
0.954410427402
0.953193033382
0.952257206744
0.951304295257
0.950264390391
0.949109644762
0.947981552468
0.947213727993
0.946979944716
0.947336191059
0.948118949626
0.949035574036
0.949907823482
0.950607706232
0.95117830656
0.951779400023
0.952605557766
0.953729183807
0.955029686657
0.956269968051
0.957282611814
0.957960644007
0.958458951763
0.959035233191
0.95990889713
0.961237125503
0.962885257528
0.964440072729
0.965593984962
0.966006180694
0.965670460771
0.96491281551
0.964179013475
0.963924127836
0.964286805365
0.965090262666
0.965990159902
0.966595856039
0.966590923049
0.965961080949
0.965070252304
0.964294265533
0.963847547753
0.963861122612
0.964031748842
0.964106943054
0.9637547286
0.96296080601
0.961970164757
0.961137007063
0.960783199295
0.960983355545
0.961548291824
0.962127041122
0.962266308387
0.961732211346
0.960631723507
0.959268899631
0.958095674855
0.957361547554
0.957168213693
0.95731850806
0.957376659637
0.957063836149
0.956267434536
0.955132440387
0.953946576826
0.953046681563
0.9526051952
0.952665075577
0.953049043136
0.95357726334
0.954026876595
0.954307734655
0.954614542802
0.954941596562
0.955517303859
0.956285472769
0.957235551532
0.95823924367
0.959234409633
0.960072541325
0.960860075507
0.961560998477
0.962175561388
0.962780960135
0.963338940774
0.963778799179
0.964166474787
0.964495515374
0.964741849767
0.964918295052
0.964909767975
0.964724500072
0.964365191757
0.963847737222
0.963376027417
0.962995287136
0.962813776999
0.962760646109
0.962642571471
0.962399042776
0.961873736917
0.961151210044
0.960386708418
0.959706625278
0.959268292683
0.959043741774
0.958858128291
0.958476650863
0.957657965965
0.956322911806
0.95455249543
0.952653614087
0.950763487255
0.949086918082
0.947573524935
0.946119443853
0.944739477438
0.943519691213
0.942658428107
0.942399575296
0.942854642513
0.943960401771
0.945392688271
0.946825968044
0.947931341825
0.948471040037
0.948472412221
0.9481372438
0.947729895572
0.947363990909
0.947077630693
0.94673443028
0.946390419431
0.945989259707
0.945784148398
0.945941384936
0.946566178339
0.947691607914
0.949137460892
0.950604400383
0.951825883728
0.952742962811
0.953380227801
0.953969706812
0.954700727759
0.955750884982
0.957044777933
0.958558946591
0.960135471042
0.961625
0.962947882736
0.964130059888
0.965272321569
0.96637726914
0.96751246467
0.968564498628
0.969658215302
0.970681129367
0.971716979335
0.972604469133
0.973351769216
0.973887147335
0.974147913993
0.974280541857
0.974357382342
0.974594278324
0.975038144644
0.975538130847
0.975968922215
0.976098249407
0.97591011236
0.975520195838
0.975198765872
0.975079439802
0.975249547604
0.975357733724
0.975057937428
0.973960447718
0.972080997066
0.969763926038
0.967740998839
0.966541135574
0.966382178504
0.966970882225
0.967694994179
0.967817505637
0.966986688656
0.965388821565
0.963524396021
0.962103015746
0.961459480373
0.961404770466
0.961433756806
0.960846593165
0.959355096766
0.957119466156
0.954725505973
0.952934610734
0.952072498521
0.951986443231
0.952101878544
0.951767975213
0.950619264583
0.948820792556
0.947036610343
0.945856212489
0.945622325819
0.946097428178
0.9467794321
0.947086878061
0.946677815656
0.945931254996
0.945433768213
0.945715638315
0.946959204231
0.94882447361
0.950662345427
0.951853710558
0.952108114841
0.951925745475
0.951931304242
0.952712353746
0.954406095377
0.956624821423
0.958703320764
0.960081231814
0.960648635639
0.960946816122
0.961607909303
0.963147792706
0.965604002013
0.968499018383
0.971065989848
0.972728358922
0.973343261355
0.973404571089
0.973544502773
0.97437042329
0.976038386565
0.978341752624
0.980840694487
0.983239540005
0.985345514746
0.987359291382
0.989477919104
0.991876776955
0.994408289632
0.996936235399
0.999196063929
1.00122862039
1.00325086961
1.00556957049
1.00831346052
1.01133809668
1.01446126689
1.01715635915
1.01938238028
1.02121630961
1.02302083333
1.02501574417
1.02731159241
1.02964151953
1.03169873636
1.03324219312
1.03436870866
1.03535244665
1.03665034562
1.03836132021
1.04042096064
1.04232765553
1.04351317807
1.04356816368
1.04263356719
1.04113505593
1.03959231674
1.0383600713
1.03775335427
1.03750133552
1.037301812
1.03688639551
1.036100205
1.03501743965
1.03383057154
1.03270561504
1.03181256012
1.03094262295
1.03004669419
1.028976283
1.0277297513
1.02631055736
1.02474165342
1.0231387997
1.02150253941
1.01996595968
1.01867946556
1.01760710722
1.01671747152
1.01596735848
1.01517885917
1.01433182699
1.01324055282
1.01202269886
1.01068853296
1.00923508057
1.00772250056
1.00605885747
1.00431381386
1.00264396724
1.00112717787
1.0
0.999227799228
0.998707091603
0.998338762215
0.997832369942
0.997190732723
0.996484245439
0.995745105209
0.995096240451
0.994493872755
0.993767148809
0.992752384534
0.991564522793
0.990353697749
0.989562744894
0.989307234161
0.989675516224
0.990439974412
0.990997155101
0.991004770749
0.990243544601
0.988847173145
0.987377279102
0.98627698242
0.985936564931
0.986311211949
0.987306927665
0.988508406602
0.989607972391
0.990503249912
0.991091662108
0.991555049295
0.991896912921
0.992166998012
0.992452076677
0.992710377699
0.993092092052
0.99350937311
0.99396345663
0.994262228371
0.994415457362
0.994509516837
0.994700432865
0.995212616164
0.996069623807
0.997271268058
0.998430646654
0.99935483871
0.999959726138
1.00032061558
1.00075648989
1.00146546261
1.00256856082
1.00387214035
1.00517295846
1.00629450411
1.00690974391
1.00719035101
1.00716584917
1.00697275672
1.00680168712
1.00663532267
1.00672027787
1.00712010493
1.00772286786
1.00839624379
1.00868354523
1.00837447431
1.00745341615
1.00623109718
1.00528908854
1.00517557417
1.00610104182
1.00763548547
1.00914763863
1.01002834869
1.00997312208
1.00918658266
1.00821649593
1.00750547274
1.00723433714
1.00712063602
1.00677029361
1.00585944232
1.00456385972
1.00327678602
1.00238062849
1.0020739129
1.00204498978
1.00201647356
1.0015721121
1.00071489362
0.999661659223
0.998754334579
0.998116570814
0.997671514865
0.997115417246
0.996249701681
0.995049335928
0.993761292742
0.992822885132
0.992352661274
0.992444096525
0.992834231898
0.99312773523
0.993224746783
0.992981374966
0.99255421356
0.992105081707
0.991844525421
0.991724571389
0.991695574477
0.991585147786
0.991237908313
0.990559747324
0.989707074624
0.988610155058
0.987574534938
0.986669055725
0.98593974175
0.985324195342
0.984671296463
0.983811386354
0.982860692881
0.982011869217
0.981576215896
0.98182426405
0.982605780691
0.983612077674
0.984418622199
0.98467286869
0.984408084697
0.983652281708
0.98290332608
0.982313985197
0.982060321191
0.982005853041
0.981907697234
0.981827012588
0.98177221384
0.981822647998
0.981929442688
0.982035928144
0.981915913163
0.981508782275
0.98090255625
0.980215827338
0.979478575116
0.978764812732
0.977806845433
0.976549413735
0.975037888919
0.973525710176
0.972365212679
0.971642129105
0.971384306935
0.971204791523
0.970940570894
0.970469351847
0.9700572859
0.969901124467
0.969932859784
0.9700171191
0.969764339707
0.969030318216
0.967961757526
0.966838046272
0.965918494001
0.9652291245
0.964567134582
0.963513656016
0.962178355534
0.961003693244
0.960477132806
0.960875588806
0.961952580195
0.962910850968
0.96296085247
0.962072155412
0.960691271236
0.95989826699
0.960333531864
0.96200252116
0.964164237123
0.966057763515
0.966990900533
0.967175572519
0.967135246165
0.967800336221
0.969233784049
0.970931775949
0.972244787436
0.97249034749
0.971821162028
0.970996216898
0.971129530767
0.972460176991
0.974807456993
0.9774718398
0.979765307658
0.981398185561
0.982841823056
0.984954325631
0.988241664733
0.992524982296
0.997020214222
1.00057594208
1.00208246564
1.00208977681
1.00201005025
1.00329614604
1.0067229788
