1.13088455772
1.13383121733
1.13562858633
1.13411660386
1.12988897758
1.12585877187
1.12487014336
1.12731244454
1.1312521208
1.13349136471
1.1320258795
1.12733932734
1.12252912685
1.1200745645
1.12032932236
1.12156322415
1.12147330564
1.11895569038
1.1150196434
1.11199236687
1.11096027858
1.1113391182
1.11103339745
1.10849982677
1.10403868032
1.10010049129
1.09929778363
1.10221114242
1.1068044789
1.1100337494
1.10934594336
1.10485518253
1.09948074649
1.09646464646
1.09710238891
1.10016843357
1.10279313068
1.10265469356
1.09926184926
1.09456547762
1.09105499174
1.08989078689
1.09021895107
1.09034954756
1.08910305951
1.0868902439
1.08550103785
1.0862399721
1.08873233349
1.09117470138
1.09115350147
1.08769782655
1.0821769838
1.07713982359
1.07462866804
1.07474473516
1.07575998095
1.07558576001
1.0732243009
1.06952037532
1.06665136211
1.06610695106
1.06771712624
1.06982646016
1.07025943659
1.06807978214
1.06399069226
1.05999067131
1.05743171337
1.05638264175
1.05574034523
1.05409265064
1.05116857973
1.04775434753
1.04550228697
1.04502990792
1.04563843659
1.04569847672
1.04360243084
1.03909471809
1.03366123076
1.02949642615
1.02801551431
1.02914662504
1.03143237757
1.03314061858
1.03326102675
1.03188197418
1.02987812461
1.02802985722
1.02644505545
1.02464192207
1.02218341147
1.01923719799
1.01661399549
1.01506967861
1.01475040066
1.01501377003
1.01473677981
1.01326596939
1.01068401224
1.00784428509
1.00579347288
1.00475734633
1.00440247929
1.00379105773
1.00245529911
1.00060438612
0.998968717772
0.998088117795
0.998005811635
0.997976112426
0.997116345468
0.99508416931
0.992456065152
0.990290984894
0.989318558291
0.989471576116
0.989843055117
0.989300198464
0.98721971158
0.98403979985
0.980896842952
0.978754599816
0.977756621084
0.977316238325
0.976469559132
0.974560659668
0.97195250351
0.969373739735
0.967419279364
0.966141015476
0.964891005354
0.963162918332
0.96085206105
0.958696899248
0.957658176091
0.958044719893
0.959323792377
0.960069977288
0.959149015006
0.95646102284
0.953238418642
0.951238583761
0.951681399226
0.954319068617
0.957439989745
0.95895643167
0.957623801135
0.953950605136
0.95000494348
0.947974385348
0.948815070559
0.951777770231
0.954889546487
0.956162002434
0.955051070379
0.95268681338
0.951104378765
0.951741011276
0.954446155499
0.957758214687
0.959740877649
0.959202476598
0.956668146832
0.953883855636
0.952603097593
0.953525098703
0.955831058538
0.958026481474
0.958641007002
0.957745401705
0.956310864999
0.955971717944
0.957602731842
0.96095227071
0.964738249312
0.967559396923
0.968622153609
0.968401273153
0.968036007171
0.968408632436
0.969716593021
0.971464540495
0.97300388927
0.974089130352
0.975176635055
0.977141997819
0.980464209382
0.984861543073
0.989183726936
0.992176439908
0.993133744324
0.992632308422
0.991851157424
0.992129646192
0.993940042063
0.996831612674
0.99982243057
1.00180008471
1.00258659862
1.00280150797
1.00332795828
1.00485353932
1.00737956953
1.01038606081
1.01305118244
1.01514125059
1.01670644391
1.01820672145
1.0198240821
1.02137094085
1.02247228529
1.02289261163
1.02310044539
1.02412266208
1.02687853665
1.03164473684
1.03781193191
1.04375624376
1.04796701639
1.04951426939
1.04882307512
1.04756640874
1.04727467524
1.04877065699
1.05171015276
1.05511328843
1.05784869815
1.05954621676
1.06071709873
1.06202349062
1.06395710827
1.06625157409
1.06808601084
1.06871486375
1.06821951395
1.06754262135
1.06808108697
1.07059038567
1.07493263445
1.07991336495
1.08415729489
1.08662105663
1.08759012704
1.08819367423
1.0896032569
1.09240770838
1.09601782016
1.09913606059
1.10057551101
1.10020677589
1.09898668786
1.09835088416
1.0994697604
1.10250441483
1.10657660573
1.1103882903
1.11295437912
1.11438860565
1.11554841302
1.11763531057
1.12116020559
1.12587663373
1.13094763689
1.13554001431
1.13933391208
1.14265056474
1.14618750726
1.15042919281
1.15506912442
1.1593351758
1.16239414492
1.16392255507
1.16450151057
1.1651533834
1.16661729858
1.16899230514
1.17168564084
1.17395130537
1.17551363603
1.17671222917
1.17837291561
1.18098687513
1.18432241238
1.18721656847
1.1884026884
1.1871646276
1.18408173472
1.18084689626
1.17919034091
1.17988216086
1.18217412971
1.18432635534
1.18458936155
1.18227811506
1.17830243337
1.17458303118
1.17295666085
1.17411497952
1.17711945695
1.18023320791
1.18177378761
1.18128257421
1.17971739213
1.1787993921
1.17967616284
1.18223471431
1.1850929744
1.18629684922
1.18439996836
1.17980959937
1.17427698655
1.17003133304
1.16848041941
1.16957526496
1.17211738366
1.17427850939
1.17495609133
1.17416309694
1.17310871448
1.17279411765
1.17392321185
1.17609034268
1.17828100074
1.17962539264
1.1801031801
1.18043594238
1.18171536287
1.18447908489
1.18849959087
1.19264591295
1.19579383886
1.19717582863
1.19713773288
1.1966850428
1.19688578826
1.19797625858
1.1992580438
1.19985019261
1.19889423934
1.19679430098
1.19470189269
1.19411598102
1.19543766578
1.1980787636
1.200320627
1.20049451731
1.19784729472
1.19338312227
1.18933265925
1.18782331874
1.18970593581
1.19393739462
1.19829598074
1.20043409924
1.19920844327
1.19532491111
1.19116867379
1.18891754532
1.18946606748
1.1920141153
1.19437458893
1.19466749825
1.19200062617
1.18761006535
1.18376985831
1.18232775399
1.18363141524
1.18625277162
1.18775541976
1.1860672935
1.18089792134
1.17419774833
1.1689094424
1.16734923915
1.16998468606
1.17526617527
1.18027918028
1.18224817087
1.18014517193
1.17532467532
1.17039908125
1.16776397737
1.16827229581
1.17100936892
1.17379480841
1.17451484521
1.17244036569
1.16867218474
1.16530153793
1.16396719278
1.16505021917
1.16733150647
1.16864947842
1.16717452979
1.16248334852
1.15611430172
1.15030277574
1.14701856596
1.14673356181
1.14846787714
1.15010806916
1.14982401393
1.14677930306
1.14175351651
1.13628905823
1.1317684911
1.12865497076
1.12634388671
1.12366514823
1.11992806564
1.11539468272
1.11157347204
1.11001400044
1.11156616814
1.11588138985
1.12132646397
1.12575110403
1.12740185299
1.12566213314
1.12157613125
1.11694410373
1.11362847825
1.11241177483
1.11302859099
1.11438699342
1.11550069517
1.11581359302
1.11567289032
1.11585142819
1.11688526762
1.11868444562
1.12060967528
1.12147080316
1.12042738741
1.11754315804
1.11351657882
1.10969251337
1.1069391316
1.10557412472
1.10506088021
1.10452770738
1.10326068244
1.10110224249
1.0985725175
1.09648817803
1.09540290159
1.09531018942
1.09570090806
1.09576972464
1.09507809987
1.09367305428
1.0921950526
1.09159440807
1.09230171897
1.0940960711
1.09638171815
1.09814071413
1.09886451251
1.09858567606
1.09804393413
1.09809857478
1.09912949592
1.10084964906
1.10230890386
1.10239512946
1.10063333333
1.09738646527
1.09405192244
1.09216665035
1.09294163525
1.09641022306
1.10181616254
1.10753147704
1.11211029193
1.11432835821
1.1143246115
1.11270648453
1.11058125188
1.10849848841
1.10660553574
1.10456999415
1.10204365355
1.0991816465
1.0966082117
1.09512510032
1.09521161999
1.09679431641
1.09904695893
1.10102799194
1.10183058398
1.10126978605
1.09996536197
1.09909631309
1.09971422739
1.10200505476
1.10547619844
1.10880277001
1.11081978095
1.11088316072
1.10933895736
1.10740036707
1.10654936461
1.107637425
1.11043540144
1.11384217335
1.11626024159
1.11630773223
1.11358176979
1.10876270251
1.1031929061
1.09837559816
1.09499509323
1.09304548451
1.09189782479
1.09098536716
1.08991005613
1.08907323043
1.08911566948
1.09070356923
1.09386393341
1.09797484103
1.10190905935
1.10465884973
1.10562719405
1.1052959286
1.10484756935
1.10553191489
1.10795377754
1.11206317204
1.1166449108
1.1202440895
1.12168259023
1.12057157909
1.11775835073
1.11452577153
1.11213424025
1.11101518785
1.11085871513
1.11080430246
1.10995710093
1.10811073337
1.10586440788
1.10436845869
1.10477617775
1.10742340927
1.11162039174
1.11603368505
1.11889404018
1.11901620488
1.1163990631
1.11219363161
1.10817405449
1.10586523166
1.10585844903
1.1078098472
1.11043718268
1.11252262405
1.1132217031
1.11284033499
1.1123648331
1.11315116704
1.11588109706
1.12017195336
1.12481383151
1.1280273469
1.128478694
1.125728
1.12085707918
1.11588050813
1.11296331376
1.11357611714
1.1179617028
1.12507956715
1.13298945952
1.13969829809
1.14370830905
1.14446285287
1.14247084121
1.13862907973
1.13381995134
1.12859554467
1.12318357552
1.11775744781
1.11264197863
1.1085948525
1.10625104743
1.10614916998
1.10817107672
1.11166771721
1.11546725728
1.11841715733
1.11954285714
1.1186742118
1.11624560281
1.11322068224
1.11032642812
1.10804224208
1.10642282005
1.10532400175
1.10455327805
1.10414579158
1.10448088116
1.10590809628
1.10845634226
1.1118538744
1.11532989788
1.11790825454
1.11860517726
1.11713418019
1.11383745025
1.1097874868
1.10640264026
1.10454155955
1.10442454569
1.1052770188
1.10605212005
1.10581993145
1.10402552128
1.10125588697
1.09867781451
1.0976101999
1.09881272756
1.10205936746
1.10641807769
1.11049792274
1.11294066669
1.11323497572
1.11165723825
1.1094049311
1.10778739184
1.10765705793
1.10907224831
1.11119461406
1.11266849765
1.11230593026
1.109568
1.10489488044
1.09953108941
1.09487434605
1.09184524573
1.09045968156
1.09004952724
1.08957292506
1.08792307941
1.08475613685
1.08062447907
1.07656095932
1.07380097057
1.07310598963
1.07424975198
1.07635825132
1.07805433345
1.07829826448
1.0765290473
1.07311248546
1.06905824115
1.06555976071
1.06350224503
1.06285241481
1.06305667704
1.0632954616
1.06270131657
1.06098750669
1.05848138079
1.05594826766
1.05410039051
1.05329900839
1.05331127934
1.05335327055
1.05248610008
1.0502547549
1.04666289593
1.04259357207
1.03918312112
1.03743006568
1.03767277984
1.03944849862
1.04161205767
1.04286691043
1.04210588829
1.03894062519
1.0338762215
1.02809653377
1.02274811418
1.01868826199
1.0159914076
1.01419805078
1.01241538415
1.01003733399
1.00692158612
1.00357384928
1.00086095566
0.999540722596
0.999817206922
1.00118275005
1.00262887532
1.00289182757
1.00108059433
0.996923903954
0.991222867987
0.985511079763
0.981370437213
0.979945173857
0.981393882056
0.984916440508
0.989065890145
0.99228042086
0.993349386538
0.99189165876
0.988347274301
0.983560533704
0.978520563872
0.973731884058
0.969221271717
0.964511740699
0.959202472217
0.953148269494
0.946777794315
0.941117142772
0.937217878743
0.935823389721
0.93696634125
0.939906076067
0.943271006464
0.945571001838
0.945574538598
0.943020185674
0.938532679186
0.933510787335
0.929496121868
0.927719239561
0.92842564375
0.931247009822
0.935031376892
0.938446100917
0.940364982503
0.940419336051
0.938955870303
0.936894344277
0.935190365419
0.934525918054
0.9349781091
0.93598436621
0.936781099382
0.936478968593
0.934676595123
0.931576514101
0.927787934186
0.924212014134
0.921564227004
0.920250370246
0.920216777942
0.921112324624
0.92236339105
0.923545675111
0.92434787529
0.924732097295
0.924866492444
0.924937329079
0.924905595606
0.924661277795
0.923947330343
0.922506326905
0.920313958917
0.917697875321
0.914951829322
0.912727378056
0.911284517262
0.910660101906
0.910473261575
0.910258227274
0.90935515733
0.907377762799
0.90429512958
0.900485773768
0.896529829114
0.893021208704
0.890379698111
0.888649841401
0.887583985785
0.886928269333
0.886294244035
0.885620635599
0.885018919849
0.884815549613
0.885272790055
0.886508096293
0.888266229847
0.890028146361
0.891175795154
0.891068100358
0.889381416764
0.886242030965
0.882199988695
0.878251850191
0.875114733124
0.873323562758
0.87284512481
0.873225824267
0.873838644369
0.874037065982
0.873443691858
0.872104533756
0.870444078012
0.869011591389
0.868267935452
0.868472566066
0.869405467959
0.870608422522
0.87152747349
0.871680768217
0.870906432749
0.869429901105
0.867787421783
0.866522098896
0.86600965747
0.866257737445
0.86688040145
0.867314817394
0.866981316502
0.865514629562
0.862978939355
0.85987369375
0.856854609526
0.854720100331
0.853777091554
0.853972901596
0.854868022501
0.855804646037
0.856214672805
0.855686663941
0.854349665859
0.852582350549
0.851193221121
0.850712185654
0.851407893249
0.853103699756
0.855248834678
0.857158780583
0.858155236873
0.857854524083
0.85626387211
0.853899308983
0.85152158528
0.849872122762
0.849342048925
0.849913892078
0.851162790698
0.852422779361
0.853042715038
0.852632815483
0.851131354687
0.848971458712
0.846803799312
0.845286292655
0.844864694235
0.845511303703
0.846950648466
0.848536322972
0.84977083687
0.850233479553
0.849957519116
0.849263038549
0.848754044389
0.84893314367
0.850115691147
0.852179660335
0.854694421123
0.857055322129
0.858519105942
0.858692768065
0.857488136293
0.855277443587
0.8527553783
0.850664514083
0.849490305817
0.849491314082
0.850459906326
0.851915541398
0.853333333333
0.854177301344
0.854200495684
0.853424108931
0.852139966128
0.850771622711
0.849682264587
0.848973436956
0.848596987092
0.848301113064
0.8478267267
0.847036949593
0.846004013694
0.844891476972
0.844117904823
0.843935489475
0.844355856373
0.845248251152
0.84614080208
0.84652014652
0.845895911409
0.844035142236
0.841100553113
0.837465093748
0.833986890689
0.831364772825
0.830093447162
0.830328461872
0.831649538408
0.833454630142
0.835029896456
0.835794327069
0.835436398077
0.834102988586
0.832302623974
0.830713977877
0.830037718596
0.830601092896
0.832471443996
0.835229535241
0.838252083571
0.840806724618
0.842322454044
0.842508488348
0.841517466612
0.839777550124
0.83792749156
0.836511299435
0.835844661339
0.835967270257
0.836773926417
0.83791298175
0.839018339683
0.839891691438
0.840477863668
0.840944148549
0.841537170472
0.842484507854
0.84383727291
0.845532209651
0.847326249782
0.848829039813
0.849772472076
0.850040239649
0.849705952952
0.8491702557
0.84881092323
0.848978240587
0.849798931637
0.851142754577
0.852714797136
0.854004167907
0.854480606331
0.853921248628
0.852261961156
0.849939479822
0.847561872811
0.845812909096
0.845260441107
0.845993358996
0.847860117553
0.850384088608
0.852838585518
0.854717210376
0.855593677245
0.855479937179
0.854751187026
0.853993728094
0.853894119085
0.854867095521
0.857030943987
0.859968235893
0.863151605676
0.865753179294
0.867116982486
0.866784494638
0.864766652652
0.861503266006
0.857720266643
0.854327257338
0.851955137921
0.850824359676
0.850919533207
0.85190413355
0.853234750462
0.854447189623
0.855262751398
0.85566724223
0.855936108125
0.856409001957
0.857521396156
0.859405398833
0.861972431001
0.86478640836
0.867162985295
0.868529603325
0.868279569892
0.866356403887
0.863037032364
0.859130050784
0.855542972191
0.853177959465
0.852558705211
0.853924554099
0.857085258816
0.86148931551
0.866407827302
0.871026990007
0.874676317349
0.876862990158
0.877548467792
0.876975063358
0.875520751762
0.873653803887
0.871575828263
0.869328263625
0.866832329797
0.863885067034
0.860518048343
0.856863937522
0.853208964727
0.850018937003
0.847737139645
0.846603202077
0.846658290687
0.847675659198
0.849304223379
0.850995602248
0.852392513599
0.853128001735
0.853120410013
0.852501338035
0.851595138625
0.850723533892
0.850182510713
0.850090307044
0.850341210666
0.850711497293
0.850788871114
0.850440707633
0.84952802268
0.848144121758
0.846656751565
0.845523173071
0.845225570889
0.846013088112
0.848045633065
0.851005025126
0.854461284799
0.85776524859
0.860293642067
0.861529944312
0.861245426032
0.859655993995
0.857244941047
0.854618732871
0.85240029424
0.851021250913
0.850507798905
0.85069905738
0.851233372488
0.851631668105
0.851506849315
0.850669613834
0.849091801669
0.847170183396
0.845267868896
0.843893782043
0.843184796855
0.843187828529
0.843557783057
0.843893092586
0.843678011745
0.842450197911
0.839980528963
0.83631290354
0.831869307316
0.827330679869
0.82338501292
0.820551701887
0.818982766411
0.818622853262
0.819052566642
0.819715460419
0.819991473453
0.81946867696
0.817918026841
0.815394242804
0.812329800846
0.809284572473
0.806892974095
0.805574373367
0.805470635559
0.806403813942
0.807973593942
0.809592122852
0.81073167522
0.810865525023
0.809862684174
0.807756771252
0.804924623116
0.801894975646
0.799111729807
0.796959826276
0.795606120047
0.794862612319
0.79447822835
0.794017985143
0.793088779083
0.791495244051
0.789219257003
0.786467867008
0.783626707639
0.781232221144
0.779630373644
0.779012180431
0.779400949388
0.780535052269
0.782035448446
0.783294957787
0.783976776002
0.783586321935
0.782067953719
0.779595508613
0.776438465637
0.773170812935
0.770187785598
0.767897185314
0.766342562998
0.765690093141
0.765761462882
0.766433134144
0.767523727351
0.768868903494
0.770331455432
0.771903843505
0.77362885821
0.775495605968
0.777570537168
0.779884220861
0.782235637252
0.784545082526
0.786552020636
0.788102022378
0.789137380192
0.789660056657
0.789760387368
0.789651975467
0.789582295595
0.789719626168
0.790214217876
0.790951365337
0.791832045122
0.792643070718
0.793055410441
0.79298883952
0.792316630867
0.791077064936
0.789518777667
0.787802690583
0.786302650984
0.785141212448
0.784485544981
0.784225977374
0.784231180878
0.784159613059
0.783810639128
0.782926223987
0.781406233379
0.779378881988
0.776995805787
0.774680479903
0.772749964342
0.771425510641
0.770853444885
0.770992912879
0.771655799957
0.772492651803
0.773367753039
0.773882496326
0.773945125009
0.773476907666
0.772618494839
0.771548803538
0.77064481653
0.770019948703
0.769705399815
0.769665331808
0.76952606465
0.769103348938
0.768016472203
0.766157631903
0.763477820392
0.760089524222
0.756407951972
0.752851982978
0.749813240369
0.747696995465
0.746630823105
0.74672334396
0.747722095672
0.749291733907
0.75108585493
0.752703887752
0.75380308667
0.754137203362
0.753874100986
0.753050809851
0.752050009193
0.751186217972
0.750688306043
0.750675262002
0.751086058952
0.751732806608
0.75232465941
0.752583300098
0.752373302176
0.751580185212
0.750359898121
0.749011054013
0.747932969142
0.747601367496
0.748281409975
0.750090955395
0.753046568983
0.756753816586
0.76086007422
0.764848041011
0.76814270414
0.770377548358
0.771262208866
0.770755464945
0.769210416903
0.767100056529
0.764959185202
0.763179388179
0.762095735678
0.761821302078
0.762200661361
0.762921022067
0.763654888832
0.764034253092
0.763686635945
0.762433606953
0.760274996264
0.757580300588
0.754664668415
0.752071977899
0.750055658627
0.748986959405
0.748756218905
0.749254057201
0.750308485156
0.751525054466
0.752659962105
0.753316233052
0.753476705153
0.753118503119
0.752350395463
0.751543267612
0.750879556853
0.750597817964
0.750754218034
0.7513451334
0.752209771071
0.753127883373
0.753855235003
0.754128033689
0.753721946522
0.752637444279
0.750903199374
0.748852997128
0.746894931185
0.745290043935
0.744450219021
0.744525817429
0.745502801533
0.747287904976
0.749623314101
0.752290876973
0.754855623661
0.757049569605
0.758579528499
0.759380739963
0.759422252313
0.758879138262
0.757985026899
0.756992875891
0.755978362246
0.755145940734
0.754508242062
0.753918437764
0.753266717909
0.752459675945
0.751281675699
0.749614509142
0.747449825078
0.74483089647
0.741995119426
0.739188290086
0.736702323866
0.734666127669
0.733211411851
0.73230466902
0.731823944938
0.731569066359
0.731338979996
0.730844085634
0.729916997474
0.728531655639
0.726630690667
0.724459101946
0.722292624642
0.720356730214
0.718933103275
0.7181769437
0.718204754628
0.718972038602
0.720353608284
0.722118664932
0.724084507042
0.725920429652
0.727369579886
0.728321428571
0.728809908454
0.728884404728
0.728663707553
0.728360791665
0.728082782409
0.727994279585
0.728151887933
0.728526956276
0.729077064091
0.729683098592
0.730221407418
0.730546123373
0.730592958397
0.73035472129
0.729788757608
0.729153222915
0.728444571756
0.727863003924
0.727459816201
0.727282344229
0.727393850146
0.727625100395
0.727868623828
0.728005865103
0.727929064592
0.727394460498
0.726422115896
0.724997329725
0.723225115947
0.721264163044
0.719377260799
0.717695096624
0.716453841323
0.715703908682
0.715453858311
0.715645326943
0.716115334566
0.71674173916
0.717456799529
0.718108145871
0.718598097922
0.719030234289
0.719444148275
0.719795621474
0.720207436675
0.720679767816
0.72116283094
0.721569299298
0.721710459227
0.721417940739
0.72055396048
0.718988969344
0.716668365094
0.713725088725
0.71033703247
0.706881174533
0.703682137352
0.701210571185
0.699762872629
0.699458696164
0.700370654824
0.702249991691
0.704947406842
0.708068752286
0.711292316947
0.714348250665
0.716934990829
0.71884951207
0.720074426297
0.720668072893
0.720730694714
0.720599406118
0.720483005367
0.720619475091
0.721209016393
0.722275269404
0.723767275209
0.725596195299
0.727575663884
0.7295441212
0.73121968122
0.732471683691
0.733219725951
0.733277737239
0.732778644479
0.73175283384
0.730426096242
0.728993473033
0.727606310014
0.726453249246
0.725601810575
0.725094404394
0.724885727051
0.724977643255
0.725289847593
0.725803123065
0.726425796693
0.72717589252
0.727978562594
0.728875296382
0.729810568295
0.730746740962
0.731698087244
0.732618114298
0.733447802198
0.734167237834
0.734794351944
0.735294117647
0.735690178297
0.73595850679
0.736137732749
0.736204761249
0.736133231771
0.736038485672
0.73599859723
0.736013801359
0.736235459993
0.736682851312
0.7374062916
0.738376345209
0.739509763191
0.740738187959
0.741918844567
0.742953505179
0.743679193147
0.744077804793
0.744031598448
0.743664546062
0.743043554929
0.742344058707
0.741871921182
0.741755933627
0.742259792667
0.743395573997
0.745111539521
0.747276913033
0.749656073738
0.751837410717
0.753553352285
0.754475792407
0.754360211108
0.753184490482
0.750995876721
0.748050682261
0.744806813461
0.741559112029
0.738694327479
0.736504688832
0.735086943206
0.73450574869
0.734629263975
0.735180829669
0.735976525181
0.736680432779
0.737070141921
0.736944368694
0.736246891712
0.734979564033
0.733349239894
0.731499180776
0.729690919037
0.728178270692
0.727070499658
0.726530751631
0.726521591295
0.726953230603
0.72767542535
0.72851236914
0.729266916669
0.729790617546
0.729930640826
0.72954318106
0.728630900423
0.727171266234
0.725246682545
0.723033861278
0.72071365218
0.718409345604
0.716312773846
0.714462257849
0.71286669757
0.711532769904
0.710359061722
0.709247494924
0.708091252257
0.706747091203
0.705194848194
0.703378849796
0.701380801863
0.699278614408
0.697241927998
0.695482763175
0.694174916949
0.693467995803
0.693468652807
0.694231650625
0.695615127482
0.697561455906
0.69975031211
0.702010908852
0.703982141098
0.705481248361
0.70635232482
0.706610352618
0.706196721311
0.705307813733
0.70409746756
0.70281470676
0.701702467247
0.701044994675
0.700983323367
0.701677197393
0.703059210526
0.70503761858
0.707419596598
0.709923167079
0.712252293428
0.714055776369
0.7150997151
0.715150096945
0.714102866381
0.711995128882
0.709052161559
0.705624789491
0.702072192513
0.69878480845
0.696072963485
0.694093513936
0.692858531527
0.692275358101
0.692116155737
0.692213048405
0.692332630896
0.692322662256
0.692113196538
0.691682584906
0.691029040812
0.690161337256
0.689140637644
0.688037377113
0.686865399636
0.685699370289
0.684528474399
0.683397431719
0.682416655857
0.681524152801
0.680816456705
0.680347826087
0.680062843676
0.679922283852
0.679785330948
0.679529248438
0.678973478344
0.67799980755
0.676402171104
0.674303144368
0.671764896899
0.669084550371
0.666580761549
0.664596273292
0.66331338342
0.662925622979
0.663408307235
0.66454835752
0.666160657812
0.667931928892
0.669575113809
0.670833333333
0.671581135998
0.671720189979
0.671299644665
0.670414816215
0.669110907424
0.667629874254
0.665996810207
0.664320675645
0.662752751472
0.661309865442
0.65997212367
0.658773279734
0.657744023904
0.656792487799
0.655909021054
0.65507824486
0.654243224974
0.653327989641
0.652273501099
0.651097791994
0.649766718507
0.648258706468
0.646635212317
0.644967482193
0.643318599116
0.641824695781
0.640641413829
0.639828018188
0.639499597448
0.639643266343
0.640216383308
0.641176470588
0.64234717328
0.643503703026
0.644432980305
0.644955184109
0.644904265633
0.644222296497
0.642931266024
0.641175027597
0.639127357765
0.637007825498
0.635104778903
0.633519415987
0.632387526343
0.63166539924
0.631361844101
0.631327052979
0.631460946495
0.631668334698
0.631978385598
0.632286859364
0.632640679509
0.632954717553
0.633170997308
0.633154886126
0.632790958398
0.631931137269
0.630614928294
0.628855201255
0.626837554046
0.624795024906
0.623061237101
0.621946717529
0.62161748968
0.622166170303
0.623396660213
0.625113245153
0.626871087726
0.628312942105
0.629089355469
0.62893679659
0.627803242379
0.625850549586
0.623312317392
0.620633556388
0.618060877295
0.615870485068
0.614218970923
0.613273653342
0.61299829378
0.613400616765
0.614328507239
0.61577290998
0.617558554366
0.619684869415
0.622064864202
0.624622056623
0.627225258787
0.629701149425
0.631864909085
0.633500514003
0.634489045359
0.634748741332
0.634327883453
0.633388566694
0.632152414936
0.630876969601
0.629673231729
0.628696953297
0.628096801964
0.627778487481
0.627804410355
0.628072527613
0.628515973018
0.629188572876
0.630035937204
0.631026463008
0.63218607575
0.633329126704
0.634361793397
0.635113035113
0.635486794407
0.63543569006
0.634970028497
0.634205521674
0.633334424405
0.632533855441
0.631995054659
0.631766960023
0.631954813997
0.632498619637
0.633356082025
0.634464836771
0.635712433554
0.637065263022
0.638362858888
0.639584801692
0.64063349864
0.641407827676
0.641793930021
0.641767302948
0.641206128863
0.640073905441
0.638451073431
0.636433231261
0.63427391145
0.632152134816
0.630310294313
0.628968320064
0.628215823017
0.628114652664
0.628682508295
0.629771248407
0.631203297256
0.632808583175
0.634355214928
0.635653243773
0.636611567499
0.63715839701
0.637169329932
0.636800433106
0.636072171629
0.635221421215
0.634377476826
0.63367941775
0.633265566314
0.63306160355
0.633068810334
0.63320277606
0.633386086837
0.633487282002
0.633550657146
0.633522825151
0.633546128501
0.633680259341
0.633986706457
0.634476473368
0.635119649478
0.635706321587
0.636060781181
0.6360457942
0.635587360852
0.634632788026
0.633282079955
0.631739145646
0.630218896426
0.628856973128
0.627810216426
0.62713349455
0.626798466247
0.626791893228
0.627091661655
0.627658822698
0.628503111924
0.629655485357
0.631086790885
0.632842090765
0.634760791861
0.636724001241
0.638636205819
0.640242619732
0.641433275502
0.64208498341
0.642235357335
0.641825285873
0.640977914594
0.639791286945
0.638329045169
0.636728262427
0.635062740445
0.63341519792
0.63198898431
0.630878567026
0.63013599537
0.629872233219
0.629987475398
0.630485893417
0.631182222222
0.632023071993
0.632820879514
0.633588609643
0.634237165582
0.634799026905
0.635172037138
0.635378666278
0.635310032173
0.634929370758
0.634123852027
0.632948513308
0.631425582785
0.629700517901
0.628016236939
0.626655163359
0.625653277587
0.625037102998
0.624737094572
0.62455417877
0.624325019285
0.623896734334
0.623208165973
0.62238872075
0.621589692472
0.62105845473
0.620906847398
0.621127850013
0.621611640446
0.622144634699
0.622448597431
0.622334795101
0.62177825225
0.620895980362
0.619842338012
0.618912166058
0.618391774726
0.618356563026
0.618781570488
0.619507336321
0.62041161112
0.621301319789
0.622098171319
0.622785782901
0.623402464223
0.624019794442
0.624625762686
0.625250576799
0.62576222399
0.626070083324
0.626067639511
0.625800478358
0.625393127548
0.624912198548
0.624588622473
0.624454320211
0.624511082138
0.624548019232
0.624440179143
0.623909284652
0.62295280355
0.621643415854
0.620112404657
0.618732562774
0.617833135627
0.617551164709
0.617895725693
0.618674910969
0.619669687341
0.620498287873
0.620882805412
0.620700536447
0.619952774498
0.618806637637
0.617586031398
0.61647270875
0.615611714691
0.615067243226
0.614762305259
0.614635526103
0.61447742985
0.614283383637
0.613888435818
0.613421780889
0.612988384372
0.612718639666
0.612647739734
0.6128901005
0.613390928726
0.614042952036
0.61464644411
0.614992103025
0.615003224766
0.614602996104
0.6138915624
0.612951142157
0.612026259616
0.611194241113
0.610612642605
0.610197100505
0.609804882031
0.609281008307
0.608509939215
0.607308009909
0.60582758334
0.604202419321
0.602685524267
0.601485984465
0.600767997299
0.60054679285
0.600686594658
0.601042100875
0.601488132352
0.602026830585
0.602675974404
0.603567270913
0.604786438424
0.606341968912
0.60807071166
0.609599473099
0.610695494903
0.611117974058
0.610812153324
0.610005424125
0.608865875221
0.607784049913
0.606935428767
0.606294485893
0.605727061656
0.604914852339
0.603704184517
0.60206122804
0.600113666171
0.598331503842
0.597078622025
0.596721023252
0.597407147863
0.598927684059
0.600798576451
0.60263180677
0.604083751514
0.605083131278
0.605729640706
0.606248375076
0.607014660727
0.608174527895
0.60959669791
0.611068144711
0.612207098553
0.612824956672
0.612948320301
0.612604671662
0.612159701559
0.611897637444
0.611798457952
0.611770524233
0.611542279578
0.610821352442
0.609604674518
0.607960290468
0.606451314756
0.6054863074
0.605436191887
0.606442383128
0.608344054402
0.610574502174
0.612657071053
0.614175387287
0.615124205133
0.615673349812
0.616260460012
0.617299712735
0.619047619048
0.621368025022
0.62380952381
0.625905178303
0.627265635755
0.627715251725
0.627500467377
0.62697740113
0.626650262622
0.62679266787
0.627329488585
0.628084127821
0.628534208241
0.628508878618
0.62788074924
0.626953991814
0.626056442446
0.625765356508
0.626274065685
0.627596366315
0.62945706018
0.631516936672
0.633357933579
0.634858044164
0.635996254497
0.637051597052
0.638319722236
0.63992019853
0.641824357108
0.64381433288
0.645518384863
0.646666011981
0.647259596359
0.647292993631
0.647170471005
0.647161878066
0.647454226235
0.647900090644
0.648251393817
0.648312883436
0.647914946325
0.646997606411
0.646000104641
0.645198510516
0.644951481773
0.645245832897
0.646155458881
0.64730878187
0.648368965698
0.649203930429
0.649622404028
0.649872082702
0.65004669503
0.650476927043
0.651047012934
0.651672729136
0.652158310264
0.652352578591
0.652178385885
0.651889946002
0.651540041068
0.651534559615
0.651810870345
0.652345958168
0.65279933768
0.65298020164
0.652699350889
0.651884582624
0.650704376239
0.649427450137
0.648234977095
0.647332288232
0.646701058919
0.646310154586
0.646114957688
0.646010374131
0.646080760095
0.646238633232
0.646477946017
0.646834061135
0.647129186603
0.647425812402
0.647645369317
0.648048925691
0.648572816058
0.649414796521
0.650536200181
0.651793293718
0.65293277622
0.653862433862
0.654524214104
0.654940479368
0.655274171048
0.655825974585
0.656703533855
0.657803718115
0.659093373821
0.660118950183
0.660919856789
0.661263368984
0.661466546519
0.661534965631
0.661792425887
0.662255070471
0.662838109458
0.663419975794
0.663942502753
0.664234002802
0.66468650747
0.665424871385
0.666706168158
0.668481154961
0.670735302789
0.672815933259
0.674481303481
0.675411372021
0.675683588032
0.675675675676
0.675808145641
0.676485968276
0.677790630422
0.679446526376
0.68101659751
0.681996764502
0.682142649875
0.681433984261
0.680268927214
0.679091813447
0.678349912229
0.678046495286
0.678063682294
0.67805627808
0.677794336811
0.677171036805
0.676483063685
0.675925925926
0.675878936105
0.67615658363
0.676673653064
0.677089149451
0.677248015997
0.677208425024
0.677030776993
0.677189666037
0.677941637904
0.679108669871
0.680442483376
0.681322088553
0.681547619048
0.680992248062
0.680081728686
0.679401072155
0.679447196233
0.680511763279
0.682204155375
0.683973589436
0.685221881943
0.685456187895
0.684849583182
0.683828422772
0.682972548071
0.682811933808
0.683339374169
0.684248817752
0.6850946854
0.685470929515
0.685366614665
0.685145520978
0.685279187817
0.686148152874
0.687909125915
0.69018821551
0.692388108461
0.693939594211
0.694670762655
0.694444444444
0.693989071038
0.693620178042
0.693898168103
0.694653918664
0.695722574551
0.696776814735
0.697655453619
0.698353293413
0.699103626239
0.700135135135
0.701604780769
0.703125
0.704477413346
0.705097570689
0.704900662252
0.704143573502
0.703339237683
0.702965135223
0.7033437014
0.704316360817
0.705399288716
0.706119005905
0.706204379562
0.705413179916
0.704169121016
0.702899024933
0.701931260229
0.701240727368
0.700534759358
0.699534264804
0.697981626769
0.696039403549
0.694011651538
0.692234526802
0.691085192006
0.690585730962
0.69063670412
0.691155412045
0.691990342967
0.693237337918
0.694815668203
0.696637078733
0.698460648985
0.699949282713
0.700873108265
0.701081792267
0.700813484793
0.700600161019
0.701062590975
0.702519309897
0.704755084503
0.707244621741
0.709286780914
0.710438309378
0.710543176479
0.710060390764
0.709852982754
0.710506000421
0.712243759587
0.714672780325
0.717054532824
0.718682542998
0.719181907022
0.718675792708
0.717891507461
0.717246175243
0.717163297909
0.717447282344
0.717604254128
0.716983791402
0.715410813112
0.713277239019
0.711145289363
0.70979829158
0.709472924188
0.709971572272
0.710574865324
0.710659291374
0.709651838985
0.70778993768
0.705517451608
0.703572791816
0.702498084291
0.702400617522
0.702916179337
0.703758569065
0.704454502144
0.704977699904
0.705472913849
0.706129569424
0.707247408814
0.708840522359
0.710694168981
0.712564612326
0.714226640159
0.71557844691
0.716580066131
0.717488859354
0.718351477449
0.719283554315
0.720240030972
0.721115660975
0.721947093202
0.722628405709
0.723180511424
0.723668594607
0.723999101998
0.724307738363
0.72464931363
0.725084567391
0.725682279528
0.726309470209
0.726729559748
0.726687621614
0.725950934054
0.724508104033
0.722737608004
0.721232876712
0.720315717227
0.720198549065
0.720517729953
0.720699753391
0.72026459144
0.719091481656
0.717620374055
0.716583761232
0.716638438584
0.717908634376
0.720140190725
0.722479216396
0.724201484447
0.724731546461
0.724270931326
0.723422027039
0.722930156263
0.723407932256
0.724761904762
0.726513569937
0.727997197653
0.728855984488
0.729105863624
0.729182501105
0.729635499208
0.730715287518
0.732173761035
0.733461404122
0.734281972938
0.73441066295
0.734104296604
0.734051872209
0.734663490173
0.735948982178
0.737625178827
0.739128972591
0.73991600168
0.739933054393
0.739435450394
0.738979709192
0.738874430709
0.739120950149
0.739608032906
0.739894991922
0.739886685552
0.739745872451
0.739707899621
0.740155898425
0.741046809875
0.742288557214
0.743521728614
0.744639233828
0.745530247367
0.746125491481
0.746546349467
0.746708850357
0.746583030703
0.746131447587
0.745510341349
0.745116872078
0.745337565411
0.746409746825
0.748129784273
0.749666842013
0.75033212293
0.749552051604
0.747410358566
0.744552919708
0.7420271261
0.74064166207
0.740386036202
0.740782122905
0.741062346958
0.740737915912
0.739872930304
0.738937796266
0.738704367193
0.739326169039
0.740517993986
0.741466744685
0.741666666667
0.740884360471
0.739633118493
0.738933939873
0.739435650379
0.741304773083
0.743699365544
0.745903402425
0.747107275936
0.747335361665
0.747261345853
0.748008935509
0.749990364232
0.753066308931
0.756432329029
0.759058283089
0.76043062201
0.760644484698
0.760412332135
0.760814606742
0.762108976144
0.764009974141
0.765754056047
0.766589946603
0.766165413534
0.764989994542
0.763894139887
0.763352652697
0.763600886918
0.764223029873
0.764771212794
0.765037828215
0.7652
0.765646017699
0.766737120211
0.768151467229
0.76950360852
0.770171559958
0.769919132676
0.769006056288
0.768188289731
0.768149924505
0.769175404301
0.770799857168
0.772418759564
0.773575647433
0.774052718287
0.774106732801
0.774296228151
0.774771700028
0.775171709671
0.775107819239
0.774200891587
0.772521789101
0.770629033812
0.769490870447
0.769350775194
0.770050711917
0.770790615142
0.770826256369
0.769951531464
0.768444589655
0.767062421114
0.766427416614
0.766511021152
0.766793462358
0.766589057043
0.765561322981
0.764051522248
0.763005275287
0.763292500878
0.765216719633
0.768251462118
0.771355739969
0.77346373786
0.774076913395
0.773403435303
0.772290144195
0.77154872793
0.771560957437
0.772163162085
0.772844847858
0.773226197339
0.773268766269
0.773293519339
0.773667332807
0.774589164392
0.775989378305
0.777631025293
0.779222298934
0.780550985403
0.78157158934
0.782289695907
0.782704691812
0.782898064279
0.783050535706
0.78354546497
0.784720324314
0.786675684816
0.78901734104
0.791171778054
0.792564292261
0.79305478999
0.793017428954
0.793227256854
0.794358497904
0.796488376569
0.799080552518
0.80133614255
0.802699555367
0.803152104929
0.80331062369
0.803913379414
0.805237095924
0.806836590317
0.807867346939
0.807673899983
0.80629097007
0.804544074486
0.803614506272
0.804219451372
0.806098165592
0.808283087872
0.809823279692
0.81020307571
0.809863444346
0.809932544726
0.811066770489
0.813491446345
0.81632414532
0.818574640727
0.819257517876
0.818666275545
0.817579531083
0.817187651215
0.81791232136
0.8198160697
0.821931276161
0.823676225898
0.824536446581
0.824571372587
0.82400390625
0.823121894183
0.821966669915
0.820634765625
0.819252592448
0.818504746061
0.818965179969
0.820524615836
0.822634836428
0.824601839945
0.825453458242
0.825239898231
0.824577061543
0.824366549825
0.825133657716
0.826616428033
0.828077530684
0.828805709203
0.828681523609
0.82842103086
0.828939059864
0.830675597213
0.833117938884
0.835084508672
0.835460525617
0.833906402305
0.83128372713
0.829163080895
0.828655468523
0.829833571707
0.831806590713
0.833390549385
0.833857096525
0.833419590018
0.832968273682
0.833303091474
0.834581394551
0.836217266586
0.837451981636
0.837879719883
0.837775106234
0.837801977121
0.838373882104
0.839294160451
0.839943082151
0.839802574469
0.839017684184
0.838415170162
0.838829364328
0.840518283758
0.842802981456
0.844489245552
0.844581698653
0.843086241861
0.841025161101
0.839699772149
0.839719512525
0.84075384742
0.841954424717
0.842570075515
0.842627993216
0.842872819683
0.84414172886
0.846503404541
0.849136077123
0.850839415507
0.85074053589
0.849190707491
0.847636408962
0.84761205226
0.849582742875
0.852818138272
0.855830963023
0.857211316016
0.856588823323
0.854881888438
0.853548966757
0.853496856854
0.85467500869
0.856257613474
0.85725526664
0.857186660174
0.856338948591
0.855327951379
0.854751089274
0.85486088873
0.855653936624
0.857115224666
0.85905713004
0.861173459342
0.862937370187
0.863744630606
0.863133420523
0.861222771756
0.858853648732
0.857030919102
0.855933825249
0.855124283806
0.853858676522
0.852146907913
0.85109739369
0.852279257948
0.856308626081
0.86195993353
0.866866328178
0.868582228815
0.865810083211
0.859875930521
0.854634097806
0.853645820403
0.857434976684
0.863785100068
