0.985318493962
0.983826646777
0.982607333124
0.982411082575
0.983453347633
0.985022092414
0.986592424353
0.987362796072
0.98721631715
0.98622372103
0.984702266066
0.983253250424
0.982310093652
0.98244539702
0.983508748408
0.985051820356
0.986596236382
0.987423031573
0.987121408232
0.985964016843
0.984622171803
0.983799336961
0.983928237713
0.985003408316
0.986267778323
0.986920619613
0.98663591745
0.98533604888
0.9836433796
0.982141835041
0.981070941337
0.980451634648
0.980173413597
0.979881785153
0.97963655799
0.979542081832
0.979992609407
0.981072555205
0.982637259503
0.984154748431
0.985261345219
0.985714999251
0.985664854177
0.985142689026
0.984444876531
0.983707406161
0.982976100152
0.982440531935
0.982232325107
0.982428630725
0.983020513056
0.983919460641
0.98477683196
0.985472477676
0.98591672882
0.986211995998
0.986408691512
0.986462599698
0.986294916271
0.985766330594
0.985078369906
0.984559491371
0.984688446737
0.985774843075
0.987567040468
0.989373308012
0.990516206483
0.990476943138
0.989423564766
0.988093397248
0.987170130219
0.987158417734
0.987846101257
0.988628661797
0.988853265732
0.988104473752
0.98664073109
0.985126443502
0.984202671714
0.98422119282
0.985104626539
0.986418743556
0.987629955947
0.988552023526
0.989129677374
0.989592728787
0.989887136299
0.990049409827
0.989967582324
0.989599619332
0.988981930366
0.988267117498
0.987684231779
0.987380650331
0.987306624355
0.987325604244
0.987340124321
0.987341361291
0.987411997534
0.987615496839
0.987877808308
0.988195940948
0.988357215967
0.988341721348
0.98817696415
0.9879082167
0.987684807041
0.987585468066
0.987756763527
0.988232364112
0.989109187378
0.990290960978
0.991579666915
0.99256262642
0.992936710436
0.992452009691
0.99141271662
0.990210656753
0.989517754691
0.989652279295
0.990664094106
0.992156374502
0.99362244898
0.994709488688
0.99538264749
0.995831505046
0.99640797807
0.997184346231
0.998003296146
0.998510017753
0.998604149483
0.998281732268
0.99785538235
0.997709603536
0.998114495628
0.998855386225
0.999737308728
1.00029646222
1.00029751083
0.999867167004
0.999098708148
0.998288877705
0.997573060977
0.997019374069
0.996660532952
0.996599574088
0.996983879355
0.997691096729
0.998484795095
0.999008323003
0.998897542587
0.998069567083
0.996829742777
0.995851226436
0.995769259069
0.996770001856
0.998505845878
1.00022496344
1.00109100485
1.00086972963
1.0
0.999192431934
0.999107731699
0.999921887205
1.00125539427
1.00220411698
1.00233035785
1.00166600555
1.0008765988
1.00075969612
1.00184250581
1.00368678368
1.00525155342
1.00553927668
1.00386069332
1.00076492612
0.997587842727
0.996117048957
0.997293532338
1.00103002932
1.00585350419
1.01009860996
1.01194160121
1.0106593755
1.00673228346
1.00186901332
0.997884208502
0.99603552777
0.996620595383
0.999050404528
1.00239516405
1.00542077331
1.00728830115
1.00767064404
1.00708572263
1.00595796924
1.00494889726
1.00425136651
1.00395003737
1.00402955003
1.00419932811
1.0043953762
1.00445770325
1.00443232185
1.0043173783
1.00413615405
1.00394630329
1.00377976987
1.0038757122
1.00450169224
1.00575840859
1.00755272192
1.00945433133
1.01074847267
1.01066181251
1.00893289045
1.00585487586
1.00248320652
0.999936372602
0.999234547426
1.0007359058
1.00403820268
1.0077844695
1.01065565902
1.01181064558
1.01129834697
1.00977230214
1.00832874226
1.00767055612
1.00800208184
1.00878563061
1.00936134125
1.00925500492
1.00845042418
1.00757296518
1.00720690239
1.00779893063
1.00916239316
1.01066822173
1.01165477053
1.01181827662
1.0113400976
1.01067148834
1.0103965702
1.01070286966
1.01125054089
1.01151965224
1.01104388395
1.00983775053
1.00834872553
1.00723159651
1.00701819532
1.00750204264
1.00817965497
1.00820773019
1.00723849529
1.00531393684
1.00309585835
1.0015060241
1.00108500449
1.00178299469
1.0029187911
1.003648559
1.00357234928
1.00261087004
1.00124437287
1.00014515895
0.999712726228
0.999893314367
1.00017659732
1.0002111115
0.999824549091
0.999231387346
0.998855954238
0.999073851748
0.999830376226
1.00084073177
1.00147211349
1.00146872288
1.00079962684
0.999966811589
0.999340804219
0.999215814409
0.999546176537
0.99983874609
0.999645869551
0.998840654386
0.997584074217
0.996364689229
0.995700304829
0.995677787027
0.996125272192
0.996465409209
0.996412063225
0.995836315139
0.995130082364
0.99485515795
0.995338760504
0.996575793494
0.998145142592
0.999498663102
1.00020262056
1.00017041581
0.999725566876
0.999345752557
0.999309296864
0.999618479467
0.999860310808
0.999506764374
0.998400511836
0.996671915259
0.994934980961
0.993883131836
0.993838281926
0.994760235609
0.996116293419
0.997338389179
0.997880426838
0.997518972563
0.996479384437
0.995134083045
0.993802615081
0.992683536172
0.991590949581
0.99057140824
0.98954308603
0.988843527838
0.988640323367
0.989032970065
0.98991004549
0.990948378535
0.991653377668
0.991745881398
0.991084045488
0.989992995097
0.988908694791
0.988165293579
0.987949850591
0.98820861678
0.988662498785
0.989080776334
0.989258444416
0.989166881609
0.988953114965
0.988624347102
0.988193397286
0.987529404183
0.986486486486
0.985189284203
0.983729498842
0.982532181848
0.981791530945
0.981784350211
0.982392746863
0.983480943377
0.984708762282
0.985752478933
0.98638529612
0.986553359954
0.986256880107
0.985733392778
0.985098309762
0.984527658983
0.984227129338
0.984205887537
0.984558849511
0.985172632917
0.98587680062
0.986432814312
0.98669241573
0.986560931963
0.986096518877
0.98553250828
0.985018337831
0.98471293916
0.984718826406
0.984872477342
0.984998660595
0.985012489592
0.984806355511
0.984465828106
0.984185864897
0.984071709551
0.984218444893
0.984606558944
0.985114977259
0.985612196284
0.986029714575
0.986409787476
0.986771989217
0.987306240838
0.988079305301
0.989054850479
0.990003133814
0.99066952465
0.99078676587
0.990231525531
0.989028411974
0.987441329443
0.985847856507
0.984538062616
0.983804228357
0.983791379367
0.98449663544
0.985724719474
0.987203412423
0.9886694074
0.989997650455
0.991181836611
0.9923346847
0.993543734332
0.994683972522
0.995681763222
0.996213294778
0.996133315083
0.995239390642
0.993706648621
0.991841138195
0.990053094966
0.988826815642
0.98847099475
0.988968651212
0.990053482912
0.991144149968
0.991913487148
0.992085779934
0.991680426775
0.991000094736
0.990494415861
0.990436435002
0.990897832817
0.991766120825
0.992729961185
0.993491471051
0.993814943097
0.993705621531
0.993287130559
0.992771459729
0.992274006881
0.991879898027
0.991400101549
0.990807763756
0.98992248062
0.988980268504
0.988118165497
0.987556894463
0.987410426665
0.987668198499
0.988140053969
0.98861613889
0.988852857722
0.98876366467
0.988420377435
0.988048076277
0.987722283388
0.987547733688
0.987478468266
0.987456976436
0.987377742532
0.987235582459
0.987013410774
0.986897308462
0.986856377209
0.986855409505
0.98668676212
0.986075909759
0.984892939634
0.983176814479
0.981271440492
0.979672553348
0.978882025378
0.979219048196
0.9806101736
0.982774886637
0.985199031655
0.987291403189
0.988539214472
0.988739646989
0.988082676432
0.98703196915
0.986020765574
0.985288546534
0.984957843638
0.984859734642
0.984784446323
0.984523150109
0.983965915374
0.983240947843
0.982598570366
0.982237608386
0.982326999157
0.982937926552
0.983984146579
0.985223745473
0.986507275175
0.987605401636
0.988518007278
0.989260031753
0.989866121235
0.990323079301
0.990531120844
0.990387273118
0.989842606149
0.989018635044
0.987991233601
0.987034713509
0.986394151872
0.986128964754
0.986349863499
0.986876561418
0.987572768679
0.988222148401
0.988746369797
0.989098086851
0.98933015378
0.989631229748
0.989990021205
0.990427608791
0.990926683798
0.991265540325
0.991400530674
0.991287077968
0.99094848339
0.990607308286
0.990271872181
0.99014683153
0.990144462279
0.990230820803
0.990141380841
0.989771833202
0.988991743808
0.987773387674
0.986160562247
0.984482758621
0.983094888726
0.982207268649
0.982058063353
0.982568204883
0.983552925081
0.984799809626
0.985947010383
0.986755760645
0.987007909537
0.986739399054
0.986152592995
0.985587817627
0.985321768666
0.985524065478
0.9862734816
0.987458663505
0.988747754279
0.989967616992
0.990857252079
0.9914279341
0.991818152876
0.992204155662
0.992770930862
0.993428817506
0.994061302682
0.994326874044
0.99391634981
0.992689278655
0.990887394229
0.988948415735
0.987307645705
0.986473081432
0.986631975597
0.987783439111
0.989489311164
0.991247523581
0.992521933698
0.993074710957
0.992817145035
0.992123901608
0.991312313466
0.990741843296
0.990461907618
0.990492575154
0.990572043532
0.99057320967
0.990362621611
0.990079608083
0.989964290112
0.990209746879
0.99095897244
0.99198221053
0.992971005397
0.993448686603
0.993190266454
0.99216734529
0.990728149339
0.989370852789
0.98879868148
0.989274352371
0.990834785744
0.99311824113
0.995478456174
0.997268642251
0.998068594171
0.997807209894
0.996809693848
0.995542914113
0.994420462221
0.993799406389
0.99361971127
0.993580494125
0.99334890183
0.992678571429
0.991588307748
0.990314255351
0.989266108504
0.988873091426
0.989286379728
0.99032298214
0.99156499004
0.99256193203
0.992965856391
0.992778659694
0.992226126434
0.991787274925
0.991964533112
0.993047720689
0.994904881064
0.997107930829
0.999024937951
1.00023499692
1.00041011219
0.999677985948
0.998477662627
0.997395299833
0.996988039887
0.997515636874
0.998800292612
1.00038188121
1.00168599148
1.00217884432
1.00165717557
1.00027332362
0.99850445611
0.996972847358
0.996301616896
0.996611204396
0.9978030696
0.999450415242
1.00103953282
1.00211151233
1.00241479444
1.00197845011
1.00114803625
1.00035904494
1.00002961559
1.00041088252
1.00139913137
1.0027859195
1.00416835524
1.00523136507
1.00568706697
1.00550892677
1.0048167056
1.00390049406
1.00301711633
1.0023649635
1.00206033848
1.00219662788
1.00269211211
1.0034909266
1.00450341534
1.00560843994
1.00668510134
1.00764195464
1.00841386459
1.00880748484
1.00887295269
1.00860611185
1.0081660734
1.00780649358
1.00771546307
1.00801411874
1.00873262094
1.00975735378
1.01091646901
1.01185951476
1.01240318939
1.01242679617
1.01193501413
1.0111704711
1.01037249284
1.00997578134
1.0100974829
1.01091561728
1.01234237449
1.01409464404
1.01581230046
1.01713700569
1.01782713085
1.01781876791
1.01723882147
1.01643892217
1.01571726549
1.0154138637
1.01574230344
1.01673894189
1.01815730595
1.01965580998
1.02077687444
1.0211380288
1.02063154359
1.01931961361
1.01760148223
1.01592760691
1.01493213952
1.01496024848
1.01614661007
1.01817603884
1.0205521383
1.02266572471
1.02386329866
1.02384447174
1.02260890508
1.02058717145
1.0184333183
1.01681627768
1.01621010678
1.01674011416
1.0181373848
1.01998356711
1.02152928099
1.02237436271
1.02218682114
1.02113101228
1.01967998631
1.01835798062
1.01761219306
1.01759042268
1.01815139397
1.01885875932
1.01919529629
1.01876706757
1.01738749269
1.01521949503
1.01277833265
1.01070430819
1.00945229682
1.00935241186
1.01043514249
1.0123672298
1.01462204236
1.01663825034
1.01796389723
1.01845220907
1.01818649738
1.01747765641
1.01669302904
1.01619913078
1.01608980885
1.01648601101
1.01716725979
1.01789077213
1.01848360187
1.01881559006
1.01882143983
1.01851585636
1.01795212766
1.01710893855
1.01595339851
1.01448679145
1.01275945199
1.01081413751
1.00897226754
1.00740269504
1.00640326193
1.00616896099
1.00671790492
1.00798613085
1.00965415413
1.01134365606
1.01259196378
1.01306322828
1.01266285843
1.01149716085
1.00988286969
1.0081751577
1.00669496596
1.00574514535
1.00532684847
1.00532906232
1.00546304411
1.00537901599
1.00487662432
1.00370111325
1.00197749149
0.999883923389
0.997684247091
0.995817589201
0.994605451937
0.994186543558
0.994627760342
0.99573393208
0.9971808184
0.998718984099
1.00005576623
1.0010641277
1.00160604097
1.0016446902
1.00114034838
1.00020030332
0.998852750531
0.997270350257
0.995565154788
0.993904376715
0.992574975347
0.991731928149
0.991656212621
0.992393331779
0.993881042833
0.995802667893
0.997753575795
0.99935316947
1.0002508501
1.00033270489
0.99966761765
0.998444487653
0.99706785814
0.995953805951
0.995421788894
0.995683902661
0.996578857338
0.997767409909
0.998849748382
0.999421697895
0.999214751047
0.998071472402
0.996135152544
0.993689008356
0.991235198514
0.989144793521
0.987721188748
0.98700280112
0.986905620596
0.987252710868
0.987786722541
0.988383028157
0.988899090226
0.989301218317
0.989575409236
0.989698599123
0.989525080194
0.989101050055
0.988245363766
0.986920060677
0.98526412547
0.983400576369
0.981552052659
0.980148883375
0.979439252336
0.97952999028
0.980356534575
0.981649565904
0.983011886073
0.984126540536
0.984639445903
0.984451901566
0.983660771839
0.982613336329
0.981711777615
0.981320260333
0.981626778054
0.982647833102
0.98404527615
0.98540521978
0.986314000058
0.986350595531
0.985379182048
0.98345091891
0.980891903594
0.978220481893
0.975828768284
0.974168712341
0.973298357034
0.973175347651
0.973579125868
0.974327394148
0.975210695363
0.976130757146
0.977034393072
0.978095502499
0.979392926761
0.980942267926
0.982654092287
0.984307084392
0.985628674487
0.986231325164
0.985806044618
0.984250387286
0.981676814453
0.978408284863
0.975056880425
0.97223843268
0.970349365416
0.969740909961
0.970437298684
0.972273112576
0.97494023576
0.977952973721
0.980805126062
0.983064154329
0.984468372985
0.984968578384
0.984771862038
0.984065902742
0.983272810454
0.982627640971
0.982344328654
0.982437512555
0.982884455766
0.9835920809
0.984314835787
0.984919250464
0.985274768344
0.985285494904
0.985084215525
0.98464383792
0.984196292749
0.983844911147
0.983697665802
0.983744956071
0.983937125319
0.984127439724
0.984134270549
0.983775726653
0.982933394422
0.981523853106
0.979587175607
0.977257848746
0.974843479985
0.972725737447
0.97114766919
0.970425189866
0.970522603928
0.971381488602
0.972756762701
0.974360391225
0.975791848901
0.976844948372
0.97733212135
0.977192731435
0.976583824163
0.975799034261
0.97517344189
0.974993577117
0.975390736005
0.976441940142
0.978045886076
0.979980799639
0.981928051053
0.983539443221
0.984486940825
0.984631407099
0.983967429454
0.982760553905
0.981377085963
0.980154261907
0.979389334619
0.979300867474
0.979998263236
0.981315789474
0.98297947525
0.984648993328
0.98586655674
0.986316189585
0.985811906416
0.984467243652
0.982416271341
0.980031633057
0.977787800203
0.976056695937
0.975324049125
0.975855475327
0.977732444547
0.980857093286
0.984791206235
0.98907199626
0.993164549535
0.996585925773
0.998938115745
1.00002951855
0.999852585648
0.998501630578
0.996377552511
0.993909512761
0.991510058422
0.989594053745
0.988385994876
0.987941184835
0.988220193953
0.988980400034
0.990019093907
0.991043556904
0.991833617296
0.992360558063
0.99262123314
0.992727808038
0.99282009202
0.993005362555
0.993330820309
0.993645108178
0.993803320267
0.993492657645
0.992488343982
0.990596152187
0.987826236757
0.984530323431
0.981131536064
0.978172052227
0.976152987318
0.975392850976
0.976108224229
0.97822130907
0.981587075315
0.98574558113
0.99008763977
0.993973349485
0.99677010384
0.99817310572
0.998133167393
0.997010375755
0.995264381174
0.993408118423
0.991876264816
0.990909618959
0.99074670571
0.9913326431
0.99258838648
0.9942426526
0.996149064556
0.998084058147
0.999878323295
1.0015489279
1.00302947681
1.00429041907
1.00515417307
1.00547417812
1.00510326609
1.00374453298
1.00140483022
0.99821013066
0.994457357411
0.990607668913
0.987201722385
0.984759671747
0.98365172111
0.984008789062
0.985765233967
0.988593508501
0.991944728444
0.995111537391
0.997505696865
0.998685055503
0.998543291554
0.997376831695
0.995555422085
0.993667657033
0.992265559167
0.991678014828
0.992046077894
0.993309599804
0.995061880806
0.996748924049
0.997893562976
0.998052550232
0.997197844496
0.995402721589
0.993073989321
0.990697391622
0.988778357394
0.98782113427
0.988064222963
0.98960133394
0.992197461898
0.995405446524
0.998626457481
1.00144070135
1.00354402293
1.00471244768
1.00499017559
1.00460771714
1.00374155007
1.00286253539
1.00216538522
1.00184259838
1.00195506455
1.00237427153
1.00291491516
1.00342937628
1.00367973997
1.00372973306
1.00351149782
1.00316902513
1.00281886422
1.00261621415
1.00265846706
1.00297847809
1.00354191263
1.00415477323
1.00475710415
1.0052321574
1.00540439224
1.00531382846
1.00492796384
1.00426729043
1.00331579786
1.00209036823
1.00068029415
0.999153480497
0.997486863148
0.995854279559
0.994328367939
0.993007447881
0.992113206322
0.991767413218
0.992158387609
0.993384141398
0.995484520677
0.998372130881
1.00172976501
1.00517015707
1.00827151579
1.01070910768
1.0122528728
1.01296191396
1.01288417662
1.01229895932
1.01159154259
1.01102426704
1.01086696511
1.01132410123
1.01239220479
1.01383032552
1.01537842999
1.01676163818
1.01758059156
1.01779832995
1.01721717037
1.01597681003
1.01419864483
1.01217917842
1.01013361097
1.00844500279
1.00726967706
1.00676429568
1.00679753069
1.00716475492
1.0076659822
1.00807330699
1.00822933315
1.00796894156
1.00735319265
1.00650400908
1.00554323725
1.00470514429
1.00402463778
1.00368111064
1.00357343049
1.00363420345
1.00372562674
1.0036773634
1.00332088003
1.00265948261
1.00165763028
1.00034568584
0.998926667128
0.997607074736
0.996596985902
0.996038502971
0.996072024472
0.99659308187
0.997600751069
0.998817226745
1.0002088991
1.00163825857
1.0029316302
1.00412299092
1.0051048951
1.0058395692
1.00629084682
1.00645994832
1.00631542219
1.00589589729
1.00516705652
1.00426677858
1.00322535409
1.00203852102
1.00105659846
1.00024676561
0.9998590805
1.0
1.00070069719
1.00184971905
1.00320011131
1.00465293934
1.00583698145
1.00658812047
1.00673070182
1.00621468927
1.00508788159
1.00350927451
1.00168967501
1.0
0.998851976753
0.998358842627
0.998724625359
0.999929634451
1.00167990761
1.00377094972
1.00569730863
1.00716141262
1.0078100152
1.00740556129
1.00591291883
1.00348996186
1.00043188771
0.997166732418
0.994228508319
0.99201526286
0.990783248642
0.990699456597
0.991660875608
0.993594875901
0.996112628704
0.998904206433
1.00160806175
1.00393587059
1.00549570534
1.00624794476
1.00613340148
1.00533924161
1.00417912599
1.00296280431
1.00194710943
1.00144361114
1.00144147945
1.00215099263
1.00333700167
1.0049442872
1.00665653715
1.00813274982
1.0092341517
1.00967741935
1.00949112944
1.00858322468
1.00717025777
1.00532122459
1.00319893135
1.00108308294
0.999058872739
0.997276916632
0.995930395734
0.995054052144
0.994589977221
0.994626737355
0.995035614073
0.995749126409
0.996510665851
0.997240242285
0.997681883024
0.997764609871
0.997385251405
0.996545890314
0.995279695646
0.993757714689
0.992117913191
0.990504871568
0.989070262598
0.988003123447
0.987346707308
0.987135990953
0.987395697638
0.987970399467
0.988707083421
0.989458251885
0.990152599783
0.990654532727
0.991004287019
0.991173874669
0.991206297426
0.99117939963
0.991277103286
0.991573033708
0.992133796329
0.992984558979
0.994111461619
0.99539829179
0.996771057565
0.99805959806
0.999098786828
0.999791500156
1.00003489305
0.999719554091
0.998873517091
0.997529033852
0.995866746741
0.994108308344
0.992509231581
0.99117616163
0.990310888052
0.98989828861
0.989854570637
0.990136701852
0.990606585789
0.991236916229
0.991899441341
0.992464337037
0.992972099234
0.993285051329
0.993438366258
0.993501048218
0.993505365888
0.993480735401
0.993523626769
0.993523978322
0.993476709816
0.993345329848
0.993095707775
0.992798143218
0.992389180294
0.992012944538
0.991575458343
0.991325084675
0.991128753883
0.991088631985
0.991231375235
0.99154593489
0.991986689756
0.992444007725
0.992848427332
0.993066884176
0.99310321281
0.992894167725
0.99247964675
0.991833344868
0.991103264444
0.99040254091
0.989872287833
0.989709690609
0.989962825279
0.990641038543
0.991691414462
0.993008622699
0.99443370442
0.995849511313
0.99703603907
0.99786361016
0.998158442178
0.997845122452
0.996923707957
0.995474497261
0.993686271862
0.991674189989
0.989670926306
0.98785332064
0.986319707457
0.985169491525
0.984483716068
0.9843339464
0.984682568565
0.985567628825
0.986891071848
0.988568354515
0.990392690383
0.992142045075
0.993725932811
0.994865042791
0.995493288919
0.995486426809
0.994913991383
0.993642143506
0.991851900137
0.989561792221
0.986996658174
0.984305231589
0.981787137166
0.979583626672
0.977890018732
0.976806096303
0.976370666579
0.97646942995
0.977056884566
0.977905765977
0.978942229455
0.980015673981
0.981084986208
0.982016528926
0.982834331337
0.983490960131
0.984061610581
0.984578329375
0.985131350847
0.985736084389
0.986502541086
0.987412081772
0.988388112576
0.989528280209
0.990645586298
0.991687365458
0.992632842189
0.993323043887
0.993826535776
0.993906567366
0.993661876356
0.993024988149
0.992031603471
0.99068406538
0.989182491041
0.987588001735
0.98599188128
0.984518786751
0.983263598326
0.982259136213
0.98154245236
0.981149670286
0.981116968039
0.981578683428
0.98253787371
0.984001075558
0.986009978425
0.9884719405
0.991223908918
0.994129224922
0.996910751265
0.999457240748
1.00149006062
1.00280462256
1.00330489327
1.00279602493
1.00134807226
0.999020501908
0.995931513816
0.992335729128
0.988501813702
0.984822470984
0.981537509455
0.97892279702
0.977201257862
0.976496960228
0.976635198921
0.977564209892
0.979105571848
0.981006552906
0.983041247418
0.985167079622
0.987150084317
0.988881710924
0.990341804233
0.991465345172
0.99221280408
0.992577319588
0.992588038392
0.992276684394
0.991640648605
0.990741974157
0.989703691442
0.988513714229
0.987326732673
0.986272369422
0.985523126473
0.985196545861
0.985412205567
0.986218690273
0.987519291418
0.989206945096
0.991002140755
0.992727272727
0.994077721586
0.994888475836
0.995130031473
0.994707244459
0.993755987974
0.992443740513
0.990936655461
0.989529485364
0.988348364163
0.987518935652
0.987102945542
0.987103174603
0.987429102126
0.987926963116
0.988506895862
0.989042464613
0.989468438538
0.989814814815
0.990074278578
0.9903990595
0.990839694656
0.991449669646
0.992224454092
0.993234892344
0.994301621091
0.995374805907
0.996366666667
0.997212988147
0.997774480712
0.998144775012
0.998285656661
0.998329714381
0.998375169944
0.998419076477
0.998557424347
0.998723111679
0.998884551032
0.99891200422
0.99873875668
0.998328709429
0.997612482346
0.996691313009
0.995705106527
0.994827935907
0.994196247807
0.993906954824
0.993953847704
0.994264824255
0.994738429572
0.995209219739
0.99554617909
0.995617556537
0.995391551177
0.995001832661
0.994446476672
0.994019337475
0.993748129427
0.993862984457
0.994303521764
0.995047503537
0.995971427604
0.996876697447
0.997454779923
0.997600135204
0.997147651007
0.996143104136
0.994630916697
0.992873488068
0.991015625
0.98935546875
0.988003399582
0.987124604847
0.986744186047
0.986801554335
0.987196334108
0.987777702748
0.988408922434
0.988975269754
0.98942537909
0.989742744063
0.989947938836
0.99003354721
0.99002987789
0.990004218998
0.989898661816
0.989753765085
0.989543292723
0.989301324287
0.989122978932
0.989035087719
0.989228596762
0.989934657778
0.991100484824
0.992811528303
0.994919588184
0.997228887162
0.999492282697
1.00128395729
1.00245501934
1.00280664239
1.00229015234
1.00102364285
0.999209277807
0.997063965955
0.994895930001
0.992890995261
0.991321605167
0.990346509501
0.989961206016
0.99025155089
0.991115498519
0.992368483533
0.993957193977
0.99576598676
0.997589474037
0.999265197061
1.00076733169
1.00196758487
1.00270045008
1.00296538167
1.00262965182
1.00179598896
1.00046561128
0.998767775669
0.996859967932
0.994967456217
0.993257366327
0.991943673414
0.991148041377
0.99095497815
0.991299949418
0.992167888342
0.993399668325
0.99487213201
0.996377757473
0.99782304968
0.999091056647
1.00006506604
1.00065344529
1.00072232984
1.00026378264
0.999206585342
0.997651028916
0.995702195186
0.993628049787
0.991656498368
0.990042533549
0.988977625239
0.988562739654
0.988742094633
0.989494614747
0.990594780766
0.991872604731
0.993251028807
0.994522075707
0.995648190563
0.996630573457
0.997540338449
0.998286034477
0.998971432363
0.999498931053
0.999764919233
0.999730603448
0.999293167284
0.998456945423
0.997264204451
0.995855437666
0.994429244817
0.99311023622
0.992119032047
0.991612545282
0.991525423729
0.991826500374
0.992451111183
0.993137318676
0.993719492353
0.99419552599
0.994434623191
0.994600645289
0.994697773065
0.994931305856
0.995277173003
0.995807198202
0.996485943775
0.997171192758
0.997886603045
0.998526233052
0.999121865548
0.999773279352
1.00055021523
1.00152513223
1.00283748084
1.00436480588
1.00610843294
1.00783194504
1.00926018454
1.01028792839
1.01071452488
1.01060794253
1.00999966331
1.00908446186
1.00812430182
1.00735169563
1.00686669147
1.00680455434
1.00713042314
1.00767747939
1.00825463911
1.00871080139
1.00886233834
1.00868135482
1.00805972121
1.00714451866
1.00595059004
1.0045008733
1.00303152789
1.00151714372
1.00010110201
0.998855218855
0.997813141338
0.997242028791
0.99700719618
0.997277951406
0.997953981351
0.998930517028
1.00009975726
1.00119024003
1.00213836892
1.00278853094
1.00318366811
1.00336145531
1.00348513011
1.00358290919
1.00388474141
1.0043541858
1.00498702008
1.00560722101
1.00614502253
1.00646786492
1.00655058887
1.00629846602
1.00598579642
1.00560943466
1.00540120852
1.00545766937
1.00584206285
1.00661875313
1.00765492911
1.00886042344
1.01005208506
1.01108079329
1.01188523218
1.01235401337
1.01256341289
1.01245069456
1.01220100641
1.01177404875
1.01128014074
1.01073382186
1.01014984741
1.00957264957
1.00914176559
1.00875102152
1.00839479319
1.0081025189
1.0077027027
1.00720078065
1.00660519698
1.00582270856
1.0049564635
1.00416890802
1.00348573556
1.00303650631
1.00282000138
1.00287217108
1.00305555556
1.00330010074
1.00339805825
1.00335384828
1.00320689655
1.00302915562
1.00306125959
1.00336955027
1.00408724025
1.00517265004
1.00651343609
1.00786573996
1.00900080906
1.00980523842
1.01016676174
1.01023155627
1.01005961252
1.00987089282
1.00981675393
1.00998716926
1.01030461271
1.01059307269
1.01058053738
1.01021258858
1.00929490514
1.00797282307
1.0064495995
1.00499410418
1.0038449548
1.00331342974
1.00336157514
1.00398202981
1.00496487436
1.00597917366
1.00684150513
1.00736629667
1.00758807588
1.0074565604
1.00715272979
1.00679631953
1.0066255346
1.00664370079
1.00682281775
1.00710067492
1.0073090168
1.00738188976
1.0073175022
1.0071446169
1.00692637649
1.00676409771
1.00672778611
1.00682132964
1.00698266373
1.00718735026
1.00747823118
1.00768810223
1.00791746641
1.00805563206
1.00819615438
1.00833275467
1.0083942877
1.00838427948
1.00837890899
1.00841756771
1.00857061907
1.00894033838
1.00958923715
1.01053990105
1.01166911265
1.01278581096
1.01361001131
1.01398969181
1.01378590078
1.01299151221
1.01171834491
1.01012649478
1.00843911043
1.0069542954
1.00584310065
1.00514360674
1.00486106323
1.00479343403
1.00487669906
1.00497512438
1.00508575637
1.00523652832
1.00541812219
1.00562119585
1.0058764512
1.00600514727
1.00597928604
1.00570396089
1.00515427522
1.00451021846
1.00383816332
1.00323806842
1.00291739895
1.00280377107
1.00293142558
1.00309167332
1.00304624758
1.00280092673
1.00221737172
1.00146193742
1.00056038106
0.999718031862
0.999114229025
0.998790939156
0.998645614285
0.998536184798
0.998497477909
0.998385939742
0.998237536868
0.998198133266
0.998414700054
0.998994505692
1.0
1.00123832437
1.00245484833
1.00348140927
1.0040550376
1.00415339886
1.00374207408
1.00309038508
1.0024
1.00194877506
1.00184341414
1.00212078017
1.00254098646
1.00286532951
1.00295524909
1.00262644188
1.00182645131
1.00068522793
0.999420961204
0.998155582077
0.997010517217
0.995989544169
0.995051795949
0.994082211198
0.993004522329
0.991748651222
0.990358223661
0.989021010909
0.987851282946
0.9870869203
0.986740789337
0.986854783207
0.987411432895
0.988274649102
0.98925588327
0.990237099024
0.991057965424
0.991615585148
0.991727648743
0.991523920985
0.990958601787
0.990164872501
0.989211737629
0.988215305643
0.987230646449
0.986388384755
0.985702392587
0.985134794659
0.984738008435
0.984344492172
0.984039548023
0.983744986278
0.98367676484
0.983816729718
0.98421401879
0.984766806942
0.98546109111
0.986034001172
0.986398071625
0.986473429952
0.986155927969
0.985660826076
0.985008289534
0.984433861682
0.984067445433
0.983985956364
0.984142928894
0.98444683908
0.984847394184
0.985200693041
0.985482586344
0.985748476936
0.986016012752
0.986363144414
0.986850120033
0.987311178248
0.987793692232
0.988246026455
0.988595816134
0.988887335756
0.989066266112
0.989285215692
0.989376893873
0.98937094029
0.989151155939
0.988632031331
0.987765033021
0.986644290609
0.985343339323
0.984092038918
0.983062354833
0.98245676975
0.982172381569
0.982227019248
0.982346795403
0.982373762913
0.982274259615
0.982067510549
0.98178373652
0.98163235615
0.981692535909
0.982053122757
0.982496086523
0.982948527854
0.983074059768
0.982874553478
0.982260942584
0.981503496503
0.980800111708
0.980506144046
0.980810604483
0.981713019084
0.983049084859
0.984471833438
0.98575888316
0.986656284288
0.987041730625
0.986993388905
0.986583474592
0.986017775851
0.985387731481
0.98481884058
0.984193313953
0.983445761167
0.982487569465
0.981348059832
0.980091157703
0.979013374896
0.978129496403
0.977647646933
0.977522903203
0.97773608948
0.978155597186
0.978670810085
0.979138034324
0.979465758714
0.979541963413
0.979409007257
0.979101792264
0.978593906698
0.978013594118
0.97744544377
0.977027216611
0.976832751507
0.976988706765
0.977387291445
0.978005551997
0.978643619871
0.979078446853
0.979210279362
0.978950424621
0.978325015482
0.977463350594
0.976624795194
0.97608245926
0.975877906766
0.976124355322
0.976777677768
0.977672311509
0.978691347396
0.979744212632
0.98054737141
0.981154008736
0.981399251774
0.981329532021
0.980932570636
0.980245373258
0.97932063426
0.978289565097
0.977346952957
0.976737726547
0.976473854055
0.976623015735
0.977092050209
0.977709912946
0.978364788782
0.978777376827
0.978939410303
0.978827361564
0.978612926652
0.978344737225
0.978179164386
0.978210715201
0.978340013974
0.978631532329
0.97893258427
0.979223558934
0.979463629684
0.979736390522
0.979970972424
0.980178358667
0.980351937817
0.980399195864
0.980275639878
0.98000427716
0.979664139446
0.979377089565
0.979316137612
0.979478588629
0.979883351378
0.980545429052
0.981256385865
0.982017062551
0.982705351753
0.983350528301
0.983965222349
0.984772662282
0.985727638769
0.986770089528
0.987890096221
0.988820838253
0.989498682697
0.989770106391
0.989731378823
0.989550018594
0.989394559595
0.989330746848
0.989477625913
0.989816624079
0.990217105016
0.990611739081
0.990994020927
0.991312096235
0.991696804192
0.992137267149
0.992705813357
0.99337384683
0.994005409752
0.994496282257
0.99480981417
0.994905885328
0.994779289983
0.994604704698
0.994343972909
0.993999855418
0.993579046652
0.993125022735
0.992604735883
0.992159008023
0.991886558
0.991961827858
0.992388693885
0.993146603099
0.994068623771
0.994976203067
0.995601061813
0.995970807359
0.996076339949
0.996101662526
0.996389891697
0.996910600502
0.997866480469
0.999067381674
1.00031031808
1.00139001506
1.0021886039
1.00263721144
1.0028594304
1.00301032656
1.00323883554
1.00361491629
1.00416966756
1.00478504955
1.00535199671
1.00573343261
1.00590529248
1.00583404556
1.00566150179
1.00533880903
1.00519567899
1.00515791441
1.00541954775
1.00595371827
1.00677353804
1.00777634474
1.00869398698
1.00939130435
1.00968796203
1.00961012579
1.00916425159
1.00868096473
1.00833004343
1.0083518931
1.00874448456
1.00929480703
1.00986401461
1.01015558354
1.01013540907
1.00986655884
1.00957111703
1.00945836702
1.00968316992
1.01018958308
1.01063182242
1.01095702098
1.01088746937
1.01052967454
1.01014785745
1.01010779011
1.01059931439
1.01160686182
1.01287688442
1.01392528848
1.01437083771
1.01396973225
1.01290447588
1.01152681829
1.01032212831
1.00962177807
1.0095738837
1.00994340512
1.01038593178
1.01052382642
1.01029213839
1.0097265407
1.00920825124
1.00896224502
1.00914397681
1.00967490674
1.01036184211
1.01097767323
1.01133297356
1.01142881065
1.01154041258
1.011727579
1.01213967056
1.01268326239
1.01323933975
1.01353034663
1.01349666882
1.01322990735
1.01288481494
1.01264945417
1.01267410676
1.01295069271
1.01327471402
1.01342082981
1.01333950513
1.01321530458
1.01312203916
1.01345517039
1.01435626988
1.01568234902
1.01718412751
1.01842822907
1.01920224164
1.01923156117
1.01862688535
1.01752360533
1.01619483249
1.01489528042
1.01373016526
1.01280204174
1.0121991564
1.01199700075
1.01205274651
1.01243076403
1.01282323468
1.01310917216
1.01301472157
1.01243674415
1.01159370133
1.01054796919
1.00979392865
1.00949437951
1.00965007215
1.01009186767
1.01047714078
1.01055649088
1.01015739385
1.00949483776
1.00896049027
1.00877070212
1.00920216741
1.01021169449
1.01125058113
1.01206272618
1.01238461895
1.01207112679
1.01123804217
1.01028730306
1.00940525588
1.00874542125
1.00841482829
1.00828504165
1.00835629432
1.00861757805
1.00914167342
1.01004619456
1.01109724574
1.01212818697
1.01290180537
1.0130497825
1.01248845697
1.01145929746
1.01028833841
1.00940729618
1.00922085944
1.00978792822
1.01108314567
1.01254933262
1.01392173486
1.01481947189
1.01520826752
1.01502874474
1.01452169178
1.01380347137
1.0132091914
1.0127338396
1.01240288309
1.01242911153
1.01266063779
1.01315348926
1.01374207188
1.01441075487
1.01473889702
1.01475595914
1.01426505063
1.01336817771
1.01205001513
1.01068871635
1.00947294165
1.00857632933
1.00795097741
1.00748358194
1.00710561292
1.00675295442
1.0064266041
1.00608889791
1.00595989696
1.00599768157
1.00610094287
1.00620804522
1.00615043356
1.00581920337
1.00517438679
1.00453693658
1.00396786519
1.00371184371
1.00371129993
1.00400468842
1.00433511934
1.00454875393
1.00441162367
1.00413635715
1.00387890255
1.00378232708
1.00383977246
1.00404184498
1.0040928993
1.00375154336
1.00312292988
1.00226554019
1.00160589458
1.00137532012
1.00171731145
1.00263776318
1.00385004091
1.0050149484
1.00594490092
1.00660354455
1.00704500978
1.00740850496
1.00767811737
1.0078890508
1.00778485492
1.0073200488
1.00660387018
1.00594223118
1.00579876711
1.00628299894
1.00745434215
1.00910551687
1.010547842
1.01147558731
1.0115168386
1.01086656738
1.0098115732
1.00876650745
1.00795486601
1.00756677396
1.00734338813
1.00702111998
1.00643141719
1.0056717273
1.00477835348
1.004032955
1.00361611755
1.00359486448
1.00380465645
1.00408209548
1.00425870195
1.00409696142
1.00346866826
1.00254568083
1.00145805294
1.0003889105
0.999668855897
0.999339607066
0.999284928493
0.999395637602
0.999343688471
0.998806747302
0.997851541519
0.996696328662
0.99564802038
0.995224704197
0.995592842351
0.996659951225
0.99783835082
0.998745229257
0.998755573991
0.998039721434
0.996701880959
0.995251367813
0.99426237982
0.99395879589
0.994392715675
0.995338592357
0.996472933599
0.997491938373
0.998252646726
0.998606451613
0.998603351955
0.99829369183
0.997779728404
0.997262538092
0.997044641468
0.99712823726
0.997525925146
0.998251099687
0.998829226757
0.99914625687
0.998982651531
0.998545180236
0.997933659598
0.997418008021
0.997118475008
0.996823450736
0.996643919902
0.996404898326
0.995982572285
0.995651676393
0.995477998725
0.995480955455
0.995558976788
0.995475651863
0.995158687466
0.994470821564
0.993814808077
0.993557096398
0.993849403579
0.994664155681
0.995701371768
0.996507271226
0.99662032904
0.995960502693
0.99470523665
0.993235332379
0.99182044235
0.990866679808
0.990313014827
0.989953734303
0.989715347356
0.989406356186
0.989110829047
0.988713770536
0.988217281321
0.987670688055
0.986976928671
0.986246115189
0.985809018568
0.985699082081
0.985824570744
0.986135067003
0.986282397942
0.986233119182
0.985897101071
0.985596976017
0.985358235179
0.985346560332
0.98532062838
0.985076530612
0.984333543904
0.983251787731
0.982072584171
0.981250778622
0.981079404467
0.981519127703
0.982119973149
0.982350096712
0.981819272771
0.980700286807
0.979196471149
0.977949479941
0.977357375111
0.977530067468
0.978001513123
0.978543751084
0.978792070078
0.978659764165
0.978479196557
0.978459604617
0.978653343931
0.978909377996
0.979073159785
0.978909090909
0.978384718499
0.977818647941
0.977186944938
0.976808393153
0.97669048928
0.976786302272
0.97692561257
0.977202643172
0.977678571429
0.978332600088
0.979087972847
0.979670808807
0.979920552865
0.97987565445
0.97955940377
0.97924351704
0.978979310345
0.978886438809
0.978986742945
0.978906893711
0.978621675093
0.978195033313
0.977710344828
0.977570299983
0.977766716443
0.97832594235
0.978952057464
0.97949464956
0.979713738307
0.979478772118
0.979133680163
0.978870056497
0.978854525923
0.979216354344
0.979633867277
0.979817783416
0.979361122384
0.978221731808
0.976771196283
0.975344536838
0.974516336431
0.974702205449
0.975582157108
0.976833513384
0.977702784139
0.977718736791
0.976985040276
0.975980003658
0.975491101669
0.975782855008
0.976891679749
0.978350059963
0.979228674561
0.979133532667
0.978128407415
0.976902614676
0.976030995535
0.976132069217
0.976928719077
0.977916081108
0.978487394958
0.978390461997
0.978025739321
0.977917762702
0.978200111794
0.979100696643
0.979817293393
0.980082809823
0.979584475545
0.978546409807
0.977523949889
0.977004673244
0.977194812938
0.977952755906
0.978704054566
0.979375096198
0.97964456275
0.979741002622
0.979631114675
0.979285886999
0.978697553864
0.977781408267
0.976911618669
0.976560530959
0.977187606401
0.978875053671
0.981000086363
0.982703172534
0.983314305787
0.982623418286
0.980898062647
0.978899082569
0.977506248264
0.97726849264
0.977938415321
0.979200303922
0.980431848853
0.981407182699
0.981762376238
0.981766467066
0.981471805796
0.980936929629
0.980235854871
0.979435841285
0.978566899176
0.97762937518
0.976591106768
0.97543369804
0.974278888304
0.973491691759
0.97360917033
0.975029685392
0.977659673443
0.980816245365
0.983729765444
0.985876349174
0.987111763267
0.987526972921
0.98726967328
0.986466279748
0.985055535151
0.982970719805
0.980276616275
0.977442129022
0.975395783665
0.975052963225
0.976567940682
0.979039743713
0.981209387029
0.982190723458
