1.12418532162
1.11269276394
1.10181667473
1.09329406124
1.08835286944
1.08765020027
1.0902403783
1.09396060135
1.09573989591
1.09332651496
1.08624960305
1.07626161185
1.06662965019
1.05945029665
1.0547079857
1.05035674273
1.04448606884
1.03686930268
1.02937801239
1.02453502176
1.02340484815
1.02464846981
1.02536986301
1.02245231608
1.01463045943
1.00377438733
0.993013555787
0.985054000102
0.980404040404
0.978003807997
0.976486998107
0.974903665646
0.973044114063
0.97119440184
0.969109601962
0.966079582518
0.961623820973
0.955890461312
0.950127527783
0.945837828119
0.943510572414
0.941794100989
0.93859535805
0.93245898838
0.923569852317
0.914562289562
0.9088639201
0.90860170884
0.912919980523
0.918916747027
0.922794850333
0.922319734345
0.917393856388
0.909979901051
0.902797389612
0.897543303521
0.894410170125
0.892410929448
0.890304343038
0.887405687754
0.88367763417
0.879599490518
0.875683826624
0.872586603471
0.870838097218
0.870957764872
0.872744571681
0.875352301704
0.877219180355
0.876931185559
0.873925595433
0.868834776924
0.863618651773
0.860295534854
0.859891590326
0.861552911709
0.863265369457
0.86329246827
0.860858057368
0.856867189414
0.853235267301
0.851618921521
0.852323190177
0.854183927092
0.855493712637
0.855022730606
0.852655525418
0.849389573569
0.846546288335
0.844835427207
0.844234030526
0.844233424441
0.844400089958
0.844813580212
0.845768094946
0.847523326965
0.849807162534
0.851943414366
0.853173514729
0.853068374665
0.85181753774
0.850075773977
0.848542646071
0.847386983007
0.846445042787
0.845394912271
0.844208504508
0.843242235363
0.843018627607
0.843797047093
0.845396382402
0.847330052373
0.848974534718
0.849960390811
0.850304934393
0.850193578972
0.849855605146
0.849375016378
0.848689040378
0.847888360358
0.847312961012
0.847206475598
0.847803746937
0.84881761205
0.849640117061
0.849768487895
0.849096225412
0.848111395647
0.847683887331
0.848449291981
0.850203831499
0.852100077435
0.853017032938
0.852214212152
0.849845582006
0.846902046984
0.844898296221
0.844616358781
0.845871711433
0.847663395975
0.848823562287
0.84870442947
0.847329111408
0.84539464301
0.843699931334
0.842702438744
0.842307692308
0.842357199148
0.842897986854
0.844117647059
0.846372051359
0.849553544675
0.853003129514
0.855913457168
0.857571214393
0.85794681509
0.857637588918
0.857680959257
0.858835765388
0.860927361924
0.863148507914
0.864437807111
0.864075153871
0.862475954485
0.860693263571
0.860073284041
0.861103836585
0.86328407225
0.865368723763
0.866188968505
0.865216807625
0.863054751162
0.861098960261
0.86046433604
0.861550818246
0.863678929766
0.865644664614
0.866416686196
0.865689090788
0.864139282985
0.862817551963
0.862611431568
0.863746085595
0.865734265734
0.867575020276
0.868424453923
0.867782131158
0.865840053549
0.863249485841
0.860862182813
0.859465882794
0.85942015475
0.860729468301
0.862816764133
0.864627507594
0.865211962661
0.864007306367
0.861015163047
0.857084631285
0.853762943252
0.852563367359
0.854235267401
0.858179363874
0.862852992933
0.866180725573
0.866607479747
0.863715493658
0.858495225552
0.853043478261
0.849431130477
0.848712818461
0.850626593033
0.853856957363
0.856749602965
0.857870834874
0.85683491062
0.854127432517
0.850875821082
0.848104234528
0.846533747942
0.846315292389
0.847362189186
0.849086409352
0.850958630303
0.852558542931
0.85348004633
0.853641123275
0.853132898763
0.852226503961
0.851398178741
0.851229883201
0.852021563342
0.853654579379
0.855763477126
0.857761574518
0.859195402299
0.859939926577
0.860329261816
0.860994859984
0.862588727694
0.865556539373
0.869888368327
0.874945087128
0.87966633142
0.883000565358
0.884364092008
0.883891213389
0.882504648234
0.881376896853
0.881694935862
0.884281079758
0.889097166738
0.895248346917
0.901370368094
0.906310456011
0.909540940258
0.911215962007
0.91180108857
0.912095052446
0.912391646358
0.91263684033
0.912396090253
0.911242245423
0.909008764796
0.906107511399
0.903217142175
0.901116805403
0.900082164446
0.899825682743
0.899700426316
0.899152687926
0.897956857493
0.896287683276
0.894797622736
0.893898390202
0.893763796909
0.893931946037
0.893804350771
0.89296973943
0.891334102681
0.889218357643
0.887293286969
0.88595890411
0.885344985478
0.885129675485
0.884897150455
0.884296439689
0.883433165195
0.882721740734
0.882648894977
0.883525266866
0.885149502533
0.887037864256
0.888548812665
0.8892724376
0.88909975409
0.888306733301
0.88731900666
0.886568940336
0.88623275019
0.886299608873
0.886723709633
0.887572479929
0.888851379863
0.890680800408
0.892917249052
0.89527638191
0.897210325269
0.898388697531
0.898605308068
0.898115551874
0.897362181387
0.896825396825
0.896699591885
0.896831267197
0.896628479848
0.895631429849
0.893571172034
0.890707765973
0.887509304749
0.884799291617
0.882960060815
0.881919247627
0.881235360458
0.880231046931
0.87830550509
0.87520096463
0.871150452553
0.866910523354
0.863106661104
0.860308710033
0.858548754078
0.857513732135
0.856551461176
0.854996345128
0.852391298517
0.848751757621
0.844478882118
0.840121057163
0.836347079485
0.83360653605
0.83227436071
0.832365577399
0.83355006502
0.835260190694
0.836825958089
0.83778635913
0.837899543379
0.83724185285
0.836129100754
0.835241493157
0.835214687909
0.836417191056
0.838780954434
0.841960666975
0.845261015457
0.847981327628
0.849486440346
0.849754178958
0.849304656269
0.848831300813
0.849026618991
0.850303168974
0.852675609404
0.855761412475
0.858785849469
0.861159571993
0.862445667922
0.862657843789
0.862156619198
0.861368372308
0.860651934343
0.860363362406
0.860591743251
0.861219602589
0.86198840286
0.862635986756
0.863056797483
0.863160497898
0.862926214231
0.862445713037
0.86186031367
0.861472326706
0.86169421268
0.862772454459
0.864865572397
0.867830815078
0.871202407432
0.874152065163
0.875961488148
0.876121427081
0.874863558397
0.872849022814
0.870947598481
0.869979577944
0.870277975766
0.871824203889
0.873966886886
0.876056338028
0.877470355731
0.878188345165
0.878458444312
0.878853597606
0.879783393502
0.88154718464
0.883927560838
0.886395950634
0.888464280622
0.889597209914
0.889624913971
0.888447476754
0.886147623862
0.882866981105
0.878847432155
0.874402671426
0.869993415214
0.865972044296
0.862800645911
0.86065273194
0.859529424978
0.859168294725
0.858990335355
0.858530695134
0.857531414894
0.855997624703
0.854294684305
0.85286969527
0.852114735359
0.852191614234
0.852947357361
0.854024699094
0.855092436101
0.855984826834
0.856632972072
0.857176526043
0.857793695521
0.858620324816
0.859730546863
0.861078639745
0.862702789099
0.864537032078
0.866645070727
0.869170348552
0.87208885704
0.875309362921
0.878540244039
0.881468364393
0.883763577373
0.885283532179
0.885940661784
0.885954347327
0.885568555127
0.885141768205
0.884997838305
0.885351231965
0.886152442848
0.887226566927
0.888315424317
0.889148027425
0.889526421854
0.889439403218
0.88895332781
0.888317514155
0.8878145229
0.887578890829
0.887758915225
0.888135683335
0.888517900204
0.888706994429
0.888664020816
0.888511127965
0.88854440768
0.888998776774
0.890019569472
0.891381934603
0.892719293608
0.893563763215
0.893525835052
0.892659167967
0.891366634231
0.89026048181
0.889827023767
0.890421201296
0.891833650509
0.893538913363
0.894677043686
0.894646924829
0.893163244967
0.890460067716
0.887169714725
0.883976328667
0.881557983385
0.880239691014
0.88003052227
0.880649321521
0.881547899953
0.882331922379
0.882803554877
0.882767404677
0.88232278259
0.881590970169
0.880693969204
0.879971326926
0.879766014071
0.880384403886
0.88201513965
0.884688732726
0.888189306889
0.892067345754
0.895764780809
0.89883838653
0.901145863939
0.902878564734
0.904504504505
0.906468389404
0.908901898561
0.911759010816
0.914605862464
0.916927061341
0.918355808102
0.918791071833
0.91853868845
0.917886479266
0.91723685711
0.916704792405
0.916165779381
0.915363096597
0.914039464731
0.912263462294
0.910257835074
0.908344808593
0.906930259303
0.906060606061
0.905543140568
0.904917230694
0.903808699416
0.902076115274
0.900039973351
0.898299698077
0.897475174308
0.897945694419
0.899670878013
0.90207738873
0.904424162942
0.905990239717
0.906426942171
0.905956028598
0.905108898065
0.904480939692
0.904479415561
0.905093684941
0.905982187868
0.906648644082
0.906592941575
0.905748681948
0.904339500436
0.902798108321
0.901600090146
0.901105096978
0.901292630037
0.90199652291
0.902760002226
0.903338659027
0.903649953625
0.903783139708
0.903949924455
0.904144309327
0.904278853936
0.90404421677
0.903345425232
0.902230532924
0.901157235375
0.900742777088
0.901523164798
0.90375
0.907222863896
0.911163650198
0.914641179863
0.916648217844
0.916861240827
0.915653919055
0.913933394849
0.912685476619
0.912726037864
0.914288158307
0.916910457179
0.919696490673
0.921478126254
0.921685374053
0.920215922901
0.917601840422
0.914575949544
0.911925890895
0.91013044685
0.909236770035
0.909060901139
0.909324092013
0.909885057471
0.910828367424
0.912418125919
0.914848095849
0.917987002524
0.921532600178
0.924908922843
0.927424201038
0.928839567064
0.929378142947
0.929547147943
0.930089749646
0.93141654979
0.933622547352
0.93633655994
0.938828483258
0.940380109347
0.940426638918
0.939054260439
0.936721217341
0.934052723474
0.931610508281
0.929659689591
0.928160349276
0.926802499015
0.925282072712
0.923490043791
0.921678702821
0.920239093392
0.919618308265
0.920072293707
0.921629669735
0.923936690961
0.926519578395
0.929015643407
0.931288478452
0.933462175594
0.935753801674
0.938371734067
0.941186483956
0.943837619334
0.945731953996
0.946600110282
0.946408342289
0.945514680283
0.944635976475
0.944391345903
0.945059723994
0.946696086401
0.948673285723
0.950254659104
0.950719806902
0.94974116844
0.947608200456
0.945013642185
0.942688894418
0.941148918584
0.940392610336
0.940068304506
0.939610067742
0.938508923906
0.936775929281
0.934822580203
0.933417742424
0.933203937335
0.934571051967
0.937320560562
0.94063282757
0.943480661378
0.944846504027
0.944405553611
0.942524057331
0.940152371021
0.938332996039
0.937935621945
0.93915865106
0.941667875272
0.94446053165
0.946404927753
0.946770011113
0.945554867406
0.943419331496
0.941449275362
0.940496822646
0.941090608648
0.943049178514
0.945794860385
0.948323085523
0.949849942501
0.950194049159
0.949622024145
0.948913382257
0.948725260937
0.949472595062
0.951076094198
0.952994317354
0.954374068337
0.954479051014
0.953045352597
0.95023779144
0.946599699804
0.942853857652
0.939495461444
0.936824699946
0.93480910405
0.933134546682
0.931593184417
0.930191392853
0.929227385208
0.929179014378
0.930494815304
0.93338315067
0.937620363393
0.942486346489
0.947059490728
0.950457512614
0.952270581166
0.952643519715
0.952170777441
0.95157687063
0.951560629507
0.95226772347
0.953726598375
0.955371317693
0.956631086416
0.956989559165
0.95641180358
0.955121812224
0.953467954346
0.95188644637
0.950519586584
0.949402670415
0.948293257104
0.946989565314
0.945534797213
0.944109513274
0.943096396197
0.942914204876
0.943771843982
0.945670916132
0.948218676731
0.950870305689
0.953022472563
0.954307486475
0.954802916316
0.954831232797
0.954812223539
0.95507987405
0.955587019967
0.955931223812
0.955523507355
0.953888091822
0.950819205825
0.946807313643
0.942814229689
0.939932737898
0.93903643547
0.940534013885
0.944070786703
0.948692320506
0.953064651553
0.955740986102
0.956021209629
0.954014473759
0.950648384049
0.947298736436
0.945257060101
0.94536920969
0.947755508673
0.951639897818
0.95572420664
0.958736167734
0.95977840614
0.958759353401
0.956248585012
0.953216374269
0.950601025526
0.949101293465
0.948879551821
0.949616095948
0.950732431448
0.951575001399
0.951923076923
0.951987913041
0.952306050222
0.953383118353
0.955600605317
0.958877642241
0.96254180602
0.965677532524
0.967244306539
0.96670852437
0.964048013486
0.959971098266
0.955407969639
0.951454087474
0.948880969351
0.948109458385
0.948937251249
0.950731461241
0.952681475715
0.954157811939
0.954818863468
0.9548298573
0.954470335482
0.954092536568
0.953880228776
0.953908042721
0.953963536606
0.953753736491
0.953108337897
0.952073360632
0.950969936298
0.950180089324
0.950115273775
0.950994522917
0.95269238526
0.954792355223
0.956565252202
0.957510217984
0.957336635335
0.956189093346
0.954585856341
0.953239405369
0.952734451025
0.953419448638
0.95514066064
0.957493265277
0.95971145073
0.961112541849
0.961373021335
0.96059169898
0.959161942038
0.957727377655
0.956829952837
0.956810342329
0.957589803013
0.958883951757
0.959998854656
0.960522586862
0.960260075108
0.959289579575
0.958045042313
0.956998707762
0.956446328772
0.956462848297
0.956879306513
0.957269251165
0.957136457808
0.956219324078
0.954559496728
0.952580627005
0.950773836421
0.949757302223
0.949844423511
0.951076826016
0.953030738294
0.954838524802
0.955748434832
0.955134343491
0.952925783642
0.949617100986
0.945991030409
0.943144633508
0.941883329692
0.942781086199
0.945868316394
0.950594642659
0.955974316025
0.960823298796
0.964303754841
0.966075949367
0.966268665142
0.965450728995
0.964226621784
0.963234872383
0.962887309762
0.96321118334
0.963934801914
0.964627939378
0.964893497126
0.964582984191
0.963724673883
0.962714866997
0.96189341241
0.961669079167
0.962297974847
0.963717861976
0.965784102506
0.967974265543
0.969812937313
0.970926901925
0.971115709605
0.970308171745
0.968764487714
0.966683140972
0.964371998254
0.96211504939
0.960175712387
0.958659442103
0.957730875209
0.957381482212
0.9576297292
0.958501006036
0.960020157904
0.962073040347
0.9645962557
0.967327156094
0.970020922301
0.972448304622
0.974356758003
0.975599203946
0.975978056879
0.975480699725
0.974135434166
0.971902455998
0.969021676133
0.965719401606
0.96239242685
0.959538557709
0.957477305303
0.956628181945
0.9570008285
0.95861100402
0.961035377228
0.963888888889
0.966516167027
0.968240027199
0.968699977132
0.967735442128
0.965546073117
0.962616014296
0.959528261182
0.956819877202
0.954709418838
0.953347435824
0.952516917454
0.951885528604
0.951041400278
0.949759683347
0.948066174199
0.946274652013
0.944902205576
0.944393700352
0.945142413401
0.947215631542
0.950293222059
0.95384264278
0.957048489918
0.959167054444
0.959739577251
0.958751458576
0.956732584139
0.954448419109
0.952685275406
0.952121592335
0.952976986317
0.955075679982
0.957808312903
0.960379623807
0.962056514014
0.962333486449
0.961276412247
0.959450508309
0.957728980064
0.956947389827
0.957701539722
0.960181957819
0.964081316323
0.968678678679
0.972977863562
0.975986484856
0.977090974686
0.97632923877
0.974196805036
0.971729047886
0.969846135707
0.96941968239
0.970903158831
0.974249439881
0.978861152097
0.983801983802
0.988101775581
0.991116829014
0.992658126747
0.993039943334
0.992925985419
0.993053186541
0.994048917277
0.996212476915
0.999528835281
1.00349111496
1.00741089653
1.01057009726
1.01265822785
1.01370965246
1.01416972803
1.01465495919
1.01580240769
1.01794356106
1.02103621666
1.02469215396
1.02817956737
1.03072030425
1.03181325717
1.0313174946
1.02965467907
1.02749451401
1.02570512821
1.02494656586
1.02556510665
1.02748582712
1.03024984843
1.03307000991
1.03512257651
1.03591488269
1.03529752146
1.03371365951
1.03192281542
1.03067244695
1.03060989643
1.03216170467
1.03518580516
1.03917011889
1.04322883272
1.04645057053
1.04809203706
1.04804695272
1.04669670163
1.04486739266
1.04344417587
1.04319165683
1.04459146543
1.04755689424
1.05167214448
1.05595507157
1.05945032587
1.06132678812
1.06140623382
1.05998418755
1.05784558547
1.05592284624
1.0549865596
1.05576562766
1.05834700574
1.06238198235
1.06722515255
1.07176686141
1.07520592511
1.07697899
1.07725069252
1.07660548867
1.07576232793
1.07545183366
1.07629398853
1.0783711377
1.0816003454
1.08536145013
1.0888039244
1.09120252484
1.0921693385
1.09172180769
1.09042348916
1.08884175389
1.0877498433
1.08756487586
1.08859322335
1.09068662732
1.09354014599
1.09655987007
1.09910077289
1.10096010717
1.10206656031
1.10288855277
1.10405132906
1.10600255428
1.10921737864
1.11365542388
1.11896482302
1.12460440127
1.12955016277
1.13315257763
1.1347900536
1.13460248864
1.13300786345
1.13072992428
1.12862108922
1.12728841537
1.12713429573
1.12807695221
1.12985483013
1.13169006048
1.13306007818
1.13348433371
1.1330160039
1.13204317082
1.13122708248
1.13105107328
1.13205233034
1.13425335633
1.13741124654
1.14082284571
1.14364726961
1.14506124372
1.14443657539
1.14194990004
1.13817503207
1.13431055709
1.13154285714
1.13080328427
1.13277444205
1.13748152639
1.14447841039
1.15260330099
1.16045710708
1.16649521247
1.16939759997
1.16868
1.16468142937
1.1586346981
1.15194388301
1.14610287157
1.14223934581
1.14111826606
1.14265508977
1.14644993703
1.15155578341
1.15689913909
1.16150442478
1.16475791802
1.16654166502
1.16724587315
1.16724697317
1.16699753831
1.16678634115
1.16659985569
1.166277666
1.165329894
1.16338028169
1.16013935608
1.15582144135
1.15098356132
1.146485598
1.14319669576
1.14183872224
1.14278449321
1.14596065134
1.15099749134
1.15683673059
1.16248279213
1.16663283946
1.16848156094
1.16782514364
1.16497714172
1.16089468926
1.15658709451
1.1530268407
1.15090979481
1.15051923301
1.15155912924
1.15356265356
1.15560979513
1.15667794426
1.15609362389
1.15355217636
1.1492912757
1.14399209486
1.13848259679
1.13347285199
1.12948337635
1.12651366624
1.12447062447
1.12252628324
1.12004815908
1.11642687254
1.1112716763
1.10483399009
1.09773734546
1.09084931931
1.08502211113
1.08098079718
1.0791388836
1.07956662232
1.08201952665
1.08593037397
1.09032478893
1.09420758377
1.09676316389
1.09752492135
1.09643653403
1.09393014581
1.0906219448
1.08731113283
1.0843962825
1.08220521136
1.0808195358
1.08004543733
1.07934284741
1.07813089756
1.07595601756
1.07263859414
1.06815498155
1.06313131313
1.05806169965
1.05366667876
1.0503469069
1.04844770348
1.04801585845
1.04876426909
1.05032473557
1.05213094044
1.05352644836
1.05409480381
1.05365267717
1.05236450011
1.05047914218
1.04842418026
1.04656741692
1.04514920096
1.0441202633
1.04340645532
1.04265574602
1.04147499087
1.03971277843
1.0371968838
1.03408182545
1.03082290318
1.02801379359
1.02617045974
1.02566430392
1.02671077834
1.02922486034
1.03288663782
1.03707258122
1.04109736804
1.04401670601
1.04524853801
1.04435985653
1.04149649942
1.03715763957
1.03216908472
1.0273510944
1.02334589246
1.02063230289
1.01924833158
1.01917440588
1.01997578692
1.02102803738
1.0217123387
1.02157513029
1.020360505
1.01818644746
1.01560806417
1.01314469914
1.01128980722
1.01064729939
1.01138040042
1.01338391822
1.01646859682
1.02012779553
1.02364683576
1.02644568546
1.02783911957
1.02769821992
1.02608349613
1.02346674345
1.02055406613
1.01796109612
1.01620190611
1.01548532414
1.01591437223
1.01731815933
1.01927933696
1.02129261211
1.02282329999
1.02357171394
1.02338627422
1.02239865972
1.02113443242
1.0199833773
1.019512721
1.019951373
1.02141686266
1.02381715262
1.02677839187
1.0297748989
1.0321803538
1.03344771537
1.03326689618
1.03171147636
1.02906639606
1.02593930636
1.02309020285
1.02104660319
1.02032085561
1.02105862265
1.02323347328
1.02647541569
1.03015958401
1.03359676663
1.03602295011
1.03681944242
1.03574303066
1.03291639236
1.02898920653
1.02466896427
1.02080178816
1.01809192849
1.01692921805
1.01751456587
1.01963081292
1.02278787017
1.02617129002
1.02901298608
1.03051819975
1.03013669142
1.02781556526
1.02383497221
1.01885857835
1.01372315036
1.0092270195
1.00605326877
1.0046849702
1.00519668238
1.00741583885
1.01081343361
1.01457614116
1.0179241643
1.01993308681
1.02016427539
1.01849507736
1.01520341116
1.01088086492
1.00624549604
1.00197191718
0.998683544304
0.996637525219
0.99596448749
0.996488621784
0.997790167947
0.999382948819
1.00058730049
1.00097255992
1.0002435545
0.998438313378
0.995862639636
0.992997916453
0.990366739902
0.988416859161
0.987467171969
0.987572493786
0.988718561285
0.990693795864
0.993107158468
0.995453774385
0.997366801176
0.998384713201
0.998452225356
0.997704064149
0.996429057271
0.995016331616
0.99396726994
0.99355563634
0.99408108908
0.995661605206
0.998217880598
1.00156348758
1.00537688611
1.00913257511
1.01245807379
1.01495050866
1.01641709026
1.01694452036
1.01672818394
1.01601984047
1.01520231022
1.01443686344
1.01390121266
1.01356066092
1.01327199312
1.01284746555
1.01198572487
1.0105145338
1.00824054211
1.00517235512
1.00159068603
0.997820254863
0.994230003979
0.991210809393
0.989142801417
0.988066748593
0.988139865564
0.989136427019
0.990957464173
0.993220562101
0.995556439846
0.99766643331
0.999098467395
0.999633614229
0.999172349864
0.997800538376
0.995673248967
0.993125484121
0.99040190036
0.987858790364
0.985629510826
0.983928111312
0.982896015549
0.982500162941
0.982805489143
0.983706185736
0.984978963976
0.986384514436
0.987676919557
0.988710307132
0.989345509893
0.989610557223
0.989536381198
0.989315482895
0.988981958763
0.988764770453
0.988799326665
0.989254293413
0.990200227902
0.991609533137
0.993387455807
0.995176374077
0.996712472878
0.99772906793
0.998058124609
0.997698806667
0.996720881427
0.995263450168
0.99366039208
0.992043212472
0.990791125994
0.990048154093
0.989990696481
0.990549358706
0.991637878152
0.992887994025
0.993989285248
0.994618716367
0.994511453643
0.993604670231
0.99188158195
0.989562800918
0.986858513189
0.984081270967
0.981448347302
0.979003280737
0.976887278633
0.975013324137
0.973263888889
0.971578612349
0.969759163647
0.96770866903
0.965486097671
0.963071286238
0.960604803981
0.958220173056
0.956036745407
0.954213361402
0.952842377261
0.951982081492
0.951798715861
0.952266345768
0.953489816195
0.95546875
0.95818147543
0.961481481481
0.965112611192
0.968758857431
0.97199899548
0.974517712535
0.976169709052
0.976919014631
0.976889192207
0.976273184046
0.975450031037
0.974710286762
0.974374922254
0.974604755384
0.975520119596
0.977021886887
0.978826395178
0.980685553295
0.982138933358
0.982940954299
0.982879303821
0.981961526332
0.980297116958
0.978279947345
0.976259463501
0.974624001981
0.973730351595
0.973557618654
0.974065341866
0.975031479377
0.976017554161
0.976748535095
0.976856073708
0.976148997498
0.974592978886
0.97231844907
0.96970559403
0.967107738618
0.964896489649
0.963332923531
0.962566355482
0.962552053254
0.963228808662
0.964406831444
0.96590244653
0.967602792863
0.969386159667
0.971071911455
0.972698612863
0.974064036304
0.975079350115
0.975715850415
0.975827051274
0.975612026436
0.974969833854
0.974114230995
0.973173216436
0.97234311819
0.971880112356
0.972031857751
0.97294375637
0.974542979987
0.976762944808
0.979148485226
0.981281745783
0.98273957906
0.983056225409
0.982076913282
0.979817915579
0.976442612555
0.972498426683
0.968411214953
0.964738156151
0.961763987295
0.959657590383
0.958454545455
0.958002856535
0.958091159376
0.958395061728
0.958725313065
0.958882611425
0.95870373873
0.95812046673
0.957159919537
0.95582630428
0.954317082248
0.952605321508
0.950999908125
0.94958188366
0.948521792137
0.948076102201
0.948430630191
0.949801162435
0.952267083602
0.955829465466
0.960181358337
0.964899780043
0.96941286404
0.973149946739
0.975681975682
0.976758893281
0.976541724706
0.975268477574
0.973587512955
0.972126195148
0.971344848859
0.971632072876
0.97300170068
0.975257419746
0.977980649662
0.980698277176
0.98278776702
0.983783448575
0.983378635923
0.981477411861
0.978187075685
0.973913588763
0.968997567214
0.963879681546
0.95890115975
0.954348091977
0.95041397784
0.947251813409
0.94497970066
0.943734866828
0.943647912886
0.944862837613
0.947355674628
0.950925644917
0.955303515351
0.959826908912
0.963840514708
0.966642765845
0.967755089238
0.966909914444
0.964231880417
0.960334550448
0.955906436363
0.951783315012
0.948563148998
0.946666267835
0.946167122962
0.946828441431
0.948375160395
0.950331821867
0.952380952381
0.954156386122
0.955580726137
0.956604468451
0.957420028243
0.95793604562
0.958300189684
0.958337148613
0.958070704303
0.957419668347
0.956441457804
0.955226129139
0.954058101228
0.953132899158
0.952721259191
0.95306212366
0.954107200422
0.955669074041
0.957468174971
0.959005396381
0.959846863413
0.959610112702
0.958108274
0.955545977896
0.952249262537
0.948784510139
0.945542606327
0.942913680928
0.941050566307
0.939911373708
0.939308314937
0.938930849032
0.938568658558
0.938074674657
0.937516516428
0.93709289361
0.93717185346
0.937872515341
0.939276143358
0.941040667732
0.942806076854
0.944112973346
0.944474572186
0.943596088846
0.941472226404
0.938399401645
0.934807743619
0.931263207326
0.928243164631
0.926038324807
0.924857324033
0.924596878876
0.925120842861
0.926188745092
0.927673874927
0.929353087869
0.931171468087
0.933008849558
0.934760749985
0.936215029519
0.937133327377
0.937253377974
0.936338568517
0.934292565947
0.931146757475
0.927177844986
0.922864771294
0.918867979239
0.915688918213
0.913747935532
0.913312693498
0.914350005697
0.916640362708
0.919834159636
0.923428705441
0.926949829806
0.930027416855
0.932410204265
0.934055736822
0.935028417589
0.935402910156
0.935345213576
0.934944071588
0.934268943119
0.933436394447
0.932534043813
0.931664411367
0.930990191499
0.93069278243
0.930926171402
0.931803146662
0.933362168397
0.935392117026
0.93772153382
0.94
0.941883707748
0.943081628981
0.943398492628
0.942798070296
0.941397624873
0.939447034716
0.937117335621
0.934660766962
0.932345664467
0.930222980526
0.928422536038
0.926972702537
0.925878482634
0.925130283729
0.924757211608
0.924800138034
0.925210229236
0.926005268795
0.927066308662
0.928209509221
0.929346049856
0.930264534449
0.930750329618
0.930724785199
0.930129180465
0.929025360812
0.927540944835
0.92588883325
0.924270019388
0.922869534638
0.92186541215
0.92141110723
0.921552723059
0.922238560678
0.9234638156
0.925035198115
0.926839115264
0.928644062872
0.930339057684
0.931826954482
0.933069330693
0.933961979025
0.934572919194
0.934706132104
0.934292885005
0.933216909551
0.931462493254
0.929132682023
0.926285680234
0.923252979817
0.920309397505
0.917970364248
0.916580995741
0.916469384773
0.91776354106
0.92034213895
0.923898141936
0.927980278218
0.931999171083
0.93537780966
0.937701655459
0.938602082006
0.938109161793
0.936349225704
0.933702835216
0.930486322188
0.927111138073
0.923847574079
0.92088024874
0.918360596584
0.916230679542
0.914409469843
0.912919448284
0.911768995187
0.911022845877
0.910773680405
0.911108535667
0.912049175552
0.913566835971
0.915608442116
0.917975619207
0.920412013055
0.922603685253
0.924229683464
0.925050316922
0.924875995791
0.923600240819
0.92131444076
0.918162348044
0.91432013251
0.910213748239
0.906117955127
0.902459161408
0.899479866752
0.897510301201
0.896741173409
0.897297922814
0.899099622422
0.902045587376
0.905798593745
0.909873912271
0.913806436262
0.917049865632
0.919196763075
0.920025283689
0.919505112227
0.91766244033
0.914750694635
0.911012542062
0.906750152718
0.902163344677
0.897426625686
0.892621654683
0.887877803055
0.883347496117
0.879333449863
0.876063289302
0.873866040634
0.87297265987
0.873454734953
0.875246091488
0.878101089729
0.88169292483
0.885657498612
0.889759834979
0.893770277108
0.897587824832
0.901047199879
0.904133443314
0.90659761591
0.908143881365
0.908582431689
0.907662321842
0.905411964567
0.901940045933
0.897592536864
0.892781220995
0.887907184293
0.883332349294
0.879319433056
0.875905191217
0.873161125912
0.871042426347
0.869618231964
0.868917576961
0.869148153597
0.870380797155
0.872549019608
0.87532529688
0.87823531176
0.880633813404
0.882077890736
0.882263830819
0.881137186863
0.878913767297
0.876066155116
0.873117951844
0.870414093716
0.868099907049
0.866108538178
0.864260055356
0.862408438324
0.860554271166
0.858759380863
0.85723527509
0.856279302922
0.85608409366
0.856666174516
0.857805072485
0.859279843907
0.860776399359
0.862158608737
0.863322581618
0.864425855513
0.865510691747
0.866609267858
0.867525440403
0.867784042162
0.866973595951
0.864741041901
0.861002810772
0.856109470131
0.850566763883
0.84521098058
0.84080269553
0.837795415507
0.836160018812
0.835548027219
0.835389629285
0.835123257371
0.834546038982
0.83363732643
0.832715738298
0.832208955224
0.832448005762
0.833468920425
0.834930906232
0.836304552495
0.836952869666
0.836459806876
0.83473658144
0.832032586051
0.828872844962
0.825884688149
0.823487741777
0.821748023323
0.820501180316
0.819282902053
0.817896248429
0.816098812578
0.814046265146
0.812102856464
0.810673293101
0.81005685333
0.810264842328
0.811186759009
0.812413508818
0.813665885702
0.814707203834
0.815567194454
0.81640947288
0.817435171799
0.818768527668
0.820238279437
0.821428571429
0.821976997202
0.821503229228
0.819813329992
0.817142857143
0.813763022468
0.810223083172
0.80703277621
0.804461377742
0.802442813195
0.800974399322
0.799843203474
0.799060212657
0.798614249134
0.798596470092
0.799157894737
0.80020399592
0.801610103549
0.803062475701
0.804358251903
0.805285998433
0.805941135376
0.806439753684
0.807058169692
0.807963474858
0.809023447244
0.81001062965
0.810372923848
0.809823083933
0.808218314741
0.805745856354
0.802802234214
0.799893108652
0.797446223971
0.795421500387
0.793533558075
0.791346124609
0.78845164998
0.784762019666
0.78055538823
0.776491460188
0.773386903334
0.771858576206
0.772014869888
0.773359840954
0.775147050086
0.776500447895
0.776837604264
0.776088080538
0.774625399165
0.773164619621
0.772386550963
0.772673329169
0.77366242238
0.774680750434
0.774875424509
0.773599974443
0.770704315739
0.766490129995
0.761773915266
0.757450986602
0.754034153219
0.751628310899
0.749907658212
0.748398761914
0.746635674089
0.744433924808
0.742035694707
0.740006667273
0.738814957548
0.738839018552
0.739937988194
0.741700718824
0.7435198226
0.744942327435
0.745690967781
0.745904154139
0.745973961868
0.746336627529
0.747269842258
0.74863080149
0.750102533363
0.751098796102
0.751189098856
0.750040425601
0.747772269207
0.74476405947
0.741427515506
0.738236608568
0.735328657124
0.7327621637
0.730409006338
0.72814770547
0.725783721149
0.723331467314
0.720818439541
0.718457266652
0.716407975553
0.714801552674
0.713723841835
0.713165955913
0.713104402213
0.713314072469
0.713653736194
0.713903180191
0.71394585479
0.71376340837
0.713412594642
0.71312455909
0.713033784411
0.713254818656
0.71365666478
0.713906531425
0.713615469964
0.71244198614
0.710236873147
0.707151763164
0.70341669602
0.699558456518
0.695876617169
0.692611928492
0.689728712561
0.687027883988
0.684376156979
0.681728940426
0.679290229973
0.677237898322
0.675860400411
0.675229082169
0.675299874679
0.675657231025
0.676025917927
0.676188502753
0.676091476091
0.675877297684
0.675839328537
0.676122006979
0.676791747104
0.677490618569
0.677901140684
0.67771204365
0.676787372331
0.675419675513
0.673873987455
0.672537776792
0.671532846715
0.670506108202
0.669098984772
0.66682548758
0.663481141692
0.659263046882
0.654674647121
0.650378461244
0.646877776368
0.644358563484
0.642535202512
0.640899291654
0.639001101726
0.636699094264
0.634139662255
0.631673137588
0.629906767643
0.629096028275
0.62912096079
0.629641674551
0.630183889725
0.630370458042
0.630205854355
0.629983239555
0.630192197792
0.631162874902
0.632943169101
0.635133084464
0.637188139372
0.638507057881
0.638876768684
0.638371616725
0.637325622041
0.636218460556
0.63529562406
0.634524763584
0.633652548364
0.632314495046
0.630371283915
0.627844799478
0.625069383224
0.62231480276
0.619749256818
0.617300550647
0.614776730458
0.611952065594
0.608795351029
0.605518667001
0.602458121471
0.6
0.598465316145
0.597764005347
0.597530120482
0.597440354874
0.59725674583
0.596956691377
0.596647002167
0.596557337514
0.596811620408
0.597356854717
0.597964223333
0.598319530919
0.598428793277
0.59825300649
0.598085827041
0.598070235895
0.598117602619
0.597943022999
0.597098884429
0.595301502758
0.592475689463
0.589009859653
0.585427379451
0.582375105567
0.580115704628
0.578299196267
0.576332429991
0.573567206374
0.569657558382
0.564754412893
0.559462650372
0.554634130842
0.550918038993
0.548491951867
0.547038974708
0.545901286895
0.544535093348
0.542790116686
0.540834625087
0.539167297502
0.538116591928
0.537857292196
0.538005278923
0.538138971739
0.537855075887
0.53712541127
0.536337339337
0.536084021005
0.536835439221
0.538573287733
0.540823765263
0.542789973438
0.543916320566
0.543921227558
0.543112645121
0.542092765553
0.541495297306
0.54158117466
0.542134107028
0.542541795163
0.542376211685
0.541360841103
0.539738631818
0.537984651989
0.536528071412
0.535455764075
0.534497174008
0.533130617837
0.530918698371
0.527867095391
0.524348583294
0.520971670726
0.518273305085
0.516375188315
0.514885483819
0.513296505653
0.511261621034
0.508824466391
0.506482364156
0.504808300645
0.504334170854
0.50493477381
0.506054989188
0.506934834087
0.507070396557
0.50636579426
0.505166759483
0.504045633506
0.503532255066
0.503725690258
0.504245530614
0.504577225212
0.504354046153
0.503623074751
0.502770653241
0.502266198532
0.502374839538
0.502963344714
0.503605030877
0.503755731148
0.503262402046
0.502368098566
0.501555860408
0.501214902808
0.501324368378
0.501449670839
0.500941619586
0.499432736274
0.497013843339
0.494233766234
0.491922063514
0.490463498217
0.489721302428
0.489058366828
0.487602739726
0.48494274483
0.48129565158
0.477584504885
0.474858632716
0.47383095942
0.474269356235
0.47524098772
0.475516901871
0.474403846783
0.47180156658
0.468609719602
0.466058665632
0.465079721536
0.46572073935
0.467183054063
0.468386364353
0.468516238993
0.467569448839
0.466140634408
0.465281955482
0.465628848401
0.467021544664
0.46867025801
0.469616929744
0.469439133206
0.468404474158
0.467458878384
0.467606000456
0.469287790223
0.471927062836
0.474348386244
0.47545254158
0.474651414647
0.472419349309
0.469942516795
0.468550719587
0.468828715365
0.470327817013
0.471874336659
0.472305603202
0.471005061461
0.468301238718
0.46516250138
0.462762618617
0.461657801418
0.461532779317
0.461581127052
0.460922438084
0.459135866736
0.456386582778
0.453356128745
0.450747483718
0.448872208117
0.447527361909
0.446352400744
0.444969296174
0.443294492292
0.441555171918
0.439965755868
0.438639898204
0.437464946719
0.436200229909
0.434740383615
0.433335637268
0.432320869595
0.431964188081
0.432154842209
0.432462423081
0.432275309054
0.431304695039
0.429690612137
0.428064943671
0.42720661157
0.427591664468
0.429018136335
0.430589397432
0.431491694462
0.431078525694
0.429494868719
0.427492901286
0.426045392252
0.42581572613
0.426609499565
0.427734375
0.428353089019
0.427968717843
0.426560121766
0.424755677668
0.42319628971
0.422261051896
0.421721426566
0.421229603936
0.420396762873
0.419132579054
0.417735904392
0.416549685999
0.415741600149
0.415066194294
0.414152784031
0.41261254445
0.410590211499
0.40850163493
0.406876569442
0.405953991881
0.40542315269
0.404703974047
0.403235795015
0.40079287963
0.397845685517
0.395082479869
0.393268068177
0.392466444255
0.392160641332
0.391605979302
0.390147030743
0.387803298671
0.384989180365
0.382503964359
0.380989846765
0.380469504494
0.38053293038
0.380577331673
0.380240612468
0.379570516541
0.378697798436
0.37797863599
0.377375853892
0.376715454003
0.375906808036
0.374917537586
0.374152718218
0.373989055993
0.374636615479
0.375649692564
0.376461049929
0.376430976431
0.375336292709
0.37366404517
0.372299020266
0.372007489635
0.372923670983
0.374494061443
0.37575014091
0.375947095574
0.374995830415
0.373444399839
0.372272057839
0.372071259066
0.372772178092
0.373743110072
0.374131857071
0.373606324752
0.372349477554
0.370961117196
0.370170678938
0.370107741558
0.370357574711
0.370322715259
0.369625495771
0.368316550844
0.366868137763
0.365815041382
0.365282446059
0.364877623647
0.364129003949
0.362742709487
0.360961050589
0.359419143406
0.358639398998
0.358652122507
0.358857799923
0.358522376543
0.35720512122
0.355151277014
0.353095521205
0.351854954524
0.351614842122
0.351853193287
0.35169426339
0.350528549855
0.3484722451
0.346364428222
0.345152562128
0.345198751301
0.345942239767
0.346254463915
0.345282861897
0.342907831024
0.339971526673
0.337748732772
0.337056685743
0.337647596873
0.338313462494
0.337861952167
0.335754397556
0.332587608866
0.329748425083
0.328512921325
0.329067545037
0.330396671514
0.331059022194
0.330119467607
0.32777089412
0.325294211196
0.324150437594
0.324937568285
0.326926942404
0.328604347492
0.328713591304
0.326976975066
0.324329771457
0.322347612757
0.322109313707
0.323401974195
0.32504858641
0.325749726377
0.324981818182
0.323284198327
0.321937967761
0.321954350927
0.323326736872
0.32507456402
0.326015237296
0.325532731141
0.324002365793
0.322541551247
0.322172567893
0.323064857123
0.32446649956
0.325339900813
0.325056395408
0.323854660348
0.322591996783
0.322134347783
0.322665515065
0.32364647836
0.324270785105
0.324105666865
0.323364053777
0.322710948568
0.322618227167
0.322965505967
0.323101018011
0.322451709736
0.320985598119
0.319383389399
0.318576366245
0.318982565704
0.320094186424
0.320822496749
0.320260265484
0.318402618658
0.316293940189
0.31535639413
0.316269724591
0.318433585595
0.320352941176
0.320633460376
0.318844894314
0.315926849543
0.313614413694
0.313281224015
0.314863652971
0.317047457514
0.31821219716
0.317504542701
0.315282245776
0.312876805438
0.311633840188
0.311924045464
0.313019305546
0.313733625952
0.313337018865
0.311929800125
0.310312565702
0.30929733155
0.309103765247
0.309233393752
0.309102293463
0.30846877365
0.3076881233
0.307339382676
0.307638253486
0.308168070937
0.308273407962
0.307572016461
0.306425171867
0.305671948804
0.306053166596
0.307410410874
0.308730344076
0.308856132075
0.307312033063
0.304858072028
0.303048706425
0.303143090094
0.305095462944
0.307541228143
0.308765607978
0.307861168793
0.305427251732
0.303213870843
0.302826030594
0.304450625869
0.306825564042
0.308172713109
0.307410254092
0.304907891119
0.302349676226
0.301456694746
0.302622827971
0.304695035461
0.305997892115
0.305448889321
0.303327426659
0.301107524212
0.300279958006
0.301254281684
0.303086639841
0.304388050444
0.30426749252
0.302909110248
0.301320734457
0.300411099692
0.300305610129
0.300359096183
0.299955139348
0.299078288575
0.298469417113
0.298846042331
0.300075899113
0.301196440149
0.301045400239
0.299350491684
0.297054655247
0.295998504114
0.297366105104
0.300634356762
0.30377152403
0.304757237143
0.302740454969
0.298880345339
0.295797919358
0.295519737741
0.297897051749
0.300911431156
0.302161281179
0.300535068691
0.296913353421
0.293774578912
0.29323880597
0.295202646816
0.297819623389
0.299020293912
0.297778130455
0.295023353197
0.292874513619
0.292753858652
0.294151712887
0.295375484296
