1.33422408857
1.33495115033
1.34174830445
1.35050902505
1.35781683626
1.36291543072
1.36661512845
1.36884522619
1.36742713037
1.35980076179
1.3460038419
1.33140566848
1.32385377596
1.32720789907
1.33938638335
1.35407887628
1.363381194
1.36251475164
1.3532737938
1.3425019425
1.33638723469
1.3361547763
1.33887243336
1.33983983984
1.33673823573
1.33164384229
1.32876646935
1.33047069313
1.33536301943
1.33975457282
1.3404206254
1.3375182615
1.33529279785
1.3381589369
1.34683533336
1.35731466369
1.36338739356
1.36005452145
1.3475658588
1.33222797927
1.32181662801
1.32023260477
1.32556567384
1.33260740447
1.33611789739
1.33438756784
1.32994258853
1.32688654153
1.32730825598
1.33024956168
1.33274014755
1.33251258682
1.32994739706
1.32759113653
1.32738242247
1.32915645782
1.33070619006
1.32977614016
1.32647637456
1.32364070223
1.32474728818
1.33055988332
1.33833103176
1.3430470515
1.3411062553
1.33276157804
1.32312316153
1.31818181818
1.32036956115
1.32721570089
1.33312653163
1.33335398532
1.32761488235
1.32076391216
1.31893727647
1.32461511027
1.33463276336
1.34234632264
1.34219649783
1.33343069105
1.32145748988
1.31390826947
1.31483790524
1.32221313556
1.32974022684
1.33134898349
1.32581005587
1.31797656315
1.31529799506
1.32208572209
1.33613811508
1.35019317625
1.35609597221
1.35035472472
1.33657701973
1.3227764232
1.31603089658
1.31817822825
1.32562610276
1.33232525114
1.33403103006
1.33141195409
1.32857106016
1.32933977787
1.33438851143
1.34059186254
1.34331131296
1.34010021842
1.33281457292
1.32587316875
1.32317920975
1.32543059777
1.32993413524
1.33282353241
1.33189128664
1.32853777767
1.32628155022
1.32793573245
1.33334174914
1.33930789707
1.3418892475
1.33909621731
1.3326417004
1.32644972356
1.32359186975
1.32421924631
1.32563669837
1.32433264887
1.31881975625
1.31116966844
1.30547395847
1.30493710128
1.30978022262
1.31718452428
1.32276982958
1.32381656024
1.3210338916
1.3178762555
1.31761314042
1.32094846901
1.32567111831
1.32787064053
1.32507824941
1.3181768108
1.31132700375
1.3088076294
1.31247554636
1.32036697248
1.3279314175
1.33059342422
1.32683249081
1.31895458737
1.31124713527
1.30752984659
1.30930654222
1.31496512747
1.32094880794
1.32378701094
1.32234787618
1.31762737643
1.31200932287
1.30781880236
1.30672440302
1.30931386492
1.31469926836
1.32104863222
1.32651832129
1.32965842467
1.32974415017
1.32715008432
1.32348721961
1.32068335942
1.32018712234
1.321529149
1.32289577538
1.32236095346
1.31906931337
1.31438530197
1.31106925999
1.3114516129
1.31556694427
1.32075471698
1.32331807198
1.32078466227
1.31361882472
1.3058199064
1.30228071813
1.30560522908
1.3141290698
1.32293001403
1.32629115117
1.32118265281
1.30947972045
1.29700609379
1.28990596703
1.29075142849
1.29780251142
1.30632270542
1.31139742319
1.31094513394
1.30667480103
1.30234721234
1.30068737822
1.30142845614
1.30208081622
1.29972649756
1.29380823966
1.28704929316
1.28366064415
1.2861217716
1.29315011988
1.30020842447
1.30212404855
1.29639981538
1.28520490029
1.27477602524
1.27105658488
1.27623040831
1.28740118083
1.29854051334
1.30342734286
1.2995264504
1.28941788257
1.27905223749
1.27325595969
1.27322747601
1.27629449838
1.27818668025
1.27618243243
1.27110131707
1.26661376203
1.26618023554
1.27039806748
1.27634338987
1.27951479661
1.27674829322
1.26882404389
1.26034684541
1.25683366733
1.26098434848
1.27080606457
1.28062705632
1.28423172676
1.27886348277
1.26743202076
1.25677543078
1.25321391236
1.25866333115
1.26997933173
1.28068903518
1.28474635671
1.28014049466
1.27047335029
1.26188529377
1.25927875757
1.26351827906
1.2709835678
1.27600924773
1.27443153257
1.26665101124
1.25708301821
1.25132129964
1.25250402947
1.26005176877
1.2699620864
1.27705405097
1.27838869258
1.27471209882
1.26940438181
1.26570127356
1.26495332175
1.26595571916
1.26618860193
1.26392938344
1.25963344
1.25575561188
1.25471869094
1.25725916574
1.26187046659
1.26576102309
1.26665814696
1.26470886333
1.26260093285
1.2634667993
1.26851576443
1.27615665433
1.28218624492
1.2822219442
1.27452891488
1.26175914877
1.24960462588
1.24338441827
1.24502346258
1.25230019396
1.2601784998
1.26338216384
1.25991868071
1.25216952573
1.24544766709
1.24411422206
1.2493360572
1.25827626308
1.26528958034
1.26537447257
1.25718071012
1.24402041033
1.23174637062
1.2253608192
1.22661421595
1.23298207199
1.23934399163
1.240907464
1.23640558058
1.22851348389
1.22203315402
1.22121939775
1.22766081709
1.23915110167
1.25046807322
1.25627583146
1.25433906391
1.24619764132
1.23548248211
1.22639078979
1.22163191929
1.22193344408
1.22572653898
1.23007800148
1.23267365355
1.23274399959
1.23101435236
1.22887466992
1.22767687514
1.22813966396
1.23021276596
1.23318396752
1.23618250355
1.23839227203
1.23926602843
1.23842324053
1.23574227253
1.23169111074
1.22711954167
1.22319632078
1.22065425024
1.21955825405
1.21952920243
1.21975356554
1.21975199941
1.21949600492
1.21956264775
1.22078817734
1.22353550807
1.22762916274
1.23208336465
1.23575897267
1.23774685358
1.23773954255
1.23637445356
1.23467850836
1.23333333333
1.23248642665
1.23185704013
1.23094905417
1.2297041995
1.22859762181
1.22832214765
1.2295292325
1.23206559479
1.23546277936
1.23883693983
1.24130840616
1.24240868813
1.2420711454
1.24060666913
1.23832955818
1.23516398714
1.23116001225
1.22656329436
1.22234600096
1.22003721772
1.22073786601
1.22415062844
1.22856519526
1.23144744745
1.23066067072
1.22538172955
1.21694688575
1.20872734202
1.20436832255
1.20577090541
1.21176057163
1.21889638374
1.22299602381
1.22127397293
1.21354191545
1.20293228392
1.1945458914
1.19243887208
1.19740796845
1.20673657759
1.2159110309
1.22070259461
1.2191982806
1.2127895826
1.20562242877
1.20229416263
1.20512558187
1.21292941751
1.22201540768
1.22804370447
1.22819072502
1.22276256961
1.21489455986
1.20897612072
1.20786285125
1.21160803633
1.2175835975
1.22196755545
1.2219211386
1.21701668006
1.20954062725
1.20328966808
1.20131392566
1.20453165602
1.2115258994
1.21916718878
1.22442038705
1.2257252742
1.22369750664
1.22025528743
1.2174114593
1.21601446588
1.21575932566
1.21553743792
1.21454973514
1.21293260044
1.21176748025
1.21223335298
1.21473450491
1.21834818776
1.22132347647
1.22193091059
1.21941590447
1.21479890378
1.21044676264
1.20869651593
1.21051189438
1.21476510067
1.21902984133
1.22059907015
1.21791600755
1.21174490655
1.20489932546
1.20081462299
1.20143526363
1.20646150802
1.21341013144
1.21900137336
1.22057530768
1.21731114453
1.21090332196
1.20458545403
1.20122424956
1.20200368978
1.20581884041
1.2100943309
1.21205285208
1.21031909536
1.20547104168
1.19975141243
1.1956771361
1.19466336411
1.19657269459
1.199667827
1.20192373755
1.20197486535
1.19991225842
1.19721309199
1.19575723779
1.19663197287
1.19958915754
1.2032842447
1.2059142506
1.20627759181
1.20447416413
1.20176930929
1.19985923697
1.19980591946
1.20150105657
1.20395649317
1.20576852866
1.2058559542
1.20430858106
1.20208992883
1.20035273369
1.19961844493
1.19944598338
1.19864523536
1.19593590711
1.19087542317
1.18449444782
1.17876559715
1.17570427192
1.17601014518
1.17883982835
1.18215110956
1.1836060553
1.18168441858
1.17670364501
1.17081333392
1.16694185765
1.16702322401
1.17128027682
1.17794901662
1.18427200762
1.18759472741
1.18692043769
1.18336673347
1.17981094643
1.17911423435
1.18253226108
1.1891143695
1.196151488
1.20037431001
1.19948278725
1.19328982834
1.18428521168
1.17607464488
1.17172599214
1.17208029197
1.17589206623
1.18039286766
1.18254290876
1.18062662717
1.17513835486
1.16836902801
1.1629726206
1.16044188405
1.16053662948
1.16163295266
1.1617283415
1.1596096881
1.1557475402
1.15228149731
1.15156794425
1.15485066492
1.16148401376
1.16906673745
1.17453886103
1.17521851365
1.17038863771
1.16186415423
1.15317773294
1.14791666667
1.1477686026
1.15209726165
1.15818457161
1.16259994486
1.16281416254
1.15839825065
1.15125577205
1.14458125889
1.14096007375
1.14119182253
1.14399480632
1.14664967382
1.14660623719
1.14268489611
1.13596538206
1.12947007892
1.12647419368
1.12872851365
1.13559357792
1.14441023463
1.15141381011
1.1534047851
1.14911725553
1.14008814436
1.12995033185
1.12269074094
1.12059213433
1.12361098764
1.12935512763
1.13452257453
1.1360692123
1.13289262186
1.12616264667
1.11878446871
1.11384091462
1.11306483085
1.11627096493
1.12174553968
1.12678883637
1.12920262785
1.12804553109
1.12408589424
1.1191314554
1.11511870054
1.11312686815
1.11306026698
1.11398834305
1.11461228242
1.11408495018
1.11233660991
1.11006402265
1.1080805506
1.10681565203
1.10618837571
1.10565336249
1.10481980986
1.10373508752
1.10327049382
1.10454198302
1.10825564416
1.11405478222
1.12042730823
1.12512337371
1.12606641438
1.12242578229
1.11542031291
1.10805205013
1.10405047482
1.10590085877
1.11370526316
1.12505236699
1.13588025958
1.14175425347
1.13966257152
1.12946381544
1.11454208442
1.10059557632
1.09308936242
1.09489791605
1.10511629888
1.11962701352
1.13244556808
1.13822946488
1.13434721884
1.1221219664
1.1065209666
1.09372713364
1.08871164285
1.09324758842
1.10538829019
1.1202411944
1.13170991824
1.13486347972
1.12818493975
1.11386363146
1.09672603178
1.08228462838
1.0747167436
1.07556290282
1.0833786554
1.09424686192
1.10349586017
1.10756123536
1.10527523893
1.09795764785
1.08843995039
1.0801723589
1.07607831338
1.07767476278
1.08443985227
1.09398421437
1.10292164675
1.10825140837
1.10831001124
1.10293664421
1.09330982035
1.08181496551
1.07173903402
1.06676130063
1.06942542949
1.07971997375
1.09470523428
1.10964482156
1.11978068326
1.12154916007
1.11330296318
1.09616551262
1.07422866372
1.05412452426
1.04292785677
1.04478430545
1.05890066197
1.07992517643
1.1002442892
1.11253761718
1.11192560175
1.09749260584
1.07332002661
1.04773841478
1.03039816063
1.02819565409
1.04206333574
1.06702436258
1.094533104
1.1153051684
1.12220511375
1.11257306788
1.08938117436
1.06083296317
1.03707733512
1.02643702013
1.03197602315
1.05072823568
1.07515123797
1.09626978146
1.10654441985
1.10252606595
1.0858540736
1.06249466587
1.040429997
1.02673785279
1.02514741589
1.03495357728
1.05132377518
1.0673683746
1.07679587247
1.076011846
1.06508116106
1.04727719571
1.02770296268
1.01161556103
1.00314950644
1.00400252791
1.01305872226
1.02678011456
1.04064228961
1.05062505174
1.05440590893
1.05135664913
1.04228299151
1.02910047387
1.0145883841
1.00217210758
0.995038979447
0.995269467545
1.00275147865
1.0151370576
1.02864888311
1.03898779192
1.04248861912
1.03698811096
1.02263156758
1.0024268717
0.981938616856
0.967622259696
0.964318485152
0.973097506044
0.990821166759
1.01138737558
1.02779087164
1.03411566443
1.02743059852
1.00877338189
0.983524236388
0.959812695109
0.945838644294
0.94661734726
0.962011646374
0.986719900933
1.0123666552
1.03030892201
1.03441794141
1.0231012454
0.999615983615
0.971297626088
0.94711528408
0.934898479789
0.938478032287
0.95623511049
0.981468209276
1.00498081163
1.01844320631
1.01698827627
1.00016143679
0.971815652595
0.938691354531
0.909089059353
0.890831398813
0.888918885243
0.903365838314
0.928779560811
0.956736266994
0.979028674214
0.990147887175
0.987958390249
0.973340314136
0.949558242998
0.921924487415
0.897138228942
0.881743081371
0.879836149514
0.89098094852
0.91050521251
0.931782052301
0.948595727848
0.956414164407
0.952802007408
0.937800486814
0.914319439922
0.888468342453
0.868425962396
0.861623961867
0.871229166667
0.894621820755
0.924867504936
0.953536653726
0.973008298755
0.977782843879
0.965686173181
0.938758303
0.903823397397
0.871217324553
0.851712623223
0.852144089134
0.87229552492
0.905268550262
0.94065569235
0.967781046271
0.978445342833
0.968716006607
0.94002227397
0.899217400142
0.857180726331
0.826057605761
0.815214043733
0.827468925855
0.85756535407
0.894793521932
0.927047587547
0.944740250396
0.942804164884
0.921729490022
0.886888024728
0.847365819907
0.814006527466
0.796765837193
0.800911645087
0.824377844772
0.858518167082
0.892025293873
0.915322260192
0.922798071944
0.913307741523
0.889456432119
0.856647750304
0.822291743344
0.794879722961
0.781758282742
0.786219191144
0.805515449033
0.832291538996
0.858079615842
0.876218187616
0.883000769732
0.877309043796
0.860290366882
0.835147959284
0.807078349045
0.782866937734
0.7690797251
0.76955717331
0.783437178634
0.805884732053
0.830449264766
0.850917712464
0.862493047401
0.862150600158
0.849005349381
0.82507697786
0.795545712853
0.76799933643
0.750384575941
0.747912613489
0.760879156138
0.785092697692
0.813578849095
0.838855391718
0.854363301872
0.855843528654
0.842318359415
0.816852126859
0.786221822934
0.759401884474
0.744850552975
0.747496231441
0.76686734482
0.797295605359
0.830261780105
0.856810610346
0.870101672269
0.866720533698
0.847629981958
0.817656598419
0.784522734116
0.75710609778
0.743270685673
0.747145936452
0.767359229148
0.797294017716
0.827618523725
0.849596162519
0.857463547244
0.849383022261
0.827215032354
0.795764970434
0.76202229799
0.733890967172
0.71881196473
0.720932688449
0.739006763448
0.766700860427
0.79543852374
0.817611352637
0.828507614213
0.826477293361
0.812382890416
0.789041317632
0.760990750005
0.734244196862
0.715299734082
0.709417819098
0.718007302855
0.738013000665
0.763463274165
0.787924366137
0.806179413407
0.814855352391
0.812172718688
0.798128514401
0.774603787343
0.745811669555
0.718004985406
0.698222721207
0.691943227763
0.700796645702
0.722139641997
0.750246646655
0.778383518225
0.800230404915
0.810734463277
0.806880783887
0.788440877897
0.758488740324
0.72322193659
0.690947294694
0.669968649308
0.665923118571
0.679600552153
0.706521505261
0.738929492691
0.768152701947
0.78674779094
0.790108590474
0.777204078998
0.750587221205
0.716010123954
0.681426144531
0.655574372622
0.645648787002
0.65460363243
0.679269348153
0.711549928902
0.741670879096
0.761466419363
0.76614021134
0.754956901402
0.730690331787
0.698979026864
0.667387992139
0.644486692015
0.637358733542
0.64865408243
0.674630824212
0.706819054503
0.735768672951
0.754274814361
0.758651286602
0.748574166172
0.726581292525
0.697359933653
0.667678898445
0.645462809725
0.637847571385
0.64780006546
0.672191057005
0.703198983716
0.732094640978
0.752285668913
0.760287880155
0.755516984875
0.739593000883
0.716073059361
0.690022162711
0.66766285314
0.654814919535
0.65465870873
0.666374366024
0.685555686784
0.706556453128
0.724380059253
0.735683636785
0.738915459439
0.734188310191
0.723103893707
0.708553618839
0.694394380517
0.684373555247
0.680909111928
0.684484553974
0.693449619595
0.705180489851
0.716665884451
0.72530411322
0.729154233606
0.727121944184
0.719217408086
0.706696234874
0.691924036064
0.677960057061
0.667844023736
0.663739958902
0.666589208533
0.676007900546
0.690458951302
0.707613231792
0.724654625277
0.738607549084
0.747067001634
0.748588679986
0.743100988735
0.731889396395
0.717318982387
0.702169625247
0.689234426548
0.680980852557
0.679000992232
0.683643059627
0.693905783559
0.707421988918
0.721191489362
0.73238820125
0.739144184689
0.740866216579
0.738042786508
0.732020505743
0.724630113142
0.717911384461
0.713660178693
0.713064713065
0.716288775225
0.722402350676
0.729617074702
0.736010729454
0.74010272037
0.741069469167
0.738818667963
0.733890418301
0.727344114255
0.720706419288
0.715598172599
0.713549991121
0.715413706751
0.721053575546
0.729404844114
0.738861606575
0.747877072382
0.755222456563
0.760037978163
0.761958174431
0.760924296433
0.757279129002
0.751883651656
0.745811176884
0.740357573323
0.736612076761
0.735214310839
0.736140456786
0.739008702232
0.742993259338
0.747253027406
0.750859459182
0.753107752618
0.753471773255
0.751873288202
0.748656225086
0.744621117378
0.740917830399
0.738534528202
0.738386185871
0.740801839632
0.745802754599
0.752843505636
0.761079245865
0.769270874065
0.776017503163
0.780166122655
0.78098932044
0.778497923335
0.77350270327
0.767234429853
0.761092766484
0.756406306168
0.754139604138
0.754860502295
0.758668191506
0.76498687664
0.772793513685
0.780808754838
0.78777238736
0.792885120996
0.795837462834
0.79693885728
0.796818799456
0.796242582293
0.795973261605
0.796559920942
0.798159969959
0.80052274197
0.803104884513
0.805079003713
0.805851568643
0.8050631539
0.802900121968
0.799826266355
0.796517331589
0.793660369081
0.791930357883
0.791903488243
0.793946024799
0.798022757999
0.803797290065
0.81053931197
0.817505433874
0.824026979213
0.829787234043
0.834728605822
0.838898780989
0.84243610598
0.84525567786
0.847196340844
0.847977804473
0.847216202941
0.844701919447
0.840561631516
0.835341249712
0.829790876152
0.824897014841
0.821503452517
0.820232532265
0.821460373998
0.825135082169
0.830791863524
0.837693784566
0.844707520891
0.850626904148
0.854607006182
0.856318964249
0.856026230276
0.854570798002
0.852997898736
0.852362992171
0.85357803386
0.857045318768
0.862682390566
0.869833879404
0.877295105705
0.883588008865
0.887394514768
0.887981912676
0.885360413243
0.880246009665
0.873890186916
0.86766891006
0.862986994094
0.86100037827
0.862470862471
0.867382989284
0.875076797051
0.884141162689
0.892818455953
0.899427135091
0.902948295471
0.903094344017
0.900250247337
0.895255304267
0.889265867213
0.883307368978
0.878457446809
0.875396990294
0.874486820967
0.875412467671
0.877476090368
0.879769364281
0.881456392887
0.8819724438
0.881266795735
0.87951911684
0.877274970248
0.875069487112
0.873555745989
0.873153701549
0.874090772468
0.876217177655
0.878940086622
0.881381740013
0.882733366802
0.882425020422
0.880318688297
0.87667029879
0.871942487254
0.866747251482
0.86168202564
0.857298571218
0.854053408208
0.852080123267
0.85143065649
0.851713338806
0.852572429836
0.85353686223
0.854397547748
0.855134474328
0.855951762737
0.857196261682
0.859232122768
0.862273706269
0.866499557653
0.871670557251
0.877172231826
0.882196308879
0.885780957352
0.887212291871
0.886130500759
0.882755310212
0.877609108159
0.871416823308
0.865020455874
0.859176752616
0.854597312476
0.851700074239
0.850767797578
0.851554663992
0.85354789272
0.855969230769
0.858038348083
0.859237536657
0.859439818319
0.85874096512
0.857427568564
0.855857722013
0.85443206337
0.853433711728
0.853122671039
0.85354869701
0.854570176764
0.855933745905
0.857186210245
0.857946469076
0.85797554307
0.857325903632
0.856188674784
0.854894129394
0.853784219002
0.853073067792
0.852879658271
0.853044253044
0.853433283358
0.853581800581
0.853150684932
0.851829249687
0.849651307976
0.84684330053
0.843924560034
0.841467769776
0.840136957998
0.84039556312
0.842528903849
0.846719606177
0.852729145211
0.860175262005
0.868285416356
0.876107784431
0.882640660165
0.887023770271
0.888872306131
0.888173892414
0.885484725411
0.881567412775
0.877427043367
0.873880142646
0.871732381698
0.871411100111
0.873093028023
0.876443554089
0.880910786723
0.885626057781
0.889690385015
0.892449257353
0.893648318673
0.893403832671
0.89224075417
0.890641672675
0.889316816601
0.88864628821
0.889000892831
0.890419282965
0.892713728685
0.895563419413
0.898348343943
0.900490066614
0.901489654365
0.901077147016
0.899326336485
0.896569542127
0.893442155128
0.890405505318
0.887991812599
0.886499743341
0.8859437751
0.886220449685
0.88696107828
0.887727924606
0.88815885959
0.887886862062
0.88678585988
0.885067429033
0.883025883026
0.881149399229
0.879861541059
0.879505230976
0.880176310396
0.881818438355
0.884008079888
0.886262457995
0.887887829891
0.888351494668
0.887216290332
0.884438760681
0.880292854466
0.875395355464
0.870425071033
0.866110647762
0.863020115734
0.86146544866
0.861439666292
0.86285919144
0.86532688459
0.868237273875
0.871081715142
0.873229039493
0.874343468756
0.87425843268
0.873281630596
0.87169550173
0.870094685567
0.868842681704
0.868347263413
0.868779133996
0.870166418617
0.872452459553
0.875379017586
0.878556712512
0.881590756114
0.884013949826
0.885631732496
0.886435770366
0.886588287122
0.886411225627
0.886235917292
0.886295743092
0.886703174012
0.88745372713
0.888406379842
0.889370110711
0.890129436554
0.89050066313
0.890418195974
0.889900846702
0.889012270279
0.888055999559
0.887205525073
0.886650623259
0.886431351496
0.886544170745
0.886857112259
0.887210961264
0.887431426864
0.887394681231
0.887077545815
0.886479841301
0.885890603086
0.88549639723
0.885592274199
0.886311997783
0.887875123667
0.890216620287
0.893239207168
0.896719088937
0.900298913043
0.903610837977
0.906300706801
0.908040883029
0.908718548859
0.908335896647
0.907104283836
0.905454443948
0.903714198405
0.90234946578
0.901706353561
0.902030346032
0.903389000707
0.905790603516
0.909066173269
0.913033983895
0.917464147632
0.92207183615
0.926652806653
0.930938379644
0.934699820789
0.937807379929
0.940189231809
0.941955107444
0.943293317214
0.944357278942
0.945290279404
0.946200776484
0.947159404302
0.948256931101
0.949582592035
0.951154772329
0.953069681917
0.955132806892
0.957093136572
0.958626117263
0.959454478437
0.959427071445
0.958528772452
0.957101267268
0.955496936692
0.95421971166
0.953659147173
0.95413703765
0.95572724035
0.958360691617
0.961745482507
0.965377797474
0.968552048882
0.970554829917
0.970786775055
0.968880268643
0.96480487451
0.959122315053
0.952683919411
0.946530727839
0.941635438224
0.938727524205
0.938294658794
0.940351645944
0.944735614521
0.950905177172
0.958029704623
0.965288097575
0.971638210809
0.976323987539
0.978816199377
0.97888854393
0.976687426359
0.972629058306
0.967337238864
0.961514178265
0.955803217788
0.950789760349
0.946833102173
0.944177067189
0.942810501973
0.942501498066
0.943033312416
0.943997812415
0.944935007953
0.94552807505
0.945417919921
0.944415254003
0.94252905368
0.939860217133
0.93661274348
0.933213045737
0.929912118911
0.927085855732
0.92492917847
0.923537711988
0.922880272689
0.922838184932
0.923116364421
0.92353454863
0.923771397018
0.923692427791
0.923219293326
0.922416453885
0.921476641255
0.920692899441
0.920277960166
0.920569217867
0.92166380605
0.923573850137
0.926278970415
0.929516245875
0.933068203338
0.936605093453
0.939743412885
0.942177248971
0.943713878884
0.94420385013
0.94370122631
0.942468793343
0.940817958688
0.939184557594
0.937955308177
0.937343699032
0.937528808872
0.938364507485
0.939597133973
0.940955520726
0.942025460148
0.942564824338
0.942278453519
0.940967865132
0.938503334157
0.934868439217
0.930271920089
0.925094570538
0.919847752403
0.915146489773
0.91146975011
0.909118013769
0.908157520843
0.908557158418
0.91005682569
0.912365548772
0.915132679895
0.918002895908
0.920619843682
0.922685935654
0.923973686402
0.924286432441
0.923668390885
0.922174869781
0.920002211411
0.91743772242
0.914839409134
0.912449950286
0.910535451996
0.909354624085
0.909049821875
0.909794843139
0.911551383926
0.914310930438
0.91777622678
0.92155435105
0.92509150061
0.927837019663
0.929276857237
0.929203539823
0.927536632568
0.924561161023
0.920731539373
0.916744160604
0.913164810751
0.910621865866
0.90937109759
0.909650165017
0.911433766371
0.914578708109
0.918832552194
0.923870029881
0.929283845651
0.934643585644
0.939465561827
0.943258646701
0.945618153365
0.946260511221
0.945246790615
0.942623400868
0.938846667211
0.934238645278
0.929338031579
0.924584895554
0.920534927795
0.917680896961
0.916422833431
0.916928316747
0.919133728063
0.922565778897
0.926583234437
0.930439273676
0.933276726287
0.934437067849
0.933545002761
0.930580424782
0.925882352941
0.920209021498
0.914235284679
0.908783426699
0.904365577889
0.901358596637
0.899794597124
0.899650459098
0.900690415562
0.902659081889
0.905145294588
0.907747593124
0.910138062815
0.911927149285
0.912844530577
0.912750416241
0.911653682435
0.909668125067
0.9070712976
0.90416104542
0.901236516706
0.898671964865
0.896629621936
0.895401052958
0.895003341387
0.895438434273
0.896646820794
0.898470169606
0.90068016492
0.903143449816
0.905538511222
0.907755390213
0.909557058695
0.910797994113
0.91138279704
0.911292707185
0.910611103715
0.90948207592
0.908075218338
0.906725192036
0.905651515942
0.905225516809
0.905717570816
0.907192757529
0.909583944666
0.91252198105
0.915512975733
0.917926622965
0.919267372003
0.919125712298
0.917334912007
0.914075794819
0.909786221994
0.905082554475
0.900617795726
0.89698013245
0.89443876347
0.893017696126
0.892631143942
0.892931687582
0.893703225806
0.89472729158
0.895894198664
0.897219085633
0.898729160612
0.900334608031
0.90184
0.90301083902
0.903469201439
0.902886997738
0.9012172411
0.898487712665
0.895097167192
0.891552695093
0.888478110538
0.886528742893
0.886074301632
0.887315588569
0.89
0.893832283182
0.898146005297
0.902447244258
0.906144373117
0.908816361132
0.910313661524
0.910636923822
0.909875876956
0.90828162935
0.905971635405
0.90310815522
0.899767584751
0.896123247213
0.892441783453
0.889000158119
0.886192271442
0.884374594103
0.883853348105
0.884674407898
0.886685840821
0.889561193878
0.892844392309
0.895961178011
0.898419279606
0.899895342752
0.900374551593
0.899954934655
0.898898473789
0.897541852087
0.896104238652
0.894612538379
0.893149110664
0.891514221031
0.88967325011
0.887553736987
0.885208629376
0.883001468277
0.881301981723
0.88059166752
0.881222528877
0.883250159949
0.886448393817
0.890427656319
0.894538211553
0.898150601452
0.900751517745
0.901994025995
0.901755616084
0.900218087827
0.897783020132
0.894821014473
0.891800932796
0.889088080989
0.886975694262
0.885708310459
0.885473333507
0.886275931729
0.888170436395
0.89102284674
0.894552429668
0.898428300824
0.902238229997
0.905605026091
0.908199994745
0.90985548133
0.910601287126
0.910624083428
0.910291029103
0.909815047193
0.909362847742
0.908972832558
0.908449946179
0.907761921337
0.906778983286
0.905530626875
0.904143639104
0.902966804433
0.902274156361
0.902400208714
0.903460837887
0.905248913524
0.907464946865
0.909604519774
0.911145855417
0.911737967914
0.911229687121
0.909627943528
0.907211172699
0.904140854255
0.900615559834
0.896734429066
0.892482964798
0.887911380522
0.883087764254
0.878220264785
0.873742428233
0.870073907707
0.867787216409
0.867186294181
0.868288182074
0.870861861169
0.8745297119
0.878735901034
0.883014209545
0.887039396836
0.890609511052
0.893815572997
0.896652583685
0.899047205407
0.900807350423
0.901556801481
0.900921031119
0.898590243503
0.894526034713
0.888994513553
0.882643557139
0.876412013491
0.871208907741
0.867777281446
0.866461249217
0.867097345594
0.869295201315
0.872472131148
0.875937863257
0.879152470187
0.881862758233
0.884005278608
0.88567180319
0.886963360725
0.887864196523
0.888267241615
0.887994744621
0.886875222768
0.884922048388
0.882328856862
0.879468762705
0.876701296609
0.874488766134
0.872989170434
0.872185154295
0.871945689633
0.872032650531
0.872331638316
0.872719756085
0.873336095717
0.874425011045
0.876119831797
0.878454782128
0.881204403767
0.883894829943
0.885903131434
0.886640229728
0.885682024731
0.882895827577
0.878587013561
0.873311136182
0.867746436486
0.862426960185
0.85782937365
0.854061594592
0.85116365866
0.849001641862
0.84744604222
0.846539173994
0.846359160404
0.846995099304
0.848541838417
0.850886259108
0.85375751112
0.85672652804
0.859336462726
0.86101522571
0.861614719431
0.860976599486
0.859269502969
0.856700610998
0.853584248885
0.850111674021
0.846334214903
0.842328964935
0.837983822811
0.833351293103
0.828585134451
0.823863785889
0.819571547421
0.816016479979
0.813482513186
0.812142126789
0.812034310588
0.81307642903
0.814987626315
0.817451086816
0.820018127671
0.822323166775
0.824033775508
0.824935078561
0.824935161171
0.824016895234
0.822345162596
0.820051623421
0.817322362685
0.814281828074
0.810985679093
0.807444061962
0.803616742795
0.799607020525
0.795566827825
0.791754312158
0.788607892879
0.786510431552
0.78582112647
0.78662877042
0.78888917191
0.792286375308
0.796361876131
0.8006251281
0.804600965635
0.807954604612
0.810406290957
0.811884057971
0.812385915717
0.811851222556
0.81029564661
0.807641810241
0.803857654697
0.799096393691
0.793551882959
0.787715837544
0.781987977673
0.776729977421
0.77219012605
0.768503364248
0.765542106619
0.763314820976
0.7616887915
0.760609137056
0.760088949536
0.760094534118
0.760620465349
0.761603112452
0.762926196593
0.764470158038
0.766097074636
0.767823006143
0.769591064673
0.771402644542
0.773114276043
0.774417270689
0.775
0.774429818845
0.772533980329
0.769242832127
0.764810597136
0.759801099189
0.754862595818
0.750750284591
0.747792706334
0.746099577718
0.745391330448
0.745279039182
0.745368311842
0.745511935293
0.745741822574
0.74624953812
0.747245721031
0.748804003827
0.750728541692
0.752621007251
0.754006095163
0.754631576344
0.754439788486
0.753692102549
0.752755745889
0.751992463015
0.751378394936
0.750517360313
0.748875485586
0.74592259318
0.741398701498
0.73554562859
0.729089845637
0.722967341062
0.718135415103
0.714985890391
0.713365184368
0.712699261275
0.712145377217
0.711168380741
0.709582852749
0.707829087685
0.706663165183
0.706910076303
0.708878150464
0.712297642715
0.716259197721
0.719761051374
0.721923457207
0.722345321289
0.721327572663
0.719681074276
0.718311952053
0.717690283501
0.717611613257
0.717347806513
0.716046277666
0.713014685438
0.708257345491
0.702427564605
0.696829971182
0.692673385
0.690599501637
0.690349204817
0.691123015114
0.691815674339
0.691549362529
0.689946839929
0.687454421417
0.685198606598
0.684300935491
0.685494104889
0.688595482357
0.692839051347
0.69696478971
0.69980434175
0.700689525775
0.699693468522
0.697496687488
0.695115876367
0.69323941651
0.692033578074
0.691077664058
0.689765613626
0.687493898272
0.684195079
0.680301478121
0.676566057846
0.673748649622
0.672085495311
0.671413028052
0.671152803639
0.670619514835
0.669375293565
0.667399695871
0.665349664164
0.663985804489
0.664046432978
0.665637205922
0.668342505152
0.671373206718
0.673834962491
0.675168244553
0.675289919715
0.674715355891
0.674206795292
0.674335143094
0.675223756331
0.676644054363
0.677987243757
0.678750445421
0.678712456623
0.678015002885
0.677068774399
0.676283984271
0.675707661096
0.675078635374
0.673938336242
0.671774604175
0.668496396963
0.664432271395
0.66037646051
0.657117973825
0.655194109149
0.654504254532
0.654520358868
0.654410416285
0.653480723552
0.651435972008
0.64871268362
0.646099751405
0.644561684698
0.644594894562
0.646206498067
0.648852576123
0.651737382359
0.654028650188
0.655249897862
0.655440178531
0.655052662844
0.654553384909
0.654253351826
0.654130429714
0.653802737407
0.652762653283
0.650587816174
0.64723066692
0.642909642696
0.637999195133
0.633001893939
0.628198743033
0.623862150921
0.620203509106
0.617424062929
0.615683047261
0.615048159695
0.615453645965
0.616696691218
0.618359897522
0.62007144149
0.621484357365
0.622505967662
0.62321180322
0.623980205965
0.625116361541
0.626789501591
0.628899254969
0.631154640549
0.633187968243
0.634721502737
0.63566576087
0.636241763236
0.636748826826
0.637317664274
0.637978236363
0.638518140247
0.638713005957
0.638422759225
0.637708080303
0.636769480519
0.635845048571
0.634963033627
0.633990359376
0.632551017967
0.630324129652
0.627117828263
0.623175862483
0.618995241625
0.61527339954
0.612495892597
0.610671384673
0.609426751592
0.608203350664
0.606599746164
0.604583736021
0.60253477306
0.601184129937
0.601110586543
0.602424702494
0.604701377913
0.607305223748
0.609466926157
0.610750466093
0.611243749718
0.611409244645
0.611775591262
0.612714146695
0.613928807306
0.614903403864
0.61489237929
0.613493613117
0.610817347592
0.607540070018
0.604587331138
0.60260274628
0.601653170579
0.60133107454
0.600898283985
0.599749120693
0.59753507212
0.594508506383
0.59122435929
0.588272707258
0.586009593144
0.584437970381
0.583232342818
0.582071501137
0.580687894407
0.579122324525
0.577454442048
0.575916968018
0.574589628801
0.573315996006
0.572041067
0.570731030014
0.569668443275
0.569221941703
0.56971866308
0.571201957941
0.573419465589
0.575845235943
0.577995598212
0.579615217838
0.580693296602
0.581493528964
0.582310151508
0.583242173862
0.584137543334
0.5845517893
0.584183916818
0.582912154031
0.5810683025
0.579146249299
0.577599294774
0.576568152177
0.575777089783
0.574830271565
0.573440289687
0.571757094842
0.570311907111
0.569752774975
0.570420590082
0.572039407882
0.573792174087
0.574666167478
0.573915432453
0.571368000998
0.567749937981
0.564486394809
0.562774982377
0.563199307009
0.565308804205
0.56804494275
0.570192947438
0.570920640941
0.570289837983
0.569182169182
0.568717520416
0.569716524545
0.572262706604
0.575655698068
0.578927894177
0.581208490084
0.582208674609
0.582404801228
0.582535329119
0.583311998138
0.584858413293
0.586743856333
0.588311253527
0.589023534818
0.588786414873
0.588109726175
0.587749772095
0.588162456662
0.589417197055
0.590999672073
0.592332627173
0.592910765421
0.592620521088
0.591778602415
0.590828045519
0.590033677121
0.589287601733
0.58818063557
0.586296917872
0.583517684373
0.580199335548
0.576962741624
0.574543637224
0.57318031756
0.572911491698
0.573323238389
0.574023945862
0.574699262709
0.575266611977
0.575818320223
0.576469404693
0.577086562984
0.577501308933
0.577430434566
0.576947890819
0.576351884744
0.576112756013
0.576567392412
0.577743976049
0.579246966883
0.580720851476
0.581782399534
0.582543203256
0.583400385244
0.584890965732
0.587214811575
0.590119673088
0.592930305327
0.595006900631
0.595887004526
0.595690843041
0.595028834773
0.594619196925
0.594869448046
0.595660091825
0.596447030102
0.59676441915
0.59650200267
0.596041312731
0.596055772569
0.596971842492
0.598714266174
0.600600766115
0.601765229981
0.601577020558
0.600005686988
0.5977402746
0.595723948183
0.594745587898
0.594759450172
0.595150750888
0.594993397256
0.593558766915
0.590928639009
0.587735553212
0.585076905677
0.583653334081
0.58356987811
0.58433935098
0.585201731888
0.585526496336
0.585174489879
0.584407876989
0.583680222009
0.583243057574
0.582963992552
0.582437650005
0.58141346978
0.579806748308
0.578080504887
0.576706786432
0.576052923947
0.576036750678
0.576324610997
0.57658310028
0.576674727631
0.576819742276
0.577402223546
0.578575676479
0.580107620205
0.581500646831
0.582091790821
0.581652896713
0.580428211587
0.579101390045
0.578340955606
0.578318752377
0.578627591137
0.578680203046
0.578020090564
0.576792883571
0.575775168228
0.575818586415
0.577328366152
0.579851526278
0.582493770989
0.584185842407
0.584379164816
0.583415126616
0.582194102361
0.581664251825
0.582001201064
0.582631518228
0.582476478984
0.580776014109
0.577781720335
0.574712643678
0.573229931328
0.574250983408
0.577539473294
0.58176839975
0.585167220575
0.586489006527
0.58546275395
0.583133397313
0.580938468877
0.579949012865
0.580096298703
0.580516722704
0.580064782097
0.57820794838
0.575462909049
0.572952402918
0.57182005024
0.572395626806
0.574149736538
0.575963400601
0.576802770485
0.576318634108
0.575082327113
0.573849287169
0.573282011251
0.573301230605
0.573396206309
0.572952320306
0.571722554943
0.570040591855
0.568558656895
0.567833613228
0.567925403122
0.568476050755
0.569017852549
0.569397027492
0.569730586371
0.570371124056
0.571464793732
0.572747096709
0.573677517803
0.573854206562
0.573256885431
0.572426677586
0.572143879011
0.57276300342
0.574058919804
0.575226244344
0.575515911033
0.574752475248
0.573651723597
0.573393774238
0.574816176471
0.57788745777
0.58148946934
0.584105104458
0.584600734594
0.582938128786
0.580309454325
0.578357178368
0.578151027207
0.57959892449
0.581729542813
0.583285501091
0.583596671788
0.58304392237
0.582593146308
0.583154111304
0.584751046584
0.586606258814
0.587672978878
0.587334170777
0.586098433453
0.585181514063
0.585810789777
0.588159628537
0.5914005771
0.593843193843
0.594236180742
0.59232317984
0.589477102956
0.587506084699
0.58778799597
0.590401567091
0.594203850956
0.597463923654
0.598691168694
0.597674265384
0.595247459849
0.592749836708
0.591257793882
0.590953689168
0.591596803773
0.592503022975
0.593146012669
0.593420755872
0.593372145096
0.593190649086
0.592995169082
0.592942519261
0.593190416141
0.593911007026
0.595030097237
0.596161486507
0.596749696233
0.596205715671
0.59454550958
0.59239933645
0.590841065549
0.590808137641
0.59222362214
0.594173402338
0.595344932403
0.594729550309
0.592467032493
0.589621566169
0.587580336002
0.587009872274
0.587352981874
0.587291523088
0.58562228216
0.582125205931
0.578002949691
0.575136130902
0.574804629804
0.576904609475
0.579964383489
0.582057067021
0.581902035623
0.579559266501
0.576319318451
0.57380952381
0.573012023055
0.573710265763
0.574942672504
0.575635284316
0.57534459933
0.574407607432
0.573501788333
0.573079293344
0.573145983714
0.573409482648
0.573697487644
0.574142629441
0.575085280464
0.576605880545
0.578131008845
0.578862081383
0.577878162106
0.575196524617
0.571727559299
0.568919267475
0.567964921331
0.568858400207
0.57062426691
0.571822551414
0.571281455467
0.568844221106
0.565384005497
0.562242308912
0.560267324369
0.559635722679
0.5598825779
0.560378483895
0.560669114647
0.5605454397
0.560168914317
0.559761501012
0.559591060652
0.559978857175
0.561303542357
0.563564949561
0.566455606349
0.569024049297
0.570423748277
0.57019650971
0.568781370375
0.567365885187
0.567447901293
0.569743665728
0.573649876381
0.577727750263
0.580595295829
0.581527063434
0.581112380717
0.580733459828
0.58151118351
0.58354926373
0.585926020571
0.587362637363
0.587245581365
0.586101225781
0.585233117637
0.585617812249
0.587205182711
0.589065857235
0.590069602371
0.590047228782
0.589937853502
0.591224991225
0.594640518248
0.599447612899
0.603814177363
0.605875379714
0.605043276256
0.602616794239
0.600916388973
0.601425793908
0.603826717587
0.606073667712
0.605801368773
0.601970641464
0.595835860117
0.590306225918
0.587488778258
0.587926834304
0.590163246464
0.592227625629
0.592771708623
0.591946775666
0.591014378742
0.590981152017
0.591671125379
0.592183325031
0.591508523641
0.589458054937
0.587266791045
0.586085734364
0.586162927981
0.586611158963
0.586012353485
0.583362132807
0.579191616766
0.575262602402
0.572766388256
0.571684312823
0.570621175983
0.567831800263
0.562632696391
0.556065293929
0.549946466809
0.545332039672
0.541703521704
0.53808121771
0.533915057043
0.53042435319
0.529801286469
0.533479515291
0.540553451791
0.548320398128
0.553512009196
0.554035239034
0.550830482115
0.547790313532
0.54876497006
0.554843975639
0.564003825311
