0.983258075721
0.981602701027
0.997802197802
1.02363549423
1.04740391099
1.06070224162
1.06131311167
1.05124600639
1.03383267742
1.01342281879
0.996974662801
0.99239164328
1.0031317163
1.02393761712
1.04396392091
1.0517987317
1.04112732408
1.01589889931
0.990635413076
0.981920199501
0.996743036837
1.02696201824
1.05430899754
1.06086811908
1.0407183014
1.00517996369
0.975373836662
0.968484035694
0.987364528224
1.01989001388
1.04570374545
1.04945638432
1.03080650744
1.00318517446
0.982701421801
0.978426395939
0.988404844616
1.00234477584
1.0087519203
1.003347856
0.991308655318
0.98164405427
0.980329308452
0.986943231441
0.9956146064
0.999956998495
0.997963772112
0.993180772288
0.991015236833
0.99448423479
1.00209084946
1.00887875209
1.01022420803
1.00558858502
0.99851591486
0.993543148778
0.993148575828
0.996579817078
1.00080447441
1.00311763364
1.0034581266
1.00401054625
1.00705960216
1.01281489595
1.0189760894
1.02235099338
1.02140084749
1.01742282919
1.01338725422
1.01168191902
1.01268842484
1.01462169805
1.01539833328
1.01457597173
1.01391175779
1.015640599
1.02059640307
1.02713382508
1.03184859617
1.03210874597
1.02804704666
1.02282111193
1.02026104354
1.02214570039
1.0269717379
1.03085549604
1.03045479998
1.02525906736
1.01839157843
1.01410037763
1.01510959779
1.02074600571
1.02697466017
1.02941795126
1.02619373253
1.01935977404
1.01308564085
1.0112104359
1.01487064575
1.02200965285
1.0285730845
1.03141572516
1.02989395242
1.02604449267
1.02267088716
1.02194044736
1.02384809983
1.02669683258
1.02837875808
1.02786784436
1.02566749435
1.0233298874
1.02266296888
1.02481772294
1.02949654381
1.03514492754
1.03974116863
1.04162042175
1.04000556019
1.03549124568
1.03017614382
1.02701045296
1.02821011673
1.03390582947
1.04182530639
1.04825737265
1.04969240709
1.04484178465
1.03563870312
1.0266775593
1.02245989305
1.02494638221
1.03270536754
1.04211130235
1.04912575266
1.05180199866
1.05125131564
1.05063291139
1.0525186622
1.05728628377
1.06269862485
1.06564525281
1.06420642064
1.05912309779
1.05327595612
1.04997556207
1.0510210377
1.05580642148
1.06191193075
1.06678421865
1.06946504655
1.07069555302
1.07199132404
1.07424481769
1.07714901116
1.07963579982
1.08099305394
1.08163946464
1.08270827752
1.08495896677
1.08778225397
1.08924368028
1.08737330356
1.08194569198
1.07543110926
1.07180452438
1.07440392707
1.08363045857
1.09595654798
1.1056358073
1.10813499112
1.10264760017
1.09267758791
1.08376315975
1.08065945754
1.08484891625
1.0936965812
1.10171594696
1.10472640315
1.10197816
1.09601222732
1.09088066701
1.0897824195
1.09321827482
1.09864509885
1.10238558411
1.10220622856
1.09840752685
1.09332010582
1.0897635191
1.08952109691
1.09250941277
1.09687970171
1.10018684363
1.10130957288
1.10067366442
1.09956103484
1.09919920541
1.09994744489
1.10112807308
1.10134010951
1.0995886491
1.09551438754
1.08947583948
1.08265017359
1.0765893008
1.07308662011
1.0734137238
1.07740763861
1.08371949336
1.09033032698
1.09503751848
1.09623279064
1.093517149
1.08813973508
1.08236751549
1.07840248793
1.07695019116
1.07743332882
1.07850903369
1.0791384515
1.07944065076
1.08034308669
1.0829049191
1.08698354365
1.09101001895
1.09237341169
1.08897215688
1.08059382032
1.0698434496
1.06082083402
1.05694773366
1.05900448977
1.06505612631
1.07140633402
1.07468737509
1.07409851114
1.07196643099
1.07199631379
1.07691639648
1.08628699997
1.09661678595
1.10288706058
1.10143615737
1.09245786347
1.08059710568
1.07211523789
1.07196830077
1.08095297106
1.09525743564
1.10820321091
1.1138774354
1.11032465081
1.10011637782
1.08849585422
1.08085160309
1.08018597542
1.08591580761
1.0940364053
1.09984207202
1.10071357036
1.09675114921
1.09024835308
1.08388650468
1.07965365298
1.07795591797
1.07777339124
1.07756008281
1.07640969359
1.07425713445
1.07174874755
1.06967225097
1.06847198741
1.06820353905
1.0686333534
1.06954402471
1.07067504629
1.07183275261
1.07245652053
1.0717591951
1.06903690617
1.06440650095
1.05892255892
1.0544490499
1.05257947126
1.05399775677
1.05802485634
1.06289644836
1.06631342325
1.06676280511
1.06431596048
1.06045051993
1.05717861994
1.05609925664
1.0576628404
1.06078288354
1.06377613276
1.06512159295
1.06445445856
1.0625875759
1.06102896384
1.06117206913
1.0634032503
1.06682678723
1.06979184391
1.07079998861
1.06905546797
1.06509663233
1.0602561104
1.05647350407
1.05518632803
1.05693907875
1.06085174626
1.06541168087
1.06933904711
1.07182155245
1.07298304677
1.07327586207
1.07337986642
1.07357469581
1.07366891972
1.07285781544
1.07051413505
1.06624356575
1.06053346577
1.05461744497
1.05018635694
1.04865575269
1.05012276691
1.05379737996
1.05803695278
1.06135477987
1.06263260864
1.0616840373
1.0592382871
1.05653100305
1.05478463143
1.05435649354
1.05499429905
1.05593404554
1.05640631624
1.05600760858
1.05494967545
1.053874693
1.05318927363
1.05301273869
1.05305449406
1.05278136446
1.05187128923
1.05050370804
1.04938862307
1.04936106905
1.05096745003
1.05405911963
1.05801373938
1.06175069798
1.06414123246
1.06457909266
1.06317381199
1.06075409192
1.05839272133
1.05681914743
1.05642767439
1.05700063302
1.05803312869
1.05883720255
1.05882523905
1.05784020663
1.0560271155
1.05368195754
1.05126576798
1.04903229517
1.04705714286
1.04527308248
1.04343683444
1.04144229168
1.03934101052
1.03761849964
1.0366734833
1.03680615785
1.03781749765
1.0387858796
1.0385344283
1.03594813868
1.03075247627
1.02348594461
1.01579571222
1.00985854022
1.00748155146
1.00905815488
1.01345517886
1.01870006805
1.02286912794
1.02478645516
1.02470241905
1.02379972212
1.02371623015
1.02548180975
1.02871565067
1.03198492397
1.03365734484
1.0325732899
1.02888374691
1.02410027436
1.02060681652
1.02042817454
1.02386543608
1.02965254771
1.03547464525
1.03940123406
1.04049913654
1.0392541158
1.03729479444
1.0365354419
1.03776485716
1.04053903553
1.04314791193
1.04392722052
1.04189660379
1.03767468468
1.03300703827
1.02999440105
1.02996096635
1.03273459356
1.036904205
1.04045763984
1.04156996235
1.03953816549
1.03490623726
1.02914191836
1.02388598956
1.02025019351
1.01862239174
1.0190435781
1.02136816294
1.02543138042
1.0308990881
1.03688235886
1.04192628844
1.04427089936
1.04244174162
1.03605787831
1.02660626887
1.01726128017
1.01210762332
1.01393340574
1.02272001703
1.03561108733
1.04790386895
1.0548562127
1.0535110675
1.04401091405
1.02989012185
1.01660042718
1.00894656242
1.009012382
1.01566335788
1.02524727399
1.03321003752
1.03592132779
1.03232148474
1.02421232345
1.01512215025
1.00841225065
1.00596694462
1.00767492114
1.01198494453
1.01661277184
1.01970515971
1.02046497997
1.019253648
1.01676707556
1.01367376573
1.01013070308
1.00608370593
1.00176821631
0.997955816073
0.995958401104
0.996771570101
1.00051854413
1.00608378237
1.01158214044
1.01478832154
1.0141329161
1.00977173435
1.00363098789
0.998755703028
0.99777501811
1.00136961522
1.00825035562
1.01534473821
1.01910596542
1.01689688237
1.0082399897
0.995414830476
0.982426147077
0.973236674197
0.9701349458
0.973165669637
0.980112807546
0.987430979366
0.991567687378
0.990431995407
0.984199288256
0.974872241716
0.965479259433
0.958864683997
0.956848689297
0.959634621707
0.965858823529
0.973195147804
0.979140149908
0.982029423572
0.981234579617
0.977136297324
0.970888340829
0.964196564045
0.959050870942
0.957140005987
0.959130456586
0.964478745066
0.971501221017
0.977966571709
0.981672220539
0.981103476152
0.975801160737
0.966570315446
0.955476202367
0.945183423745
0.937936117936
0.935111523256
0.936704865495
0.941506468384
0.947605403193
0.952831318089
0.95559992394
0.955350196846
0.952643893308
0.948728093653
0.945036572623
0.94271244715
0.942340371051
0.943608408577
0.945562489774
0.947013510033
0.947023599859
0.945293131537
0.94228753811
0.939233308436
0.937826362793
0.939461994077
0.944669735042
0.952495129627
0.960717677045
0.966777325712
0.968602708297
0.965346905172
0.957475514691
0.946866791745
0.936295703896
0.92862473878
0.925357671436
0.92603341056
0.928481957894
0.929952841423
0.92827302981
0.922698178237
0.914047735704
0.904665644314
0.897454292988
0.894632481785
0.896893467314
0.902911505848
0.910265266648
0.916119182012
0.918286578978
0.915848198589
0.909090909091
0.899577918998
0.889203801177
0.879705361841
0.872138550599
0.867014215722
0.86434183723
0.86405804865
0.865908147569
0.869350541419
0.873570520966
0.87724477845
0.879119809162
0.878356416911
0.87482809371
0.869598525293
0.864572227356
0.861693661642
0.862100857823
0.865458124471
0.870203134597
0.874176697706
0.875332953899
0.872807519038
0.867456599614
0.861757938334
0.858825152951
0.860751934958
0.86734951657
0.876178402674
0.883589028359
0.885920101697
0.880673674152
0.867846850556
0.850414496369
0.833992483235
0.824332621135
0.824652905311
0.834102057252
0.848766709684
0.863286951445
0.872955302239
0.874766717565
0.868708760776
0.857530917149
0.845754184691
0.837560862509
0.834975708131
0.837696454159
0.84335600907
0.849010799528
0.85213061076
0.851661121998
0.848204917659
0.843608816684
0.839882121807
0.838025585767
0.837915829813
0.83840809475
0.838367404683
0.837244764242
0.835714114229
0.835257259911
0.837472273122
0.842862989624
0.850409786815
0.857722601095
0.861787446574
0.860054739268
0.851240263631
0.836327202462
0.818427093934
0.802131397119
0.791509368414
0.788683311553
0.793070500717
0.801969439728
0.811671746247
0.81895852119
0.821857972711
0.820365206441
0.815991729965
0.810940909193
0.806983883346
0.804889131225
0.804231712629
0.803802598365
0.802483571479
0.799900987765
0.796610169492
0.794073580822
0.793712040014
0.796358523391
0.801591840625
0.807884587916
0.813077233553
0.815231256201
0.81331302004
0.807760141093
0.800105594197
0.792524426267
0.786982781935
0.784489521461
0.784882551461
0.787001272634
0.789123543332
0.789839213935
0.788503229555
0.78558469774
0.782161736588
0.779652953969
0.779063386079
0.780581357734
0.783534736155
0.786537964724
0.788154951136
0.787377133989
0.784262770988
0.779709942501
0.775076410114
0.771893013604
0.771163261084
0.773175090501
0.777270964946
0.782065217391
0.785885677124
0.787480320199
0.786372411372
0.782978630805
0.778245035984
0.773508353222
0.770040997906
0.768862222808
0.770422753774
0.774393241854
0.779767797678
0.785214853031
0.789491641078
0.791900112054
0.792280976148
0.791144218757
0.789352551436
0.788024343041
0.788030041517
0.789689186674
0.792643688803
0.796026764158
0.798671809033
0.799569746377
0.798184310465
0.7945990545
0.78949697922
0.784154326141
0.779835346014
0.777640021751
0.778091657794
0.781081846502
0.786047632611
0.79207155477
0.798173312542
0.80340824895
0.807218846701
0.809269000544
0.809620103608
0.808388681649
0.805813530001
0.802236341691
0.798078455479
0.794010043857
0.790833408741
0.78929878528
0.789828172583
0.792254604598
0.795877095701
0.799512636936
0.80205605872
0.80246992989
0.800206238721
0.795510899329
0.789351801753
0.783402435583
0.779450475341
0.778795212244
0.781817386359
0.787877454969
0.79570535833
0.803751900546
0.810515156983
0.81492916818
0.816673116762
0.816148898939
0.814303468535
0.812159648612
0.810607911512
0.810105105436
0.810675252426
0.812125046358
0.81417816267
0.81655340122
0.819121055254
0.821842059789
0.824599207033
0.827226934171
0.82944917538
0.830922477263
0.831301655145
0.830580420965
0.829026462303
0.827284300806
0.826207886591
0.826452221573
0.828283508394
0.831295624524
0.834650768131
0.837140439932
0.837827640544
0.836148573955
0.832266578687
0.827132714364
0.822125907466
0.818689821183
0.817725895258
0.819410215008
0.823163613982
0.827900940386
0.832499251465
0.836021100226
0.838048780488
0.838600623787
0.838234649603
0.837496701557
0.836750892975
0.836007248298
0.834931036773
0.832938152326
0.829639306512
0.8249922768
0.819547058952
0.814309607072
0.810354457573
0.80845142238
0.808844267643
0.811115527015
0.814444606749
0.817972879798
0.821088406831
0.823627463392
0.826050027604
0.829119740132
0.833483890394
0.839288034299
0.845959210383
0.852209276764
0.856459436114
0.857254255414
0.853848731985
0.846792368627
0.837939754226
0.830031190968
0.825822696883
0.826989099648
0.833535327763
0.843839905229
0.855016701197
0.863642148129
0.866608358043
0.861881655788
0.849650198653
0.83228897899
0.814185075665
0.800200496884
0.794221775427
0.797841063671
0.809931204798
0.82730799069
0.845564830273
0.86045941124
0.869014209987
0.870188896772
0.865125495376
0.85666542889
0.848381010215
0.843471505945
0.843828715365
0.849589731441
0.859076192532
0.869422131769
0.877633465097
0.881521336615
0.880360927225
0.874969849797
0.867277694545
0.859656899685
0.854188510876
0.852212548245
0.853777727733
0.857799094778
0.862382030532
0.865715428724
0.866780942335
0.865512823297
0.862810841017
0.859914207056
0.858130825212
0.858274929169
0.860455167693
0.864044049642
0.867886574525
0.870653685675
0.871534820825
0.870271925795
0.867379186235
0.863780568407
0.860466145776
0.858207295374
0.857216230098
0.857126876524
0.857123703969
0.856164231223
0.853642384106
0.849485889302
0.844507103351
0.839974999461
0.837377232383
0.837909368679
0.842188344686
0.849812619836
0.859475974854
0.869251917875
0.877111071397
0.881669438576
0.882511008242
0.880349048051
0.876679626219
0.873486972577
0.872584844471
0.875
0.880689733927
0.888301628887
0.895709001793
0.900688876341
0.901585516699
0.897920732118
0.89036917418
0.880663157421
0.87123851758
0.864707089595
0.86314699793
0.867294619864
0.876399242831
0.888314495853
0.900264138484
0.9095463138
0.914363399929
0.913986625393
0.908934343077
0.900646982708
0.891338988611
0.883238907929
0.877964529964
0.876164560465
0.877303432747
0.880054186853
0.882879977889
0.884674276169
0.884967166979
0.884078975504
0.883099371554
0.883507917174
0.88663162032
0.892882693968
0.901690314621
0.911392716535
0.919949049579
0.925379683577
0.926212790754
0.921910942154
0.912893165389
0.900857591497
0.888448908634
0.878692797837
0.874022400309
0.875537829345
0.882594138199
0.893277639357
0.904995682743
0.915261856597
0.922195233035
0.924863038247
0.92370234623
0.92036039768
0.917310125765
0.916950760003
0.920758928571
0.9288581176
0.939980614857
0.952039732154
0.96257093511
0.969370082636
0.970656312999
0.965791387656
0.955385354263
0.941453480972
0.927033462198
0.915215434084
0.908529654887
0.908199527898
0.914135361851
0.9250510124
0.938864972701
0.953008309667
0.965071355358
0.973120251506
0.976232669655
0.974487152922
0.968874001546
0.960933484116
0.952328245257
0.94463148081
0.939100635676
0.936683709964
0.937812013527
0.942327525376
0.949315180841
0.957384417222
0.964862869487
0.970177250979
0.972184751524
0.970200803213
0.964286664715
0.954898581466
0.943187837695
0.930986027521
0.920535785473
0.914058751399
0.913136499786
0.917899031107
0.927040940086
0.93819768072
0.948515175479
0.955199692358
0.956175298805
0.950232415732
0.937484287271
0.919476963482
0.89914515635
0.880263376307
0.866695936119
0.861342479177
0.865479830091
0.878612872757
0.898861823785
0.923489093184
0.949426170996
0.973595801982
0.993402027122
1.00700113379
1.01355361525
1.01339860861
1.00779034799
0.998656182988
0.988109495295
0.978187919463
0.970595748304
0.966708257713
0.967188474845
0.972044048362
0.980476853562
0.991117437722
1.00219824141
1.01175391319
1.01816975745
1.01996918873
1.01630976826
1.00686939271
0.992417457759
0.974576016809
0.956162241799
0.940437273191
0.930349000089
0.927727219005
0.932570123558
0.943419255471
0.957806395601
0.973052765637
0.986682175051
0.996774761039
1.00210345441
1.00248510434
0.998670895635
0.992223099824
0.985238167707
0.979517413238
0.976149399195
0.975187449185
0.976025652552
0.977510975719
0.978527332916
0.978366604004
0.976888118161
0.974784120892
0.973383458647
0.974058097795
0.977792569285
0.984610247693
0.993418847689
1.00229498164
1.00879134391
1.01052566596
1.00572773151
0.993862748745
0.975821182007
0.954372975474
0.933584998312
0.917844172491
0.910717540555
0.913867329614
0.926660390537
0.946489111512
0.969479298332
0.991361297365
1.00807876799
1.0166374502
1.01558491534
1.00552220118
0.989092886387
0.970317460317
0.953423278926
0.941684328637
0.936741392123
0.938333745059
0.944664398392
0.952810526643
0.959658698789
0.96253720945
0.959974444977
0.95206404321
0.940607155531
0.928516104047
0.918999001578
0.914687379638
0.91676259913
0.92494579773
0.937382612294
0.951200101865
0.963121155133
0.970134474718
0.970224755075
0.962839355625
0.949051141846
0.931236897275
0.912380644117
0.895512195122
0.88297246026
0.876176683563
0.875455328167
0.879912155192
0.888040033361
0.897808758296
0.907513297872
0.915900826446
0.922645040549
0.928186890274
0.933225020309
0.938624407352
0.944797471242
0.951677499836
0.958648361852
0.96465814975
0.968567944723
0.969332059767
0.9665047215
0.960511033682
0.952465087833
0.94398920924
0.936797376874
0.932229316308
0.93100132626
0.932930674012
0.937220777489
0.942434928631
0.946960203218
0.949378754779
0.948688907194
0.944864827681
0.938659156478
0.931411768728
0.924712917035
0.920058041439
0.91847005536
0.92026877946
0.92518869815
0.932198287396
0.94001946766
0.947040183387
0.951995666746
0.954147136743
0.953314277937
0.950066373941
0.945286996736
0.940064483285
0.935364821398
0.931772891546
0.929498197014
0.928451291712
0.928158796265
0.927989267147
0.927482833696
0.926337269595
0.924508755514
0.922344689379
0.920249908122
0.918648603445
0.91768885314
0.917402841692
0.917437985931
0.917304128054
0.916329694029
0.913868514905
0.909551447647
0.903299127586
0.895401112258
0.886468537274
0.877309363495
0.868794208481
0.861661001133
0.856410428255
0.853355817875
0.852648725693
0.854050184099
0.857250213493
0.86191483554
0.867541117303
0.873792637622
0.880232090153
0.886640890607
0.892783642037
0.898309018568
0.902907459711
0.906127901152
0.907599193006
0.906794012057
0.903669881078
0.898293492015
0.891135516097
0.88300522024
0.875008486659
0.868041028409
0.862962217301
0.860171191654
0.859625087713
0.860957550173
0.863414305448
0.865962935306
0.867717989943
0.867842016459
0.86595443073
0.862120268494
0.856901311249
0.851244207997
0.846169581671
0.842688255818
0.841622551168
0.843364976772
0.847902333738
0.854925089824
0.86368913474
0.873300051644
0.882644742776
0.890838070659
0.897165227726
0.901305683564
0.903222442382
0.903243635359
0.901790614709
0.899400013636
0.896530653812
0.893664621538
0.891136834244
0.889297761423
0.888428478477
0.888820046813
0.890735685407
0.894412518175
0.899906584092
0.907058580004
0.915381709537
0.924269854825
0.932977602556
0.940578974099
0.946134090295
0.94879507892
0.947812246004
0.942759112681
0.93365364956
0.921217088413
0.906665300126
0.891552706067
0.877722284511
0.866626106942
0.859226400511
0.855648395722
0.855721227451
0.858466135458
0.862784138045
0.867342192691
0.870959150381
0.872714533565
0.872127204703
0.869377942502
0.865041300293
0.860074936172
0.855476088461
0.852152561794
0.850507416081
0.850810496004
0.852642440267
0.855495797237
0.858501208703
0.860797932483
0.861608733681
0.860514951784
0.857625686523
0.853321212908
0.848491714138
0.843946275002
0.840440517352
0.838518801298
0.838289257244
0.839545067893
0.841855345912
0.844377320496
0.846321302373
0.84670700415
0.844900556881
0.840605634703
0.833973620182
0.825574694243
0.816375427275
0.807425553576
0.799588607595
0.793674272227
0.790095226162
0.788975640225
0.790176621107
0.793356665208
0.797943702589
0.803329766476
0.808789611703
0.813901913572
0.818276944541
0.821791583547
0.824509370859
0.826631509558
0.828308364544
0.829690119853
0.830853005786
0.831788120403
0.832404828227
0.832577358022
0.832130922265
0.831009358709
0.829321386882
0.827187045354
0.824916996047
0.822809948618
0.82110048597
0.819979447576
0.819520039584
0.819629789066
0.820098039216
0.820641527914
0.820918398627
0.820661868733
0.819582535664
0.817612985162
0.814855016282
0.811491904275
0.807961302647
0.804617737003
0.801812450749
0.799687622023
0.798223388082
0.797259217513
0.79645205236
0.795490283341
0.794044886889
0.791945302426
0.789037045976
0.785590935256
0.781926833707
0.778551110573
0.775892669133
0.774337866858
0.773911502334
0.774551415274
0.775833502892
0.77721152454
0.778118757419
0.778013360441
0.776391891102
0.773140386482
0.768333481363
0.76236799048
0.756059747771
0.75015641293
0.745537703068
0.742771832318
0.742107276312
0.743404080675
0.746173432058
0.749670503471
0.752974354455
0.755215864491
0.755545670225
0.753454437165
0.748828323234
0.741865185981
0.733224125093
0.723837209302
0.714774907749
0.707018162582
0.70147985348
0.698617700463
0.698573859968
0.701137569256
0.705760279861
0.71174504655
0.718231214914
0.72445409579
0.729601403254
0.733069055256
0.734397195273
0.733510189316
0.730498798077
0.725949442914
0.720451626393
0.714813821065
0.709801352116
0.705954153022
0.703772068237
0.703412542433
0.704894105031
0.707903677654
0.711993318818
0.71647852834
0.720686767169
0.724011866591
0.726047544723
0.72671815368
0.726103162198
0.724629846533
0.722793346321
0.72121447569
0.720340750007
0.720646330234
0.722260121608
0.725173621416
0.729088527713
0.733476947013
0.737683690677
0.741102285818
0.743163735024
0.743554454537
0.742246283722
0.739610330213
0.736101849045
0.732450729652
0.729301075269
0.727178238404
0.726352251532
0.726909295508
0.728644858425
0.731192112339
0.7341010915
0.736794363983
0.738807328318
0.739908409911
0.740029006526
0.739330091842
0.738103032648
0.736752035879
0.735574951672
0.734742057709
0.734306824132
0.734162105508
0.734092568258
0.733843537415
0.733107610776
0.731791600213
0.729720134903
0.726995680218
0.723718043446
0.720148703272
0.716482092366
0.713025061772
0.710010289578
0.707535797242
0.705762951196
0.704685936304
0.704266407561
0.704434367823
0.705132357704
0.706222012727
0.707419973447
0.708618088222
0.70954134981
0.709940298507
0.709661937187
0.708603089524
0.706860142392
0.704657121326
0.702207538669
0.699901460181
0.698045496337
0.696887526527
0.696636139486
0.69717587026
0.698397294516
0.700020710672
0.701679544166
0.702906836784
0.703452247446
0.703012781497
0.701509342097
0.699081790357
0.69592683954
0.692539360687
0.689298281929
0.686611026214
0.68472559993
0.683838620771
0.683964207924
0.685045898727
0.68688886239
0.689301460664
0.692001807501
0.694718724522
0.697262674482
0.699377981762
0.700986455097
0.702010913805
0.702578018996
0.702809548239
0.702891326022
0.703045148024
0.7034113591
0.704154706149
0.70533397695
0.706995240104
0.709058603867
0.711325591917
0.713593702695
0.715468940317
0.716650826256
0.716815797593
0.715932686646
0.714002047718
0.711478960396
0.708808608762
0.70655652757
0.705201788304
0.704896404905
0.705745341615
0.707472225541
0.709871914089
0.712420276275
0.714725891577
0.716395864106
0.717169840533
0.716795480647
0.715392481949
0.713105149553
0.710033987569
0.706513479833
0.702718212021
0.69888431119
0.695140618903
0.691580369203
0.688335887957
0.685428769226
0.683048089671
0.681346837885
0.680364195484
0.680223261427
0.680754580083
0.681809905317
0.683155324992
0.684583960439
0.685830860534
0.68682257213
0.687589469098
0.688131273891
0.688613861386
0.689273526609
0.690172245297
0.691389158969
0.692883781571
0.694548215642
0.696195187492
0.697512621598
0.698368805344
0.698536554793
0.697940647766
0.696500885852
0.694261672782
0.691293375394
0.687761062781
0.683802618832
0.679712534611
0.67576030009
0.672191471598
0.66930057411
0.667354989829
0.666666666667
0.667394312068
0.669648071308
0.673221319547
0.677812770162
0.682759477165
0.687445264607
0.691061012139
0.693135978147
0.69326778817
0.691496163683
0.688129863503
0.683703233989
0.678828672978
0.674017467249
0.669547172149
0.665546270314
0.662006097749
0.658760756253
0.655670741142
0.652666894474
0.649828607043
0.647385671921
0.645611515284
0.644791861699
0.645095898955
0.646464331389
0.648787954517
0.651843036548
0.655399886913
0.659192542672
0.662988998518
0.666687655448
0.670243473896
0.67363951419
0.676970393613
0.680225359089
0.683347766918
0.686157184933
0.688413702815
0.689788356465
0.69003164557
0.689026915114
0.686856411896
0.683760683761
0.6800549591
0.676154091054
0.672361872761
0.668897799387
0.665795851563
0.663127807268
0.660822931694
0.658890941541
0.657283009436
0.656175994017
0.65571681636
0.656117161563
0.65740625776
0.659619516144
0.662627211523
0.666088273338
0.66975102547
0.67320617039
0.676152240244
0.67835581246
0.679731243001
0.68026713309
0.680093514043
0.67922690132
0.67779554218
0.675840210876
0.673452666078
0.670663241031
0.667571884984
0.664468817343
0.661525527856
0.65911378023
0.657395948675
0.656568627451
0.656578256303
0.657314496963
0.658574654623
0.660099509133
0.661584855085
0.662823821174
0.663650025046
0.664024147539
0.663936852491
0.663372149917
0.662213864211
0.660305960736
0.657467690215
0.653559454445
0.648516636617
0.642401823166
0.635429825145
0.627959790268
0.620328198259
0.612961658448
0.606308999899
0.600706951692
0.59654927913
0.594240216839
0.59410045538
0.596242853253
0.600863622454
0.607752778531
0.616681275706
0.627129443327
0.638535297852
0.650262094755
0.661643055695
0.672127831715
0.681292517007
0.688712612891
0.694127017106
0.697356045564
0.69821802935
0.696510977486
0.692305005414
0.685644514216
0.676938092582
0.666596968113
0.655364672265
0.644100849701
0.633722546567
0.625043273558
0.618765500138
0.615118390844
0.614105759055
0.615347885402
0.618267619601
0.622281860721
0.626835109152
0.631464611072
0.635987700138
0.640328720339
0.644489679309
0.64837994421
0.651838077528
0.654467476769
0.655936260674
0.656018865902
0.654482438275
0.65155301678
0.647601410307
0.643272572523
0.639367968116
0.636510330796
0.635073740127
0.63503649635
0.636118409529
0.637822208117
0.639548947069
0.640785411731
0.641299236807
0.641089018938
0.640333624709
0.639257101238
0.638023864959
0.636657819147
0.635073676551
0.63308670773
0.630587204207
0.62771828515
0.624630541872
0.621925968978
0.620111127147
0.619632560971
0.620776816547
0.623473011364
0.627410517327
0.632106544465
0.637000903342
0.641428154206
0.644843974505
0.646925758362
0.647487904726
0.646519600537
0.64408990942
0.640419262188
0.635653701005
0.630104143253
0.624145700338
0.618338970312
0.613342333221
0.609704247939
0.607918593895
0.608079844421
0.609995261182
0.613144788978
0.616908898845
0.620585970445
0.623440103685
0.625042111173
0.625207860922
0.624134256793
0.622349570201
0.620430971792
0.61868270815
0.617247466994
0.616133625832
0.615102356122
0.613941953733
0.612674143351
0.61120582765
0.609741987736
0.608455882353
0.607448223447
0.606886657102
0.606741150359
0.606913153045
0.607091663523
0.60720242608
0.607081602317
0.606717475394
0.606320402906
0.606195031631
0.606574515042
0.607440267725
0.60867181074
0.609887941919
0.610632126823
0.610516649365
0.609100723739
0.606350726025
0.602403903368
0.597660864771
0.592618656658
0.587707021227
0.583346249225
0.5798374613
0.577448438649
0.576176106469
0.575961352657
0.576547733848
0.577610101632
0.57880361608
0.579862047705
0.580536523052
0.580767131831
0.580494321977
0.579678594047
0.57843020249
0.576838748256
0.574831693423
0.572427770934
0.569639318272
0.56640424101
0.562821222424
0.559030523486
0.555401826304
0.552257657089
0.550049164208
0.548972803757
0.54905241857
0.550160809083
0.551974931332
0.554156171285
0.556442506133
0.55864826721
0.560737698444
0.562644089355
0.564367907943
0.565857572718
0.567038543638
0.567712968206
0.567711509534
0.566903710969
0.565208470125
0.562839059675
0.559883554061
0.556614920751
0.553357289942
0.550273857594
0.547530325854
0.545121230041
0.543007790981
0.54119732178
0.539773400182
0.538723202278
0.538105413105
0.537826086957
0.537754095125
0.53761743112
0.537160958226
0.536155624651
0.534640312387
0.532625066146
0.530326082487
0.527994036773
0.525791178669
0.523689014271
0.521701388889
0.519670781893
0.517545298024
0.515415439974
0.513471587198
0.512043037046
0.511399195351
0.511610032362
0.512445212916
0.513526473526
0.514333426106
0.514474936548
0.513747272367
0.512076717998
0.509752198241
0.507108433735
0.504537571089
0.502166079598
0.499959359506
0.49771372581
0.495134069724
0.492166508206
0.48895177063
0.485883976745
0.483380140001
0.481875261616
0.481398158564
0.481711353856
0.482422997947
0.483073660168
0.48326911377
0.482941010215
0.482148600836
0.481290270941
0.480732484076
0.480638264175
0.481036114178
0.481563102593
0.481790950654
0.481343579181
0.480145268787
0.478264369667
0.476223322243
0.474436458674
0.473245794009
0.472565496787
0.471982134734
0.471103909593
0.469553959238
0.467285012801
0.46453079611
0.461852631579
0.45969535479
0.458404570285
0.457893647838
0.457903603567
0.457837727366
0.457406048749
0.456303958299
0.454623183095
0.452718098958
0.450944546009
0.44978714778
0.449277123071
0.449215423914
0.449228137347
0.449074264132
0.44862758106
0.448093841642
0.447755516104
0.448004425155
0.448751923406
0.449811256005
0.450477995005
0.450253170035
0.448709579144
0.445868509689
0.442154197
0.438356764332
0.435236477659
0.433436933437
0.433028463971
0.433782409761
0.435128647829
0.436505604299
0.437599597417
0.438270052804
0.438653001464
0.439084389593
0.439843847336
0.440965751439
0.442175461851
0.443178036606
0.443745544513
0.443710012288
0.443369160279
0.4430571157
0.443139813003
0.443682278923
0.444366444366
0.444655142
0.443985796715
0.442009030355
0.438678481468
0.434375563978
0.429821557318
0.425775367515
0.422693521853
0.420670341786
0.419379437286
0.4183378461
0.417134880475
0.415557687277
0.413759630871
0.412194381828
0.411381063152
0.411664527172
0.412992930755
0.414987662724
0.417155418961
0.419057852661
0.420436026352
0.421312835743
0.421965571755
0.422645166975
0.423492007419
0.424404287359
0.425106818586
0.425304714106
0.424772009029
0.423444171891
0.421508316245
0.419254064393
0.416962300957
0.414767856337
0.412583583898
0.410242659874
0.407479841404
0.404135021097
0.400234368091
0.396112282551
0.392244382512
0.389152469269
0.387184640383
0.386506013855
0.387087341611
0.388745762712
0.391191446029
0.394034163338
0.396823304274
0.399064108563
0.400378981434
0.400538047656
0.399557769095
0.397714879252
0.395469241524
0.393366266761
0.391861964691
0.391156462585
0.391086927193
0.391237020316
0.391181801704
0.390595297649
0.389359179019
0.387532538704
0.385257492132
0.382683569611
0.379955728226
0.377134009514
0.374303046523
0.371622581218
0.369373231966
0.367955436171
0.367683942822
0.36869982548
0.370763888889
0.37339124422
0.375930317796
0.377907679034
0.379156209433
0.379826124755
0.380357298856
0.381250274183
0.382724910828
0.384618445486
0.386468705548
0.387706019348
0.387911392405
0.387034753619
0.385365291542
0.383400640579
0.381598209707
0.380091597346
0.378680773372
0.376943649416
0.374564623929
0.371521677529
0.368165467626
0.365105718746
0.362937491168
0.361978484565
0.361995084172
0.36243904683
0.362705124103
0.362383400828
0.361481615814
0.360412715615
0.359754783077
0.359985721935
0.36108870074
0.362598147331
0.363865287255
0.364320655767
0.363766962825
0.362552663089
0.361358990312
0.360869758549
0.361282290694
0.362209069467
0.362890694767
0.362576383896
0.36085813964
0.357936108953
0.354601114027
0.351785383904
0.350180873759
0.349765345477
0.349932448171
0.349840957994
0.348845737928
0.346757663061
0.34405263407
0.341570165903
0.340138294369
0.340124293257
0.341255397186
0.342791793734
0.343993364361
0.344421953351
0.344168540873
0.343863979158
0.344279940052
0.345928764653
0.348687275986
0.351881444449
0.354639543183
0.35628603352
0.356600053768
0.355978456014
0.355232793068
0.35512567325
0.355930300445
0.357379043157
0.358773401024
0.359351712157
0.358619416759
0.356585252384
0.353681943729
0.350489089541
0.347482999622
0.34477243605
0.342221903807
0.339581529582
0.33675168175
0.333914606305
0.331336248785
0.329300567108
0.32791809533
0.326998796631
0.326345377667
0.325756411488
0.32521843495
0.32493889874
0.325213573235
0.326194992413
0.327841310179
0.329823905834
0.331804891632
0.333550323176
0.335067322274
0.336589828028
0.338361774744
0.340424761128
0.342549063839
0.344297297297
0.34521974307
0.345201951748
0.344527498414
0.343891032917
0.343978533746
0.345053542948
0.346816976127
0.348495306461
0.349238908483
0.348514944252
0.346435489205
0.343745247148
0.341430956356
0.340141552293
0.339808993617
0.339818436429
0.33925370226
0.337514146533
0.334508090936
0.330848303393
0.327493880813
0.325255496286
0.324265473527
0.323987492555
0.323606215559
0.322438127423
0.320318942819
0.317756223091
0.315690510089
0.314923995921
0.315587783327
0.317201998572
0.318874172185
0.319880228227
0.320006587305
0.319651986305
0.319729351377
0.321036769138
0.32369694456
0.327175509455
0.330487190064
0.332757039347
0.333604186751
0.333374655647
0.332951105403
0.333159245006
0.334313995051
0.336072807501
0.337665880612
0.338373718546
0.337945610821
0.336753996028
0.335540019974
0.335026546133
0.335364972296
0.336124355357
0.336522937586
0.335905354919
0.334039448526
0.33139092982
0.328728438406
0.326799020108
0.32581834947
0.325459696111
0.325082953131
0.324125162973
0.322404142909
0.320251907599
0.318353112638
0.317227456258
0.317114889232
0.317808711732
0.318939432791
0.32016793815
0.321400500179
0.322701659983
0.324219813461
0.325951331865
0.327671014637
0.329099742217
0.330005431294
0.330465104857
0.330882854775
0.331697183439
0.333159306447
0.335042368847
0.336857102151
0.338123306555
0.338600085767
0.338564337533
0.338643954576
0.339418909264
0.341007468011
0.342942857143
0.344444444444
0.344810480181
0.343841265221
0.342065466608
0.340453121942
0.33987745098
0.340563255677
0.341994465309
0.343327850057
0.34382305522
0.34323237465
0.341939456131
0.340707690721
0.340058010048
0.339854242582
0.339439869932
0.337938886829
0.334754238648
0.330083535435
0.324932381261
0.320657937453
0.318199502864
0.317653414002
0.318353539727
0.319423014234
0.32018318613
0.320605729877
0.321201567262
0.322584135916
0.324986563474
0.328018600673
0.330777014433
0.332343409658
0.332139830508
0.33025768035
0.327463904583
0.324748365674
0.322950904127
0.322353242758
0.322932965179
0.32449354493
0.326902339776
0.330118409068
0.3339768728
0.338094048273
0.342015133413
0.345204594044
0.347500124372
0.349036786301
0.350333267012
0.351916013104
0.353915110693
0.355976835123
0.357436889352
0.357726978435
0.35675391622
0.3550145714
0.35336221226
0.352500630835
0.352470135655
0.352737913486
0.352558974359
0.35163993792
0.350299869622
0.349375459221
0.34962279082
0.351053329796
0.352770942548
0.353400367607
0.351843141545
0.347936122009
0.342815004452
0.338388466696
0.336288740683
0.336850402567
0.339064805357
0.341226058034
0.341916410643
0.340645085895
0.338235984049
0.336191928672
0.335655233069
0.336764187522
0.338548310891
0.339614561028
0.339059414827
0.336944927189
0.334525586672
0.333333333333
0.334204946996
0.336800750557
0.339910996604
0.342275042445
0.343211968909
0.343155384973
0.343239656068
0.344499771062
0.347142125917
0.350484611461
0.353329938324
0.354709633727
0.354627602851
0.353967282439
0.354064032622
0.355767548655
0.35908893001
0.363369027559
0.36771546571
0.371559533496
0.374824495086
0.37778016316
0.380563711098
0.382915402225
0.384277801449
0.384155774873
0.382658126501
0.380568871844
0.378976127321
0.378535940803
0.379070749736
0.379825350622
0.380032959439
0.379507978014
0.378964522334
0.379530416222
0.38189131593
0.385763037219
0.390003214401
0.393299497867
0.394870957204
0.394941911442
0.39447316322
0.394533531713
0.395361565679
0.39619407968
0.395742529769
0.393241019238
0.389106417082
0.384951065055
0.382725538924
0.383356562137
0.386107370763
0.38911201943
0.390506215096
0.389387308534
0.386580431584
0.383999753558
0.383461157843
0.385362363919
0.388561742733
0.391177031061
0.391676308009
0.389693195823
0.386465331681
0.383834020551
0.383091374893
0.384223044397
0.386278558583
0.387961282517
0.3885749136
0.388503239004
0.388668128254
0.389872024219
0.39213599613
0.394789787706
0.396851105241
0.397923611111
0.398428739531
0.399261916259
0.401095267617
0.403981781796
0.407195789182
0.409965969859
0.411853702547
0.413242608455
0.414939610211
0.417498123251
0.420818299408
0.424135348584
0.426700251889
0.428310719132
0.429645332795
0.431642705005
0.434652617715
0.437950192823
0.439989582655
0.439424451085
0.435917680559
0.430884904569
0.426868712594
0.425948368365
0.428611791298
0.433594582732
0.438918512013
0.442960967358
0.445486262538
0.447609057815
0.450704999084
0.455205180971
0.460309806522
0.464317976513
0.465889932563
0.464798462185
0.462392447419
0.460608757565
0.460804197866
0.46288968473
0.465725664753
0.468032499415
0.46919983682
0.469692923899
0.470606270971
0.47257132956
0.475431906165
0.478349143915
0.480311090552
0.481089965398
0.481143021252
0.481356320522
0.482148997135
0.483312233859
0.484216923255
0.484432042786
0.484240237444
0.484413849193
0.485562768054
0.487481172518
0.489242380261
0.489776897536
0.488777297676
0.487148782055
0.486449089211
0.487768817204
0.490909090909
0.494419484512
0.496604110813
0.496592610336
0.495251229164
0.494590870972
0.49622573688
0.500258615505
0.505041813114
0.508275271972
0.508379956963
0.505759162304
0.502437523083
0.500726779995
0.5014420994
0.503535511275
0.504950119965
0.504030563515
0.500907928389
0.497649846311
0.496520734369
0.498765830964
0.503487460815
0.508545935228
0.511717603096
0.511993560504
0.510323491829
0.508594382933
0.508192705498
0.509370696778
0.511365221029
0.513079901443
0.514015848309
0.514489361702
0.51522141535
0.51652311226
0.518167284354
0.519584591589
0.52033948779
0.52064753054
0.520987654321
0.521641678025
0.522289340878
0.522341002401
0.521507064364
0.520233092841
0.51980687894
0.521030249539
0.523730184406
0.526725620241
0.528515625
0.528513650152
0.527736667517
0.528251389483
0.531615120275
0.537496751841
0.543934339888
0.54837587007
0.549107709032
0.546819804155
0.544124413362
0.543883495146
0.546829541216
0.551115522783
0.55372186959
0.552283171996
0.546629046629
0.539578758235
0.534874135435
0.53469565835
0.538508168088
0.543678292675
0.547155870339
0.5471989766
0.544230479916
0.540024930898
0.5363383246
0.534010998167
0.532852221297
0.532126181528
0.531202557851
0.52988969349
0.528471952211
0.527666966158
0.528732971023
0.5331075904
0.541448739873
0.552776344113
0.564423346145
0.572952494246
0.575218090293
0.570042482478
0.559999458611
0.550932587625
0.548278346451
0.553349298666
0.563135663869
0.572217098262
0.575794408752
0.572603782423
0.566171827966
0.561911903082
0.562716634573
0.567141909814
