0.977050328588
0.97514322676
0.973550282392
0.973382371275
0.974825577214
0.976616905467
0.977186680905
0.976036515785
0.973626996881
0.971623801841
0.97137150466
0.973056994819
0.975285872372
0.976235484742
0.975316287711
0.972866174921
0.970480028031
0.969179871147
0.969208336907
0.969424611508
0.968518213285
0.966017439491
0.96305918649
0.961133603239
0.96133483074
0.963292634896
0.965169145411
0.965029142381
0.962729658793
0.959031100478
0.955631653391
0.954254614989
0.954610951009
0.955483552863
0.955738726882
0.954970438609
0.954205286646
0.954259107094
0.95567303782
0.957262681401
0.957705110632
0.956135837407
0.95307112757
0.94997772545
0.94881042774
0.950028109189
0.952605763335
0.954734244267
0.95501545044
0.953640819701
0.951927037364
0.951282201063
0.952419354839
0.954805136037
0.956935403105
0.958078554509
0.958335620574
0.958513728284
0.959570642402
0.96185300764
0.964393418338
0.966334879358
0.967212268291
0.96712793868
0.966806895136
0.966783840236
0.967073845071
0.96727308681
0.966731612275
0.965450685196
0.963976945245
0.963058665901
0.963038624163
0.963656853078
0.963956451239
0.96329055912
0.961548974943
0.959280130885
0.957236693092
0.955947136564
0.955342477915
0.954740435963
0.953567873988
0.951947047193
0.950481901906
0.94992743106
0.950579052306
0.951898414834
0.952859286429
0.952872419796
0.952012576015
0.950938249153
0.950541531112
0.951008410223
0.951726084852
0.951813471503
0.950913693537
0.949191321499
0.947854212685
0.947886713672
0.949751107279
0.952929277212
0.956296611152
0.958856614531
0.960553713272
0.961635050033
0.96270558258
0.964018278868
0.965044551062
0.965384324692
0.964826391504
0.963697364949
0.962835538752
0.962985390962
0.96429380237
0.966132241955
0.967587573367
0.968093850407
0.967693576194
0.96699160676
0.966814993589
0.967408076474
0.9685204617
0.969510144603
0.969707169303
0.969229035167
0.96845962076
0.968263586442
0.968957955233
0.970356698934
0.971774345097
0.972648155823
0.972645876015
0.971988366753
0.971119411606
0.970679012346
0.970680023117
0.970942539353
0.971229125689
0.971300031027
0.97129466901
0.971343330455
0.971521850293
0.971711846402
0.971509634709
0.970806100218
0.969474188908
0.967740634703
0.965945529082
0.964390363015
0.963260152336
0.962462217139
0.961969048403
0.961879765029
0.962421888195
0.963577429948
0.964960376954
0.965986977382
0.966078464965
0.964931883622
0.962749599342
0.960061242345
0.957541554605
0.955725596002
0.954692127481
0.954117906823
0.953742640875
0.953346404064
0.953123595506
0.953322176489
0.953905365633
0.954705404674
0.955369971264
0.955806552821
0.956351703677
0.957374677937
0.959248502451
0.962108507456
0.965192723343
0.967760660862
0.969403614725
0.969859730114
0.969540434628
0.968938278217
0.968470671944
0.968446067861
0.968839510459
0.969763252702
0.971215351812
0.973428303335
0.976369541065
0.979620549989
0.982353934482
0.983836117344
0.983895360719
0.98311247576
0.982192386542
0.981885367715
0.982599631144
0.984117506568
0.98561999057
0.986569648179
0.986689615605
0.986272720359
0.98571699905
0.985497893018
0.985570748659
0.985691870891
0.985671135995
0.985407038102
0.985171253933
0.985352622061
0.986112118355
0.987270155587
0.988311688312
0.988605515074
0.987838076719
0.986403400906
0.984902215512
0.984044239372
0.984105118152
0.984964528994
0.98601791674
0.986722571628
0.986927421042
0.986890403776
0.987188060962
0.988160646556
0.989789020529
0.991609187229
0.993013441146
0.993582470572
0.993301503599
0.992479850317
0.991483166515
0.99070980061
0.990196078431
0.990049384536
0.990233655193
0.990824669799
0.991862331554
0.993201133144
0.994541568059
0.995201167076
0.994852291499
0.993517204342
0.991634368165
0.99001465032
0.98927238806
0.989652739672
0.990783773139
0.991886889055
0.992226453614
0.991541022126
0.990236825596
0.988925235487
0.988220362511
0.988342020451
0.98881440641
0.988992845349
0.988223863195
0.986449551526
0.984071677451
0.981771629471
0.980123607508
0.979422930904
0.979353140278
0.979455362782
0.979211048263
0.978568304418
0.977663167835
0.976901040722
0.976365147627
0.976007746378
0.975470561129
0.974448722436
0.97303853618
0.971665919824
0.970749165491
0.970809695719
0.971631205674
0.972724799347
0.973391714382
0.973122767186
0.972063513154
0.970662418691
0.969591226321
0.969269655448
0.969693952068
0.970447257942
0.97111806356
0.971525446046
0.971899897517
0.972612780702
0.974029028356
0.975969987833
0.977877155537
0.979051557574
0.979185059423
0.978390741815
0.977192861572
0.976180526536
0.975856615709
0.976256094976
0.977019227364
0.97772496719
0.978372407896
0.979115744069
0.980536253502
0.982697051136
0.985338876104
0.987642833215
0.988809160873
0.988457541568
0.986851391004
0.984856961695
0.983343962186
0.983126812549
0.984155658425
0.985968194574
0.987534317726
0.988292898428
0.988051167394
0.987148976678
0.986126871408
0.985399328369
0.98507408615
0.984995523724
0.98486562942
0.984424766371
0.983856939081
0.983274342425
0.982997437496
0.982872699704
0.982685017588
0.982077764277
0.980977172607
0.979466799139
0.97804048476
0.977136815674
0.976849555181
0.977172117608
0.977620536449
0.977627829277
0.977133897364
0.976317425011
0.975696385701
0.975688118976
0.976248376029
0.977062535475
0.977346278317
0.976637227129
0.974895676849
0.972626204951
0.970592225765
0.969483970513
0.96966762356
0.970736454315
0.972035521504
0.972785318028
0.972904763574
0.972500088367
0.97223512596
0.972418772563
0.973255813953
0.974236745388
0.974808522995
0.974678049486
0.973929370983
0.97315266486
0.972960254832
0.973754706053
0.975479590365
0.977470228516
0.979020731621
0.979829107718
0.980081343206
0.98026862365
0.981046744459
0.982702293752
0.984871768603
0.986880811496
0.987989695895
0.988057324841
0.987284916939
0.986469539964
0.986262012483
0.987161716172
0.988885600605
0.99068536131
0.991877578869
0.99209537385
0.991530648668
0.990896335694
0.990800972469
0.991677675033
0.993315021346
0.995168922273
0.996524559778
0.99701086054
0.996753246753
0.99614213198
0.995721815319
0.995892018779
0.996532713845
0.997396285367
0.998054136697
0.998256989472
0.998140024566
0.998123362368
0.998358022488
0.999032292749
0.999892638586
1.00056915196
1.00077661677
1.00045601235
0.999895137894
0.999406673182
0.999338140523
0.999653415589
1.0
1.0
0.999330947044
0.998146922568
0.996714309184
0.99571180726
0.99546152088
0.99612894831
0.997284190107
0.998171611868
0.998249021044
0.997307570478
0.995604048071
0.993730407524
0.992288162488
0.991641772071
0.991736850469
0.992120230038
0.992236222477
0.991815333461
0.990907918494
0.989801902776
0.98904028436
0.988727537962
0.988914780293
0.989026017345
0.988698298057
0.987636070421
0.986052809749
0.984427825018
0.983559193781
0.983820891403
0.985230832788
0.987196165697
0.988910810259
0.989706778628
0.989353432251
0.988137082601
0.986659912192
0.985704675412
0.985724768194
0.986746233227
0.988334962529
0.989860828571
0.990874329231
0.991240735393
0.991021036429
0.990596212897
0.990114431024
0.989700463007
0.989296636086
0.988620507891
0.987523992322
0.986212892808
0.984980014989
0.984365188999
0.984690984691
0.986025236593
0.988055739881
0.990318075043
0.992311635059
0.99379970784
0.994695746714
0.995228721097
0.995529111201
0.995858585859
0.996304880916
0.996717467761
0.997020421828
0.997146214538
0.996997402247
0.996715316108
0.996480303235
0.996469401479
0.996741912963
0.997243823211
0.997826792086
0.998455051659
0.998974128811
0.999392175054
0.999712955285
0.99993659047
1.00009428329
1.00031127436
1.00077239163
1.00144735627
1.00240518039
1.0035305048
1.00454276735
1.00517924558
1.00511764339
1.00439526185
1.00324290614
1.00203474722
1.00123098289
1.00108556833
1.00161592657
1.00254594118
1.00331636841
1.00348821903
1.00273161099
1.00121778626
0.999373846559
0.997622114337
0.996329122296
0.995640830884
0.995303159693
0.994759967453
0.993754426631
0.992129998407
0.990202585253
0.988436036829
0.98745659858
0.98761783281
0.988824746087
0.990617072649
0.992258142559
0.993134256761
0.993046229146
0.99214995672
0.990832834032
0.989583960503
0.988760310602
0.988444202438
0.988329554044
0.988058889326
0.987390882638
0.986238672078
0.984804117992
0.983506890316
0.982652772093
0.982300604756
0.982344923769
0.982382895278
0.982117513483
0.981416737535
0.980387829103
0.979294430044
0.978465338696
0.978055335968
0.978036135114
0.978115577108
0.977818683847
0.976949871271
0.975506655474
0.973831497469
0.972258446947
0.971379626074
0.971405036479
0.972249055941
0.973553141293
0.974833091437
0.975737876194
0.976175219899
0.976309848418
0.976564116204
0.97740129816
0.978916474499
0.980989050656
0.983112802852
0.984719142085
0.985275660452
0.984615859875
0.982797307405
0.980368790768
0.978064799975
0.976484605255
0.976139978791
0.976935953872
0.978470744271
0.980290871076
0.981865046488
0.982862039417
0.983315573147
0.983426915414
0.983609004598
0.9842352316
0.985427517996
0.98712571362
0.989050032034
0.990743174186
0.99179847686
0.991935956835
0.991245791246
0.990075310876
0.988985693056
0.988290945192
0.988144966759
0.988505062537
0.988910711588
0.988855209577
0.9878647522
0.985796948974
0.983039348711
0.980144017159
0.977830562154
0.976670812729
0.976816074189
0.978228569696
0.980296462457
0.982206513202
0.983210409546
0.982801565651
0.980931458699
0.97803917024
0.974788708101
0.971745913606
0.969389504973
0.967865406038
0.967211711326
0.967150997151
0.967505121785
0.968132368856
0.969077178328
0.97040071546
0.972245731796
0.974442310533
0.976740019707
0.978626826189
0.97968900675
0.979733799085
0.978960656428
0.977756431423
0.97660871393
0.975972092744
0.976121650105
0.977099006921
0.978683216406
0.980466888995
0.982055368632
0.983209992102
0.983856450161
0.984054077476
0.983987097517
0.983846397057
0.98376502309
0.983864046005
0.984161410919
0.984748275272
0.985605346586
0.986759341701
0.988146301878
0.989627285513
0.990937361173
0.991757011021
0.991925074295
0.991337043164
0.990221446624
0.988957092135
0.987924596483
0.98760592262
0.988258730494
0.989751936583
0.991812865497
0.993907150924
0.995535320899
0.996402460253
0.996583405111
0.996407083179
0.996331684013
0.9967284934
0.9978625171
0.999657475595
1.00182757931
1.00385427968
1.00537142857
1.00616363741
1.00635177272
1.00615591084
1.00584691708
1.00573305464
1.00592695108
1.00639401617
1.00698059275
1.00745018251
1.0076097619
1.00739032754
1.00677367104
1.0058462352
1.00471725754
1.00352882849
1.00248893005
1.00183312806
1.00158581825
1.00193456136
1.00272988106
1.0039480635
1.00537889134
1.00677947109
1.00780611526
1.00827054892
1.0081874005
1.00767037354
1.00709869476
1.00679547352
1.00705697857
1.0079220703
1.0092773727
1.01072217908
1.01180382875
1.01210689944
1.01158163568
1.01047675103
1.00921470854
1.00824795972
1.00794450361
1.00834432529
1.00928624493
1.01018115633
1.01056855431
1.0100706912
1.00866705682
1.00671886279
1.00463863119
1.0029310778
1.0018297489
1.00133610029
1.00114728237
1.00077937823
0.999855177408
0.998144012992
0.995793321535
0.993263255706
0.991097663864
0.989678397527
0.9892874865
0.989859548925
0.990902506157
0.991850087525
0.992258393829
0.9918724251
0.990780338795
0.989333480712
0.988039004447
0.987334404966
0.987604111535
0.98877536739
0.990702508357
0.992850508064
0.994811493669
0.996379168906
0.997382869172
0.998049508074
0.998522638394
0.999005760739
0.999587835252
1.000354139
1.00123663987
1.00222456387
1.00328278427
1.00441405574
1.00568491774
1.00704689335
1.00836005497
1.00938779015
1.00985855122
1.00956719818
1.00849978751
1.00699399306
1.00537422622
1.00408646394
1.00354378703
1.00377682403
1.00471288961
1.0058356676
1.00672066678
1.0068781047
1.00615962221
1.00476120929
1.00305356831
1.00168125688
1.0009837963
1.00121404827
1.00227981069
1.00373745795
1.00502699152
1.00552110762
1.00496521544
1.00345250028
1.0013592233
0.999194779953
0.997487647601
0.99662266753
0.996592748232
0.997168030208
0.997872646256
0.998184176394
0.997864172944
0.996791258347
0.995245825603
0.993567166351
0.992048178682
0.990941338571
0.990332503296
0.98994813822
0.989644330343
0.989178105599
0.988528692327
0.987919612537
0.98756783697
0.987788669214
0.988762482268
0.990365225185
0.992300967314
0.994076131629
0.995282616727
0.995732817478
0.995585303332
0.995286387659
0.995374094932
0.996292434249
0.998275811684
1.00111846946
1.00425092251
1.00697674419
1.00864082205
1.0089406743
1.00814350797
1.0067624683
1.00549034987
1.00489962763
1.00531391458
1.00668233429
1.00847264221
1.01001578419
1.01054086746
1.00972077997
1.00765077807
1.00482952081
1.00197295886
0.999766797843
0.998828147888
0.999235631339
1.00067635123
1.00248967517
1.00383575974
1.00411203129
1.00312926718
1.00107150914
0.998513490772
0.996078870715
0.994276254875
0.993411976689
0.993361769442
0.993688262432
0.993798844716
0.993206329436
0.991816276831
0.989810688843
0.987680022815
0.985988285288
0.985191612437
0.985571328834
0.986997084548
0.98886271773
0.990473991109
0.991174202394
0.990794341061
0.98937360179
0.987492008783
0.985706355815
0.984636366167
0.984660172433
0.985822998873
0.987719099212
0.989740082079
0.99122029342
0.991796695732
0.991480052962
0.990658260065
0.989961300084
0.989896919292
0.990932909417
0.993065596506
0.99593495935
0.998770419814
1.00089883731
1.0018636924
1.00164581028
1.00059141602
0.999438643763
0.998904217358
0.999576558266
1.00181937061
1.0054140766
1.00963480067
1.01369346369
1.01678566225
1.01842697944
1.0186663536
1.01787449572
1.01677644209
1.01595052083
1.01583214962
1.01652892562
1.01764377771
1.01850125284
1.01851851852
1.01717021155
1.01447870946
1.01077316657
1.00674003925
1.00316636239
1.00077368331
0.999971209766
1.00075153197
1.00255072464
1.00452922219
1.00589927639
1.00601919163
1.00468377262
1.00197829692
0.998401580982
0.994697035556
0.991583559117
0.989675389675
0.989147989686
0.989753523104
0.990998522977
0.99225215218
0.99296518741
0.992865735948
0.991749314798
0.989737872681
0.987226910184
0.984621209915
0.982375120568
0.980815837884
0.98011627907
0.980181429479
0.980931594969
0.982271531511
0.984074887982
0.986296285722
0.988733522061
0.991150695916
0.993125375956
0.994365794366
0.994552662351
0.993713911881
0.992014550001
0.989946170716
0.988052945221
0.986874439851
0.986791736068
0.98801405249
0.990274514469
0.992990723894
0.995358248036
0.996543268236
0.99610974611
0.994009549993
0.990651525579
0.986857859627
0.983440505321
0.981384343463
0.981292078499
0.983299682723
0.987069967457
0.99168934539
0.99602414961
0.998963392963
0.999791654265
0.998326259788
0.994933141452
0.990241998439
0.985419416777
0.981523006548
0.979433530478
0.979443772672
0.981247440173
0.984220162157
0.987462358119
0.990178752499
0.991847193105
0.992244873979
0.991653300065
0.990477048786
0.98938686397
0.988898377455
0.989399725065
0.990794086267
0.992778249788
0.994839449541
0.996605893131
0.997634305564
0.997816201986
0.997306115119
0.996284421538
0.995322759572
0.994905909145
0.995422724825
0.996983724056
0.999552252172
1.00284184391
1.00652729734
1.01019634024
1.01362381098
1.01645043144
1.01845816359
1.01947438079
1.01950835172
1.01868162869
1.01722799938
1.01549364914
1.0138079631
1.01246687545
1.01152841574
1.01122277049
1.01154055855
1.01238607866
1.01359787379
1.01487742499
1.01594676042
1.01637124957
1.01608283763
1.01494083305
1.01309989057
1.01080458339
1.00837728824
1.00609491987
1.00429012346
1.00307891253
1.00245617267
1.0022647977
1.00219719857
1.00191921038
1.00112760187
0.999694301785
0.997632517526
0.995043216952
0.992192623591
0.989405181087
0.987030199754
0.985329841941
0.984388251924
0.984130943102
0.984272162655
0.984553617947
0.984759814679
0.98469030589
0.984399328347
0.983921544515
0.983489541307
0.983293107231
0.983467678205
0.984140101071
0.985163015792
0.986269150086
0.987337765116
0.9880941132
0.988492772709
0.988619309655
0.988502874281
0.988394644645
0.988552969955
0.989148213387
0.990162073532
0.991630081172
0.993328696092
0.994999050453
0.996480101475
0.997487117501
0.998019359167
0.998073712598
0.997806663871
0.997314437326
0.996924073175
0.996737726098
0.996915563552
0.997448003062
0.998290111143
0.99927593263
1.00025120894
1.00113236034
1.00186708861
1.0024600639
1.00294032117
1.00326605265
1.00355578968
1.00376697618
1.00392687434
1.00396968603
1.00383764798
1.00351159794
1.00303611377
1.00244887574
1.0018430251
1.00127502231
1.00086605081
1.00067888663
1.00071672911
1.00091776197
1.00118421053
1.00131695914
1.00121650501
1.00075404891
0.999934653336
0.998957722624
0.99792032235
0.997047180219
0.996595220338
0.996661155953
0.997310347062
0.998509880143
0.999967610287
1.00152340205
1.00285862786
1.00381666939
1.00420112905
1.00400119044
1.00313228924
1.00184464717
1.0002356823
0.998619296178
0.997114868492
0.995870108243
0.994819336743
0.993952271984
0.993120010385
0.992174362954
0.991128953929
0.989935509087
0.988618421053
0.987182901658
0.985816319655
0.984591836735
0.983584131327
0.982890189235
0.982445974504
0.982196046575
0.982036129206
0.981825457698
0.981662348017
0.981426103137
0.981243533692
0.981128267232
0.98121156525
0.981501184062
0.982000692281
0.982664995823
0.983325775282
0.983901317165
0.984301740006
0.984540361071
0.984631818338
0.984697912727
0.9848677649
0.985348364188
0.986222176065
0.98754522683
0.989198070335
0.991050119332
0.992890578256
0.99443034405
0.995449253889
0.995871268262
0.995728758516
0.995161233356
0.994414395305
0.993700230048
0.993339002268
0.993546328144
0.994430846724
0.995920539198
0.997977647685
1.00031959092
1.00274011601
1.00503643378
1.00707411663
1.00874498609
1.00996544826
1.01071454692
1.01097086666
1.01083045745
1.01029153238
1.00940233236
1.00825608343
1.00683674571
1.00526523156
1.00364754685
1.00211408915
1.00075659317
0.999673167012
0.99901080784
0.998855328262
0.999146504379
0.999851422628
1.00070328694
1.00158035944
1.0022579118
1.00259843372
1.00250887065
1.00214400572
1.00146748273
1.00064825152
0.99989092099
0.999301470588
0.998997102741
0.999064581307
0.999362197044
0.999775423887
1.00011153246
1.00025782689
1.00007296075
0.999601694608
0.998989534464
0.998264704819
0.997706422018
0.997422965063
0.997611940299
0.99829848376
0.999388542821
1.00069204152
1.00192337283
1.00279522132
1.0030758715
1.00266987553
1.00163995527
1.00003705213
0.998076353951
0.995992430146
0.994057629779
0.992490849402
0.991576138746
0.991313705896
0.991696597536
0.99254279201
0.993610223642
0.994686747448
0.99552759248
0.996202579238
0.996710526316
0.99716576543
0.997758601367
0.998572823556
0.99977286493
1.00137488543
1.00331087584
1.005382173
1.00722105754
1.00857519789
1.00920731943
1.00897500096
1.00790089364
1.00608030593
1.00382175342
1.00141713585
0.999230325188
0.997598481621
0.996840750419
0.997057438795
0.998109715276
0.999842321034
1.00181023966
1.00352830485
1.00456460674
1.00458163463
1.00336583101
1.00096569839
0.997564370216
0.993523617467
0.98928585343
0.985550377883
0.982775571198
0.981392415044
0.981507038366
0.983078194483
0.985687397067
0.988832923353
0.991987553481
0.994645559306
0.996547443557
0.997511180245
0.997498827575
0.996773685867
0.995679575092
0.994693160961
0.994187211866
0.994457386135
0.995666653292
0.997720820505
1.00043761935
1.00344200032
1.00657583871
1.00954101064
1.01224778205
1.01464451618
1.01674518032
1.01854288791
1.02017441627
1.02168547963
1.02299878098
1.02420864187
1.02534421835
1.02628705464
1.02705962768
1.02749360614
1.02771151399
1.02774804773
1.02758183403
1.02741467678
1.02718779943
1.02698795181
1.02673559226
1.02647798232
1.02594397077
1.02516819324
1.02408326274
1.02259887006
1.02071570577
1.01847246892
1.01601381584
1.01350135014
1.011037614
1.00891209611
1.00726038748
1.00615079365
1.00562178542
1.00555644388
1.00579420579
1.00605360628
1.00613812767
1.00578102879
1.00496113129
1.00353672756
1.00174499767
0.999767053616
0.99781582745
0.996268070396
0.995247148289
0.995131489684
0.995829155805
0.997350248916
0.999479771099
1.00186737653
1.00420978086
1.00626800592
1.0079851869
1.00920245399
1.01010681061
1.01087081781
1.01157523905
1.01248385708
1.01370079987
1.01532306461
1.01727679111
1.01939672554
1.02156193535
1.02343345932
1.02487718609
1.02587678461
1.02647228084
1.02681496153
1.0271780447
1.02765381241
1.0284208907
1.02952503209
1.03083648393
1.03220541401
1.03323178065
1.03361175809
1.0330479315
1.03126735973
1.02837296915
1.02451607898
1.01993240648
1.01491512493
1.00989119683
1.00525734314
1.00122469287
0.997958869291
0.995582765034
0.994046692607
0.99310667134
0.99254368932
0.992012039824
0.99116296863
0.989806744979
0.987828242984
0.985255142036
0.982215277003
0.978979090706
0.975749888076
0.972790645379
0.970388788427
0.968589161368
0.967473812054
0.96714774022
0.967504644902
0.96837451825
0.969685572439
0.971248876909
0.972958860169
0.974689198243
0.976365937174
0.978035501193
0.97956739765
0.98094128261
0.981944549369
0.982469454352
0.982367278544
0.981676591846
0.9804400978
0.978891518437
0.977264071902
0.975785638379
0.974823271463
0.974507662763
0.974930571193
0.976033553026
0.97769210615
0.979607901938
0.981489145566
0.983088040558
0.984227369704
0.984840343875
0.985049256326
0.985057248205
0.984991056847
0.985128523724
0.985658510186
0.986599086127
0.987882944673
0.989294090943
0.990442144873
0.991027181258
0.990752922603
0.989425981873
0.986954206603
0.983587069065
0.979601298099
0.975498951619
0.971696279305
0.968677314312
0.966653831344
0.965701423067
0.965555010009
0.965940564414
0.966495612078
0.966854515794
0.966787887784
0.966051798025
0.964668817043
0.962782437845
0.960476262934
0.958139001453
0.955933632218
0.954078896974
0.952799205682
0.952065990041
0.951826363155
0.95206561818
0.952629014728
0.953495327103
0.954625238077
0.956066945607
0.957832903057
0.960007503283
0.962526363362
0.965401067494
0.968465552043
0.971626854799
0.974720185257
0.977607016727
0.980252395419
0.982457508186
0.984247987243
0.98560872761
0.986793104772
0.987744538327
0.988635076458
0.989636916607
0.990667865977
0.991846090257
0.993077097677
0.994422371638
0.995790205469
0.997191997192
0.998665462967
1.00023585833
1.00187955204
1.00364963504
1.00545105566
1.00728376328
1.00893896714
1.01026349183
1.01117859671
1.01151229723
1.01132856605
1.01055749658
1.00946650314
1.00834041239
1.00740712014
1.00698513718
1.00715861162
1.00788886323
1.00898009095
1.01024240355
1.0112291808
1.01187977814
1.01182835821
1.01111854827
1.00975085274
1.0079500074
1.00608788695
1.00442184391
1.00331674959
1.00291652822
1.00325913855
1.00427588771
1.00574626866
1.00743953045
1.00911365928
1.01044998141
1.01132924939
1.01168949772
1.01159849689
1.01120057255
1.01055924912
1.00979383272
1.00897052542
1.00803529792
1.0069250571
1.00572162113
1.00433381487
1.00286970781
1.00145511529
1.00018580453
0.999336503373
0.999015029914
0.999241986717
1.00010731917
1.00152883453
1.00333226984
1.00521017934
1.0069582505
1.0083271058
1.00905848787
1.0090006429
1.00818646552
1.00676062384
1.00493950891
1.0030089193
1.00125457022
0.999892469264
0.999033678107
0.998751872192
0.998901254696
0.999402439453
1.0
1.00055197157
1.00106193478
1.00139969958
1.00160639825
1.00164993813
1.00152650569
1.00119264768
1.00049626032
0.999392727013
0.997813620072
0.995813054681
0.993526126703
0.991116751269
0.988833833485
0.986866662058
0.985355146277
0.984305162237
0.983704157311
0.983553078701
0.983658909462
0.983827676418
0.983858909882
0.983713576553
0.983247642072
0.982420208227
0.981398376212
0.980224239923
0.97905524309
0.978061083472
0.977342483705
0.976953151794
0.976952885988
0.97737282722
0.978124272748
0.97931420666
0.980837264151
0.982847229042
0.985338593031
0.988332780908
0.991693461951
0.995294993738
0.998839273522
1.00199025462
1.00443207586
1.00599952004
1.0066559716
1.00655281296
1.00584380489
1.00484375526
1.00388935457
1.00310984785
1.00276805069
1.00289228723
1.00341172574
1.00409267938
1.00480705913
1.00523301738
1.00527843758
1.00477421922
1.00383870752
1.00248756219
1.00094648954
0.999423924094
0.998139125727
0.997240915209
0.996830797972
0.996796459592
0.996991399326
0.997210780657
0.997195176994
0.996787871001
0.995896515244
0.99446009991
0.99264211907
0.990669137854
0.988793819041
0.987135286982
0.985903787758
0.985060750809
0.984578235673
0.984313852324
0.984130074968
0.98398518711
0.98373667671
0.983391270761
0.982974653276
0.982434009272
0.981801723062
0.981073630084
0.980251180301
0.979379533879
0.978491957728
0.977642656688
0.976960984337
0.976548937916
0.976526862646
0.9768061681
0.977372980864
0.977985725615
0.978500761035
0.978755113042
0.978629633153
0.978046694333
0.977187993681
0.976110395121
0.975167680549
0.974500046364
0.974366826938
0.974707402341
0.975411821705
0.976399660688
0.977323227711
0.978064793226
0.978450010837
0.978422433175
0.978070313236
0.977567031097
0.977165354331
0.976945063919
0.977096370463
0.977437751254
0.977860580655
0.978241356897
0.978437904868
0.978342344556
0.978057575943
0.97767179051
0.977377068986
0.977289818018
0.977526739575
0.97807294961
0.978908451771
0.979979827001
0.981091335328
0.982282730325
0.983423862146
0.984578403521
0.98572761194
0.986996540647
0.988383141762
0.989864864865
0.991372002906
0.992819863034
0.994039376242
0.994951771387
0.995563815119
0.995818523939
0.995865679189
0.995821231699
0.995680217764
0.995407679545
0.994969489507
0.994213240585
0.992925811718
0.990986601705
0.988439659918
0.98534540782
0.982073170732
0.978942584457
0.976238457605
0.974128401996
0.972626760982
0.971710409384
0.971207283907
0.970878083323
0.970544095577
0.970070938618
0.96950329773
0.968890827155
0.968359941945
0.968045823278
0.967941786727
0.968110479668
0.968497624703
0.96905922095
0.969761511924
0.970591762096
0.971527487614
0.972693311195
0.974056951029
0.975600468658
0.977219626168
0.978869950969
0.98035151232
0.981493914008
0.982202673968
0.982512108118
0.98252443983
0.98252611041
0.982737396582
0.983333333333
0.984404782533
0.98593439944
0.987657237347
0.989287739086
0.990417254949
0.990762194205
0.990368747937
0.989409307876
0.988201464441
0.987169655498
0.986647058824
0.98689507243
0.98781311485
0.989274725275
0.990759095149
0.991878143245
0.992364010753
0.992129773802
0.991398212177
0.990405924762
0.989527027027
0.988986346476
0.988926501807
0.989480395282
0.990572921227
0.991981504785
0.993541599696
0.995109597415
0.996609187074
0.998006874838
0.999278915489
1.00034606068
1.00115333602
1.00164066548
1.00174825175
1.00150863909
1.00101646102
1.00058858152
1.00033472803
1.00039009167
1.00097781751
1.00190962959
1.00313585897
1.00442917578
1.00558166026
1.00650017106
1.00715691027
1.00770152319
1.00831286065
1.00904977376
1.00999196049
1.0110654442
1.01224723935
1.01337134711
1.01437609445
1.01519425746
1.01594671531
1.01664336048
1.01736755871
1.01801555889
1.01862691466
1.01905832671
1.01924819462
1.01920755131
1.01905752855
1.01888132907
1.0189050377
1.0191211922
1.01953168044
1.02014428413
1.02072162645
1.02121280054
1.02152253009
1.02167501391
1.02169897157
1.02164655784
1.02148675344
1.02125255569
1.02084003862
1.02019931419
1.01923900246
1.01809157861
1.01672507168
1.01540084388
1.0141752915
1.01307308927
1.01197245553
1.01070624575
1.00895632475
1.00647214854
1.00311983361
0.999064696294
0.994580886279
0.990152241031
0.986148702436
0.98283079858
0.980378639232
0.978713226501
0.977660027692
0.976927375788
0.976266786745
0.975427911372
0.974337018008
0.973045061681
0.971735041432
0.970519763146
0.969524388083
0.968800813008
0.968367841916
0.968127898337
0.96797271655
0.967893901377
0.967912525867
0.968057399653
0.968451512125
0.969140735776
0.970200916094
0.971615548372
0.973337922635
0.975305363781
0.97747688068
0.979819269173
0.982340937631
0.985017947251
0.987785903221
0.990560900345
0.993141610163
0.995341695727
0.996981446304
0.998053414311
0.998656261305
0.999073764376
0.99956363263
1.00025693731
1.00118703551
1.00228577366
1.00324293224
1.00383887253
1.0038244448
1.00322188771
1.00208784819
1.00076772383
0.999415624087
0.998291921322
0.997559863781
0.997149771444
0.997017411866
0.996977397352
0.996972754793
0.996812602076
0.99651978229
0.996012613693
0.995211700107
0.994119330749
0.992719330178
0.991029297381
0.989323843416
0.987805502895
0.986724761759
0.986164801628
0.986072849709
0.986325313592
0.98669853476
0.986868713397
0.986757773187
0.986299183272
0.985780854746
0.985449031709
0.985565804514
0.986268926794
0.987482317773
0.989096948753
0.990816573132
0.992407780013
0.993646217096
0.994543769037
0.995116187475
0.995463197142
0.995713060875
0.995893864186
0.995960175146
0.995998326097
0.995989935524
0.996147798742
0.996729546584
0.997935234312
0.999842923713
1.00242226376
1.00539563565
1.00833490173
1.01073632138
1.01213598882
1.01240203492
1.01180322456
1.01094368676
1.01034387895
1.01048478327
1.01148245736
1.01302504602
1.01457995187
1.01542976939
1.0150538829
1.01344329897
1.01089881227
1.00804823558
1.00543143813
1.00339064502
1.00200293764
1.00120243694
1.00066721823
1.00010637732
0.999470661409
0.998681816983
0.997892795996
0.99709348412
0.996196201522
0.995037819859
0.993324685152
0.990982916429
0.98818854779
0.985354167801
0.983004221708
0.981516872338
0.981046163974
0.981347607748
0.982001719404
0.982410314836
0.982143847391
0.981144038594
0.979803508388
0.978787631557
0.978589625454
0.979650453868
0.981866550844
0.984801109329
0.987665054611
0.989769959405
0.990746469401
0.990827650755
0.990537118486
0.990527018012
0.991281721122
0.992970123023
0.995366079703
0.998025016458
1.00041300697
1.00217985155
1.00342977264
1.0044174029
1.00548405148
1.00686014341
1.00845840572
1.01000229279
1.01126339683
1.0119693447
1.01230505079
1.01261235554
1.01333903378
1.01468952337
1.01665381209
1.01859946859
1.01982962478
1.01959396325
1.01772073691
1.01457230426
1.01086504615
1.00741704259
1.00493498572
1.00367156208
1.00334597368
1.00323507265
1.00267245699
1.00119454399
0.998777777778
0.99587375934
0.993033120769
0.990834539315
0.989453169781
0.988711167571
0.988033147891
0.986868042672
0.984878769445
0.982207540062
0.979285299245
0.976623376623
0.97478153774
0.973801052663
0.973470826723
0.973239354235
0.972659654832
0.971478060046
0.969878998649
0.968244406196
0.967081493376
0.966788927732
0.967278235025
0.968183110606
0.969028174188
0.969378286421
0.969008786458
0.968141393673
0.966987542469
0.966002110607
0.965357901383
0.965142741912
0.965149154694
0.965109898045
0.964742011183
0.963986819468
0.962897526502
0.961675897802
0.960423433177
0.959295463487
0.95841548121
0.957824201813
0.957479694508
0.957371872723
0.957405260267
0.957529194837
0.957602203448
0.95742432718
0.956970205362
0.956173450452
0.955266068576
0.95456765999
0.954291101515
0.954741510236
0.955964139189
0.957823998054
0.960010939257
0.962184619117
0.964082546599
0.965676787226
0.967026306219
0.968294094356
0.969500980873
0.97052475797
0.971275574953
0.971533118333
0.971315928352
0.970814275491
0.970293004784
0.97009328123
0.970481582798
0.971379066932
0.972712006717
0.974132901135
0.975341931711
0.976285100007
0.976860640178
0.977358117461
0.977813942675
0.978448275862
0.979207125159
0.980062118024
0.981041237798
0.982020321985
0.983181131332
0.984575498015
0.986193293886
0.987912920331
0.989369055064
0.990173277867
0.990157224532
0.989347322348
0.988178158349
0.987259117694
0.987147185457
0.988247726399
0.990479253779
0.993419779369
0.996286848988
0.998416903593
0.99961134862
0.999902267396
0.999802715944
0.999800538546
1.00040303621
1.00159041689
1.00322909585
1.00490897934
1.00639885026
1.00757549671
1.00858055999
1.00968149291
1.01088800905
1.01216829857
1.01325254243
1.01372424499
1.01341245041
1.0123577805
1.0109547809
1.00963897652
1.00887594724
1.00896484101
1.00968303727
1.01053941048
1.01103533363
1.01058795492
1.00915378356
1.00682986205
1.00414630035
1.00164368857
0.999733502115
0.998611202963
0.998059657316
0.997734436564
0.997333684453
0.996558798226
0.995376376276
0.993860322333
0.9922545321
0.990790790791
0.989713102435
0.98906187089
0.988798267285
0.988775964138
0.988826622388
0.988735832607
0.988367611506
0.987844294547
0.987276636239
0.98695313054
0.986944702768
0.987280939476
0.98775420949
0.988063854716
0.987990626831
0.987550200803
0.986966177595
0.98657156374
0.986685635077
0.98737142648
0.98848847014
0.989545637314
0.99017225748
0.990135236934
0.989846634479
0.989670732567
0.990189873418
0.991697449428
0.994294971123
0.997397207274
1.00038516755
1.00274801725
1.00428635625
1.00509624324
1.00557371409
1.00595873661
1.0063096921
1.00658257513
1.00653662229
1.00618450438
1.00571133666
1.00539531023
1.00554567333
1.006266723
1.00737876477
1.00851685553
1.00939352811
1.00988397078
1.01008391256
1.01036476707
1.01093882362
1.011784449
1.01260488392
1.01299240851
1.01283842465
1.01222134208
1.01167094727
1.01165483467
1.01235843281
1.01372556579
1.01506117392
1.01559114825
1.01509608349
1.01374899468
1.01217371394
1.01121495327
1.01127072668
1.01204312586
1.01265581519
1.01210745365
1.00977198697
1.00596517229
1.00158076612
0.997913616398
0.995909422936
0.995992714026
0.997499093875
0.999101010464
0.999643620813
0.998514326141
0.996089483882
0.993134528043
0.990800465264
0.9897016294
0.989856654809
0.990624012361
0.991069552427
0.990547873271
0.989012532032
0.986840712648
0.984786155046
0.98348401794
0.983062934569
0.983397007891
0.983846704871
0.984137856448
0.984164543138
0.984024147832
0.984013086961
0.984200082369
0.984543642586
0.98467404024
0.984438455991
0.983736415123
0.982799273318
0.982165853659
0.982166705947
0.983063531451
0.984714780964
0.98664144698
0.988543436179
0.990309769658
0.991927426767
0.993617533719
0.995462211871
0.997319463893
0.999005529257
1.00023752969
1.00075057281
1.00059265113
0.999960488364
0.999251467518
0.998904838268
0.999264392737
1.00019163696
1.00152259145
1.002809522
1.00379766064
1.00429054182
1.00434996407
1.00431406385
1.00434169512
1.00455597604
1.00496658511
1.00539653601
1.00558536852
1.00559026636
1.00536105033
1.00504555519
1.00476568705
1.00457015366
1.00417611693
1.00339632186
1.00199608042
1.0
0.997489448406
0.99498819684
0.992779914375
0.991055195986
0.989904162704
0.989191382618
0.988763208811
0.988534172662
0.988284487305
0.987808571861
0.986928851797
0.985587455321
0.983783993483
0.981775518185
0.97983332023
0.978324268937
0.977296059386
0.97653493995
0.975690563628
0.97445299593
0.972594941856
0.970231036598
0.967778915046
0.965666639418
0.964161802523
0.963156818646
0.962337074956
0.961608548
0.960741049126
0.95997334333
0.959452736318
0.959441653628
0.959826364716
0.960461217647
0.960953824722
0.960925301997
0.960221902609
0.958969114338
0.957437312343
0.956072247476
0.955168966207
0.954819397326
0.954926541041
0.955276281668
0.955744477991
0.956131015727
0.9564453125
0.95673599255
0.956922243295
0.957074229041
0.957017611917
0.956737286494
0.956108266277
0.955407933417
0.954752160073
0.954408098512
0.954378664649
0.954533368785
0.954618198445
0.954332508094
0.953598664491
0.952679481854
0.951837196156
0.951580617139
0.952069882264
0.953265313921
0.954808762036
0.956231283114
0.957370884813
0.958181329442
0.95911755631
0.960586154624
0.96261865537
0.965052381894
0.967371433113
0.969125214408
0.970229986377
0.971103398176
0.972197309417
0.974028115595
0.976810025397
0.980290195421
0.984018553658
0.987695179905
0.991051549923
0.994235686733
0.997232593894
0.999911111111
1.00219553723
1.00427850838
1.00642563012
1.00902461258
1.01244124965
1.01657716554
1.02071607624
1.02411537176
1.02608069164
1.0266088214
1.02637947725
1.02630040912
1.02690494894
1.0285572878
1.0306244398
1.03253861149
1.03357049805
1.03361809045
1.03294485647
1.03196231385
1.0310042117
1.03023397144
1.02957625838
1.0289593667
1.02811766469
1.02713643178
1.02582100777
1.02413273002
1.02205365217
1.01948538596
1.01654858049
1.01346702054
1.01041259288
1.00765330993
1.005349414
1.00358197396
1.00216086435
1.00090329942
0.99952890187
0.997892863832
0.996171444579
0.994408461861
0.992760012995
0.991294735388
0.989968080255
0.988663565331
0.987346883834
0.985996778812
0.984716449926
0.983723522854
0.983053103234
0.982611375242
0.982267645003
0.981801598332
0.981195025781
0.980342065382
0.979378323462
0.978303917348
0.977292165583
0.976469588855
0.976154236428
0.976486977078
0.977662359598
0.979355764765
0.98121472496
0.982841080718
0.984030767944
0.98492567229
0.985945538963
0.987541423717
0.989792489288
0.992535748731
0.99523908958
0.997586952904
0.999459616744
1.00108405604
1.00280910654
1.00472095768
1.00684844642
1.00883683565
1.01056055422
1.01212505281
1.01375777844
1.0156681245
1.01796662125
1.02046559222
1.0227893479
1.0246760467
1.02603092784
1.02701300947
1.0277826087
1.02853776672
1.02921652546
1.02959923164
1.0292793777
1.02803123355
1.0256783587
1.02248735918
1.01885198524
1.01542085148
1.01256381798
1.01013738829
1.00786979074
1.0052764499
1.00240996726
0.999360292438
0.996477745757
0.993963230586
0.991751065487
0.989393590039
0.986591554542
0.983315317009
0.979897833696
0.976810357092
0.974354103343
0.97239834104
0.97063911581
0.968613351472
0.966355599214
0.964218548946
0.962780759292
0.962412761715
0.963094820238
0.964539007092
0.966220031829
0.967802340702
0.96915396742
0.970463688334
0.971908315565
0.973624717408
0.975670957888
0.977745792737
0.979542652169
0.981073446328
0.982511923688
0.984232175503
0.986770652802
0.989838472834
0.992996947387
0.995498509642
0.996926481436
0.997340918929
0.997574023389
0.998178048627
0.999362529483
1.00051813472
1.00091833388
0.999801810134
0.997877843358
0.995933333333
0.99488008623
0.995277530628
0.996309192201
0.997103496998
0.996576807873
0.9944005743
0.991314418066
0.987980945401
0.984890212132
0.98187584957
0.978648772304
0.974714581258
0.970384615385
0.966356589147
0.963772102161
0.962986649612
0.963784003248
0.965041851305
0.965238213195
0.963606148733
0.960436791264
0.956892872386
0.954221681723
0.953164891276
0.953203935124
0.953583496354
0.953658972983
0.953754080522
0.954924102184
0.958467360454
0.964326923077
0.971406416594
0.977429711061
0.98167744464
0.984698039996
0.987813685699
0.99254189334
0.999250208569
1.00690813247
1.01413212739
1.02033631901
1.02588175869
