1.2439533861
1.24725214931
1.25148793421
1.2521360632
1.24806242701
1.24201461378
1.23881899872
1.24064008128
1.24585272102
1.24983603249
1.24802163678
1.2399270109
1.22958419858
1.22260630742
1.22158851854
1.22506857594
1.22887879069
1.22870575221
1.22344105599
1.21599355243
1.21049148504
1.20916404337
1.21094566353
1.2125704378
1.21116546516
1.20656484685
1.20135727882
1.19831343952
1.19842456069
1.20018524485
1.2006900979
1.19822826044
1.19341611996
1.18897185526
1.18697225573
1.18740186916
1.18815240084
1.18657298985
1.18157021747
1.17468961011
1.16909142776
1.16699458928
1.16800780297
1.16985978065
1.16970493618
1.1661746533
1.16055030328
1.15568462514
1.15363828104
1.15447712418
1.15632923737
1.15676007628
1.15455331689
1.15032431577
1.14594982975
1.14283505951
1.14116022099
1.14003722122
1.13847597711
1.13653247064
1.13502234587
1.13489761842
1.13613875793
1.13758408722
1.13751877094
1.13499340936
1.1306305031
1.12620816805
1.12331039058
1.12206120934
1.12131282615
1.11948322682
1.11576851751
1.11107516446
1.10715139919
1.10538334339
1.1054798447
1.10600467897
1.10505816369
1.10189089216
1.09727566569
1.09308875019
1.09077665026
1.09022387501
1.09016250653
1.08897884176
1.08613954408
1.08263002944
1.08019349507
1.07984561573
1.08109731197
1.08216976153
1.08120610724
1.07755531132
1.07256015011
1.06859946687
1.06738645699
1.06886858749
1.07137335738
1.07253194776
1.07089900214
1.06696304529
1.06251149108
1.0592861879
1.05782972991
1.0572519084
1.05607027658
1.05326876513
1.04932653804
1.04557501076
1.04330041357
1.04267878952
1.04265306122
1.0416837036
1.03884640693
1.03458565035
1.03034259218
1.02756126598
1.02664597949
1.02684291257
1.0267402665
1.02534196938
1.02265782385
1.01959763742
1.01723316932
1.0158513255
1.01474088995
1.01276634827
1.00916083113
1.00426165655
0.999267617238
0.995434209017
0.993394766623
0.992685597149
0.992186216768
0.990697126707
0.987863505679
0.98422950897
0.980659652441
0.97779047347
0.975545893488
0.973424743816
0.970722915043
0.967302385778
0.963444175292
0.959726761186
0.956475452452
0.953562770238
0.950688246861
0.947588620113
0.944366716695
0.941481216823
0.939425842235
0.938370554821
0.938074478702
0.937905024965
0.937163951529
0.93569243977
0.933754197448
0.931942535242
0.930646825612
0.930012350762
0.929839649337
0.92979710469
0.929710490177
0.929536408992
0.929421005386
0.929273582514
0.929065940302
0.928722613123
0.928419417922
0.928626954193
0.929814985061
0.932091690544
0.935055266021
0.938039643154
0.940205829932
0.941394573465
0.942089142072
0.943223495295
0.945478160206
0.948782818913
0.952062868369
0.95402911396
0.953767410639
0.951533162982
0.948819438718
0.947477163984
0.948656442875
0.952300514801
0.95729556387
0.961961003378
0.965100635733
0.966664929108
0.967506238905
0.968786598096
0.971053364034
0.973811686346
0.975852094076
0.975958414555
0.973804522427
0.970312957005
0.967050951888
0.965368275335
0.965733716976
0.967680653511
0.969900061573
0.971108601543
0.970605361843
0.968660706056
0.96615089251
0.963789885748
0.961948491806
0.960400535864
0.95876801919
0.956614637218
0.953949572325
0.95108079888
0.948435316818
0.946246112839
0.94454466493
0.943041926851
0.941439935825
0.93957253742
0.937441664074
0.935260450304
0.933130426998
0.931137724551
0.929196535583
0.927132661153
0.924788687711
0.922058490138
0.919047943804
0.91588379163
0.912721246576
0.909783666095
0.907242398157
0.905199775952
0.903589335083
0.902259540544
0.900969578579
0.899392595449
0.897398421514
0.895062182648
0.892751697668
0.890771617861
0.889420822743
0.888726316834
0.888391853055
0.888138497593
0.887699992393
0.887245183265
0.887082433634
0.887614795271
0.889117251529
0.891449209014
0.89421040545
0.896945686901
0.899364650047
0.901663069697
0.904216396255
0.907418099661
0.9112640801
0.915283886445
0.918722280361
0.920921713734
0.921781281367
0.921930121297
0.92236069331
0.923994885637
0.927210563546
0.93169733189
0.936370243594
0.94005259361
0.941900598251
0.941819255759
0.940606741573
0.9392363823
0.938584007827
0.939069292876
0.940526931826
0.942416869424
0.944041518284
0.945025839793
0.945363741587
0.945272138738
0.944978598008
0.944537996546
0.943924425517
0.942966271768
0.941623109849
0.939998282598
0.938241616509
0.936590212086
0.935127029318
0.933812603793
0.932465312027
0.930946684519
0.929077078662
0.926938018718
0.924539208929
0.921913226943
0.919055496386
0.916065229308
0.912989548639
0.910070863052
0.907476201532
0.905457268558
0.903972415096
0.90293389217
0.90209689774
0.901231904899
0.900308767563
0.899562483563
0.899236312274
0.899547989998
0.900660010154
0.90243133068
0.904552948022
0.90679007882
0.909017039887
0.911259157401
0.91381181578
0.916898355403
0.920660728592
0.925051165636
0.929795842006
0.934578790194
0.93908548162
0.943205740544
0.947002743176
0.950479734577
0.953647127286
0.95654016911
0.959095945048
0.961451545668
0.963759933991
0.966218545329
0.96885196634
0.971575173361
0.974046917668
0.975758749005
0.976473618684
0.97614973262
0.975165880822
0.973956109641
0.972919078863
0.972170646401
0.971673297246
0.971097760786
0.970147619256
0.968597072571
0.966429499747
0.963700909696
0.960521891183
0.957061890728
0.953441017663
0.950079366905
0.947356284733
0.945666235446
0.94514161119
0.945719762495
0.946968086363
0.948309190273
0.949095538953
0.949077526279
0.948489208633
0.947950242342
0.948268470443
0.949910597211
0.953015478099
0.957364620072
0.962580304919
0.968106138199
0.973745610521
0.97945301216
0.985249647977
0.991157150076
0.996858518688
1.00192404599
1.00591027338
1.00876100786
1.01078999799
1.01254813438
1.01441453301
1.01636264336
1.01809925114
1.01909422585
1.01901663683
1.01808841775
1.01692491061
1.01630810437
1.01670051419
1.01814314857
1.02002886255
1.02159684422
1.02216066482
1.0215928024
1.02040544145
1.01934335003
1.01898564337
1.01939907967
1.02005750274
1.02006418693
1.01871620362
1.01603638666
1.012673705
1.00977666792
1.00819691494
1.00825544432
1.0094398093
1.0109109181
1.0119047619
1.01226363223
1.01259493822
1.01393827336
1.01717376925
1.02250553801
1.02931565461
1.03631553068
1.04214639592
1.04599211564
1.04806594511
1.04936594203
1.05107484524
1.05414676801
1.05881169977
1.06441137875
1.06981265465
1.07399127709
1.07635564453
1.07716979088
1.07689306922
1.07610823509
1.07525471162
1.07429035586
1.07306508355
1.07133125302
1.06902685964
1.06615916041
1.06293288487
1.05945813138
1.05584661939
1.05227863692
1.04899731238
1.0462166463
1.0443416946
1.0434117156
1.04333434346
1.04369159976
1.04389367137
1.04354233018
1.04262505649
1.04169135598
1.0416185788
1.04317102277
1.04661125469
1.05165049445
1.05737913781
1.06265872466
1.06669878855
1.06921398373
1.07063054962
1.07173361804
1.07316050745
1.07511469149
1.0773203773
1.0792334221
1.08041053295
1.08076482166
1.08066424315
1.080679724
1.08118413161
1.08217087587
1.08315311419
1.08330611623
1.08195213802
1.07896991936
1.07491024427
1.07076576378
1.0672722427
1.06484756234
1.06329085322
1.0618460346
1.05977886865
1.05681818182
1.05325266838
1.04998276456
1.04797353184
1.04780308259
1.04948600931
1.05238512641
1.05550825029
1.05803928743
1.05968965908
1.06079081861
1.06209883398
1.06431896913
1.06776830447
1.07225458846
1.07707066082
1.08114894262
1.08375324313
1.0845985603
1.08394629797
1.08238111242
1.08041627247
1.07848475256
1.07668016023
1.07488631051
1.07283318098
1.07038752443
1.06753682957
1.06440186078
1.06116129032
1.05810364316
1.05542852117
1.05338631268
1.05211311651
1.05171641122
1.05218269554
1.05339390941
1.05505146262
1.0568241083
1.05833750626
1.05947201786
1.06031040116
1.06130992573
1.06283410549
1.06511433044
1.06794013391
1.07090592334
1.07336879818
1.07492371286
1.07551433244
1.07550833173
1.0755422272
1.07607012846
1.07727338892
1.07877416274
1.0800532856
1.0806080629
1.08010330492
1.07873750658
1.07693926512
1.07535615833
1.07428571429
1.07362951967
1.07284754035
1.07125690159
1.06845387898
1.0644165693
1.05989387575
1.05595935049
1.05369423382
1.05352230463
1.05518744359
1.05794545014
1.0608348233
1.06306604085
1.06443982039
1.06553750732
1.06714530647
1.06998092008
1.07422211937
1.079375393
1.0845480439
1.08870275364
1.09113140898
1.09183588549
1.09146152415
1.09094083813
1.09090722916
1.09137159972
1.09176130498
1.0911213492
1.0885740152
1.08376296862
1.07720337538
1.07007620227
1.06368841602
1.05896206217
1.05605125669
1.05462684631
1.05395824271
1.05332751473
1.0525087769
1.05172114425
1.05153395381
1.05246735483
1.0546712509
1.05789695946
1.06144041058
1.06457154829
1.06671528284
1.06787826159
1.06838202155
1.06876459243
1.06926101422
1.06972071529
1.06959596568
1.06820653268
1.06512473488
1.06051155349
1.05515548614
1.05020112958
1.04652678753
1.04450904922
1.04381549633
1.04359684371
1.04277940033
1.04063492063
1.03723460778
1.03329787234
1.03005824582
1.02852534171
1.0291025478
1.03137769685
1.03427436396
1.03644321003
1.03681199365
1.03525402726
1.03252248027
1.02995085401
1.02883023084
1.0298460073
1.03295679746
1.03726634123
1.04125248509
1.04357168437
1.04341257852
1.04098035324
1.03721114748
1.03330483367
1.03020966709
1.02829274203
1.02714784348
1.02584447971
1.02342275057
1.01933040638
1.01379611711
1.00771133421
1.00222263767
0.998357827343
0.996751962356
0.997457167869
0.999895930898
1.00300219471
1.00566235152
1.00705624721
1.00693178403
1.00541365908
1.00307153124
1.00054908421
0.998395177705
0.996931795974
0.996138017125
0.995719178082
0.995163452013
0.994072836099
0.992214786053
0.989635981042
0.986582917569
0.983533054528
0.980954701427
0.979299916219
0.978716430752
0.979138516972
0.980303618495
0.981807056904
0.983410438788
0.984839222399
0.986133735136
0.987495178742
0.989188535006
0.991489871749
0.994293048973
0.99714943965
0.999303499913
0.999980761461
0.99844499904
0.994430681185
0.988307692308
0.981036905839
0.973922422095
0.968268341554
0.964748784441
0.963301508608
0.963323849242
0.963826066453
0.963904856293
0.96287791046
0.960678890984
0.957769964842
0.954994181147
0.953232875068
0.952986251073
0.95432826312
0.956840536513
0.959841427156
0.962555761715
0.964354339046
0.965020696088
0.964668526893
0.963637751111
0.96223086408
0.960606060606
0.95876680082
0.956515102368
0.953645053553
0.950125409994
0.946097697923
0.941885284073
0.93782322977
0.934256460263
0.931268985791
0.928761611739
0.926630272953
0.924644965693
0.922746609679
0.921037957542
0.919723046489
0.919156862745
0.919498688429
0.920783678507
0.922801028041
0.925205955999
0.927517443856
0.929263750048
0.92999583759
0.929498758185
0.927685138398
0.924751440989
0.920900897539
0.916462008586
0.911743018661
0.90715050065
0.903074427407
0.899931833674
0.897973568282
0.897245222305
0.897647220423
0.898825282893
0.900452932295
0.902157708905
0.903616349116
0.904580825999
0.905022260408
0.905028691067
0.904752767811
0.904389873898
0.903992199366
0.90346686495
0.902630313344
0.901395176938
0.89957957513
0.897217468938
0.894334473542
0.89098626998
0.88731650251
0.883307426925
0.879093870863
0.874758118594
0.870501656777
0.866698916409
0.863727144048
0.862037575053
0.861820285384
0.863054092867
0.865401781475
0.868288638034
0.871045681856
0.873102033203
0.874123011073
0.874031403884
0.873084486661
0.871726052753
0.870299606801
0.869040601282
0.867846683735
0.866436395205
0.864411819364
0.861505295717
0.857686410358
0.853189457601
0.848636285006
0.844675354719
0.8418902251
0.840557424315
0.840536969302
0.841431541998
0.842692570907
0.843805049912
0.844443606329
0.844559391282
0.844353564458
0.844105623688
0.844034521138
0.844065953977
0.843955488113
0.843277774762
0.841683512721
0.838952825679
0.835150749568
0.830671166104
0.826191958642
0.822352607173
0.819610665051
0.81804938038
0.817492865647
0.817488196412
0.817567440017
0.817381136488
0.816757275344
0.815872718765
0.815048769159
0.814685250308
0.814966880166
0.815783274441
0.816781625799
0.817469063319
0.817340830764
0.816148818869
0.813924841889
0.81094131577
0.807848896656
0.805231636099
0.803582793606
0.803063046134
0.803622353586
0.80492762433
0.806571155683
0.808148787269
0.809294564425
0.809873146875
0.810041888588
0.809986494598
0.809965667625
0.810085363161
0.81035713632
0.810587352979
0.810546014971
0.810008669507
0.808806338486
0.806810764439
0.80413664015
0.800945910439
0.797515761739
0.794078748489
0.790914617928
0.788262524628
0.786371865491
0.785371424147
0.785368217054
0.78637645332
0.78816790237
0.790406910662
0.792705292312
0.794723199408
0.796114541979
0.796782527438
0.79677957709
0.796307205184
0.795652173913
0.795065813936
0.794728687958
0.794621622128
0.794585149557
0.794437840795
0.794061284508
0.793447946514
0.792671667628
0.791969673526
0.791646467976
0.792045080459
0.793327940213
0.795430667252
0.798103673423
0.800822087502
0.803113450554
0.804434094085
0.804478865354
0.803133668191
0.800591760582
0.797233538607
0.793634477376
0.790301316468
0.787637088734
0.785817404862
0.784863254806
0.784612691807
0.784890314003
0.785511001197
0.786270040868
0.787070604143
0.787879968064
0.788697599012
0.789509901369
0.790249819933
0.790886639142
0.791220375355
0.791233466045
0.790819423369
0.790066642479
0.789001230201
0.787760467004
0.78639099204
0.785017048222
0.78362630272
0.782297965915
0.781030537363
0.779902883758
0.778951136567
0.778279732527
0.778051103
0.77843639228
0.779526945408
0.781221127194
0.783293992233
0.785383729057
0.787120227534
0.788212410772
0.788381427023
0.787593443127
0.78597656933
0.783845278726
0.781630758901
0.779863244475
0.778928571429
0.779058235481
0.780264435943
0.782400158557
0.785102502082
0.788029034945
0.790799540175
0.793060498221
0.794714367239
0.795741186132
0.79628982129
0.796509268029
0.796565032806
0.796570477462
0.796536796537
0.796470472247
0.796408740463
0.796303785183
0.796231653296
0.7962852745
0.796680156953
0.797639295887
0.799330830749
0.801941589829
0.805393040063
0.809645131938
0.814408580391
0.81931742137
0.823912027156
0.827746323979
0.830427245845
0.831784671309
0.831927612185
0.831133045445
0.829802654739
0.828414980772
0.827375044872
0.82697228145
0.827416618345
0.828708092735
0.83071526941
0.833233443212
0.835984792167
0.838800750058
0.841483838553
0.843943661972
0.8460591133
0.847766884532
0.848986643071
0.849617365866
0.849664286476
0.849135348001
0.848217543408
0.847156500043
0.846313065977
0.84598412252
0.846315926666
0.847431364847
0.849147565412
0.851275067542
0.85351395262
0.855664690569
0.857580764381
0.859292035398
0.860891205939
0.862494651262
0.864146979377
0.865841808642
0.867479355092
0.86887534626
0.86975092168
0.869944957467
0.869459651373
0.86852489103
0.867610077271
0.86735690121
0.868246210671
0.870539307754
0.874282408438
0.879259028919
0.884950635951
0.890564354227
0.895314459774
0.89843925696
0.899571106095
0.89881505313
0.896711798839
0.894150226576
0.892050170617
0.891292213229
0.892438039805
0.895647030991
0.900539872048
0.906505323837
0.912583757069
0.917952231331
0.92207030792
0.924894003634
0.926713234782
0.927974366119
0.92930519238
0.931102779939
0.933611940299
0.936810261375
0.940306547182
0.943644935943
0.946521943846
0.948874900872
0.950884912003
0.953047248362
0.955795267464
0.959573631987
0.964583692255
0.970759800287
0.97773138483
0.984880291898
0.991387968264
0.996573098826
1.00005055228
1.001928151
1.00272973111
1.00318872631
1.0041312651
1.00617770768
1.00967801973
1.01464945937
1.02052042605
1.02664221767
1.03220698355
1.03666524657
1.03991025472
1.0420511745
1.04353737939
1.04479530017
1.04613878674
1.04777736072
1.0496554354
1.05151330714
1.05304303968
1.05406779661
1.05464898861
1.05501187917
1.05566661974
1.05696681137
1.05920410497
1.06230694309
1.06595027978
1.06971227639
1.07277665771
1.0745463738
1.0746130031
1.07298797149
1.07023081476
1.06717070556
1.06491669731
1.06443452804
1.06633091055
1.07091973582
1.07790660506
1.0864597943
1.09537056016
1.10324975159
1.1091284257
1.11251153669
1.1136083832
1.11315054438
1.11190924121
1.11077346482
1.11027706933
1.11073864973
1.11213641522
1.11416464891
1.11635575367
1.11835098243
1.12000731752
1.12147780868
1.12315978456
1.12542985889
1.12851879145
1.13246125744
1.13682122343
1.14102525781
1.14414496173
1.14525806649
1.14374884123
1.1396179531
1.1338078513
1.12770374961
1.12289951593
1.12073249287
1.12194003851
1.12652625153
1.13387752606
1.14291852079
1.151936598
1.15917608797
1.16313598807
1.16314349664
1.15941848907
1.15309193583
1.14589279067
1.13959414525
1.13561331794
1.13489248156
1.13757901391
1.14311150679
1.15019624111
1.15713738753
1.16230815672
1.16458491042
1.16372788095
1.16025183761
1.15517081752
1.14962670451
1.14473480269
1.1414223585
1.14015199493
1.14108030133
1.14379127282
1.1475420503
1.15144324535
1.15466348017
1.15671045482
1.15755220674
1.15738279173
1.15663661797
1.15564528654
1.15470803034
1.1538921967
1.15318646986
1.15230506178
1.15115105337
1.1496908026
1.14816510761
1.14700904771
1.14674070965
1.14778072898
1.15011591349
1.15374889367
1.15820226139
1.16296014699
1.16724028043
1.17028310971
1.17131499855
1.17016922727
1.16693805771
1.16247475077
1.15793927165
1.15454604536
1.15327685266
1.15465021912
1.15853460326
1.16433133472
1.17083850729
1.17670564344
1.18050091791
1.18120189946
1.17856676248
1.17293233083
1.16543354102
1.15746321861
1.15046716844
1.14568070073
1.14410637671
1.1460133219
1.151229549
1.15875608293
1.1672450614
1.1751589177
1.18109037978
1.18435130789
1.18488489466
1.18313962899
1.17982427805
1.17584231479
1.17204896152
1.16911764706
1.16743385104
1.16715581644
1.1678768613
1.16913312176
1.1702558317
1.17082539891
1.1706826658
1.16993170669
1.16885058202
1.16762309375
1.1665342444
1.16567952617
1.16515127002
1.16484487498
1.16471210069
1.16449224845
1.16405783644
1.16331302486
1.16234252417
1.16117639504
1.16001267427
1.15885065404
1.15766314016
1.15626951418
1.15440645506
1.15185502012
1.14836272847
1.14381659671
1.1383427422
1.13239728915
1.12656310429
1.12151172062
1.1177970905
1.11558195218
1.11489794033
1.11534223093
1.116508121
1.11776085488
1.11852768327
1.1181094993
1.11617526875
1.11255643608
1.10747324219
1.10163419233
1.09579009691
1.09060640626
1.08654285976
1.08375887596
1.08199675617
1.08086317998
1.07988112392
1.07850230623
1.07637057914
1.07323977961
1.069143258
1.06456525049
1.06015151515
1.05664461816
1.05462885738
1.05442417803
1.05580291757
1.05837585654
1.06128036349
1.06369315196
1.06472330567
1.06364655223
1.06020810482
1.05441570027
1.04695910781
1.0388424361
1.03134306354
1.02549765808
1.02214150806
1.02147992032
1.02325514545
1.02680288117
1.03113511029
1.03519889391
1.03792784459
1.0386556084
1.03693808805
1.03307319621
1.02764124212
1.02171349688
1.01634752787
1.01241406738
1.0104623215
1.01049542941
1.01208356861
1.01450671502
1.01681294882
1.01819016469
1.01793087518
1.01566306996
1.01159411867
1.00632654246
1.00078043704
0.996034596707
0.993034541821
0.992338469396
0.994094543811
0.997884403825
1.00290870069
1.00819114563
1.01267986893
1.01538726038
1.01571675302
1.01358993595
1.00940212846
1.00411108556
0.998713256319
0.99443165999
0.991925921744
0.99165566263
0.993412754029
0.996829849909
1.00112663362
1.00555618551
1.00931242323
1.01182665746
1.0128468505
1.01241623394
1.01107342667
1.00944213444
1.00837972795
1.00840599533
1.0097953175
1.01245772266
1.01601688951
1.01983634312
1.02327165399
1.02569384835
1.02658852738
1.02583949252
1.02363471495
1.02053370046
1.01738088978
1.01500595013
1.01406829886
1.01499045285
1.01758105091
1.02156554012
1.02631357241
1.03113114523
1.03543765073
1.03861468389
1.04034031717
1.04057564877
1.03956327776
1.03795869201
1.03647968146
1.03583989768
1.0363437392
1.03808844508
1.04075448186
1.04387326129
1.04689176218
1.04936450295
1.05094539317
1.0512679799
1.05039200256
1.04853372434
1.04609147792
1.04359282138
1.04159042723
1.04035385013
1.03989331517
1.03999101956
1.04026285014
1.04025970423
1.03966776855
1.03828111912
1.03607304651
1.03325011348
1.03018533855
1.02747378674
1.02549356223
1.02458106916
1.02475610444
1.0256953938
1.02701209744
1.02809219722
1.02841157205
1.02761556514
1.02543672307
1.02194745828
1.01745781029
1.01253202629
1.00778611894
1.0038726214
1.00121920807
1.0000824425
1.00038109756
1.00186164472
1.00415471627
1.00681417348
1.00954851824
1.01206308267
1.0143119961
1.01622579765
1.01782477341
1.01904131137
1.0198148404
1.01999172756
1.01952771454
1.01840056617
1.01689927922
1.01519170485
1.01361468574
1.01243192987
1.01184406204
1.01202735425
1.01311081442
1.01506985225
1.01752779947
1.01996541849
1.02166495152
1.02195955105
1.02046236821
1.01718213058
1.01257522196
1.00739545516
1.00257172708
0.998932764141
0.997289036545
0.997907561912
1.00089830643
1.00578049939
1.01183838491
1.0179523216
1.02317642352
1.0264592903
1.02722450747
1.02540503744
1.02128357149
1.01584093516
1.01022266931
1.00560888793
1.0028816137
1.00237473284
1.00405101667
1.00742992232
1.01185873317
1.01654680008
1.02071721527
1.02376390441
1.02523319135
1.0249161737
1.02305855225
1.02008959244
1.01654361498
1.01304712665
1.00993695908
1.00745619813
1.00565030595
1.00446901398
1.00381158413
1.00356027966
1.00370985316
1.00428735752
1.00534829803
1.00694426038
1.00890483785
1.01091720456
1.01254067783
1.01333017826
1.01300023494
1.01143553573
1.00877125094
1.00529821764
1.00149023638
0.997866214201
0.995031407682
0.993373726956
0.993132648319
0.994210390282
0.996247800435
0.998730109366
1.00114256037
1.00304505114
1.00419937922
1.00464994775
1.00457265292
1.0043569006
1.00447194634
1.00525172039
1.00679134618
1.00893291356
1.01140684411
1.01370387383
1.01531370038
1.01587833484
1.01520665454
1.01326482462
1.01044937594
1.00722413337
1.00417315972
1.0017843554
1.00036369304
0.999794592652
0.999898425597
1.00030216806
1.00065184145
1.00070212392
1.00032739819
0.99959414555
0.998721129498
0.997938303739
0.997435299604
0.997170521507
0.996940944678
0.996385511063
0.99512357878
0.992912321852
0.989714748949
0.985815424152
0.981539078961
0.977555050114
0.974532133868
0.973034098817
0.973367058473
0.97545997078
0.978730253058
0.982389999504
0.985489932552
0.987246811703
0.987182709223
0.985188736375
0.981626566923
0.977243484623
0.973000777859
0.9697987412
0.968262175604
0.968581665732
0.970447400242
0.973427449469
0.976894505813
0.980296044649
0.983258162565
0.985459057072
0.986940251651
0.987803022619
0.988297085745
0.988570845451
0.98874234454
0.988721235365
0.988441909337
0.987791563275
0.986809664694
0.985608683907
0.984475400991
0.983655238422
0.98352675059
0.984253326762
0.985848008101
0.98799534665
0.99015059419
0.991716005771
0.992139541848
0.991113447482
0.98868227559
0.985205465689
0.981363966992
0.97792318066
0.975673262907
0.97500552975
0.975897748022
0.977977397856
0.980566898871
0.983012620567
0.984618717504
0.985042424242
0.984139028271
0.982169354041
0.979586743861
0.976898352752
0.974622995393
0.972987927565
0.972009923071
0.971505496971
0.971284035114
0.971213430441
0.971252061335
0.97157178309
0.972503191594
0.97435645751
0.977408197807
0.981801682486
0.987214096397
0.993187575318
0.998938140511
1.00375145959
1.00703220801
1.0084190361
1.00800912432
1.00614681229
1.00352273303
1.00090627596
0.998828835564
0.997562236832
0.997029751181
0.996983081119
0.997093162927
0.997045683816
0.996697044216
0.99614236844
0.995601925379
0.995304702672
0.995385222842
0.995651314489
0.995655929903
0.994780767621
0.992588411417
0.988769817968
0.983408968916
0.977030512434
0.970363543763
0.964386604534
0.960009601536
0.95787340565
0.958105387803
0.9603836727
0.964046212852
0.968289920725
0.972343660901
0.975656599606
0.977942426819
0.97922447877
0.979760991662
0.980006449532
0.980334438233
0.981039860501
0.98205078315
0.983288786149
0.984501862642
0.985487969978
0.986277995023
0.9868895211
0.987603305785
0.988628253319
0.990117635853
0.991950464396
0.99380878676
0.99511544235
0.995319626525
0.994030208583
0.991154495059
0.986866655359
0.981781474995
0.976630395092
0.9722377266
0.969175523582
0.967655694269
0.967517894687
0.968444954236
0.970010702154
0.971912068525
0.973962571196
0.976208820714
0.978799830962
0.982037482887
0.985897800531
0.990162064541
0.994264362892
0.997521921464
0.999260213822
0.999115213544
0.997076163543
0.993448366891
0.989063699156
0.984755441925
0.98146917857
0.979790383983
0.97983955354
0.981338555466
0.983716935761
0.986345859159
0.98863897177
0.990311466691
0.991199607834
0.991401041299
0.991199563536
0.990624181996
0.989631391201
0.988009762802
0.985431056838
0.9817103196
0.9769629353
0.971489698154
0.966016041541
0.961283466932
0.958060288336
0.956826804406
0.957621155374
0.960009924215
0.963210026279
0.966312056738
0.968652884745
0.969723771942
0.969417420167
0.967945458747
0.965811169593
0.963510479042
0.961339542721
0.959297033631
0.95711165838
0.954495005549
0.951166701219
0.947165214993
0.942748266838
0.938328517041
0.934616881482
0.932195656142
0.931397698123
0.932245100695
0.934227976712
0.936699203411
0.938920486478
0.940309639507
0.940568122281
0.939648042639
0.937809448892
0.93538647343
0.932698560149
0.929873675443
0.926881423743
0.923651224914
0.920197804192
0.916630932768
0.913336781273
0.9107807525
0.909389671362
0.909503975767
0.911165317663
0.913970896725
0.917373207954
0.920653802097
0.923163691859
0.924553113716
0.924722466167
0.92385440142
0.922316935873
0.920491841169
0.918462785045
0.916073903002
0.912912636971
0.908676007485
0.903200943054
0.896677636028
0.889629180968
0.882818084346
0.877045899306
0.87301973626
0.871082746479
0.87109845581
0.87254259502
0.874685840418
0.876860266035
0.878600823045
0.879694206009
0.880202449275
0.880319270239
0.880269891906
0.88006628461
0.879469832942
0.878044860757
0.875500629363
0.871752172822
0.867060830017
0.861969724438
0.857339439193
0.853978431944
0.852436040044
0.85283152066
0.854784322312
0.857628448163
0.86060381794
0.863110315311
0.864836348449
0.865861228109
0.866581729587
0.867492914661
0.868950884796
0.870978673414
0.873047051386
0.874548817903
0.874822351057
0.873540636362
0.870796300066
0.866957840186
0.862749084994
0.858867432502
0.855751008851
0.853483651767
0.851832449305
0.850321296437
0.848627012137
0.846590298524
0.844384128215
0.842368369798
0.841089572047
0.840878784567
0.841835055618
0.843571239989
0.845359687631
0.846506274762
0.846398328629
0.844862233734
0.842128861588
0.838717649173
0.835432240106
0.832867523756
0.83127873659
0.830574960883
0.830329804916
0.830050867354
0.829392403967
0.828261433388
0.826812987406
0.825454781143
0.824548892491
0.824267058722
0.824470618802
0.824761077324
0.824620020964
0.823630363036
0.821611664706
0.818698532044
0.815203440589
0.811648862892
0.808310386855
0.805285055662
0.802478802658
0.799599555061
0.796502490315
0.793161978661
0.789841228012
0.787010715067
0.785217088663
0.784824902724
0.785921422894
0.788170916786
0.790943219146
0.793625021364
0.795619497531
0.796754651666
0.797098920275
0.796973158195
0.796852930791
0.797022255652
0.797369120383
0.797610338942
0.797316807712
0.796149389429
0.794103831615
0.791404988337
0.7886319284
0.786421436074
0.785178777393
0.785039750516
0.78568788992
0.786656607027
0.787440753212
0.787708779443
0.787404612878
0.786765179665
0.786193548387
0.786158113135
0.786795491143
0.787909330703
0.789107763615
0.78986583974
0.789752037454
0.788664976394
0.786720144567
0.784228961603
0.781505510132
0.778778334738
0.775979688707
0.772970718644
0.769524682867
0.765647427254
0.761527783803
0.757691808386
0.754689723576
0.753083242177
0.752955460413
0.754054682709
0.755776063237
0.757401039919
0.758407153953
0.758573417134
0.758026841077
0.757201822109
0.756523609767
0.756297256427
0.756442209748
0.756525143553
0.755924792304
0.754222173291
0.751237816115
0.747208735149
0.742602752046
0.738130046558
0.734261663831
0.73121406531
0.728753214215
0.726538344293
0.724213986074
0.721689886092
0.719094365562
0.716842421125
0.715466604011
0.715314817569
0.716283294257
0.717912612177
0.719516798792
0.72049676389
0.720481927711
0.71948594446
0.717813164851
0.716028025257
0.714496431748
0.713265771142
0.712002255574
0.710179199028
0.707422631087
0.7035151727
0.698776657662
0.693711967546
0.689067290091
0.685468283254
0.683221827533
0.682107626222
0.681660603467
0.681460363389
0.681143730497
0.680747584156
0.680456885183
0.680685325104
0.681758279131
0.683580254764
0.685778895534
0.687738856865
0.688890299913
0.688973108779
0.687979045452
0.686334394698
0.684611355999
0.683289473684
0.682439861032
0.68180416685
0.680840265672
0.679135034638
0.676450329949
0.673072635662
0.669508928571
0.666503351669
0.664622401311
0.663980147576
0.664357902074
0.665230849153
0.666048117381
0.666530057592
0.666666666667
0.666825033473
0.667471385769
0.668956486272
0.67121707364
0.673813528648
0.676156204753
0.67768630386
0.678195099877
0.677873950676
0.67721560629
0.676911875028
0.677339356096
0.678406569019
0.679649247752
0.680352430788
0.67994236441
0.678172911186
0.675287356322
0.671957792801
0.669055908253
0.667148210013
0.666376150889
0.666415679327
0.666651991107
0.666556858611
0.665824675467
0.664542357983
0.663133873127
0.662224746592
0.662225212126
0.663145413388
0.664612279082
0.666072272591
0.667048129035
0.66737781648
0.667230546158
0.666961932812
0.667052795723
0.667666278757
0.668578239554
0.669323250391
0.669400904812
0.668413761256
0.666425757117
0.66378076535
0.661144012032
0.659012091105
0.657663536156
0.656932276457
0.656464392137
0.65587773571
0.654932507396
0.653681556363
0.652367649436
0.651448377175
0.651185006596
0.651619875273
0.652470871836
0.653379818796
0.654089305916
0.65450343341
0.654744395418
0.655182423079
0.655996604642
0.657228350677
0.658578546373
0.659614522636
0.659998646851
0.659567690557
0.658494554478
0.657154778738
0.65599402581
0.655312265566
0.655076691446
0.654994096812
0.654655438264
0.653830563437
0.652452893433
0.650715638561
0.648980177423
0.647571754419
0.64673452078
0.646430657787
0.646478251782
0.646794723444
0.647323904603
0.64810710988
0.649303396661
0.650969783117
0.653011443943
0.655182581084
0.657202968057
0.658921575288
0.66034302352
0.66167616693
0.663233566047
0.665276812601
0.667837536057
0.670614895804
0.673254994125
0.675326522388
0.676707404745
0.677431085897
0.677811252358
0.678237485506
0.678794333267
0.679410524227
0.679777374711
0.679548512483
0.678554446029
0.676935844881
0.675109743176
0.673591851142
0.672761933429
0.672734507112
0.673176377875
0.673692179944
0.673831730302
0.673472353411
0.672815627871
0.672219677427
0.672134685949
0.672745452814
0.673880685174
0.67513394116
0.676059312092
0.676388954227
0.676179892178
0.675774654586
0.675678257547
0.676178392742
0.67726542455
0.678459762374
0.679248935346
0.679195057025
0.67814984936
0.676458842909
0.674624537747
0.673177511055
0.672287631346
0.671706153924
0.67095246582
0.669578807133
0.667329288757
0.664414707029
0.661351675264
0.658792037008
0.657193009629
0.656564363785
0.656526379994
0.656560032395
0.656253159438
0.655425034735
0.654393790479
0.653600500939
0.653575150102
0.654522242954
0.656270542692
0.658388708347
0.660460713159
0.662214531185
0.663630799363
0.664924036031
0.666363971039
0.668154068698
0.670265230513
0.672526009566
0.674597446554
0.676370510397
0.677766144889
0.678934599701
0.680027032647
0.681141633591
0.682291530047
0.683322329328
0.684092606423
0.684515937492
0.684680258741
0.684663622862
0.684717241379
0.684837127267
0.68504824477
0.685259401592
0.685404989559
0.685528526957
0.685670900055
0.68608789208
0.68679328137
0.687804347235
0.688912229673
0.689994926704
0.690920678758
0.691722950603
0.692537550243
0.693640246796
0.695143696245
0.696905821428
0.698618106677
0.699930593044
0.700655105973
0.700873868997
0.700974800373
0.701468019087
0.702807458621
0.704933536489
0.707462371827
0.709658608991
0.711039221453
0.711396512099
0.711036917435
0.710610042883
0.710781167146
0.711808190685
0.713383909868
0.714877213021
0.715559788726
0.715178414997
0.713935853176
0.712574672333
0.711827508052
0.712072824951
0.712946375254
0.713768657833
0.713685348062
0.712206586917
0.709505129753
0.706434437325
0.703998806326
0.702863046045
0.702948905109
0.70355353471
0.703779513939
0.702970866527
0.701075268817
0.698586411309
0.696471916455
0.695432605117
0.695677392625
0.696694305639
0.697819229187
0.698344152272
0.698010101289
0.696968859661
0.695728899551
0.694652714839
0.69385799173
0.693119228345
0.691989863376
0.69025
0.688013228329
0.685732829166
0.684004759476
0.683004401533
0.682698883064
0.682593856655
0.682304192866
0.681552771339
0.680469330165
0.679373744039
0.678629640809
0.67824347668
0.678002190047
0.677506112469
0.676565526146
0.675187783994
0.673623170429
0.672340557468
0.671519535114
0.671099618274
0.670768380999
0.670190598762
0.669433892905
0.668798384382
0.668709038256
0.669481777455
0.671076710767
0.673051754908
0.674824864769
0.676042648445
0.676687531223
0.677270064441
0.678361381238
0.680310596657
0.683104030205
0.686211010738
0.689065155807
0.691264889393
0.692837230472
0.694191084255
0.695810668413
0.69804411389
0.700704524234
0.703325603755
0.705433178154
0.706755519963
0.70747612315
0.708156502529
0.709326092035
0.711211943794
0.71345922293
0.715404622569
0.716517323775
0.71654711099
0.71588922624
0.71527282868
0.715359426166
0.716406225535
0.717935004876
0.71922540568
0.719520789288
0.718588891411
0.716720194009
0.71474295519
0.713397287463
0.7129626567
0.713043190687
0.712913589243
0.711908320877
0.709847147757
0.707131917161
0.704479888583
0.702607493251
0.701636345821
0.701259086189
0.700827354405
0.699900074139
0.69833263726
0.696417166943
0.694734510474
0.693600901634
0.693075444796
0.692825939826
0.692488981391
0.69183175861
0.69092727879
0.6899569886
0.689179526902
0.688518299882
0.68783890729
0.686939764665
0.685730943011
0.684494002562
0.683588418087
0.683194954726
0.683285302594
0.683514081063
0.683460076046
0.683056632151
0.682507847925
0.68227571116
0.682761442684
0.683982683983
0.685472289792
0.686625629547
0.687056448021
0.686907760585
0.686747352496
0.68726397856
0.688922192317
0.691348545806
0.693900893382
0.695858579549
0.696933253157
0.697484115269
0.698327650593
0.700232580994
0.703317723105
0.706978443551
0.710247468312
0.712336670626
0.713058123947
0.713134400945
0.713636363636
0.715497896213
0.718745610339
0.722523601522
0.725748715222
0.727539132299
0.727770374905
0.727105034722
0.726618705036
0.727141776801
0.728501272538
0.730077580351
0.730892972045
0.730418291767
0.728927511354
0.72718208041
0.72606176242
0.72573928259
0.725787428889
0.725411813357
0.724011386631
0.721662855388
0.719026473679
0.717048927096
0.716146179402
0.716010395079
0.715890169447
0.714958430761
0.712983318246
0.710473863563
0.708191071827
0.706827817503
0.706358926048
0.706251757428
0.705843852267
0.704725144743
0.70308714827
0.701505921643
0.700427258476
0.699850230767
0.699332866238
0.698386114495
0.696889295517
0.695223260644
0.694203518202
0.694181862536
0.694975639464
0.695673369896
0.695365048306
0.693747694578
0.691204648
0.689000558347
0.688164356313
0.688973312989
0.690626563282
0.691840141089
0.691500524659
0.689526745007
0.686774266585
0.684665367122
0.6841350541
0.685056643311
0.686385844447
0.686909175936
0.685947336357
0.683796090246
0.681528003037
0.680133162257
0.679937304075
0.680176705701
0.679837139317
0.678117276212
0.675080577989
0.67166849215
0.6690887739
0.66789504717
0.667778519013
0.667713239142
0.666893269884
0.664861773117
0.662253434646
0.659908436887
0.658509369349
0.658005158409
0.657841926521
0.657481688176
0.656693771155
0.65572174184
0.65516437398
0.655201764228
0.655682737889
0.656109293823
0.656076709797
0.655824887279
0.655883371158
0.65688599847
0.659062440691
0.661856679979
0.664417200915
0.665981000823
0.666380564989
0.666084889896
0.666065579803
0.66695762866
0.66870459613
0.670723003355
0.672332859175
0.673071459014
0.673160709858
0.673270462383
0.673922128578
0.67521779553
0.676609105181
0.677397446346
0.677204038761
0.676139627615
0.674986562752
0.674418604651
0.674629026421
0.675240423798
0.675551232166
0.675081723145
0.673909528891
0.672695618532
0.672135875661
0.672601258981
0.673683878298
0.674835061263
0.675394311875
0.675240452395
0.674598955565
0.673820945735
0.673082287308
0.67222976308
0.671105234024
0.669828406544
0.668821817068
0.668560953254
0.669243411041
0.670426635131
0.671225829879
0.670842032011
0.669250333051
0.667060141045
0.66535813504
0.664821444688
0.665217130518
0.665607958291
0.664996249062
0.663037921391
0.660257567551
0.657828358657
0.6565828845
0.656527060509
0.656735596462
0.656200282172
0.654388454455
0.651754864521
0.649328604771
0.647976302028
0.647551857212
0.647246945241
0.645960284978
0.643278067845
0.639846390169
0.636909712596
0.635540777685
0.635701107011
0.636422413793
0.636659033236
0.635847526358
0.634348072206
0.633150884298
0.633076165984
0.634071810542
0.635416666667
0.636255505192
0.636295912418
0.635862473904
0.635785262191
0.636513266179
0.637820512821
0.639030061452
0.639645366343
0.639705882353
0.639836845683
0.640635159645
0.642094385119
0.643479468222
0.643913378653
0.64298615292
0.641267797095
0.63990188652
0.639985473034
0.641253473746
0.642538441683
0.642207985697
0.63952744648
0.63522942738
0.631245950375
0.629295171042
0.629700912275
0.631247326047
0.632177104297
0.631357460623
0.628981860975
0.626691191498
0.625928205128
0.626884732636
0.628338802808
0.628730165411
0.627109952566
0.624096281224
0.621491859805
0.6208514183
0.622203628677
0.62404012606
0.624466507929
0.6225744739
0.6189049682
0.615409622887
0.613812412506
0.614305816135
0.615606526366
0.616024874432
0.614632256815
0.611743998435
0.608847554375
0.607031597686
0.60641950734
0.606150444701
0.605371585533
0.603706563707
0.60184992725
0.600722059439
0.600326608018
0.600031899623
0.598794662075
0.596130790191
0.592975889023
0.59075048463
0.59035541465
0.591356918943
0.592139540152
0.59137742474
0.588817330211
0.585811732606
0.584546432413
0.586075417317
0.589480370214
0.592641648271
0.593719535058
0.59238562508
0.590137659148
0.589474026819
0.591686817855
0.595742300605
0.599312737706
