1.46957689725
1.46875832667
1.47299900365
1.47663736699
1.47593582888
1.47184627171
1.46840890663
1.46870406663
1.47162948594
1.47332850591
1.46996636233
1.46119971435
1.45129317929
1.4457136264
1.44691498436
1.45241309484
1.45716992699
1.45702780229
1.45183086312
1.44538312527
1.44206488733
1.44387971199
1.44860847565
1.45229867002
1.45212710899
1.4487166429
1.44579701433
1.446423271
1.45085711479
1.45666210135
1.46017311807
1.45981047669
1.45718075028
1.45557523774
1.45685606409
1.46018103685
1.46271171007
1.46177189963
1.45765830454
1.45342605306
1.45248078267
1.4554438355
1.4598905328
1.46169833729
1.45848739496
1.45137447056
1.44450366969
1.44186235146
1.44406888782
1.44840412767
1.45048443456
1.44776939994
1.44153733019
1.43565790979
1.43326047633
1.43445230343
1.4362185939
1.43501651022
1.42948034276
1.4219850432
1.41683969356
1.41653097345
1.41989241641
1.42302843536
1.42189460477
1.41551485833
1.40705729789
1.40130648529
1.40096602265
1.40446017933
1.40722192936
1.40476580681
1.39615897053
1.38500818961
1.37684056867
1.37505897154
1.37894868664
1.38441826307
1.38675686629
1.38391445839
1.37782826267
1.37238468313
1.37018768046
1.37072442121
1.37101233834
1.3682964366
1.36217552534
1.35517927122
1.35058891959
1.34981021644
1.35131384962
1.35156632756
1.34804904601
1.34130971643
1.33482205556
1.33207105864
1.33409072016
1.33849943265
1.34119470741
1.33914894794
1.33274565439
1.32552340239
1.32154840822
1.32241731319
1.32605737303
1.32849019128
1.32671171538
1.32109596437
1.31514273449
1.31267869071
1.31470006944
1.31877577251
1.32056619484
1.31679974191
1.30809679669
1.29855893912
1.29295947496
1.29328669088
1.29759352557
1.30120773597
1.30011584364
1.29371720705
1.28527706186
1.27922827166
1.27807227619
1.28070982227
1.28347698415
1.28283736647
1.27802275573
1.27157443111
1.26720416972
1.2667756882
1.26903107057
1.27056475089
1.26812787938
1.26132511556
1.25328025121
1.24809181726
1.24806419823
1.25193370166
1.25573630137
1.25544742055
1.24966149059
1.24064557108
1.23261606186
1.22852649055
1.22866623598
1.23019281462
1.22970716288
1.22540652233
1.21871056901
1.21248528391
1.20928958422
1.20930948496
1.21040498442
1.20977174118
1.2060793731
1.20070288754
1.19630675508
1.19507605957
1.19675717411
1.19899850426
1.19897557132
1.1954121769
1.18990743506
1.18575944102
1.18578541117
1.19005985608
1.19603792753
1.19993191489
1.199420191
1.19508704984
1.19004217113
1.18728539861
1.18817478969
1.19131860251
1.19385835927
1.19381379946
1.19175054407
1.1902617411
1.19206863937
1.19786601837
1.20525107991
1.20986284792
1.20824172163
1.20042096955
1.18987465091
1.18132345838
1.17804831042
1.18057790077
1.18641064467
1.19165730788
1.19367940094
1.19285424279
1.19168434972
1.192565101
1.19592651999
1.19986108175
1.20151095594
1.19883547328
1.19269220561
1.18624541805
1.18266850861
1.18327229026
1.1868966699
1.19067857041
1.19192091358
1.18990980834
1.18650549941
1.18462603878
1.18596113503
1.19013695604
1.19475852155
1.19701904499
1.19555019067
1.19146911701
1.18732307029
1.18511358144
1.18493224349
1.18519619501
1.18351988698
1.17887596371
1.17252178649
1.16737368793
1.16618615025
1.16964139512
1.17593456661
1.18163501877
1.18357006396
1.18066982465
1.17463571389
1.16839795578
1.16431228846
1.16309789834
1.16376915366
1.16453461449
1.16416127717
1.16279817587
1.16163274881
1.16176774079
1.16317792578
1.16472920609
1.16489813243
1.16297946355
1.15958098505
1.15635369301
1.154572672
1.15420952855
1.15401722788
1.15211498456
1.14752077869
1.140944683
1.13467780054
1.13092387194
1.13063689836
1.13305963974
1.13602023177
1.13744227809
1.13641588964
1.13408033425
1.13236584754
1.13277943739
1.13517536515
1.13802502788
1.13923659403
1.13763975918
1.13403033158
1.13077800456
1.13015976718
1.13307760401
1.13855847368
1.14427348416
1.14770827835
1.14780660926
1.14552978705
1.14309621057
1.14225166306
1.1432277863
1.14474489512
1.14501762078
1.14298727468
1.13944898908
1.13662696264
1.13661363453
1.1402211066
1.14630173565
1.15255916051
1.15646623398
1.15687377756
1.15451972876
1.15147485172
1.1495282392
1.14918483336
1.14956161584
1.14911232966
1.14684721652
1.14313197384
1.13960216002
1.13797104652
1.13883025994
1.14143309159
1.14391947296
1.14471544715
1.14345179997
1.14114832536
1.13950931605
1.13959782324
1.14119167181
1.14272986458
1.14255261657
1.14008170676
1.13646029528
1.13407328569
1.13480205702
1.13895244196
1.1446388625
1.14877763409
1.14883505632
1.14430005543
1.13742233649
1.13195625759
1.13079455199
1.13460669418
1.14147076552
1.14786226859
1.15039379547
1.14792511328
1.14236090668
1.13717006882
1.13532992592
1.13775597513
1.14300338385
1.14823329076
1.15064582686
1.14916166657
1.1451192457
1.14089064385
1.13845317385
1.13811482063
1.13862856834
1.13817759909
1.13557177091
1.13127682403
1.12713381241
1.12511994882
1.1260941503
1.12923109908
1.1323077752
1.13303769401
1.13025949076
1.12476360296
1.11855030225
1.11368922062
1.11111413635
1.11034368895
1.11011498733
1.10912770922
1.1069712218
1.10459812449
1.10335536206
1.10411332992
1.1067410906
1.10983710721
1.11175578751
1.11125469925
1.10835666912
1.1043693614
1.10091851154
1.09900931887
1.09841073999
1.09812439461
1.09689411902
1.09431381679
1.09118961788
1.08907726118
1.08914838272
1.09151923617
1.09505033557
1.09778124652
1.09796088223
1.09508341133
1.09049058865
1.08640379229
1.08496104173
1.08689999204
1.09142191266
1.09658368644
1.10025672922
1.10120335673
1.09972430091
1.09730167437
1.09564741736
1.09567643684
1.09740310789
1.09985226613
1.10205435821
1.10339682963
1.10415499159
1.10498891056
1.10646968925
1.10848967472
1.11033260632
1.11104984561
1.11017964072
1.10798675422
1.10557341908
1.10425694621
1.10459190936
1.10643727599
1.10875853292
1.1104240798
1.1106744868
1.10957496771
1.10793260793
1.10658024763
1.1057203879
1.10481627033
1.10301421476
1.09980964287
1.09557577127
1.09179123314
1.09020905148
1.09190082645
1.09672041541
1.10290882425
1.10816508554
1.11068363421
1.10975544496
1.10663122924
1.10354654845
1.10250694918
1.10428582622
1.10794106142
1.11154889886
1.11309119415
1.11189030772
1.1088836478
1.10615772605
1.10570629223
1.10839560673
1.11322680274
1.11793438441
1.11996276829
1.1180050672
1.11285509009
1.10675200177
1.10240075667
1.10121548199
1.10303509863
1.10593703661
1.10750559477
1.10594790201
1.1013183105
1.09545028808
1.09084251148
1.08908754624
1.09048444842
1.09369318976
1.09658582924
1.09720831943
1.09506499229
1.09135634683
1.08804204993
1.08686654285
1.0882508042
1.09122954701
1.09405641282
1.09505444051
1.09364801713
1.09077716448
1.08831850213
1.08798156918
1.0902109359
1.09409556138
1.09779089944
1.09936916741
1.09792478999
1.09410531831
1.08975837308
1.08682516748
1.08627119092
1.08777043832
1.08991840386
1.09100892244
1.08996012847
1.08698067096
1.08335413027
1.08079272506
1.08020962626
1.08149579136
1.08365387276
1.08529648436
1.08560646003
1.0846872237
1.08373520386
1.08405639913
1.08634020619
1.09023317788
1.09446876244
1.09742870748
1.09796424239
1.09620884166
1.09353998437
1.09189817806
1.09265963183
1.09597277658
1.10071132491
1.10502013698
1.10731104763
1.10700745364
1.10501045458
1.10297801999
1.10255481065
1.10420028106
1.10714004359
1.10969130227
1.1101879487
1.10780638853
1.10332284972
1.0988223668
1.09648760899
1.09750048227
1.10150614896
1.10676650028
1.1109813409
1.11229797769
1.1102484472
1.10598088102
1.10165833402
1.09899756164
1.09885113138
1.10041482671
1.10196851442
1.10168458971
1.09863856182
1.09345964657
1.08806862089
1.08454840275
1.08418859872
1.08705362808
1.09182972443
1.09653022638
1.09938700659
1.09962207882
1.09776313419
1.09523809524
1.09330366384
1.09274403584
1.09329829172
1.09414231494
1.09437648885
1.09369534214
1.09260507373
1.09193791765
1.09234785885
1.09382064808
1.09537541098
1.09566884485
1.09343673161
1.08835579515
1.08140531277
1.07456989105
1.06987162693
1.06836433345
1.0697763972
1.0725691256
1.07470228271
1.07449364048
1.07148608525
1.06661496898
1.06188131125
1.05918787008
1.05947900158
1.06247204413
1.0667817645
1.07069661787
1.07312167426
1.07402467489
1.0745987511
1.07648203399
1.08088005011
1.08771192009
1.09558628729
1.10229516947
1.1056570371
1.10460711887
1.09965156794
1.0927224726
1.08621786377
1.08198276544
1.08076489258
1.08187898422
1.08389680641
1.085372471
1.08541864099
1.08422893643
1.08279391841
1.08208268001
1.08263746066
1.08406378448
1.08519979165
1.084841404
1.0823172249
1.07806515792
1.07342275211
1.07005863063
1.06903859579
1.07028344557
1.07276100437
1.07463454807
1.07417332258
1.07054941602
1.06424375918
1.05699495412
1.0507310474
1.04662004662
1.04487792275
1.04465392562
1.04451046241
1.04324491692
1.04045619172
1.03670308958
1.03334172752
1.03182383678
1.03267909474
1.0355317536
1.03903699011
1.0415987148
1.04195157562
1.0398249453
1.03619195572
1.03264742238
1.03066815361
1.03099304238
1.0331700147
1.03586357003
1.03755153029
1.0371070133
1.03444610362
1.03072597396
1.02748002831
1.02616652802
1.02704266452
1.02946722651
1.03202757441
1.03312441793
1.03172129499
1.02782573881
1.0224975789
1.01745930261
1.01416920268
1.01303434792
1.01352939765
1.014288445
1.0138693611
1.01143386897
1.00725238784
1.00257537095
0.999009714232
0.997735475196
0.998886915335
1.00145560408
1.00373620016
1.00402066378
1.00113172268
0.995243168248
0.987761802895
0.980691613932
0.97575198744
0.973665196701
0.974005925852
0.975464240436
0.976444653605
0.975784422296
0.973425652778
0.97013234337
0.96732680346
0.966158493416
0.966953383177
0.969292919858
0.971919022297
0.97348476015
0.973139339675
0.971058395861
0.96832052178
0.966435752105
0.966728367581
0.969658301432
0.974720780618
0.980578522416
0.9855585028
0.988248419487
0.988222404821
0.986166401274
0.983404339641
0.981336484956
0.980608672233
0.980984421853
0.981675456291
0.981513785918
0.979643520417
0.976000574837
0.971476709143
0.967379051198
0.964984528047
0.964793453385
0.966353027997
0.968443910553
0.969527478648
0.968366989611
0.964736817392
0.959431091823
0.954201004073
0.950814603401
0.950315759257
0.952732181165
0.957001799698
0.961451636649
0.964297185778
0.964498214994
0.961978599029
0.957743701001
0.953291390242
0.949857882079
0.947956376972
0.947326742177
0.946866712856
0.945389244345
0.942252188313
0.937538186774
0.932212087989
0.927715590164
0.925200849571
0.925055411895
0.926813997171
0.929230841143
0.930816422841
0.93036437247
0.927527887729
0.92292675873
0.917942895792
0.914041153855
0.912144015098
0.912397975248
0.914012121212
0.915804019491
0.916539661804
0.915547533093
0.912960443076
0.909735517266
0.907008307008
0.905735707156
0.906196571323
0.907844314142
0.909658906836
0.910459901002
0.909487790073
0.906881357521
0.903623239519
0.901186516642
0.900888520317
0.903386596709
0.908345161058
0.914557115786
0.920357020254
0.924187814753
0.92509715587
0.923135840293
0.919317986389
0.915116647571
0.91187637542
0.910239473495
0.909992590999
0.910400838355
0.910336475673
0.90897690706
0.906144751407
0.902460168697
0.89904126525
0.896990013269
0.896826692159
0.898447758394
0.901059903473
0.903378523779
0.904260457927
0.902944755415
0.899660321107
0.895243917349
0.890906428467
0.887764287974
0.886220863955
0.886034303409
0.886343888782
0.886035428902
0.884185801256
0.880446953994
0.875260121075
0.869717235715
0.865007928365
0.86200004648
0.860978728351
0.861557132188
0.862921031616
0.864099955039
0.864428186736
0.863737686057
0.862422651867
0.861203770848
0.860651957572
0.860982391103
0.861779848002
0.86223371506
0.861279095599
0.858118099369
0.852625649064
0.84544903648
0.837899925818
0.831403865236
0.826928923919
0.824860465116
0.824753050552
0.825673090383
0.826480050724
0.82617025806
0.824253242889
0.820996509348
0.817226739584
0.813940618835
0.811809901181
0.811043332442
0.811274569799
0.811720329372
0.811513394295
0.810018856689
0.807142857143
0.803430111479
0.799806318848
0.797102488704
0.795845950038
0.795919806332
0.796705230798
0.79733546747
0.796911635838
0.794775140165
0.791012153528
0.786291977499
0.781670179519
0.778279773616
0.776711561412
0.776892624994
0.778186635266
0.779640571147
0.780222490812
0.779259186239
0.776610884821
0.772722844618
0.768347406514
0.764402284294
0.761412657028
0.759572762426
0.758559024918
0.757876147869
0.757009345794
0.755673884747
0.753991412236
0.752400646511
0.75147069331
0.751570599336
0.752771512214
0.754611298889
0.756436124954
0.757357078206
0.756789941555
0.754537193939
0.750978186442
0.746985613431
0.743604525474
0.741668450724
0.741476199471
0.742895454973
0.745269252495
0.747702195024
0.749340494807
0.749629417109
0.748648583716
0.746932774122
0.745446199932
0.744993583069
0.745996257503
0.748253115075
0.75117463285
0.753809181676
0.755269846016
0.754789080646
0.752323987539
0.74832306131
0.743863602959
0.739929311514
0.737337452403
0.736324319186
0.736602808497
0.737474522444
0.738112237612
0.737832467501
0.736279349789
0.733651077831
0.730546186883
0.727829489392
0.726102717563
0.725589553693
0.72611433872
0.727108109431
0.727850118934
0.727685473777
0.726212355118
0.723432810327
0.71977116261
0.715976331361
0.712685943507
0.71037693276
0.709118490602
0.708662725827
0.70862254025
0.708471401815
0.707983650567
0.707097999124
0.706021915664
0.705186711811
0.704876130554
0.705222503751
0.705931577652
0.706688987912
0.706846483241
0.705953170684
0.703713677201
0.70034800808
0.696416497634
0.692823447714
0.690409395654
0.689704977033
0.690844486557
0.693471166901
0.696963864697
0.700458134321
0.703158570617
0.704470529471
0.704288768708
0.702878459444
0.700920014077
0.699045620347
0.697716510054
0.697063673731
0.696874770564
0.696700724231
0.696095613651
0.69471738496
0.692489004447
0.68970620345
0.686928104575
0.684744534364
0.683613364233
0.683513082169
0.684238655136
0.685172498165
0.685767873448
0.685476848051
0.684085391796
0.681753215817
0.678993823919
0.676564051639
0.675014130889
0.674670101339
0.675487130142
0.677012701748
0.678628332263
0.679797451502
0.680087725572
0.679433745329
0.678126581059
0.676797052979
0.67608997636
0.67652173913
0.678265577321
0.680991449612
0.684068250583
0.686688876734
0.688008559982
0.687543493389
0.685175095349
0.681264008276
0.676641871391
0.672194528875
0.668675865408
0.666602204603
0.66595590017
0.666398517868
0.667371682939
0.668215128555
0.66840534644
0.667777946153
0.666463862905
0.664866646385
0.663490458739
0.662668175531
0.662582210108
0.663025628266
0.663625545418
0.66387095178
0.663329378028
0.661723268575
0.659120118636
0.656072364194
0.653144467517
0.65104824138
0.650230895278
0.650717583926
0.652200150867
0.654177870225
0.65600286643
0.657109707361
0.65711029964
0.65603461678
0.65428209961
0.652450439823
0.651169888098
0.650931018822
0.651905562386
0.653879860781
0.65642878651
0.658976753578
0.660914274079
0.661828550877
0.661615376645
0.660455540498
0.65877309914
0.657067447148
0.655704383176
0.654853940746
0.654441748826
0.654169127655
0.653721269143
0.652733200876
0.651075391686
0.648853995188
0.646407722827
0.644288526576
0.642972536349
0.642793898151
0.643777478462
0.64566062839
0.647929833613
0.649940169606
0.65112380154
0.651145660695
0.649961835075
0.647901364113
0.645606901765
0.643760179943
0.642981736097
0.643567639257
0.645478141381
0.648430927677
0.651899707737
0.655273159759
0.657894736842
0.659429836117
0.659687947779
0.658851113716
0.657288388714
0.655502901869
0.65392984132
0.652883166327
0.652439828118
0.652566464859
0.653135365661
0.653811682834
0.654455654746
0.65489044141
0.655259251405
0.655621930174
0.656274108164
0.657310565635
0.658761422408
0.660449571452
0.662171329335
0.663652259439
0.664614708146
0.664873513752
0.664383750794
0.663294558686
0.661872083448
0.660413936217
0.659257045028
0.658563026804
0.65836791148
0.658621628984
0.659089661231
0.659522555244
0.659691876751
0.659443424212
0.658704234953
0.657642542301
0.656410401838
0.655292989679
0.654500126054
0.654105392157
0.654198600467
0.654642470055
0.65530049151
0.656003604415
0.656584338721
0.656944803981
0.65699767712
0.65681372979
0.656404988995
0.655703042406
0.654647788233
0.653225806452
0.651365197648
0.64918337153
0.646747308716
0.644306358382
0.642132639792
0.640525143865
0.639651378272
0.639744705541
0.640605002909
0.642048108361
0.643609375458
0.644769071861
0.645106661121
0.644245723173
0.642068861825
0.638840282387
0.634975250513
0.631155930163
0.628125655077
0.626494912834
0.626555525997
0.628299055521
0.631309866604
0.634930921731
0.638500993211
0.641187561727
0.64244660899
0.64189044695
0.639540965449
0.635839220162
0.631520635214
0.627449182332
0.624402203523
0.622847731696
0.622808838796
0.624127058962
0.626319038241
0.628886925795
0.631257956598
0.63311155533
0.6343341958
0.634906203594
0.635245027868
0.63568943417
0.636557696999
0.638022258712
0.639960015751
0.642208203797
0.644423030595
0.646249699013
0.647307031556
0.647435703708
0.646655751622
0.645178946088
0.643533891851
0.642269235459
0.64183424741
0.642461501004
0.644014223627
0.646144505161
0.648390326789
0.650259460444
0.651331572075
0.651398176292
0.650442612478
0.648732540093
0.646677619569
0.64485327657
0.643866849065
0.643967273944
0.645286123469
0.647639721169
0.650551340725
0.653470849802
0.655833876525
0.65724348585
0.657501718428
0.656613326666
0.654862562791
0.652681015178
0.650591954379
0.648925977438
0.647890803533
0.647455529776
0.647391479974
0.64729797348
0.646767893145
0.645473283653
0.643298509364
0.640285705175
0.6368956743
0.633609512365
0.630997583707
0.62944399477
0.629245808328
0.630288639447
0.6323229829
0.634826580629
0.63733066358
0.639147887101
0.639947647322
0.639431273523
0.637661037745
0.635052743637
0.632168415648
0.629699188286
0.628170347003
0.627903336881
0.628941792347
0.631098510811
0.633985291817
0.637077942569
0.639866050072
0.641791044776
0.642587776333
0.642276422764
0.641100091348
0.639497924235
0.638077800263
0.637238400711
0.637314651923
0.638423184793
0.640444554824
0.643147981226
0.646126430313
0.648987190004
0.651350403367
0.652823385487
0.653370058328
0.653083092509
0.652258377853
0.65122335466
0.650394854159
0.650003151989
0.650095303565
0.650724097209
0.651685393258
0.652780372377
0.653679789368
0.654112513044
0.653870700108
0.652907705661
0.651288177181
0.649289405685
0.64715541389
0.645273838866
0.643781189409
0.64282330649
0.642446156265
0.642561075174
0.643032477341
0.643634522906
0.644049971317
0.644151088842
0.643720900155
0.64275974026
0.641383120471
0.63967965761
0.637936041821
0.636302402412
0.634969227335
0.634062688558
0.633529934044
0.6333576851
0.633448209841
0.633589257605
0.63367746529
0.633535314047
0.633147905759
0.632491234968
0.631609928382
0.630618023237
0.629671537566
0.628852080123
0.628334396937
0.628202682942
0.628546014804
0.629331210191
0.63053430227
0.631986076194
0.633678470577
0.635443533906
0.637176840657
0.638805089192
0.640138747996
0.641165162425
0.641771700742
0.641964170641
0.641814507074
0.641389244558
0.640709551407
0.639818946422
0.638763537906
0.637561512562
0.636224821313
0.634834385371
0.633417836713
0.632095327526
0.630753878839
0.629491113668
0.628234024317
0.627064060872
0.625944346512
0.624862278465
0.623863349331
0.622853515315
0.621817601022
0.620761690503
0.61958872712
0.618382329161
0.617086563307
0.615820117734
0.614482097187
0.613123392908
0.611745410963
0.610409995605
0.609111131999
0.607959356478
0.606960790484
0.606235967492
0.605885343841
0.605976527618
0.606602388098
0.607813147245
0.609627703431
0.611874015748
0.614461221045
0.617228743556
0.619975262832
0.622590212556
0.624969013386
0.627077940305
0.628913994398
0.630513537562
0.63196025004
0.633347305968
0.634771934358
0.636354848065
0.638133666378
0.640101603429
0.642214249748
0.64440139965
0.646513364658
0.648530876494
0.650218886804
0.651522794628
0.652290246544
0.652506918968
0.652197891322
0.651465798046
0.650449101796
0.649495210976
0.648737017566
0.648354783491
0.648516404241
0.649169207791
0.650331659538
0.651866331565
0.653633725466
0.655444983309
0.657125573102
0.658493419571
0.659528907923
0.660181835957
0.660475724992
0.660652279734
0.660821917808
0.661260915459
0.662048365058
0.663227195037
0.664905397709
0.666962953557
0.669275741989
0.671691306729
0.673984347092
0.67603884003
0.677639568086
0.678749671657
0.67949053762
0.679923132044
0.680305580733
0.680830516659
0.681698633652
0.682967473161
0.684693943092
0.686844567778
0.689302416212
0.691857423152
0.694340243501
0.69653895739
0.698164468889
0.699075761089
0.699229981163
0.698650427913
0.697467981264
0.695903001858
0.694119937695
0.692332567991
0.690776526761
0.689658505155
0.689097816988
0.689263171454
0.690120870266
0.691577622107
0.693539516677
0.695800227015
0.698179453836
0.700517864704
0.702774065261
0.704837921486
0.706771561393
0.708570873283
0.710214083054
0.711796977766
0.713395738155
0.714995857498
0.716556755551
0.71793971133
0.719028677744
0.719567672205
0.719421192655
0.718534201954
0.716978056017
0.714977887617
0.712808582138
0.710782430529
0.709163472807
0.708154371885
0.707799477547
0.708032812258
0.708685293481
0.709499114989
0.710181624934
0.710498944117
0.710260482846
0.709420822285
0.708061211423
0.706397392471
0.704697133414
0.703272796065
0.702434907636
0.702260955866
0.702899444787
0.704262194184
0.706206684121
0.708619303778
0.711195375148
0.713821239879
0.716229379419
0.718348942074
0.720083378075
0.721385494617
0.722315039561
0.722947262493
0.723391574391
0.72381518813
0.72429205476
0.72493051435
0.725777250593
0.726867022439
0.728123829734
0.729506149716
0.730954315355
0.732308366733
0.733452706311
0.734241908007
0.734635012203
0.734489893363
0.733959011684
0.733184286171
0.732301025935
0.73165784553
0.731479442574
0.731929496178
0.733124845182
0.735035889221
0.737533454333
0.740260941982
0.743030980319
0.745450559088
0.747193320894
0.748047061824
0.74798128685
0.747090693425
0.745650161223
0.743990118139
0.742489808717
0.741400720228
0.740839953199
0.740763433613
0.741111315097
0.741597154073
0.742018981881
0.742203484407
0.741933472582
0.741203355873
0.73994730569
0.73828112752
0.736274049742
0.734091971941
0.73182622737
0.729677060134
0.727729486468
0.726071593179
0.724849895846
0.724127400983
0.723933288697
0.724316782432
0.725265418469
0.726660424658
0.728379766725
0.730230867115
0.731990139088
0.733488400563
0.734568281125
0.735242331573
0.735518787691
0.735532853924
0.735528053312
0.735665487373
0.736101017442
0.737037037037
0.738354806739
0.740128116448
0.742108127721
0.744113700134
0.746017071893
0.747517509728
0.748548655349
0.748983259245
0.748856286481
0.748190799824
0.747198397295
0.745994212999
0.744809875932
0.743783317413
0.743027582178
0.742568169941
0.742506308857
0.742833364158
0.743585785297
0.744736109823
0.746183619755
0.747773744143
0.749338644922
0.750570365972
0.751279876881
0.75125461604
0.750514810708
0.749111675127
0.747394761015
0.745626477541
0.744203510748
0.743391660462
0.743366373207
0.74411413526
0.745461768841
0.747158829836
0.748875053936
0.750264254181
0.751121991024
0.751234177215
0.750596696687
0.749410038906
0.747834670743
0.746107746457
0.744474920395
0.743089940458
0.742018954982
0.741211180124
0.740698286812
0.740386697602
0.740194714882
0.740171098552
0.740330297885
0.740852811313
0.741710998392
0.742983109786
0.744447568175
0.7459697733
0.747141768293
0.747743711195
0.747571253941
0.74648930688
0.744614594369
0.742270669982
0.739772727273
0.737526166151
0.735877106046
0.734994302608
0.734966797836
0.735684583398
0.736947977594
0.738473990599
0.740021912662
0.74136467926
0.742245315698
0.742606997764
0.742426625562
0.741715613908
0.740596668444
0.739138611999
0.737491776058
0.735781137509
0.734128967758
0.732588187677
0.731280399021
0.73021250385
0.729511209114
0.729103111653
0.728995886028
0.729122121083
0.729397671776
0.729723873205
0.730096784265
0.730401409337
0.730653679517
0.730856997972
0.730951928558
0.73103274082
0.731046193516
0.731071641136
0.731100837186
0.731274372173
0.731549067315
0.732014107806
0.732696151924
0.73373964682
0.735111972976
0.736782761213
0.738576049747
0.740330620228
0.74169893975
0.742454278041
0.742417412583
0.741487571207
0.739701589361
0.737266457274
0.734548616703
0.731923187526
0.729745993539
0.728244130865
0.727551275638
0.727667145265
0.728472265649
0.729782356082
0.731315939099
0.73282709538
0.734146497222
0.735064102564
0.7354936188
0.735428755642
0.734864165589
0.733896103896
0.732655190402
0.731339376288
0.730078048141
0.72918305796
0.728686730059
0.72865497076
0.729017482743
0.729730595509
0.730611073922
0.731597874169
0.732546643279
0.733497979344
0.734400258649
0.735305629852
0.736180987143
0.737037159591
0.737716354938
0.738091275257
0.737918401332
0.736989311757
0.735276502296
0.732892419157
0.730040797373
0.727050345443
0.72433641417
0.72221314422
0.720980042187
0.720652734778
0.721108755701
0.722076004622
0.723134376408
0.723982633489
0.724397098229
0.724200461589
0.723464336733
0.722422542735
0.721257735407
0.720211237007
0.719353225538
0.718644067797
0.718054082715
0.717436592705
0.716771211621
0.716089263935
0.715455711607
0.714988359511
0.714883052398
0.715252913222
0.716137205223
0.71748951799
0.719096723665
0.720739084692
0.722137353879
0.723132724342
0.723591310251
0.72350624893
0.722920613053
0.721894104238
0.720554192724
0.718894486233
0.71689214775
0.714609364273
0.712003557623
0.709288463504
0.706667570131
0.704501835079
0.703044496487
0.702539017004
0.703048800717
0.704443633226
0.706411623567
0.708578143361
0.710426411769
0.711625359441
0.711928189194
0.711279344353
0.709957162261
0.708243327991
0.706445326095
0.704868471349
0.703644567858
0.702830188679
0.702384252842
0.702148268585
0.702037439239
0.701892744479
0.701726898055
0.701634462455
0.701603125421
0.701785654235
0.702164239482
0.702720119387
0.703359102415
0.703914664457
0.704308184855
0.704385565783
0.704083424037
0.703293613132
0.701996765802
0.700158200035
0.697802004572
0.695046439628
0.692045294697
0.689004280401
0.686238916428
0.684081067036
0.682779456193
0.682356544823
0.682926829268
0.684269169734
0.686232006774
0.688532423208
0.690848252786
0.69298153771
0.694646258024
0.695819112628
0.696458564128
0.696644920783
0.696490786969
0.696084077167
0.695493740304
0.694694586091
0.693767428385
0.692622209357
0.691381609775
0.690118152524
0.688888888889
0.687900330823
0.687194184258
0.686860246501
0.686830015314
0.687011446119
0.6872655894
0.68744936419
0.687373969647
0.686841077704
0.685806842049
0.684259391515
0.682285878177
0.67999711774
0.677641348836
0.675337432241
0.673375628965
0.671851096379
0.670788757933
0.670148017431
0.66981064666
0.669729001135
0.669830963052
0.670093293434
0.670527353376
0.671178793006
0.672056487202
0.673003533569
0.673959143281
0.674644700559
0.675011508091
0.674973338073
0.674491840825
0.673669771136
0.672569596269
0.671479481245
0.670348343246
0.669195470357
0.667898178594
0.666310986828
0.664262703178
0.661845604576
0.659288021192
0.656767705997
0.654791952117
0.653605803764
0.653340478742
0.653872101694
0.654948468163
0.65611273149
0.656843139319
0.656989209518
0.656481808548
0.655367432596
0.654003297255
0.652773266934
0.651874160891
0.651397543821
0.651122814717
0.650712083395
0.649913408748
0.648520710059
0.646439559625
0.643923952118
0.641314380653
0.638982553878
0.637257748421
0.636213459743
0.635897800868
0.63607751609
0.6366746614
0.63743515545
0.63828357153
0.639230851102
0.640193394717
0.64112601872
0.641997293255
0.642622716895
0.642987575638
0.643044997658
0.642826007991
0.642357166416
0.641678053104
0.640789668992
0.639521491994
0.63775850567
0.635321016337
0.632261848037
0.628756693745
0.625172088979
0.621904178233
0.619430293463
0.617992363416
0.617674187598
0.618118982967
0.61891730695
0.619553814952
0.619676483946
0.619309234699
0.618582765644
0.617880444366
0.61756163219
0.617737003058
0.618281105004
0.618764334862
0.618728615163
0.617843165676
0.616049607879
0.61353880022
0.610753084147
0.608274388447
0.606396651122
0.605196890624
0.604505450726
0.603889567906
0.603022616028
0.601764245572
0.600297808977
0.598982080373
0.598394422732
0.59882253995
0.600299870986
0.602417590052
0.604607591423
0.606260869565
0.606907894737
0.60658688976
0.605459145494
0.604161425953
0.6031459049
0.602707902283
0.602699359721
0.602660349854
0.60215485756
0.60078371054
0.598516832483
0.595649298155
0.592642851903
0.590012038084
0.588141663351
0.58706788465
0.586571560382
0.586268845991
0.585878063317
0.585309548793
0.584701935845
0.584316737658
0.584533314738
0.585401510669
0.586668521159
0.587958935097
0.588767419929
0.588793588301
0.587970511094
0.586508901122
0.584911775297
0.583523364824
0.58250735214
0.581633024186
0.580555859105
0.578853242819
0.57626746653
0.573035354461
0.569519206123
0.566440455342
0.564352489311
0.563509729303
0.563784398777
0.564699245469
0.56567001998
0.566352201258
0.566658525522
0.566778196013
0.567189619786
0.568267730189
0.570100241963
0.572325525235
0.574358620213
0.575645116537
0.575697211155
0.574542376468
0.572546787163
0.570338800945
0.568552735639
0.567355461156
0.56654060868
0.565455594002
0.563542494043
0.560476138789
0.556332415592
0.551639284939
0.547285369456
0.544011440829
0.542177208018
0.541653512926
0.541829064588
0.542100709465
0.541867843841
0.541067620554
0.539938292767
0.539086225134
0.539027782489
0.540057345252
0.541992942363
0.544239166947
0.54615902965
0.547272111149
0.547343638039
0.546581504756
0.545357303061
0.544120192474
0.543069341292
0.542081447964
0.540816326531
0.538964003512
0.536384810841
0.533149171271
0.529762115787
0.526790770102
0.524568205851
0.523250105204
0.522641641083
0.522364217252
0.522011273645
0.521343982374
0.520387551782
0.519382480958
0.518628509719
0.51837828782
0.518676485289
0.519448596579
0.520345170926
0.52124090743
0.521931428951
0.522449658845
0.52291042291
0.523380995234
0.523855663214
0.524241203331
0.524371680817
0.524066361712
0.523154848046
0.521672686857
0.519786245678
0.517591813849
0.515306838927
0.512955736033
0.51063604987
0.508433905004
0.506483869828
0.504873569713
0.503766809829
0.503202772236
0.503040200132
0.503051408475
0.503047945205
0.502895292595
0.502543407488
0.502228525122
0.502183699523
0.50260486241
0.503551513542
0.504805310611
0.506077275273
0.50705060622
0.507615051703
0.507745380967
0.507743031272
0.507766828128
0.507917908199
0.508053150795
0.507811447811
0.50680341186
0.504924513513
0.502248463836
0.499205636527
0.496343027488
0.494101727847
0.492530588195
0.491365288112
0.490179127187
0.488635184224
0.486630645608
0.484509287497
0.482833806327
0.482245052748
0.482951235393
0.484770105163
0.486963579182
0.48882756764
0.489754854288
0.489550242434
0.488535626208
0.487325812873
0.48664884312
0.486875390125
0.487877596488
0.489186709483
0.490158062502
0.490509358598
0.49013365171
0.489450212993
0.488927427962
0.488859194922
0.489199236411
0.489537074418
0.48939917361
0.488393527685
0.486518090521
0.484194507851
0.482062313511
0.480526699788
0.479709288173
0.479274069946
0.478725634039
0.477514108451
0.475477796515
0.472939275805
0.470551181102
0.469080411797
0.468833097351
0.469712049971
0.471104883634
0.472286610308
0.472619047619
0.471952004881
0.470649683246
0.469423919222
0.468945850051
0.469481866992
0.470889399409
0.472610378534
0.474012747224
0.474637084828
0.474462897061
0.473741433843
0.472990777339
0.472611548989
0.472701387279
0.473080641397
0.473436449227
0.473361142198
0.472668920072
0.471433470508
0.469825659365
0.468178997449
0.466761255494
0.465643808927
0.464767038891
0.464085870139
0.463398277566
0.462624408837
0.461692838532
0.460607124057
0.459465135816
0.458464443046
0.457707095421
0.457451268078
0.457752370329
0.45852710488
0.459572266299
0.460636802961
0.461399502369
0.4618910202
0.462218159659
0.462691606456
0.463647680248
0.465070328198
0.466822196301
0.468355691327
0.4691800126
0.469047698078
0.467998002996
0.46650198618
0.465215064553
0.464667090684
0.46496047166
0.465697791502
0.466289104639
0.466080700445
0.465027191572
0.463295325364
0.461431934635
0.459989585141
0.45912299614
0.458522133147
0.457641951971
0.45595800155
0.453454945523
0.450514138817
0.447958452722
0.446581426167
0.446600900708
0.447726056715
0.448967951232
0.449584181033
0.449048913043
0.447587711455
0.445973896298
0.445259613681
0.446061884669
0.448342059337
0.451318211817
0.454037934741
0.455690055843
0.456030804454
0.455574792244
0.455238029577
0.455869252381
0.45766754114
0.460206437593
0.462639972854
0.464163126593
0.46442802166
0.463710777626
0.462837837838
0.462560180285
0.463204351842
0.464522557812
0.465767634855
0.466174576094
0.465326421967
0.463426642284
0.461155975597
0.459331328498
0.458451906659
0.458530635672
0.459140018853
0.459652594547
0.459454464814
0.458389062268
0.456580025322
0.454562404445
0.452676435407
0.451274925833
0.450330625354
0.449825148244
0.449620388387
0.449587849183
0.449697384949
0.449846410558
0.45004347333
0.450192438307
0.450416493913
0.450728073146
0.451208997188
0.45202773222
0.453067723183
0.454240907083
0.455312282246
0.45627265073
0.457061382664
0.457903372835
0.458987846907
0.460443836011
0.462025542876
0.463507547707
0.464502826265
0.464824836229
0.464591661907
0.464073782798
0.463601943135
0.46352848947
0.463696486986
0.463885628934
0.463797594833
0.463399748699
0.462970325659
0.462903049911
0.463520566444
0.464689730917
0.465926633831
0.466506380618
0.465987536848
0.464307251621
0.461883749239
0.459584737971
0.458174539015
0.45784529746
0.458205417169
0.458578028345
0.458395890952
0.457419663504
0.455998072908
0.454834938933
0.454523434661
0.455129500182
0.456337800089
0.45734481638
0.457648546144
0.456994522116
0.455733954324
0.454589863627
0.454110976104
0.454512460682
0.455543933054
0.456775231202
0.457785814748
0.458443536106
0.458945858731
0.459592965817
0.460540243855
0.461712414223
0.462786445162
0.463561729116
0.463959232894
0.464352211016
0.46510910633
0.466493268054
0.468320291727
0.470236518448
0.471696685334
0.472432883361
0.472550435014
0.472362572655
0.472325422701
0.472655068079
0.473288215055
0.473819905213
0.473983150993
0.473809341207
0.473485577849
0.473436475173
0.473749227918
0.474231587087
0.474601941748
0.474541113851
0.473977474807
0.473333599266
0.472994695387
0.473269487211
0.473859527968
0.474248312538
0.473773335536
0.472286036506
0.4701709943
0.468412090251
0.4677964651
0.468536574889
0.469974115617
0.471096634093
0.470969720871
0.469329087612
0.46683593924
0.464827154421
0.464463254064
0.465943231245
0.468574256535
0.471011541073
0.472105742935
0.471456061578
0.469684461567
0.468053016453
0.467826956285
0.469295468934
0.471790936992
0.474135983736
0.475315625141
0.474902776522
0.473487576521
0.47217507816
0.471898666903
0.472977730834
0.474949548127
0.477014768395
0.478557675477
0.47925202685
0.479303775546
0.479249011858
0.479400589164
0.479853635706
0.480469248098
0.481118049361
0.481779661017
0.4826306914
0.483808805664
0.485204634492
0.48662812461
0.487738873392
0.488505027746
0.488977035491
0.489438820147
0.489982162857
0.49058006941
0.490819820935
0.490407673861
0.489348448985
0.488075383589
0.487219112856
0.487330411188
0.488405071738
0.489769500585
0.490687919463
0.490579587699
0.489531023917
0.488253669391
0.487573507319
0.487932888793
0.489159540468
0.490386288498
0.490728535021
0.489917384738
0.48828142505
0.486657050126
0.485923780212
0.486399199418
0.487549869308
0.488610531199
0.488765629407
0.487990487515
0.486666666667
0.485561394205
0.485279876041
0.485753264471
0.486540447504
0.487082172702
0.486968767289
0.486284554907
0.485364609893
0.484643734644
0.484215938303
0.483977643223
0.483687314095
0.483152688625
0.482457905327
0.481789188327
0.481276641091
0.48094017094
0.48075376615
0.480775026911
0.481154572431
0.482185426892
0.483806604281
0.485651498097
0.487122671805
0.487764731114
0.487473083549
0.486667386959
0.486204474225
0.486784733811
0.488397967371
0.490290849152
0.491484739296
0.491397564849
0.490301074131
0.48921956625
0.489417378992
0.491333056047
0.494338455192
0.497051886792
0.49818488598
0.497285021689
0.495159896283
0.493423509817
0.49353291019
0.495742995743
0.498967348544
0.501691922907
0.502573403265
0.501468716342
0.499195710456
0.497508345832
0.49748141041
0.499213724089
0.501757051952
0.504008729067
0.50521475301
0.505414479595
0.505271084337
0.505474452555
0.506332060713
0.507472384665
0.508291643506
0.508364913578
0.507666804807
0.506623275427
0.505821651979
0.505539597866
0.505980096777
0.506978446895
0.508522727273
0.510318949343
0.512108359557
0.513431207672
0.513939338903
0.513377013377
0.51217617764
0.510985734599
0.510640253711
0.511468627902
0.51297955433
0.514298850575
0.514609641442
0.513707179511
0.5123024883
0.511502782931
0.512041204584
0.513665520126
0.515427344443
0.516159338595
0.515316252245
0.513455788125
0.511950582086
0.511995819279
0.513744887282
0.516264628612
0.518137207736
0.518301255636
0.5168698196
0.514862618559
0.513906571345
0.514689987226
0.516920641203
0.51952011997
0.521299711961
0.52152646864
0.520544440465
0.519226825267
0.518408062526
0.518315397351
0.518580604731
0.518845626253
0.518827472469
0.518581514763
0.5183566058
0.518220110163
0.518079311472
0.517831763345
0.517644437016
0.517834860323
0.518636209431
0.519878388362
0.520974018542
0.521135391375
0.520078394664
0.518358173646
0.517060961802
0.517262439375
0.518963961254
0.521208078113
0.522509972384
0.521883553123
0.519473982256
0.516605423213
0.515068667345
0.51558988764
0.517583054339
0.519518245316
0.519915057403
0.518301797859
0.515672808867
0.513653767264
0.513444222971
0.514895977809
0.516841217404
0.517851534618
0.517283772057
0.515551181102
0.514011572548
0.51370831186
0.514826099881
0.516708135414
0.518270336579
0.51860410831
0.517570754717
0.515704899865
0.513893981666
0.512761674718
0.512623419013
0.513426040891
0.514885592155
0.516473376788
0.517530969671
0.517543405027
0.516545502321
0.51508980971
0.514301162476
0.515149308084
0.517427233496
0.519948042308
0.521192427239
0.520143953935
0.517086752638
0.513972115099
0.513030513865
0.515034372821
0.518551555484
0.521141069143
0.520641203656
0.516644642952
0.511182314048
0.507795916168
0.50873650108
0.513263853418
0.518550379389
0.521409501065
0.52002162013
0.515220709018
0.510376939095
0.508694225722
0.510994393626
0.515633630316
