1.20809664198
1.20933885478
1.21190968018
1.21339950372
1.21317097068
1.21252827085
1.21325204341
1.21589936113
1.21898477821
1.2198382679
1.21690745802
1.21142303969
1.20724269377
1.2076318743
1.21301920363
1.22021967352
1.22483888454
1.22369600287
1.21716783836
1.20938501894
1.20490811683
1.20577472842
1.21025056948
1.21438286297
1.2145580978
1.2106510833
1.20558979349
1.20304271504
1.2044699805
1.20853254873
1.21213391313
1.21275268929
1.21001995804
1.20631652942
1.20406853306
1.20384934786
1.20429584994
1.20304863295
1.19913586174
1.19388770434
1.19011850331
1.18979648218
1.19251141553
1.19571045576
1.19622283468
1.19274629936
1.18699330278
1.18216902996
1.1807904766
1.18302015135
1.18649953417
1.18818472948
1.18645128976
1.18231975954
1.17849602079
1.17713987054
1.17858286629
1.18123650324
1.18275022939
1.18176419352
1.179074132
1.17691536147
1.17672446719
1.17878326996
1.18145559523
1.18276960413
1.18163319139
1.17867392196
1.1757194377
1.17421704297
1.1743331765
1.1751334969
1.1755225384
1.17498658078
1.17393311084
1.17302207669
1.17232933273
1.17115860674
1.16864913745
1.16472136598
1.1606805293
1.15822052922
1.15832155596
1.16024828139
1.1619351197
1.16137469788
1.1576966255
1.15227758592
1.14757961575
1.1455801375
1.14630423487
1.14770187543
1.14715848582
1.1433428489
1.13726301056
1.131510047
1.12847287551
1.12867198498
1.13062118604
1.13172640476
1.13000968357
1.12565656566
1.12051020723
1.11670712596
1.11514055363
1.11504045109
1.11451761103
1.11224801466
1.10832902853
1.10417547888
1.10134545345
1.10037308942
1.10036490847
1.09986994526
1.09771977107
1.09425287356
1.09094476305
1.08930832781
1.08980860955
1.09144310543
1.09233666434
1.09090079401
1.0869604891
1.08164133739
1.07663534349
1.07310752721
1.07120998837
1.07027939822
1.06960720987
1.06879251439
1.06808025395
1.06762358473
1.06717115097
1.06596132111
1.06321148495
1.05888705374
1.05389755011
1.04971020954
1.04733633375
1.04663544807
1.04639075413
1.04519168291
1.04210732472
1.03755853171
1.03288652342
1.0292922955
1.02721948622
1.02594917587
1.02419218406
1.02099282093
1.01653231316
1.01187208345
1.00822703861
1.00625524182
1.00559133697
1.00515224158
1.00385432801
1.00144430403
0.99848260414
0.996052583928
0.994678912457
0.994146880177
0.993709287177
0.992374727669
0.989764701439
0.986364669343
0.983063076748
0.980698073622
0.979419444018
0.978968530117
0.978866399907
0.978756517003
0.978969056134
0.979883495146
0.981618218561
0.983869710902
0.985623876865
0.985814217046
0.983871596089
0.980244809421
0.976046520584
0.972719947819
0.971101145989
0.971369437737
0.973092968959
0.975344867007
0.97725552528
0.978024042074
0.977475626611
0.975358272846
0.971833599287
0.967335941537
0.962716572849
0.959063694727
0.957178930896
0.957443815285
0.959298466268
0.961826477657
0.96403752606
0.965009335454
0.96455748269
0.963108639631
0.961260868106
0.959459909985
0.957778294522
0.955962755559
0.953810623557
0.951412762335
0.949045411818
0.947057501525
0.945578665306
0.944600012728
0.944004326938
0.943972781329
0.944717405776
0.946411121268
0.948851349234
0.951336831584
0.95279600125
0.952200469851
0.949188204629
0.944440954774
0.93970620478
0.936830935364
0.93668401209
0.939014489133
0.942297428814
0.944719967148
0.944840929997
0.942562311478
0.938981437411
0.935668243737
0.933807579431
0.933693832883
0.934824364358
0.936272413226
0.937297010671
0.937741248503
0.938211436392
0.939334966279
0.941485041289
0.944421629021
0.947474048443
0.950008721437
0.951710120549
0.952956469803
0.954240992738
0.956045125585
0.958296044389
0.960505871725
0.962025316456
0.962664527655
0.962842883684
0.963177236837
0.964398935976
0.966531180197
0.969254589693
0.97161806662
0.97290384758
0.972995905117
0.972471354834
0.972050592426
0.972348896127
0.973252367527
0.974179336246
0.974347904299
0.973313354026
0.971269432792
0.968977403294
0.967202372741
0.966244725738
0.965881869824
0.965430160734
0.964353547687
0.962373711946
0.959806487955
0.957397341018
0.955760548283
0.955189594927
0.955614420468
0.956615632554
0.957765449123
0.95860906083
0.959094206327
0.959245684929
0.959190682861
0.958975960037
0.958431004845
0.95760777816
0.956487810969
0.955224810064
0.954014053852
0.952935317189
0.952069989064
0.951384963256
0.950908632004
0.950726288807
0.950753131441
0.950968234284
0.951166506871
0.951299642478
0.951267880364
0.951465862137
0.952275652662
0.954006229704
0.956650377315
0.959822323158
0.962857046731
0.965147088797
0.966346483705
0.9666447755
0.966790436201
0.96745736811
0.969026702316
0.971260772866
0.973417412814
0.974729115694
0.974652522494
0.973440503233
0.97184860807
0.970680556035
0.970371638979
0.970849953974
0.971358595823
0.971340283201
0.970434017794
0.968910525432
0.967585519761
0.967144779598
0.967792258442
0.969190027128
0.970512490343
0.971099193989
0.970590115722
0.96952399074
0.968685283966
0.968861569029
0.970120749138
0.971766150069
0.972849429378
0.972461009456
0.97033105268
0.967208100089
0.964513082945
0.963556851312
0.964882435142
0.968064663718
0.972126719057
0.975722757598
0.977984496124
0.978944753269
0.97935965185
0.980169000031
0.982071087666
0.985114891456
0.988881748072
0.992592833241
0.995810970022
0.998587477827
1.00128382382
1.004524588
1.0085407597
1.01314553991
1.01771260203
1.02150611047
1.02392213311
1.02501799239
1.02512820513
1.02482523444
1.02434705622
1.02372039205
1.02270255574
1.02122545701
1.01945891447
1.01777333999
1.0166062603
1.01610532162
1.01603583717
1.01602118931
1.01551707521
1.01438229479
1.01285493194
1.01147125934
1.01090357154
1.01129995689
1.01252724984
1.01398644297
1.01494548573
1.01495315695
1.01405074047
1.01267159451
1.01139232896
1.01052062042
1.01001538508
1.00958476144
1.00893156531
1.00797994313
1.00710240318
1.00671387841
1.00729365421
1.00886766712
1.01118631322
1.01372207257
1.0158004158
1.01717207448
1.01784851316
1.0182122941
1.01863333979
1.01940424427
1.02036413559
1.02124435954
1.021678692
1.02154630304
1.0209129232
1.02003006143
1.01909423931
1.0182105331
1.01725134927
1.01599512774
1.01427841308
1.01215371434
1.00986552721
1.00763880263
1.00555760255
1.0034999087
1.00117978038
0.998403470193
0.995140534541
0.991885441527
0.989332701197
0.988051091883
0.988432027177
0.990207541654
0.992858397237
0.995654088974
0.997995932923
0.999615725687
1.00059261015
1.0012778983
1.00194110972
1.0026773359
1.00343079212
1.004045729
1.00457284103
1.00519004258
1.00627340824
1.00808701376
1.01056215909
1.01334561978
1.01583333333
1.01756255044
1.01824013478
1.01802297363
1.0174478496
1.01691500927
1.0165628179
1.01612494456
1.01508777479
1.01297963051
1.00978295061
1.00602390836
1.00262337582
1.0005181821
1.0000603009
1.00110728715
1.00295161146
1.00476247172
1.00582328124
1.00600787238
1.00561814278
1.00537587285
1.00581429153
1.00699666134
1.00855671003
1.00991575992
1.01061421305
1.01047352117
1.00998522895
1.00975494398
1.01034012799
1.01192037192
1.01417308618
1.016476321
1.01823726934
1.0192230055
1.01947161817
1.01939178884
1.01930897464
1.01921051001
1.01871997521
1.01739346503
1.0149699667
1.01172737736
1.00842105263
1.00592242543
1.00485510545
1.0049819928
1.00556233082
1.00543783432
1.00382262997
1.00049716325
0.996196725119
0.992347746037
0.990255022083
0.990669004128
0.993269880604
0.997043585989
1.00047994128
1.00252110362
1.00275333523
1.00167475659
1.00053883894
1.0005106383
1.00207841016
1.00499311295
1.00835872878
1.01108139091
1.01251672365
1.0126498801
1.01219695829
1.01210383338
1.01303138417
1.01482087652
1.01669352632
1.0176273254
1.01684827397
1.01433833602
1.01089126883
1.0078898422
1.00645372353
1.00705805918
1.00928646997
1.0120069113
1.01385647608
1.01380350307
1.01170111836
1.00842344906
1.00518572797
1.00321921451
1.00298765846
1.00444680613
1.00682545924
1.00920331997
1.01088713107
1.01160442561
1.01161165159
1.01140695308
1.01131509064
1.01139443392
1.0115155799
1.01144640999
1.01113072619
1.01074075185
1.01058947053
1.01093895166
1.01168854523
1.01243168578
1.01247063076
1.01120135262
1.00841654349
1.00455949846
1.00059373608
0.99759770317
0.996299401544
0.99665360524
0.99815398597
0.999886826618
1.00093165072
1.00101382748
1.00033659645
0.999776767028
1.0001388349
1.00191093387
1.00474065038
1.00782773414
1.01007493054
1.01060910403
1.00934419691
1.00707250029
1.00520219584
1.00501961689
1.00719007306
1.01141172694
1.01652795342
1.02105668424
1.02347096621
1.0230702825
1.02002967359
1.01527933455
1.00998594354
1.00508794883
1.00101077194
0.997561745217
0.994476868327
0.991479276585
0.988633189968
0.986287736371
0.984786601244
0.984297047518
0.984573527411
0.984999047126
0.984918730228
0.983863481229
0.982034620215
0.980189914866
0.979304884375
0.980241703434
0.983286369413
0.988005368227
0.993506309372
0.99853452487
1.00200145033
1.00355291514
1.0035777655
1.00315694963
1.00305501917
1.00373359373
1.00487469175
1.00570265933
1.00523515276
1.00287528112
0.998758640147
0.993869475562
0.989525773196
0.986906443551
0.98652944663
0.988084695274
0.990797381412
0.993550120935
0.995342827146
0.995904951775
0.995500107782
0.994848697341
0.994804351356
0.995750245178
0.997661751761
1.00008345852
1.00258652197
1.00478875634
1.00677271563
1.00897461466
1.01179117655
1.01534781742
1.01929379578
1.02278307543
1.02479055271
1.0244648318
1.02149466192
1.0165574141
1.01090726032
1.00616959469
1.00345356869
1.00313163771
1.00480325645
1.00745176675
1.00977286878
1.01083754493
1.01032317188
1.00878961374
1.00711447595
1.00634801087
1.00700662789
1.00922715733
1.01258486504
1.01637377964
1.01989139915
1.02254788242
1.02413773542
1.02486234887
1.02479784367
1.02407554446
1.02266481571
1.02041104797
1.01739571018
1.01380698175
1.01024306517
1.00736744084
1.00561127677
1.00518872997
1.00569503489
1.00650545232
1.00679112626
1.0059359029
1.00380440566
1.00074464124
0.997498203497
0.994873848618
0.993336378537
0.993001681766
0.993470865796
0.994231035917
0.994686355119
0.994580782838
0.994051126638
0.993405795077
0.99305671277
0.993070700936
0.993268860926
0.993183498043
0.992169167804
0.989894599587
0.986372713044
0.982296151686
0.978666525502
0.97653874384
0.976466300471
0.978452192425
0.981821964476
0.98561941118
0.988725567673
0.990389975842
0.990537289495
0.989835977413
0.989292667099
0.989960276432
0.992351764029
0.996322512857
1.00111560452
1.00556101671
1.00842918358
1.00890416749
1.00684412779
1.0026726802
0.99724023734
0.991407853332
0.985740283021
0.980673720579
0.976194949143
0.972283725025
0.968971090914
0.966320221024
0.96451267031
0.963760942059
0.964004792415
0.965023265541
0.966384121301
0.967544884734
0.967949405081
0.967329085214
0.965740966963
0.963420945118
0.960915963864
0.958474576271
0.956355073654
0.954518039259
0.952952788288
0.951504376368
0.950168643238
0.949116893623
0.948435457625
0.948314073136
0.948736046846
0.949458202323
0.950117964274
0.950207576544
0.949356223176
0.947453516572
0.944860911584
0.94226647849
0.940435100931
0.939893143366
0.940768199385
0.94257221458
0.944687316735
0.946230494454
0.94653994654
0.9453051072
0.942812483156
0.939712611383
0.936774296167
0.934613061632
0.933453190547
0.933174348074
0.933297137982
0.93331439345
0.93289283502
0.932022066405
0.931124089845
0.930868002054
0.931849684275
0.934274836652
0.937857198273
0.941871073691
0.945232145206
0.946951009257
0.94638427272
0.943501616912
0.93893068673
0.933699896406
0.928886540748
0.92513664074
0.922614064462
0.921017647212
0.919748597548
0.918088296112
0.915618098711
0.912211893544
0.908202927814
0.904206309464
0.900796812749
0.8982949744
0.896655626665
0.895528363736
0.894465149073
0.892903291191
0.890603121261
0.887552354684
0.884095793675
0.880540042015
0.877264097696
0.874389679807
0.87197961967
0.869776657061
0.867641775725
0.865427281769
0.863237931644
0.861238045297
0.859791167831
0.859130817579
0.859485233299
0.860751799261
0.862735526701
0.865048161982
0.867232967632
0.868998029483
0.870127915726
0.870794721998
0.871156809742
0.871409375555
0.871736749612
0.872032574458
0.872206200433
0.872036812036
0.871387544954
0.870216606498
0.868719445084
0.867142965722
0.865824624715
0.865011174572
0.864844174446
0.865234230456
0.866044693014
0.86702021711
0.867937304075
0.868720020197
0.869439439693
0.870196348079
0.871195097038
0.872413439869
0.873743734738
0.874741842214
0.875136116152
0.874470242583
0.872594903796
0.86956972256
0.865797526293
0.861717835141
0.857952256245
0.85493042047
0.852850844603
0.851760406893
0.851479523786
0.85171328758
0.852179972128
0.852572114183
0.852866641576
0.85298633309
0.852963449111
0.852801134637
0.852394394853
0.851602023609
0.850214272884
0.848151102648
0.845470921256
0.842305029108
0.838954554718
0.835744401525
0.832920699227
0.830563547971
0.828711698821
0.827271160145
0.826113769796
0.825157326198
0.824486642743
0.824235889978
0.824607857971
0.825765066809
0.82772509432
0.830192066056
0.832774020342
0.834897444563
0.836028257457
0.835755775751
0.833982524476
0.830857262848
0.826862402545
0.822699798522
0.818953396222
0.816065457493
0.814210539567
0.81332294703
0.813156370413
0.813402218508
0.813798030311
0.814124482608
0.814439125372
0.814700223597
0.814990611308
0.815302602697
0.815424473987
0.815130234264
0.814080369321
0.812104835113
0.809133305387
0.805399618789
0.801235785866
0.797175767258
0.793661341853
0.790998579257
0.789263811423
0.788329807595
0.787922339889
0.787631006025
0.787183665156
0.786475409836
0.785445743421
0.784268617365
0.783099759086
0.782032667877
0.781041769297
0.78001244039
0.778753269624
0.777096749166
0.774951631626
0.772440014386
0.769747427025
0.76726673428
0.76542992348
0.764604294939
0.764962920422
0.766578249337
0.769254032258
0.772736541599
0.776761018483
0.780840239169
0.784654188238
0.787903938315
0.790435249866
0.792178860916
0.793264733396
0.793812789029
0.793977687305
0.793821763405
0.793539399674
0.793111601513
0.792616920652
0.792213932962
0.79203841713
0.792260532383
0.793022221059
0.794320295512
0.79602251802
0.797932131495
0.799748043315
0.801189118749
0.802056131285
0.802237148884
0.801857844231
0.801098349688
0.800171811783
0.799264463717
0.798425624321
0.797699357648
0.796941308351
0.795997658204
0.794752264251
0.793253798416
0.791668909101
0.790358835477
0.789660056657
0.789993705011
0.791334688719
0.793577728776
0.796295272325
0.798974074588
0.801111883252
0.802238182729
0.802221047065
0.801021824846
0.798927465723
0.796356342053
0.79388228868
0.791861476568
0.79056327328
0.789980156033
0.789906777113
0.790100648008
0.790174344121
0.789963452347
0.789382785957
0.788616731075
0.787855539454
0.787313009973
0.787160828115
0.787352932918
0.787745619437
0.788006709533
0.787774513918
0.786703290543
0.784614952536
0.781642810945
0.778096523793
0.774645115952
0.771887911408
0.770296137822
0.769991802584
0.770857647092
0.772552286831
0.774653200998
0.776768978444
0.778625954198
0.78008801205
0.78117820324
0.782134183808
0.783282092929
0.784917165209
0.787168926263
0.790129454462
0.793535051961
0.797165299557
0.800575657895
0.803451153365
0.805553037856
0.806925402302
0.807732497388
0.808366447956
0.809189671622
0.810435850215
0.812144212524
0.814279604057
0.816521048451
0.818554556025
0.819952756389
0.820556205008
0.820416345412
0.819996909288
0.819947945715
0.8209897664
0.823661971831
0.828159049995
0.834371705166
0.841764572612
0.849501835343
0.856736085819
0.862534141629
0.866339934654
0.867964002258
0.867965582039
0.867087365943
0.866294178794
0.866349144635
0.86771919566
0.87040371959
0.874109421082
0.878125
0.881647940075
0.883959279131
0.884582137547
0.883573726263
0.88135359592
0.878725590956
0.876370819426
0.875059366307
0.875097447717
0.876580127769
0.879278540685
0.88271095523
0.886255104159
0.889445313858
0.891920178621
0.893805928412
0.895328477378
0.89672004495
0.898056368831
0.899240488359
0.900100078633
0.90022308578
0.899251708058
0.897028484563
0.893547921478
0.889259219439
0.884817497515
0.881041153711
0.878584651926
0.877944250871
0.879203075848
0.882174587505
0.886234600964
0.890732555612
0.894705925545
0.897354183651
0.898233872467
0.897345592052
0.895152986172
0.892592053558
0.890389254978
0.889230439289
0.889502959424
0.891126292071
0.893804990625
0.897019662204
0.900044326241
0.902330619257
0.903466184938
0.903492542949
0.902742671747
0.901792761303
0.900983434918
0.900785233151
0.901149851632
0.902111893294
0.90331553182
0.904345886464
0.904820489878
0.904379343846
0.903023046992
0.901175413641
0.899400749064
0.898244692821
0.898085098379
0.899138061394
0.901182914305
0.903885167464
0.906635891518
0.908887603624
0.910028873917
0.909835751752
0.908380142705
0.906075064808
0.90351758794
0.901468901469
0.900284584396
0.90037873162
0.901665166517
0.903794965397
0.906254826255
0.908425338658
0.909572575224
0.90921000397
0.907283456771
0.903988995873
0.899790095623
0.895331412104
0.891181060404
0.887740812233
0.885149188821
0.883393433289
0.882191047743
0.881452638884
0.880672987255
0.879746835443
0.878484184153
0.877013291634
0.875330945336
0.873591262926
0.872023121387
0.870707536299
0.869645324735
0.868769230769
0.867961689967
0.866946126378
0.865665821798
0.864027538726
0.862183754993
0.860256711278
0.858515249736
0.857076078065
0.855959878703
0.855183933496
0.854544041048
0.853932146613
0.853113524494
0.851853303033
0.849895951942
0.847241867044
0.844148706474
0.840948275862
0.837974188502
0.835651222752
0.834049871023
0.833228864687
0.832959685349
0.832971028813
0.83294940027
0.832562589699
0.83148983748
0.829536841265
0.826627971694
0.823036152203
0.819025887167
0.815029581162
0.811397504596
0.808326479458
0.805772936411
0.803710589818
0.80185487402
0.80005599552
0.798036465638
0.795689034632
0.792932103673
0.789923579926
0.786747222764
0.783743100853
0.780996168582
0.778753627616
0.776911314985
0.775425519653
0.774064895841
0.772727272727
0.771097129375
0.769021310182
0.766637754297
0.764037013802
0.761473594218
0.759297004192
0.757664622767
0.756789469703
0.756573239277
0.756974370606
0.757731370535
0.758578337299
0.759135118379
0.759195626708
0.75852473152
0.757142857143
0.755248833593
0.753154331436
0.751186904174
0.74961551446
0.748597957289
0.748209142604
0.748376862919
0.748861659201
0.749403697078
0.749652503851
0.749337973822
0.748271933156
0.746459622613
0.743964637878
0.74118880857
0.738320180801
0.735663771939
0.73352695589
0.73187542853
0.73079278176
0.730137530231
0.729661078453
0.729085994009
0.728154982906
0.726618439507
0.724345482072
0.721314491794
0.71773692482
0.713799348062
0.709796606522
0.705968132024
0.702548874041
0.699605161108
0.697107583774
0.695084403865
0.693442856127
0.692032868882
0.690750098556
0.689480854725
0.688036327231
0.686448814138
0.684608054212
0.682585253134
0.680418462394
0.678235619469
0.676054881412
0.673940772917
0.671872840359
0.669810993584
0.667850057429
0.665875950604
0.663980745082
0.662133017949
0.660357773087
0.658592730021
0.656904193658
0.655279818533
0.653733454582
0.652244020425
0.65080485264
0.649364656712
0.648005148005
0.64663215964
0.645372112917
0.644298757466
0.64349020955
0.642955137879
0.642686261107
0.642640906153
0.642758013743
0.643088334457
0.64346509672
0.643868797309
0.644268374916
0.644600128609
0.644875063743
0.645185513875
0.645631566339
0.646361924328
0.647376516835
0.648739782016
0.650327129733
0.652059508147
0.653741473741
0.655233688728
0.656394608008
0.657018959258
0.657100411912
0.65655125594
0.655464191886
0.654074048704
0.652612439535
0.651333379036
0.65049373014
0.650197225245
0.650500541126
0.651385102158
0.652794092969
0.65455216618
0.656468766828
0.658226991165
0.659652114598
0.660477909575
0.660573327794
0.660023650529
0.658946855193
0.657629475148
0.656437048057
0.655627772619
0.655443513929
0.656081954938
0.657512830099
0.659784682475
0.662644407117
0.665790111069
0.668882048412
0.671533620873
0.673368983957
0.674319484241
0.674236183244
0.673371135124
0.672034258211
0.670676533511
0.669576406761
0.668983162189
0.669139977913
0.669977504759
0.671453468107
0.673263143068
0.675094366498
0.676617631191
0.677466063348
0.677504712194
0.676784811954
0.675356721382
0.673601299802
0.671871732311
0.670410307645
0.669411885316
0.668948838477
0.668964575797
0.669391399918
0.669971229505
0.670517398306
0.670878480923
0.670908961997
0.670670777081
0.670190647355
0.669680256911
0.669265801822
0.669053952664
0.669132799568
0.669454521026
0.669819547863
0.670030272452
0.669870059556
0.669076031367
0.667616758242
0.665470232959
0.662703898258
0.659567869327
0.656364445357
0.653378080613
0.650715938433
0.648523066711
0.646611592009
0.644919470996
0.643225764306
0.641307189542
0.639059070209
0.636444327558
0.633629077476
0.630743801653
0.62811393787
0.625999867786
0.624579568687
0.624042853857
0.624398389156
0.625607726694
0.627481611664
0.629740356806
0.632214895898
0.634585391214
0.636818994959
0.638859934853
0.640670886902
0.642308321072
0.643821255406
0.64522481129
0.646405572349
0.647300450199
0.647912289916
0.6480681074
0.647843674561
0.64722880613
0.646389920853
0.645484949833
0.644856217741
0.64475412462
0.645411930906
0.646956297205
0.649372194392
0.652485063358
0.65590115605
0.659248632057
0.662077051926
0.664042082691
0.665031043461
0.665064155698
0.664408563254
0.663392828009
0.662416042052
0.661691381208
0.661412214978
0.661558026543
0.661989418685
0.662480532821
0.662840746055
0.662803938643
0.662348096816
0.661568705851
0.660618679358
0.659708134284
0.65912846266
0.658952849291
0.659256653019
0.65992588333
0.660775461851
0.661563203602
0.662030598053
0.662083089526
0.661665905681
0.660922353863
0.660172666558
0.659657320872
0.659714599341
0.66037251124
0.661637793262
0.663353720693
0.665172468606
0.666793735506
0.667969122272
0.668456845049
0.668319979652
0.667716685758
0.666921533021
0.666262290895
0.66597291153
0.666152511327
0.666795678116
0.667744857032
0.668804041582
0.669696283598
0.670134974068
0.670016
0.66936405179
0.668470566026
0.66769769113
0.667424053785
0.667964249011
0.669442183685
0.6718261364
0.674857015049
0.678076214487
0.680986397886
0.683185840708
0.684353607808
0.684506950549
0.683886561392
0.682926829268
0.682080015109
0.681757199463
0.682099052942
0.683128977185
0.684663073616
0.686342120937
0.687805801951
0.688706808943
0.688928560043
0.688513082323
0.687623415504
0.68656811116
0.685582628456
0.684704479111
0.684016610984
0.683384605823
0.682577491802
0.681385681293
0.679677686204
0.6774527727
0.674908341666
0.672366476673
0.67025499158
0.668911200625
0.668585377614
0.669271069925
0.670820511258
0.672917815775
0.675103019866
0.676897527371
0.678030999204
0.678268535125
0.67786406598
0.677107859208
0.676415791808
0.676143059156
0.676636285874
0.677954531964
0.680057560859
0.682677428164
0.685431886549
0.687981915585
0.689920069667
0.691179213029
0.691839069796
0.692130694892
0.692328742133
0.692732207479
0.693412060904
0.694423702996
0.695658660301
0.696751657013
0.697530495097
0.697739859302
0.69735738255
0.69664167916
0.695827078955
0.695321197533
0.695352839931
0.696120362787
0.697558894341
0.699525921395
0.701742565767
0.703841804456
0.705632047658
0.706850305898
0.70761839396
0.708005676107
0.708371259947
0.708839633414
0.709671741618
0.710916282914
0.712548797568
0.714462150194
0.716415639738
0.718201048469
0.719671323937
0.72073985166
0.721451800945
0.721891504106
0.722205355516
0.722490784942
0.722805961162
0.723126840113
0.723477686744
0.723806952818
0.724154473495
0.724515181488
0.724948292917
0.725551387847
0.726301856142
0.727165639725
0.727968185544
0.728529151539
0.728644908456
0.728253209547
0.727286613307
0.72604236208
0.724715217457
0.723796497279
0.723520753606
0.72409561101
0.725562705646
0.727725657013
0.730337078652
0.732940656752
0.735207758697
0.736835824458
0.737849249843
0.7383429788
0.738537608631
0.738662199354
0.738908461217
0.739231525919
0.73958488431
0.739720321333
0.739459844906
0.738599662212
0.737146396861
0.735260488434
0.73335080516
0.731872521492
0.731310567605
0.731923975428
0.733785035905
0.736705463668
0.740348087287
0.744224078975
0.747760165403
0.750571738084
0.75245260307
0.753462853031
0.7539029913
0.754096905875
0.754378746914
0.754876443925
0.755686457483
0.756604817803
0.75750691714
0.758141567142
0.758454950625
0.758550369982
0.758629737609
0.758984397826
0.759731307383
0.760855457227
0.762328909474
0.763790580294
0.764958033573
0.765596426537
0.765569952827
0.765017772512
0.76423336265
0.763508222396
0.763213105331
0.763521042256
0.764385514685
0.765717386958
0.767257703563
0.768704734974
0.769909193768
0.770840010489
0.771737542014
0.772872418339
0.774521320334
0.776799128053
0.779594854355
0.782628062361
0.785471664382
0.787583161789
0.788636769698
0.788496282913
0.787298416708
0.785545954438
0.78377209423
0.782517763007
0.782026003715
0.782449411832
0.783476684981
0.784911345463
0.786218771889
0.787222173288
0.787781445243
0.788018297182
0.788205097947
0.788589615135
0.789372976155
0.790528018826
0.791915331471
0.793240148
0.79422361522
0.794592860476
0.794300953706
0.793613774438
0.79285571171
0.792491584413
0.792876102406
0.794241633449
0.796535168903
0.799579045837
0.803002541521
0.806399666001
0.809472389694
0.811981483708
0.813993993994
0.815576715774
0.816817354459
0.817757287329
0.818365227711
0.818609745989
0.818302622254
0.817470358057
0.816263208735
0.814971052861
0.813996529786
0.81377404123
0.814512419503
0.816254213362
0.818805944208
0.82178622522
0.824754108016
0.827348804083
0.829325058185
0.830695113558
0.831656787019
0.832361298041
0.833009824708
0.833561929751
0.833904058601
0.833739595719
0.832775027421
0.830888646224
0.828082834683
0.824804124312
0.821580485546
0.819119511352
0.817878220815
0.818110918544
0.819842354789
0.822659230995
0.82607021182
0.829497626937
0.832408767879
0.834644487149
0.836232753449
0.837458474247
0.838505420985
0.839548899099
0.840596569724
0.841450684482
0.841982958947
0.841966141966
0.841517461443
0.840852387801
0.840329026048
0.840450874441
0.841513708178
0.843612399032
0.846646681949
0.850285001781
0.85399796053
0.857363215679
0.860018854727
0.861951219512
0.863286969253
0.864244975143
0.865045462867
0.865666625932
0.865995470959
0.865686724851
0.864540980098
0.862352118245
0.859262386538
0.855761482675
0.852313693044
0.849559859155
0.84779553838
0.847154519293
0.847512798509
0.848527433099
0.849873081107
0.851112465712
0.852183238854
0.853054079784
0.853930513317
0.855124109118
0.856584975862
0.858375712745
0.860163858402
0.861725869444
0.862791923828
0.863281975125
0.8632
0.862818750954
0.862528791369
0.862496987226
0.862811655152
0.863389127626
0.863945988306
0.864208741978
0.864113087095
0.863793050853
0.863628020801
0.864111925874
0.865461043162
0.867817516891
0.870780376604
0.873858842788
0.876303362596
0.877604249499
0.877459550526
0.876142870701
0.874156174448
0.872317897294
0.871191264268
0.871232201196
0.872438761362
0.874455665709
0.876785769624
0.878857569071
0.880317410923
0.881278396714
0.882087508558
0.883233066301
0.88518634513
0.887976761809
0.891381345927
0.894818351939
0.897590361446
0.899070254698
0.899030271262
0.897531347962
0.895112842994
0.892267958031
0.889506668809
0.886979934611
0.884702794405
0.88237550342
0.87982025623
0.876842605801
0.873670296469
0.870877061469
0.868871293277
0.868126761872
0.86872982369
0.870464055962
0.872842383772
0.875230466018
0.877110904605
0.878215459996
0.878714313459
0.878958137118
0.879396329737
0.880259323532
0.881510973644
0.882751329743
0.883540115798
0.88330418138
0.881764840856
0.879048484455
0.875754268841
0.872500715217
0.870033478618
0.868714555766
0.868626028823
0.86947448302
0.870751965508
0.871814402234
0.872378897948
0.872369421907
0.872130627774
0.872125202787
0.872758134768
0.874199598991
0.876234063419
0.878477837552
0.880217846113
0.880754390633
0.879731926612
0.877074877075
0.87321264594
0.868697410476
0.864120550792
0.8601308036
0.857069060149
0.855037961652
0.854059938525
0.853731533367
0.853808392716
0.853974063673
0.854135148764
0.854233756393
0.854380626347
0.854685060694
0.855331005989
0.856467029254
0.85810352074
0.86014167804
0.86230012099
0.864364331378
0.865931071156
0.866785020433
0.866790165039
0.865949119374
0.864360001346
0.862252408994
0.859865210318
0.857316992818
0.854622233861
0.85181323515
0.848743588079
0.845424847171
0.84202394747
0.838808739324
0.836018686243
0.834023584458
0.832991512321
0.832959038431
0.833789808917
0.835338394236
0.837339404781
0.839444115908
0.841427483696
0.843126164493
0.844348754924
0.845005356186
0.844988579874
0.844286340493
0.842897746498
0.840992273282
0.838763151663
0.836546549578
0.834634634635
0.833124008461
0.832077079373
0.831291940843
0.830605352039
0.829926012461
0.829179646937
0.82842040406
0.82786407767
0.827734211121
0.828185887733
0.829144919131
0.830459677158
0.831926198781
0.833294919496
0.83447013808
0.835588383414
0.836639518773
0.837643385597
0.838593265924
0.839140534262
0.838914430797
0.837540520036
0.834845860755
0.831048485059
0.826624636275
0.82228189768
0.81872761385
0.816186649559
0.81463512564
0.813709194867
0.812916045703
0.811805922792
0.810159986805
0.808022357389
0.805850019631
0.804256565459
0.803519917026
0.803776151305
0.804893900497
0.806448445172
0.807997356246
0.809302946378
0.810258997645
0.810897652709
0.811432838861
0.811827590903
0.812000273355
0.811693216149
0.810545931396
0.808510638298
0.805656775985
0.802347726722
0.799097920397
0.796187482919
0.793723948626
0.79156427778
0.789306174411
0.786623034027
0.783317800559
0.779555997349
0.775754782208
0.772462915768
0.770111586869
0.768761498983
0.768226648617
0.768018090777
0.767702347326
0.767009635799
0.766021745557
0.765070775728
0.764596787548
0.764954280964
0.766070533177
0.767648544016
0.769115900221
0.769877911152
0.769532324622
0.768024538186
0.76561908368
0.762758951845
0.759857976853
0.757146256076
0.754630099881
0.752141652614
0.74954694946
0.746734204212
0.743849684642
0.74101189698
0.738436640233
0.736306100813
0.734431472893
0.732818088912
0.731233629336
0.729660637822
0.728129291897
0.726881240231
0.726154434494
0.726019968739
0.726323543542
0.726844533342
0.727154302091
0.726970763311
0.726075999735
0.72450816939
0.722599418041
0.72057887508
0.718671363865
0.716961463447
0.715278011936
0.713469856718
0.71131616305
0.708743427262
0.705777867149
0.702667642363
0.699561041619
0.696751139232
0.694256922023
0.692167814002
0.690366157128
0.688838927252
0.687434271328
0.686164833776
0.685031217645
0.68404610915
0.683308355189
0.682791658839
0.682606096832
0.682746412088
0.683196903357
0.683756877962
0.684242404922
0.684488385487
0.684385061172
0.683901139943
0.683112452434
0.682251655629
0.681402947256
0.68063037441
0.679781676935
0.678558281182
0.676702796735
0.674221627051
0.671204399142
0.668076677745
0.665313380754
0.663311373441
0.662079053223
0.661288193757
0.660465725608
0.659062062681
0.656972601852
0.654312624992
0.651620779388
0.649716972081
0.648962576375
0.649524714829
0.650937134549
0.652516120875
0.653599949296
0.653886537911
0.653460285002
0.652861035422
0.652604183401
0.653013910355
0.653853608114
0.654547815361
0.654208050183
0.652356985427
0.648954473266
0.64464072254
0.640453547915
0.637264684361
0.635522417868
0.63485020351
0.634558060086
0.633694336069
0.631655258455
0.628431867947
0.624597747385
0.621038278626
0.618480912507
0.617058169208
0.616420970419
0.6158710598
0.614720713732
0.612655214566
0.609963276385
0.607307813983
0.605496537244
0.604945567652
0.60551425031
0.60664974305
0.607601215202
0.607799304521
0.607069640306
0.605785944872
0.604485946516
0.603727865797
0.603657014478
0.604149638478
0.604701329188
0.604844644971
0.604349226804
0.603307657454
0.602026566204
0.600782523639
0.599763911204
0.598936486442
0.598063356848
0.596961483117
0.59543213603
0.593563726475
0.59147460058
0.58939957492
0.587405641637
0.58541101779
0.583399444665
0.581305510615
0.579136098957
0.577031178508
0.575145819831
0.573617759501
0.572403892168
0.57141496253
0.570628086615
0.56989552757
0.569327467002
0.568915963761
0.568759504671
0.568769102528
0.568854529214
0.568930961117
0.568966050815
0.56902608101
0.569387245726
0.570159802358
0.571321156678
0.572613586376
0.573671573893
0.57412656454
0.573766801724
0.572935601143
0.57203126533
0.571574171489
0.57183414763
0.572594017377
0.573287945535
0.573322119428
0.572203941789
0.569926249659
0.5670297301
0.564233376703
0.562137049942
0.560891645932
0.560074944643
0.559121448791
0.557494621085
0.555096747773
0.552381275902
0.550035366634
0.548671976539
0.54837539172
0.548739770867
0.549097543494
0.548679465939
0.547229688158
0.544953773798
0.542501838177
0.540577367937
0.539617658156
0.539474507351
0.539633004619
0.539630057082
0.53918358437
0.538406429105
0.537729689395
0.537594335228
0.538126632666
0.539146463384
0.540139094313
0.540696567912
0.540563838958
0.540010259041
0.539415753447
0.539190408663
0.539351326831
0.539648297052
0.539598069677
0.538811258942
0.537198165385
0.535217951325
0.533423913043
0.532226795007
0.531687018214
0.531497548095
0.531116176267
0.530119225555
0.528482226951
0.526411212998
0.524454633875
0.523024268824
0.522215333747
0.521727172717
0.521213370435
0.520340262057
0.51911448191
0.517762019475
0.51663806736
0.515990118841
0.515749991702
0.515763009031
0.515774536334
0.51562088924
0.515349658352
0.515146600934
0.515118373649
0.515198005561
0.515118687271
0.514637953554
0.513746252472
0.512749321845
0.512100245512
0.512269645756
0.513211026676
0.514565888758
0.515663960105
0.515945476757
0.515108425169
0.513554705234
0.511969337707
0.511012069358
0.510938418337
0.511428289539
0.511862041467
0.511727938706
0.510825302023
0.509462968024
0.508386786952
0.508107549833
0.508689932142
0.509709416038
0.510452715587
0.510280573999
0.509084367692
0.507276206984
0.505581445757
0.504550379198
0.504357259085
0.504517908335
0.504484468426
0.503731343284
0.502194747238
0.500364404927
0.498913122238
0.498198198198
0.49818599806
0.498493003229
0.498512491487
0.498035012504
0.497107980554
0.496273379272
0.49592476489
0.496246064422
0.49699958615
0.497639965547
0.497695376995
0.497073220826
0.495995656305
0.495147913099
0.494892696723
0.495266781411
0.495981212582
0.496503496503
0.496514175686
0.496036878586
0.495358287357
0.49491960146
0.494883903975
0.495173998687
0.495465787304
0.495456354471
0.49516924307
0.494825053419
0.494738248756
0.495065404302
0.495665322581
0.496291027335
0.496645673604
0.496575579384
0.496405890153
0.496381902487
0.496731564256
0.497295758611
0.497648368219
0.49747868674
0.496683645425
0.49567755283
0.495131197502
0.495516700291
0.496916365824
0.498766930986
0.500191732495
0.500484214604
0.499473294058
0.497710102948
0.496180813976
0.49574593217
0.496498268807
0.498000237596
0.499321898684
0.499659304982
0.49873772791
0.497010522959
0.495391796211
0.494517155996
0.494571820498
0.495235107259
0.49593495935
0.496134981362
0.495822923173
0.495181329102
0.494669018946
0.494515121505
0.494686503719
0.494960594119
0.495086923658
0.494965434325
0.494750949296
0.49460226226
0.49462915601
0.494690909091
0.494663859445
0.494434978066
0.494147821689
0.494062780269
0.494399203442
0.495147001729
0.496079603389
0.4967998312
0.497110030309
0.496913035809
0.496585468882
0.496392799608
0.496621150899
0.497064647237
0.497408785781
0.497397743547
0.497035191748
0.49658931083
0.49643421746
0.496792512357
0.497460328581
0.497997892518
0.497967982472
0.497276126046
0.496147643791
0.495178121626
0.494769119769
0.49493414387
0.495379802095
0.495581062745
0.495318109479
0.494681843628
0.494197183099
0.494168270864
0.494666919719
0.495426887605
0.495917656619
0.495768356712
0.494986326345
0.494063087195
0.493504926604
0.493633019364
0.494221064626
0.49472127511
0.494764397906
0.494178960198
0.493276205829
0.492591485546
0.492470073369
0.492778616081
0.493211884624
0.493228484054
0.492719194052
0.491750342814
0.490919586164
0.49044756179
0.490326616326
0.490287560002
0.48993560589
0.489196625919
0.488246419887
0.487493275955
0.487092603326
0.486984719261
0.4867731913
0.486087652236
0.484977967686
0.483837979636
0.483311199646
0.483550316678
0.484415300546
0.485112310639
0.484976118107
0.483891919979
0.482189774734
0.480784012298
0.480309304487
0.480774862976
0.481513791957
0.481594838283
0.480567118658
0.478863422035
0.477367928749
0.477116290303
0.478415115398
0.480625371067
0.482610410095
0.483394979145
0.482701812191
0.481091617934
0.479633637347
0.479133164867
0.479688390652
0.480505237681
0.480773580638
0.480127723516
0.478741687215
0.477522255193
0.477205774046
0.477878699092
0.479132435097
0.480116639329
0.480362208161
0.479808771866
0.47897827575
0.478410558026
0.478349556255
0.47869521627
0.479073270452
0.479248125695
0.479142816256
0.479033176705
0.479047855195
0.479030491467
0.478837381988
0.478296333073
0.477575843796
0.477039726613
0.477138590628
0.477805769435
0.478627631672
0.478973122474
0.478486225504
0.477317133824
0.47604843578
0.475374352424
0.475433115592
0.475844636691
0.475982688937
0.475405123783
0.47429477249
0.473354231975
0.473269251539
0.47421120876
0.475534836658
0.476337598139
0.475917053725
0.4743260119
0.472421532914
0.471186066208
0.471139651609
0.471897607123
0.472706199058
0.472734124741
0.471874763096
0.470688868613
0.470025898842
0.470233091326
0.471081372097
0.471834264432
0.471893838566
0.471128453746
0.470071258907
0.469421816014
0.469389386189
0.469808126411
0.470077809916
0.469845318414
0.469248291572
0.468842236541
0.469054967053
0.469806256815
0.470610638568
0.470834938161
0.470244788513
0.469124504293
0.468246320953
0.468025174948
0.468470066519
0.468932125885
0.46886629754
0.468281271501
0.46761526379
0.467622893747
0.468512207647
0.469760098035
0.470373202083
0.46974182277
0.468097978457
0.466519408319
0.466242197253
0.467609810031
0.469710806697
0.471039514927
0.470413369429
0.467886627754
0.464851144836
0.463081657558
0.463508828079
0.465605129863
0.467966314868
0.469118790977
0.468537807556
0.466977272727
0.465728505234
0.465684295519
0.466567477682
0.467353097816
0.467070464768
0.465461920329
0.463286053449
0.461645259939
0.461054966724
0.461244466613
0.461466961745
0.46120292083
0.460474589422
0.459759114583
0.459543187188
0.459685028906
0.459659551473
0.458991619728
0.457746870654
0.456721013225
0.456625491297
0.457479537115
0.458391608392
0.458337564372
0.456720489567
0.454204562397
0.452279703526
0.452216305408
0.453767252432
0.4556591517
0.456362502922
0.455150214592
0.452861057382
0.451484666558
0.452508551881
0.455755336617
0.459511300142
