1.09962518741
1.10418222554
1.10738505105
1.10625877485
1.1015165808
1.09689071464
1.09599002701
1.09939245
1.10458092976
1.1077548256
1.1063485645
1.10103230103
1.09543133918
1.09288423218
1.09379354022
1.09588526336
1.09623612575
1.0935833793
1.08915080085
1.08593237522
1.08546302308
1.08712476548
1.08812729498
1.08626862224
1.08156996587
1.07687583743
1.0752688172
1.07771515283
1.08198751077
1.0844270638
1.08224855215
1.0760488137
1.06976505064
1.06742424242
1.07037055508
1.07638957693
1.08122779313
1.08135826095
1.07629176379
1.06923629399
1.06452678782
1.06445440119
1.06809239457
1.07216021313
1.07360094558
1.07155667145
1.0680121892
1.06570456924
1.06608462636
1.06831657644
1.07015747023
1.06959274108
1.06655587869
1.06284710879
1.06049993962
1.0603063178
1.06135407572
1.06187522225
1.06063458446
1.0579271839
1.05536424855
1.05438317828
1.05514912774
1.05650307893
1.05682366477
1.05534702289
1.05268324607
1.05030318252
1.04916637105
1.0490268539
1.04873778929
1.04709160571
1.04408103997
1.04083938108
1.03896323903
1.03904832314
1.040188572
1.04059864671
1.03895327599
1.03530071591
1.03140625511
1.02939939843
1.03013110235
1.03287357054
1.03555569652
1.0364578397
1.03521016065
1.0328196793
1.03105956971
1.03084832905
1.03169699404
1.0320961035
1.03076263137
1.02768576204
1.02404815651
1.02145564143
1.02068617558
1.02108442655
1.0213357796
1.02029781954
1.0178949847
1.01524952437
1.01368307665
1.01363385838
1.01456873081
1.01516423094
1.01458736532
1.01297991136
1.01131545777
1.01067229768
1.01116745485
1.01188677632
1.01156316916
1.00954585727
1.00651521646
1.0040549416
1.00351288056
1.00509255286
1.00748859496
1.00885897547
1.00785815031
1.00474492437
1.00117778863
0.998878794848
0.998644048237
0.999912977896
1.00116631677
1.00099418112
0.99932732803
0.99701919986
0.995320542817
0.994714122104
0.994587240084
0.99370637714
0.991227015984
0.987590954379
0.984220250174
0.982652813222
0.983460986848
0.985666932662
0.987618106589
0.987804121152
0.986105486152
0.983641936695
0.982037811822
0.982298639089
0.984072044355
0.985951964783
0.986429177269
0.984879792712
0.982104604027
0.979594545274
0.978413166628
0.978809386355
0.979939439818
0.980705718755
0.980761158528
0.980485065459
0.980836298306
0.982341677895
0.984564695771
0.986305836322
0.986275299198
0.98415272352
0.980905861456
0.978167236002
0.977234558686
0.978266591465
0.980095541401
0.981340863128
0.980984810805
0.979618370234
0.978613710139
0.979399961781
0.98246556421
0.986842612957
0.990855194327
0.992868493469
0.992396758008
0.990297963723
0.988175611245
0.987058957865
0.987200975164
0.98809750887
0.989018531229
0.98985600851
0.990969887029
0.993120042107
0.996550301849
1.00074942856
1.0044537595
1.00651963341
1.0066078482
1.00554400554
1.00461527367
1.00486530963
1.00641642605
1.00854396582
1.01029902692
1.01104757871
1.01111538327
1.01148272403
1.01286581809
1.01531257477
1.0180731124
1.0201571575
1.02099093573
1.02103516022
1.021210797
1.02258301597
1.02508829213
1.02797226112
1.02985174302
1.02996729627
1.028717676
1.02779062851
1.02885248059
1.03273026316
1.03890266072
1.04558774559
1.05088325009
1.053581633
1.0540277358
1.05379693833
1.0544730146
1.0567647454
1.06019332162
1.06372048717
1.06649354199
1.06844392731
1.07040854765
1.07308194244
1.07661708751
1.08010353995
1.0822558362
1.08235757511
1.08091151655
1.07970463677
1.08068735014
1.08466459514
1.0909158023
1.09750177378
1.10238508567
1.10452299506
1.10471903254
1.1050216086
1.10703998156
1.11136908908
1.11661260698
1.12075427039
1.1220480254
1.12040718944
1.11754420823
1.11579574806
1.11693178647
1.12092631241
1.12623361916
1.1307582842
1.13287793771
1.13271829732
1.1316994777
1.13169562612
1.13363082195
1.13723302518
1.14102972822
1.14368592545
1.14446373609
1.14394028217
1.14332184487
1.14376996805
1.14550691244
1.14805005374
1.15055370349
1.15248875676
1.1538141994
1.15521428838
1.15713862559
1.15960384375
1.16202717591
1.16375770021
1.16458287636
1.16497019049
1.16595683246
1.16796959048
1.17088856336
1.17346902339
1.1746031746
1.17349932031
1.17075697496
1.16799031305
1.16661931818
1.16721090367
1.16882608386
1.16976203256
1.16853811272
1.16514888696
1.16113847045
1.15888324873
1.16004944735
1.16464306612
1.17099535158
1.17643333458
1.17880620563
1.17773245713
1.17494412244
1.17298632219
1.17364240434
1.17692129986
1.18120283202
1.18405751552
1.18356933787
1.18000793336
1.17534811759
1.17205409908
1.17177694813
1.17419714718
1.17755477371
1.17956210223
1.17862845282
1.17495636998
1.17043218137
1.16692740926
1.16577665172
1.16674454829
1.16863157076
1.16996936441
1.16993916994
1.1689276732
1.16818096136
1.16889088258
1.17142750874
1.17524396126
1.17916913507
1.18202263761
1.18330222173
1.18315682577
1.18239355581
1.18138586957
1.18017407434
1.17859181053
1.17652933833
1.17467497774
1.17375093214
1.17460879417
1.17690539346
1.17957534295
1.18079800499
1.17917293772
1.17466431477
1.16866904788
1.16380182002
1.16206634591
1.16418886991
1.16893922733
1.17399518429
1.17726966544
1.17761025254
1.1757697254
1.1737862607
1.17336721535
1.17507045472
1.17789881478
1.17998220296
1.17985499337
1.17720726362
1.1735217
1.17088879347
1.17076683534
1.17293934681
1.17567199595
1.17658506208
1.17406169866
1.16834093192
1.16163743586
1.15670368826
1.15528837122
1.15728532477
1.16078475169
1.16301603802
1.16196142192
1.15767284992
1.15210766887
1.14807637094
1.14751414641
1.15038605936
1.15499381298
1.1587144623
1.15951114711
1.15713334968
1.15319607707
1.14988767928
1.14876972913
1.1497256066
1.15123660203
1.151065834
1.14787573115
1.14204585291
1.13573329598
1.13143617207
1.13066367178
1.13320142741
1.13730246495
1.14045389049
1.14089771037
1.13829516076
1.13413745354
1.13045539067
1.12855105846
1.12843429328
1.12890190554
1.12825778508
1.12554793751
1.12115319897
1.11696080253
1.11484046865
1.11573481552
1.11908313626
1.12295914665
1.12513574169
1.12408522297
1.11964924839
1.113426172
1.1074820396
1.10353202415
1.10184196936
1.10159219312
1.10136678142
1.10013903489
1.09785355663
1.09539583752
1.09383832674
1.09376656068
1.09489461668
1.09618952949
1.09635952966
1.09476417135
1.09184829701
1.08883180999
1.08709893048
1.08720891215
1.08882811709
1.09070811509
1.09151311734
1.0905898151
1.08831761169
1.08596077888
1.08484005563
1.08550952631
1.08749383846
1.08956441544
1.09009844486
1.08839403796
1.08482318096
1.08075063975
1.07789771722
1.07715929547
1.07836636806
1.08054732684
1.08240016903
1.08295366931
1.08246168815
1.0818178693
1.08217966598
1.08401376611
1.08681196897
1.08917261486
1.08951629089
1.08716666667
1.08274537083
1.0781794282
1.07569084206
1.07666060055
1.08099759381
1.08731299406
1.09346132351
1.09746421133
1.09834162521
1.09679240271
1.09435969023
1.09264014406
1.09237487403
1.09325861776
1.09411643341
1.0937369665
1.09176750367
1.08887255417
1.08643612381
1.08565570922
1.08688268931
1.08927395599
1.09151212058
1.09208603049
1.09038093581
1.08711465189
1.08387451465
1.0823637477
1.08340353833
1.08664235774
1.09052470369
1.09336209758
1.09404056782
1.09249983523
1.08999737808
1.08826979472
1.08863304686
1.0911884583
1.09482535576
1.0978010946
1.09840425532
1.096052717
1.09139313659
1.08597784779
1.08157817637
1.07912986588
1.07874093606
1.0795250449
1.08058128608
1.08132143099
1.08196777045
1.08331342367
1.08611358498
1.09045882919
1.09576306331
1.10059007289
1.10354545771
1.10385457579
1.10204434605
1.09966355397
1.09851914894
1.09987836194
1.10376344086
1.10894668139
1.11340824969
1.11534633758
1.11388779139
1.10973382046
1.10441105187
1.0998139117
1.09697841727
1.09594957768
1.0958741371
1.09557139632
1.09425287356
1.09203907442
1.08993694338
1.0892682609
1.09082875098
1.09453933918
1.09942415871
1.10377612041
1.10622822152
1.10618147256
1.10418222554
1.10149789887
1.09950248756
1.09884862851
1.09938879457
1.10028282278
1.10063859577
1.09985335743
1.09849794867
1.09745449661
1.09787841562
1.10024634587
1.10388849085
1.10742731335
1.10906511013
1.10755832637
1.10272
1.09599159477
1.08958722717
1.08593799331
1.08640494825
1.09099541067
1.09844048377
1.10665427867
1.11358947911
1.11802992034
1.11970893025
1.11946960318
1.11828765779
1.11691983955
1.11552083678
1.1137514998
1.11112228142
1.10766852611
1.10399166723
1.10108932462
1.10007014262
1.10131469462
1.1045350496
1.10859145152
1.11210157561
1.11363265306
1.11269199677
1.10959385993
1.10530979052
1.10084745763
1.09701306005
1.09406404095
1.09198275323
1.09053356282
1.08964804609
1.08946116778
1.09030947171
1.09219414561
1.09484354894
1.09743605956
1.0988691541
1.09821284297
1.09505926918
1.08989244482
1.0840813094
1.07943894389
1.07718673786
1.07769291546
1.08025809
1.08348433433
1.08594779858
1.08646319805
1.08493589744
1.08221530883
1.07957457714
1.07823333861
1.07861329656
1.08036603586
1.08268741861
1.08452753103
1.08549070551
1.08572135151
1.08607798307
1.08745364648
1.09031798619
1.09445463876
1.09870048536
1.10155633425
1.10177526088
1.098752
1.09321136254
1.08668422405
1.08100908303
1.07744129347
1.07623908577
1.07686370361
1.07803384367
1.07846933178
1.07747567811
1.07517471309
1.07242596775
1.07036616878
1.06979576541
1.07071552579
1.0723783667
1.07359320678
1.07338350484
1.07134531624
1.06790766028
1.06426083237
1.06162251251
1.06090595314
1.06202500613
1.06419699818
1.06624448997
1.06704819089
1.06605406426
1.0635708415
1.0604811868
1.05771978284
1.0558733791
1.0549017113
1.05408500891
1.05239078634
1.04914712491
1.04433760684
1.03889113593
1.0340776281
1.03101435174
1.03020447496
1.03125373849
1.03288454665
1.03359196171
1.03203967099
1.0278189691
1.02152798342
1.01458062226
1.00857861263
1.00471656136
1.00322214929
1.00351943208
1.00440154206
1.00474325234
1.00375303781
1.00160207037
0.99904679909
0.997152480098
0.99658786254
0.997361557591
0.99879132169
0.999698767961
0.9990094552
0.996237008721
0.991726960028
0.986627872803
0.982534784887
0.98066657048
0.981451219862
0.984402228253
0.988266529633
0.991479871912
0.992747391354
0.991460364013
0.987914623594
0.98289485109
0.977503269874
0.97247545582
0.968074786136
0.964008990359
0.959796755215
0.955173646274
0.950319988093
0.94586336804
0.942646408025
0.94133513149
0.942095293603
0.944312384045
0.946906740536
0.948529411765
0.948060110851
0.945177866735
0.94042181244
0.934995797142
0.93036102896
0.927691364219
0.927335253166
0.928911153013
0.931425163983
0.933514908257
0.934146976314
0.932877111241
0.930001170549
0.926440359429
0.923147139366
0.920799385996
0.919624896462
0.919136588399
0.918625624649
0.917316692668
0.914732077676
0.911003236246
0.906621343693
0.902360424028
0.898785311527
0.89621929751
0.894600106154
0.893668262903
0.892989655948
0.89234328274
0.891670910428
0.891166298123
0.89106351551
0.891550820419
0.892436205516
0.893392399965
0.893908262191
0.893388021061
0.891573295985
0.888600280177
0.884797857787
0.880894450238
0.877335944024
0.874448960898
0.872059912296
0.86989427138
0.867503880344
0.864605274244
0.861148346738
0.857543372658
0.854291472269
0.851896679779
0.850567760029
0.850282719625
0.850546948748
0.850908887208
0.850870745222
0.850220892119
0.849099873868
0.847954225251
0.847318139963
0.847507837441
0.848521424261
0.84996266299
0.851188425766
0.851498207885
0.85031601224
0.847592213115
0.843762365044
0.839762278538
0.836453147164
0.834665265603
0.834643497449
0.836140719059
0.838588900907
0.841185664843
0.843146623198
0.844104420624
0.844004093933
0.843116541997
0.84189859268
0.84086591053
0.840185158397
0.839867380177
0.839774486606
0.839710747431
0.839532163743
0.839237929029
0.83906687044
0.839244443176
0.839917544405
0.841189815982
0.842737663786
0.844304537984
0.845477141341
0.845933739165
0.845639854521
0.844807567047
0.843781971127
0.843119370653
0.843083433408
0.843638764496
0.844627145536
0.845625126881
0.846221082687
0.846106665109
0.845303061254
0.84398419799
0.842661978326
0.841663574344
0.841371706434
0.841743569605
0.842632651352
0.843671626818
0.844567825456
0.845064509809
0.84513808895
0.844986602736
0.844869072895
0.845098039216
0.845688350983
0.846613088404
0.847493861043
0.848030946425
0.847893504974
0.8470823177
0.845724360858
0.844224345074
0.843103548744
0.842625795257
0.842970700491
0.843857798557
0.844964100236
0.845705226205
0.845725117411
0.844856374699
0.843302180685
0.841524943311
0.840069251291
0.839431009957
0.839717770732
0.840771286531
0.842216496338
0.843516573296
0.84412723588
0.843892803443
0.842809561706
0.841309897591
0.839859101627
0.838931011618
0.838753890523
0.839289256667
0.840217820665
0.841146787698
0.841723163842
0.841755997958
0.841324103353
0.840694547743
0.840370870052
0.840665668548
0.841709994223
0.843231643661
0.844896413066
0.846162858817
0.846620170095
0.846122063511
0.844823515524
0.843185694959
0.841751628641
0.841040044011
0.841143742113
0.841949610419
0.842918915864
0.843533389687
0.843190847868
0.841690443233
0.839200113459
0.836211318174
0.833557546441
0.832025749346
0.832025842178
0.833569671538
0.836149335191
0.838956653373
0.841155024063
0.842097583752
0.841497887221
0.839592227934
0.837013062074
0.834678925442
0.833295233741
0.833361794171
0.834971870205
0.837675635702
0.840849412033
0.843732966119
0.845814215219
0.846774427581
0.846737038549
0.846129079467
0.845442536328
0.845074152542
0.845162622003
0.845567601099
0.846060570212
0.846194800201
0.845810814802
0.844865644407
0.843640196767
0.842573998079
0.842173799809
0.842772733823
0.844355512049
0.846657815747
0.849213261337
0.85137587822
0.852638732935
0.852812304391
0.85195631301
0.850646025962
0.849443891853
0.848978240587
0.849558850009
0.851023094412
0.852983293556
0.8547782078
0.855699212364
0.855197175158
0.853061345334
0.849732825554
0.845825608428
0.842261293258
0.839922571563
0.83917604537
0.840121688277
0.842404573334
0.845351214818
0.848308122228
0.850692317118
0.852123302436
0.852654621693
0.852610219517
0.852457513143
0.852560990411
0.853144114014
0.854094872794
0.855175504108
0.856021255
0.856327335764
0.856060152178
0.85536668869
0.85476054303
0.854703948361
0.855596868293
0.857593210064
0.86028472349
0.863200342152
0.865590572928
0.866728280961
0.866275478691
0.864221940746
0.861032313764
0.857564122255
0.854849559687
0.853653336582
0.85438959144
0.856921157533
0.860691804681
0.864732664739
0.868095400552
0.86987371843
0.869721077954
0.867768595041
0.864744661389
0.861582987291
0.859223757166
0.858359060717
0.859175936859
0.86148931551
0.864807865273
0.868302531449
0.871244902406
0.872960409322
0.873207311358
0.87210756723
0.870185538625
0.868003132341
0.866055449151
0.864609274028
0.863498098859
0.862467743477
0.861069337344
0.858947233442
0.855967736773
0.852190245766
0.848093675041
0.844145297811
0.840823391234
0.838537676585
0.83731138546
0.837093876557
0.837558025898
0.838409293463
0.83921544325
0.839776243008
0.839939552309
0.839726547664
0.839172378776
0.83834312014
0.837288887481
0.835966131682
0.834246316585
0.832031617578
0.829405513534
0.826505498614
0.8235750893
0.821094379377
0.819441866221
0.819048208429
0.819867878299
0.821862726763
0.824497487437
0.827192593062
0.829254228601
0.830153288921
0.829485133683
0.827300052274
0.824015144097
0.820378731283
0.817056263099
0.814724789714
0.813728915854
0.81396526086
0.815113557285
0.816629099336
0.817911592674
0.818436744561
0.817969054739
0.816527573229
0.81453362256
0.812491773068
0.810930721704
0.810190039318
0.810343138855
0.811110749504
0.812067677719
0.812692644625
0.812439166829
0.810936232354
0.808182732552
0.804447181615
0.800310649452
0.796447028424
0.793386030005
0.791486477764
0.790743555742
0.790934770609
0.791685701233
0.792608139573
0.793330480298
0.793748145217
0.793854159805
0.79385806621
0.794082145304
0.794831890542
0.796186973773
0.798133547868
0.800380105656
0.802504692253
0.804114635975
0.8048098434
0.804393999735
0.802980187765
0.800951997855
0.798860971524
0.797257623274
0.796559610222
0.79689402165
0.798090754544
0.799746060685
0.801372313096
0.802358920891
0.802316829739
0.801105881579
0.798887490895
0.79611941292
0.793413273656
0.79140591011
0.790511584304
0.790891446928
0.792204319048
0.794161851642
0.796087986915
0.797443854907
0.797791050752
0.796930775646
0.794905138208
0.792223369873
0.78939131593
0.787158224265
0.785831026317
0.785702332742
0.786629882583
0.788281117697
0.790222434498
0.791949996566
0.793062985332
0.793358699412
0.792831714651
0.791775726684
0.790688910966
0.789938006676
0.789948453608
0.790818917363
0.792443871668
0.794468694585
0.796457437661
0.797970672041
0.798581610083
0.798087818697
0.796489479118
0.794073598631
0.791218956806
0.788409798924
0.786063526681
0.784378168596
0.783406448019
0.783047076003
0.782990283147
0.78301787776
0.782914891369
0.782565521155
0.782093388548
0.781524663677
0.781158951117
0.781111710739
0.781504758484
0.782256909638
0.783339279344
0.784444128316
0.785372085596
0.785868755983
0.785873843208
0.785377107365
0.78460226061
0.783829969027
0.783376123235
0.783352378232
0.783867853695
0.784845013959
0.785913878341
0.786830597175
0.787350758309
0.787217263505
0.786410201304
0.78503201803
0.783441082973
0.781997788952
0.781154257214
0.781205471644
0.782188458521
0.783895881007
0.785885982851
0.787684551674
0.788678972655
0.788485199392
0.786959982633
0.784131109667
0.780386094834
0.776383077638
0.772651275301
0.76987670068
0.768349191751
0.768260715551
0.769397779043
0.77138246369
0.773671637469
0.775650394621
0.776897859958
0.776979748991
0.776006524802
0.774092152947
0.771759514617
0.769435725235
0.767678597305
0.766737494148
0.766596057875
0.767031783085
0.767786347582
0.768391283855
0.768438732292
0.76763927679
0.765973939685
0.763651151614
0.761110290861
0.758813366173
0.757386280532
0.757076329768
0.758051646598
0.760198716322
0.763188532344
0.76642255584
0.769398382391
0.771532928329
0.772351615327
0.771737078567
0.769852968969
0.767213114754
0.764360068898
0.76188001188
0.760182493837
0.759557454267
0.759984011047
0.7612514518
0.762999890834
0.764802751958
0.766119815668
0.766667904765
0.766178448662
0.764738952813
0.762532783814
0.759986560143
0.757513914657
0.755470419215
0.754023997659
0.753293064551
0.753248167235
0.753740014524
0.754518291794
0.755331623305
0.756021985319
0.756496881497
0.756678107745
0.756743611807
0.756755745191
0.756874906591
0.757085924988
0.757430702438
0.757831280743
0.75818416682
0.758356083524
0.758117542758
0.757425375898
0.756166419019
0.754553242206
0.752694990488
0.750997724814
0.74960905503
0.748904892717
0.748853380678
0.749520790327
0.750781451109
0.752453052075
0.754314944982
0.756037220294
0.757383496587
0.758169203223
0.758368632155
0.758030542391
0.757447930398
0.756818780332
0.756392950881
0.756276814027
0.756518191596
0.757200280267
0.758066292259
0.75904981516
0.759957572876
0.760546360041
0.760628533666
0.760081016387
0.758898242505
0.757265399689
0.755341169513
0.753448911841
0.751644555511
0.750219458669
0.749117507915
0.748342691541
0.747887934147
0.74759416111
0.747242845816
0.746770119091
0.746031746032
0.745029155047
0.743811836335
0.74256852167
0.741406701329
0.740501096373
0.739910634495
0.739739170605
0.74000494892
0.740640298665
0.741567896458
0.742605633803
0.743587025652
0.744309101886
0.744642857143
0.744570095136
0.744090515999
0.743351015842
0.742420418905
0.741376832423
0.740436181623
0.739600369765
0.738998160464
0.738560248184
0.738274647887
0.738153998026
0.738044708546
0.738018261271
0.737991578046
0.738023630505
0.738151573815
0.738434545975
0.738779878701
0.739239967356
0.739659367397
0.739981066583
0.740056570171
0.739758027963
0.738898198576
0.737496933375
0.735393614772
0.732801701223
0.729839427493
0.726899750268
0.724363999145
0.722498049507
0.721602309127
0.721826809015
0.723175371844
0.725348725349
0.728209517289
0.731285528388
0.734243372417
0.736814766077
0.738647477994
0.739591405424
0.73969446709
0.739133525251
0.738140013483
0.737105764482
0.736310231485
0.73594047413
0.736063046085
0.73653081342
0.737112704641
0.737476777571
0.737294444068
0.736336152723
0.734507234507
0.731812577065
0.72856064764
0.725192669978
0.722182438193
0.720088075881
0.719194432303
0.719704811834
0.721526139121
0.724458307064
0.728016223944
0.73184506901
0.735427820992
0.738366958766
0.740284197911
0.741161877197
0.741069884851
0.740243564905
0.739140943305
0.738234484657
0.737819502501
0.738217213115
0.739360250989
0.741204572599
0.743387963185
0.745542615686
0.747316837492
0.748440748441
0.748627614481
0.747965500452
0.746516557212
0.744635118738
0.742673486315
0.740932107058
0.739814496737
0.739437585734
0.739786125583
0.740827103765
0.742327497425
0.7439254906
0.745408268556
0.746619878212
0.747437573089
0.747774072674
0.747723602378
0.747457743576
0.747087728944
0.746794100457
0.74670656623
0.746938213843
0.747541434564
0.74845467033
0.749623029472
0.750965844986
0.752388426368
0.753792656735
0.755101344435
0.756263691128
0.757121232971
0.757634512845
0.75786097748
0.757776608802
0.757455198395
0.757032076137
0.756737738372
0.756673439361
0.756974192874
0.757720537322
0.758968880312
0.760557083906
0.762294799876
0.763988670904
0.765335185828
0.766052640777
0.766053917261
0.76522659143
0.763759525826
0.761963406052
0.760169432192
0.758922980589
0.75847164592
0.75905397962
0.760677593375
0.763206768469
0.766226148166
0.769396103446
0.772169975618
0.774107860613
0.774881019037
0.774302886295
0.772486772487
0.769734108849
0.76644295302
0.763000239636
0.759863597613
0.757307653044
0.755493570991
0.754374617008
0.753860312915
0.753719121059
0.753814123349
0.75388919214
0.753817834742
0.753482985319
0.752861035422
0.751959915468
0.750785090115
0.749418763676
0.748065995755
0.74674880219
0.74558617628
0.744644678681
0.743984860773
0.743682673915
0.743682069747
0.744001592938
0.744599787967
0.74532904125
0.746015338446
0.746491640368
0.746651785714
0.746308268118
0.745494265429
0.744115439722
0.742316704588
0.740276373441
0.738109552438
0.736010860208
0.734091880693
0.732374524964
0.730827166154
0.729394387001
0.72787501236
0.726219249743
0.724376225124
0.722342372317
0.720155579934
0.717993767818
0.716054682341
0.714501858369
0.713470619098
0.713046325094
0.713317619328
0.714131218457
0.715382848141
0.716834220382
0.718407044753
0.719838481993
0.721085759245
0.722036673215
0.722784271355
0.723180327869
0.723395159169
0.723313632912
0.723104465736
0.72278379996
0.722477369542
0.722310809913
0.722418869298
0.722861842105
0.723617926071
0.724689628206
0.725908321396
0.727041232738
0.727852051375
0.728085867621
0.727518887477
0.726026474452
0.723699343752
0.720756376429
0.717547995958
0.714505347594
0.712029403
0.710344148814
0.709559781193
0.709642926576
0.710285511042
0.711195188203
0.712060870973
0.712627654401
0.712691771269
0.712275924665
0.711496746204
0.710432701636
0.70920495328
0.707849166532
0.706401479511
0.704764384275
0.702926686026
0.700790229885
0.698389935467
0.695842521728
0.693302867441
0.691022165524
0.689201581028
0.687981146897
0.687380527091
0.687317578382
0.687543383606
0.687782229854
0.687686435513
0.686999224606
0.685530713567
0.683422633544
0.680806968686
0.678113523613
0.675737977845
0.67400993251
0.67316593748
0.673246654646
0.674064940403
0.675395319418
0.676978553805
0.678521750126
0.679766414141
0.68059099644
0.680998962036
0.680984874689
0.680525370878
0.679730712096
0.678648545662
0.677256778309
0.675613423334
0.673790632199
0.671927810726
0.670045615813
0.668289312522
0.666739292829
0.665379625626
0.664207776241
0.663056152194
0.661893934739
0.660541973672
0.658959358653
0.657184559486
0.655272161742
0.653358208955
0.651601688602
0.650077423351
0.648944391209
0.648187040583
0.647778533028
0.647653809273
0.647705456122
0.647911312049
0.648191653787
0.648598706498
0.649119043971
0.649721130109
0.650380845447
0.650920542636
0.651114881241
0.65081583665
0.64992064461
0.648319636943
0.646173728422
0.643724197424
0.641289965228
0.639255260413
0.637854677621
0.637201520913
0.637306642402
0.637930512222
0.638823244259
0.639614229824
0.640114143469
0.640120233179
0.639678446838
0.638830834469
0.637768837533
0.636633094396
0.635487682938
0.634364449311
0.633244656454
0.632022385536
0.630728844966
0.629405030785
0.628190076006
0.627422629668
0.627212964379
0.627849024494
0.629174733785
0.631092589237
0.633191206266
0.635022313974
0.636169433594
0.636235395136
0.635063217153
0.63287047015
0.629986160234
0.626956842041
0.62425282776
0.62215612927
0.620888916211
0.620435252354
0.620598728091
0.621156901224
0.621848477284
0.62250334964
0.623142546921
0.623909222657
0.625068971859
0.62675991815
0.629026840514
0.631816091954
0.634766770599
0.637519080402
0.639581303241
0.640638358507
0.640530568102
0.639347396597
0.637441060278
0.635269775585
0.63320500175
0.631689535513
0.630870771291
0.630748594788
0.63125599233
0.632190512673
0.63335242459
0.634636092988
0.635930899691
0.637312213213
0.638818167531
0.640333165068
0.641828985415
0.643097643098
0.64403158985
0.644436472737
0.644272658783
0.643681552889
0.642826748715
0.641964431392
0.641300104112
0.640989835352
0.641011491268
0.641365422716
0.64183809431
0.642358291376
0.642746013224
0.643007072044
0.643121242324
0.643172935221
0.643193089106
0.643138763343
0.642953798569
0.642546422543
0.641697223677
0.640304859943
0.638451073431
0.636200239649
0.633874137988
0.631752481183
0.630043947263
0.629068256771
0.628849811472
0.629352152246
0.630391795422
0.631750184477
0.633213818986
0.634613456332
0.635854715095
0.636883583281
0.637709116307
0.638292902666
0.63854572311
0.638492251472
0.637982195846
0.637109509097
0.635893724801
0.634541754338
0.63330002412
0.632408076222
0.631935140335
0.632034632035
0.632629188743
0.633521748122
0.634516540757
0.635417743325
0.636051619989
0.636512540522
0.636801410743
0.637109295889
0.637512639029
0.637970064534
0.638406363667
0.6386508535
0.638560464634
0.637904629307
0.636671792004
0.634957842074
0.632981327366
0.630953628962
0.629103877487
0.627659201626
0.626587399303
0.625944495445
0.625711960944
0.625821496714
0.626287844158
0.627212119097
0.628627831267
0.630569520006
0.632939235634
0.635586501672
0.638219568086
0.640523104972
0.642176822576
0.642941239431
0.642772702848
0.641789439725
0.64015463364
0.63825452986
0.636327901658
0.634543761639
0.633013339086
0.631753828373
0.63079320216
0.630117118097
0.629738136574
0.629692280007
0.630023259975
0.630806497578
0.631928888889
0.633233639536
0.634537003933
0.635673965412
0.636370209689
0.636614502015
0.636373566357
0.635779950387
0.634907867798
0.633975417355
0.632943606388
0.63190912803
0.630827854154
0.629738046986
0.628617605051
0.627630443753
0.626773182022
0.626113089938
0.625733367772
0.625583704085
0.625647430482
0.625698734922
0.625640269742
0.625415221082
0.62498615572
0.624451410658
0.623927216472
0.623522045011
0.623310436517
0.623258923597
0.623235084828
0.623242098896
0.623188958365
0.62304387849
0.622803307056
0.622640784163
0.622650195657
0.622913156686
0.623373641512
0.623989579742
0.624635232683
0.625226057178
0.625678537055
0.625975024015
0.626119231652
0.626303768557
0.626520635161
0.626876962064
0.627315077832
0.627744169235
0.628135891838
0.628385155466
0.628615802757
0.628775462421
0.628937470616
0.629055728163
0.629094069772
0.628998291413
0.628558861164
0.627769512244
0.626542960871
0.625110878155
0.623685266961
0.622518931845
0.621945432977
0.621911458538
0.622514482543
0.623371032755
0.62437723118
0.625142677215
0.625419115617
0.625276112338
0.624675324675
0.623828017732
0.622871236738
0.621958387211
0.621083293969
0.620184869282
0.619247867356
0.618150961694
0.616958113054
0.615751692634
0.614581634317
0.613706657985
0.613110226627
0.61288097074
0.612932049876
0.613215608089
0.613635437467
0.614165206406
0.614768430041
0.615356578788
0.61593034505
0.616450459858
0.616859159448
0.617005901481
0.616859317733
0.616330327173
0.615484551987
0.614391594722
0.613233733366
0.612063673937
0.610974207327
0.609909165979
0.608903483249
0.607843957976
0.606726438523
0.605580884836
0.604565786142
0.603785488959
0.603407853973
0.603501458941
0.604148480692
0.605224903435
0.606581899776
0.608182271745
0.609689213894
0.611025906736
0.612035851472
0.612604453958
0.612791844788
0.612682725963
0.612385131219
0.612091625986
0.6118548455
0.611731250796
0.611633071404
0.61139696424
0.610886576662
0.609959042897
0.608637327448
0.607062097756
0.605534668182
0.604302963776
0.603678120463
0.603753681157
0.604546250876
0.605858506604
0.607352111453
0.60886503333
0.610140162658
0.611274679598
0.612317427296
0.613398041425
0.61453963586
0.615719582651
0.616691031043
0.617298272751
0.617289800138
0.616767764298
0.615875234808
0.614940502424
0.614247013368
0.613996695101
0.614084633315
0.614153403471
0.61388863821
0.612998321919
0.611613256642
0.609936575053
0.608577106151
0.608173856633
0.608909057233
0.61087267525
0.613628009557
0.616433966583
0.618779986292
0.62029886213
0.620934168992
0.621074796301
0.621244684256
0.622087456112
0.623727735369
0.626036897693
0.628480725624
0.630505078107
0.631624833662
0.631837339632
0.631332959432
0.630602636535
0.630104575782
0.630116820211
0.63047519184
0.630862837158
0.630801891344
0.629968377524
0.628567225655
0.626953991814
0.625809321406
0.62566660083
0.626667979713
0.628627547262
0.631026533915
0.633136966127
0.634538745387
0.635055205047
0.635059878764
0.635135135135
0.636021321336
0.637973821225
0.640950994663
0.644348417168
0.647469033454
0.649612098596
0.650623268698
0.65042794586
0.649617901204
0.648813695065
0.648407323802
0.648403666029
0.64855549924
0.648466257669
0.647760115607
0.646373191799
0.644639773976
0.643100645094
0.642119066352
0.641996016354
0.642591330783
0.643531633617
0.644324210747
0.644684987652
0.644535347179
0.644285490524
0.644235758016
0.644805362207
0.646017244919
0.647574158512
0.649031067364
0.649886994042
0.649812252456
0.649061455387
0.648049281314
0.647281856843
0.647149223913
0.647772239067
0.648815067784
0.649845896672
0.650271782152
0.649914821124
0.648776045851
0.647223267566
0.645701967125
0.644521325477
0.643822970405
0.643469711039
0.643257500824
0.642920207483
0.642379716069
0.641719481951
0.641101601931
0.640720524017
0.640713353632
0.641132751044
0.641955237631
0.643069762407
0.644310149463
0.645710297434
0.647121592061
0.648609932088
0.649970910245
0.651164021164
0.652134664401
0.652751828324
0.653235325679
0.653672194702
0.654167790666
0.65472330307
0.65551458627
0.656135755988
0.656733682181
0.657085561497
0.657355260194
0.657558370732
0.657908265265
0.65853099576
0.659220122897
0.659904328281
0.660348924825
0.660380663241
0.660275261734
0.660162024718
0.660484683297
0.661321815277
0.662892859249
0.664884554374
0.666920642363
0.668560051531
0.669711341413
0.670410670411
0.671023456646
0.671895880542
0.673221515327
0.674891899683
0.676579068695
0.677836838456
0.678370378968
0.677994753716
0.677111955569
0.675990403183
0.67519016969
0.674825789073
0.674773822113
0.67468668716
0.674277198212
0.673442386336
0.672483790826
0.671661793372
0.671415469275
0.671738863664
0.672543459499
0.673242756995
0.67349871899
0.673121659855
0.672111503532
0.671014492754
0.67041104487
0.670557393421
0.671431234852
0.672578444748
0.673425099206
0.673612403101
0.673023342208
0.672130137408
0.671619886259
0.672083434392
0.673652514303
0.675930372149
0.6783162193
0.680156579344
0.680923039749
0.680621937201
0.67970734067
0.67864476386
0.677963030083
0.677882866497
0.678313989004
0.678990248118
0.679750390016
0.680546806098
0.681472081218
0.682511325209
0.683930175844
0.685401979173
0.686703691604
0.687595003635
0.687992520369
0.687920365886
0.687782500169
0.688022659833
0.688712284483
0.689873417722
0.691202266901
0.692307692308
0.693034318722
0.693317909635
0.693535243786
0.694121621622
0.695225945075
0.696781517094
0.698489787772
0.699787601221
0.700463576159
0.700448667195
0.700059043495
0.699771912675
0.699974079834
0.700504006203
0.701325573876
0.702160794238
0.70261991658
0.702536610879
0.702074743111
0.701393887835
0.700556464812
0.699402612749
0.697893972404
0.696007984032
0.693757124656
0.691653734566
0.690082644628
0.689449011482
0.689652820408
0.690242395111
0.69101817173
0.691555524358
0.69186963005
0.692406332832
0.693533986175
0.695467994515
0.69799812098
0.7005144182
0.70233556461
0.702850668811
0.702030047636
0.70050501354
0.699323144105
0.699436945066
0.701074190776
0.703832454766
0.706840645666
0.709235804753
0.71044351107
0.710621669627
0.710559796438
0.711137623693
0.712871287129
0.715645407809
0.71865230983
0.721050066151
0.721974033226
0.721469478978
0.719983265932
0.718289290682
0.717093838994
0.716403368362
0.71606493143
0.715362931642
0.714062721726
0.712407301768
0.710801917161
0.709884430407
0.709797833935
0.710343319484
0.710796251199
0.710614441621
0.709349746998
0.707402340781
0.705372656607
0.70403847622
0.703869731801
0.70475492088
0.706066276803
0.707312268537
0.707956169605
0.708043963046
0.708042319625
0.708381571644
0.709533982119
0.711476058567
0.713851646172
0.716222664016
0.718242544732
0.719817749604
0.721020311762
0.722242201548
0.723569206843
0.725044584012
0.726488579172
0.727628834119
0.728437403876
0.728848355338
0.729013466485
0.729121910914
0.729102746389
0.729067504865
0.729060085515
0.729166353454
0.729591760018
0.73034669068
0.731274333633
0.732031133064
0.732147948083
0.731315491896
0.72968773685
0.727831050228
0.726294516892
0.725643375334
0.725809910393
0.726271578298
0.726373540856
0.725649504015
0.724202148826
0.722641206675
0.721816275506
0.722233921918
0.72397098378
0.726331385299
0.728463013927
0.729525661622
0.729385102198
0.728476707139
0.727626694293
0.727719692387
0.728917748918
0.730845511482
0.732787459497
0.734170632822
0.734810294508
0.735077330977
0.735613664378
0.736860098177
0.738711651079
0.74064792176
0.742243561763
0.743069953829
0.743243243243
0.743473033322
0.744303582064
0.745899146887
0.748009761845
0.749983184799
0.751062578748
0.751020920502
0.750112079701
0.749116898053
0.748674365647
0.749034499475
0.750157270748
0.751421647819
0.752359368677
0.752719326643
0.752448963124
0.751944712311
0.751394677781
0.751051195635
0.750874788358
0.751018586154
0.751506245408
0.752260812582
0.753305988515
0.754359437916
0.755174975239
0.755540765391
0.755490163107
0.755350616235
0.755511709702
0.756338028169
0.757715727209
0.758916359811
0.759295013728
0.758278086364
0.755957986237
0.753065693431
0.750723973607
0.749770178342
0.75011082379
0.751080074488
0.75164814466
0.751129754981
0.749509048903
0.747470252491
0.746189600077
0.746170974925
0.747308177321
0.748663936025
0.749439858491
0.749065189435
0.747843331681
0.746845332278
0.746976698456
0.748748043818
0.751478770132
0.754399687133
0.756452245538
0.757316714103
0.75742370892
0.757857420357
0.759269608788
0.761805289383
0.76493543759
0.767709828692
0.769531100478
0.77028315378
0.770436920749
0.770926966292
0.772004084285
0.773476172885
0.774714233038
0.775087460873
0.774362736109
0.773094415136
0.772094697993
0.77173428444
0.772141906874
0.772857016222
0.77341625944
0.773680462839
0.773893333333
0.774477876106
0.775763980625
0.77737655948
0.778876958282
0.779704633888
0.779685417222
0.779168151051
0.778866346325
0.779278799183
0.780398080682
0.781547937868
0.782113601584
0.781880963199
0.781127585576
0.780619086984
0.781131554738
0.782621529379
0.784249118248
0.785149071817
0.784662809447
0.782903936405
0.780782198247
0.779605835185
0.779757751938
0.78091476497
0.781890772871
0.781636527126
0.779877968571
0.777164035858
0.774768858195
0.773635811305
0.773820493441
0.774537056389
0.774790983173
0.773990819785
0.772486772487
0.771360543475
0.771667544784
0.773669226695
0.776701727857
0.779564519208
0.781122356358
0.781045115965
0.779869076518
0.778651335157
0.778187126373
0.778616000745
0.779422095256
0.779911113201
0.77974376772
0.779131393195
0.778577427332
0.778512339081
0.778955925904
0.779727935524
0.780669970546
0.781913710989
0.783759816105
0.786363161742
0.789372894652
0.792019319227
0.793519242264
0.793523244585
0.792535259718
0.791757766238
0.792278209897
0.794217421385
0.796733735153
0.798471782074
0.798544813141
0.797204334161
0.795879168849
0.796313901733
0.799279283133
0.803996305223
0.808652105324
0.811391065001
0.811339115718
0.809270588731
0.807129283522
0.806746405053
0.808487296738
0.811295918367
0.813406922395
0.813588088826
0.811931990689
0.809876568028
0.80910723192
0.810381755082
0.813057230404
0.815717247507
0.816936119874
0.816376854308
0.815113891876
0.814434494841
0.81549377916
0.818096815038
0.821331508456
0.823684983838
0.824640657084
0.824311703473
0.823691086809
0.823397064504
0.823881897386
0.824569259223
0.825193305276
0.825527322672
0.825756833546
0.826064453125
0.826473740622
0.826566611441
0.82603515625
0.824730972412
0.823466092573
0.823190532081
0.824243907213
0.826201002063
0.828182807399
0.828841937413
0.828014504077
0.826532556484
0.82584877316
0.827005866923
0.829821652851
0.833080163649
0.835216293312
0.835368178118
0.834067593282
0.832851981823
0.833174353019
0.835244090549
0.837976840312
0.839668859393
0.839122936684
0.836572571109
0.833638123924
0.83203861528
0.832596541412
0.834772520822
0.837188956933
0.838509455696
0.838336221057
0.837292536976
0.836467146
0.836490642399
0.837316091422
0.838400637122
0.839322892022
0.840060466833
0.840921859498
0.842064140783
0.843150809532
0.84348818096
0.842617624445
0.840854839718
0.839294235841
0.839069145244
0.840505555768
0.842841668171
0.84471179651
0.844952815184
0.84357989113
0.841760474879
0.840973059912
0.84181371092
0.843689133953
0.845351600727
0.845727206792
0.844798344209
0.843710292249
0.84380841968
0.845480580964
0.847979236188
0.849917645103
0.850310349066
0.849423485777
0.848695896046
0.849565543539
0.852243741143
0.855612326361
0.857927671678
0.85785577368
0.85553568145
0.852659404307
0.851090881351
0.851646939929
0.853719151894
0.855922179263
0.856987016703
0.856753783165
0.855921434795
0.855364563311
0.855344396032
0.855520183849
0.855405327877
0.855064894872
0.855136632273
0.856290608387
0.858383927145
0.860385578469
0.860849888937
0.858949805325
0.855404862154
0.852160101652
0.85080910966
0.851721018395
0.854100668779
0.856805293006
0.858984910837
0.860715845613
0.862631046533
0.864752584934
0.866070801844
0.86508923872
0.860841899168
0.854689826303
0.850131834237
0.850194890638
0.855016084387
0.862212414073
