1.43078118927
1.41700875223
1.4757726355
1.56518369245
1.62396820544
1.62032684128
1.56713047279
1.50215331611
1.46361880232
1.47076128292
1.5111843992
1.55113475177
1.56581053804
1.55503176881
1.53583733027
1.52576278036
1.53104377104
1.54412651612
1.55146183358
1.54717471877
1.53625232387
1.52862510348
1.53009671672
1.53814393699
1.54459059727
1.54394211145
1.53926384088
1.53812597108
1.54596745457
1.5600047458
1.57055033398
1.56819907705
1.55285018619
1.53422426863
1.52384909423
1.52693983345
1.53972194638
1.55172793308
1.55387461907
1.54611974577
1.53650743767
1.53320585043
1.53812535349
1.54598232635
1.54923951452
1.54513202575
1.53930903834
1.54098039216
1.55402721945
1.5736497545
1.58795608189
1.58661398581
1.56905220619
1.54692556634
1.5353447883
1.54209408469
1.56294761497
1.58406721783
1.59145878888
1.58088105727
1.56068687394
1.54454428755
1.54149324726
1.55054419176
1.56283253104
1.56839988268
1.56424881174
1.55576797917
1.55064841209
1.55229591837
1.55768466248
1.5599397232
1.5550740624
1.54577313968
1.53997157236
1.54371366693
1.55613882699
1.56979241231
1.57582021121
1.57066537154
1.55936216656
1.55195256743
1.5552088247
1.56778712496
1.58136520737
1.58667192712
1.58075895243
1.56916227962
1.56130751964
1.56282759103
1.57139862339
1.57875970076
1.57782969524
1.5691535399
1.56138607074
1.56438570264
1.580722647
1.60326914616
1.6196934762
1.62088601159
1.60843454791
1.59476117103
1.5933546411
1.60850498339
1.63181364393
1.64780042024
1.64514194322
1.62581585661
1.60513949591
1.60035257247
1.61777068196
1.64767567214
1.6707121068
1.67067520946
1.64610240608
1.61311058179
1.59447154472
1.60430156509
1.63797948115
1.67558517449
1.69540475642
1.68821405121
1.66288349578
1.63901674665
1.63332678969
1.64847168756
1.67225861955
1.68700265252
1.68310511345
1.66595310236
1.65066894579
1.6503298153
1.66681074611
1.68920959893
1.70140883138
1.69425544159
1.67274264457
1.65239882341
1.64819023712
1.66448065034
1.69189989328
1.71374666805
1.71783483692
1.70417448079
1.6838365897
1.67041868294
1.67177870652
1.68512358264
1.70027355842
1.70771727371
1.70559382551
1.6999385194
1.69774309987
1.70181724163
1.70797288694
1.70878559812
1.70023152541
1.68703535124
1.679334016
1.68533333333
1.70518985881
1.72957077199
1.74450084602
1.74045952466
1.71960916175
1.69481340923
1.68078279127
1.68536011798
1.70499377285
1.72750050515
1.74037216828
1.73965642391
1.73137026473
1.72561611945
1.72855762261
1.73826481062
1.74567060064
1.74195894618
1.7264245385
1.70791058973
1.69882315897
1.70715886307
1.73091023771
1.75839456427
1.77464955111
1.77131828284
1.75222192297
1.72977906225
1.71647712245
1.71794001132
1.7304137905
1.74345392389
1.74776951673
1.74203588429
1.73249648306
1.7278309296
1.73234781991
1.7436033926
1.75370678368
1.75504687006
1.74636902492
1.73377777778
1.72598382567
1.72850069054
1.7403927116
1.75478307734
1.76295128171
1.76076475478
1.75097775002
1.74064432151
1.73565116053
1.73751455557
1.74344617775
1.74848984075
1.75026492406
1.75021500239
1.75201772432
1.75755372946
1.76484025508
1.76849901041
1.76363111838
1.75039241439
1.73538883398
1.72775151496
1.73299955637
1.74910918809
1.76766996827
1.77839478272
1.77507451082
1.76090264513
1.74603277205
1.7412141609
1.75051304603
1.76947656224
1.78729576526
1.79344571179
1.78437996149
1.76619118442
1.74968698183
1.74345371693
1.74845551895
1.75852016381
1.76425469319
1.7598620544
1.74710295516
1.73412502643
1.72920792079
1.73587797142
1.75079239303
1.76572612901
1.77286847202
1.76958777956
1.76008895046
1.75104701555
1.74711468225
1.74836457185
1.7508227029
1.75
1.74484004128
1.73871473926
1.73643550774
1.73995127893
1.7463304882
1.7493395216
1.74307511319
1.72693125443
1.70753163004
1.69505066925
1.69613240776
1.70982643253
1.72805828533
1.7394556902
1.73616590794
1.71908009092
1.69791391603
1.68488106875
1.68685042928
1.70137505622
1.71888336275
1.7282107152
1.72363091251
1.70883673857
1.69404691072
1.68879913003
1.69541119643
1.70795500325
1.7160390256
1.71150376408
1.69483947091
1.67537890504
1.66557690528
1.67269640377
1.69399534523
1.71823981985
1.73181102362
1.72697670007
1.70674384766
1.68307186235
1.66897142313
1.67066078732
1.68438398656
1.6992284556
1.70380873866
1.69433225187
1.67678340678
1.66265180171
1.66053974714
1.67089076876
1.68548111726
1.69245387326
1.68400542779
1.66230102059
1.63918134751
1.62829403606
1.63631946132
1.65902039393
1.68359443451
1.6958813607
1.68844009677
1.66567995821
1.64078742877
1.62747923959
1.63169780333
1.64878732939
1.66585774345
1.67023882425
1.65685316805
1.63205477631
1.60883684314
1.59857736781
1.60441903285
1.61959672744
1.63127326402
1.62896086112
1.61114782992
1.5865677203
1.56859615739
1.56691761407
1.58190887524
1.60437587487
1.62031093127
1.61895375284
1.59915586373
1.56963466898
1.54352308382
1.53129208943
1.53550153439
1.55002723806
1.56388762339
1.56810933941
1.56099557388
1.54762265523
1.53575123228
1.53078458468
1.53341003078
1.53939832589
1.54293690321
1.54105142566
1.53534485502
1.53062784697
1.53076307791
1.53598399277
1.54231371526
1.54370594822
1.53628658456
1.52116034174
1.50444084921
1.49343253119
1.49222013882
1.49937397035
1.50861556744
1.5125
1.50669115718
1.49303232094
1.47807792375
1.46904625565
1.46940904923
1.47708504066
1.48566488526
1.48808481361
1.48117854819
1.46767630412
1.45465530784
1.44868035191
1.4521192625
1.46177661348
1.4708335816
1.47254545996
1.46490058376
1.45189873418
1.44117302739
1.43925806923
1.44748871828
1.46146807945
1.47308276047
1.47502844482
1.4653278098
1.44867137067
1.4339163361
1.42856711642
1.43480247327
1.4488405082
1.46252576354
1.46813408596
1.4624238965
1.44859813084
1.43365510211
1.424192
1.42290578448
1.427451108
1.4324501574
1.43261734811
1.42636396444
1.41661508389
1.40815403502
1.40437614296
1.40493306495
1.40626095827
1.40344630254
1.39414442899
1.38021551184
1.36748274475
1.36207423714
1.3665587069
1.37805831079
1.38954357839
1.39333234112
1.38525002218
1.36745522235
1.34774654431
1.33531191471
1.33576265351
1.34804807389
1.36507388879
1.37720183354
1.37759108494
1.36581986143
1.34813232492
1.33411444772
1.33147081078
1.34203877791
1.36070686071
1.37797636898
1.38499381282
1.37846675548
1.36184669518
1.34316231514
1.33052638026
1.3282147933
1.33474695188
1.34366568363
1.34741666144
1.34148321624
1.3270683676
1.30954940566
1.29534755762
1.28890789152
1.29095578793
1.29843172022
1.30592745862
1.30890635824
1.30572964624
1.29798201681
1.28854178741
1.27966345877
1.27231154189
1.26639462038
1.26176765506
1.25889884763
1.25918200524
1.26348292628
1.2712581013
1.28015596714
1.28653921624
1.28686554503
1.27982566089
1.26807366735
1.25736935493
1.2535642714
1.2593571367
1.27295903587
1.28889345586
1.30034882681
1.30239937145
1.29462843911
1.28235509681
1.27345345895
1.27383089421
1.28423583843
1.30008249061
1.31362491554
1.31766337855
1.30880768402
1.28986924111
1.26876074952
1.25376465687
1.24938961612
1.25448970653
1.26357762384
1.26991600546
1.26896091847
1.26078307
1.25027872274
1.24390451109
1.24560170873
1.25442378766
1.26509465666
1.27086375379
1.26699329842
1.25404521621
1.2380751134
1.22794221183
1.23015492282
1.2452937335
1.26759997705
1.28774804614
1.29662412515
1.29010147766
1.27110912343
1.24908151378
1.23459410973
1.23427338388
1.24745650473
1.26669490756
1.28155369291
1.28359794785
1.27032330123
1.24656306037
1.22188090737
1.20558753909
1.20238371419
1.21056277056
1.22319040635
1.23168288495
1.230142277
1.21805820879
1.20056081513
1.18490929082
1.17695124617
1.17835299257
1.18630189506
1.19514274713
1.19956951267
1.19736987512
1.19063138706
1.18399093722
1.18192149906
1.18611987382
1.19463011535
1.20297170888
1.20639626932
1.20272695692
1.19359048724
1.18354980865
1.17760964722
1.17842311602
1.18510743753
1.19366743798
1.19908957416
1.19763726439
1.18934962898
1.17777138749
1.16808963268
1.16408503963
1.16614411365
1.17138759412
1.17515319722
1.17350460123
1.16537150648
1.15360008675
1.143738882
1.14084317938
1.14703117867
1.16002697235
1.17427228005
1.18340371853
1.18296425313
1.17304696194
1.1581772435
1.14551022702
1.14106698348
1.14700508194
1.16055654985
1.17542016807
1.18457194953
1.18348623853
1.17236811116
1.1558365531
1.1403371113
1.13114280765
1.12991639613
1.13451028642
1.14018052906
1.14211820572
1.13800240539
1.12904294987
1.11892938994
1.11191608997
1.11041145287
1.11409269527
1.12019010072
1.12502710321
1.12610655515
1.12359215133
1.12037062122
1.12015493377
1.12517672648
1.13514774068
1.14682572787
1.1556120288
1.15729822553
1.15057736721
1.13810267986
1.12549076212
1.11810164038
1.11846470656
1.12499286733
1.13303680894
1.13679621609
1.13201545103
1.11813620476
1.09919242551
1.08200274348
1.07293468858
1.07481030245
1.0857627928
1.10045239292
1.1121782152
1.1157674591
1.1096763951
1.0970153196
1.08398818628
1.0769169877
1.07918665995
1.08989966555
1.10433204194
1.11626630062
1.12032976184
1.11491169238
1.1025174316
1.08871238394
1.07887834821
1.07563516826
1.07806753594
1.08225253117
1.08342633929
1.07827854021
1.06658736306
1.05168730141
1.0388675364
1.03253337614
1.03419664396
1.04171717704
1.05031264779
1.05490556139
1.05217391304
1.04240365774
1.02959103933
1.01952018299
1.01718802819
1.02412595629
1.03797268493
1.05333546037
1.06407913128
1.06591408646
1.05815478793
1.04403568977
1.02929838088
1.01948984099
1.01765992194
1.02294736258
1.03135588513
1.03755022863
1.03739295647
1.02972671044
1.01688898451
1.00329104517
0.993279605177
0.989444328607
0.991609517872
0.997274072536
1.00280461203
1.00539951197
1.00445873082
1.00194139573
1.00119124692
1.00514954486
1.01477496392
1.02845290645
1.04233489929
1.05156078861
1.05243652857
1.04412173044
1.02932291234
1.01311511545
1.00065636538
0.995192177102
0.997108655119
1.00422599661
1.01292398445
1.01946666667
1.02153097392
1.01908127208
1.01384503908
1.00842962925
1.00478529794
1.00363239179
1.00427687686
1.00539987204
1.00597599299
1.00590933831
1.00640975533
1.00916350308
1.01516108654
1.02392940428
1.03318814633
1.03963973681
1.0400184868
1.03255254599
1.01795145445
0.999481766358
0.982037388242
0.969912693083
0.965292206063
0.967448501996
0.973213112168
0.978372865399
0.979350879018
0.974505346903
0.965120451051
0.954537364286
0.946853677028
0.945049405122
0.949569433572
0.958510124749
0.968162009741
0.974710084904
0.975614850399
0.970810782408
0.96270015036
0.95492778924
0.950644459768
0.951064395955
0.955199957257
0.960248746884
0.962916252985
0.960828383368
0.953766895929
0.943845002757
0.934535374731
0.929147155907
0.929248871532
0.934148065852
0.941372603501
0.947571240239
0.949715974221
0.946758726506
0.939943633103
0.932564398308
0.92823260942
0.928932966779
0.934331826985
0.941713958453
0.947259103457
0.947439675082
0.940522334198
0.927641099855
0.912624993316
0.900611052072
0.895624226139
0.898955067921
0.908645114421
0.920277878209
0.928827088966
0.930123824693
0.922566598361
0.907928975968
0.890990807983
0.877813748799
0.873162971567
0.878564019531
0.891769494975
0.907835993226
0.921068310753
0.926998144906
0.92401303685
0.913908506377
0.90101930624
0.890395124002
0.88575842476
0.887929009526
0.894845038903
0.902570620736
0.907012785742
0.905445303073
0.897794417278
0.886642945466
0.876341262099
0.871134404729
0.873515145516
0.883067709364
0.896752892111
0.90998003992
0.918345332765
0.919243856333
0.91269700726
0.901266208227
0.888934144541
0.879559338497
0.875430303653
0.876701361089
0.881318567316
0.886020723505
0.887732380509
0.884911865975
0.878125
0.869654636202
0.862567229286
0.859203381085
0.860498690875
0.86557994958
0.872194115625
0.877560084884
0.879441938841
0.877084420587
0.87162380822
0.865300219429
0.86055178969
0.858756067503
0.859880360945
0.862392594108
0.863972578026
0.862248330832
0.85605023126
0.845946777419
0.834231635416
0.824012953045
0.81788964942
0.817018181818
0.82088258661
0.827588693395
0.834478104741
0.838896424765
0.839226573154
0.835379273243
0.828953174798
0.822423022148
0.818056580566
0.816855873643
0.818226906386
0.820515379051
0.82146799117
0.819303192025
0.81339676786
0.804627378237
0.795135175467
0.78740642238
0.783434520762
0.783857001185
0.787988927669
0.793986155177
0.799663016007
0.803167857833
0.803658832081
0.80173084403
0.799049128368
0.797656613097
0.798884603101
0.802802629628
0.808060942518
0.812517245704
0.813899477444
0.810597234183
0.80258097166
0.791399310536
0.779857908513
0.770969411649
0.766905562869
0.768279128208
0.774129975005
0.782299865617
0.790145415215
0.795392594379
0.796836010369
0.794769492762
0.790822058321
0.787273173124
0.785948396954
0.787512088675
0.791247221043
0.795293821568
0.797483098271
0.796058312592
0.790448170036
0.781617888023
0.771728009981
0.763462059788
0.758981598676
0.759185640284
0.763597625203
0.770552117925
0.777748521914
0.78309804959
0.78526152804
0.784113309484
0.780780707333
0.777073817592
0.774629145927
0.77406116344
0.774792875924
0.775261887581
0.773702059748
0.768783675913
0.760241923441
0.749170422465
0.737869327958
0.72911182607
0.725191024277
0.726999543236
0.73386729335
0.743493709786
0.752863446746
0.75897883906
0.759866089974
0.755151217113
0.746423895052
0.73659032322
0.728752080694
0.72515682565
0.726240957845
0.730647136751
0.735811741144
0.738871363477
0.737450676789
0.730760634731
0.719824721203
0.707378267118
0.696958009931
0.691748559405
0.693337462185
0.701255010498
0.713173638308
0.725547835382
0.734654196407
0.737484737485
0.732957689792
0.722170252572
0.708114123837
0.694741353232
0.685298909638
0.681493288173
0.682988414695
0.687857142857
0.693222791827
0.696327787144
0.695200564353
0.689502468299
0.680590981279
0.671143992721
0.664159682926
0.661784383064
0.664745575487
0.671884086063
0.680818727785
0.688583976379
0.692550631642
0.691200201715
0.684837171758
0.675299904633
0.665456624978
0.658079107156
0.654980428387
0.656527921718
0.661751306766
0.668717973277
0.675167334405
0.679256190384
0.680036794074
0.677816430292
0.674047461935
0.670569752314
0.669017557704
0.669995539476
0.673001718684
0.676619281209
0.678980411853
0.678548087075
0.674583667737
0.667456359102
0.658761560908
0.650729891251
0.645609264609
0.644906725873
0.648864156489
0.656422151348
0.665571536346
0.673729230164
0.678582962761
0.678566951638
0.673475563625
0.664460555233
0.653703657031
0.643525134762
0.635734210002
0.631226029939
0.629762725214
0.630476377373
0.632013322558
0.633181573408
0.63329988497
0.632419867874
0.63134981779
0.631169593504
0.632705542358
0.636070972181
0.640336134454
0.643972408297
0.645168578817
0.6424237828
0.635094665245
0.623791764975
0.610321766562
0.597320468918
0.587437967558
0.582644728824
0.58345186721
0.589043390853
0.597531571534
0.606455781011
0.613363833373
0.616464644011
0.614897999215
0.609116978147
0.600730961438
0.591982249258
0.585013834534
0.581026979983
0.580158533565
0.581401657132
0.583345608092
0.584378437844
0.583288685403
0.579686931198
0.574086619889
0.567965618813
0.563234477932
0.561593502224
0.563847872547
0.569537234173
0.577021949773
0.583889430407
0.587786645116
0.586992490773
0.580937779481
0.570509547636
0.557812420657
0.545687962543
0.536929481267
0.533496429189
0.536008255731
0.543656926965
0.55448102761
0.56583576986
0.574948100348
0.579617512569
0.578805178917
0.572729137816
0.563007920996
0.552122162523
0.542590551383
0.536386144932
0.534458223216
0.536621180283
0.541781358115
0.54835943608
0.554653625088
0.559249829851
0.561482228384
0.561516740621
0.560139277874
0.55840117308
0.557236024057
0.556947491963
0.557353469975
0.557854445766
0.557766851375
0.55653899376
0.554150775822
0.55102625547
0.548021135516
0.546205087318
0.546434684857
0.549219107697
0.554307211306
0.560854255971
0.567522378846
0.572706935123
0.575040826002
0.573582693947
0.568393629307
0.560510927268
0.551694459387
0.543945912723
0.538850501681
0.537187483621
0.538785265236
0.542747184627
0.547577921576
0.551769568587
0.553919659318
0.553254360503
0.549888025293
0.54474801061
0.539425615317
0.535404624277
0.533733776681
0.534487385937
0.537014172214
0.540278001395
0.542926109696
0.543900085763
0.54247316146
0.538461538462
0.532526071533
0.525988023952
0.520633486568
0.518055961523
0.519043306877
0.523326463424
0.529535466825
0.53584248885
0.540208447614
0.541229426709
0.538160957765
0.531449937682
0.522326350606
0.51280789524
0.504967111496
0.500603298029
0.500585791884
0.504672400977
0.51164893617
0.519564286479
0.526224768287
0.529668888646
0.528768937826
0.523386043409
0.514753824292
0.504907003253
0.496381015526
0.491210295728
0.490626441303
0.49460165316
0.502063900504
0.511184333896
0.519834444206
0.525918715016
0.527886003869
0.525168798375
0.518342672592
0.508999280058
0.499418314775
0.491804184979
0.487715529114
0.487736625514
0.491481390325
0.497761275527
0.504997269252
0.511450381679
0.515615566167
0.51663270364
0.514516173586
0.510176954391
0.505104871823
0.50083351856
0.498497579434
0.498300172769
0.499832505164
0.502167529017
0.504314450608
0.505230682934
0.504277339915
0.501120448179
0.495963123341
0.489686847599
0.483514045645
0.478780170865
0.476445573535
0.476656439174
0.478744349852
0.481510380382
0.483649508224
0.484074459996
0.482226617689
0.478209225374
0.47265900686
0.466670415249
0.461396493387
0.458045849099
0.457217323795
0.458954603403
0.462624746338
0.466894178858
0.470185038926
0.47098830426
0.46832540274
0.462078692111
0.453067449355
0.442891511055
0.433541607498
0.426844694308
0.424008013802
0.425305761851
0.430178198218
0.43727638025
0.44472424385
0.450550064221
0.452954789186
0.450823878214
0.443956233307
0.433402465722
0.421079868898
0.4094
0.400685222414
0.396404733861
0.397028545991
0.401977620208
0.409793386141
0.418528307136
0.425991362387
0.430173610128
0.429694647758
0.424096732402
0.414157452582
0.401665082246
0.388965201465
0.378443487133
0.371747420368
0.369597822464
0.37180548656
0.37727585732
0.384439043252
0.391352704018
0.396156004489
0.397286657037
0.394098510359
0.386843537805
0.376879241717
0.366037843383
0.356357572846
0.349385790637
0.34598969015
0.346373940795
0.349962994435
0.355792708019
0.362387977389
0.368277626383
0.372036849792
0.372840976772
0.370545028438
0.365766127875
0.359733318007
0.353892473118
0.349501812887
0.347335832765
0.34779166431
0.350716380866
0.355486600846
0.361126043288
0.366407871911
0.370192307692
0.371675302245
0.370667976992
0.367589161649
0.363331502414
0.35886876134
0.355096545007
0.352621082621
0.351741547538
0.352483373426
0.354563733681
0.357398669774
0.360168158549
0.362041145623
0.362290656837
0.36067487886
0.357494145199
0.353364540667
0.34902223647
0.345167081717
0.342144581083
0.340176203918
0.339359079704
0.339543812105
0.340433335214
0.341458586658
0.34195051277
0.341381182319
0.339452967879
0.336372028618
0.33274566474
0.329088336365
0.325936159802
0.323577422034
0.322085540179
0.321528741819
0.321850115773
0.322902852628
0.324211240529
0.325203713694
0.325157753476
0.323646805456
0.320604522381
0.316463379386
0.311844727493
0.307431071202
0.303679752776
0.300940527946
0.29936503457
0.298986723552
0.29970334714
0.301144792454
0.302684036161
0.303564876231
0.303173205307
0.301126293522
0.297601608502
0.293060754391
0.288103393685
0.283457718583
0.27962851836
0.277048620984
0.276003851164
0.276518962301
0.278291855204
0.280660725436
0.282722004967
0.283609195402
0.282787833227
0.28018407758
0.276247783495
0.271728158719
0.267444745802
0.264148835611
0.262415802188
0.262639751553
0.264925897804
0.268976183112
0.274046469608
0.279037351008
0.282771202023
0.284305700685
0.283229886404
0.279793996469
0.274860861627
0.269609338339
0.26519790454
0.262514051826
0.262077729233
0.263992172211
0.267903713971
0.273023704208
0.278214173498
0.282165862677
0.283684518584
0.282026134108
0.277129870518
0.269774214856
0.261315355805
0.253383481001
0.247395175271
0.244242476953
0.244209019327
0.246924124624
0.251493570722
0.256637418624
0.260910696985
0.262970428172
0.261881029407
0.257355932203
0.249959872782
0.240991824312
0.232240372004
0.225460422907
0.221935711763
0.222217678331
0.22603897424
0.232450523022
0.239991289199
0.246984748437
0.25182268625
0.2532856291
0.250831375384
0.244811778992
0.236438172453
0.227511502483
0.219955088912
0.215326178705
0.214401986894
0.21712552774
0.22264139769
0.2295520445
0.236192425186
0.240952579655
0.242627474505
0.240679705421
0.235410979678
0.227921051031
0.219819326581
0.212767442566
0.208122487228
0.206639790607
0.208409199808
0.212890904751
0.218992317313
0.225298371975
0.230362515266
0.233060810408
0.232861926688
0.229999700392
0.225328730111
0.219992781304
0.215066140356
0.211285503003
0.208964516714
0.208127155042
0.208615840566
0.210070073698
0.211880800289
0.213296498709
0.213652948917
0.212636658822
0.210468949541
0.207762584166
0.205229398664
0.203347242921
0.202101570932
0.201113962264
0.199854125513
0.197984301988
0.195456075395
0.19248953911
0.189410692588
0.186571256403
0.184367630817
0.183270198284
0.183727497353
0.185904622157
0.189481268012
0.193574344713
0.196967616774
0.198501883949
0.197442369686
0.19377983111
0.188240343348
0.182096764328
0.176804280416
0.173614210749
0.173336723705
0.176195713564
0.18176
0.188989683387
0.196398059119
0.202346770568
0.205405160433
0.204722179936
0.200309350976
0.193030330967
0.184483659729
0.176532302595
0.170876367414
0.168593759504
0.169959134252
0.174427020507
0.180759744947
0.187354354354
0.192573588982
0.195158823
0.194514097181
0.190868717179
0.185172165134
0.178815626977
0.173213799776
0.169428493301
0.167948326411
0.16869957358
0.171153491233
0.17448097684
0.177698084291
0.179886720058
0.180436488771
0.179306220096
0.177026666271
0.174521202821
0.172722716821
0.172207431073
0.172920702089
0.174255280737
0.175376808071
0.175575698187
0.174546739598
0.172430293549
0.169720969904
0.167053364269
0.165160080933
0.164726289175
0.166249162564
0.169805251261
0.17484502636
0.180291355296
0.18476402389
0.187016590896
0.18630777014
0.18268188217
0.176985081809
0.170648145358
0.165292717467
0.162334105751
0.162613424674
0.166193633554
0.172330606251
0.179617986947
0.186308455926
0.190763399785
0.191865587237
0.189349832339
0.183815781685
0.176598764155
0.169342568748
0.16359557906
0.160430364614
0.160255831452
0.162818531649
0.167355698977
0.172791293214
0.177935228828
0.181798948196
0.183894367675
0.184373514028
0.184013344355
0.183831277779
0.184657114217
0.186741626368
0.189562925017
0.192086287342
0.193214526303
0.192242656134
0.189198811219
0.18481392186
0.180247710369
0.176757794642
0.175374486591
0.176752336449
0.180988536549
0.18752337142
0.195136561786
0.202190821113
0.207061063026
0.208596637654
0.206482643246
0.201305701965
0.194418073665
0.18755619927
0.182371503125
0.180040913532
0.180971834014
0.184780328273
0.190416589406
0.196483652067
0.201613496933
0.204836943295
0.205879339441
0.205226355894
0.203893016345
0.203069159988
0.203646221216
0.205836610923
0.209087047544
0.212320530126
0.214399851356
0.214580283445
0.212784206094
0.209572814327
0.205995551986
0.203222249449
0.202341187902
0.204010848275
0.208246712399
0.214294663365
0.220777559641
0.226096894852
0.228905485907
0.228576080521
0.225336648022
0.220225817923
0.214741474147
0.210476446676
0.208646469509
0.209762301287
0.213489504107
0.218791700941
0.224235244084
0.228489143546
0.23066893424
0.2306195838
0.228880729668
0.226531673359
0.22481025759
0.224686745603
0.226458459498
0.229605244076
0.232976270395
0.235315690647
0.235751280089
0.234148998822
0.231122418966
0.22777125411
0.225400035168
0.225087842586
0.227456148057
0.23238689639
0.238982355355
0.245752686598
0.251076006658
0.253726527527
0.25324525138
0.250100696243
0.245457153513
0.240817263545
0.237568408318
0.236544706019
0.237859084135
0.240866134778
0.24452170311
0.247718653709
0.249688266407
0.250208529135
0.249669279408
0.248933526012
0.24909586682
0.251064012111
0.255143142003
0.260793239821
0.266718798874
0.271332367232
0.273380069821
0.272362079719
0.268692793788
0.263553311014
0.258513394255
0.255090008872
0.254373685878
0.256634219827
0.261271004128
0.266975703325
0.272211293682
0.275725760184
0.276970677567
0.276200910163
0.274326395274
0.272572411497
0.272043726763
0.273297496031
0.276070627803
0.279340894983
0.281793678715
0.28233502249
0.280659140153
0.277283485898
0.273408261068
0.270503556025
0.269904358284
0.272437868122
0.278097982709
0.28593727459
0.294295504939
0.301374570447
0.305763770585
0.307084621872
0.305842690368
0.303265294818
0.300909669035
0.299927901947
0.300915587316
0.303482447003
0.306539509537
0.30863668808
0.308793221891
0.306695649687
0.302979330007
0.298784988361
0.295601040371
0.294629775724
0.296496108348
0.300933060607
0.30676901605
0.312383754823
0.316126009426
0.317109184873
0.315429316244
0.311971012141
0.308249736365
0.305755493386
0.305560120515
0.307896703479
0.312071810072
0.316716451558
0.320369951352
0.322111987337
0.321885028996
0.320382914404
0.318823234713
0.318543358368
0.320441225257
0.324799072003
0.330858199685
0.337147110719
0.341920761046
0.343893756846
0.342720061064
0.33902127544
0.334274697225
0.330147058824
0.328089456519
0.328771289538
0.331853960811
0.336241837424
0.340457453434
0.343236571039
0.344034485692
0.343205476352
0.341686869256
0.340778199185
0.341595944318
0.34469950849
0.349743960815
0.355506302812
0.360480493718
0.363335068065
0.363554586343
0.361527373603
0.358323575066
0.355367602781
0.353853370492
0.354508995711
0.35707465034
0.360501567398
0.36351034034
0.364978962528
0.36463839838
0.362954672636
0.360974114631
0.359927747673
0.360891405101
0.364226109617
0.369349930844
0.374855411732
0.379133955193
0.380973055111
0.380094276094
0.377195569977
0.373568612728
0.370781671159
0.370086237384
0.372055910192
0.376241203794
0.381416996103
0.386050831715
0.389067162078
0.390198005898
0.390004762305
0.389642727247
0.390302623107
0.392931276297
0.397600179846
0.403499901688
0.408995552572
0.412450066578
0.412823397075
0.41027588639
0.405873493976
0.40121091971
0.397858120622
0.396832261203
0.398274544065
0.401362796215
0.404561257127
0.406402771182
0.406155652466
0.404046888083
0.40124780659
0.399215206078
0.399331383201
0.402346041056
0.408036964436
0.415218122687
0.422188628538
0.427400696864
0.4300041557
0.430247287548
0.429268827821
0.428555768704
0.429289875783
0.432005968994
0.436182050854
0.440516179599
0.443500759323
0.444199954863
0.442622023641
0.439669843431
0.436988916432
0.436061344417
0.437996017431
0.442835166749
0.449496419631
0.45622655773
0.461284817632
0.463701578192
0.463628346277
0.46210344925
0.460746243458
0.460960792035
0.463481324877
0.467928050229
0.47301551289
0.47698293244
0.478541199193
0.47743933625
0.474541519535
0.471428571429
0.469796719797
0.470945334618
0.475027288551
0.481094749368
0.487334966246
0.491880597015
0.493684429518
0.492851234787
0.490584329739
0.488479667418
0.48821361722
0.490621250695
0.495462529274
0.501315404852
0.506171042673
0.508489283545
0.507713965582
0.50463227725
0.500842833062
0.498178584746
0.49801914346
0.500862194944
0.505879919631
0.51160155085
0.516246246246
0.518860522663
0.519452187614
0.519068634911
0.519143075746
0.521012284105
0.525198774866
0.531225786456
0.537555637982
0.542483660131
0.544772720372
0.544430763687
0.54244300256
0.540489307505
0.540226821829
0.542632204397
0.547457020057
0.553308768461
0.55823160673
0.560588358647
0.55985410189
0.556896963902
0.553457422894
0.551292114479
0.551853546911
0.555445789084
0.561110244815
0.567018072289
0.571204270686
0.572469888941
0.571028908921
0.568150938735
0.565670220283
0.565144135037
0.567328580608
0.571756075195
0.576918384775
0.580891062046
0.582367149758
0.581114746226
0.578093245666
0.57496343611
0.573381187378
0.57435173222
0.577697189483
0.582302713543
0.586594225017
0.589258907509
0.589936023622
0.589159271513
0.588074108672
0.587950899444
0.589608910265
0.59294963571
0.597062478096
0.60053355353
0.602410018611
0.602433759815
0.60132869738
0.600314980082
0.60056674675
0.602739304401
0.606533173387
0.610698502332
0.613755805427
0.614576054926
0.613185019496
0.610504404489
0.608131409384
0.607468373724
0.609371146732
0.613687429784
0.619172291969
0.624086431522
0.627033233399
0.62773466194
0.626910044115
0.625940993689
0.626229824449
0.628633251518
0.632987686325
0.638140620442
0.642437354689
0.644640282006
0.644387317909
0.642414714668
0.640107402666
0.638880248834
0.639487912498
0.641811456812
0.64476832717
0.646923769042
0.647268114597
0.645680955467
0.643064297174
0.640849430411
0.64035169769
0.642117195126
0.645889016164
0.65043182329
0.654325773729
0.656615763707
0.657308117242
0.657208938693
0.657663254962
0.659731808322
0.663803640448
0.669129829677
0.674315420019
0.677788024504
0.678798759589
0.677617340182
0.675465540411
0.673826697595
0.673789173789
0.675547549066
0.678336911226
0.680621180621
0.681237643958
0.679702630099
0.676834962336
0.674144368388
0.673120764498
0.674606670862
0.678531701891
0.68356503034
0.687961403963
0.690380794163
0.690531479967
0.689336002888
0.688511620241
0.689553426383
0.693236795569
0.699006977992
0.705284757964
0.710066527787
0.712097906775
0.711335414038
0.709002208524
0.707046869879
0.706969756352
0.709322033898
0.713226205192
0.716809283029
0.718208185627
0.716484290011
0.71234705228
0.707580313341
0.704465613824
0.704515841993
0.707879912943
0.713294611165
0.718372123261
0.72098192397
0.720170687674
0.716724899466
0.712661584355
0.710225754742
0.711113357595
0.715422276622
0.721729603889
0.727719370577
0.731345334616
0.731910374126
0.730229700672
0.728156990783
0.727556384602
0.729490172198
0.733479433581
0.737784633958
0.7404054189
0.740042897212
0.736842105263
0.732363660029
0.728703553464
0.727700597247
0.729838709677
0.734143401635
0.738598950354
0.741112450715
0.740885543935
0.738575532054
0.735818104269
0.734685772909
0.736389493057
0.740827240726
0.746495726496
0.751231272602
0.753383406597
0.752701247264
0.750331356819
0.748212533296
0.74812361253
0.750761061947
0.755391600454
0.7600226661
0.762560777958
0.762004686462
0.758674531575
0.754238456237
0.750676856643
0.749394549238
0.750525887223
0.752846843205
0.754424631002
0.753977968176
0.751329176239
0.747492895175
0.744164789606
0.742846853925
0.743957381039
0.74656584335
0.748833206448
0.749080669207
0.746676391606
0.742438343416
0.738175619213
0.735812792933
0.736560605028
0.740129316275
0.744910677192
0.748663287272
0.749869832344
0.748362275138
0.745358825159
0.742779877267
0.742232571071
0.744296213731
0.748179632791
0.751996943808
0.753959217472
0.753206772704
0.750381446445
0.747029719632
0.74489454302
0.745030683031
0.747332380414
0.750430520599
0.752803060282
0.753367058669
0.752195857368
0.750393391031
0.749449321103
0.750511922848
0.753733820113
0.758023127937
0.76194296794
0.764275894444
0.764816810345
0.764269251627
0.763847100656
0.764510893961
0.76640529709
0.768777200618
0.770413199831
0.770511506239
0.769116292254
0.767190499893
0.766147470706
0.766976694078
0.769807512076
0.773597835888
0.776631314039
0.77755546822
0.776016173654
0.77290991118
0.769646555052
0.767682072829
0.767502794857
0.768652561247
0.769730701421
0.769507556287
0.767730978261
0.765192158451
0.763304850972
0.7633731695
0.765740521927
0.769449522649
0.77255473463
0.773420036578
0.771390871875
0.767420599986
0.763413804828
0.761273300439
0.762155241028
0.765548567435
0.76971275697
0.772410622724
0.772274419429
0.769569854248
0.765808547863
0.762991446848
0.762382331644
0.763998688477
0.766535116568
0.76790538074
0.766795114149
0.763125542378
0.75820616182
0.753821861767
0.751450884861
0.751287001287
0.752448100274
0.75315716863
0.752095388392
0.749026966917
0.744966905681
0.741538777747
0.740107024779
0.740868857463
0.742870626306
0.744344042838
0.743919457735
0.741243721914
0.737211601846
0.73342568771
0.731260337413
0.731373004547
0.732996308245
0.734582487436
0.734678251606
0.732670956557
0.729299896207
0.725743375362
0.723440421554
0.722983622285
0.723855139382
0.724924800332
0.724919430294
0.723502624535
0.721195177355
0.719018448106
0.718113421818
0.718734376116
0.720322291853
0.721614080275
0.721717117695
0.720459149223
0.718553738069
0.717196819085
0.717342622543
0.719067585815
0.721537807986
0.723426684002
0.723751522533
0.722386927744
0.720054757016
0.717808965799
0.716531956802
0.716369420285
0.716781098546
0.716891011724
0.716254264798
0.715028293196
0.713972010095
0.713845851485
0.714993275822
0.716880727918
0.71849126035
0.71887207432
0.717796443336
0.715999474134
0.714474422905
0.714247696351
0.715281968752
0.716608751392
0.716752437703
0.714721741785
0.710703363914
0.705890382909
0.702111562006
0.700743365291
0.701926113041
0.704279605612
0.705694631586
0.704536587096
0.700563769812
0.695068697412
0.69004847448
0.687264776515
0.687148825818
0.688722130024
0.690007556403
0.689212390014
0.686059314509
0.681664076847
0.677904071506
0.676463358966
0.677732254789
0.680543459328
0.682759097349
0.682776560789
0.680120747549
0.675907835343
0.672088811376
0.670567387743
0.671984811644
0.675463576159
0.679108891371
0.681173594132
0.681077227209
0.679422125982
0.677668584729
0.677145724739
0.678418664938
0.680793887198
0.68302850126
0.684061057863
0.683734453239
0.682634924754
0.681773688332
0.682053975967
0.683392715756
0.685055265074
0.686135262494
0.686108518864
0.685185806841
0.68406779661
0.683509180597
0.683823021085
0.684635181192
0.685108908126
0.684702668628
0.683399042523
0.681603689906
0.680030094583
0.678984668788
0.678394702372
0.677631099117
0.676325861126
0.674388111888
0.672440198366
0.6712293672
0.671140199287
0.67185368192
0.67252366744
0.672090296101
0.670231729055
0.667570204922
0.665358441652
0.664736349903
0.666043434489
0.668519780496
0.670670849077
0.671104675802
0.669592893117
0.666944415512
0.664775479139
0.664419553343
0.666125354157
0.668894017153
0.670954498803
0.671085644538
0.669244737373
0.666733594351
0.665284419623
0.666197466318
0.669399274291
0.673435083709
0.676255370569
0.676559255041
0.674626565745
0.671863450037
0.67030700568
0.671230543919
0.674467210306
0.678518620405
0.681276273172
0.681497858229
0.679420853443
0.676362490812
0.674042914207
0.673685713266
0.67535971223
0.677959966699
0.679983975526
0.680478584798
0.67938025872
0.677371004609
0.675381181189
0.674106802773
0.673689442894
0.67379884198
0.6739582531
0.673648281747
0.672668206192
0.670679718955
0.667737840197
0.664099408472
0.660487225193
0.657890575585
0.657210682493
0.658813714195
0.662246365234
0.665811931568
0.667613181891
0.666388590951
0.662571856052
0.65785976706
0.654556074766
0.654403176828
0.657436616427
0.661952678814
0.665341873746
0.665584415584
0.662595939355
0.6582463779
0.655057608858
0.655156950673
0.658858634838
0.66444023897
0.669021079351
0.670504226173
0.668751581764
0.665321999712
0.662479303146
0.662000719683
0.664095296186
0.667201311662
0.669305251255
0.669274213351
0.667529016921
0.665616908111
0.665285919893
0.667358570222
0.671024884015
0.674286714511
0.675461833391
0.674099843451
0.671198020147
0.668394326738
0.667417390998
0.668795201976
0.671687597009
0.674407950381
0.675731922399
0.675240929705
0.673497072683
0.671453766692
0.670071353544
0.669683093473
0.66997961264
0.670414719626
0.670546763118
0.670260856677
0.669636840135
0.668946234934
0.668492108766
0.668462273161
0.66908574281
0.670381549416
0.671974023942
0.673268895579
0.673224875781
0.671219591045
0.6674929898
0.663290725691
0.660240072351
0.659570936553
0.661239561915
0.663782866836
0.664971147681
0.663202198935
0.658437809659
0.652454054054
0.648010437052
0.646930016642
0.649486354217
0.653539470187
0.656069620815
0.6550360032
0.650549841948
0.644684555967
0.640655796452
0.640658650395
0.644565899113
0.649823841591
0.653226879574
0.652748320961
0.648624784778
0.6429550378
0.638806498738
0.638293168251
0.641627405222
0.646765298083
0.651075690271
0.652853792025
0.651964401997
0.649590075044
0.647475795297
0.646786235304
0.647668834205
0.64927951462
0.650814932752
0.651799523471
0.652498851822
0.653413821815
0.654956967891
0.657025641026
0.65938224881
0.661659919028
0.663715740965
0.665440135862
0.666653199741
0.667055557791
0.666653354633
0.66579531052
0.665197544467
0.665712493138
0.667789045065
0.67097908931
0.674104361371
0.675818005808
0.675673595073
0.674318782815
0.673257103522
0.673836631772
0.676405522923
0.679995438823
0.682709042754
0.683278045838
0.681540894713
0.678951339117
0.677471820864
0.678492995078
0.68179242075
0.685572438694
0.687811271298
0.687478969604
0.685062380578
0.682271478568
0.680887243047
0.681857753889
0.68451908166
0.687070462956
0.687967086888
0.686916417798
0.684621507903
0.682726650961
0.68231445201
0.683569361961
0.685533391815
0.686863270777
0.686755809025
0.685016476061
0.682532887055
0.68051280053
0.679956350598
0.680978960927
0.683203262873
0.685801201011
0.687967829272
0.688971648246
0.688720173536
0.687600644122
0.68667394204
0.687013886061
0.68919697219
0.692959853711
0.697119410484
0.699974777199
0.700682852807
0.699496125672
0.697716115261
0.696905614777
0.697810346332
0.699815433292
0.70117781993
0.700305134215
0.696876804834
0.692114695341
0.68821930222
0.686927445951
0.688356638516
0.690693472924
0.691360891779
0.688911704312
0.683843945597
0.67838454952
0.675266647449
0.676001160766
0.67957866123
0.683408028059
0.685167933317
0.684273114657
0.681918522978
0.680584445234
0.682173713
0.686674546482
0.69227984901
0.6966720652
0.698266263719
0.69677210756
0.693307839388
0.689649470899
0.687302555007
0.686841077704
0.687810103744
0.689678859694
0.691605096283
0.692770019445
0.69264557488
0.690803981167
0.687698484031
0.684242387554
0.681807006761
0.681309754421
0.682630178639
0.68443592202
0.684958826557
0.683551692827
0.680895777238
0.679033764847
0.679590591744
0.682657889323
0.686051650325
0.686871702305
0.68356308166
0.677162286605
0.670887259131
0.668571845156
0.672051565378
0.679273726422
0.685861009071
0.688146289538
0.684964385259
0.678584377709
0.673437624711
0.67332209377
0.678255617299
0.685005271268
0.68962962963
0.689761264291
0.685673819742
0.680363668001
0.677763215378
0.679505331236
0.684275680421
0.689132176235
0.691326484226
0.68924291686
0.683425986997
0.676311801478
0.67093221948
0.66887613582
0.670715328467
