1.22796879515
1.22962269585
1.22991569998
1.22410829394
1.21171424554
1.19837086727
1.19120101475
1.19418497566
1.2057955812
1.21992382453
1.22825162008
1.22610211063
1.21571473651
1.20408415078
1.19656407455
1.19442605189
1.19491170308
1.19422027059
1.19108615547
1.18761143383
1.1870246339
1.1909167842
1.19732762023
1.20174500422
1.2002678422
1.19309890833
1.18502392087
1.18145289204
1.1847467393
1.19312252139
1.20166276955
1.20550553126
1.20303797468
1.19683707977
1.1906769276
1.18708078157
1.18550766701
1.18443194384
1.18260910906
1.18069526973
1.18067188219
1.18348248762
1.18793367577
1.19086430811
1.18965747035
1.18410078574
1.17737677961
1.17400965771
1.17630351844
1.18327634967
1.19074828789
1.19429760666
1.19215316497
1.18668170648
1.18195894708
1.18086237448
1.18339616714
1.18691442236
1.1882550074
1.18623450612
1.18270688087
1.18059601165
1.18150216338
1.18460066954
1.18721377542
1.18701790132
1.18381373925
1.17989699876
1.17811874583
1.17971499251
1.1834512415
1.18671912749
1.18734159874
1.1856005421
1.18353879137
1.1834003122
1.18558201058
1.18824073157
1.18867924528
1.18566146396
1.18052856588
1.17658545955
1.1764258314
1.18012285399
1.18509803922
1.1877792009
1.18620175738
1.18149597806
1.17690823918
1.17553759341
1.17799372468
1.18206984668
1.18441133721
1.18299927988
1.17880441229
1.17495525629
1.17419956844
1.1771609972
1.18180227472
1.18508255061
1.18495042596
1.18219910418
1.17956007351
1.17958179582
1.18268598702
1.18693539165
1.18946076332
1.18869693698
1.18584170712
1.18349421933
1.18406762582
1.18749124331
1.19147441481
1.19285553429
1.18993643472
1.18393964042
1.17809483844
1.17555437488
1.17713293373
1.18121087939
1.18481801842
1.18586849853
1.18458525668
1.18286545129
1.18258017493
1.18388214416
1.1850667723
1.18390478889
1.17970186406
1.17401850181
1.16974804126
1.16911806302
1.17213371712
1.1763928017
1.17853525854
1.17672839148
1.17191494306
1.16712249054
1.16522959109
1.16696604729
1.17049131661
1.17262491414
1.17117953633
1.16662168241
1.16181599519
1.15972054198
1.16163589196
1.1662352071
1.17056357708
1.17209766441
1.17067908954
1.168451465
1.16800228057
1.17060106485
1.17495611469
1.1781573329
1.17757749827
1.17312140638
1.16725072732
1.16334859646
1.16335540839
1.16675681157
1.17081996313
1.17244340627
1.17035786863
1.16601703977
1.16240528665
1.16194022061
1.16517747644
1.17030121543
1.17462502206
1.17646851545
1.17649954293
1.17689873418
1.17987084024
1.18555054824
1.19227480046
1.1968077526
1.19705725935
1.19329062236
1.18798544539
1.18399302528
1.18318935488
1.18540283042
1.18883852887
1.19143023774
1.19215086646
1.19160707057
1.19101425881
1.19103654641
1.19129646419
1.19056673004
1.18811099042
1.18428543702
1.18084327765
1.17939519809
1.18070252332
1.18406000938
1.18757791075
1.18927610625
1.18857439467
1.18660805684
1.18514217657
1.18541105421
1.18711203074
1.1886831458
1.18843563425
1.18545189504
1.18084063653
1.17633794777
1.17334430509
1.17182101388
1.17065232772
1.16851491295
1.16528856126
1.16242949626
1.16214202947
1.16581780139
1.17306629834
1.1811308167
1.18630052798
1.18576379185
1.17965705378
1.17115320705
1.16444223383
1.1623216512
1.16522151281
1.17096511661
1.17608469184
1.17803094233
1.17674288119
1.17405205295
1.17229034531
1.17258275882
1.17427697281
1.17540428513
1.17409442111
1.17015452539
1.16508142171
1.16110077657
1.1599524305
1.16153153153
1.16453276699
1.16682461557
1.1671680275
1.16595391195
1.16458314041
1.1646222167
1.16654140048
1.16939252336
1.17138504507
1.17091844839
1.16783482922
1.1633570863
1.15917668326
1.1567109497
1.15627802691
1.1571644236
1.15817977888
1.15837363197
1.15766915635
1.15655571183
1.15552031838
1.1545592658
1.15329685616
1.15135218193
1.14872185027
1.14607011847
1.14421218519
1.14340502109
1.14322641288
1.1424303664
1.13976332051
1.13482594251
1.12857672667
1.12293097624
1.11947198396
1.11897711233
1.12092098725
1.123897221
1.12628108257
1.12711841279
1.12649087221
1.12533862618
1.12444290251
1.12411347518
1.12400181609
1.12367245392
1.12314809863
1.12301576715
1.12408526038
1.1267459494
1.13037559061
1.13363238336
1.13491805939
1.13360874056
1.13056153448
1.1278546288
1.12746278459
1.13010548349
1.13467048711
1.1387325529
1.13984821352
1.13696317702
1.13146712604
1.12619123024
1.12394015684
1.1257918552
1.13089190786
1.1365917782
1.14027053897
1.14077479058
1.13917463391
1.1380332829
1.13952571567
1.14419384334
1.15047829286
1.15543658852
1.15640261695
1.15293579381
1.14701706691
1.14176623843
1.13972823172
1.14145804185
1.14545671144
1.14878686965
1.14876643522
1.14471953465
1.13810623557
1.13175260677
1.12792414263
1.12749624678
1.12958822697
1.13207121293
1.13308496036
1.13183128256
1.12917899814
1.1266576087
1.12541959935
1.12574801657
1.12686142078
1.12781199967
1.12802599513
1.12779216575
1.12804024968
1.12952293776
1.13218111003
1.13511672887
1.13702200033
1.1370587749
1.13555813183
1.13393375142
1.13371931963
1.13564756727
1.13917990312
1.14266590715
1.14424956872
1.1431256325
1.14009213919
1.13733793544
1.13675636364
1.13925904232
1.14407005295
1.14906535068
1.152024377
1.15178138633
1.14920490686
1.14648661712
1.14593503285
1.14838787368
1.15284552846
1.15686038463
1.15770845831
1.15417373954
1.14727219109
1.13972498759
1.1344878515
1.13354269909
1.13681277647
1.14249713631
1.14800672499
1.15122199593
1.1516604959
1.15027565852
1.14887718325
1.14877589454
1.1501940133
1.15238306485
1.15424854691
1.15498938429
1.1549616853
1.15517950687
1.15667885922
1.1599102841
1.16438968513
1.16887799656
1.17211489434
1.17364129663
1.17397494305
1.1741529664
1.17510445181
1.17701048951
1.17917096917
1.18049217002
1.18015147872
1.17824262731
1.17566381059
1.17366580508
1.17309930773
1.17400315526
1.17575378847
1.17747569149
1.17866826408
1.17962980422
1.18128728022
1.18443920303
1.18914407592
1.19440671688
1.19861745464
1.20008627064
1.19828299862
1.1941201508
1.18978848873
1.18745345685
1.18828884751
1.19181788771
1.19642386047
1.2
1.20120390834
1.20006939826
1.19797509132
1.19678853047
1.19759105248
1.2003739931
1.20392530928
1.20659717181
1.20735366955
1.20647347511
1.20524094267
1.20531792589
1.20773004311
1.21224048313
1.21756953723
1.22193291469
1.22417087905
1.22440640188
1.22394974968
1.22431865828
1.22660860235
1.23055360897
1.23475414045
1.23733453573
1.23705108832
1.2340078642
1.22958730159
1.22561091116
1.22333123426
1.22301592297
1.22397635071
1.22490047958
1.22479462285
1.22366962306
1.22243884607
1.22247734139
1.22439215214
1.22804008305
1.23220691526
1.23527460265
1.23613617226
1.23507429221
1.23365707327
1.23368632787
1.23654768247
1.24224933056
1.24957270083
1.25653106218
1.26127300846
1.26329206118
1.26352991142
1.26362973318
1.26501712748
1.26798255112
1.27167430473
1.27452977308
1.27510762706
1.27333978079
1.27045644756
1.26851495315
1.26908904483
1.27254045723
1.27790866548
1.28322461299
1.28634647924
1.28630772726
1.28374549201
1.28073528943
1.2793440555
1.28080668901
1.28482237623
1.28997535178
1.29424606269
1.29623292998
1.2958230198
1.29437069813
1.29375114532
1.29513487183
1.29867202729
1.30316175347
1.30704147635
1.308982551
1.30897581661
1.30810345887
1.30786738021
1.30922069093
1.31201496026
1.31497825128
1.3164472216
1.31513942942
1.31138479441
1.30679316151
1.3035465587
1.30319045457
1.30565129739
1.30955334988
1.31262899263
1.31277648524
1.30931871574
1.30350093833
1.297809658
1.29452619561
1.29467518972
1.29757015206
1.30118787121
1.30312937879
1.30205079031
1.29826281442
1.29393755684
1.29154151147
1.29270260579
1.29736834244
1.30368327989
1.30888728324
1.31067081458
1.30825954245
1.30315103223
1.29813346199
1.29567082565
1.29693341033
1.3011966861
1.30618447987
1.30920867361
1.30849258235
1.30422623723
1.29840603764
1.29354506598
1.291431775
1.29215129876
1.29427954837
1.29542676237
1.29360210342
1.28814824027
1.28074381435
1.27420723943
1.2710540492
1.27243086226
1.27750758983
1.28403445336
1.28898799918
1.29012634534
1.28723528043
1.28192012022
1.27711189675
1.27529330771
1.27745980615
1.28290902772
1.28948599497
1.29475486289
1.2971180442
1.29667274521
1.29507409852
1.29467726397
1.29704138432
1.3023836342
1.30939903772
1.31583649077
1.31968022717
1.31997165393
1.31738877135
1.31361794192
1.31025291534
1.3082278481
1.30709677419
1.30564843563
1.30256957411
1.29749713917
1.29135616319
1.28618109898
1.28405410013
1.2861709953
1.29231640017
1.30074974441
1.30894726334
1.31441809913
1.31623075602
1.31526431655
1.31367223239
1.31390211716
1.31717896076
1.32336415779
1.33065377314
1.33646486779
1.33868383664
1.33664235344
1.33186561313
1.32682561104
1.3238717765
1.32411985465
1.32708469929
1.33092537313
1.33316419425
1.33198585144
1.32703976436
1.31978248859
1.31271329835
1.30784924908
1.30615514334
1.30697309856
1.30860434552
1.30927546769
1.30777184697
1.30432720475
1.30054309985
1.29826222569
1.2988489691
1.30224184974
1.30720958628
1.31169166356
1.31373739125
1.31265962387
1.30924662505
1.3055974041
1.30371697786
1.30486008837
1.30870193698
1.31359026369
1.31726359784
1.31766922742
1.31406245495
1.30767912239
1.30111566163
1.29685186737
1.29652402714
1.29988701188
1.3051681932
1.30963378423
1.31084979531
1.30767965344
1.30093187222
1.29293011851
1.28630140715
1.28281036835
1.28280803866
1.28509707259
1.28776314686
1.28888638413
1.28769683924
1.2846682182
1.28151343987
1.27985476825
1.28072811818
1.28371789784
1.2873849639
1.28954423592
1.28864910314
1.28435532629
1.27780971937
1.27116491475
1.26653660101
1.26500238765
1.26636527073
1.26914539401
1.27127518908
1.27097883598
1.26777357692
1.26263933647
1.25756494622
1.2544629831
1.25439135898
1.25690405994
1.26027359706
1.26207394249
1.26023907505
1.25426870366
1.24539670973
1.23631244425
1.22964399501
1.22701585114
1.22859341928
1.23280902578
1.23723517965
1.23924320192
1.23723072754
1.2313546831
1.22341860896
1.21589691314
1.21078266276
1.20884394107
1.20943678695
1.21092454395
1.21139418568
1.20956594586
1.20556621377
1.20065902201
1.19694204164
1.19600648746
1.1984413915
1.2034795764
1.20926556752
1.21359596181
1.21472983383
1.21218447002
1.20695495397
1.20103008946
1.19629988168
1.19386883145
1.19352011685
1.19386217652
1.19304613119
1.18947946065
1.18282440769
1.17414431082
1.16546799286
1.15893854749
1.15587219344
1.15638479798
1.15926173806
1.16247205034
1.16390259263
1.16242139196
1.15812373979
1.15251083287
1.14764832708
1.14510452218
1.14539281991
1.1477967192
1.15047240713
1.15119924963
1.14834652384
1.14154503946
1.13206415439
1.12210396103
1.11395087576
1.10913525048
1.10799898426
1.10959392673
1.11204976576
1.11340259206
1.11236882139
1.10884599505
1.10404892777
1.0997520405
1.09741689769
1.09764994008
1.10004461591
1.10316935846
1.10527294461
1.10495665585
1.10165898129
1.09610526316
1.08980645834
1.08437629293
1.08099224488
1.07981700616
1.08019060239
1.08075749873
1.08006689133
1.07725094578
1.07232783267
1.06638559026
1.06072965109
1.05661973232
1.0545104799
1.054132273
1.05440190902
1.05401325384
1.05184918471
1.04757244044
1.04174592566
1.03550311004
1.03013245033
1.02652667884
1.02474534287
1.02427894312
1.02398672433
1.02269084352
1.01957317529
1.0146604366
1.00880873512
1.00324326961
0.999173634066
0.997179674204
0.997168867303
0.998354657302
0.999431270246
0.999278463376
0.997300337458
0.99370517129
0.989287330886
0.985216579631
0.982341018495
0.981001859067
0.980855855856
0.980925731009
0.979963570128
0.976960171459
0.971681907745
0.964783638858
0.957531143828
0.951388888889
0.947355670228
0.945803264397
0.946373850868
0.948141978786
0.949899997531
0.950550679959
0.949685220346
0.947564979823
0.945074281692
0.943119590178
0.942295980512
0.94258629941
0.943473898166
0.943772297192
0.942422596415
0.938569627094
0.93230784903
0.924569993723
0.916720257235
0.91021165442
0.905932449434
0.904200708553
0.904655089243
0.906475517024
0.908588538877
0.910040357099
0.910358028024
0.909611743588
0.908396758541
0.907368992937
0.906838920849
0.906824245144
0.906829182655
0.906216141306
0.90422819639
0.900521449984
0.895374752711
0.889498510427
0.883964584358
0.879677970237
0.877214698316
0.876578213983
0.877142302277
0.878015497831
0.878258315589
0.87722057053
0.874861381503
0.871732793122
0.868739933094
0.86679445371
0.866427801859
0.867710569516
0.870117635077
0.872757560226
0.874649733926
0.874900521141
0.873248423901
0.870104240461
0.866157123168
0.862427285835
0.859543193685
0.857874424818
0.857235093993
0.857121431785
0.856865806972
0.855936287316
0.854242648372
0.8520899498
0.850190250926
0.849169658307
0.849514058521
0.851186422922
0.853723615037
0.856302095816
0.85778932148
0.857334406007
0.854465741706
0.849459796661
0.84319760101
0.836731501278
0.831243198425
0.827424818349
0.825447852125
0.825069158098
0.825589970501
0.826200292592
0.826207155702
0.825186546988
0.823270354764
0.820887372014
0.818602993585
0.816965391922
0.816202909775
0.816234686224
0.816811125665
0.817415808711
0.817566438242
0.817001442681
0.815753897089
0.814143021788
0.812693117497
0.811830308332
0.811853761553
0.812822707568
0.814469175697
0.816394825647
0.818202444766
0.819435325016
0.819962151623
0.819807388242
0.819223681179
0.818354813597
0.817386534242
0.816389651684
0.815332118794
0.814106637398
0.812667338419
0.81111811204
0.809701386319
0.808823945856
0.808853857672
0.81008322482
0.812532071384
0.816099910588
0.820382240173
0.824843982169
0.828901803728
0.832117897296
0.834350213545
0.835756744399
0.83670866859
0.837672929378
0.838976425307
0.840665766982
0.842665307835
0.844605136822
0.846128421622
0.846882328182
0.846819246711
0.846255282165
0.845689165346
0.845579004006
0.846232240273
0.847671927336
0.849538095674
0.85126416201
0.852142388349
0.851661354959
0.849619530755
0.846234243365
0.842217886588
0.838458422906
0.835762487289
0.834457500382
0.834632533592
0.83593158771
0.837675533044
0.839194295466
0.839836924869
0.839374884409
0.837847877906
0.835765290283
0.833753305335
0.832299491911
0.831645727858
0.831843698059
0.832530461887
0.833254336904
0.833591944013
0.833391381439
0.832617619198
0.831772470145
0.831410797462
0.832155422024
0.834292289988
0.837700417992
0.841794420709
0.84579009172
0.848630774664
0.849375506894
0.847730169624
0.843906757156
0.838845952319
0.833865918873
0.83025842223
0.828848883727
0.829998069622
0.833397695823
0.838229597107
0.84328358209
0.847267982385
0.849172809173
0.848624154462
0.846037587068
0.842489157577
0.839154169955
0.837088845634
0.836702180623
0.837919260896
0.840155484198
0.842491217299
0.843973091708
0.843791905924
0.841724646125
0.838174273859
0.83410200303
0.830579063104
0.828606373132
0.828612830984
0.830656597302
0.834135014099
0.838164412907
0.841632018389
0.843549706805
0.843445769916
0.841333608021
0.837902673064
0.834055621908
0.83070237974
0.828574325009
0.827825501095
0.828320549051
0.829603957065
0.831003940323
0.831873020152
0.83197978096
0.831318403772
0.830399515331
0.829914788993
0.83037795116
0.832167357196
0.835244190424
0.839093953938
0.843076494551
0.846355899555
0.848310467034
0.848659808244
0.847597206296
0.845830895764
0.844314233154
0.843796458981
0.844888485215
0.847668079952
0.851819288516
0.856582671259
0.861053719008
0.8642666018
0.865601175072
0.864841175233
0.862474616623
0.85921433302
0.856053780581
0.853726611764
0.852720096104
0.853069198341
0.854515509196
0.856513508863
0.858386595267
0.859633918048
0.860141075089
0.859995130265
0.859941540817
0.860554994603
0.862423714037
0.865652325988
0.870108886547
0.875216148498
0.880137471655
0.884004970708
0.886038673053
0.885841521171
0.883683360258
0.880285863692
0.876588964705
0.873520378231
0.87181435182
0.871766380777
0.873062627113
0.875181989276
0.877208130959
0.878146369853
0.877412031782
0.874793827658
0.870694687682
0.866034937972
0.861973947896
0.859405449456
0.858952256975
0.860771929825
0.864566486182
0.869737493809
0.875450683611
0.880749819755
0.885005636979
0.887860044651
0.88946827262
0.890366669116
0.89115920763
0.892454625293
0.894542799781
0.89735461303
0.900546050237
0.903562720623
0.905773638447
0.906662305092
0.906211450548
0.904810163234
0.903116310981
0.902106478142
0.90247689197
0.904616945713
0.908361594282
0.913180915974
0.918201697491
0.922327560466
0.924622362158
0.924591270436
0.922280760752
0.918593860203
0.914769797422
0.912310224986
0.912238501348
0.915207877462
0.921186782558
0.929478869588
0.938972243061
0.948084524171
0.955378761674
0.959510722304
0.960128767017
0.957659887093
0.953407083045
0.949051139395
0.946183249442
0.945816522756
0.948526359485
0.953933138542
0.961270303402
0.969068568549
0.975761854336
0.979961983209
0.981035101
0.979201596806
0.97533078272
0.971017945053
0.967778919902
0.966766537885
0.968700725323
0.973503124258
0.980577114428
0.988758631765
0.996595330739
1.00286263444
1.00654886939
1.0076986755
1.00697471665
1.0055322158
1.00479246541
1.00585088599
1.0093171612
1.01523914053
1.02308182784
1.03168350745
1.03982072057
1.04603525183
1.04968944099
1.05061969993
1.04959972155
1.04790940767
1.04690775681
1.04768805164
1.05100053126
1.05681055692
1.06456721415
1.07319639508
1.08119086084
1.08717044189
1.09035948472
1.09061353397
1.08886316277
1.08645852577
1.08485687904
1.08537545745
1.08884220355
1.09512563763
1.10371754336
1.1132662486
1.12224902762
1.12892332141
1.13215068766
1.13180800796
1.12874029378
1.1245273754
1.12109527528
1.12006426798
1.12235833862
1.12823413674
1.13708793945
1.14747056148
1.15766528184
1.16542094882
1.16916644892
1.16813094865
1.16285967012
1.15502836514
1.14701526834
1.14096849357
1.13844601413
1.14050338623
1.14700341158
1.15714064835
1.16909803922
1.18069031334
1.18940489582
1.19362995642
1.19290429929
1.18811881188
1.18139265804
1.17500778735
1.17116006779
1.17139504031
1.17634759549
1.18569597539
1.19823925427
1.21204970898
1.22449196159
1.23317642024
1.23626226344
1.23357703186
1.22647586862
1.21705870108
1.20786804631
1.20109079891
1.19788127124
1.19879727648
1.20325001242
1.21008235588
1.21740223183
1.22287479115
1.22463620637
1.22149803962
1.21380394543
1.20281619311
1.1908290645
1.18004423691
1.17225276062
1.16848560943
1.16898493526
1.17306488127
1.17943509383
1.18607705779
1.19097935623
1.19223596388
1.18902080063
1.18163614164
1.17134273392
1.15995010555
1.14953226649
1.14157292794
1.13706961078
1.13611759216
1.13818555545
1.14216031143
1.14639437815
1.14895937041
1.14857795111
1.14442647898
1.13676630821
1.12686988428
1.11645144748
1.10722696837
1.10051747035
1.09719124141
1.09729410696
1.10031803726
1.10511195221
1.11022972167
1.11381139036
1.11452785625
1.11149761143
1.10499027868
1.0959793672
1.08607213055
1.07698930578
1.07013838965
1.06643465846
1.06602726344
1.06850104125
1.07296099291
1.07800977343
1.08210085531
1.08382805874
1.08239967861
1.07766947078
1.07040446057
1.06201176161
1.05406345067
1.04806161525
1.04511727079
1.04569903858
1.04968996499
1.05624368049
1.06419773916
1.07180311231
1.07745135444
1.07979287806
1.07812301301
1.07273725093
1.06444444444
1.05473815461
1.04507471288
1.03695545766
1.03125632617
1.02841023574
1.02828632358
1.03001974453
1.03259462957
1.0345247766
1.03444059507
1.03154200841
1.02557003257
1.01716668691
1.00750672394
0.998013350286
0.990091223655
0.984723900082
0.982454101789
0.983267640467
0.986682668112
0.991709481551
0.997057785101
1.00138487714
1.00346779337
1.0026026026
0.998878205128
0.99293356755
0.986043929902
0.979683263253
0.975075940494
0.972978197
0.973783492455
0.977213240955
0.982572742378
0.988830077061
0.994464075383
0.998297501683
0.999322924964
0.997087456112
0.991926824418
0.985005721501
0.977644258905
0.971339419854
0.967263037686
0.966124712362
0.968197349153
0.973106971154
0.980141201344
0.988193624557
0.995844075884
1.0017483876
1.00481070088
1.00446743475
1.00085917363
0.99484915379
0.987675584644
0.980621765572
0.974887122654
0.971093778878
0.969556585043
0.97005988024
0.971992924528
0.974569988138
0.976819708847
0.977843704232
0.976938729369
0.973928113933
0.969039666754
0.962958822433
0.95666629724
0.951212365394
0.947393313203
0.945668720551
0.946214345258
0.948827059465
0.952898550725
0.957841546179
0.962713754647
0.966661677767
0.969003606853
0.969229611797
0.967253745916
0.963379965587
0.958286819975
0.95288326301
0.948150058962
0.944869156131
0.943475226797
0.944289181437
0.947092873207
0.951461339253
0.956741301845
0.962111616124
0.966649238124
0.969413700269
0.969908791866
0.96795134873
0.963785090165
0.95807275284
0.951722107742
0.945728496197
0.940896368725
0.937927045298
0.937169193101
0.938562138469
0.941785252264
0.946033575906
0.950142913998
0.953049423573
0.953630284649
0.951112251255
0.945358595668
0.936856328975
0.926524987307
0.915843540103
0.906035738392
0.898274104538
0.893214372844
0.891189014876
0.891841330331
0.894515501182
0.898236899181
0.901774062709
0.904045790671
0.904068935927
0.901379186817
0.896102040087
0.888904658837
0.880770041453
0.872898429901
0.866222115285
0.861531642117
0.859126243253
0.858950868621
0.860721579306
0.863802841006
0.867518864349
0.870992339954
0.873612416049
0.874760494687
0.874226302246
0.871975073568
0.868405657456
0.864054432933
0.85951255991
0.855344635062
0.851956815115
0.849610888387
0.84834298801
0.847993801166
0.848440923647
0.849244366482
0.849994935683
0.850243341895
0.849480559034
0.847292810192
0.843467055512
0.838103635377
0.831577877874
0.824419232847
0.817448581799
0.81134974448
0.806828361923
0.804327034069
0.804046508573
0.805925585668
0.809440789474
0.814005824729
0.818749374019
0.822730184417
0.825152226418
0.825472343921
0.823485030351
0.819487670577
0.814087759815
0.808274470232
0.802796271638
0.798449356648
0.795650605176
0.794551051149
0.794964383022
0.796499917451
0.798575754551
0.800516483885
0.801707555766
0.801659048586
0.80008125402
0.796996287546
0.792554798429
0.787193596798
0.781319373116
0.775442295654
0.769924565431
0.76510966561
0.761190623676
0.758261774655
0.75636115799
0.75553108095
0.755500194124
0.756058890147
0.756807572614
0.757206064155
0.756815952926
0.755257623554
0.752475247525
0.748527952365
0.743833895391
0.739012980167
0.734796135582
0.73176363459
0.730446024564
0.731040479181
0.733556657863
0.737598291428
0.742624020888
0.747813747814
0.752345027873
0.755265729788
0.755947136564
0.754042235856
0.749704880434
0.743383237535
0.735812908767
0.727925575322
0.720475621183
0.714074929433
0.709109499313
0.705747126437
0.703974928848
0.703565931247
0.704194544519
0.705483870968
0.70683912692
0.707781054542
0.707683813978
0.706066128612
0.702699178511
0.697628136113
0.691181744091
0.683936813365
0.676752982252
0.670259865255
0.665108588508
0.661718356026
0.660095130805
0.660235631467
0.661731704276
0.664100397459
0.666866349276
0.669466984885
0.671376730145
0.672337947988
0.672089096695
0.670660043505
0.66814388303
0.664727062303
0.660666411337
0.656217312752
0.651713375997
0.647430258859
0.643594166536
0.640445210848
0.638143036386
0.636845905139
0.636606441477
0.63728482865
0.638485804416
0.639670729777
0.640203562341
0.639443822918
0.636944310705
0.632635337258
0.626759205707
0.619907910725
0.612867425564
0.606455053008
0.601389061143
0.597974528157
0.596435100548
0.596621806361
0.598198801229
0.600776972255
0.603798014674
0.606851955481
0.609470420594
0.611382165004
0.61239429509
0.612299633977
0.61107085473
0.608676516819
0.60518885682
0.600764267368
0.595751337484
0.590580955655
0.58560554065
0.581349761971
0.578227706809
0.576468044358
0.576087960824
0.576992892964
0.578718683554
0.58081089446
0.582660976294
0.58380668445
0.583875655525
0.582719888311
0.580376711241
0.577168023827
0.573427454935
0.569497465423
0.565713043208
0.562305151712
0.559457964602
0.557203714487
0.555592971285
0.554610276341
0.554362128584
0.554773561812
0.555749395525
0.557015931373
0.558175955781
0.558720177548
0.558171230331
0.556181699306
0.552606901725
0.547500547782
0.541399881313
0.534927041292
0.528794684058
0.523587776966
0.519746949842
0.517288783957
0.51617126365
0.516075305594
0.516646778043
0.517544385797
0.51847606407
0.519294310225
0.519917290032
0.520261835896
0.52024476376
0.519700611556
0.518416010219
0.516274259293
0.513130268083
0.509142352977
0.50458632001
0.499924359323
0.495655050065
0.492258122259
0.490012724529
0.489065255732
0.489208422409
0.490144392701
0.491413784992
0.492597856339
0.493327362293
0.49351509133
0.493007204698
0.491997448902
0.490564891063
0.48875739645
0.486588762412
0.483991784463
0.480871845889
0.477291196388
0.473311105103
0.46924597233
0.465468419327
0.462443331654
0.46045813214
0.459670805998
0.459974883911
0.461005756363
0.462285462814
0.463215097906
0.463335515743
0.462344976335
0.46026400457
0.457347325375
0.453968063753
0.450547814696
0.447370754633
0.444545588019
0.442100341875
0.439938233837
0.438049234709
0.436465695256
0.435314634501
0.434762416185
0.435069826737
0.436337335455
0.438436614014
0.441048541437
0.443709381284
0.445801168217
0.446828026985
0.446457842816
0.444597508385
0.441475483581
0.437511222841
0.433171487296
0.428791377983
0.424598269468
0.420590302178
0.416771182733
0.413085199186
0.409683966367
0.406721377796
0.4045364267
0.40346953405
0.403711965225
0.405157380142
0.407488102746
0.410132933476
0.412469117861
0.413850707775
0.413944705084
0.412602528797
0.410141795684
0.406995605627
0.403641481221
0.400431197739
0.397513547976
0.394843217647
0.392290184102
0.389622343026
0.386864455411
0.384107663295
0.381731424676
0.380155729843
0.379670144732
0.380411679159
0.382119056952
0.384336026576
0.386450110739
0.387883826945
0.388256042558
0.387382675152
0.385532707018
0.383100307478
0.380553711135
0.37814546708
0.375965886326
0.373836046844
0.371560680443
0.368922348647
0.365807882614
0.362415538153
0.359106577362
0.356429601686
0.354830732029
0.35447394297
0.355291164111
0.356954876912
0.358948824343
0.36070389436
0.361705737635
0.361745176826
0.36081324526
0.359175858719
0.357087926173
0.354865248227
0.352581867541
0.350254093732
0.347838356474
0.345237087811
0.342540969758
0.339895123524
0.337521941434
0.335720606128
0.334688160822
0.334500109385
0.3350097029
0.336011847626
0.337150899658
0.338133896797
0.338773339305
0.339045046566
0.339063911472
0.338992642898
0.338950832695
0.33886863393
0.338650552724
0.33815520272
0.337167192977
0.335667383346
0.333739731197
0.331580771897
0.329472809105
0.327601887114
0.326130497334
0.325124950862
0.324509254066
0.324167953939
0.323998422269
0.324025662041
0.324269204623
0.324825591288
0.325677785664
0.326770981508
0.327809839438
0.328512277877
0.328571014577
0.32772716655
0.326014207714
0.323561410215
0.320777963566
0.318017387245
0.31558362546
0.31356859133
0.311894803186
0.310415773682
0.308954925637
0.307321525342
0.305581646885
0.303819001446
0.302368866328
0.301523184381
0.301400497582
0.302001229806
0.303128068453
0.304480479123
0.305787478984
0.306790425012
0.307365193242
0.30754481276
0.307340651661
0.306837731448
0.305969277495
0.304697790136
0.302963615023
0.300664158928
0.297927309025
0.294961716056
0.292074902893
0.28962391348
0.287847389786
0.286816249543
0.286466945044
0.286606717651
0.286998539162
0.287467554452
0.287898955
0.288381860492
0.288999290277
0.289886747467
0.290995368397
0.292200199629
0.293219268531
0.293744569939
0.293533210602
0.292479034868
0.290582575847
0.288095588885
0.285321531157
0.282561759828
0.280021957068
0.277801402138
0.275903441956
0.27430972389
0.273002825584
0.271993166287
0.271354816748
0.271140598532
0.271394440228
0.272066945138
0.273064520652
0.274237650501
0.275440531749
0.276579756347
0.277600572656
0.278466628308
0.279148739569
0.279546837424
0.279515969515
0.278897527328
0.277591373839
0.275571032285
0.272969775832
0.270035440047
0.267093740817
0.264401096338
0.26210803156
0.260252293578
0.258734682246
0.257449889274
0.256338706479
0.255412932229
0.254781235904
0.254617177191
0.255031305903
0.256033882248
0.257488716777
0.259164265936
0.260796143328
0.262152382038
0.263100864553
0.263629483
0.263804886634
0.263719709923
0.263413696199
0.262827893175
0.261884623403
0.260509001735
0.258725537279
0.256679395051
0.25460686301
0.252748073362
0.251295352146
0.25026302642
0.249558115794
0.249045325286
0.248574570924
0.248134652091
0.247803087241
0.247755679358
0.248160515862
0.249047400436
0.250269125057
0.251538329323
0.252512729051
0.252942881155
0.252760718255
0.252119656607
0.251364513734
0.250822652757
0.250640317621
0.250687182552
0.250642042563
0.250118650686
0.248850054328
0.246791160154
0.244192686186
0.241483075245
0.239157787009
0.237501862725
0.236507842906
0.235931520056
0.235409407666
0.234680524594
0.233667920162
0.232562375322
0.231765181251
0.231667673542
0.232439248051
0.233915404401
0.235644866225
0.237082520372
0.237816364267
0.237695938465
0.236911194643
0.235874412972
0.235047116695
0.234613558115
0.234432125554
0.234089283586
0.233140822311
0.231312766853
0.22869475972
0.225736738703
0.223136083967
0.221499729941
0.221075070061
0.221662961316
0.222755605447
0.22375653098
0.224248692415
0.224132422118
0.223697285148
0.22349957236
0.224064830583
0.225577316574
0.227778749708
0.230105048147
0.231922998037
0.232812315678
0.23273526616
0.232070676872
0.231447202356
0.231382015691
0.232016972269
0.2330184079
0.23378552575
0.233704494139
0.232470566249
0.230241291897
0.227562856605
0.225177738106
0.223610460212
0.222967118591
0.222914851239
0.222867095891
0.222314434912
0.221019819485
0.219184341329
0.217398368999
0.216331620085
0.216431116748
0.217675355521
0.21965342223
0.221742531364
0.223372664997
0.224272226593
0.224584798157
0.224777848543
0.225327179425
0.226483225158
0.228088853435
0.229683577649
0.230707476167
0.230764838372
0.229845966631
0.228343918244
0.226882591093
0.22595615975
0.225714939373
0.225943830571
0.226166832175
0.225909045544
0.224949181912
0.223407225232
0.221721325011
0.220408898791
0.21979119235
0.219891272692
0.220435035177
0.221027359737
0.221360347323
0.221317407455
0.221110227453
0.221082207349
0.221521329987
0.222510240455
0.223890453834
0.225331656712
0.226512348607
0.227252209295
0.227602372752
0.227785230612
0.228005757237
0.228333065939
0.228633237545
0.228640776699
0.228117286998
0.22696010091
0.225299476125
0.223420533895
0.221613957833
0.220031960582
0.218598615917
0.217152664378
0.215547903991
0.213771491772
0.212040884718
0.21066684467
0.209943689964
0.209914344787
0.210372201978
0.210952350165
0.211332238431
0.211374955818
0.211232604374
0.211286919831
0.211952888747
0.213387648998
0.215383642229
0.21743781252
0.218991804841
0.219699099214
0.219613197546
0.219249386859
0.219277693279
0.220181611805
0.221904173308
0.223899823449
0.225357354588
0.225622882201
0.224434919466
0.222167952302
0.219606583973
0.217593282319
0.216540588215
0.216275270574
0.216193473353
0.215579635363
0.214042420893
0.211717318397
0.209287979046
0.207637771004
0.207346439018
0.208384914595
0.210130851207
0.211706823926
0.212334950148
0.211746319823
0.210335027417
0.209002521901
0.208701521038
0.209873309981
0.212278237005
0.215156275569
0.217618844246
0.219026111038
0.21934748869
0.21914963853
0.219211611413
0.220101066816
0.221816190381
0.223825626946
0.225352064997
0.225775100951
0.224945650298
0.223322118553
0.221668057874
0.220632430359
0.220360454943
0.220463823198
0.220250026561
0.219117280655
0.216878855961
0.213883450215
0.21089214192
0.208631697767
0.207463263728
0.207266982622
0.207575119348
0.207789975799
0.207554887428
0.20684983848
0.206033057851
0.205552522012
0.205728901989
0.206578104454
0.207874121642
0.209284228886
0.210573644447
0.211677812157
0.212722578937
0.213842552911
0.215090549885
0.216376892877
0.217539501143
0.218494244461
0.219305856833
0.220161101641
0.221213236524
0.222464108413
0.223648625864
0.224403345346
0.224416449265
0.22363718224
0.222373649355
0.22116494665
0.220456537747
0.220321457461
0.220448357555
0.220297188469
0.219427072101
0.217707315307
0.215530206706
0.213537466856
0.212324696503
0.21200462829
0.212203585888
0.212246967228
0.211540974087
0.209900558903
0.207776533083
0.206071351816
0.205623428592
0.206707060801
0.208883407449
0.211259858863
0.212942558115
0.213441695138
0.212975522429
0.212383073497
0.212695818008
0.214452609123
0.217452336764
0.220826591154
0.22353357844
0.224904654224
0.224929159358
0.224311030254
0.223962156156
0.224501635916
0.225864524003
0.227385466844
0.228213695233
0.227816107894
0.226352056797
0.224605997211
0.223533112004
0.223653987989
0.224800708592
0.226180918931
0.226853329465
0.226130414089
0.224035488146
0.221271258347
0.2188183161
0.217381648592
0.217066458403
0.217465843159
0.217882290921
0.217746138449
0.216889827632
0.215601186231
0.214373134328
0.213583546794
0.213313105898
0.213413328411
0.213627829928
0.213814440539
0.214007117955
0.214339663358
0.214913562645
0.215662181303
0.216400380912
0.217000844238
0.217526206921
0.218267085077
0.219573643411
0.221569098712
0.223995905136
0.226318296251
0.227923668277
0.228477046724
0.228150873965
0.227586441601
0.227558226387
0.228454761098
0.230051866165
0.231644105843
0.232462469651
0.23212271289
0.230909530554
0.229669910983
0.229244759128
0.229939765329
0.231295732241
0.232356054191
0.23221502775
0.230556451324
0.227908986175
0.225393615485
0.224031878283
0.224143330541
0.225125720369
0.225878428466
0.22533657442
0.223158805386
0.219974377331
0.217058757105
0.215579778237
0.215924045873
0.217523752074
0.219244740427
0.2199507109
0.219202665354
0.217433888345
0.215716210148
0.215099534884
0.216009349609
0.218113039608
0.220543627396
0.222435541745
0.223421933017
0.223802237039
0.2242571934
0.225354234674
0.227189121489
0.229383122695
0.231303506824
0.232547085522
0.233162848517
0.233673756867
0.234640248803
0.236307328276
0.238505447078
0.240759104717
0.242669936931
0.244116202372
0.245332866153
0.246675755034
0.248285255291
0.24993350133
0.251211961302
0.251791277259
0.251766715297
0.251670235546
0.252130549796
0.253380629904
0.25506985453
0.256431475029
0.25673605512
0.255789434744
0.254165268925
0.25292639946
0.252915440899
0.254182979209
0.255872979303
0.256769457822
0.255981950167
0.25350693484
0.250430299425
0.248173906132
0.247631767802
0.248586097629
0.249872588278
0.250130527003
0.248591000451
0.245646102029
0.242730031163
0.241334151831
0.242108927109
0.244462259497
0.246914141623
0.247923322684
0.246764498611
0.244077645895
0.241436102824
0.240372368474
0.241492971401
0.244252502422
0.247319770727
0.249397833004
0.249979983987
0.249575666244
0.249269671745
0.24996882793
0.251772692009
0.254048199296
0.255867730373
0.256662711021
0.256615361286
0.256505590155
0.257152426317
0.258866246758
0.261309655938
0.263786859803
0.265644442808
0.266744645076
0.267461323865
0.268293296893
0.269450415592
0.270786597384
0.271944693841
0.272743286479
0.273423261821
0.274508053284
0.276352840788
0.278804444287
0.281164834383
0.282634345168
0.282756762582
0.281861051116
0.28098903075
0.281154426018
0.282714054927
0.285050097311
0.287013505664
0.287650117165
0.286819790591
0.285383732553
0.284657635925
0.285486633405
0.287613304367
0.289894561808
0.291021187249
0.290394392235
0.288586598458
0.287057724495
0.287139672234
0.289091625616
0.291933235072
0.294038159009
0.294047327621
0.291817508639
0.288505747126
0.28592420406
0.285273129408
0.286568483063
0.288624282373
0.289987102322
0.289722788599
0.288015193853
0.285923586437
0.284627589246
0.28467745511
0.285761485913
0.287097644309
0.288048096917
0.288540957568
0.289030554164
0.290028802633
0.291629146375
0.293364097831
0.294577227128
0.294985237129
0.294888032305
0.295010034665
0.29590186279
0.297552002907
0.299399098648
0.300757506617
0.301354988822
0.301690832235
0.302652507908
0.304818194076
0.307912540884
0.310928130314
0.312739621967
0.312939396636
0.312303006224
0.312438267558
0.31460615771
0.318896349862
0.324026615153
0.32813665395
0.329877788223
0.329335597538
0.328093054562
0.328199783207
0.330794729427
0.335420800265
0.340377779615
0.343801379766
0.344867201977
0.344321204928
0.343962609226
0.345407874525
0.348983870968
0.353656078684
0.357772135574
0.360215616075
0.36103297672
0.361443044033
0.362836360746
0.365825296662
0.369969445657
0.374070842093
0.377100657322
0.378754491964
0.379588620065
0.380400267896
0.381769373495
0.383747723494
0.386037750813
0.388392821772
0.390781262343
0.393319152289
0.395841537371
0.39785158564
0.398865034327
0.398700366768
0.398041723284
0.398053245923
0.399672432389
0.402804410355
0.406345015202
0.408731908752
0.409213221415
0.40824120603
0.407396973599
0.408215971914
0.411220640136
0.415311708473
0.418654383945
0.419839762121
0.419161429044
0.418327681747
0.419223920156
0.422699284407
0.427727253678
0.43207061109
0.433813224615
0.432732847834
0.430485047566
0.429562090664
0.431465517241
0.435853902747
0.440812915145
0.44392212515
0.444239939391
0.442542251632
0.440875814058
0.440982122652
0.443354372484
0.447040599279
0.450592571855
0.453000563486
0.454417111289
0.455631123371
0.457285659362
0.459297289406
0.461098251662
0.462239117472
0.46293797171
0.463924050633
0.465789873034
0.468237097598
0.470344898909
0.471189629939
0.470795807658
0.470326063942
0.471169397744
0.473784117111
0.477083220385
0.479053053163
0.478102674863
0.474576931641
0.470954055714
0.470030838239
0.473054942568
0.478885445363
0.484368258411
0.486539483787
0.484482656036
0.480254282815
0.477293962626
0.477908520396
0.48186927306
0.486743926624
0.489552613415
0.489054789321
0.486509349955
0.484747823861
0.485869494923
0.489822166809
0.494638212738
0.497720816989
0.497806478065
0.495763295674
0.493757386166
0.493687099726
0.495814584673
0.499188405797
0.502448680352
0.505037727474
0.507338011347
0.50989044201
0.512454915202
0.514056162246
0.514016918333
0.512774100949
0.512314480546
0.514502952358
0.519519396375
0.525332218972
0.528777162335
0.52759574652
0.522850422511
0.518667950289
0.519142554693
0.525474740236
0.534815221368
0.542095433747
0.542819299905
0.537173520752
0.53
0.527186039859
0.531381642512
0.540625308216
0.549572873434
0.55284295291
0.549137284321
0.542385101868
0.538328285133
0.54049323619
